0 0 -1.2071333173068388e+00 -2.5928015648323585e-19
0 1 -1.6440846349811344e-01 4.8792181895975751e-20
0 2 -6.5084459555457663e-02 1.7697200730697258e-21
0 3 -3.6710559151299942e-02 -1.6755860407414733e-21
0 4 -2.5497353767529686e-02 2.8346414980506541e-21
0 5 -2.0518921351488334e-02 4.5688293054264439e-22
0 6 -1.6634186567679211e-02 -1.0008940288249119e-21
0 7 -1.3453930598817972e-02 3.5072004656406333e-23
0 8 -1.1091362004328286e-02 1.7754943848892320e-22
0 9 -9.4464455174034928e-03 -5.4396636141366566e-22
0 10 -8.1021813630351072e-03 7.0686045021042443e-23
0 11 -6.5411104890703634e-03 9.0347038634531174e-23
0 12 -5.2420695207118125e-03 6.0554546041038452e-23
0 13 -4.1773553222760841e-03 -8.3124481929623198e-24
0 14 -3.4361457857867319e-03 -1.2293877249209141e-23
0 15 -2.8494095004632661e-03 -2.8626228978407881e-23
0 16 -2.3300501846883893e-03 5.2487788586729019e-23
0 17 -1.8554686218294379e-03 -4.0431468748519103e-23
0 18 -1.5214383998341673e-03 -2.5959323393451107e-23
0 19 -1.2774426222453865e-03 1.2490180229170736e-23
0 20 -1.0793743332545003e-03 4.0242759258098603e-23
0 21 -9.2749237946548933e-04 1.4838343758844787e-23
0 22 -7.6813687217364851e-04 3.3569622771507026e-24
0 23 -6.3069134006913329e-04 -2.4569256445765408e-23
0 24 -4.9371008508373873e-04 1.7341240896288901e-24
0 25 -3.7757018424204152e-04 -5.8953797400201897e-24
0 26 -3.1029990257441949e-04 -1.3292125417201050e-23
0 27 -2.6752290138458759e-04 -1.4469796194740030e-23
0 28 -2.4511920014168949e-04 2.9188775311896493e-24
0 29 -2.3095527341785994e-04 8.7487340997494725e-25
0 30 -2.1117923218527654e-04 -7.2400016731147273e-24
0 31 -1.9308212922376869e-04 3.0580085414893228e-24
0 32 -1.8215116416080113e-04 -6.2350640964751259e-25
0 33 -1.8971210494163216e-04 -1.5782985682482343e-24
0 34 -2.0868953848162243e-04 9.6512623308451247e-24
0 35 -2.2645330605851530e-04 -6.4499017304902799e-25
0 36 -2.4826440417945232e-04 -8.9793954164875513e-24
0 37 -2.6441325680305768e-04 2.7017024864890579e-23
0 38 -2.8078801175253598e-04 5.9314579675433687e-24
0 39 -3.1099374840892475e-04 1.7452016213289358e-24
0 40 -3.5116326808120783e-04 7.0694737163870570e-24
0 41 -4.2434361733535106e-04 1.5021097313798559e-24
0 42 -5.4103568957695363e-04 4.6538670989887692e-23
0 43 -6.8082507188853118e-04 2.2114038595034473e-24
0 44 -8.4469223543144211e-04 2.4230738850369962e-23
0 45 -1.0525020732798454e-03 2.2403163191433900e-23
0 46 -1.2805090493652573e-03 -1.1821474864659237e-23
0 47 -1.3806469739520003e-03 6.6595109739559875e-23
0 48 -1.5006449255719854e-03 1.6508718020553342e-24
0 49 -1.5956882316461769e-03 -1.6302057986245519e-23
0 50 -1.7013039766605642e-03 8.0142338494065478e-23
0 51 -1.9541883577783429e-03 -3.7254933458792216e-23
0 52 -2.2468575253004248e-03 -2.5664702919558050e-23
0 53 -2.7824478980093439e-03 1.6214896050157914e-22
0 54 -3.2963754036133990e-03 5.2475852850389352e-23
0 55 -3.6882304533707683e-03 -2.7908721724810038e-23
0 56 -4.1096072990278489e-03 -1.1877055476291960e-22
0 57 -4.5604272916348870e-03 -4.1841847136490069e-23
0 58 -4.8741887321381711e-03 1.4055230006033560e-22
0 59 -5.0606216688478629e-03 1.0219340183673762e-22
0 60 -5.5606707422276294e-03 1.3965176490687929e-22
0 61 -6.5976689813037016e-03 1.2916852596528853e-22
0 62 -7.9352643728317195e-03 -1.3926587562773070e-22
0 63 -9.9612590311751650e-03 -2.8537518209469441e-22
0 64 -1.2666271067404313e-02 -2.4208459220645107e-22
0 65 -1.6867000868399810e-02 -1.5026188091496362e-21
0 66 -2.1324987632746983e-02 1.0556984378794813e-21
0 67 -2.6923088236669269e-02 -1.4901166224469678e-21
0 68 -3.7560266119715705e-02 -2.4847354920613000e-21
0 69 -5.3013019837870740e-02 8.3572194202266751e-21
0 70 -7.8855585619713231e-02 -3.1198605828222827e-20
0 71 -1.7148812523363355e-01 -1.7617029336703186e-19
1 0 -3.7282942499794175e-01 -7.6183873790052490e-04
1 1 -9.9612617055193003e-02 -6.1197632115490190e-04
1 2 -4.6503852148082933e-02 -7.0489661632183268e-05
1 3 -2.7594270919145653e-02 -9.5629499270125069e-05
1 4 -1.9358571515651065e-02 9.7203930280334534e-06
1 5 -1.5634557339128503e-02 5.2277940585506916e-05
1 6 -1.2676888868134279e-02 -7.9222176459446211e-05
1 7 -1.0312713122770965e-02 -1.7328034256220711e-05
1 8 -8.4613607739519228e-03 -4.4968150485138159e-05
1 9 -7.2234120240832695e-03 -3.8764737944782812e-05
1 10 -6.1908394151088744e-03 -3.7369492352324594e-05
1 11 -4.9889103024415129e-03 -1.0542875073916596e-05
1 12 -3.9984989370567894e-03 1.2063828682194055e-05
1 13 -3.1959186394077198e-03 1.6616385220571931e-05
1 14 -2.6258188222986743e-03 1.2553156272577684e-05
1 15 -2.1667229776932474e-03 5.9931176394466333e-06
1 16 -1.7703070081048350e-03 9.6726699957107566e-06
1 17 -1.4123808465193446e-03 1.7727277849950153e-06
1 18 -1.1619783262862148e-03 7.9539942601162624e-07
1 19 -9.7362425305104775e-04 -9.4479539055952418e-07
1 20 -8.2449122669708255e-04 3.0827188639561855e-06
1 21 -7.0979341738760355e-04 5.9445597540355969e-07
1 22 -5.8604591860235303e-04 -4.9793773664446292e-06
1 23 -4.8000235554855494e-04 -2.0812260470717952e-06
1 24 -3.7514875696265218e-04 -3.1640303082436185e-06
1 25 -2.8683594610175107e-04 1.1221941749610817e-07
1 26 -2.3598999959986873e-04 8.0766188809572175e-07
1 27 -2.0367102717578481e-04 1.8897990551897915e-06
1 28 -1.8629538493208561e-04 1.0037966654180001e-06
1 29 -1.7631923041164894e-04 -2.3891268060050204e-07
1 30 -1.6122386115306183e-04 3.4611507098986133e-07
1 31 -1.4759380715482552e-04 3.3228394564297119e-07
1 32 -1.3940430321293627e-04 4.5523380731195051e-07
1 33 -1.4470179268719164e-04 -4.2892013292514120e-07
1 34 -1.5944165925839957e-04 3.2721894477449624e-07
1 35 -1.7322241126555758e-04 1.5705127278750760e-06
1 36 -1.8965922448239113e-04 -8.8783765402746330e-08
1 37 -2.0239102718578548e-04 -1.2481117851121792e-06
1 38 -2.1514570233277505e-04 -1.3995508613143922e-06
1 39 -2.3807865856195643e-04 -8.3685102214862663e-07
1 40 -2.6824987319383167e-04 -1.8691151057318833e-06
1 41 -3.2354914645473415e-04 -4.8738365843235018e-07
1 42 -4.1336272282913326e-04 1.5284709123336204e-06
1 43 -5.2240072603693415e-04 1.9114998028471716e-06
1 44 -6.4703181382584477e-04 -2.3734189323979896e-07
1 45 -8.0569700815988647e-04 -1.1106348929525372e-06
1 46 -9.7491204501234962e-04 2.1251789663387090e-07
1 47 -1.0561868902842970e-03 7.8606625649541709e-06
1 48 -1.1479191481017874e-03 7.2642790492576850e-06
1 49 -1.2207494302396424e-03 3.6649728336946611e-06
1 50 -1.3041437071409346e-03 -1.2357583130335677e-06
1 51 -1.5022863243911661e-03 -4.4637993241625711e-06
1 52 -1.7195023941344388e-03 2.3448683985117186e-06
1 53 -2.1266181707188456e-03 -2.7528373574289875e-06
1 54 -2.5140718405890824e-03 1.0003863022615215e-05
1 55 -2.8176172349843255e-03 2.6830310837159435e-07
1 56 -3.1439660084852362e-03 4.7510089959561626e-06
1 57 -3.4802997291854387e-03 -3.8766479126034343e-06
1 58 -3.7219381800072059e-03 -1.2567232088246750e-06
1 59 -3.8578940537492249e-03 -3.0980587869302444e-06
1 60 -4.2425248309889991e-03 7.2097254061581341e-06
1 61 -5.0511211998043488e-03 3.1614142608937618e-05
1 62 -6.0780654188143527e-03 6.7954813469086422e-06
1 63 -7.6260934641496107e-03 1.8774428218176074e-05
1 64 -9.6789905809495213e-03 4.6672116948306755e-05
1 65 -1.2887086683245381e-02 1.4381202273163093e-05
1 66 -1.6181039183538290e-02 1.5319610421050760e-05
1 67 -2.0404052669649963e-02 -2.1748261538586782e-04
1 68 -2.8407591545723393e-02 2.1924645107768100e-05
1 69 -3.9656575363109826e-02 2.4952921787888308e-04
1 70 -5.7357906020641468e-02 -7.7378248802671232e-05
1 71 -1.0599827136160542e-01 -5.2719858581215604e-04
2 0 -1.1798990067015780e-01 -1.8719640820759882e-03
2 1 -5.0618165145575482e-02 -8.8452444536711442e-04
2 2 -2.6600876784524264e-02 1.6937448103676158e-04
2 3 -1.6675385537169123e-02 -3.5388877978265090e-05
2 4 -1.1857690204372464e-02 5.1021339371637690e-05
2 5 -9.6354765644137298e-03 7.3058943091150263e-05
2 6 -7.8060211316346327e-03 -1.2590464252284274e-04
2 7 -6.4165463213141137e-03 -2.9440962776499305e-05
2 8 -5.2280034535454262e-03 -6.4168026237932223e-05
2 9 -4.4769232816832833e-03 -5.7502960450997243e-05
2 10 -3.8404984801630286e-03 -5.2583959043207237e-05
2 11 -3.0813579173226964e-03 -1.5312748829200974e-05
2 12 -2.4770095194870541e-03 1.2733267055637090e-05
2 13 -1.9897647755218514e-03 2.6910199533612257e-05
2 14 -1.6282423085760851e-03 1.8298294096673162e-05
2 15 -1.3379347911598794e-03 6.4756404146764326e-06
2 16 -1.0846573490421404e-03 1.2423456458248303e-05
2 17 -8.6736568801572961e-04 3.8826799406225224e-06
2 18 -7.1701761762126481e-04 -2.4966913641967642e-07
2 19 -5.9660554093862836e-04 -1.9332383699410825e-06
2 20 -5.0942529368340483e-04 3.3067349678763788e-06
2 21 -4.4007628866462743e-04 1.5064078235455419e-06
2 22 -3.6120306976785278e-04 -5.6793748753911096e-06
2 23 -2.9490949092736716e-04 -2.9362671184341019e-06
2 24 -2.2987922148413279e-04 -4.2219958546126182e-06
2 25 -1.7533402051523369e-04 6.3430434539646044e-07
2 26 -1.4480408260156643e-04 1.1171692925122570e-06
2 27 -1.2573638598893853e-04 2.7462362322778999e-06
2 28 -1.1460666069683435e-04 1.6324443306047439e-06
2 29 -1.0896629838176805e-04 -2.0158335848784054e-07
2 30 -9.9764759318196700e-05 3.9293033587567082e-07
2 31 -9.1811583928294287e-05 2.3200801101317320e-07
2 32 -8.6814169001309515e-05 6.4232473296505429e-07
2 33 -8.9439019429879237e-05 -4.6267440638277768e-07
2 34 -9.8622482008707150e-05 4.7986704036105714e-07
2 35 -1.0783770147840462e-04 1.7197539210065728e-06
2 36 -1.1745886058901932e-04 -3.2553470427983903e-07
2 37 -1.2529755746708935e-04 -1.6885899411491676e-06
2 38 -1.3425924084259889e-04 -2.0001765773150556e-06
2 39 -1.4773409087868563e-04 -6.7454153602577761e-07
2 40 -1.6592367819400283e-04 -1.9148485670239236e-06
2 41 -1.9924375381443128e-04 -4.8786986314656536e-07
2 42 -2.5592340157175173e-04 1.9052594068338164e-06
2 43 -3.2600242572491435e-04 2.4122919532851364e-06
2 44 -4.0335203895528973e-04 8.7075481969972889e-09
2 45 -5.0150380764363669e-04 -9.2654614984307259e-07
2 46 -6.0451789982884203e-04 1.8732709539794279e-06
2 47 -6.5768938139583509e-04 9.4646001026811226e-06
2 48 -7.0955107222568019e-04 6.5370813554814703e-06
2 49 -7.5664211419891267e-04 6.4811383523524740e-06
2 50 -8.1322757494998164e-04 -4.5238312756974003e-07
2 51 -9.4094944897329643e-04 -5.9523031233273217e-06
2 52 -1.0723263211518540e-03 5.9872022510074825e-06
2 53 -1.3161327751320567e-03 -4.6988122347176215e-06
2 54 -1.5515075604304880e-03 1.7331695328787414e-05
2 55 -1.7343616846290991e-03 6.4201797954878025e-06
2 56 -1.9523135077152110e-03 1.6291584433803243e-05
2 57 -2.1383189571568396e-03 -5.8794377670546271e-06
2 58 -2.2945411048717222e-03 -2.7269671113547602e-07
2 59 -2.3788039861525013e-03 -7.0578928612333644e-06
2 60 -2.6286913826933508e-03 1.0177046171993352e-05
2 61 -3.1567944805257942e-03 3.1303265157940169e-05
2 62 -3.7969353331893619e-03 9.8575996175004127e-06
2 63 -4.7700114828965788e-03 1.7459847192527838e-05
2 64 -6.0025279733657774e-03 3.2970654515944723e-05
2 65 -7.9918532339091092e-03 1.1300655474767366e-05
2 66 -9.8518521895603131e-03 3.1357329078984668e-05
2 67 -1.2426021949264827e-02 -2.5727572282528504e-04
2 68 -1.7167795892279451e-02 1.0682867745677613e-04
2 69 -2.3691719799157365e-02 1.4532264844510873e-04
2 70 -3.3349264756558868e-02 -3.2563080815626162e-04
2 71 -5.2996659174190053e-02 -7.7464142644769818e-04
3 0 -4.0267412657851644e-02 -2.4604781201544622e-03
3 1 -2.4612032033378906e-02 -8.7620608834907039e-04
3 2 -1.4011921588575716e-02 2.1370603240403633e-04
3 3 -9.3401522690869394e-03 -1.6972710337841488e-05
3 4 -6.7115659049623785e-03 8.4332539374772661e-05
3 5 -5.4544482354190920e-03 7.3359085538955937e-05
3 6 -4.4600092567606145e-03 -1.3176265620219000e-04
3 7 -3.6802557014596568e-03 -3.9699958069728729e-05
3 8 -2.9703717654857922e-03 -4.6776764033369897e-05
3 9 -2.5643893145558937e-03 -4.2092972492172460e-05
3 10 -2.2130204258739268e-03 -2.8553688122658869e-05
3 11 -1.7695982849573744e-03 -1.2924942791042066e-05
3 12 -1.4251004021869291e-03 -1.1567565148034708e-06
3 13 -1.1480489078574407e-03 2.9802695748482532e-05
3 14 -9.3086011416894756e-04 1.8099228348195273e-05
3 15 -7.6772443425754465e-04 9.1293705988254434e-06
3 16 -6.1112053617719232e-04 1.0289820228629569e-05
3 17 -4.9114160088648592e-04 4.4536512014990910e-06
3 18 -4.0715549646845871e-04 -1.3596318403442445e-06
3 19 -3.3498227248611294e-04 -4.2833230786575426e-06
3 20 -2.8979469931578791e-04 2.9032454258438692e-06
3 21 -2.5140114667806938e-04 1.9761448678034847e-06
3 22 -2.0423378759279497e-04 -4.4293655415700521e-06
3 23 -1.6645971558946037e-04 -3.3123382765191075e-06
3 24 -1.2929109669216113e-04 -3.6179910860333417e-06
3 25 -9.8385482454854280e-05 8.4652801491528955e-07
3 26 -8.1844762907871260e-05 1.1266438824250313e-06
3 27 -7.1319070472187899e-05 2.9967211791797576e-06
3 28 -6.5433714290308171e-05 1.5576702255927924e-06
3 29 -6.2262031898402046e-05 -1.8088425092760206e-07
3 30 -5.6927305733890067e-05 4.7075322056581159e-07
3 31 -5.3010765713921023e-05 -8.8066386308726317e-08
3 32 -4.9863516773242606e-05 5.3350847080903979e-07
3 33 -5.0699234764406852e-05 -3.2512788695400893e-07
3 34 -5.6173824561010582e-05 3.8164493823301430e-07
3 35 -6.2116442517973057e-05 1.4893539839033174e-06
3 36 -6.7409609725606787e-05 -6.1573968223514825e-07
3 37 -7.1191597175793722e-05 -1.3964908213857811e-06
3 38 -7.7541783386543415e-05 -2.0292867915619782e-06
3 39 -8.4886550329382678e-05 -3.2282673079550195e-08
3 40 -9.4494485359945669e-05 -1.2980084373889077e-06
3 41 -1.1328230795815638e-04 -1.0433035429687755e-06
3 42 -1.4620783919986027e-04 1.8099933400440214e-06
3 43 -1.8720717318173092e-04 1.3293305294984219e-06
3 44 -2.3382132521066140e-04 2.4806889216063390e-07
3 45 -2.8813348865929878e-04 -4.3529714201914437e-07
3 46 -3.4703387304544546e-04 2.8711274375072188e-06
3 47 -3.7758785865145335e-04 7.7791731691163903e-06
3 48 -4.0159076565584467e-04 1.8792310587869935e-06
3 49 -4.3190849984849603e-04 6.3273905306727364e-06
3 50 -4.6912589562707324e-04 4.6907665969518320e-07
3 51 -5.4794574044255773e-04 -4.1158933515373543e-06
3 52 -6.2090078076418418e-04 7.2012166983740370e-06
3 53 -7.4981455534581362e-04 -4.9080798726607385e-06
3 54 -8.7880688163848237e-04 2.0345240036473614e-05
3 55 -9.7505117146447521e-04 9.0953720765504038e-06
3 56 -1.1296759173945140e-03 2.2001751703155510e-05
3 57 -1.2026413429994636e-03 -7.6769465849353189e-06
3 58 -1.3020265846563238e-03 -2.6748830545130539e-06
3 59 -1.3546264059523232e-03 -1.5783737868741897e-05
3 60 -1.5061560636472778e-03 2.1473435702008989e-06
3 61 -1.8334151132156787e-03 2.0783429689894032e-05
3 62 -2.1969370338894858e-03 1.4796244294707851e-05
3 63 -2.7767944416048533e-03 9.1256426415142205e-06
3 64 -3.4406542449211294e-03 -2.3253693758587174e-05
3 65 -4.5505058101528969e-03 1.2228890696047981e-05
3 66 -5.4897946925874389e-03 5.1881687835184806e-05
3 67 -6.9389911023820840e-03 -1.8779535687380502e-04
3 68 -9.4686287564974877e-03 1.0808049107488161e-04
3 69 -1.2963996445410235e-02 2.0343661010838185e-04
3 70 -1.8024287372191295e-02 -3.6786213600739572e-04
3 71 -2.5251357233106380e-02 -1.0790723603489657e-03
4 0 -1.5336130906399008e-02 -1.1389360083705639e-03
4 1 -1.1345272476407318e-02 -6.8322306718126462e-04
4 2 -6.8662513303687162e-03 1.2680444959129377e-04
4 3 -4.9705606382693668e-03 -5.9384290851783663e-05
4 4 -3.6549147373881215e-03 6.9638955238592124e-05
4 5 -2.9629044282145404e-03 8.2993524880452208e-05
4 6 -2.4635432310174290e-03 -9.8661894584450594e-05
4 7 -2.0170657659475412e-03 -5.3851515514578531e-05
4 8 -1.6165139455913365e-03 -8.8193330564450955e-06
4 9 -1.4097668360025396e-03 -1.1404621726491819e-05
4 10 -1.2344172728865695e-03 -6.1452457286155184e-06
4 11 -9.8059726490465847e-04 -1.1992989872306962e-05
4 12 -7.8812386385081418e-04 -2.0169424229794918e-05
4 13 -6.3803774063099516e-04 2.6130305449096523e-05
4 14 -5.1218836966348180e-04 1.6324348570162990e-05
4 15 -4.2549207666217213e-04 9.2180377309013336e-06
4 16 -3.2968889625325327e-04 8.0800179864677269e-06
4 17 -2.6866501669138142e-04 4.5907468217088533e-06
4 18 -2.1951886835730821e-04 -1.5149610148159353e-06
4 19 -1.8041327588885227e-04 -5.0807755826289561e-06
4 20 -1.5695676548958457e-04 2.5790662760089269e-06
4 21 -1.3863969302571849e-04 1.2243900566264162e-06
4 22 -1.1041528169965478e-04 -3.2729309183873547e-06
4 23 -8.9281308165276799e-05 -2.7485617843090757e-06
4 24 -6.9454563681588605e-05 -2.8425162485594805e-06
4 25 -5.2579245065832610e-05 7.4726169673108017e-07
4 26 -4.4105584289822375e-05 9.6387661876234901e-07
4 27 -3.8835487911649515e-05 2.9862632527140113e-06
4 28 -3.6489273632954459e-05 1.3235742318268417e-06
4 29 -3.3957895298470167e-05 -4.8426650467245470e-07
4 30 -3.1192490462777653e-05 5.1056786155996503e-07
4 31 -2.9294224521987876e-05 -3.6804948951596939e-07
4 32 -2.7244962800869432e-05 1.7083337598230166e-07
4 33 -2.7141401619550432e-05 -3.5778868738221719e-07
4 34 -3.0524542370787857e-05 5.2646463942339705e-07
4 35 -3.4928809251934766e-05 1.3419878758434477e-06
4 36 -3.7156473406952597e-05 -8.5534191404424084e-07
4 37 -3.8416712680240248e-05 -7.2944786093710847e-07
4 38 -4.3217214223215857e-05 -1.8436895210281766e-06
4 39 -4.6823802882302548e-05 4.0169451457634791e-07
4 40 -5.1149097035224624e-05 -5.4076716575115388e-07
4 41 -6.1962603601234710e-05 -1.0542307972829001e-06
4 42 -7.9687299374191722e-05 2.2293198774352140e-06
4 43 -1.0218390503555536e-04 2.7981206342463771e-07
4 44 -1.3017112535948277e-04 7.4195235843814624e-07
4 45 -1.5696586997318622e-04 1.0146438586856999e-06
4 46 -1.9236207564317235e-04 2.6056592315685572e-06
4 47 -2.0569157352372304e-04 5.9112077372330550e-06
4 48 -2.1728018134443825e-04 -3.0791789260390343e-06
4 49 -2.3312831195815056e-04 6.3271901926509009e-06
4 50 -2.6009633373488415e-04 6.9055882659341142e-07
4 51 -3.0723107111262744e-04 -1.0840957647683476e-06
4 52 -3.4701506575418530e-04 5.8794256102178835e-06
4 53 -4.1395517790279973e-04 -7.4118005956052411e-06
4 54 -4.6911180477074107e-04 2.2753808441675658e-05
4 55 -5.2373781949878375e-04 9.3035347310194316e-06
4 56 -6.3708203205251317e-04 2.0147751566065901e-05
4 57 -6.4111031685437614e-04 -9.2868475420467567e-06
4 58 -7.0878485083609500e-04 -5.5632095633547505e-06
4 59 -7.3742953803789771e-04 -2.5511091092425964e-05
4 60 -8.2693636481044044e-04 -8.5175314182427355e-06
4 61 -1.0266479873523337e-03 1.9230107924927842e-05
4 62 -1.2275302767648197e-03 2.6389610098009494e-05
4 63 -1.5630291919689688e-03 -1.0831447121257357e-05
4 64 -1.8991182347198505e-03 -5.5852299351558156e-05
4 65 -2.4670724936735572e-03 3.4551127792155061e-05
4 66 -2.9031785501941725e-03 4.1994522114825398e-05
4 67 -3.7370763098226868e-03 -1.1035618601885516e-04
4 68 -5.0186745500392822e-03 8.3900474464697640e-05
4 69 -6.7254230544285063e-03 2.3451321370755084e-04
4 70 -9.4120567073391129e-03 -2.1823092523633679e-04
4 71 -1.2389669275559959e-02 -8.5524969510044160e-04
5 0 -6.0868198363072572e-03 -2.6276556171216494e-04
5 1 -5.2751420974499839e-03 -4.5130113633440360e-04
5 2 -3.1843308796205955e-03 1.3066566778923309e-04
5 3 -2.4767388950577575e-03 -5.0471661526443526e-05
5 4 -1.9400866781486557e-03 4.4092095510709615e-05
5 5 -1.5672677660907353e-03 8.7293636747087693e-05
5 6 -1.3484423620192369e-03 -4.9067002016894799e-05
5 7 -1.0538480667732760e-03 -5.7443834918545750e-05
5 8 -8.6609720903962580e-04 1.3516363951229281e-05
5 9 -7.5844714727116194e-04 7.3875428842953232e-06
5 10 -6.7754442547824354e-04 -1.3399475558146891e-05
5 11 -5.2594122794473984e-04 -6.1211166383448349e-06
5 12 -4.2188741501196037e-04 -2.8049342451823208e-05
5 13 -3.4562570636914933e-04 2.1875120207820003e-05
5 14 -2.7465675617597787e-04 1.3990602554482912e-05
5 15 -2.2980128138717551e-04 7.7550106328212542e-06
5 16 -1.7085514264757735e-04 5.1730514625860367e-06
5 17 -1.4574738577917599e-04 4.4455134536696562e-06
5 18 -1.1378426675837846e-04 -1.5930173740053534e-06
5 19 -9.4907708738760298e-05 -4.9624225748458954e-06
5 20 -8.0607408267232883e-05 2.7886613900021824e-06
5 21 -7.6067798613498589e-05 9.4756703616374947e-07
5 22 -5.8321790857456406e-05 -2.4588231077279678e-06
5 23 -4.6188949450410740e-05 -5.4638880746311105e-07
5 24 -3.6322646091521926e-05 -1.9758288916802078e-06
5 25 -2.7187176890152627e-05 8.9729315610998365e-07
5 26 -2.2982448346195718e-05 7.8953937613979064e-07
5 27 -2.0583072818057308e-05 2.7939250760968700e-06
5 28 -2.0333440340504321e-05 9.7482143163438013e-07
5 29 -1.7928723179926833e-05 -5.7311521869972069e-07
5 30 -1.6902267581559746e-05 4.3143574180222396e-07
5 31 -1.5917562165533549e-05 -4.2078548422264142e-07
5 32 -1.4545205189711290e-05 -1.6425896838601777e-07
5 33 -1.3956037291360844e-05 -4.6917716924066120e-07
5 34 -1.5869492875750155e-05 5.5623311523903780e-07
5 35 -1.9571118644770040e-05 1.1318768981712188e-06
5 36 -2.0028113906424530e-05 -8.4336240526129266e-07
5 37 -1.9838369864967249e-05 -3.5412003270652146e-07
5 38 -2.3643297902164715e-05 -1.2058313165088155e-06
5 39 -2.4808099366638243e-05 1.0168883546262659e-06
5 40 -2.6374387305926773e-05 -5.9303011545276294e-08
5 41 -3.2703810395999027e-05 -6.7703480700515493e-07
5 42 -4.2048647221349148e-05 2.3505180675415143e-06
5 43 -5.3591138404440505e-05 7.0258208120955591e-07
5 44 -7.1364853879528489e-05 6.0824880514435799e-07
5 45 -8.3138569682654920e-05 2.0553029309344208e-06
5 46 -1.0232548431461105e-04 2.3670425422751077e-06
5 47 -1.0320864146924626e-04 5.4030796865885399e-06
5 48 -1.1284801477323889e-04 -4.5248210845744180e-06
5 49 -1.2067011485148985e-04 5.3860904835858532e-06
5 50 -1.3974931228666912e-04 9.9788701813158205e-07
5 51 -1.6590871715537058e-04 5.0272032875835581e-07
5 52 -1.8908172538471542e-04 4.9320309969957818e-06
5 53 -2.2497980387336440e-04 -7.9793323971968332e-06
5 54 -2.4086588581460891e-04 2.3002908055181782e-05
5 55 -2.7418453301744677e-04 1.0378205615345181e-05
5 56 -3.5695171310481033e-04 1.6760332856878933e-05
5 57 -3.3185485459234646e-04 -3.0403492818243692e-06
5 58 -3.7713236494039373e-04 -6.4467202787582077e-06
5 59 -3.8766826740031909e-04 -2.8391011385854316e-05
5 60 -4.4021174014666393e-04 -1.3975851402966515e-05
5 61 -5.5878848386988085e-04 1.4461486862120595e-05
5 62 -6.6822951103711530e-04 3.2043168480504760e-05
5 63 -8.5039093684500004e-04 -2.1317090473760373e-05
5 64 -1.0271712472946803e-03 -5.8938478798465228e-05
5 65 -1.2934922444466062e-03 3.9373182884968390e-05
5 66 -1.4756734181061483e-03 9.7072705355128494e-06
5 67 -1.9765684818437938e-03 -3.3912573041864106e-05
5 68 -2.6246629474483787e-03 8.9356794931110849e-05
5 69 -3.3739867587123506e-03 1.6246200553515102e-04
5 70 -4.6291557528789782e-03 -1.1545907604373475e-04
5 71 -5.9797288678018548e-03 -3.9027860541835388e-04
6 0 -2.6432881984348468e-03 -5.6957264723321535e-05
6 1 -2.5318447005950287e-03 -3.3573754531884500e-04
6 2 -1.4205538456563283e-03 1.5437688138335477e-04
6 3 -1.1856333786556476e-03 -9.6083648217034985e-06
6 4 -1.0351114769727538e-03 1.5015386699753073e-05
6 5 -8.1271911531944068e-04 8.8468131796645355e-05
6 6 -7.4979134014702706e-04 -1.1463445902159438e-05
6 7 -5.3650248857829870e-04 -5.9566166701741087e-05
6 8 -4.5711373681150833e-04 1.4709492605256751e-05
6 9 -4.0095212283222106e-04 1.7674677027388931e-05
6 10 -3.6313502171742901e-04 -3.0720609734700891e-05
6 11 -2.7500787165135663e-04 3.2831040104977186e-06
6 12 -2.1566817634053868e-04 -2.2846583070653006e-05
6 13 -1.8080826529204432e-04 1.5731633447313296e-05
6 14 -1.4317647897795646e-04 1.0475134797565969e-05
6 15 -1.2373665915568234e-04 2.5625024911057223e-06
6 16 -8.4484853063077818e-05 1.5372732588876603e-06
6 17 -8.0030218009128956e-05 4.9827462203832647e-06
6 18 -5.8847209327033769e-05 -2.5090182777941283e-06
6 19 -4.7831651789321364e-05 -4.5387676399381166e-06
6 20 -3.9698709319229822e-05 3.8306073424123813e-06
6 21 -4.1682150394752619e-05 9.0756316910930951e-07
6 22 -3.0676742314049722e-05 -2.5352124801824012e-06
6 23 -2.3221168705146580e-05 1.8324125755054824e-06
6 24 -1.8562476405766497e-05 -1.1711735484323149e-06
6 25 -1.3275600204126238e-05 9.3224353570814739e-07
6 26 -1.1503588647882508e-05 6.8406686708255239e-07
6 27 -1.0241397719479096e-05 2.4387215434518662e-06
6 28 -1.1469551503608513e-05 4.7816007769305004e-07
6 29 -8.9951915790124174e-06 -5.3460414003489481e-07
6 30 -9.2053669938364052e-06 2.5650892311080395e-07
6 31 -8.6374606893229600e-06 -3.2977459479391912e-07
6 32 -7.6763499521603870e-06 -2.9505079166304251e-07
6 33 -6.9476064578457965e-06 -5.6147836242419813e-07
6 34 -7.8162108755878684e-06 2.5734403498858673e-07
6 35 -1.0899953523885633e-05 7.9196358732343227e-07
6 36 -1.0789814835350787e-05 -6.1125730846428873e-07
6 37 -9.8312928654522174e-06 -2.0207071961690346e-07
6 38 -1.2546327904530578e-05 -4.7024617023157907e-07
6 39 -1.2521543636297196e-05 1.6806798811794994e-06
6 40 -1.3076659840073465e-05 2.6384919196254850e-07
6 41 -1.6674522287113718e-05 -1.4818851457545747e-07
6 42 -2.1393426182206130e-05 1.7880906330987288e-06
6 43 -2.7860855272355373e-05 2.0123068059059502e-06
6 44 -3.9257078954713129e-05 1.5566133652381788e-06
6 45 -4.4152280305542137e-05 2.7385856711513243e-06
6 46 -5.2148375537095760e-05 2.0875362321480830e-06
6 47 -4.6952678644186881e-05 4.2862063044371475e-06
6 48 -5.6428955220109861e-05 -3.5499883687993192e-06
6 49 -5.8979427167922425e-05 4.2311214154979498e-06
6 50 -7.3297921855658527e-05 4.0485765975108760e-08
6 51 -8.4796173747659902e-05 3.1416494475465688e-06
6 52 -9.9632711332183353e-05 5.3207128555788906e-06
6 53 -1.1944466834983295e-04 -4.0281025809677784e-06
6 54 -1.2096951978892046e-04 1.8698321562982367e-05
6 55 -1.4069401197819862e-04 1.0911707922068215e-05
6 56 -1.9735475398421510e-04 1.5092517603913073e-05
6 57 -1.6822830759005093e-04 2.1141925687624276e-06
6 58 -1.9774861316391930e-04 -3.2875966534818043e-06
6 59 -1.9949960304327594e-04 -2.6107258103266003e-05
6 60 -2.2588805857570900e-04 -1.6279652975431556e-05
6 61 -2.9521292816050065e-04 5.8901289090516608e-06
6 62 -3.5661004564642727e-04 4.0882818394794857e-05
6 63 -4.5312476774215615e-04 -2.2930370397803011e-05
6 64 -5.4369367809911672e-04 -5.1642411665806347e-05
6 65 -6.5858721777080494e-04 1.6134202508781650e-05
6 66 -7.2458351227846574e-04 2.9864661934910337e-06
6 67 -1.0335199326728035e-03 2.4702425207804905e-05
6 68 -1.3533798385955407e-03 1.2364324896730090e-04
6 69 -1.6832293006704146e-03 5.2933999758887177e-05
6 70 -2.1348101650941445e-03 -1.7104410260485205e-04
6 71 -2.8814344691157827e-03 8.3627224028493054e-05
7 0 -9.8970816155186255e-04 -3.7894530959509354e-04
7 1 -1.1865016251721833e-03 -2.6329032438166184e-04
7 2 -6.4406502549023978e-04 1.7503801568861580e-04
7 3 -5.5256138765388590e-04 3.8546087208123752e-05
7 4 -5.5774648705345694e-04 -5.0581545530615843e-06
7 5 -4.2800306506960844e-04 8.7265247035848441e-05
7 6 -4.1267236778568509e-04 -2.2265086828729294e-06
7 7 -2.6232776478210150e-04 -6.0058652051599001e-05
7 8 -2.4050487363856603e-04 1.5788742993485891e-05
7 9 -2.1067699079783665e-04 2.4011267613501327e-05
7 10 -1.8448105918939938e-04 -4.4118658309518639e-05
7 11 -1.4003596251232266e-04 4.5554517551050527e-06
7 12 -1.0974765861763911e-04 -1.0758841480790305e-05
7 13 -8.8231506257863596e-05 6.7915490605493040e-06
7 14 -6.9905633828193139e-05 4.5928713788493680e-06
7 15 -6.8155533110185487e-05 -4.6363501382896721e-06
7 16 -3.9503464440739032e-05 -1.3958197509666995e-06
7 17 -4.4699050216432887e-05 5.8924441857091404e-06
7 18 -3.2152426706296145e-05 -3.1904366741029245e-06
7 19 -2.3377579053993015e-05 -4.3458164339423358e-06
7 20 -1.9738312170559049e-05 4.4396743705439231e-06
7 21 -2.2442133557705205e-05 5.4174975289424560e-07
7 22 -1.6619640811087507e-05 -2.4683516611289089e-06
7 23 -1.1358189902037272e-05 3.0842124071858232e-06
7 24 -9.1859624925420652e-06 -9.4006136365447635e-07
7 25 -5.9274472844999004e-06 4.1045327291887371e-07
7 26 -5.6462190199629154e-06 2.9650566070607621e-07
7 27 -5.0960099762245025e-06 1.9491479726704690e-06
7 28 -6.4579084294648157e-06 2.6230208277917454e-07
7 29 -4.1229629914907542e-06 -4.7254695753634974e-07
7 30 -5.1929995428155863e-06 7.1962275447688264e-08
7 31 -4.8760404931886129e-06 -1.0832742310760707e-07
7 32 -4.0433292523047130e-06 -2.7622038453839975e-07
7 33 -3.4701829225709581e-06 -4.8749039463136680e-07
7 34 -3.6450272519426487e-06 -8.8178969949546451e-08
7 35 -5.9110798781679845e-06 3.9019124468437148e-07
7 36 -5.9683661988621913e-06 -8.5977430628607953e-08
7 37 -4.9351680191023461e-06 -1.9303791830210031e-07
7 38 -6.3597903137286258e-06 -5.5947462629629560e-08
7 39 -6.1239740097721859e-06 1.8731171486694163e-06
7 40 -6.2592538898668470e-06 -1.3025159321484268e-08
7 41 -8.4687899554559487e-06 6.1938283163361742e-07
7 42 -1.0279309239695756e-05 1.2965404907175323e-06
7 43 -1.4314475883522737e-05 2.8000730867414271e-06
7 44 -2.1561811625153471e-05 1.8675266712477002e-06
7 45 -2.3231791308731999e-05 4.4015254192823391e-06
7 46 -2.4666013926818934e-05 2.6739548785194109e-06
7 47 -1.8125911705728819e-05 2.9006454413556566e-06
7 48 -2.7141895655815539e-05 -1.9006165031983648e-06
7 49 -2.6314748410686190e-05 3.5324790200381738e-06
7 50 -3.6384078263555842e-05 -2.7032266190532529e-06
7 51 -3.9175611204296759e-05 4.5453879644550283e-06
7 52 -5.2160028140286862e-05 2.6964819592744766e-06
7 53 -6.1497064182823564e-05 -1.0161816487055679e-06
7 54 -6.0879080338530558e-05 1.2723191844190123e-05
7 55 -6.8207016137630978e-05 8.8565296556115293e-06
7 56 -1.0851610586542139e-04 1.3742638661913073e-05
7 57 -8.7131601586332348e-05 6.8760403229980422e-06
7 58 -1.0281808160097857e-04 9.2447167376677059e-07
7 59 -1.0057289428513196e-04 -2.2364761767051905e-05
7 60 -1.0924962289261375e-04 -1.5988297822510794e-05
7 61 -1.5283260803315601e-04 3.5534844274585132e-06
7 62 -1.8993919321401458e-04 4.3955025909577959e-05
7 63 -2.3723685046164308e-04 -2.3741810152654522e-05
7 64 -2.8189658336771417e-04 -5.1473541371359756e-05
7 65 -3.4337381229719501e-04 -2.1343614798769198e-05
7 66 -3.4846235291594165e-04 1.3768181082753960e-05
7 67 -5.2544273604179564e-04 4.4527030039220110e-05
7 68 -6.8732671294455413e-04 1.4181486039576639e-04
7 69 -8.4871475748354375e-04 -5.7372994618539194e-05
7 70 -8.9425332326634481e-04 -1.6904769329848080e-04
7 71 -1.4574294497718141e-03 2.4904003493188964e-04
8 0 -2.8276045355657122e-04 -5.4980891784336592e-04
8 1 -5.2313870815549185e-04 -1.4115750802248513e-04
8 2 -3.3742990756713184e-04 1.4875910124896851e-04
8 3 -2.3931694990360082e-04 8.5706087936347300e-05
8 4 -3.1766618526896188e-04 8.0265026015067493e-07
8 5 -2.4200438471748390e-04 4.2487152581187663e-05
8 6 -2.2477932812804222e-04 -7.0925364900828689e-06
8 7 -1.1993825352854423e-04 -5.9201431587480873e-05
8 8 -1.2692960435711987e-04 1.0830880532375031e-05
8 9 -1.0278837741605597e-04 2.7004225058851818e-05
8 10 -8.0763507195199521e-05 -4.9338761976375884e-05
8 11 -6.9802081867571824e-05 1.1246298884242140e-06
8 12 -5.4037207380416805e-05 2.3910171750497600e-06
8 13 -3.6146871392849183e-05 -3.3272454048269524e-06
8 14 -2.9263378484486435e-05 -1.9760255191192505e-06
8 15 -3.7530441089820439e-05 -8.4470185052867286e-06
8 16 -1.9707230493626972e-05 -4.0617864973409514e-06
8 17 -2.5095942941823052e-05 7.2406045389277644e-06
8 18 -1.6907308040172318e-05 -4.6516630049397991e-06
8 19 -1.0377423697920952e-05 -3.7890867377046009e-06
8 20 -1.0672071528985831e-05 2.6262785122527908e-06
8 21 -1.2604393680864089e-05 6.2965468921524213e-08
8 22 -9.1544226319486612e-06 -2.6277154624194624e-06
8 23 -5.9004980458222268e-06 3.4580923516880638e-06
8 24 -4.1377107422309397e-06 -8.3520299282596715e-07
8 25 -2.7569960570762969e-06 -3.3629089076029042e-07
8 26 -2.6660437757196206e-06 -1.3384514227134809e-07
8 27 -2.6519465186557995e-06 1.2912207417430772e-06
8 28 -3.4820477388769828e-06 2.4265091956526031e-07
8 29 -1.7420492658526501e-06 -4.1120365960370327e-07
8 30 -2.9709462570752252e-06 -6.2701975184317655e-08
8 31 -2.8691183615060977e-06 1.3077595730643122e-07
8 32 -1.9895661744954172e-06 -1.7041178982111737e-07
8 33 -1.7630690390253650e-06 -3.2104605869926051e-07
8 34 -1.6455521645587733e-06 -2.4457156489808112e-07
8 35 -3.2059891445533174e-06 3.2601382720196744e-07
8 36 -3.2750725164294322e-06 2.7006241145956136e-07
8 37 -2.8147795750272159e-06 -1.0524050049551574e-07
8 38 -3.0629919243599421e-06 2.6386188588628026e-07
8 39 -2.7865304616140593e-06 1.7994397612837186e-06
8 40 -3.0038026350428775e-06 -5.4509620752782306e-07
8 41 -3.7932068385752023e-06 1.0216930616345806e-06
8 42 -4.7639485520305129e-06 8.8804954890689294e-07
8 43 -7.3100309271919194e-06 2.4532419068254724e-06
8 44 -1.1854381504424003e-05 1.5091368093719918e-06
8 45 -1.3766430384850617e-05 5.5152077985099357e-06
8 46 -1.0014089096612596e-05 2.7914503858240930e-06
8 47 -3.9479735101871841e-06 1.5320171231030042e-06
8 48 -1.2423859560233828e-05 -6.3716648494248836e-07
8 49 -1.0974724043391996e-05 2.6305779134460875e-06
8 50 -1.5899880733319942e-05 -4.3144485559490426e-06
8 51 -1.5248429153317211e-05 4.8646910544542665e-06
8 52 -2.7721371001919901e-05 2.6253167740305221e-06
8 53 -3.0782200746515071e-05 -3.6784944564315609e-07
8 54 -3.0076164039965156e-05 8.3974729426958528e-06
8 55 -3.0981342298817675e-05 6.7811483101249639e-06
8 56 -5.8420280298115400e-05 1.2394299303856070e-05
8 57 -4.5725258541923141e-05 8.2545821681831499e-06
8 58 -5.3166521829834828e-05 -3.2932445220962352e-06
8 59 -4.9616977632039092e-05 -1.4794452270105206e-05
8 60 -4.4106696191287285e-05 -1.3121285991273452e-05
8 61 -7.4389958795589671e-05 7.0221396232814304e-06
8 62 -1.0156341971576848e-04 3.9539501227767105e-05
8 63 -1.1515568642699998e-04 -2.8702073302293421e-05
8 64 -1.4178513170823954e-04 -5.2153574419027664e-05
8 65 -1.8980368830359196e-04 -4.2466970311031504e-05
8 66 -1.6390253078046852e-04 1.3951795854882553e-05
8 67 -2.1402994046968070e-04 4.4380713218390812e-05
8 68 -3.6252985176342102e-04 1.4486737202757625e-04
8 69 -4.2264921790724020e-04 -1.2552247981918548e-04
8 70 -3.1788564181868913e-04 -1.1527005809309635e-04
8 71 -7.3898256587488591e-04 3.0821642271214523e-04
9 0 5.4357669325987553e-05 -4.5666516646329517e-04
9 1 -2.3269523715785861e-04 -9.1249181679451289e-05
9 2 -2.1380922952656803e-04 9.7366245961024174e-05
9 3 -5.9203926184783993e-05 1.0370086525867772e-04
9 4 -2.0153145393510483e-04 4.5047784824269454e-06
9 5 -1.5247439232690313e-04 3.2206976591975616e-06
9 6 -1.3192903448929681e-04 -1.4146010699613624e-05
9 7 -6.0027621472132186e-05 -5.5146209811210605e-05
9 8 -6.0242270240782914e-05 4.4771653063198805e-06
9 9 -4.0760862896769564e-05 2.9214524398624908e-05
9 10 -2.9136282396039882e-05 -3.8308149145866027e-05
9 11 -3.7070077724743033e-05 8.2824420511286673e-07
9 12 -2.0136613535553994e-05 1.1633391984012639e-05
9 13 -1.1401572006608747e-05 -8.5789423384686822e-06
9 14 -8.0187762780078138e-06 -5.5811879136869976e-06
9 15 -2.2734313990774580e-05 -7.2137828214707069e-06
9 16 -1.2384645313099318e-05 -4.4965401969521283e-06
9 17 -1.3389187825595966e-05 6.5903237405399407e-06
9 18 -8.1682558756892234e-06 -5.3167423207396466e-06
9 19 -2.5805727117033970e-06 -3.9049761003395315e-06
9 20 -6.9875445162403767e-06 1.5545282060088552e-08
9 21 -6.8433260502022677e-06 -4.5214050662602215e-07
9 22 -4.4173668501823010e-06 -2.7691310438919417e-06
9 23 -2.6830415584631133e-06 3.7316386526943824e-06
9 24 -1.1714130435385837e-06 -4.4552591670858261e-07
9 25 -1.5798785189817376e-06 -7.4829199703363820e-07
9 26 -1.2052339977819161e-06 -1.7521680015404511e-07
9 27 -1.3223339725863537e-06 5.7484154169781148e-07
9 28 -1.9798622768209641e-06 2.1167434697107206e-07
9 29 -6.6875955528421787e-07 -3.0496932910828137e-07
9 30 -1.6361232703300669e-06 -1.5469153273528298e-07
9 31 -1.8649186750871326e-06 2.3318068151436754e-07
9 32 -7.6369797721042327e-07 -5.1917886904645771e-08
9 33 -7.5417979131869348e-07 -1.2269435824393985e-07
9 34 -8.1161860760352107e-07 -1.8860020705658738e-07
9 35 -1.6873623049835405e-06 4.8188783921973774e-07
9 36 -1.6077358451301661e-06 1.9227338110061552e-07
9 37 -1.8723940927878637e-06 -9.3701526333251351e-08
9 38 -1.4052690470179588e-06 6.3527295644148736e-07
9 39 -1.1972361340052452e-06 1.7633559166589432e-06
9 40 -1.9212707520322503e-06 -8.7832162289628304e-07
9 41 -1.0116088103991657e-06 6.0686132465665113e-07
9 42 -1.9808301726757171e-06 4.9995954399906082e-07
9 43 -4.1597339046731179e-06 1.5089058694207669e-06
9 44 -6.9838231909968752e-06 1.7383718974986745e-06
9 45 -9.4388085351290670e-06 5.7504974523699805e-06
9 46 -2.8349546547865946e-06 3.4644758069417356e-06
9 47 1.9295380303768560e-06 2.8732940927215544e-07
9 48 -5.6766843022972258e-06 -1.1606280696632658e-06
9 49 -4.3507171838909464e-06 7.9938390080093102e-07
9 50 -3.8888537701452805e-06 -5.2483333027692153e-06
9 51 -3.9013649470442334e-06 3.5734342893444939e-06
9 52 -1.4961905250442552e-05 6.1760692219600844e-07
9 53 -1.6507868279873835e-05 -3.3651768192152161e-06
9 54 -1.4941788261228439e-05 5.6348070261038535e-06
9 55 -1.4930399460222242e-05 3.2712786558009981e-06
9 56 -3.1296442004057629e-05 8.6736618879042653e-06
9 57 -2.4905200550195367e-05 3.7640718292409278e-06
9 58 -2.4769337607069873e-05 -9.9684605732195437e-06
9 59 -2.4891447752710308e-05 -1.0728317800993225e-05
9 60 -7.6755169829513252e-06 -3.9176930103311920e-06
9 61 -3.3717833456641209e-05 1.0966569578230717e-05
9 62 -6.3475813204674495e-05 3.1817136946499554e-05
9 63 -4.8937652303249009e-05 -2.8263294271901792e-05
9 64 -7.3695306495023634e-05 -4.3502810705933434e-05
9 65 -1.0942846948390538e-04 -3.7484288989745446e-05
9 66 -8.2606457794884278e-05 7.9167862733169426e-06
9 67 -3.8295146285331354e-05 5.1952607518640585e-05
9 68 -2.1629758808596622e-04 1.3068037365882159e-04
9 69 -2.3572250875044127e-04 -1.1738724982596903e-04
9 70 -8.3895258540919233e-05 -2.2119410897790391e-05
9 71 -3.1203005432931051e-04 2.5098391922583871e-04
10 0 1.0046972220573370e-04 -2.9642002421949266e-04
10 1 -8.4631664348322987e-05 -7.8206297729240475e-05
10 2 -1.7634242090058800e-04 3.1720498820723877e-05
10 3 5.4195739517736258e-05 1.1837691038911913e-04
10 4 -1.3512144075987389e-04 1.2812797855957624e-07
10 5 -1.2955271022605286e-04 -9.7817271831400399e-06
10 6 -8.5561293758321151e-05 -1.4853348436547002e-05
10 7 -2.6716495435759810e-05 -4.2237773459017295e-05
10 8 -2.8458029242407050e-05 2.5705870122281834e-06
10 9 -1.4977850858746111e-05 2.5787207445152187e-05
10 10 -1.0673467449516035e-05 -2.6656044983337534e-05
10 11 -2.2311507942952944e-05 3.2304532533920797e-06
10 12 -5.3106862837267597e-07 1.0098039869326709e-05
10 13 -4.3980125565010059e-06 -8.4662163982808218e-06
10 14 3.5594529635692689e-06 -5.9795696091060727e-06
10 15 -1.4954713537400453e-05 -5.8290288703735639e-06
10 16 -1.0125410230904301e-05 -3.2268364248377560e-06
10 17 -6.4423100415546292e-06 6.0721534750982660e-06
10 18 -2.7768712572717716e-06 -5.4841520601124353e-06
10 19 2.4412165156803177e-06 -4.6162249833684361e-06
10 20 -5.0747177044562693e-06 -1.5066985438864804e-06
10 21 -2.5336900502647127e-06 -1.5359169589501610e-06
10 22 -1.1558522104860409e-06 -3.2716217457076775e-06
10 23 -1.1984542558790218e-06 3.5400796457624761e-06
10 24 4.0192556645273044e-07 9.3372980764625263e-08
10 25 -1.1537251905810588e-06 -4.0655783078508024e-07
10 26 -4.6800564182247247e-07 -6.2014734595978841e-09
10 27 -4.2634215426487421e-07 -1.2830004935314099e-08
10 28 -1.2790369136886597e-06 -3.8753698299592503e-08
10 29 -2.5083341659491251e-07 -3.1376689650992511e-07
10 30 -7.8073486661174175e-07 -1.0665046363714064e-07
10 31 -1.3032432209554381e-06 3.1771494214144845e-07
10 32 6.1920142894989028e-08 2.0805769084218564e-08
10 33 -3.9228447151087679e-07 -3.8003283076291927e-08
10 34 -5.6472655032339435e-07 -6.7424920191014869e-09
10 35 -6.9033356899317725e-07 6.3852385485152744e-07
10 36 -7.6463546049936133e-07 5.7427340905537140e-08
10 37 -1.3801444354014647e-06 -4.6130538572347253e-08
10 38 -6.7061387570849247e-07 6.4211348425670970e-07
10 39 -2.6363780873778347e-07 1.5972711170608990e-06
10 40 -1.5002572056284393e-06 -8.6896387722927583e-07
10 41 3.7468811264114704e-07 2.2335161317886353e-07
10 42 -4.6402507487716448e-07 3.2331386900410372e-07
10 43 -2.6989706881120873e-06 5.5977823543114152e-07
10 44 -4.8544515296800731e-06 2.0204313755102143e-06
10 45 -6.9743668365971142e-06 5.7016168278085496e-06
10 46 5.1574719649120774e-07 4.0317633578640304e-06
10 47 4.6000841250445244e-06 -4.3632644701073119e-07
10 48 -8.2165883703599533e-08 -2.9642664003794452e-06
10 49 -1.6607348455606661e-06 9.3877449645833242e-07
10 50 2.9924060667547827e-06 -5.3730371860337459e-06
10 51 1.1405509082040582e-06 3.1978636509550906e-06
10 52 -8.0614929074015246e-06 -1.4670530336862418e-06
10 53 -1.1128910131170135e-05 -4.1194335437819877e-06
10 54 -8.5687660882934900e-06 2.4344851222667986e-06
10 55 -7.8430931217766956e-06 -2.3155126436778023e-07
10 56 -1.4762262260486928e-05 4.3343030244645918e-06
10 57 -1.7894555343691923e-05 1.5146507176211544e-06
10 58 -1.2027145628566699e-05 -1.0006219961889976e-05
10 59 -1.1647428147862452e-05 -1.0197026965211940e-05
10 60 7.6233539388025706e-06 1.6443181806910700e-06
10 61 -1.1899594956813580e-05 1.5165835002969088e-05
10 62 -5.2392803662637357e-05 2.5718867918486734e-05
10 63 -1.6989342136545081e-05 -2.5617592960061534e-05
10 64 -3.6233746073631738e-05 -2.2956825100491760e-05
10 65 -5.7839856567833711e-05 -1.7599863697002399e-05
10 66 -5.7824308855385149e-05 -5.5708004013293732e-06
10 67 3.9800589455419905e-05 5.5598465047534307e-05
10 68 -1.4418504392423484e-04 1.0430376055578820e-04
10 69 -1.2742154648256730e-04 -6.7084272800955853e-05
10 70 -2.8110428699394858e-05 2.9850692979288631e-05
10 71 -1.8071826928491000e-04 2.1089037488975578e-04
