0 0 -1.1577949355366459e+00 -1.0984604930252175e-19
0 1 -1.5264810727566128e-01 1.0647203948456562e-19
0 2 -5.9282067563318622e-02 -1.8908179755701686e-20
0 3 -3.6166725170144229e-02 1.8335370847470126e-21
0 4 -2.7747772953243016e-02 8.2604537806630513e-22
0 5 -2.2308323543771841e-02 6.7453347840250533e-23
0 6 -1.7707146076202884e-02 -8.8605432602780620e-22
0 7 -1.4145147949269268e-02 4.1183299439244210e-22
0 8 -1.1508241082501669e-02 -1.6657022749017096e-22
0 9 -9.5316413418454048e-03 -1.6281691064948747e-24
0 10 -8.1480839016167313e-03 -1.8493584661454990e-22
0 11 -7.2632483384327106e-03 8.5766493333163275e-23
0 12 -6.0452251720095251e-03 -3.7531801064430777e-22
0 13 -5.1357949929499843e-03 -2.6167218140141885e-23
0 14 -4.6944354845174256e-03 3.4109229771428762e-23
0 15 -4.4320372800437605e-03 7.6655028117078321e-23
0 16 -4.0362109029762755e-03 -5.3864972451385205e-22
0 17 -3.4626717348231950e-03 -2.3243801061011840e-22
0 18 -2.9381830084679690e-03 -7.5656398425151930e-23
0 19 -2.5108443817002373e-03 -1.3140716365763661e-22
0 20 -2.0011925506672034e-03 -1.7924160014192074e-23
0 21 -1.6208702419756352e-03 -2.0657635885137770e-23
0 22 -1.3235666545979585e-03 1.4412319034236843e-23
0 23 -1.0866903878833320e-03 2.4399238263839728e-23
0 24 -9.2969222662260694e-04 1.1934304589809196e-22
0 25 -8.0941166004032221e-04 1.6502839116221020e-23
0 26 -6.7586562349271828e-04 1.4047940679022477e-23
0 27 -5.8422411812660002e-04 1.3843220243050241e-23
0 28 -5.1769050571596239e-04 2.5158992075784770e-24
0 29 -4.5646448074470209e-04 -3.0267084102677805e-24
0 30 -4.1102544486073687e-04 -2.0593034678705488e-23
0 31 -4.0620349425508526e-04 2.7787767923842612e-24
0 32 -3.9856031836017877e-04 7.5042796498199725e-24
0 33 -3.8545882632118745e-04 -2.8437141323987434e-23
0 34 -3.6454101719609060e-04 2.0129110493612901e-23
0 35 -3.5593817859395200e-04 -5.8241318192818225e-25
0 36 -3.7842573469846520e-04 1.4574593880084185e-23
0 37 -4.1403485531040396e-04 9.5384744794657901e-24
0 38 -4.4355761570753240e-04 -2.0325667372555521e-23
0 39 -4.8545939627326641e-04 2.1515751149272570e-23
0 40 -5.6212610994833064e-04 -2.8774928307411121e-23
0 41 -6.3444714360103558e-04 -1.4538759177094124e-23
0 42 -6.9992698813699889e-04 2.9974700523533445e-23
0 43 -7.5918573234430554e-04 1.8502310745449432e-23
0 44 -8.4743552325549189e-04 -2.8919894790657105e-23
0 45 -9.4069896616373919e-04 1.7455566433219759e-23
0 46 -1.0889080225426086e-03 -2.5546191402048065e-23
0 47 -1.2614790842954227e-03 -6.6111321931929275e-23
0 48 -1.4494125754471131e-03 4.3468622651823161e-23
0 49 -1.6434550686146379e-03 2.4610476391266166e-23
0 50 -1.7727795575802276e-03 5.9539293339630602e-23
0 51 -1.9223255769079326e-03 -5.9326523925517346e-23
0 52 -2.1636048276932373e-03 1.0398410865423049e-22
0 53 -2.6252408071310829e-03 2.2269398628083411e-23
0 54 -3.2098419835662859e-03 -1.0087424698437043e-22
0 55 -3.9515351232460999e-03 -7.7345285219895326e-23
0 56 -4.7092700505799185e-03 6.4520506047681108e-23
0 57 -5.5319283261587929e-03 1.3453443557974537e-22
0 58 -6.3403868286413499e-03 2.3087239526023301e-22
0 59 -7.0422523530401732e-03 -6.8285150916580173e-23
0 60 -7.8175600916954909e-03 -3.3720704129960853e-22
0 61 -8.2312290146185681e-03 -6.8702640193989206e-25
0 62 -8.8104599664564180e-03 -1.6268296445184209e-22
0 63 -1.0234479765497385e-02 -2.7443194611244247e-22
0 64 -1.2813024483940290e-02 -3.8975156667714192e-23
0 65 -1.5377779960219639e-02 -3.8710817150027347e-22
0 66 -1.7576146503494330e-02 -3.6833225186005260e-22
0 67 -1.9980991656662797e-02 -6.4384810297610167e-22
0 68 -2.4258253327840571e-02 -2.2769387825587186e-22
0 69 -3.2846734197017807e-02 3.4316503650814901e-21
0 70 -5.2632288662852904e-02 -1.6230614219494110e-20
0 71 -1.4132255026096871e-01 2.1233365317926528e-19
1 0 -3.3830771791806219e-01 8.7911183960207289e-04
1 1 -9.2647472797870695e-02 -9.6620590670257037e-04
1 2 -4.2863681584101879e-02 3.0562576333006080e-04
1 3 -2.7337350300921812e-02 1.1045906107048337e-04
1 4 -2.1091886529449051e-02 -3.0778094086822733e-05
1 5 -1.6984127746151548e-02 3.7844635215528715e-05
1 6 -1.3486345048403634e-02 -8.3539336181337706e-05
1 7 -1.0783586769157902e-02 -5.3174905358881387e-05
1 8 -8.7952859279793200e-03 -3.1326420018274695e-05
1 9 -7.2473913696874783e-03 -6.2251836786179001e-05
1 10 -6.1852834340096873e-03 -5.6223298009482975e-06
1 11 -5.5196758509900952e-03 -5.8302800971782835e-06
1 12 -4.6228874872739391e-03 1.4137341314560071e-05
1 13 -3.9390745868705746e-03 1.0846742541340898e-05
1 14 -3.5907458954259073e-03 3.1805687230677013e-05
1 15 -3.3976019242920479e-03 3.0603378377252997e-05
1 16 -3.0957882584746344e-03 1.2291103605285272e-05
1 17 -2.6504095039569186e-03 -1.9384284761990324e-05
1 18 -2.2497741002172529e-03 -2.0375138079080298e-05
1 19 -1.9246201942728796e-03 -6.0484700177926244e-06
1 20 -1.5271756936723142e-03 4.9145582040461531e-06
1 21 -1.2352764258112311e-03 -3.4972322364069733e-06
1 22 -1.0082362631347625e-03 -3.8493116355752841e-06
1 23 -8.2650756161830870e-04 -1.6859212200938355e-06
1 24 -7.0808579238297836e-04 -2.6304271972197311e-06
1 25 -6.1538253329316791e-04 -2.4957487534520571e-06
1 26 -5.1465218469589767e-04 2.6102460195011951e-07
1 27 -4.4570564420103585e-04 1.3709581213588227e-06
1 28 -3.9478373800516594e-04 6.0616966869426854e-07
1 29 -3.4865291512003533e-04 -1.4243578627416456e-06
1 30 -3.1312389501105003e-04 -6.6015464436003173e-07
1 31 -3.1092339196447808e-04 2.0928631227962901e-07
1 32 -3.0443631361502067e-04 -2.3253849699728972e-07
1 33 -2.9357346455101017e-04 7.4322250427153966e-08
1 34 -2.7784296276858701e-04 -1.7295083975659503e-06
1 35 -2.7200925184318257e-04 -5.1578299474466355e-07
1 36 -2.8828539678402479e-04 1.0353841777259517e-06
1 37 -3.1559099720634341e-04 5.1453878675314918e-07
1 38 -3.3813228069488465e-04 -6.7562621817067318e-07
1 39 -3.7132386454524861e-04 7.8899991210238266e-07
1 40 -4.3082364432367844e-04 1.6492239783560513e-06
1 41 -4.8453467429926319e-04 1.8258106092186808e-06
1 42 -5.3634068929988687e-04 1.4322625299447331e-06
1 43 -5.8204516443361169e-04 -1.5050890584317160e-07
1 44 -6.4974407684258487e-04 -1.9819435914905679e-06
1 45 -7.1822133569771605e-04 1.7620045680580369e-06
1 46 -8.3257055967837865e-04 9.2874555640769546e-07
1 47 -9.6665478166324710e-04 2.1920288210093239e-06
1 48 -1.1138924250796230e-03 3.4899704982576826e-06
1 49 -1.2579981061192215e-03 2.3215792944869093e-06
1 50 -1.3566138071137406e-03 -7.5302719116536422e-07
1 51 -1.4693872149404924e-03 -3.1519536009171214e-06
1 52 -1.6581354164126125e-03 4.5328314364128796e-06
1 53 -2.0152715224218678e-03 -5.9718508490374273e-06
1 54 -2.4590290341350496e-03 3.5409924273281954e-06
1 55 -3.0261889263285798e-03 2.0620272646825958e-07
1 56 -3.5940879499667222e-03 -3.9124429552329172e-06
1 57 -4.2192612409742408e-03 -1.2920254578684664e-05
1 58 -4.8452778568912171e-03 1.0158735825915070e-05
1 59 -5.3818526482765638e-03 1.5201703085106693e-05
1 60 -5.9832750790114317e-03 2.0965438294193413e-05
1 61 -6.3281349535558784e-03 3.7301038736622756e-05
1 62 -6.7615782505161173e-03 2.6203228433606771e-05
1 63 -7.8242678846085940e-03 3.9289337411453523e-05
1 64 -9.7362100955478790e-03 1.1069365443684932e-05
1 65 -1.1734303552015024e-02 2.2034175356537609e-05
1 66 -1.3401063545233285e-02 3.0396699661426904e-05
1 67 -1.5181211977052649e-02 3.7495300361483169e-05
1 68 -1.8452160874632275e-02 3.6568814195302771e-05
1 69 -2.4691515081311427e-02 1.1574562416989024e-04
1 70 -3.7768441830193150e-02 -5.6869065542785006e-05
1 71 -8.2575560326373157e-02 1.3984472283380510e-04
2 0 -1.0594737741692267e-01 2.4674790948924261e-04
2 1 -4.4656992685933483e-02 -5.4162744144675668e-04
2 2 -2.4811201329022519e-02 6.5677399817876722e-04
2 3 -1.6765156974269346e-02 1.6296126072365259e-04
2 4 -1.2925356690598242e-02 -3.8940001809869376e-05
2 5 -1.0434235485437187e-02 7.5658302857341771e-05
2 6 -8.3167079434604777e-03 -1.0459658888379673e-04
2 7 -6.6660638626064080e-03 -5.7290677652395619e-05
2 8 -5.4575763559038416e-03 -4.2367604841808070e-05
2 9 -4.4392474122737936e-03 -7.8548176134369467e-05
2 10 -3.7885263588625642e-03 -5.5099793592029863e-06
2 11 -3.3702100943540287e-03 -1.7554658987886928e-06
2 12 -2.8827142864220234e-03 1.6743124115728612e-05
2 13 -2.4564784221521706e-03 1.5880320179761753e-05
2 14 -2.2187824077486503e-03 4.8787300563985409e-05
2 15 -2.1116908495362849e-03 4.1318140651413483e-05
2 16 -1.9307230287740110e-03 1.7918796273032645e-05
2 17 -1.6409478383318851e-03 -2.8048933817675113e-05
2 18 -1.3990018971105525e-03 -2.6953972076031639e-05
2 19 -1.1969552714043035e-03 -3.7088830765220986e-06
2 20 -9.4410201914182240e-04 7.7738304132289048e-06
2 21 -7.6180974586558241e-04 -4.7471667143780166e-06
2 22 -6.2319693882612103e-04 -5.0246339108293153e-06
2 23 -5.0861303104364139e-04 -3.5419307090971316e-06
2 24 -4.3585383618785121e-04 -3.3662709280612018e-06
2 25 -3.7655716497882679e-04 -3.6635483447787030e-06
2 26 -3.1621941567922120e-04 7.4386124945482696e-07
2 27 -2.7464296309861851e-04 1.2319725247065973e-06
2 28 -2.4327991722903640e-04 4.2763895971986082e-07
2 29 -2.1566869373599147e-04 -1.7732574033333646e-06
2 30 -1.9217642957745248e-04 -1.0920873407762146e-06
2 31 -1.9347874517289574e-04 2.7219207415354458e-07
2 32 -1.8886693736995582e-04 -3.3656542507639801e-07
2 33 -1.8084087426190729e-04 6.8559251266533471e-08
2 34 -1.7104786347681378e-04 -2.2687309129816619e-06
2 35 -1.6898844488525357e-04 -1.2391808266173869e-06
2 36 -1.7727587597538499e-04 1.9646829760860324e-06
2 37 -1.9445677419222879e-04 1.6664134889947460e-06
2 38 -2.0833888922318098e-04 -6.1002557868315718e-07
2 39 -2.3022156373939064e-04 8.0636548748036824e-07
2 40 -2.6958769827916871e-04 2.5843942277872232e-06
2 41 -2.9992035669481845e-04 2.4554541142916862e-06
2 42 -3.3249383449106382e-04 1.2485793237807624e-06
2 43 -3.6379226494615246e-04 -7.0998351854078237e-07
2 44 -4.0636485497416161e-04 -3.0185748931554103e-06
2 45 -4.4417658892671497e-04 1.3661853324742970e-06
2 46 -5.1625793306953841e-04 5.7871642309072531e-07
2 47 -6.0325525844850687e-04 3.4452728425078943e-06
2 48 -7.0165024162129920e-04 4.9687506455703380e-06
2 49 -7.8382736565988634e-04 3.0951434882042531e-06
2 50 -8.4406473916078645e-04 -7.4338965338844677e-07
2 51 -9.1211316666938130e-04 -5.0932719714615543e-06
2 52 -1.0379222067755205e-03 6.2181513465526326e-06
2 53 -1.2614300128263821e-03 -8.6511369905855003e-06
2 54 -1.5312970299474152e-03 5.7738660141874675e-06
2 55 -1.8845471710422011e-03 8.9483853864710578e-07
2 56 -2.2233362037623952e-03 -3.7692288554766039e-06
2 57 -2.6004310457449073e-03 -1.4873790464329636e-05
2 58 -3.0008046792362637e-03 1.8481528237379742e-05
2 59 -3.3448302545186093e-03 1.4912096208050509e-05
2 60 -3.7177904341655493e-03 2.4380035264827459e-05
2 61 -3.9867641739390015e-03 5.2073457239241337e-05
2 62 -4.2242281106458579e-03 4.1438569516289053e-05
2 63 -4.8650087481628941e-03 4.4556520090448130e-05
2 64 -5.9922450421434860e-03 1.8450229999076250e-05
2 65 -7.2247899415719173e-03 8.4610492040202163e-06
2 66 -8.2979085400191749e-03 1.8993226437029855e-05
2 67 -9.2742604385858390e-03 5.4721854408145315e-05
2 68 -1.1280031456942655e-02 4.4475361685280166e-05
2 69 -1.4846932511474883e-02 1.2450999063634761e-04
2 70 -2.1344440005814293e-02 4.3890910262923517e-05
2 71 -3.8601987822698934e-02 4.5059686060632068e-04
3 0 -3.5512213007984142e-02 2.1330553415947423e-04
3 1 -2.0400369443467670e-02 1.7643528552495574e-04
3 2 -1.3228948207717035e-02 6.9843178560765652e-04
3 3 -9.5658867118357353e-03 1.5800577222094560e-04
3 4 -7.2683286067354398e-03 -6.6381851929234759e-05
3 5 -5.9182333934056364e-03 4.9222273930856179e-05
3 6 -4.7559986009893720e-03 -9.7050843662280987e-05
3 7 -3.8104805399241620e-03 -4.7739487601208492e-05
3 8 -3.1487337300360511e-03 -5.2441776011108753e-05
3 9 -2.4935125010673233e-03 -6.6690252830833662e-05
3 10 -2.1301299801623221e-03 2.0447687226626582e-06
3 11 -1.8883171518771329e-03 7.3724810191556152e-06
3 12 -1.6748480791921694e-03 9.3630980064276906e-06
3 13 -1.4117921530491853e-03 2.2532079091493436e-05
3 14 -1.2604775214775982e-03 4.7923339910578222e-05
3 15 -1.2096536139536243e-03 4.0006071570393766e-05
3 16 -1.1136500964104314e-03 1.2610600532956623e-05
3 17 -9.3584151778183138e-04 -2.8603436309583610e-05
3 18 -8.0245571034199615e-04 -2.4862389092977344e-05
3 19 -6.8633937709298987e-04 1.6704525212284208e-08
3 20 -5.3774687156244241e-04 7.4468149257325889e-06
3 21 -4.3247911435010809e-04 -4.7522144279236970e-06
3 22 -3.5766118155923342e-04 -3.3573080871944261e-06
3 23 -2.8873883880803629e-04 -4.5554439231754745e-06
3 24 -2.4798207393000524e-04 -3.3990665878595879e-06
3 25 -2.1251701001966786e-04 -2.7279124778787755e-06
3 26 -1.7940114411423138e-04 1.2962085545480092e-06
3 27 -1.5578841323116293e-04 8.8766184339996775e-07
3 28 -1.3785961269982831e-04 -5.0854365943943562e-08
3 29 -1.2339065803586137e-04 -1.2493465717740411e-06
3 30 -1.0817369074404093e-04 -1.1173803365275130e-06
3 31 -1.1178438285068210e-04 3.6833901639412978e-07
3 32 -1.0808533308446544e-04 -1.7169766540858070e-07
3 33 -1.0268027545954420e-04 -1.9170676323708002e-07
3 34 -9.6728175696060754e-05 -2.2729847514926008e-06
3 35 -9.7273679332239931e-05 -1.5744111874225838e-06
3 36 -1.0012829077471723e-04 2.4476268065871765e-06
3 37 -1.1067713571202058e-04 2.3519492355165019e-06
3 38 -1.1800746356697666e-04 -1.3536925341407980e-07
3 39 -1.3033625574354222e-04 -1.9336567034833537e-07
3 40 -1.5702259895427560e-04 2.8675418382364662e-06
3 41 -1.7125007779469041e-04 2.5752144317552297e-06
3 42 -1.8991019160980507e-04 1.5877641124861371e-06
3 43 -2.1126417155768414e-04 -1.1381068828828852e-06
3 44 -2.3643584391294260e-04 -3.5752402873423244e-06
3 45 -2.5386090657422938e-04 4.1369227721537019e-07
3 46 -2.9605437768316634e-04 4.0791238286682786e-07
3 47 -3.4987629774496437e-04 4.2053563231712282e-06
3 48 -4.1238985865630940e-04 4.9078127404038754e-06
3 49 -4.5305534918686741e-04 1.8809717327146839e-06
3 50 -4.8900019372306945e-04 -1.6271616512123556e-06
3 51 -5.2557857018908200e-04 -3.6224518815545972e-06
3 52 -6.0309003151176718e-04 6.8147348466509217e-06
3 53 -7.3188644043409323e-04 -6.6281000924848942e-06
3 54 -8.8312380014789768e-04 5.6719615418531140e-06
3 55 -1.0819435361022489e-03 2.4129506267398471e-06
3 56 -1.2705590319871897e-03 1.3698741281344429e-06
3 57 -1.4770827176065018e-03 -1.1464454131385228e-05
3 58 -1.7208345208357307e-03 1.4978781659403775e-05
3 59 -1.9285483254577777e-03 8.5646459345502674e-06
3 60 -2.1327833301369231e-03 1.8932763530755800e-05
3 61 -2.3539413064274199e-03 5.4484338996496681e-05
3 62 -2.4418240403118983e-03 4.7753059294667458e-05
3 63 -2.8092038712654505e-03 1.9562157829045050e-05
3 64 -3.4052168590883022e-03 2.6723181920342493e-05
3 65 -4.1046578220753733e-03 -1.6440451395908561e-06
3 66 -4.7586948834556358e-03 1.5665816471324103e-05
3 67 -5.1977322661844504e-03 3.5952261700069781e-05
3 68 -6.2802141195538782e-03 -1.1037929655754638e-05
3 69 -8.2144645438546309e-03 5.6852809071546559e-05
3 70 -1.0877567297602699e-02 5.8388656475659603e-05
3 71 -1.7280173204006273e-02 3.4351109328423454e-05
4 0 -1.2898097835050092e-02 2.0725423938595356e-04
4 1 -9.6177093178654669e-03 1.2575753940180948e-04
4 2 -6.7087689361850283e-03 5.5238747480973829e-04
4 3 -5.2963543276432715e-03 1.6511676112873763e-04
4 4 -3.8824071677813960e-03 -8.4915110814621445e-05
4 5 -3.2196113961995535e-03 -9.5501073436173984e-06
4 6 -2.6348522586147169e-03 -8.6182433759546804e-05
4 7 -2.0778620858817065e-03 -4.5757560842055288e-05
4 8 -1.7538886475049543e-03 -6.9262638987478153e-05
4 9 -1.3379820421276286e-03 -4.8473304511505904e-05
4 10 -1.1402103880791400e-03 7.8284065512492208e-06
4 11 -1.0101870659952529e-03 2.0293842834642109e-05
4 12 -9.3437850009107546e-04 -1.4410670731361952e-06
4 13 -7.8091290840184846e-04 2.8253047586283582e-05
4 14 -6.8376783484295589e-04 4.4129840063156940e-05
4 15 -6.6307610036817153e-04 3.1165962693577441e-05
4 16 -6.1502818423733599e-04 6.1280689979437954e-06
4 17 -5.1268579720975375e-04 -2.9431859423078761e-05
4 18 -4.4185200740248087e-04 -1.7123961840041125e-05
4 19 -3.7426339846003461e-04 2.2128257289342549e-06
4 20 -2.8970000211960505e-04 5.3493303341466365e-06
4 21 -2.3368034626836432e-04 -3.8664958735139549e-06
4 22 -1.9763393193305512e-04 -5.0058127202225935e-07
4 23 -1.5632130790839497e-04 -4.0860818162392629e-06
4 24 -1.3563668111812795e-04 -2.8532878270938435e-06
4 25 -1.1538133174796487e-04 -8.9689302209010380e-07
4 26 -9.8530734361703263e-05 2.1313126600609444e-06
4 27 -8.4918469136076479e-05 8.3183710554557439e-07
4 28 -7.5137226475489765e-05 -5.9621324000402761e-07
4 29 -6.7878026859317806e-05 -5.6018442730223946e-07
4 30 -5.7892966465384231e-05 -1.0372103137655022e-06
4 31 -6.2317373247581436e-05 8.3123839530856513e-07
4 32 -5.9406927875865823e-05 2.2903480315473467e-07
4 33 -5.5700671745580370e-05 -1.7790903958329962e-07
4 34 -5.2509317654765449e-05 -1.5829525874498477e-06
4 35 -5.3906856858655266e-05 -1.1696164451222966e-06
4 36 -5.3577680393523653e-05 2.3476124552486712e-06
4 37 -6.0124552793353758e-05 2.4068644571771564e-06
4 38 -6.4025249681807941e-05 3.0767361137138226e-07
4 39 -6.9872525035060849e-05 -8.3364298300196365e-07
4 40 -8.7750216299141431e-05 3.0360165580147807e-06
4 41 -9.4024873749414136e-05 2.0719199770944475e-06
4 42 -1.0438848525916494e-04 1.6314291578241550e-06
4 43 -1.1802301562848146e-04 -1.3383545046294061e-06
4 44 -1.3183288613408464e-04 -3.7622670429178699e-06
4 45 -1.3844181636571290e-04 -4.8970813656845315e-07
4 46 -1.6256829662669579e-04 -1.3783443815160798e-07
4 47 -1.9526864763716884e-04 2.9198140672061114e-06
4 48 -2.3494058739970144e-04 3.1489793138958607e-06
4 49 -2.5007080287218770e-04 2.0191034601827105e-07
4 50 -2.7489979917843572e-04 -2.6825103747112700e-06
4 51 -2.9192029199011919e-04 -2.2862682919245211e-06
4 52 -3.3537696005432935e-04 5.6187145684941603e-06
4 53 -4.0809685131485421e-04 -3.6815624148993566e-06
4 54 -4.8681622177049590e-04 5.8314213260560137e-06
4 55 -5.8527035635726730e-04 1.1584550821281786e-05
4 56 -6.8869821394942519e-04 9.1669099591464601e-06
4 57 -8.0194808656514841e-04 -4.7386687902977631e-06
4 58 -9.4599066637676850e-04 1.3212659560867920e-05
4 59 -1.0623153860010760e-03 5.7894587625862547e-06
4 60 -1.1721425181551999e-03 1.6998447404151144e-05
4 61 -1.3487612785022282e-03 4.7481448787992474e-05
4 62 -1.3581261198683968e-03 4.4137038901953444e-05
4 63 -1.5552331665673095e-03 -1.4599173426942095e-05
4 64 -1.8656829292370161e-03 1.5665881629993091e-05
4 65 -2.2338424291522608e-03 -3.4846875452897728e-06
4 66 -2.6130665568820368e-03 2.2245496258483669e-05
4 67 -2.7789199898328983e-03 1.2972759736516144e-06
4 68 -3.2908038341685261e-03 -6.8760049517530564e-05
4 69 -4.2792076100770316e-03 -8.3649993426038167e-06
4 70 -5.2938409926439898e-03 -9.3485561049092903e-05
4 71 -7.7409704723764199e-03 -3.3780107716410831e-04
5 0 -5.1417335672934040e-03 5.5050205439083554e-05
5 1 -4.4817332061126364e-03 7.4805982369159001e-05
5 2 -3.2701776119769864e-03 4.1437266950739834e-04
5 3 -2.8793049049112736e-03 1.4130884637741353e-04
5 4 -2.0374516867358665e-03 -1.1328204972211808e-04
5 5 -1.6878316094826116e-03 -4.5537186958691009e-05
5 6 -1.4474209008674814e-03 -7.9395256617848886e-05
5 7 -1.0976133768052410e-03 -4.3224216596250184e-05
5 8 -9.6420471028964652e-04 -6.8200946484597123e-05
5 9 -6.9797883700583110e-04 -3.6877614415648750e-05
5 10 -6.0131860800106680e-04 8.4222870442031039e-06
5 11 -5.2348170802677654e-04 2.8021580015872078e-05
5 12 -5.0871776348220780e-04 -1.2323648291093250e-05
5 13 -4.2020241292122597e-04 2.5794507697775030e-05
5 14 -3.5900765108875783e-04 4.1399024392167778e-05
5 15 -3.4970512435710687e-04 2.0076627881195335e-05
5 16 -3.3360018085688001e-04 7.6744358551141825e-07
5 17 -2.7921310022285665e-04 -2.8232418664946478e-05
5 18 -2.3469966944667347e-04 -9.0434277746866446e-06
5 19 -1.9566242897659745e-04 2.6006812900458309e-06
5 20 -1.4806108726705239e-04 3.6305112951780593e-06
5 21 -1.2116695771221604e-04 -3.5929323226562295e-06
5 22 -1.0745451461027951e-04 2.5528997103027848e-06
5 23 -8.1532774117980009e-05 -2.5729720725404245e-06
5 24 -7.2381888695679015e-05 -1.6559438117273058e-06
5 25 -6.1594636071753462e-05 8.1305139883365881e-07
5 26 -5.4127799866515252e-05 2.3739208800273140e-06
5 27 -4.4956038583336600e-05 9.3457911841388801e-07
5 28 -3.9682111420164643e-05 -1.3709907692164228e-06
5 29 -3.5783107728249843e-05 1.2065384276258225e-07
5 30 -3.0214858142081577e-05 -9.4536219162935633e-07
5 31 -3.4026019375821262e-05 9.0406780522401952e-07
5 32 -3.1933458617387984e-05 3.6215140452793262e-07
5 33 -2.8826802027068719e-05 -3.4401212893770275e-07
5 34 -2.7904609573679367e-05 -7.6108855207931615e-07
5 35 -2.9306993813219284e-05 -5.8714955819597605e-07
5 36 -2.7483049136158176e-05 1.6312103514290085e-06
5 37 -3.1671700706034505e-05 1.8521678444013624e-06
5 38 -3.4000644210870114e-05 3.6016661368855274e-07
5 39 -3.5818354494543076e-05 -1.1276859745923881e-06
5 40 -4.7290602864709783e-05 3.2941288531215093e-06
5 41 -4.9726144438139086e-05 1.1715259913900751e-06
5 42 -5.6890553150675098e-05 1.6631414368201229e-06
5 43 -6.5098156252704927e-05 -1.6702652733901942e-06
5 44 -7.2202834574903500e-05 -3.3708359437838854e-06
5 45 -7.2969322003045158e-05 -1.0266371654427546e-06
5 46 -8.5926359620263409e-05 -1.0795441377642841e-06
5 47 -1.0573388718190789e-04 2.2950157613214896e-07
5 48 -1.3147437505161923e-04 1.7989697596965549e-06
5 49 -1.3178033258737785e-04 -2.3935488413240916e-07
5 50 -1.5020363827896851e-04 -3.0712750880391278e-06
5 51 -1.5793489624528262e-04 -2.5416983498440230e-06
5 52 -1.7926841741417959e-04 5.1815258319035415e-06
5 53 -2.2008438376359155e-04 -8.5711830201449646e-07
5 54 -2.6000012758462334e-04 7.6426554719543347e-06
5 55 -3.0380589488490558e-04 2.0471571193229353e-05
5 56 -3.5692003330649536e-04 1.0860425441399259e-05
5 57 -4.2395222323648297e-04 -1.7088566288104922e-06
5 58 -5.1090908034801864e-04 1.2960673919800310e-05
5 59 -5.6454877380892428e-04 3.0082253421259840e-06
5 60 -6.2606271197211314e-04 1.6922152816292564e-05
5 61 -7.5565019782723730e-04 3.9924808162731187e-05
5 62 -7.3148521279241306e-04 3.6164827711866665e-05
5 63 -8.3240480804955210e-04 -3.1010452341293426e-05
5 64 -1.0013029188312708e-03 -1.0787561500149890e-06
5 65 -1.1764364706815782e-03 -2.2527989116809330e-06
5 66 -1.4017454202542329e-03 7.6069851167164738e-06
5 67 -1.4556567543130350e-03 -4.7543420862547939e-05
5 68 -1.6399385770609813e-03 -1.0844206893575579e-04
5 69 -2.1174583353528779e-03 -4.0654266289353097e-05
5 70 -2.4910546139003996e-03 -2.1371808715648226e-04
5 71 -3.5017878693369329e-03 -6.9192955313241182e-04
6 0 -2.4067906624316336e-03 -5.3754216273857653e-04
6 1 -2.0792539990000104e-03 1.3055527127192747e-04
6 2 -1.5255553999043551e-03 3.2370458506800621e-04
6 3 -1.5532980797052138e-03 9.1380360169849819e-05
6 4 -1.0820491881468658e-03 -1.0890785493445054e-04
6 5 -8.8713407569219929e-04 -4.6339716635189279e-05
6 6 -7.9917731611621760e-04 -5.9791597036674342e-05
6 7 -5.6318699752447418e-04 -3.9810741956600136e-05
6 8 -5.2412603777288256e-04 -5.2884682061613301e-05
6 9 -3.4939698718493013e-04 -2.6698300710633675e-05
6 10 -3.2165822056531428e-04 1.2911221139664576e-05
6 11 -2.6476804550220310e-04 2.9258583775296282e-05
6 12 -2.7158364877213480e-04 -1.5847275122912485e-05
6 13 -2.2344620820558868e-04 2.0390770339832643e-05
6 14 -1.8569822590446195e-04 3.5451952077521073e-05
6 15 -1.7873924120917752e-04 1.2323720778996457e-05
6 16 -1.8175930146443692e-04 -6.6234670514748494e-06
6 17 -1.5642928226525384e-04 -2.2926117088748921e-05
6 18 -1.1793849065317698e-04 -5.0127964874239690e-06
6 19 -9.5312707539137845e-05 -3.5669674363723702e-07
6 20 -7.2705862067930159e-05 9.9299615732760079e-07
6 21 -6.0542060661823272e-05 -2.7680150580607664e-06
6 22 -5.7320264927738953e-05 4.9075045864101998e-06
6 23 -4.1569523111098581e-05 -1.3517047147815383e-06
6 24 -3.7701971640963702e-05 -1.2216016031893430e-07
6 25 -3.2932688779160019e-05 1.8984559548254872e-06
6 26 -3.0766870407330619e-05 2.4997429860028865e-06
6 27 -2.2389086306591545e-05 1.0634839409372875e-06
6 28 -2.0365660810795022e-05 -1.8939490937263789e-06
6 29 -1.8368604103795078e-05 3.2319369023953765e-07
6 30 -1.5376986440888984e-05 -8.6379699588506811e-07
6 31 -1.8277590941893528e-05 3.5937283736374399e-07
6 32 -1.6750532920902530e-05 2.1325760257720695e-07
6 33 -1.4005309679648663e-05 -2.4050050297587972e-07
6 34 -1.4381393167137334e-05 -2.3934546436915802e-07
6 35 -1.5769115030896362e-05 -2.3361913351685464e-07
6 36 -1.4020175054234815e-05 1.1974787540682259e-06
6 37 -1.5862555464425248e-05 8.4491197112585858e-07
6 38 -1.8198839417655750e-05 -9.9218179370992129e-08
6 39 -1.7816155246153796e-05 -1.2180592559408426e-06
6 40 -2.5306690631174836e-05 2.9039735835435792e-06
6 41 -2.5630522593646604e-05 4.6586180880701007e-07
6 42 -3.1537118044192984e-05 1.7347716365407896e-06
6 43 -3.6060345705964293e-05 -2.6074702800760354e-06
6 44 -3.8224642881167719e-05 -2.8161541820092147e-06
6 45 -3.7514638653239641e-05 -1.2899909409091712e-06
6 46 -4.3762147734567159e-05 -9.8105697032278561e-07
6 47 -5.5403129927399661e-05 -3.1447708893820425e-06
6 48 -7.2363403152021828e-05 1.7084837414019451e-06
6 49 -6.5831861342940603e-05 4.1425383947772324e-07
6 50 -7.8317093293540444e-05 -2.1623418760989215e-06
6 51 -8.4403228139026725e-05 -1.8963640739583616e-06
6 52 -9.3244940706924606e-05 5.3382022616301210e-06
6 53 -1.1289695083821824e-04 9.1107156447598275e-08
6 54 -1.3536935260629695e-04 9.1307331221065120e-06
6 55 -1.5040393627114597e-04 2.4206389040729900e-05
6 56 -1.8120219060773109e-04 1.2135325808292570e-05
6 57 -2.2355267941419685e-04 -6.4903141838931698e-06
6 58 -2.8229786344975124e-04 3.0013451864911976e-06
6 59 -2.9776601293621642e-04 3.8772549517690711e-06
6 60 -3.2491057372098536e-04 7.7288494907128817e-06
6 61 -4.1378132797714653e-04 3.8695326394904473e-05
6 62 -3.8184940449265277e-04 2.8045390996733752e-05
6 63 -4.4450794821960171e-04 -3.1213057038192970e-05
6 64 -5.2960730261625353e-04 -1.1805168503649740e-05
6 65 -5.9978555435678371e-04 -4.3203889637856782e-06
6 66 -7.4408836660639981e-04 1.3239538248682327e-05
6 67 -7.5239537461114646e-04 -7.9359776916277633e-05
6 68 -7.6782613512282438e-04 -9.8728873518714726e-05
6 69 -9.9470487511330095e-04 -3.5164244127802220e-05
6 70 -1.1832203845111022e-03 -1.6850043226516494e-04
6 71 -1.6533391318356116e-03 -7.5753550424058607e-04
7 0 -1.4808727789409725e-03 -7.8250301888158644e-04
7 1 -9.4316034420310175e-04 2.2077382522248484e-04
7 2 -6.9705321351382955e-04 2.1049678842380710e-04
7 3 -8.3692208583400248e-04 3.9219156668231324e-05
7 4 -5.8308332838991029e-04 -8.6260937561002349e-05
7 5 -4.6297022857310450e-04 -3.8987070656901802e-05
7 6 -4.4687870918810115e-04 -4.0765738151109769e-05
7 7 -2.9732421159813790e-04 -3.5717186965027509e-05
7 8 -2.7862303476707846e-04 -3.2671943288524283e-05
7 9 -1.5308515752032894e-04 -1.2178053277324158e-05
7 10 -1.7130771776467955e-04 1.6507604835815014e-05
7 11 -1.3394418158903839e-04 2.8771509785613672e-05
7 12 -1.4176954426699836e-04 -1.1805123837306979e-05
7 13 -1.1713562529606263e-04 1.7509851515267322e-05
7 14 -9.9988169836559264e-05 2.5881840858416904e-05
7 15 -9.0150500783525660e-05 7.1051015039543732e-06
7 16 -1.0163727440099569e-04 -1.2218367139501891e-05
7 17 -8.9003831476658428e-05 -1.3540468476550653e-05
7 18 -5.5661618012301715e-05 -2.5409554803617624e-06
7 19 -4.0569541395729765e-05 -3.0657697822229037e-06
7 20 -3.4699145247812273e-05 1.3036521134083427e-06
7 21 -2.9704533794206633e-05 -1.0034439944082628e-06
7 22 -2.9682606963242021e-05 5.0003648009548770e-06
7 23 -2.1240084953191227e-05 -5.3345131631834035e-07
7 24 -1.8627180451230296e-05 1.4930723778956990e-07
7 25 -1.8145124509157111e-05 1.5908794015147275e-06
7 26 -1.7968499734771378e-05 1.8936838865347179e-06
7 27 -9.9206019326900271e-06 1.3576526850139260e-06
7 28 -1.0320034733359236e-05 -1.8437326327948037e-06
7 29 -9.3368106078419806e-06 1.9816331461375801e-07
7 30 -7.4723969325059549e-06 -5.7541971283850212e-07
7 31 -9.8087733619785080e-06 1.2511663785186919e-07
7 32 -8.6694301239470824e-06 2.2881265318831314e-07
7 33 -6.1328092357797935e-06 2.4022097296302902e-07
7 34 -6.9698090546093790e-06 2.0897176611688157e-07
7 35 -8.1687470009637512e-06 2.5213117647433014e-07
7 36 -7.1981732856698289e-06 1.0844240091315452e-06
7 37 -7.4797419743362015e-06 7.2491921776770191e-08
7 38 -9.7760329301996955e-06 -3.6029728835561262e-07
7 39 -8.4657575597849744e-06 -1.1627127086213125e-06
7 40 -1.3766734949528636e-05 2.7917085436115172e-06
7 41 -1.2374818004405233e-05 -3.8807686818050715e-07
7 42 -1.7863674002593688e-05 1.2100756522252801e-06
7 43 -2.0210378192101921e-05 -3.0454594046148960e-06
7 44 -1.9749754967961445e-05 -2.7817664502696341e-06
7 45 -1.7816772274324273e-05 -8.9635798774853897e-07
7 46 -2.0930330071327635e-05 2.3121340008147201e-07
7 47 -2.8635547355114676e-05 -4.8413415289279928e-06
7 48 -3.9790343718768932e-05 1.4977137247602693e-06
7 49 -3.1615070508952201e-05 -4.1011956729607886e-08
7 50 -3.8215138403716174e-05 -6.1514709810139133e-07
7 51 -4.5325414894145722e-05 1.7490272988748036e-06
7 52 -4.9236433603829743e-05 4.5446227364502903e-06
7 53 -5.6628123913769789e-05 6.1281875381799373e-07
7 54 -6.9715110504795966e-05 6.9860368873475920e-06
7 55 -7.1860320438707883e-05 2.3877144617187592e-05
7 56 -8.9231589607870556e-05 1.3717510325309818e-05
7 57 -1.2312290033626464e-04 -9.8192124753752224e-06
7 58 -1.6297562588986149e-04 -5.6185554722473990e-06
7 59 -1.5753519146144567e-04 1.2895012999873994e-05
7 60 -1.6522032290261322e-04 5.4613970863195048e-06
7 61 -2.1279304296113781e-04 3.2231813371178383e-05
7 62 -1.8843924923655353e-04 2.7330762988156251e-05
7 63 -2.5076910539955180e-04 -2.0993405424803115e-05
7 64 -2.7548554775913716e-04 -1.8848743224123534e-05
7 65 -3.0742198977735550e-04 -4.7242631571286456e-06
7 66 -3.9361144180187117e-04 1.4945564536334670e-05
7 67 -3.7397773906770938e-04 -9.7693366167188585e-05
7 68 -3.3968015269939661e-04 -6.4997898704485587e-05
7 69 -4.3289909890324214e-04 6.3813966109138323e-06
7 70 -6.3941988607658549e-04 -8.7039196823115685e-05
7 71 -7.6731687129346184e-04 -6.7599757427524629e-04
8 0 -8.3073773777836445e-04 -3.9299852445951605e-04
8 1 -3.9168097276196808e-04 2.0106032541019738e-04
8 2 -3.4142284215211494e-04 1.0437408920541983e-04
8 3 -4.6278182282794445e-04 1.1317193615523486e-05
8 4 -3.0338272789934338e-04 -7.3970901659483837e-05
8 5 -2.4360850321584226e-04 -4.8256228445239261e-05
8 6 -2.4750259451022184e-04 -3.3930531461835141e-05
8 7 -1.6126997282470178e-04 -2.6675499969836854e-05
8 8 -1.4394660924061739e-04 -8.9246368416361829e-06
8 9 -5.1876277003374634e-05 3.2963424639343558e-06
8 10 -9.1290939234978639e-05 1.6853245694639546e-05
8 11 -6.3132985176941699e-05 2.6707177114818001e-05
8 12 -7.8133638432302391e-05 -4.4135772741569822e-06
8 13 -6.6601367281452899e-05 1.8228901651122552e-05
8 14 -5.3385909084644109e-05 1.5110801477956095e-05
8 15 -4.3111980234930302e-05 3.2333370859964612e-06
8 16 -5.6361217223095608e-05 -1.6172866217239735e-05
8 17 -4.7023528884026052e-05 -5.1340338394734803e-06
8 18 -2.5166055187644445e-05 -6.6336680973346177e-07
8 19 -1.1571393750131185e-05 -1.7400116700734729e-07
8 20 -1.5430811733644487e-05 7.8107293938216484e-08
8 21 -1.3298811050088415e-05 1.3058545594518062e-07
8 22 -1.4291191968572165e-05 3.4921975769924078e-06
8 23 -1.1893538481286776e-05 1.0639218623568675e-07
8 24 -8.2154827858521457e-06 -5.9558741986132796e-07
8 25 -1.0692661058647008e-05 5.7548056007916490e-07
8 26 -1.1235546311292899e-05 1.1992326911130448e-06
8 27 -3.5999288857865930e-06 8.5524370918525218e-07
8 28 -5.5899954791745642e-06 -1.9766812515451118e-06
8 29 -4.7467019323556831e-06 -7.2259445840685975e-09
8 30 -3.7485022957684882e-06 -3.3670288160794452e-07
8 31 -5.2574525920661948e-06 -4.6426996079826047e-09
8 32 -4.5644202805416002e-06 5.3159000912076900e-07
8 33 -1.9391626456225005e-06 2.1693771195056223e-07
8 34 -2.6613030091326183e-06 6.1245077025322314e-07
8 35 -3.9061539655269499e-06 6.4643964088606346e-07
8 36 -3.6431279577999256e-06 7.3658138097567880e-07
8 37 -3.4942785215572563e-06 -2.1077577806650069e-08
8 38 -5.2397024570115687e-06 -4.8718967099432370e-07
8 39 -3.5811775508172265e-06 -3.9786421003890636e-07
8 40 -7.6904804449909499e-06 2.5904635876556587e-06
8 41 -5.3803010087845781e-06 -1.0456645801627784e-06
8 42 -1.0254888060684767e-05 7.8291454674049302e-07
8 43 -1.1380115611828509e-05 -3.0167186194399787e-06
8 44 -1.0145857831409265e-05 -3.4332484155276126e-06
8 45 -7.8514302552249619e-06 -6.0039754947741657e-07
8 46 -9.2721879048136947e-06 8.7230994155434363e-07
8 47 -1.4150176740661199e-05 -4.4121765212514770e-06
8 48 -2.2101439014102507e-05 1.5100827180993643e-06
8 49 -1.5022251228151195e-05 -1.1580440006133987e-06
8 50 -1.5301268180939100e-05 7.0159743847309798e-07
8 51 -2.4235736412628547e-05 5.0236018707847564e-06
8 52 -2.7437325677895010e-05 2.7622832963737031e-06
8 53 -2.5843011011821608e-05 7.5039701582802682e-07
8 54 -3.7278793803180426e-05 3.0417014426314685e-06
8 55 -3.6490898854272553e-05 1.6924496036887410e-05
8 56 -3.7449040685292036e-05 1.4546033251598824e-05
8 57 -7.0447125427515011e-05 -7.2571999209463047e-06
8 58 -9.9392060337852051e-05 -1.6107777768078860e-05
8 59 -8.2556030162847589e-05 1.5556718378206281e-05
8 60 -8.4621040719718032e-05 8.4657569652093653e-06
8 61 -9.7359799387958538e-05 2.4100087972418981e-05
8 62 -7.9921614630965788e-05 2.8978877914842324e-05
8 63 -1.4611753780685384e-04 -1.2848636495269025e-05
8 64 -1.4922247576854548e-04 -2.1346023694924791e-05
8 65 -1.5802097190582571e-04 -2.4887151341463584e-06
8 66 -1.9781538603194570e-04 7.6374854281536656e-06
8 67 -1.7774036746219518e-04 -8.0602434717260614e-05
8 68 -1.4789134500389821e-04 -1.5708119866185119e-05
8 69 -1.7635087606115193e-04 3.1987052233177992e-05
8 70 -3.8611276346016545e-04 -3.2972182523112220e-05
8 71 -2.8472149415438309e-04 -4.2835803418576218e-04
9 0 -3.3906869339042411e-04 -2.4237337172953728e-04
9 1 -9.3081491941802817e-05 1.7060484939652882e-04
9 2 -2.3510476311852486e-04 1.3820141542497393e-05
9 3 -2.8809242517329798e-04 1.7168163977348560e-06
9 4 -1.5270852397859114e-04 -5.5358887633562492e-05
9 5 -1.1938846918308173e-04 -6.5296745228869723e-05
9 6 -1.3365744901155740e-04 -2.2796990997808696e-05
9 7 -8.3944494239559592e-05 -5.1480976400873933e-06
9 8 -7.8417416683236057e-05 1.1824059639107765e-05
9 9 -7.5848556238222797e-06 1.0850517331571888e-05
9 10 -5.1582131690155161e-05 1.5511926111714200e-05
9 11 -3.1168730614385442e-05 2.5184169409416259e-05
9 12 -4.6502505072898038e-05 1.6393794839985110e-06
9 13 -4.1980467000574077e-05 1.7736793736461487e-05
9 14 -2.8961839146920925e-05 5.0114369429633801e-06
9 15 -2.1707031425248922e-05 -1.3470635353569917e-06
9 16 -3.1130809307904846e-05 -1.5295409813310276e-05
9 17 -2.3110541292911156e-05 -4.3537256519925027e-06
9 18 -8.5905409647177377e-06 2.5378162274699171e-06
9 19 1.1281645402546022e-06 3.4964378344274136e-06
9 20 -6.0974320871077276e-06 -1.4544534409248337e-06
9 21 -3.5296861980653807e-06 9.5296622274528621e-08
9 22 -6.4907415192864961e-06 1.1024671862346453e-06
9 23 -7.4519606546231500e-06 -2.5629482763062203e-07
9 24 -2.7291479706635309e-06 -1.0755672328738679e-06
9 25 -6.2029627071186186e-06 1.0203871305157314e-08
9 26 -7.5635915013056581e-06 9.6212151038310407e-07
9 27 -9.4283722842886183e-07 4.1501107587791200e-07
9 28 -3.1794508294353542e-06 -2.4404591922438074e-06
9 29 -2.1007168195764328e-06 -1.4612486496757487e-07
9 30 -2.0275724907240347e-06 -1.4015560481861687e-07
9 31 -2.6902082438346566e-06 5.8528181072142624e-08
9 32 -2.4631282629712203e-06 5.4393851671933326e-07
9 33 -7.5806650740200268e-08 -2.7845832334838489e-07
9 34 -6.2655548633243561e-07 8.7550174841477394e-07
9 35 -1.8042581049915765e-06 6.5166536974321264e-07
9 36 -1.4824200602072286e-06 6.7109218274967904e-08
9 37 -1.6045889492251224e-06 2.7999680801643348e-07
9 38 -2.9785335450614615e-06 -2.8766822836141150e-07
9 39 -1.3431898878160855e-06 6.6427993122409620e-07
9 40 -4.4091316825074737e-06 1.8098082143019361e-06
9 41 -2.0211798276837881e-06 -1.3142109504872622e-06
9 42 -6.3813742841831343e-06 3.3270189818338767e-07
9 43 -6.7263846130115100e-06 -3.0250887084148024e-06
9 44 -6.3606627886065807e-06 -4.5283637666095831e-06
9 45 -2.6947262365499180e-06 -2.7024454736583448e-07
9 46 -4.1816194007200720e-06 3.7412540503720135e-07
9 47 -5.8093523846876305e-06 -3.3884747464270439e-06
9 48 -1.2142069131602698e-05 1.2531503151013941e-06
9 49 -6.9015402817459885e-06 -8.5691761030458578e-07
9 50 -2.3678942819682986e-06 -1.1104697456522405e-07
9 51 -1.2190710331172017e-05 5.6249583756852393e-06
9 52 -1.6038302332345385e-05 1.6239644149477739e-06
9 53 -8.1975270010757924e-06 1.2189117511398848e-06
9 54 -2.1509341665300341e-05 9.1030067238126191e-07
9 55 -2.4581245084555522e-05 9.5371791373701754e-06
9 56 -6.0069973243856154e-06 1.3018135715243825e-05
9 57 -4.0516036816154702e-05 -2.5051954752729419e-06
9 58 -6.1982293949950065e-05 -2.2405516457827659e-05
9 59 -4.3185436589296793e-05 1.0329640300851583e-05
9 60 -4.3832615863063580e-05 9.1087100139171719e-06
9 61 -3.7421702734595456e-05 2.1007434176491252e-05
9 62 -2.2816310964983089e-05 2.4839289602581229e-05
9 63 -8.9046473071764109e-05 -1.8295872785754951e-05
9 64 -8.2872619420430518e-05 -1.1602465163335193e-05
9 65 -8.3834415261316989e-05 -2.8709647586237279e-06
9 66 -9.5440420860610530e-05 -3.6194448392569341e-08
9 67 -6.4971531171888184e-05 -2.6259574537381379e-05
9 68 -6.0202991692361568e-05 1.6611082277186214e-05
9 69 -9.0153430614077045e-05 6.0663636878920307e-05
9 70 -2.4851707693038775e-04 -3.0638682874423573e-05
9 71 -5.8478634038314125e-05 -2.6485046243670450e-04
10 0 4.9530544952615438e-05 -1.5500648914928890e-04
10 1 3.6138183986744113e-05 1.7960315136964788e-04
10 2 -1.6619419167224753e-04 -4.7728747217796434e-05
10 3 -1.8595449261382194e-04 -1.0134699159566027e-05
10 4 -7.2548629479930675e-05 -3.3051738686429230e-05
10 5 -4.7717098271704011e-05 -7.2973468619347233e-05
10 6 -8.0257228189668198e-05 -1.9297137241466639e-06
10 7 -5.3541991011997414e-05 6.4496910450380875e-06
10 8 -4.0977307745686889e-05 2.4249091248232780e-05
10 9 3.0588148745339270e-06 9.3504723327527053e-06
10 10 -3.0120535609506735e-05 1.3594335337789987e-05
10 11 -1.8414602857283117e-05 2.5632970260318512e-05
10 12 -2.4362331550806261e-05 4.6876827892586756e-06
10 13 -2.8288655564090135e-05 1.4530005295030437e-05
10 14 -1.7537656173031985e-05 1.3620452979774967e-06
10 15 -1.0051050729730161e-05 -4.7104446348591326e-06
10 16 -1.8014667593686218e-05 -1.2017898045842363e-05
10 17 -9.9798477515800768e-06 -6.2327780676771063e-06
10 18 1.4762184958880667e-07 4.6795170940777612e-06
10 19 5.3239251498490112e-06 4.1521032779099602e-06
10 20 -1.9094097977902268e-06 -1.2743394380837397e-06
10 21 3.3547147340667340e-06 -1.1813537376510933e-06
10 22 -2.7083671077434213e-06 -1.4816216467537845e-06
10 23 -3.6619390438242172e-06 -1.0080115597653477e-06
10 24 2.7948762785299621e-07 -7.4878850421892037e-07
10 25 -3.8287461898255751e-06 5.1059411321258924e-07
10 26 -5.5446298398727274e-06 1.1271641594908432e-06
10 27 -7.5222100317548406e-08 4.6362536648507343e-07
10 28 -1.8279291721769226e-06 -2.4300444869606093e-06
10 29 -1.0063975687402899e-06 2.4235349738200342e-07
10 30 -8.4250821050572590e-07 -5.8251374529518053e-07
10 31 -8.8584294627560852e-07 4.9170926747958840e-07
10 32 -1.0927819556859150e-06 7.0769490916495646e-07
10 33 3.5952689844975884e-07 -6.3844452906426456e-07
10 34 1.9386774113185099e-07 6.1342725727237690e-07
10 35 -9.2046388869099211e-07 3.7278084622115594e-07
10 36 -2.4192817359737283e-07 -4.8066467116867260e-07
10 37 -3.0601567332158766e-07 7.4947886769399694e-07
10 38 -2.0502285832174345e-06 6.2442047028816245e-07
10 39 -6.3953048762403832e-07 1.4680892702710586e-06
10 40 -2.7420376383044737e-06 1.0762030245983743e-06
10 41 -1.0528353733911045e-06 -2.1758433268462395e-06
10 42 -4.3421967508840923e-06 -8.6215945664591998e-08
10 43 -4.4163323400172528e-06 -3.1275149905258589e-06
10 44 -5.6505089668708609e-06 -4.3070542181041058e-06
10 45 1.6061109752519896e-07 -1.5282608206280456e-07
10 46 -2.7138932475767381e-06 -6.5867913261614378e-07
10 47 -1.1956366498661624e-06 -1.6491018168296252e-06
10 48 -6.4286732097431355e-06 1.3088931704359972e-06
10 49 -2.6045725906405110e-06 4.9654834769035787e-07
10 50 4.3650515496285826e-06 -2.1032903029425800e-06
10 51 -5.5917293271960165e-06 3.1599233017054024e-06
10 52 -1.0538163413188922e-05 2.7188628351986071e-06
10 53 -7.2598088728619351e-07 1.5684304745067018e-06
10 54 -9.3285261478676292e-06 1.2280988035736104e-06
10 55 -2.0686836185548823e-05 1.3319606654871520e-06
10 56 9.0252528213833566e-06 8.4348866748581893e-06
10 57 -2.6487676149869698e-05 -1.0607702118945277e-06
10 58 -3.2677562640898267e-05 -2.1478660566160416e-05
10 59 -2.3751506730955309e-05 1.6853712741899931e-06
10 60 -2.5468042281049153e-05 1.1269005715921429e-05
10 61 -1.0447241416643715e-05 1.7316610528881504e-05
10 62 -3.7285903400029560e-06 1.4784984333999751e-05
10 63 -5.8412481928085257e-05 -2.3925728993117115e-05
10 64 -4.5830020542128145e-05 -8.1459303791182911e-06
10 65 -3.9198827322706538e-05 -9.5466631521172355e-07
10 66 -3.8951854165790656e-05 9.9028669099259521e-07
10 67 -4.5139793273037274e-07 8.6287272419018742e-06
10 68 -3.5771290695176806e-05 4.6500911328461654e-05
10 69 -6.9077229966748243e-05 8.7017094160137055e-05
10 70 -1.3333045746615260e-04 -5.2834779900744208e-05
10 71 7.6593573727227256e-05 -2.3172276334661458e-04
