0 0 -1.2144465075134681e+00 5.7453283802702397e-19
0 1 -1.6041082523132508e-01 9.3858686094072940e-20
0 2 -5.6772179237623545e-02 -1.6114651567310388e-20
0 3 -3.2626906589376364e-02 1.1065261461175077e-21
0 4 -2.5388761373401205e-02 -1.2156285382594394e-21
0 5 -2.2322230460412654e-02 -1.1029583711595981e-21
0 6 -1.9640011749817676e-02 -2.7037872254331179e-22
0 7 -1.6604333420898211e-02 3.6771669940404408e-22
0 8 -1.3739797132994202e-02 -4.5133777256290921e-22
0 9 -1.1876741470650069e-02 -7.3855950804837010e-23
0 10 -1.0265173350335156e-02 3.3756019253851732e-22
0 11 -8.4892558325363587e-03 3.3497614227797780e-22
0 12 -7.1032581429078118e-03 6.7190231263158878e-23
0 13 -6.2458095322774380e-03 -2.3035397166823487e-22
0 14 -5.4975671566216888e-03 -8.5971626199224202e-23
0 15 -4.7176751574929511e-03 1.9445376456073834e-22
0 16 -4.1202173310156964e-03 3.8895039754006294e-23
0 17 -3.7585642231190240e-03 8.0655024635816990e-23
0 18 -3.5070655490008966e-03 1.2819334862901165e-23
0 19 -3.1344718055945375e-03 -2.2302070266996094e-22
0 20 -2.5964622577678204e-03 -3.7157462320851465e-23
0 21 -2.2436268740210568e-03 8.8016781694208204e-23
0 22 -1.9270283475216346e-03 -3.8417995264650977e-23
0 23 -1.5965333226098419e-03 1.5991619429243167e-23
0 24 -1.2624718894048799e-03 2.2130598752228875e-23
0 25 -1.0062498581095212e-03 3.9227700581681308e-23
0 26 -8.1851763685800941e-04 -2.1756070849737269e-23
0 27 -6.8690558079731370e-04 8.5087053787472606e-24
0 28 -5.8581697607114412e-04 1.0494170641399606e-23
0 29 -5.1448829873837812e-04 8.9503032266097823e-25
0 30 -4.7503777826733918e-04 6.6449473922820419e-24
0 31 -4.5158752495121188e-04 -2.1050238198566155e-23
0 32 -4.1807736282490775e-04 3.5580234306885452e-23
0 33 -4.1081195162657937e-04 -7.1553138076110041e-24
0 34 -4.1194793623247687e-04 -5.4403172870344971e-24
0 35 -4.0814111742530770e-04 -7.2080769297440047e-24
0 36 -4.0119123478996418e-04 -1.2858483669110636e-23
0 37 -3.8481174713469194e-04 -2.6799798850000656e-23
0 38 -3.7311106697443780e-04 -5.8536372141511947e-25
0 39 -3.4710312551897897e-04 -7.8538268064402706e-24
0 40 -3.3427961942707863e-04 -2.2969359321524603e-23
0 41 -3.4448673747766462e-04 5.0462415322653373e-24
0 42 -3.7690154134034122e-04 1.0919590492752401e-24
0 43 -4.2293831229471226e-04 -1.2024007058207268e-23
0 44 -4.6810413374681316e-04 2.0807627501660872e-23
0 45 -5.1006471190150580e-04 -9.9760329747528778e-24
0 46 -5.7355854522300612e-04 -1.5367464908959612e-23
0 47 -6.5039309840735982e-04 -2.6334208226843085e-24
0 48 -7.7566689030951789e-04 -5.8496136228951794e-23
0 49 -8.9216108789620251e-04 1.4805063760904217e-23
0 50 -1.0164087754696645e-03 3.2862632914143401e-23
0 51 -1.2252461098512986e-03 -3.6263928742761237e-23
0 52 -1.4715026364546452e-03 5.6346211087392718e-24
0 53 -1.7827328348332724e-03 3.0722878904686143e-23
0 54 -2.1500502712467249e-03 -7.2808532653161189e-24
0 55 -2.5348305567055628e-03 -4.2310396609751845e-23
0 56 -2.9213423252547727e-03 1.2742570535009302e-22
0 57 -3.4080528974348902e-03 -1.7917789983989837e-23
0 58 -4.0055838185989656e-03 -1.9954942554346039e-22
0 59 -4.8099282467439835e-03 3.0122050121501416e-23
0 60 -5.7148048567823009e-03 -6.8419796176682238e-23
0 61 -6.7937622783259171e-03 5.8738764932325202e-24
0 62 -8.0287618142117489e-03 -4.9680359664476153e-22
0 63 -9.5726824834797223e-03 -1.5925503650670930e-22
0 64 -1.1738921818821520e-02 4.9144377695139857e-22
0 65 -1.4672169776837518e-02 1.6972115831433341e-22
0 66 -1.8022677417023628e-02 4.6328543750962144e-22
0 67 -2.2460054771967001e-02 -1.7667483493993349e-22
0 68 -2.6705728918757658e-02 1.5826593927620286e-21
0 69 -3.4429087642443554e-02 -1.1468910403784450e-21
0 70 -6.0317219777752000e-02 6.3435518599704142e-21
0 71 -1.6478828866199477e-01 -1.4645712532536787e-19
1 0 -3.7329525927081092e-01 1.2711142542022598e-03
1 1 -9.7556485029792292e-02 2.5112200108967674e-04
1 2 -4.1093354763251488e-02 -2.7750437797441937e-04
1 3 -2.4404731162192002e-02 -1.1725894236107299e-04
1 4 -1.9336858103874945e-02 -7.3138681378468896e-05
1 5 -1.7012309966934154e-02 -5.9277998004670430e-05
1 6 -1.5059207811817639e-02 1.0049753695467507e-05
1 7 -1.2735486703863014e-02 -3.1069339864600666e-05
1 8 -1.0499434452733986e-02 8.9003585085704760e-06
1 9 -9.0626615052243134e-03 -1.2237804939127198e-05
1 10 -7.8358856135291657e-03 1.5841348403747380e-05
1 11 -6.4857964008782354e-03 4.2559251016321698e-05
1 12 -5.4532682733829576e-03 4.5451247389177349e-05
1 13 -4.7997345641618517e-03 3.1530408232299207e-05
1 14 -4.2102521014517041e-03 1.4598356858558852e-05
1 15 -3.6058434459617927e-03 1.3868148171263134e-06
1 16 -3.1604149889619174e-03 -1.4020518865993568e-06
1 17 -2.8792792610116162e-03 1.1035040890839565e-05
1 18 -2.6870044724894887e-03 8.5838236050241369e-06
1 19 -2.3912798434098047e-03 -9.0171939539422396e-08
1 20 -1.9835329988482932e-03 -1.1200307503660045e-05
1 21 -1.7094597565590699e-03 -5.9137839664902564e-06
1 22 -1.4657344307550436e-03 -5.4378958622370681e-06
1 23 -1.2148716000071722e-03 1.4378798869396421e-06
1 24 -9.5918235069615099e-04 -2.1788594099922369e-06
1 25 -7.6332807542221662e-04 1.0590766100361643e-06
1 26 -6.2284911895894716e-04 1.7349268586606776e-06
1 27 -5.2218028977177387e-04 -6.4963624299304910e-07
1 28 -4.4603701838910408e-04 3.2080331936002329e-07
1 29 -3.9073782232886033e-04 1.3408452683840523e-07
1 30 -3.6123172071815009e-04 1.6842543543700517e-06
1 31 -3.4521582558275110e-04 -7.6964904165005949e-07
1 32 -3.1980226093988439e-04 -8.6503206322311666e-07
1 33 -3.1470390855960629e-04 -2.0280081342317133e-07
1 34 -3.1485966044279140e-04 -9.0073740690298039e-07
1 35 -3.1235082220153616e-04 -3.1351139779740384e-08
1 36 -3.0733408028708561e-04 9.1510267619447474e-07
1 37 -2.9391073412048682e-04 -2.3821792653128680e-07
1 38 -2.8450445791006445e-04 -6.7642815472374185e-07
1 39 -2.6504761445184653e-04 2.0965204950324707e-07
1 40 -2.5469106385759801e-04 -2.8182702740493923e-07
1 41 -2.6254642129163808e-04 2.3660844085422453e-07
1 42 -2.8732369941110089e-04 2.9322349859190616e-07
1 43 -3.2257482477676501e-04 8.0681719748450726e-07
1 44 -3.5735275778661424e-04 -1.4592203621469733e-07
1 45 -3.8996024620263457e-04 2.4626880572920683e-06
1 46 -4.4007935322492442e-04 4.8282729908263159e-06
1 47 -4.9718892275195685e-04 2.3457504496407815e-06
1 48 -5.9177463859727488e-04 -1.9464524519539894e-06
1 49 -6.8270039819166622e-04 -5.4969672711209991e-06
1 50 -7.7856207988683912e-04 -2.4429571087002998e-07
1 51 -9.3676215289406140e-04 1.9000970299597622e-06
1 52 -1.1196828021052593e-03 -2.4040632675074374e-06
1 53 -1.3525567021810631e-03 -4.0874929233050819e-06
1 54 -1.6312300442895505e-03 1.4390400754771689e-06
1 55 -1.9367096073008335e-03 9.6595568187547230e-06
1 56 -2.2353236797993197e-03 7.4291047606455806e-06
1 57 -2.6020965243743997e-03 4.0643907023272181e-06
1 58 -3.0567814959863051e-03 5.0155687543664974e-06
1 59 -3.6770246643040654e-03 9.8575341829166495e-06
1 60 -4.3752159368406658e-03 -5.6094053686789977e-06
1 61 -5.1956380177977943e-03 1.1031102094467764e-05
1 62 -6.1535489153679897e-03 2.0006619849866277e-06
1 63 -7.3324411908860096e-03 1.9480721641468604e-05
1 64 -8.9712827036360979e-03 5.3336011864169822e-05
1 65 -1.1226606305773551e-02 6.6025663823571082e-05
1 66 -1.3816803147118707e-02 7.8913757168858843e-05
1 67 -1.7148572955669617e-02 -4.0865748387712705e-06
1 68 -2.0357653903617105e-02 -9.0007029278203215e-05
1 69 -2.5776601794788048e-02 8.3285703530276394e-05
1 70 -4.3161016426801022e-02 1.9934593767087752e-04
1 71 -9.9933532087862736e-02 4.7917526788022081e-04
2 0 -1.1890082440895960e-01 5.3661554506313292e-04
2 1 -4.7657325637809604e-02 3.1502520854881757e-04
2 2 -2.3575471386088342e-02 -3.9237416916223952e-04
2 3 -1.4581921125432988e-02 -2.3649449762735972e-04
2 4 -1.1921065235504317e-02 -1.2146450551771962e-04
2 5 -1.0493662899527183e-02 -8.0794386677434144e-05
2 6 -9.4198659809860402e-03 1.3835823345440487e-05
2 7 -7.9796561309817115e-03 -3.9290628596846509e-05
2 8 -6.5112339435281575e-03 1.9867164688942467e-05
2 9 -5.6382473293048888e-03 4.9576940725758118e-06
2 10 -4.8599080969532176e-03 3.1555985318350076e-05
2 11 -4.0151447616812259e-03 5.9846350480219875e-05
2 12 -3.4068552126735891e-03 5.0703727452114360e-05
2 13 -2.9964454636706305e-03 4.2629827278111278e-05
2 14 -2.6147299180466882e-03 2.3201491902130343e-05
2 15 -2.2381248242318045e-03 6.3582012899268924e-07
2 16 -1.9808494736457466e-03 5.3195050239871870e-07
2 17 -1.7994167082246294e-03 1.4810830943515129e-05
2 18 -1.6732851688611669e-03 9.3762663141509767e-06
2 19 -1.4760465137998949e-03 -6.3049330137047083e-06
2 20 -1.2331108988235303e-03 -1.4792214795594863e-05
2 21 -1.0524595999387286e-03 -5.4626400782094771e-06
2 22 -8.9763502968149092e-04 -7.7124577711760749e-06
2 23 -7.4459024950871355e-04 3.4082361374405689e-06
2 24 -5.8699039829356958e-04 -2.7497299887785580e-06
2 25 -4.6512825457963692e-04 1.4008519271002036e-06
2 26 -3.8355254377038213e-04 2.9897517802732568e-06
2 27 -3.2098145508943724e-04 -1.1708491858120347e-06
2 28 -2.7491729583727835e-04 6.6550417282631041e-07
2 29 -2.3927091916695504e-04 -2.9601557248817124e-07
2 30 -2.2174399551988075e-04 1.2923113177467895e-06
2 31 -2.1316563994971247e-04 -8.7058198794606694e-07
2 32 -1.9854721464190905e-04 -6.7844589738093780e-07
2 33 -1.9618914037500168e-04 1.0179925023658516e-07
2 34 -1.9495027515898015e-04 -1.0449652287098020e-06
2 35 -1.9391595466014989e-04 -2.3174808926292215e-07
2 36 -1.9128104881229531e-04 1.1150332576478527e-06
2 37 -1.8182210790779587e-04 -5.0762426414757532e-07
2 38 -1.7508354615443085e-04 -1.1504929351219005e-06
2 39 -1.6388396683864075e-04 3.9918857177447782e-07
2 40 -1.5637392571471174e-04 -1.1972113541928571e-07
2 41 -1.6130291486411157e-04 2.3531623343089338e-07
2 42 -1.7652962863460534e-04 -6.3763655430151014e-07
2 43 -1.9973636262549078e-04 9.8209473191150204e-07
2 44 -2.2169624665713456e-04 2.4625770576046340e-07
2 45 -2.4207740725659473e-04 2.9016851333181183e-06
2 46 -2.7492914452031649e-04 6.8304853356369213e-06
2 47 -3.0904105538587755e-04 4.6647761098822774e-06
2 48 -3.6679059332848886e-04 -3.4250117034459256e-06
2 49 -4.2332870601741711e-04 -7.2186001397100173e-06
2 50 -4.8536378138806265e-04 -1.4778450728032101e-06
2 51 -5.8081118163749929e-04 2.4744799609541872e-06
2 52 -6.8825320737827438e-04 -2.7828919536222821e-06
2 53 -8.2609297009436601e-04 -3.2218744661444970e-06
2 54 -9.9669779290179105e-04 4.1193277064710139e-06
2 55 -1.1986653975164221e-03 1.4418019102709703e-05
2 56 -1.3931017821830038e-03 1.7015391773099299e-05
2 57 -1.6118574199186636e-03 3.0562963159560297e-06
2 58 -1.8896087711166318e-03 5.0672592486231538e-06
2 59 -2.2777298959028068e-03 9.2192386868872676e-06
2 60 -2.7156218625399692e-03 -7.3063741464773709e-06
2 61 -3.2143678224456867e-03 1.9346098900255330e-05
2 62 -3.8317459090173450e-03 -2.8573743088617975e-06
2 63 -4.5658823704191201e-03 1.3434636546402372e-05
2 64 -5.5578377817250791e-03 7.8166109923311945e-05
2 65 -6.9298896341078650e-03 9.0565088568603363e-05
2 66 -8.5948833510794773e-03 1.1953789830944882e-04
2 67 -1.0550450114377257e-02 4.0461696433675704e-06
2 68 -1.2590581287334807e-02 -8.5905548584651486e-05
2 69 -1.5356248675464359e-02 7.0952732917124717e-05
2 70 -2.4103311821196984e-02 2.0111492556935224e-04
2 71 -4.8589721457187159e-02 5.4639783129736992e-04
3 0 -4.0353463166165990e-02 -6.4314744824886034e-05
3 1 -2.2128915425758369e-02 4.7285472390784679e-04
3 2 -1.2411529030996614e-02 -3.2531591930452867e-04
3 3 -7.9798690086827842e-03 -2.4993274466187623e-04
3 4 -6.7969337336503989e-03 -1.3431368793249190e-04
3 5 -6.0034636242917595e-03 -5.3712777690948359e-05
3 6 -5.4854869275927859e-03 -7.8883482876969513e-06
3 7 -4.6359438517275973e-03 -2.5128504097020732e-05
3 8 -3.7350275933078522e-03 6.6992202376485051e-06
3 9 -3.2695173517588816e-03 1.8089327389277969e-05
3 10 -2.7848747567001102e-03 4.5980287336364659e-05
3 11 -2.2972558178876467e-03 5.7877404087740538e-05
3 12 -1.9742735815529932e-03 4.1079275285271613e-05
3 13 -1.7261392511154316e-03 3.6077104545104473e-05
3 14 -1.4967310589785920e-03 1.2793546124752516e-05
3 15 -1.2838327502834393e-03 1.1908154998006379e-06
3 16 -1.1517919408085501e-03 2.8484422384890296e-06
3 17 -1.0480822772036482e-03 1.1390373540888453e-05
3 18 -9.6681115302072395e-04 3.2171696558358509e-06
3 19 -8.4193126262069578e-04 -1.3992468738262862e-05
3 20 -7.0689764898865953e-04 -1.2042405546946622e-05
3 21 -5.9914919536665947e-04 6.7606568775956379e-07
3 22 -5.0476078809853818e-04 -4.7340970574972989e-06
3 23 -4.1775216528133367e-04 5.3055965830855500e-06
3 24 -3.3193623075843912e-04 -2.7093620406654149e-06
3 25 -2.6018431074676209e-04 2.3055696547999737e-06
3 26 -2.1815380532165169e-04 2.7745622396863428e-06
3 27 -1.8244315064076393e-04 -1.6367866410426753e-06
3 28 -1.5633443773779523e-04 8.3252473891365603e-07
3 29 -1.3523842974172000e-04 -4.8167576894752616e-07
3 30 -1.2532243058948061e-04 7.3267335691633782e-07
3 31 -1.2102570848488172e-04 1.9692449214371926e-07
3 32 -1.1467219317287038e-04 -3.5592213458108793e-07
3 33 -1.1414913707006790e-04 2.0820965718552553e-07
3 34 -1.1146950527025952e-04 -9.9078010524575967e-07
3 35 -1.1186375638365158e-04 -1.2730428091080574e-06
3 36 -1.1055834986471154e-04 6.8611524776211410e-07
3 37 -1.0428547123678990e-04 -5.7787761715499096e-07
3 38 -9.9365397240596369e-05 -1.0182840917072961e-06
3 39 -9.3678668710381915e-05 5.8445355007284212e-07
3 40 -8.8540302986981901e-05 -1.1937536703085109e-07
3 41 -9.1396360584826663e-05 3.4833543531029852e-07
3 42 -9.9179710802368957e-05 -1.5185688826664251e-06
3 43 -1.1447255832184715e-04 1.1610074610732614e-06
3 44 -1.2765300021346830e-04 3.0909021828468118e-07
3 45 -1.3899145264912620e-04 3.1362284920435415e-06
3 46 -1.5993923111889204e-04 5.6835141467646566e-06
3 47 -1.7804515111031222e-04 5.5873962123392844e-06
3 48 -2.1209774100686008e-04 -5.4918514269110319e-06
3 49 -2.4207597969464449e-04 -6.4015504891460769e-06
3 50 -2.8109095954253582e-04 -3.5657669196044908e-06
3 51 -3.3254157237635302e-04 2.7346555400459159e-06
3 52 -3.9001136120683430e-04 -1.0030663324322227e-06
3 53 -4.6597302618825849e-04 -1.1860557462698121e-06
3 54 -5.5738782589361457e-04 5.6134832343212123e-06
3 55 -6.8820331868044116e-04 1.6097353667432575e-05
3 56 -8.0767525902908008e-04 2.4181909142908598e-05
3 57 -9.2156137728134158e-04 1.9051298068804809e-06
3 58 -1.0813613008195000e-03 1.2943961572490448e-05
3 59 -1.3018979036583439e-03 2.6705220187256444e-06
3 60 -1.5573770465876473e-03 -4.6104156115398377e-06
3 61 -1.8431163998919727e-03 2.8336400537884043e-05
3 62 -2.2094895424894473e-03 -6.1556671028064216e-06
3 63 -2.6356194784898264e-03 1.1415248933959809e-06
3 64 -3.1781064896295522e-03 7.3937220880141441e-05
3 65 -3.9246594254758391e-03 9.2464957977236750e-05
3 66 -4.9129356426157646e-03 1.4031265439278017e-04
3 67 -5.9121036694614664e-03 3.4152707738306004e-05
3 68 -7.1910401588670984e-03 -9.0813209704610393e-05
3 69 -8.3494321300368567e-03 3.0660903500567806e-05
3 70 -1.2237747155485604e-02 -3.9045117830009316e-05
3 71 -2.2102104420088014e-02 6.0468009358021469e-05
4 0 -1.5135450922045829e-02 -2.8382158973768004e-04
4 1 -9.9007558319884684e-03 2.3372274932377258e-04
4 2 -6.3082759747032664e-03 -1.5839177656003930e-04
4 3 -4.1512612857267156e-03 -1.9574569381903694e-04
4 4 -3.7493474710506517e-03 -1.2825521044033963e-04
4 5 -3.3121108172363273e-03 -1.2987279897875798e-05
4 6 -3.0802975376887400e-03 -1.2692527950048503e-05
4 7 -2.5774501820402668e-03 -1.0899012214516100e-05
4 8 -2.0636362300954611e-03 -1.9848151575784391e-06
4 9 -1.8409809935864680e-03 9.7858708632234876e-06
4 10 -1.5224164003495952e-03 6.3549543338138964e-05
4 11 -1.2647180290312847e-03 4.1515654756855686e-05
4 12 -1.1018880207545097e-03 3.1836490539091373e-05
4 13 -9.5038193819217405e-04 2.4080226640043226e-05
4 14 -8.2028421683124654e-04 -1.2641578353399854e-06
4 15 -7.0792018894651936e-04 5.2065174450636534e-06
4 16 -6.4363746771440656e-04 9.8286938213450274e-07
4 17 -5.8708323682812771e-04 3.2280265823919784e-06
4 18 -5.3833724973153564e-04 -6.8970883599687383e-06
4 19 -4.6295397113136689e-04 -1.6210211255137494e-05
4 20 -3.8684232083142597e-04 -8.9899899098359428e-06
4 21 -3.2673814199861439e-04 6.4304057581443736e-06
4 22 -2.7167606918021629e-04 1.8942013205992103e-06
4 23 -2.2269938732724160e-04 5.2909523534537345e-06
4 24 -1.8037043335177150e-04 -3.2947920116165956e-06
4 25 -1.3891945209726771e-04 2.4077955084298970e-06
4 26 -1.1894296128852450e-04 1.3861928534540232e-06
4 27 -9.9558303482526786e-05 -2.2093982030526769e-06
4 28 -8.5370775972011667e-05 8.4562505536306208e-07
4 29 -7.3187925299409145e-05 -6.2611162479907781e-07
4 30 -6.8004963710607282e-05 2.5441581143688945e-08
4 31 -6.6176439805222431e-05 1.3974313918449543e-06
4 32 -6.3852689442270985e-05 -1.8071427815734909e-07
4 33 -6.4271399648437548e-05 1.9828381193937426e-07
4 34 -6.0947306533321232e-05 -4.3477399489010759e-07
4 35 -6.2505035052606121e-05 -2.7143074276285534e-06
4 36 -6.1082273057252247e-05 2.4595555497947039e-07
4 37 -5.7900563037449324e-05 -8.7090026897463339e-07
4 38 -5.3978624148421996e-05 -1.0134769152831639e-06
4 39 -5.1313962253764111e-05 8.9670957084346039e-07
4 40 -4.8160015142106671e-05 -7.7336005231688608e-08
4 41 -4.9811443947084797e-05 5.4932123020862963e-07
4 42 -5.2910912857975442e-05 -1.4122945162499810e-06
4 43 -6.3507838102581747e-05 1.1064984892887752e-06
4 44 -7.0602282733311304e-05 2.7199209852107755e-07
4 45 -7.6348460525054406e-05 2.8641516542939901e-06
4 46 -8.9967990013301252e-05 3.6998781125580322e-06
4 47 -9.8665569218646195e-05 5.2358505938116261e-06
4 48 -1.1905196946049626e-04 -6.6348397841049811e-06
4 49 -1.3238923837007076e-04 -5.1863325866153915e-06
4 50 -1.5750265878732004e-04 -4.6539861012938028e-06
4 51 -1.8301309544337650e-04 3.3777087865968433e-06
4 52 -2.1199786453716057e-04 1.6614454221320038e-06
4 53 -2.5302103221909721e-04 -4.7742759639686122e-07
4 54 -2.9580246161834100e-04 6.9402020820092714e-06
4 55 -3.8192221985062445e-04 1.2103476647300931e-05
4 56 -4.4630124581048755e-04 2.7903475387475238e-05
4 57 -5.0305637713433775e-04 1.8021475908621437e-06
4 58 -5.9547230862408310e-04 2.0268017948826957e-05
4 59 -7.0962986382554216e-04 -3.1859127647237913e-06
4 60 -8.6040112284390487e-04 -7.7205045373151325e-07
4 61 -1.0197525365896365e-03 2.1052328912784911e-05
4 62 -1.2231114542610468e-03 -5.0113972502516204e-06
4 63 -1.4538664839259642e-03 -8.4015582354060019e-08
4 64 -1.7418977245367956e-03 6.5419612676757260e-05
4 65 -2.1408697350235074e-03 7.1388563587656214e-05
4 66 -2.6796674166811520e-03 1.2591149125243848e-04
4 67 -3.1221299155579272e-03 7.9483109704440218e-05
4 68 -3.9116443889510794e-03 -1.0006660844455606e-04
4 69 -4.3200192639169946e-03 -1.2832714252190682e-05
4 70 -5.8940426862080907e-03 -1.3349406481616007e-04
4 71 -9.7017674678988152e-03 1.5621175514512388e-04
5 0 -5.9982023691919680e-03 -3.2341409218471727e-04
5 1 -4.2611453927860147e-03 1.9698499824146682e-04
5 2 -3.2073002177426869e-03 -3.5723810908968571e-05
5 3 -2.1124015112441940e-03 -1.0376756480832997e-04
5 4 -2.0121394981877910e-03 -1.1913097913235901e-04
5 5 -1.7675505466374856e-03 3.2921452085897145e-05
5 6 -1.7005950173522182e-03 3.2610841931588760e-06
5 7 -1.3995410484385433e-03 -5.1611121092790569e-06
5 8 -1.1189583149937793e-03 -1.6552464017975411e-05
5 9 -1.0300907458673835e-03 3.7949168964139409e-06
5 10 -8.1321850214029321e-04 6.1296385930004944e-05
5 11 -6.8256963444731039e-04 2.6591242110598493e-05
5 12 -5.9605777151581813e-04 2.1173987709812016e-05
5 13 -5.0781096421284892e-04 1.5299442561147418e-05
5 14 -4.3397319803811096e-04 -1.4207431586846920e-05
5 15 -3.7697449811904327e-04 7.8571904108073110e-06
5 16 -3.5182418321989416e-04 -3.7200518950658456e-06
5 17 -3.2050487540361239e-04 -5.5775834823360237e-06
5 18 -2.9539965935912265e-04 -1.2103769810190398e-05
5 19 -2.5227947190199508e-04 -1.5755304672259319e-05
5 20 -2.0448637241330037e-04 -8.4189542378242284e-06
5 21 -1.7354234068220348e-04 6.0236017499926681e-06
5 22 -1.4205890235891410e-04 5.3878323794427756e-06
5 23 -1.1208754371810138e-04 3.6537633378162839e-06
5 24 -9.5483421219566612e-05 -3.6427417805849578e-06
5 25 -7.0931182673590219e-05 2.5427778890925152e-06
5 26 -6.2850485887572699e-05 -7.4775228444065331e-07
5 27 -5.2133228348532232e-05 -2.8600772537372116e-06
5 28 -4.6040119652798933e-05 7.1070591737955854e-07
5 29 -3.8474094196598971e-05 -3.5111623792685769e-07
5 30 -3.6252939932419913e-05 -7.0030115918368308e-07
5 31 -3.5037648051054080e-05 2.0692925326245418e-06
5 32 -3.4331893346098912e-05 -3.7162214880041463e-07
5 33 -3.5630775504398412e-05 1.4373873927353960e-07
5 34 -3.2142116426172073e-05 3.9191331080974556e-07
5 35 -3.4357986535136551e-05 -3.6181111307812029e-06
5 36 -3.2721548597434503e-05 -8.0965316268164522e-08
5 37 -3.1615797536108194e-05 -8.3682600876358271e-07
5 38 -2.8861702348494492e-05 -1.2782145759777000e-06
5 39 -2.7546522958093114e-05 1.6003788234467361e-06
5 40 -2.5727144779727001e-05 -1.3032961453056101e-07
5 41 -2.6770697914468601e-05 7.8888532117218484e-07
5 42 -2.7488156167676123e-05 -6.5961044531742400e-07
5 43 -3.4590979192478843e-05 9.3050890754488003e-07
5 44 -3.7524097471196603e-05 2.1280567930147216e-07
5 45 -4.1195051546842452e-05 1.3987865292357651e-06
5 46 -4.8905629462879186e-05 2.0143107026673768e-06
5 47 -5.3316635388324524e-05 4.7080423816389305e-06
5 48 -6.4462170537179302e-05 -7.0581769250477215e-06
5 49 -7.1281604026296032e-05 -4.3312077622059240e-06
5 50 -8.5778431910520970e-05 -3.8943814144324451e-06
5 51 -9.6598896986564153e-05 3.3670839210145570e-06
5 52 -1.1275680912201513e-04 2.7960462015659592e-06
5 53 -1.3485887251289837e-04 2.3923343698768054e-08
5 54 -1.5289834937827612e-04 7.8750666284731160e-06
5 55 -2.0839702469403976e-04 6.6098866635385152e-06
5 56 -2.3643955089239585e-04 2.8458750419993876e-05
5 57 -2.6695650993939707e-04 1.6714516475239283e-06
5 58 -3.2287299650650999e-04 2.2387871211360179e-05
5 59 -3.7375534448319379e-04 -8.8222614069921146e-06
5 60 -4.6678733367851166e-04 -5.4893023361461921e-06
5 61 -5.5626192674191190e-04 7.0233996576062455e-06
5 62 -6.6038463339545292e-04 -6.9950849651915706e-06
5 63 -7.7484971739640994e-04 3.6336172649609841e-06
5 64 -9.3181711386658168e-04 6.2827806668154054e-05
5 65 -1.1469165876836743e-03 5.3449106488315971e-05
5 66 -1.4133081337853123e-03 1.0075800458023277e-04
5 67 -1.5915197369466873e-03 7.1090368954741689e-05
5 68 -2.0593346388839461e-03 -1.3756879700011420e-04
5 69 -2.1677115192116534e-03 -6.0957321271217745e-05
5 70 -2.7789682298900043e-03 -8.0135892659269952e-05
5 71 -4.2953090244314696e-03 2.5791059110875778e-04
6 0 -2.5448211186740290e-03 -4.8711111386174179e-04
6 1 -1.7101608447033160e-03 1.2210177216854861e-04
6 2 -1.6175634451511117e-03 1.6791154717799887e-05
6 3 -1.0845136204222167e-03 -2.8417862816963458e-05
6 4 -1.0664124201025095e-03 -1.2908563725926242e-04
6 5 -9.2068702301382436e-04 6.3781448978780794e-05
6 6 -9.1423606815350413e-04 1.9228739183483008e-05
6 7 -7.3773112896326817e-04 -1.3106924239547060e-06
6 8 -6.0135443709995867e-04 -3.6926263241829971e-05
6 9 -5.7150734901258843e-04 3.8894788863421586e-06
6 10 -4.2821691400889345e-04 5.7691718153211399e-05
6 11 -3.6034275270371976e-04 1.9526172509995461e-05
6 12 -3.1708253747826128e-04 1.2255480723030571e-05
6 13 -2.6401828551796504e-04 7.2828765814253611e-06
6 14 -2.2534980146708179e-04 -2.3175047251744808e-05
6 15 -1.9183736790336474e-04 9.0654449916869961e-06
6 16 -1.8650264112751494e-04 -7.0210872946621971e-06
6 17 -1.7048423686870240e-04 -1.1804930752502269e-05
6 18 -1.5948731957104572e-04 -1.2466225362357885e-05
6 19 -1.3918532811004754e-04 -1.1252757638526965e-05
6 20 -1.0447358526403574e-04 -9.5199670806846300e-06
6 21 -9.1442263611892809e-05 2.6016755335904625e-06
6 22 -7.5042566912939421e-05 3.5204982781948209e-06
6 23 -5.1996793924755827e-05 1.1620684280958044e-06
6 24 -5.0609975763817473e-05 -3.6707176390893387e-06
6 25 -3.3950055319346487e-05 1.4969664295681538e-06
6 26 -3.2481075397249678e-05 -2.3630744205739261e-06
6 27 -2.5807296306713664e-05 -3.3557463763678787e-06
6 28 -2.5168859426763022e-05 8.9899312051732169e-07
6 29 -1.9292419047013358e-05 2.1381030673641230e-07
6 30 -1.8975296493653096e-05 -9.0677669706915051e-07
6 31 -1.8048390474951686e-05 1.7727057728452690e-06
6 32 -1.7810306487228684e-05 -9.6474795424225497e-07
6 33 -1.9508820725417173e-05 -1.0178111208410086e-07
6 34 -1.6331494698534446e-05 1.1154535767832530e-06
6 35 -1.8346095290047259e-05 -3.1325441732025956e-06
6 36 -1.7017235094933612e-05 1.7240976020827539e-08
6 37 -1.6995420650578964e-05 -3.6027985018741507e-07
6 38 -1.5189511433043769e-05 -1.5951908095361448e-06
6 39 -1.4694296662612856e-05 2.1114845900752316e-06
6 40 -1.3372882376375051e-05 2.1687231912490774e-07
6 41 -1.4555206985400325e-05 1.1454912011177162e-06
6 42 -1.4412215371443062e-05 2.3746114353219866e-07
6 43 -1.8491161226966171e-05 9.3577229393946359e-07
6 44 -1.8813681341515475e-05 1.0949381494999245e-07
6 45 -2.1710367429284613e-05 3.3978210987313275e-07
6 46 -2.5474461589585135e-05 9.1295579008242797e-07
6 47 -2.7981886970991217e-05 4.1612536093026271e-06
6 48 -3.3755651255937116e-05 -6.9386991701621580e-06
6 49 -3.9025205366618053e-05 -3.0483376242647230e-06
6 50 -4.5953161014352559e-05 -3.4602536363177391e-06
6 51 -4.8311154617352957e-05 2.8824150707390057e-06
6 52 -6.0004807091359250e-05 2.3832450903976212e-06
6 53 -7.0087273922612547e-05 -5.7311323589913237e-07
6 54 -7.7843338039568945e-05 7.1208171173018663e-06
6 55 -1.1185551583770544e-04 1.7568368994249274e-06
6 56 -1.2179955466878855e-04 2.3882939550624211e-05
6 57 -1.3878499009071864e-04 -1.6674968593709465e-06
6 58 -1.7350497889702168e-04 1.7524446539993218e-05
6 59 -1.9256311761385421e-04 -8.9021385530171180e-06
6 60 -2.5183210038891968e-04 -9.7364144886158299e-06
6 61 -2.9980839082174838e-04 2.8060097506148704e-06
6 62 -3.4686989705952283e-04 -1.3135215827349645e-05
6 63 -4.1638943356992034e-04 6.3832488790007751e-06
6 64 -4.9366181664270350e-04 4.8363907501271529e-05
6 65 -5.9438042460248309e-04 4.6884257397142914e-05
6 66 -7.2465032387817143e-04 8.2225097272795917e-05
6 67 -7.8589214648491833e-04 3.2111954576214872e-05
6 68 -1.0585752184766794e-03 -1.6763324320653793e-04
6 69 -1.0562188199917022e-03 -8.9192970277786145e-05
6 70 -1.2605516313430919e-03 1.0246003965650311e-05
6 71 -1.9734714287367207e-03 2.9855863504464635e-04
7 0 -1.2623076519767352e-03 -2.8216773538390719e-04
7 1 -6.8403635201674839e-04 -8.9900566959455023e-07
7 2 -7.7435899373190108e-04 2.9515320137603619e-05
7 3 -5.5989069562250042e-04 8.4570415762994021e-06
7 4 -5.7833542959632946e-04 -1.3344605029363989e-04
7 5 -4.8459014261633033e-04 5.0813030533042989e-05
7 6 -4.8549107698641079e-04 1.3765245294188080e-05
7 7 -3.8307662267726748e-04 5.4835699109185071e-06
7 8 -3.1692427514489911e-04 -4.8339807505367375e-05
7 9 -3.0852024090908273e-04 6.4131518742837802e-06
7 10 -2.1905279994384111e-04 5.6763440746955370e-05
7 11 -1.8463110151491425e-04 5.1037023174757756e-06
7 12 -1.6125536113352181e-04 2.9622196935187386e-06
7 13 -1.3552190384049959e-04 2.8729596743984230e-06
7 14 -1.1693612862045683e-04 -2.8609226600707399e-05
7 15 -9.0477062388036233e-05 1.1373000189533789e-05
7 16 -9.3804660296483558e-05 -6.1459901546377664e-06
7 17 -9.0517858601978104e-05 -1.1456344200063903e-05
7 18 -8.6047161869359819e-05 -1.3474588385458682e-05
7 19 -7.6918261694105525e-05 -5.8739619421403290e-06
7 20 -5.1359627047802029e-05 -1.0105675725069134e-05
7 21 -4.7692510564205277e-05 2.4891088028329938e-06
7 22 -4.3182632641354289e-05 1.2161760681239795e-06
7 23 -2.0921436714546065e-05 -7.6406630995240701e-07
7 24 -2.7706449626199532e-05 -3.2698582396387887e-06
7 25 -1.4766553315953196e-05 1.4518735457283813e-06
7 26 -1.6167856629284461e-05 -2.7988039925253521e-06
7 27 -1.2143693577960993e-05 -3.6012988931924826e-06
7 28 -1.3924867783374036e-05 1.2779132078462891e-06
7 29 -9.3436759990322354e-06 8.3450290503757371e-07
7 30 -9.7783375320770548e-06 -5.0215987974532184e-07
7 31 -9.2224859770415585e-06 9.2719779017603274e-07
7 32 -8.7665372355703364e-06 -1.0257961996973767e-06
7 33 -1.0271199866619564e-05 -4.1230146100202813e-07
7 34 -8.1400739421101150e-06 1.7249521868587110e-06
7 35 -9.8877220110804975e-06 -2.4465029106161250e-06
7 36 -8.5963131376284577e-06 1.2104769358323863e-07
7 37 -9.0396866185224071e-06 1.9048097764561481e-07
7 38 -7.8781390485007254e-06 -1.7301110326383185e-06
7 39 -7.9714603146982123e-06 2.0720684104990608e-06
7 40 -6.8676410244208075e-06 6.3888546362320103e-07
7 41 -8.1299593984169642e-06 1.7646135279583526e-06
7 42 -7.3319413835155304e-06 1.2508341939800944e-06
7 43 -9.2220756084383275e-06 9.5958887983366940e-07
7 44 -8.9994996439001314e-06 -3.4823135960578684e-07
7 45 -1.1119419014068043e-05 -1.0873469948242308e-07
7 46 -1.2786677714943688e-05 5.8681706768998553e-07
7 47 -1.3988463128444026e-05 2.9226016195356914e-06
7 48 -1.7667281218846751e-05 -6.1653071837259991e-06
7 49 -2.1655917527981024e-05 -2.3509267265528054e-06
7 50 -2.5413116022681848e-05 -2.7331474515971836e-06
7 51 -2.2301170736939271e-05 1.8242885813944476e-06
7 52 -3.2269120393171295e-05 1.0711850960696534e-06
7 53 -3.5255933141791180e-05 -1.0428946418286800e-06
7 54 -3.9679929524412713e-05 7.7359223091476779e-06
7 55 -6.1426081322414370e-05 -9.6616936428340846e-08
7 56 -6.1451719568906933e-05 1.7342057800530253e-05
7 57 -7.0089468204326749e-05 -3.7320608280864905e-06
7 58 -9.3694406424333669e-05 1.1561663198854542e-05
7 59 -9.5006194177480672e-05 -7.1511858072708965e-06
7 60 -1.3894998336753486e-04 -9.4175849230005547e-06
7 61 -1.5824154388966057e-04 2.3342798504508801e-06
7 62 -1.7865243608927248e-04 -2.4133892160927536e-05
7 63 -2.2542987938151175e-04 3.9571174541360104e-06
7 64 -2.7398092532580670e-04 2.8806675058881487e-05
7 65 -2.9715625482007116e-04 4.4897401124629322e-05
7 66 -3.5564849899947848e-04 5.7065298968128137e-05
7 67 -3.7668135915338343e-04 1.6776691098428125e-06
7 68 -5.2372830864469151e-04 -1.6311953624925478e-04
7 69 -4.9143994299518528e-04 -8.1306155462025439e-05
7 70 -5.3977940153756296e-04 5.2514741741795181e-05
7 71 -9.2637340297917030e-04 3.7197728397682194e-04
8 0 -6.9455755605451065e-04 -1.0597676501796645e-04
8 1 -2.4591527592513569e-04 -3.9325599243000904e-05
8 2 -3.5814121017703249e-04 -4.4035559332245770e-06
8 3 -2.9222645375763279e-04 2.8255176695301213e-05
8 4 -3.2820827880051417e-04 -1.1758764321323021e-04
8 5 -2.4268971757445849e-04 3.3184402706974680e-05
8 6 -2.6278026192026277e-04 -4.3613250528627165e-06
8 7 -2.0749950621221382e-04 2.6903084558551515e-06
8 8 -1.6720004471039535e-04 -4.2885531498055047e-05
8 9 -1.6695502918631601e-04 3.0403173706785946e-06
8 10 -1.0351428148461545e-04 5.2508311157595945e-05
8 11 -9.5660324685078806e-05 -7.1892039839054302e-06
8 12 -7.1422853658338782e-05 3.6786023244651872e-07
8 13 -6.9160214591269039e-05 4.0708270301309810e-06
8 14 -6.1792485432314131e-05 -2.6063295901614739e-05
8 15 -4.0195427990989156e-05 1.2993127366435694e-05
8 16 -4.0265466203971961e-05 -4.3014361982065713e-06
8 17 -4.7995445234457894e-05 -6.3314980502801974e-06
8 18 -4.8951522379152704e-05 -1.0341599158705639e-05
8 19 -4.3355872641688064e-05 -2.1947856744937093e-06
8 20 -2.2147363926975954e-05 -1.0864887794100414e-05
8 21 -2.3102721163012198e-05 1.5428471079434998e-06
8 22 -2.7822649314149847e-05 1.5376252779912845e-07
8 23 -5.5963630334152219e-06 -1.6825512803315529e-06
8 24 -1.6453834142017641e-05 -3.1438452668435156e-06
8 25 -5.6505466492910884e-06 1.5324996371293976e-06
8 26 -7.9120149452031711e-06 -1.4031399041910255e-06
8 27 -5.8135325233027252e-06 -2.6129338394778096e-06
8 28 -7.6533490128183198e-06 1.3193926422351099e-06
8 29 -5.0997690653206670e-06 1.3814129744351641e-06
8 30 -4.7638598977134685e-06 -2.7108159752498304e-09
8 31 -4.7032359040078409e-06 6.2211878036800308e-07
8 32 -4.0462943496486691e-06 -1.0215149773538947e-06
8 33 -5.0432321675824840e-06 -5.2791374401118268e-07
8 34 -4.4862747086252051e-06 2.0430825933928003e-06
8 35 -5.7200617028749434e-06 -1.9711009852192622e-06
8 36 -3.9581200770919447e-06 7.7705418280718724e-08
8 37 -4.8655129770352613e-06 5.8079435494868354e-07
8 38 -4.2054737295947176e-06 -1.3864552883244907e-06
8 39 -4.3597701318140270e-06 1.5827777554472580e-06
8 40 -3.2177487331224591e-06 7.7303812080716306e-07
8 41 -4.7077397299693287e-06 2.1214317162024506e-06
8 42 -3.1265408788016730e-06 1.7519418712501717e-06
8 43 -4.5267895505800101e-06 6.8608679738104386e-07
8 44 -4.2131567921727445e-06 -6.8680781208665210e-07
8 45 -5.7831815792997151e-06 2.8231425918900371e-08
8 46 -6.1803892816483831e-06 7.8696458167973176e-07
8 47 -6.4204774810451483e-06 1.6640158218374850e-06
8 48 -9.7621203912137327e-06 -4.7852567473311523e-06
8 49 -1.2549679210342898e-05 -1.3500404235778984e-06
8 50 -1.5100904047013587e-05 -1.7703388273756946e-06
8 51 -9.5166432926710682e-06 9.5525616725482000e-08
8 52 -1.7907079084090347e-05 -1.4824586101220714e-06
8 53 -1.5751818715237782e-05 -2.0368834042028122e-06
8 54 -1.8243866218046247e-05 9.0467285188228040e-06
8 55 -3.5750535207800545e-05 2.6307863578134652e-07
8 56 -2.9114116999403726e-05 9.8776783894272025e-06
8 57 -3.4692339547501368e-05 -6.7415287848996608e-06
8 58 -5.0643130647043913e-05 6.9229091452160746e-06
8 59 -4.6716519955752748e-05 -1.1539575580164630e-06
8 60 -7.8506850011868980e-05 -9.3849669636506183e-06
8 61 -8.1253895123318230e-05 9.4987158277546146e-07
8 62 -8.5743696002908311e-05 -3.5542419678938323e-05
8 63 -1.2014019654684237e-04 -4.7900164012654597e-06
8 64 -1.6502551220674443e-04 1.2289782083349117e-05
8 65 -1.5184583778460781e-04 4.3243460458254227e-05
8 66 -1.6759439037424847e-04 2.3742307028802390e-05
8 67 -1.7669541103794092e-04 -1.6811985081091234e-05
8 68 -2.3730493735911901e-04 -1.3582589585166789e-04
8 69 -2.3809860130907928e-04 -6.2158319884331260e-05
8 70 -2.0286231031958345e-04 4.9949016033163281e-05
8 71 -4.4664545407774780e-04 3.4935068456804381e-04
9 0 -2.4509150226111661e-04 -7.6014568406844929e-05
9 1 -1.2388768135259781e-04 1.6433526549868611e-05
9 2 -1.6698407134083112e-04 -1.2415305825168538e-05
9 3 -1.5898906422380317e-04 3.1591091078899525e-05
9 4 -1.8832256044916469e-04 -9.9355158605308222e-05
9 5 -1.0734006382575817e-04 1.7877397319732865e-05
9 6 -1.5407151694919928e-04 -2.6128063505272389e-05
9 7 -1.1555512591426633e-04 -8.0388945959711760e-06
9 8 -8.8264071097363654e-05 -3.5117868263817983e-05
9 9 -8.0675825895626515e-05 6.3134879600522833e-06
9 10 -4.4256830962897806e-05 4.3027747621250857e-05
9 11 -5.1335986916375292e-05 -7.5969832978337694e-06
9 12 -1.7618081094105240e-05 2.7936598460519433e-06
9 13 -3.4586193686861875e-05 1.7606012921119483e-06
9 14 -3.1748390521726612e-05 -1.8620063430106272e-05
9 15 -1.8374532981699418e-05 1.4557300308947509e-05
9 16 -1.1448948896169133e-05 -4.3660459683661131e-06
9 17 -2.6672366424887890e-05 -2.5552853847970807e-06
9 18 -3.0240039606810912e-05 -5.9111051355182145e-06
9 19 -2.3864561485727857e-05 7.9922772603002817e-07
9 20 -4.2722513343466182e-06 -9.1786190717815945e-06
9 21 -1.1046149305918790e-05 5.7813418085066378e-07
9 22 -1.8715204644220196e-05 6.7762633603995916e-08
9 23 2.7613216138134147e-06 -2.6587375056004206e-06
9 24 -1.1119661321662084e-05 -3.5107838871128892e-06
9 25 -1.8106456823639177e-06 1.8643668555128046e-06
9 26 -3.6477394419140697e-06 4.9218024192371815e-07
9 27 -2.6354831615307396e-06 -1.5596990760703477e-06
9 28 -3.6474219478838646e-06 1.5536696244720360e-06
9 29 -2.7470154286018578e-06 1.4041527663215293e-06
9 30 -2.1513985781245541e-06 3.6882715322016832e-08
9 31 -2.4431470737547503e-06 6.1288262110590437e-07
9 32 -1.7454305636105359e-06 -8.8182447990725481e-07
9 33 -2.3880249162213661e-06 -2.9521492525641003e-07
9 34 -2.7611023756986099e-06 1.7627521379980672e-06
9 35 -3.5280878355907697e-06 -1.3915880775574853e-06
9 36 -1.6033101446837961e-06 -2.6801481625048556e-07
9 37 -2.8099416427422597e-06 5.2794981941376579e-07
9 38 -2.3613381502412192e-06 -6.8150714950980610e-07
9 39 -2.6522238142720288e-06 1.0344397662142386e-06
9 40 -1.1911368342497704e-06 7.5772761465514639e-07
9 41 -2.6660311634868767e-06 1.7621628486681986e-06
9 42 -5.0279269693324804e-07 1.6832832083837761e-06
9 43 -2.3918944357035017e-06 4.4933154039534436e-07
9 44 -1.9000129131651210e-06 -7.4507821109813821e-07
9 45 -3.2285247835948847e-06 4.2515952133705944e-07
9 46 -2.2127969079614621e-06 1.4778285897803839e-06
9 47 -3.2800300193948691e-06 9.6796165913649219e-07
9 48 -5.8808428804703059e-06 -3.4037012776469434e-06
9 49 -8.5859386665065305e-06 2.5192823562934893e-07
9 50 -9.1695976870245064e-06 -8.4511412355295470e-07
9 51 -3.4663572258666131e-06 -1.9145000574908812e-06
9 52 -1.1254650049118339e-05 -3.5129945178582061e-06
9 53 -4.7772128610170615e-06 -3.9746533800457687e-06
9 54 -6.2755947435683004e-06 8.9380977137604006e-06
9 55 -2.0821044653233316e-05 -2.6016223524830318e-07
9 56 -1.0669757034208271e-05 2.3351834004036752e-06
9 57 -1.5926870274826819e-05 -1.0852412382433837e-05
9 58 -2.5718094075959334e-05 1.5129356656701145e-06
9 59 -2.7848462163625385e-05 1.8560741016976442e-06
9 60 -4.8785341136815053e-05 -1.2604622316971663e-05
9 61 -3.6609737384834584e-05 7.3486068136007533e-07
9 62 -3.4552128314407253e-05 -3.5910618594530864e-05
9 63 -6.3049264841374592e-05 -1.4335274225787446e-05
9 64 -1.0237943316291499e-04 8.8189060197185011e-06
9 65 -7.7518403554519688e-05 4.5208441590443870e-05
9 66 -6.8388550503762255e-05 7.8514942311585265e-06
9 67 -8.4068835823551967e-05 -1.6147804522794199e-05
9 68 -1.1311549801058925e-04 -1.0127386493381735e-04
9 69 -1.3437637971862063e-04 -3.8432072266961235e-05
9 70 -5.0735031508772419e-05 4.4925783928598089e-05
9 71 -1.7878416686609833e-04 2.0856593015606558e-04
10 0 -1.1203303896426571e-04 -2.0040979519559560e-05
10 1 -9.4506497842553484e-05 6.8526813637631080e-05
10 2 -9.5308090330446373e-05 5.9321325286718025e-07
10 3 -1.0078506250742948e-04 5.0245161717439357e-06
10 4 -1.1346528722220578e-04 -7.5979035161235698e-05
10 5 -3.1128717349546332e-05 1.2921591291114000e-05
10 6 -9.7082350267761305e-05 -4.6188822701243474e-05
10 7 -6.5260269030913549e-05 -2.1404778221591915e-05
10 8 -5.9140789611868267e-05 -3.3494348246382186e-05
10 9 -2.7080157519253580e-05 1.2609003328894385e-05
10 10 -1.6414478646216699e-05 2.5776426134114745e-05
10 11 -2.4853798758020315e-05 -4.3928935055890308e-07
10 12 1.2060531420165775e-05 5.5177880936647242e-06
10 13 -1.7923808484846512e-05 1.1870584906276456e-07
10 14 -1.8741379955179775e-05 -1.4543100228758469e-05
10 15 -7.4448718232363718e-06 1.1477671284096159e-05
10 16 3.4138609925028331e-06 -6.7778825182218856e-06
10 17 -1.0052113232919802e-05 -3.4529994141793378e-07
10 18 -2.1085993500717240e-05 -6.2491224610174769e-06
10 19 -1.1567118813914451e-05 3.0768549462066002e-06
10 20 6.1294901449279248e-06 -4.6442280163931744e-06
10 21 -6.3392858655751704e-06 -5.0761150456530410e-07
10 22 -1.2202058507285518e-05 -2.3425354034512400e-07
10 23 8.0376001257306204e-06 -4.8737312026944060e-06
10 24 -8.0934315281916746e-06 -3.8823681213078712e-06
10 25 -8.1369265835899012e-07 1.9370954237243225e-06
10 26 -2.2472745252467279e-06 9.2422763056918596e-07
10 27 -9.1329265335462573e-07 -1.1980704754465930e-06
10 28 -1.1591667458401777e-06 1.8358791856272244e-06
10 29 -1.2138055162343715e-06 1.0965491812199268e-06
10 30 -8.9600974853888159e-07 -1.0135774305601083e-07
10 31 -1.5296300036374690e-06 4.1023827196256403e-07
10 32 -6.3200226316273959e-07 -3.8250214237967196e-07
10 33 -9.2559334364088955e-07 1.8258284713012085e-07
10 34 -1.8181615428406741e-06 1.2617206656607539e-06
10 35 -2.0748544497410002e-06 -6.7757826629641793e-07
10 36 -7.3094387449550546e-07 -2.8951418292827858e-07
10 37 -1.4510548983692581e-06 1.2561389468417981e-07
10 38 -1.1588207986094460e-06 -3.0368784967434037e-07
10 39 -1.9042591831339769e-06 5.6797091284281604e-07
10 40 -3.4734942191421633e-07 3.8450368358762043e-07
10 41 -1.3022242808599887e-06 1.1119311871666610e-06
10 42 1.0617548531906393e-06 1.1270144860591604e-06
10 43 -1.1072664455880877e-06 7.5855053404705202e-08
10 44 -7.9277478098875601e-07 -9.4217532555955443e-07
10 45 -2.4036465856553109e-06 6.0445961695354134e-07
10 46 -1.8039670176474033e-07 1.8117904102587058e-06
10 47 -2.0182668994644766e-06 6.2796827823341494e-07
10 48 -3.9560526950658959e-06 -2.7631663386050032e-06
10 49 -5.8199416430828766e-06 1.1803098512726599e-06
10 50 -5.4382025137743524e-06 -9.4196935903477892e-07
10 51 -2.0930799676899043e-06 -3.5515007600974897e-06
10 52 -7.0686859587332170e-06 -3.5853924610110454e-06
10 53 -3.1150847178187936e-07 -5.6546571274332898e-06
10 54 -1.9960809340215544e-06 5.8447097655004515e-06
10 55 -9.4703660812858491e-06 9.6107894932296601e-07
10 56 -1.4124079662074794e-06 -1.2407074220338949e-06
10 57 -5.3534103747489559e-06 -9.7767489046955914e-06
10 58 -1.3617700773944307e-05 -6.8376004280147562e-07
10 59 -2.0082881241514757e-05 3.3791054047728918e-07
10 60 -3.1570909207632601e-05 -1.4255176277282456e-05
10 61 -1.2096731187425483e-05 3.0616819410108661e-07
10 62 -5.1815011553124547e-06 -2.9660745856162402e-05
10 63 -2.9506873199216548e-05 -1.5891158182363046e-05
10 64 -5.2790481736975453e-05 1.1729380300738815e-06
10 65 -3.9965047598033988e-05 3.8951732505798958e-05
10 66 -1.0716122260642930e-05 2.8086469657134479e-06
10 67 -5.8582834853314155e-05 4.6455949362392592e-06
10 68 -6.3814555178862676e-05 -8.4764248818250079e-05
10 69 -8.1299291110715417e-05 -1.1705937386019660e-05
10 70 1.4126946580843066e-05 3.6973858547135410e-05
10 71 -6.5507414297940553e-05 5.9875440609144437e-05
