0 0 -1.1159923249839256e+00 1.4110468199819469e-19
0 1 -1.2185160400457473e-01 3.7524211399554914e-20
0 2 -3.7388674087949124e-02 -2.0515860522317321e-21
0 3 -1.9551680765839709e-02 1.4836171320514931e-21
0 4 -1.3300747958684194e-02 2.2230231222964919e-22
0 5 -9.9116272689238945e-03 1.4399187322773618e-23
0 6 -8.1944576199319448e-03 -1.2016202069202565e-22
0 7 -6.9887684032105806e-03 2.1702274898208064e-23
0 8 -6.0652792738605590e-03 -7.8513930675158070e-23
0 9 -5.0572924762039475e-03 1.8936212930464429e-24
0 10 -4.2128002030923676e-03 5.9528866064811144e-23
0 11 -3.6237459289665051e-03 7.4753496659584880e-24
0 12 -3.0423939975868842e-03 1.6660031749427932e-22
0 13 -2.3867130267363574e-03 -3.2604825147225914e-24
0 14 -2.0012555365804697e-03 7.2681625769549502e-23
0 15 -1.7846339694112159e-03 5.4607599675955809e-24
0 16 -1.5353900755655547e-03 -2.3108456742452547e-23
0 17 -1.2390308217971461e-03 5.9250034244121071e-24
0 18 -1.0001152864116598e-03 -6.5503343316631927e-24
0 19 -8.1803093737859431e-04 -5.6984995301973350e-24
0 20 -6.9126891038649566e-04 -6.2759912796076538e-24
0 21 -5.8885188159210904e-04 -1.6138444783828244e-23
0 22 -5.0328627998853651e-04 -4.0891926811517642e-24
0 23 -4.3091440027164581e-04 -6.1125386718761722e-24
0 24 -3.7071970603428706e-04 1.7104459628405688e-23
0 25 -3.1927984701184906e-04 -8.5653509613969391e-25
0 26 -2.7166345320175467e-04 -1.4382161855332762e-23
0 27 -2.1911961248668972e-04 2.2737528342442907e-24
0 28 -1.7861069186247172e-04 -1.0654270877312509e-25
0 29 -1.4829103609469339e-04 5.0874503117968228e-26
0 30 -1.3013253567780952e-04 -5.4261626253016030e-25
0 31 -1.2124129649981229e-04 -2.9926274880656931e-25
0 32 -1.1338284838865733e-04 -8.4913280843854957e-26
0 33 -1.0807159295198603e-04 1.8465501379903994e-24
0 34 -1.0686662333821036e-04 9.3494781578811458e-25
0 35 -1.1057921611481329e-04 4.5056807419317669e-24
0 36 -1.2046196418841179e-04 2.4868600433315436e-24
0 37 -1.3013316556369575e-04 7.5885843682845096e-25
0 38 -1.4719469496438721e-04 1.2287550931215553e-24
0 39 -1.6543667451417897e-04 6.4119176757608882e-25
0 40 -1.9255784725688191e-04 -9.7889097747385460e-24
0 41 -2.3453619826100590e-04 -4.1769162848685102e-24
0 42 -2.7202698885721641e-04 1.8353876789647375e-23
0 43 -3.0322660303979505e-04 -5.4467653176485512e-24
0 44 -3.2358516514662396e-04 1.1482497835894241e-23
0 45 -3.5089168407413028e-04 1.9206102733793335e-23
0 46 -4.0576813942419434e-04 2.3670930972017164e-24
0 47 -4.8750123366772150e-04 -7.9465263122590674e-24
0 48 -5.9954639253481071e-04 -3.9893072893701785e-24
0 49 -7.3112293577895515e-04 -7.5545189276819891e-23
0 50 -8.9857911725739600e-04 2.8877741776451428e-23
0 51 -1.1795435324892275e-03 7.1566223699508211e-24
0 52 -1.4605739274063830e-03 -2.8793718677260875e-23
0 53 -1.7174814118823445e-03 -1.6014551934873802e-22
0 54 -1.9632541596986707e-03 1.9031538212814050e-23
0 55 -2.2313062892089612e-03 -2.4600058101737838e-23
0 56 -2.4310614600358180e-03 -7.7236344438796172e-23
0 57 -2.6990203039587036e-03 4.1659915161960775e-23
0 58 -3.0850796859075579e-03 1.5986021061272583e-22
0 59 -3.4770711596811346e-03 -4.5721682848777335e-23
0 60 -3.9980080492097872e-03 5.2502338355457835e-23
0 61 -4.8588924713790444e-03 8.7792822255389729e-23
0 62 -5.9745262993772686e-03 -1.0495329992771307e-22
0 63 -7.3612903188449517e-03 9.2074589740841407e-23
0 64 -8.2248455674227873e-03 1.0733234629837864e-22
0 65 -9.0465346560411469e-03 -1.8570957558252148e-22
0 66 -1.0408379246330970e-02 -3.8786926774564030e-22
0 67 -1.2401876831315684e-02 9.6394016260868078e-23
0 68 -1.5955032843409489e-02 4.7672776107061514e-22
0 69 -2.3786938320053286e-02 1.8929136714052280e-21
0 70 -4.3160258561295510e-02 4.9770826983627252e-22
0 71 -1.2592364858119093e-01 -1.0806639119476547e-19
1 0 -3.1926695502908092e-01 2.0512263584340422e-03
1 1 -6.7397628583420202e-02 6.4176760869447851e-04
1 2 -2.5932365874867656e-02 4.5813087122606455e-05
1 3 -1.4516024441310988e-02 2.7819194787390664e-05
1 4 -1.0037923281765275e-02 1.7217843591838604e-05
1 5 -7.5411249458525401e-03 3.5166858716561070e-05
1 6 -6.2617830734789642e-03 -5.3107143349059106e-06
1 7 -5.3350587613693731e-03 -1.5643871909527636e-05
1 8 -4.6406013941322766e-03 -1.0276835015886805e-05
1 9 -3.8604791452802032e-03 -6.0531440920878127e-06
1 10 -3.2234717345467072e-03 -2.5941266339821760e-06
1 11 -2.7688293045043766e-03 9.3321407508161908e-07
1 12 -2.3308169304735492e-03 -1.3358718095558875e-06
1 13 -1.8217349033783769e-03 -1.1013783644429917e-05
1 14 -1.5302003126870542e-03 -3.1517898522591900e-06
1 15 -1.3642140710569738e-03 4.3866493553781003e-06
1 16 -1.1736562139385818e-03 -2.8068006333105901e-06
1 17 -9.4508932287737867e-04 -2.8969901873526326e-06
1 18 -7.6423554419156620e-04 4.8490605033461680e-07
1 19 -6.2375969777687533e-04 6.4941206397102556e-07
1 20 -5.2617920338814627e-04 9.7856437253198240e-07
1 21 -4.4749125437083408e-04 -5.0392103290069863e-08
1 22 -3.8286773976160560e-04 -1.5460913343454435e-07
1 23 -3.2850575484821804e-04 8.3866625606587450e-07
1 24 -2.8329304038180017e-04 -3.9812110638981008e-07
1 25 -2.4341050128723617e-04 -1.9483529985866669e-07
1 26 -2.0730318254617988e-04 4.0401067738702920e-07
1 27 -1.6712657854991777e-04 -4.5647679848284273e-08
1 28 -1.3619176313429092e-04 4.8700586229607014e-07
1 29 -1.1312949386076189e-04 3.5750860342898528e-07
1 30 -9.9359771551384531e-05 -1.3825767448683063e-07
1 31 -9.2376912642435025e-05 -1.3135155979891699e-07
1 32 -8.6813854721849067e-05 -3.4704540616784851e-07
1 33 -8.2516953079604245e-05 -8.0890944976816462e-08
1 34 -8.1678373553889115e-05 -5.2790839619305464e-08
1 35 -8.4231595200493886e-05 -1.2706945854816651e-07
1 36 -9.1840653783833767e-05 4.9638488368921401e-07
1 37 -9.9709861233948419e-05 1.7858554666487060e-07
1 38 -1.1250019436614983e-04 -1.3209940610685452e-07
1 39 -1.2633229402384392e-04 8.8516142047966484e-07
1 40 -1.4677821706572788e-04 4.2649439370547966e-07
1 41 -1.7821103922674664e-04 1.2609980125837957e-06
1 42 -2.0724229691191956e-04 -3.7071686628755740e-07
1 43 -2.3115455537441661e-04 1.4036652759267793e-06
1 44 -2.4698087540433073e-04 3.1386973139790285e-07
1 45 -2.6904633941517934e-04 1.7884779300945003e-07
1 46 -3.1080087196623459e-04 9.6993046846537621e-07
1 47 -3.7305315138656012e-04 1.6570135089500458e-06
1 48 -4.5876239733741642e-04 7.6860408874959509e-07
1 49 -5.6006792487130707e-04 2.9538000978274426e-06
1 50 -6.8585258169903175e-04 1.2564387074562232e-06
1 51 -8.9995901625980132e-04 3.9164390946539137e-06
1 52 -1.1111551952665121e-03 3.8527859574924357e-06
1 53 -1.3093573706200209e-03 2.2169599507835016e-06
1 54 -1.5005621093729671e-03 -4.2776815699194086e-06
1 55 -1.7061469432554269e-03 2.1812875382979634e-06
1 56 -1.8580445453364933e-03 -4.7737528669782450e-06
1 57 -2.0674817716038424e-03 -1.0663008228302743e-05
1 58 -2.3602801492927485e-03 1.4526060201740093e-06
1 59 -2.6617983781944141e-03 -2.3853252667844557e-06
1 60 -3.0513676746442299e-03 -1.0459214427047447e-05
1 61 -3.7094130036881951e-03 -2.3211473253220831e-05
1 62 -4.5588582644712130e-03 -5.5962297123776929e-06
1 63 -5.6221476562989849e-03 -4.5197663723972541e-06
1 64 -6.2902074293126643e-03 -1.7747412296729091e-06
1 65 -6.8992676397632447e-03 -2.2243624774720705e-05
1 66 -7.9282191888778997e-03 -6.3182028211532319e-05
1 67 -9.4305088366946708e-03 -1.2243312824635369e-04
1 68 -1.2099142355702674e-02 -1.0190479787946650e-04
1 69 -1.7743054917694307e-02 3.3682577786981054e-05
1 70 -3.0595908359990879e-02 9.0623804083616276e-05
1 71 -7.3596252538399451e-02 3.1894985514240731e-04
2 0 -9.4487300087762627e-02 8.5313127395469511e-04
2 1 -3.0244863643705031e-02 5.4722644200615980e-04
2 2 -1.4080590324635297e-02 -1.6550661019247290e-05
2 3 -8.6434507897462584e-03 -8.9304171612129669e-06
2 4 -6.0875752079346396e-03 2.9498735499674109e-05
2 5 -4.6299602701835906e-03 6.1024295731142818e-05
2 6 -3.9031968453830728e-03 -1.0909488595023757e-05
2 7 -3.2883728855557246e-03 -1.6096947870518959e-05
2 8 -2.8753124012906276e-03 -1.1217918838509740e-05
2 9 -2.3906342462835409e-03 -5.5420188128523859e-06
2 10 -2.0033523884460712e-03 -1.2021793981577538e-07
2 11 -1.7129634410977320e-03 -1.2506922116976400e-06
2 12 -1.4506294117770657e-03 -3.3835701454414877e-06
2 13 -1.1223880998724259e-03 -1.1297559196520908e-05
2 14 -9.4558734651218766e-04 -3.3385219730811676e-06
2 15 -8.4652706952136991e-04 4.4563434827059257e-06
2 16 -7.2756550202181399e-04 -6.5836967195680853e-06
2 17 -5.8442380935899122e-04 -4.8714654272614604e-06
2 18 -4.7412402133654161e-04 1.4156849307327468e-06
2 19 -3.8398026492774778e-04 1.9144839141644903e-06
2 20 -3.2312043306425002e-04 2.1585702991524214e-06
2 21 -2.7463851350098886e-04 5.0153498082787299e-07
2 22 -2.3505985573806900e-04 -3.1465371332528193e-07
2 23 -2.0311794934815480e-04 1.1078942961197974e-06
2 24 -1.7522773636317356e-04 -6.7118370944075520e-07
2 25 -1.4959442419923977e-04 -6.4808956992690185e-07
2 26 -1.2829428998101827e-04 5.7767707105626251e-07
2 27 -1.0324576452970427e-04 -6.5060899774999274e-08
2 28 -8.4001396599599947e-05 7.3671275267139766e-07
2 29 -6.9978642725888231e-05 3.9099050264807354e-07
2 30 -6.1524344844349096e-05 -2.8676665118546829e-07
2 31 -5.6788318197146446e-05 -3.3139812400237173e-07
2 32 -5.3877546588628097e-05 -4.0845262895065804e-07
2 33 -5.1099329815266582e-05 8.2470874800064150e-09
2 34 -5.0582697449212348e-05 -1.1343719531445659e-07
2 35 -5.1874486806480711e-05 -3.3829439217794573e-08
2 36 -5.6590553721201058e-05 6.5906900731932272e-07
2 37 -6.2133038112319883e-05 1.7300742119194021e-07
2 38 -6.9531216681074649e-05 -1.7290729996727925e-07
2 39 -7.7985105432396557e-05 1.3931642447796474e-06
2 40 -9.0385370214981632e-05 5.8298121841187858e-07
2 41 -1.0842330342459871e-04 1.8062182131100447e-06
2 42 -1.2680903602131429e-04 -7.5063237278721079e-07
2 43 -1.4185353425472154e-04 1.7265945137062895e-06
2 44 -1.5203677582685635e-04 4.8041259867604352e-07
2 45 -1.6757077587791831e-04 4.7993473946726241e-07
2 46 -1.9380061086625327e-04 1.5128538553279989e-06
2 47 -2.3156287972603674e-04 2.7274121192810616e-06
2 48 -2.8380180107657284e-04 4.0335298232889663e-07
2 49 -3.4742405152300948e-04 4.4930392143142418e-06
2 50 -4.2469513158302686e-04 1.4177592411359268e-06
2 51 -5.5631343458629567e-04 4.1834439671182614e-06
2 52 -6.8143244423845921e-04 5.5595668943992156e-06
2 53 -8.0691870319308536e-04 3.0202198865094211e-06
2 54 -9.3344725035774301e-04 -6.9862040000600955e-06
2 55 -1.0625999105561244e-03 3.4399552459502154e-06
2 56 -1.1547335602538514e-03 -2.6886625065502516e-06
2 57 -1.2837121590180875e-03 -1.3810196062262432e-05
2 58 -1.4689286140005784e-03 5.5861097425432615e-08
2 59 -1.6613536636301009e-03 -2.6722130153380901e-06
2 60 -1.8816535700655562e-03 -1.9921718692701740e-05
2 61 -2.2930931967224742e-03 -3.0469736113068052e-05
2 62 -2.8212631762431451e-03 -4.5933017776346019e-06
2 63 -3.4776195826315475e-03 8.2435560740816432e-07
2 64 -3.9181096492003241e-03 -2.7887607663343977e-06
2 65 -4.2497984063069828e-03 -1.0653860839355656e-05
2 66 -4.8710292174783303e-03 -7.9111787598536786e-05
2 67 -5.7659469924359070e-03 -1.4329125967052183e-04
2 68 -7.4192123600278891e-03 -1.4072575237057022e-04
2 69 -1.0680239130398332e-02 4.9493915822401492e-05
2 70 -1.7143896148295104e-02 4.9233258742638115e-05
2 71 -3.3626683058709389e-02 4.2574757084960009e-04
3 0 -3.1282381065912343e-02 -2.5940464763685931e-04
3 1 -1.2650423940686778e-02 2.1258751894835082e-04
3 2 -6.8532125951587565e-03 -6.2356018133644770e-05
3 3 -4.7119669756351124e-03 -3.2632007424488415e-05
3 4 -3.3859604744874696e-03 3.4358017111331902e-05
3 5 -2.6303675202914495e-03 7.0384971596707693e-05
3 6 -2.2584684595575717e-03 -1.9920738179606531e-05
3 7 -1.8544889643612649e-03 -1.1481392722303966e-05
3 8 -1.6412409340157987e-03 -5.2574671730689827e-06
3 9 -1.3706458762923986e-03 2.3720845000838891e-06
3 10 -1.1537050019563811e-03 1.9674340610637377e-06
3 11 -9.7576732998632982e-04 -5.3241709917755494e-06
3 12 -8.3299447817330020e-04 -9.9297508926263956e-06
3 13 -6.3453439483370704e-04 -5.7474946202127747e-06
3 14 -5.3683160334331214e-04 5.5943737887443960e-07
3 15 -4.8642485317258532e-04 4.5328478015993564e-06
3 16 -4.1779014990994440e-04 -7.5528864166457000e-06
3 17 -3.3456419194511185e-04 -4.2838741257329510e-06
3 18 -2.7122415899200156e-04 1.7384816682244535e-06
3 19 -2.1685848250418076e-04 2.2011823099138442e-06
3 20 -1.8207691668180938e-04 2.4834543981503894e-06
3 21 -1.5487301900717293e-04 7.8846695754873975e-07
3 22 -1.3301450312482331e-04 -1.8845305454723097e-07
3 23 -1.1643896104557209e-04 1.0054811137394317e-06
3 24 -9.9515241146797313e-05 -5.9077189183945403e-07
3 25 -8.4414382042049535e-05 -1.3479196240851953e-06
3 26 -7.3653093245269803e-05 6.0350160032388010e-07
3 27 -5.8967377823459354e-05 3.6184417025829177e-08
3 28 -4.7722040554163788e-05 8.5494697928484089e-07
3 29 -4.0163790544650089e-05 2.6381121008493017e-07
3 30 -3.5253289242287012e-05 -4.6943911516694439e-07
3 31 -3.2205257127555570e-05 -3.4907581583290503e-07
3 32 -3.0974660143237931e-05 -3.1401438880937394e-07
3 33 -2.9386075968683383e-05 6.4051021093318737e-08
3 34 -2.8930213380058044e-05 -1.9890563405557401e-07
3 35 -2.9490343564751512e-05 1.0145761875876415e-07
3 36 -3.2197965486722028e-05 5.4567712083932964e-07
3 37 -3.5815697396974122e-05 -2.7058739764881439e-08
3 38 -3.9641336259326009e-05 -1.1527772559463144e-07
3 39 -4.4335026883267207e-05 1.7125626812543845e-06
3 40 -5.1137597863772590e-05 4.5837039954433361e-07
3 41 -6.0351773085408534e-05 1.9861184258130319e-06
3 42 -7.1222466607153567e-05 -9.6467958519328107e-07
3 43 -7.9346891521574022e-05 1.7821391441068417e-06
3 44 -8.6227452372597172e-05 7.8643009458886917e-07
3 45 -9.6098953850030970e-05 9.0411426343290935e-07
3 46 -1.1169366901044069e-04 1.2785797106723214e-06
3 47 -1.3286797266320765e-04 3.2194478763442012e-06
3 48 -1.6250305828286422e-04 -3.8608041576847704e-07
3 49 -1.9892835142585176e-04 4.3568608389592006e-06
3 50 -2.4319637094822233e-04 2.0575118332136478e-06
3 51 -3.1735063648997275e-04 3.4196492173832498e-06
3 52 -3.8541016395871828e-04 6.3998084648051517e-06
3 53 -4.5882252020832526e-04 3.1904792744566890e-06
3 54 -5.3990695433251844e-04 -6.2886756773912523e-06
3 55 -6.1343602549212976e-04 2.1827344035105600e-06
3 56 -6.6507719594467089e-04 1.8279038843412789e-06
3 57 -7.3397360033890247e-04 -1.2729977811313694e-05
3 58 -8.4905572308011698e-04 1.2637713468668424e-09
3 59 -9.6476874059219344e-04 2.8363785560550819e-06
3 60 -1.0708987191147723e-03 -2.0659924969478127e-05
3 61 -1.3141194655637782e-03 -2.1262527859932763e-05
3 62 -1.6177032147130193e-03 -3.8206158677385645e-07
3 63 -1.9850302048635125e-03 1.3736387506320601e-05
3 64 -2.2626139847612015e-03 -9.8828831266412563e-06
3 65 -2.4178460936801322e-03 8.7454529278378490e-06
3 66 -2.7709995574289230e-03 -6.4140360536213967e-05
3 67 -3.2511290861882828e-03 -1.1725411390711478e-04
3 68 -4.2056400293432328e-03 -1.4014270838153911e-04
3 69 -5.9531158378654430e-03 2.2528476983680640e-05
3 70 -8.9227183571672936e-03 -3.0411044119739202e-06
3 71 -1.4517659957058756e-02 1.8448513229099524e-04
4 0 -1.1481586184107358e-02 -4.0323087147816445e-04
4 1 -5.1894856662756108e-03 6.0384907755843492e-05
4 2 -3.2279620591282383e-03 -7.8095009471069264e-05
4 3 -2.4560034997440764e-03 -1.8887385918632111e-05
4 4 -1.8222440368108948e-03 4.3306837504362446e-05
4 5 -1.4333853416766665e-03 6.2318692156040906e-05
4 6 -1.2520475846981272e-03 -2.2007844460380279e-05
4 7 -9.9524836091052543e-04 3.3489150536913776e-06
4 8 -8.9486170379233696e-04 3.0356001614805309e-06
4 9 -7.5004617901413087e-04 8.5929359155714070e-06
4 10 -6.3673010402391943e-04 7.3461068140302465e-07
4 11 -5.2967416823104004e-04 -7.4643754044008738e-06
4 12 -4.5853644767290781e-04 -1.4452358051741024e-05
4 13 -3.4463301569546571e-04 -1.1562975922936324e-06
4 14 -2.9036367878340744e-04 3.9754879476614284e-06
4 15 -2.6968292816865048e-04 5.3630129648279274e-06
4 16 -2.2816344363551697e-04 -4.9972454271536153e-06
4 17 -1.8330389275312921e-04 -2.9849870471818164e-06
4 18 -1.4803834446296327e-04 1.9640286661123286e-06
4 19 -1.1539650036490090e-04 1.7853050765494742e-06
4 20 -9.7586794415081946e-05 2.3185371458190375e-06
4 21 -8.3025908501724140e-05 1.0220572296088731e-07
4 22 -7.2432040253689434e-05 9.0760799604434148e-08
4 23 -6.4824281370485886e-05 7.9375473949904742e-07
4 24 -5.4006704228172099e-05 -2.5823238775217403e-07
4 25 -4.5499668281775722e-05 -1.6620008551337037e-06
4 26 -4.1312316825922397e-05 5.8457249485383964e-07
4 27 -3.2418252472000975e-05 -9.0582362726907925e-09
4 28 -2.6003134211423074e-05 9.1937439646678431e-07
4 29 -2.2227241325044067e-05 1.0712683270550163e-07
4 30 -1.9421318868567756e-05 -4.0333962596602628e-07
4 31 -1.7583813761527741e-05 -3.4529708586857185e-07
4 32 -1.7191341290228383e-05 -2.7554895032157204e-07
4 33 -1.6226671671420424e-05 4.8627181580704306e-08
4 34 -1.5841321143693825e-05 -2.1299760559871241e-07
4 35 -1.6198846982202140e-05 9.4490459726240601e-08
4 36 -1.7817891291623415e-05 3.2223523902398760e-07
4 37 -1.9725392648820221e-05 -2.2708567076899760e-07
4 38 -2.1666769127178239e-05 -7.4594459525192254e-08
4 39 -2.4264228163890962e-05 1.6303580002014371e-06
4 40 -2.7551772646015958e-05 1.9291253803234348e-08
4 41 -3.2139391608447342e-05 1.7071852878393322e-06
4 42 -3.8131144788539073e-05 -1.1169793249273145e-06
4 43 -4.2000672488148912e-05 1.4977120562882311e-06
4 44 -4.7084200226693073e-05 8.7346759003984098e-07
4 45 -5.2455002733355729e-05 9.3805425595201065e-07
4 46 -6.1088822383111380e-05 9.0784152520307359e-07
4 47 -7.2961497987770806e-05 3.3930788060458534e-06
4 48 -8.9603987039513303e-05 -5.3810510687956799e-07
4 49 -1.0898683404144720e-04 2.8059735252642577e-06
4 50 -1.3342301500521888e-04 2.1215936764806167e-06
4 51 -1.7412055284942975e-04 2.2586652196152409e-06
4 52 -2.0935522766115557e-04 6.1210620793250336e-06
4 53 -2.5151972510343142e-04 3.1413914944094595e-06
4 54 -3.0273872103469385e-04 -4.5982517264470268e-06
4 55 -3.4333897112686653e-04 2.5605453078809659e-06
4 56 -3.7023614992208313e-04 6.8065400219676100e-06
4 57 -4.0291309562364547e-04 -1.0815019346059066e-05
4 58 -4.7116149219023957e-04 -5.3776350077862774e-07
4 59 -5.4199770903579515e-04 5.7741075170949452e-06
4 60 -5.8435997537968989e-04 -1.4649259540551133e-05
4 61 -7.2742636272982609e-04 -1.1197605169010296e-05
4 62 -9.0404830057037487e-04 3.5990598343938361e-07
4 63 -1.0786813406764907e-03 1.3276534847513051e-05
4 64 -1.2447695002985567e-03 -9.9792408135531657e-06
4 65 -1.3280247637823684e-03 1.2755635172270726e-05
4 66 -1.5294636577693425e-03 -4.6185851477505751e-05
4 67 -1.7704222735298010e-03 -8.0126374077177232e-05
4 68 -2.2868306509676584e-03 -1.2911442867079778e-04
4 69 -3.1694995514286134e-03 2.3348174253504290e-05
4 70 -4.4862782158864682e-03 -7.3830598235220601e-05
4 71 -6.3470549948772331e-03 1.1743310158123031e-04
5 0 -4.4905241078503026e-03 -5.3229713712599647e-04
5 1 -2.2031384619951000e-03 4.8266602256669504e-05
5 2 -1.5422455558454853e-03 -6.7507648694884446e-05
5 3 -1.2605907312871496e-03 2.3275421285751117e-06
5 4 -9.6312567371566193e-04 4.9953736319462299e-05
5 5 -7.5431261274701625e-04 4.2247492082058332e-05
5 6 -6.7511621792122286e-04 -1.7413861380355597e-05
5 7 -5.2195745195103311e-04 1.4464908838730962e-05
5 8 -4.7390861034637922e-04 9.0582398999351633e-06
5 9 -3.9954983840959183e-04 7.5282404535336056e-06
5 10 -3.3785354014610953e-04 8.2972122780667352e-07
5 11 -2.7466382070630318e-04 -6.7410506501948913e-06
5 12 -2.4368011186579427e-04 -1.0754404579555173e-05
5 13 -1.8106737698514271e-04 -1.3803455718384421e-06
5 14 -1.5265291015706956e-04 4.2704454419639716e-06
5 15 -1.4606506914739223e-04 6.5542983854208352e-06
5 16 -1.1954836170548428e-04 -2.6873390870789110e-06
5 17 -9.5695149025443866e-05 -2.2870602321896823e-06
5 18 -7.8080071057351353e-05 1.6069977591791166e-06
5 19 -5.8511752026541228e-05 1.5235111479808360e-06
5 20 -5.0479056073258181e-05 1.9776100816796092e-06
5 21 -4.2635465864618252e-05 -7.9993831435472440e-07
5 22 -3.8512811259842459e-05 -1.9080478888977237e-07
5 23 -3.5208129030625146e-05 8.4422717442499952e-07
5 24 -2.8291720988808001e-05 4.2104335410924598e-07
5 25 -2.3822230942870127e-05 -1.3411847826567714e-06
5 26 -2.3146318395665984e-05 6.3943476858118497e-07
5 27 -1.7343098646772256e-05 -2.0171267681234677e-08
5 28 -1.3823760888182282e-05 9.2813409162809532e-07
5 29 -1.2066678251338300e-05 -5.2392101679812476e-08
5 30 -1.0445638003788205e-05 -1.7652187730782480e-07
5 31 -9.5186695054174405e-06 -3.7927183329361837e-07
5 32 -9.3408841836465078e-06 -2.2489319754988365e-07
5 33 -8.7476122299338090e-06 -5.8222107545974979e-08
5 34 -8.4352622957081632e-06 -1.8142809683801637e-07
5 35 -8.7534904987233765e-06 8.2167028518354259e-08
5 36 -9.7859339450148768e-06 1.3336869270884318e-07
5 37 -1.0599818107815475e-05 -4.0492152276810638e-07
5 38 -1.1345748868988143e-05 -7.1970018565857132e-08
5 39 -1.2946827734937197e-05 1.2194141796159132e-06
5 40 -1.4517945632854822e-05 -1.8252709202603456e-07
5 41 -1.6749235392460933e-05 1.3560663868012568e-06
5 42 -1.9256709121663729e-05 -1.3579220456423817e-06
5 43 -2.1659222002567473e-05 8.0015259820060014e-07
5 44 -2.5282036512607458e-05 8.8898771460873832e-07
5 45 -2.7635598093978280e-05 7.4389130177675291e-07
5 46 -3.2094633633472061e-05 7.4761655637614263e-07
5 47 -3.9183525185120606e-05 3.6041856946488456e-06
5 48 -4.8231125390555116e-05 -1.1384729699641423e-06
5 49 -5.7619208184945159e-05 8.3686702579814454e-07
5 50 -7.0978885233829487e-05 1.2742268948689808e-06
5 51 -9.3865513135087017e-05 9.2391558871649708e-07
5 52 -1.1121913538372504e-04 5.6773956908040853e-06
5 53 -1.3387029455821033e-04 3.5184313748647310e-06
5 54 -1.6681253031671384e-04 -4.1135067633421274e-06
5 55 -1.9004671008394916e-04 5.7744466149783900e-06
5 56 -2.0310251875588797e-04 7.8290045915281608e-06
5 57 -2.1542351064801952e-04 -8.2736618999219183e-06
5 58 -2.4976479526094166e-04 1.2704132458839206e-06
5 59 -2.9664125107477495e-04 7.1865045046975604e-07
5 60 -3.1246015526441176e-04 -1.3938330065225710e-05
5 61 -3.9711906105046300e-04 -3.7448501903468234e-06
5 62 -4.9364554785359389e-04 -1.7017078799170852e-06
5 63 -5.6337449186040370e-04 2.3759699224363039e-06
5 64 -6.4937101305597637e-04 -1.0523372500311779e-05
5 65 -7.1493104074537997e-04 -2.7080686404643580e-06
5 66 -8.2245238209399012e-04 -4.0613235412224537e-05
5 67 -9.4201008876541111e-04 -3.4097784419357962e-05
5 68 -1.1942459715728495e-03 -1.0605562208452521e-04
5 69 -1.6404019161138377e-03 3.5783548685696846e-05
5 70 -2.2209366098723143e-03 -9.4705623494238601e-05
5 71 -2.8895175930875438e-03 7.3670561389487337e-05
6 0 -1.8430834948075956e-03 -6.5473140871747174e-04
6 1 -9.3907837135455321e-04 5.5996566773275360e-06
6 2 -7.3005888498095506e-04 -6.6574594409821213e-05
6 3 -6.5333594061612221e-04 1.1747861679743777e-05
6 4 -5.0134751556514599e-04 4.8680262224483638e-05
6 5 -3.8465056056428520e-04 2.6442023911527474e-05
6 6 -3.5876789010541214e-04 -1.1765961654555032e-05
6 7 -2.6534779472492978e-04 1.5945496463266687e-05
6 8 -2.4559117828294112e-04 1.2826303906713868e-05
6 9 -2.1071737851561880e-04 4.4271887854154934e-06
6 10 -1.7903845900936241e-04 2.5336095412354861e-06
6 11 -1.3541034978624818e-04 -8.2176185658537264e-06
6 12 -1.2804812908235526e-04 -5.8621949724312731e-06
6 13 -9.2401653724714781e-05 -3.5498052309004269e-06
6 14 -7.9035883755230676e-05 3.2788137390074317e-06
6 15 -7.7030319451466134e-05 7.2798318319646089e-06
6 16 -6.0048723964625450e-05 -2.1429022013268650e-06
6 17 -4.7185949318044682e-05 -1.5345642149149731e-06
6 18 -4.0069428256208564e-05 1.8553487917882015e-06
6 19 -2.8344755836884358e-05 1.5034600357898543e-06
6 20 -2.5151570299173046e-05 1.5964746952323772e-06
6 21 -2.0995047913674569e-05 -1.1480451525574347e-06
6 22 -2.0227702363877035e-05 -5.8520589955408516e-07
6 23 -1.8890351626919005e-05 9.3131128025593474e-07
6 24 -1.4762640090332294e-05 1.0044543308363440e-06
6 25 -1.2168228599047899e-05 -6.3625304536954934e-07
6 26 -1.3185507245926872e-05 6.7013113048108539e-07
6 27 -8.9059752894701799e-06 1.4972649151311494e-07
6 28 -7.3129941828476602e-06 9.7391067730749666e-07
6 29 -6.4085759203230014e-06 -5.3394640900461721e-08
6 30 -5.5572015054305627e-06 -6.9127946310578538e-08
6 31 -5.1201999309912827e-06 -3.3240740513120975e-07
6 32 -4.9943635356447432e-06 -1.5965372325167475e-07
6 33 -4.6796783791967944e-06 -6.3107277126249781e-08
6 34 -4.3642206213820210e-06 -1.3563036084791472e-07
6 35 -4.7913104151943860e-06 6.9775576765842099e-08
6 36 -5.3265416450761482e-06 -4.4111230787798726e-08
6 37 -5.6465441286654215e-06 -5.5110183443187138e-07
6 38 -5.5413129434944951e-06 -1.6246986220269146e-07
6 39 -6.7431075178583052e-06 5.9142358228360586e-07
6 40 -7.5819906776645850e-06 -1.9089659975186704e-07
6 41 -8.6844117815920977e-06 1.0492511440945999e-06
6 42 -9.1880894845285288e-06 -1.3342181201689100e-06
6 43 -1.1317666895850907e-05 3.4544706322563376e-08
6 44 -1.3524596327987232e-05 6.0623918970728773e-07
6 45 -1.3905628930302520e-05 9.5841036413199258e-08
6 46 -1.6296201039936419e-05 7.8783416608689050e-07
6 47 -2.0698281769778246e-05 3.2906146927223825e-06
6 48 -2.5943055420359811e-05 -1.4400650202688452e-06
6 49 -2.9359909236264179e-05 -1.5869857791701648e-08
6 50 -3.6755721574220774e-05 9.0036150650756290e-07
6 51 -5.0225342637946588e-05 -1.4774530486613211e-07
6 52 -5.7718414617017042e-05 4.2101859995082745e-06
6 53 -6.9074439252639249e-05 3.8755767534703104e-06
6 54 -8.8499852672780155e-05 -1.9487698522928068e-06
6 55 -1.0251896468822943e-04 9.4871946862013787e-06
6 56 -1.1093234946912053e-04 7.0431846997121449e-06
6 57 -1.1362261873388112e-04 -4.9451808860250519e-06
6 58 -1.2867168090460973e-04 4.2782804803531557e-06
6 59 -1.5637729637253052e-04 -6.0924572986730892e-06
6 60 -1.6437314725232217e-04 -1.5106487803990592e-05
6 61 -2.1290871532862106e-04 -2.4017664685419138e-06
6 62 -2.5491335324220464e-04 -5.1400730083826629e-06
6 63 -2.8134503859050689e-04 -1.5884469007810987e-05
6 64 -3.1599301420552113e-04 -3.6333903838198620e-06
6 65 -3.7529544630049904e-04 -1.2449628085047580e-05
6 66 -4.3813101077244985e-04 -3.2348042966246537e-05
6 67 -4.8110068870426634e-04 -3.1961526750868869e-06
6 68 -5.9925732071460761e-04 -8.3648384899859621e-05
6 69 -8.1876404178640423e-04 1.5876689211099743e-05
6 70 -1.0661949537383233e-03 -9.6036608618740556e-05
6 71 -1.3438777447038273e-03 1.0861898676740571e-05
7 0 -7.0881646454435776e-04 -4.3366260015768188e-04
7 1 -4.1765185328852323e-04 -1.8194428905322993e-05
7 2 -3.1262170191028533e-04 -6.9474790598748448e-05
7 3 -3.5909128539243171e-04 1.5530169522003645e-05
7 4 -2.5878993200074464e-04 4.5151529849705244e-05
7 5 -1.9155106160752392e-04 1.4700364965688694e-05
7 6 -1.8550011960714419e-04 -7.9020650237004285e-06
7 7 -1.2495037900583816e-04 9.9147865543079512e-06
7 8 -1.2779506932906771e-04 1.6674202717461222e-05
7 9 -1.1303070519135444e-04 9.1932043356936394e-07
7 10 -9.8442561371907080e-05 1.0519849788401751e-06
7 11 -6.2017108521599434e-05 -9.7654753123530249e-06
7 12 -6.9395434771644788e-05 -1.5974155639591627e-06
7 13 -4.5201099008723003e-05 -4.7030181671286288e-06
7 14 -3.9357992011113990e-05 2.9252654721521075e-06
7 15 -4.0263285361946425e-05 6.9238815910470693e-06
7 16 -2.8435390666597977e-05 -2.0227441991967624e-06
7 17 -2.1508040331005088e-05 -8.9124394230955167e-07
7 18 -2.0073094883422234e-05 2.0774844094736508e-06
7 19 -1.3566859222331271e-05 1.4314278449062115e-06
7 20 -1.2092950276832149e-05 1.4079568994807259e-06
7 21 -1.0304705376715279e-05 -1.3717800703804661e-06
7 22 -1.0889570250725577e-05 -9.5660765459128035e-07
7 23 -1.0329689233422189e-05 8.3195904697653828e-07
7 24 -7.5397237213767297e-06 1.2203188861123849e-06
7 25 -5.9054087932639688e-06 -2.1923729139568521e-07
7 26 -7.7899633067232988e-06 4.9903912001536850e-07
7 27 -4.3604144186601785e-06 3.5714256025196853e-07
7 28 -3.8496918286446990e-06 9.8361579089662598e-07
7 29 -3.3174304759770715e-06 -3.3749500313118871e-09
7 30 -2.8729727939989891e-06 -5.1011702646256166e-08
7 31 -2.7164138765572870e-06 -2.5472125620114152e-07
7 32 -2.6201559474389548e-06 -2.2034705742439631e-07
7 33 -2.5664479448445083e-06 -1.9527111764305465e-08
7 34 -2.1408388200101598e-06 -1.1957389692704617e-07
7 35 -2.6900625576343611e-06 9.2785699820636705e-09
7 36 -2.8287455345186759e-06 -1.6549540312109299e-07
7 37 -3.0288048940330215e-06 -7.4516594732891328e-07
7 38 -2.6570461863195611e-06 -2.0641236462509330e-07
7 39 -3.4966079394528105e-06 7.1362513968091765e-08
7 40 -3.7935901206067777e-06 -7.2258381483595465e-08
7 41 -4.5211367511535787e-06 8.6073376259122491e-07
7 42 -4.0160380680247569e-06 -1.0138749145680849e-06
7 43 -6.2729174350041424e-06 -3.9870075401839176e-07
7 44 -7.1483181440054265e-06 5.6044558161327624e-08
7 45 -6.9344852361241188e-06 -4.4583818171281591e-07
7 46 -7.9001732027933660e-06 7.2428880525798161e-07
7 47 -1.0604218317469895e-05 2.6214518037784491e-06
7 48 -1.4308411146289737e-05 -9.9564540353371662e-07
7 49 -1.4255465211685460e-05 -3.8789836011507277e-07
7 50 -1.8954583145631527e-05 1.0564168573814621e-06
7 51 -2.7005167495249481e-05 -1.7070802478519859e-06
7 52 -2.7523028326267192e-05 1.6243668547825802e-06
7 53 -3.5639337140912365e-05 2.6261124165813512e-06
7 54 -4.4363896780588830e-05 3.3792993884968882e-07
7 55 -5.3645867848134833e-05 1.1650309628889870e-05
7 56 -5.9950673232219112e-05 7.2008836764623415e-06
7 57 -6.1128189822731415e-05 -9.9381964751310369e-07
7 58 -6.4000142503771774e-05 6.7759927434352136e-06
7 59 -7.7023388280474014e-05 -1.2525797790731041e-05
7 60 -8.3941755501558288e-05 -1.4655226193595548e-05
7 61 -1.1351558162902916e-04 -1.0655471979363499e-07
7 62 -1.2272293446653060e-04 -1.5242521218671242e-06
7 63 -1.2923010874857886e-04 -1.8454675412969449e-05
7 64 -1.3670592853344752e-04 3.7612622261315877e-06
7 65 -1.9239644201436340e-04 -1.6204708476227689e-05
7 66 -2.2683603256736209e-04 -2.9120017679647537e-05
7 67 -2.3229727308726348e-04 5.2632498331021739e-06
7 68 -2.7675696121644131e-04 -6.2102637733753904e-05
7 69 -3.8775670168449236e-04 -1.6959795961972753e-05
7 70 -4.9998932921312773e-04 -1.0175329270955316e-04
7 71 -6.3564409430728603e-04 1.0250061148824094e-05
8 0 -2.7269222827329507e-04 -2.2120135475016742e-04
8 1 -1.9279453881260712e-04 -2.5103075004530751e-05
8 2 -1.1891817833228129e-04 -5.6828898380862295e-05
8 3 -2.0179691152378022e-04 1.1771657479533314e-05
8 4 -1.3910673260436550e-04 4.1192832341852330e-05
8 5 -9.7233186337611989e-05 3.1421574613091513e-06
8 6 -9.3838945213449006e-05 -5.9465029556219021e-06
8 7 -4.9557311624073924e-05 5.5069412177716678e-06
8 8 -6.4199007659038469e-05 1.9778842231691507e-05
8 9 -5.9493226449045199e-05 -7.0856043186595451e-07
8 10 -5.4102065820895410e-05 -1.5338244019532508e-06
8 11 -2.5355764712294566e-05 -8.8990199865486700e-06
8 12 -3.8279541051368676e-05 8.4726798636537903e-07
8 13 -1.9376363359349444e-05 -4.1187826222430300e-06
8 14 -1.8910716824942103e-05 2.6927418769619634e-06
8 15 -2.0670754265819982e-05 6.1056030144346234e-06
8 16 -1.1829359056697304e-05 -1.3586776436974079e-06
8 17 -8.5680519759362875e-06 -9.1300846473391853e-08
8 18 -9.6792621254303617e-06 2.0474885249087869e-06
8 19 -6.5307563861155160e-06 1.8857882368320963e-06
8 20 -5.5658957499655338e-06 1.1532125192675017e-06
8 21 -5.0298843870352994e-06 -1.5050378464002441e-06
8 22 -6.2945349123177196e-06 -1.2630201670657410e-06
8 23 -5.9987820871442209e-06 3.7479913020924828e-07
8 24 -3.5913606168685000e-06 1.0068865806971455e-06
8 25 -2.6483145844710931e-06 -2.4124353070145594e-07
8 26 -4.7748650049650368e-06 2.9785521927544555e-07
8 27 -2.0952368724433288e-06 5.0489189771896598e-07
8 28 -2.1286185899077282e-06 9.4488614562917044e-07
8 29 -1.5872199686397409e-06 1.0492732090870080e-07
8 30 -1.4464954118053634e-06 -8.8890432094782023e-08
8 31 -1.4290403763020167e-06 -1.9289159536209713e-07
8 32 -1.3871671083618393e-06 -2.6747293356807530e-07
8 33 -1.4240562290547192e-06 2.0876180003197687e-08
8 34 -9.7646894628371442e-07 -8.6303796355609873e-08
8 35 -1.4998987497025734e-06 -1.3316205450849084e-08
8 36 -1.4579372864563055e-06 -1.5243914856417785e-07
8 37 -1.6069893738951575e-06 -7.8878604901172450e-07
8 38 -1.3142424468067797e-06 -1.9589435486117655e-07
8 39 -1.8651152519141778e-06 -1.9879732806401809e-07
8 40 -1.6999309360920983e-06 5.4360583156715342e-09
8 41 -2.3122588678172774e-06 7.4812618426446718e-07
8 42 -1.4363701734939708e-06 -7.0101376569332855e-07
8 43 -3.4901979718615405e-06 -4.7052301672240411e-07
8 44 -3.6797223132165563e-06 -3.3452528571467189e-07
8 45 -3.7245119074130346e-06 -5.1281061704003624e-07
8 46 -3.6483738999184988e-06 1.0889098272253595e-06
8 47 -5.6510706602101928e-06 1.6505199822775240e-06
8 48 -8.4550990327792437e-06 -1.9079021054293655e-07
8 49 -6.4442519253168711e-06 -7.0178159774616577e-07
8 50 -1.0470431741898883e-05 2.6589961125190586e-06
8 51 -1.4196674121462200e-05 -3.3025952169373999e-06
8 52 -1.2841562050703355e-05 -1.2014028762015719e-06
8 53 -1.9121307180082500e-05 1.5692327793325942e-06
8 54 -2.0059055875497147e-05 2.4741257726768539e-06
8 55 -2.7116238564638065e-05 1.2090222357163631e-05
8 56 -3.2427457191204484e-05 8.4397910577628058e-06
8 57 -3.4681805159208615e-05 -1.8826878173037153e-06
8 58 -3.0503512168631283e-05 7.6859986461879305e-06
8 59 -3.0597586601825774e-05 -1.4951500976778058e-05
8 60 -4.0335931321194683e-05 -1.0723645502985130e-05
8 61 -6.4950210366232958e-05 4.0856523821737010e-06
8 62 -5.7152940672612515e-05 1.4711901179542519e-06
8 63 -5.7226712062159091e-05 -1.4721761184181802e-05
8 64 -4.4793321257872839e-05 7.7380023531646359e-06
8 65 -9.6483033320014327e-05 -2.0140392045479482e-05
8 66 -1.0713847259060080e-04 -2.8675618162922487e-05
8 67 -1.0713400628868372e-04 4.4761798849115649e-06
8 68 -1.2425292188638626e-04 -3.7851103581016025e-05
8 69 -1.7377207073048046e-04 -2.9272485294066709e-05
8 70 -2.1550017805375718e-04 -9.8248163919857084e-05
8 71 -2.7348857989342788e-04 -1.7669038314850065e-05
9 0 -1.5565687855412092e-04 -8.5401866904257802e-05
9 1 -7.1343568986388168e-05 -2.0906639582574317e-05
9 2 -3.3777660901328651e-05 -4.3759476735026007e-05
9 3 -1.1136973577031047e-04 3.4916510556170415e-06
9 4 -8.1318644170996936e-05 3.3538059578822266e-05
9 5 -5.4624185682245869e-05 -3.9769295782193963e-06
9 6 -4.2269917585568960e-05 -2.9545935401441061e-06
9 7 -1.9539602402878886e-05 8.2555924092805687e-07
9 8 -3.3219815838188776e-05 2.1251958194735671e-05
9 9 -3.4264290730049257e-05 -2.1057021585897802e-06
9 10 -2.8303222013083769e-05 -5.4380946292562812e-06
9 11 -6.9271673321228740e-06 -7.2511486144210273e-06
9 12 -2.0895155667224766e-05 1.9722483285368651e-06
9 13 -5.5888275044519145e-06 -2.3455553734935473e-06
9 14 -8.2504261154550318e-06 1.6866253351910243e-06
9 15 -9.5619987993070339e-06 5.4597552334920537e-06
9 16 -2.5937041041936020e-06 -5.3935366903580794e-07
9 17 -2.3294909120721041e-06 2.3930500644166705e-07
9 18 -4.5057024197688462e-06 1.2340238990413157e-06
9 19 -2.9230263825273483e-06 2.4440369312637178e-06
9 20 -2.0825228697387180e-06 6.2702766827420075e-07
9 21 -2.3801367288735223e-06 -1.5796844115532580e-06
9 22 -4.2025928840829078e-06 -1.3552582593797103e-06
9 23 -3.6283394611668379e-06 5.3913986554236757e-08
9 24 -1.7696582932507569e-06 5.7724656497853025e-07
9 25 -1.0202621459846699e-06 -4.2809674950006685e-07
9 26 -3.0271655474067610e-06 1.2182651110588076e-07
9 27 -1.0473548893871795e-06 3.8916375970035585e-07
9 28 -1.3421743754267182e-06 7.7071907726267026e-07
9 29 -7.2337834317321922e-07 1.7209400681548690e-07
9 30 -7.0165061136478298e-07 -1.2765715732867573e-07
9 31 -6.0496707614727439e-07 -1.5283672995076516e-07
9 32 -7.5131947892950785e-07 -2.1574592244708711e-07
9 33 -7.8585023415720610e-07 4.9300027348855406e-08
9 34 -3.6679466005773078e-07 -1.6278153045398889e-08
9 35 -8.4126906390079646e-07 3.9281348871935131e-08
9 36 -7.3890440490919110e-07 -1.4448639505282253e-07
9 37 -7.0991618221274017e-07 -6.2363586222156636e-07
9 38 -6.2415321586005418e-07 -3.6408995986537882e-07
9 39 -9.1143845019964366e-07 -3.8335057658576778e-07
9 40 -6.3781901619840498e-07 6.6361304525444261e-08
9 41 -1.0615032706133024e-06 5.1467206504320441e-07
9 42 -2.3225769160399403e-07 -4.1241826725662366e-07
9 43 -1.9629999767693380e-06 -5.1726269744541937e-07
9 44 -1.5769045137966771e-06 -4.7516088218374887e-07
9 45 -2.1981630427073161e-06 -3.1458735489268463e-07
9 46 -1.2892337253426330e-06 1.4364902552736290e-06
9 47 -3.3036911876473883e-06 4.4608280261030056e-07
9 48 -5.3782792216105301e-06 2.1748738760783862e-07
9 49 -2.2469405826497137e-06 -1.2438925327540019e-06
9 50 -7.0559556545195922e-06 3.7575304387751352e-06
9 51 -7.3083993929808164e-06 -3.8348549626125118e-06
9 52 -7.3521404896514472e-06 -3.0609629188426995e-06
9 53 -1.0589801677066607e-05 2.9484361796672380e-06
9 54 -6.0407147788242440e-06 1.6228421242673417e-06
9 55 -1.3633480819351971e-05 9.9513141522524908e-06
9 56 -1.7761757477776333e-05 8.2199403279953502e-06
9 57 -2.0356741298660138e-05 -2.3063555906302871e-06
9 58 -1.5320170393350833e-05 1.0671837429875334e-05
9 59 -5.2160210417389398e-06 -1.2229796848807507e-05
9 60 -1.8542522801358580e-05 -7.9184451850833719e-06
9 61 -3.8868431709386258e-05 5.9636967130423512e-06
9 62 -3.0046745967748981e-05 3.2466845880195692e-06
9 63 -2.2869798013934221e-05 -7.4740033381907509e-06
9 64 -5.6187598783367844e-06 1.0540472641030244e-05
9 65 -4.6056867353806210e-05 -1.8451648087219297e-05
9 66 -4.6723189016659678e-05 -2.7641002482935629e-05
9 67 -4.2810963114440391e-05 3.5020076123704132e-06
9 68 -5.7187659503088581e-05 -1.7881178205207651e-05
9 69 -8.6197655676323011e-05 -2.8189714729624142e-05
9 70 -8.2850434478722200e-05 -9.1317176209711502e-05
9 71 -8.6185541730139130e-05 -2.3325104584337587e-05
10 0 -1.0040495334267338e-04 3.3982444565741480e-05
10 1 -2.9093781426268555e-05 -1.4590129145070962e-05
10 2 6.2315549222701226e-06 -3.7953260936589001e-05
10 3 -6.7319313036806272e-05 -5.5245184418758859e-06
10 4 -5.6262942818944435e-05 2.6898991724801319e-05
10 5 -3.4665248340961464e-05 -8.4558949822142202e-06
10 6 -1.2852442294069164e-05 -3.5336584927164051e-06
10 7 -1.1029090364684674e-05 -5.4009822229466575e-07
10 8 -1.5494101172276351e-05 1.6423191127660399e-05
10 9 -2.1399749618315669e-05 -3.5230234573814213e-06
10 10 -1.4521766745277247e-05 -6.6455684447752984e-06
10 11 -7.5669582929795763e-08 -6.1928606428050453e-06
10 12 -1.3181977052054482e-05 3.7029025709184695e-06
10 13 1.0069537002798410e-07 -1.6153852469097064e-07
10 14 -2.2114100379448500e-06 6.5395219181070170e-07
10 15 -3.4735485077560249e-06 4.5331458221327151e-06
10 16 2.7333965285347188e-06 -3.8685705200470104e-07
10 17 2.4448939646511709e-07 -2.0313217770346881e-07
10 18 -1.6695994198081550e-06 2.6406328703497929e-07
10 19 -4.6197309995276073e-07 2.2797815063123263e-06
10 20 5.1026124611148998e-08 -2.2453205849724417e-07
10 21 -1.0618033093503650e-06 -1.2975252480107581e-06
10 22 -3.1841241489940559e-06 -1.1016338323194615e-06
10 23 -2.2229138862254561e-06 -1.3659715131072240e-07
10 24 -1.1209084528312194e-06 3.2635815553186188e-07
10 25 -4.8717629260594052e-07 -4.1026511256895842e-07
10 26 -2.0743513895471182e-06 -1.0370613929961865e-07
10 27 -6.0245274869222821e-07 2.1398408917772220e-07
10 28 -8.1579730597535892e-07 5.5133846687812594e-07
10 29 -3.3690291989319339e-07 1.8270916967474772e-07
10 30 -3.6163056868817815e-07 -1.5864574896178621e-07
10 31 -1.2219324365115197e-07 -1.4352785504965007e-07
10 32 -3.6086105057812838e-07 -1.5378399692148720e-07
10 33 -4.2623122531499352e-07 1.0884363639284831e-08
10 34 -8.2911011549272683e-08 8.1828599180364468e-08
10 35 -5.3412193686807828e-07 7.2064053209814716e-08
10 36 -4.3324121529677689e-07 -1.4547078200780591e-07
10 37 -2.1658070709559433e-07 -5.2081746608634262e-07
10 38 -4.1599411798346784e-07 -6.3431837208952011e-07
10 39 -4.1945505581177635e-07 -4.9257598561323468e-07
10 40 -1.8323599299801272e-07 -1.3391198491153531e-08
10 41 -4.2450011821098873e-07 5.7458058198810355e-08
10 42 1.3801716184637775e-07 2.6975603665336339e-08
10 43 -1.1675631724536940e-06 -5.0830867512443633e-07
10 44 -1.3799104964688859e-07 -4.2920484361714090e-07
10 45 -1.6739245877111677e-06 -3.3524744262667073e-07
10 46 -1.3155777176522461e-07 1.2574815224191707e-06
10 47 -2.0661627082214475e-06 -1.5140596611405350e-07
10 48 -3.3261726908597806e-06 4.0322407752730490e-07
10 49 1.9830483141166258e-08 -1.8821953966888870e-06
10 50 -5.3741449087428036e-06 3.3234298846184931e-06
10 51 -3.3033403501890610e-06 -4.5636541676397347e-06
10 52 -5.3742346814122434e-06 -2.8625579364548285e-06
10 53 -5.9529245558715728e-06 4.7807846170274071e-06
10 54 4.4890839124098565e-08 5.2018910203248803e-07
10 55 -6.9570534665016318e-06 7.2301271904911912e-06
10 56 -9.6307793355459444e-06 7.3850398862245684e-06
10 57 -1.2395258231041567e-05 -2.9039446144847410e-06
10 58 -8.3612350994546543e-06 1.1221852977032178e-05
10 59 5.4767064883207598e-06 -7.2067478229719042e-06
10 60 -1.1637030622157656e-05 -4.2848851502148844e-07
10 61 -2.5853189087516483e-05 4.6537894176027464e-06
10 62 -1.5193559656418590e-05 6.5879480294490525e-06
10 63 -2.0930278529921254e-06 -2.4861882697755617e-06
10 64 2.6067350767372153e-06 5.8948047515456754e-06
10 65 -2.1271986575063920e-05 -1.4199528603997623e-05
10 66 -2.3456967605379335e-05 -1.6049062002666888e-05
10 67 -1.1166043320083880e-05 8.2126006138550920e-06
10 68 -2.7137300562952928e-05 -7.5050356835920134e-06
10 69 -5.9498150064793686e-05 -2.0711633078772289e-05
10 70 -3.5051089269718469e-05 -7.6693768543339232e-05
10 71 -1.1056477536629156e-05 4.7760653551438276e-07
