0 0 -1.1473831406080182e+00 9.9547938648321396e-20
0 1 -1.4678362257493249e-01 -8.6383721851288476e-20
0 2 -5.1999902106002402e-02 -5.4863517324302573e-21
0 3 -2.9022774082823791e-02 4.3213013864445294e-21
0 4 -2.1213864046622250e-02 5.7532389566465509e-23
0 5 -1.6869069450838284e-02 1.6121018799046621e-23
0 6 -1.3857333596751842e-02 -5.5567830726008786e-22
0 7 -1.1920090667219697e-02 -2.4623530000588490e-22
0 8 -1.0879687056845014e-02 -2.1651332124788927e-22
0 9 -9.4480306578630744e-03 -3.0934660045097742e-22
0 10 -7.9691197633073377e-03 -6.5229798093728083e-23
0 11 -7.2555789159448100e-03 1.2380717383456163e-22
0 12 -6.5316458667316942e-03 8.1120246881152321e-23
0 13 -5.4958473955405247e-03 -2.3729842507355948e-22
0 14 -4.3740222206757199e-03 -3.5899428720441797e-23
0 15 -3.4221415900757995e-03 -1.6935720589543733e-22
0 16 -2.7032521420975357e-03 1.0850844321108168e-22
0 17 -2.2259523617372979e-03 1.0829823625309129e-23
0 18 -1.9627415028235732e-03 6.0952170972272237e-23
0 19 -1.7729529435388223e-03 -2.4045371164691369e-23
0 20 -1.6093796281685254e-03 -8.3085759669154052e-24
0 21 -1.4684284278953456e-03 -1.6975998738845344e-23
0 22 -1.3409611005743460e-03 -1.2804891096508970e-23
0 23 -1.2158211154898295e-03 9.2660829706022738e-23
0 24 -1.1104393253262962e-03 3.4279058834035050e-23
0 25 -9.8720633196831484e-04 1.8244088065440466e-23
0 26 -8.8396291613716870e-04 4.2141251825003128e-23
0 27 -7.9823099739635358e-04 -2.2617884203037643e-23
0 28 -7.3225753244443223e-04 -1.6966741510486295e-23
0 29 -6.7607257335475766e-04 2.5391895022078412e-23
0 30 -6.4232083392481998e-04 1.1457653988397647e-23
0 31 -6.2756725247263198e-04 -4.0161770292836085e-24
0 32 -6.4480684170021912e-04 5.6371812782453299e-24
0 33 -6.7501256915265383e-04 4.9079620219372937e-23
0 34 -6.7866429597375467e-04 -1.3921176677127195e-23
0 35 -7.0362049792200936e-04 2.1233349985430063e-23
0 36 -7.5131955174100561e-04 1.4016427976864100e-23
0 37 -8.4181075644259847e-04 -2.4710415544018584e-23
0 38 -9.9972056393443946e-04 -2.8956768980434830e-23
0 39 -1.1768669286010890e-03 -2.9804583025670860e-23
0 40 -1.3764669871446492e-03 -3.6585552303092396e-23
0 41 -1.6529651066080767e-03 9.5506332143016289e-23
0 42 -1.9502377183818862e-03 1.4613953459588547e-22
0 43 -2.1177672477552373e-03 -4.3144584878850103e-23
0 44 -2.1527444382331232e-03 7.7860731540794543e-24
0 45 -2.1598265734781509e-03 5.0588708841216662e-23
0 46 -2.3585162131424977e-03 9.5185729768082617e-23
0 47 -2.7065416606799684e-03 3.8394287479480544e-23
0 48 -3.1140532511311535e-03 2.5873693473471712e-22
0 49 -3.7659810247049380e-03 2.6399131153411681e-22
0 50 -4.8337803908875560e-03 2.4443873895937052e-22
0 51 -6.3514625329966949e-03 4.9666806412113774e-22
0 52 -8.0669125388674358e-03 1.1069604907717646e-21
0 53 -1.1052492283630325e-02 1.5466512103370898e-21
0 54 -1.3530180465443123e-02 1.6808637974786975e-21
0 55 -1.1597502381147196e-02 2.2864052053033958e-22
0 56 -9.4140827390689318e-03 -1.0836610992663596e-21
0 57 -8.4504075801744103e-03 -1.1245738125310731e-22
0 58 -8.0671544170207009e-03 1.0954946941066215e-21
0 59 -7.8758523393259519e-03 2.1802091919257580e-22
0 60 -7.9680188970130909e-03 2.6330084124142802e-22
0 61 -8.0407606372752960e-03 2.2542934832921251e-22
0 62 -8.3021011123351404e-03 -1.1898530794625663e-22
0 63 -9.1926932424577796e-03 8.1027535771082107e-23
0 64 -1.0605917335370115e-02 2.3376860103734800e-22
0 65 -1.2107608545834453e-02 2.4368296334166402e-22
0 66 -1.3946010351371644e-02 2.1264537547728857e-22
0 67 -1.6360446287534493e-02 3.7398267189820660e-22
0 68 -2.1204096046691500e-02 -3.3360894178483583e-22
0 69 -3.0917492579124937e-02 1.0708921519644721e-21
0 70 -5.1538521725079979e-02 -1.6943267244600978e-20
0 71 -1.4123729836265603e-01 -1.2332784586775515e-19
1 0 -3.3717695820840204e-01 1.0934664016909446e-03
1 1 -8.9394195968304474e-02 -8.0575076995797820e-05
1 2 -3.6880137389832028e-02 1.1745981785871454e-04
1 3 -2.1817715149847164e-02 -6.7984045095136818e-05
1 4 -1.6132438925537489e-02 2.4333421554714109e-05
1 5 -1.2852653751322692e-02 6.3121359598496306e-05
1 6 -1.0581978733712331e-02 -2.8079103800281475e-06
1 7 -9.1611275309851185e-03 1.2140874079310129e-05
1 8 -8.3565063916095361e-03 4.8269369433381179e-05
1 9 -7.2494647753415476e-03 1.0366785808292248e-05
1 10 -6.1075495950335523e-03 3.2856655916105059e-05
1 11 -5.5633066920373316e-03 1.0609728813768413e-05
1 12 -4.9945418712073345e-03 1.1454274762461798e-06
1 13 -4.2147068312932716e-03 -2.4191988404520505e-05
1 14 -3.3519591786886705e-03 -3.9146366025246558e-05
1 15 -2.6162017916507578e-03 -2.1593181354945514e-05
1 16 -2.0660937828914068e-03 -9.0138259310867982e-06
1 17 -1.7059739602949373e-03 -1.4171907522502417e-05
1 18 -1.5066130751114719e-03 -7.3309870881529110e-06
1 19 -1.3607329545740042e-03 1.2822072684378725e-06
1 20 -1.2338010479635854e-03 6.7564771742947887e-06
1 21 -1.1209730510033324e-03 2.7047623845927514e-06
1 22 -1.0223208974474184e-03 2.4796562347349455e-06
1 23 -9.2798572516430359e-04 6.8756795622139515e-07
1 24 -8.4575963699750419e-04 -2.5145742216229987e-06
1 25 -7.4996418140224402e-04 2.9808991845882998e-07
1 26 -6.7640766392046273e-04 1.2360138649090368e-06
1 27 -6.1149942667914248e-04 6.3707193524934602e-07
1 28 -5.6087853905262958e-04 -8.6051263211783492e-07
1 29 -5.1742096753589590e-04 -1.7739897304511282e-06
1 30 -4.9217229103849856e-04 -4.8744378378941130e-07
1 31 -4.7904685342516529e-04 6.8018546283684765e-07
1 32 -4.9353234819716064e-04 -5.0255281736695999e-07
1 33 -5.1585444661310246e-04 6.1848583753575031e-07
1 34 -5.1856197930761250e-04 -2.0090974523116492e-07
1 35 -5.3742954517714450e-04 -4.5350039173577106e-07
1 36 -5.7205535318841701e-04 2.6378969481623733e-07
1 37 -6.4291584286164103e-04 -1.0063634034609626e-07
1 38 -7.6442481048088335e-04 -4.1002405027215788e-06
1 39 -8.9867237132378833e-04 -3.9461480412486324e-06
1 40 -1.0571333764506747e-03 2.4652210230812853e-07
1 41 -1.2679112073193883e-03 6.4537280716774015e-06
1 42 -1.4919004476140613e-03 4.8306405511673206e-06
1 43 -1.6207859584202711e-03 -4.2079433061352950e-06
1 44 -1.6548929030193059e-03 -9.9967971025703763e-06
1 45 -1.6537706977723561e-03 -7.2244190248059715e-06
1 46 -1.8026315926266596e-03 6.9120307100363249e-06
1 47 -2.0669006349070531e-03 -3.6326729548466228e-07
1 48 -2.3775538473398299e-03 7.8539568809314067e-06
1 49 -2.8659431999686633e-03 2.8163916504636887e-05
1 50 -3.6922891523353133e-03 1.8875015035386308e-06
1 51 -4.8838188915413111e-03 5.6270823948392724e-05
1 52 -6.1973295867357916e-03 9.8539415784790074e-05
1 53 -8.6236952675813553e-03 -1.1728562143328026e-05
1 54 -1.0398672012163204e-02 2.4241700655415990e-05
1 55 -8.9280649915204017e-03 -2.0006805428455794e-05
1 56 -7.2102002561815230e-03 -6.6645185528941202e-06
1 57 -6.4638336437821218e-03 -2.7871596097088768e-05
1 58 -6.1640094068313453e-03 -6.9737456993397781e-05
1 59 -6.0034337815828946e-03 -9.3980125926058946e-05
1 60 -6.0674047697449234e-03 -4.0334923236212297e-05
1 61 -6.1542912038723479e-03 -3.3140630266820628e-06
1 62 -6.3686089213587189e-03 -2.8362237334401493e-06
1 63 -7.0587525067323537e-03 4.1288212837335397e-05
1 64 -8.0942505026005366e-03 -3.3958121206079199e-06
1 65 -9.2130824516218016e-03 -3.3127469082294719e-05
1 66 -1.0608847074924474e-02 -2.8874214810257572e-05
1 67 -1.2398656685411409e-02 -3.0933356640585001e-05
1 68 -1.5930915767891247e-02 4.4565098944012154e-05
1 69 -2.2725770923305130e-02 -2.1984781573374299e-04
1 70 -3.6372980489739151e-02 -1.3347256955803212e-04
1 71 -8.2641024349351666e-02 -4.2841489199414131e-05
2 0 -1.0536862598605176e-01 4.2779266515734849e-06
2 1 -4.4543757983544971e-02 1.3784155227218855e-04
2 2 -2.0541617068973995e-02 1.3360666295263301e-04
2 3 -1.3240958818684215e-02 -9.7345055819138032e-05
2 4 -9.9301664922251415e-03 5.3371317561568668e-06
2 5 -7.9061759130388490e-03 8.9532480163096576e-05
2 6 -6.5393516030008659e-03 6.2747986047864583e-06
2 7 -5.7653855212731484e-03 2.2607874864219157e-05
2 8 -5.2559822133465047e-03 8.6523477641720295e-05
2 9 -4.5286461760616556e-03 3.1185959093252876e-05
2 10 -3.8027992041245076e-03 4.6032341746501712e-05
2 11 -3.4653364332678212e-03 2.1949053680628691e-05
2 12 -3.0968940790714800e-03 1.0066456019833457e-05
2 13 -2.6299221634935835e-03 -3.6977584601679757e-05
2 14 -2.0935743002028339e-03 -5.8029514457261245e-05
2 15 -1.6240970581227140e-03 -3.0549341256815126e-05
2 16 -1.2823732710424440e-03 -1.1082595448167444e-05
2 17 -1.0625515749831417e-03 -1.7876925443337187e-05
2 18 -9.4467266679084771e-04 -8.4888008675126868e-06
2 19 -8.5214872274890689e-04 2.5577290233782752e-06
2 20 -7.7138207883298640e-04 8.2067741567612715e-06
2 21 -6.9360277546429508e-04 2.2786675478640731e-06
2 22 -6.2901137122496956e-04 4.0547120572197834e-06
2 23 -5.7550928764886185e-04 3.1583979505758686e-07
2 24 -5.2144508482610842e-04 -1.6274560067489607e-06
2 25 -4.5865063509561987e-04 -2.3580873664048908e-07
2 26 -4.2057724288742507e-04 7.5540324132359348e-07
2 27 -3.8048223784731397e-04 6.3397708255240351e-07
2 28 -3.4944832601461275e-04 -1.1555260250728000e-06
2 29 -3.2232062047150373e-04 -1.6428260495423729e-06
2 30 -3.0835041848636756e-04 -1.4770053160956104e-07
2 31 -2.9732189579577867e-04 6.2636599547208348e-07
2 32 -3.0785581037246515e-04 -3.6979729120785787e-07
2 33 -3.1918501254141744e-04 2.0494687444667784e-06
2 34 -3.2129360585790551e-04 1.1467047700376750e-07
2 35 -3.3239407408234341e-04 -1.6004599159068102e-07
2 36 -3.5144154866919436e-04 9.2647243579098880e-07
2 37 -3.9928614006935217e-04 -3.2553109256086679e-08
2 38 -4.7513114706208511e-04 -5.3852590667594738e-06
2 39 -5.5543858671689783e-04 -6.0841363112561995e-06
2 40 -6.6096447475196170e-04 -1.2587024682148672e-06
2 41 -7.9248998042029070e-04 1.0615781496720019e-05
2 42 -9.2270040043058174e-04 7.4384326492205504e-06
2 43 -1.0071112406151370e-03 -8.2806623338842514e-06
2 44 -1.0396521820832027e-03 -1.0646088773880085e-05
2 45 -1.0283853803753464e-03 -1.0475608449584906e-05
2 46 -1.1169377276792122e-03 6.2601260094115363e-06
2 47 -1.2790695161563486e-03 -4.0432025148586899e-06
2 48 -1.4678594212334077e-03 1.1224902134958234e-05
2 49 -1.7500575646926283e-03 3.4375491716235636e-05
2 50 -2.2755077814627365e-03 -1.3707577263152565e-05
2 51 -3.0490054055211263e-03 6.6558339613087187e-05
2 52 -3.8409349581347168e-03 1.2634439202748114e-04
2 53 -5.5620749424364659e-03 5.1595632509301076e-05
2 54 -6.5103402764075035e-03 6.9988525381210536e-05
2 55 -5.6882798217321529e-03 -7.5413780897331964e-05
2 56 -4.5236092985675514e-03 -1.0317355256257020e-05
2 57 -4.0416262114956070e-03 -8.7617230786248888e-06
2 58 -3.8405246682828320e-03 -8.1767094415149152e-05
2 59 -3.7018447157459418e-03 -1.1884720094076432e-04
2 60 -3.7466545515099309e-03 -5.3580090736255591e-05
2 61 -3.8271068483331505e-03 8.6333504055366995e-08
2 62 -3.9908902019439203e-03 2.1768416805964472e-06
2 63 -4.4268483883289234e-03 6.1064689095782860e-05
2 64 -5.0012948550007983e-03 -8.8777745923215719e-06
2 65 -5.6818510312195364e-03 -4.4446990210873469e-05
2 66 -6.5329619655208762e-03 -4.6811556276177387e-05
2 67 -7.5765852631030552e-03 -4.4420399683658618e-05
2 68 -9.5976085736048170e-03 7.6295503839118024e-05
2 69 -1.3176498658682669e-02 -1.5843118286118000e-04
2 70 -2.0600570708786067e-02 -2.4173272872430926e-04
2 71 -3.8597901546825665e-02 -5.9731420891205753e-05
3 0 -3.5637381267206072e-02 -2.0774877673804761e-04
3 1 -2.0812346213625838e-02 4.7348323336106697e-05
3 2 -1.0488306361664994e-02 5.4091320539983520e-05
3 3 -7.4403845457236177e-03 -6.7416000395635435e-05
3 4 -5.6558821077240954e-03 -1.4085292015288018e-05
3 5 -4.4679704956009239e-03 8.8272150427704010e-05
3 6 -3.7178252276627048e-03 2.5598774239685413e-05
3 7 -3.3704411291058654e-03 4.4705261611512848e-05
3 8 -3.0767723227496991e-03 9.5568508592011595e-05
3 9 -2.6244615729936068e-03 5.0602366573314991e-05
3 10 -2.1850106551496561e-03 4.4120383275310216e-05
3 11 -2.0033838992922657e-03 3.2772285899871476e-05
3 12 -1.7821361373996489e-03 1.1406126153408497e-05
3 13 -1.5223369418851669e-03 -3.7560336689974640e-05
3 14 -1.2100692416731978e-03 -5.8829633484445316e-05
3 15 -9.3491275463767351e-04 -2.9261496590207801e-05
3 16 -7.4135243997477788e-04 -1.1056424430167356e-05
3 17 -6.0956795413514599e-04 -1.4917501450070985e-05
3 18 -5.4869011971840826e-04 -6.5183596126982149e-06
3 19 -4.9754895486060942e-04 2.3536762726619629e-06
3 20 -4.4990294216976507e-04 7.6915694263419193e-06
3 21 -3.9704443320184206e-04 1.6703895168228493e-06
3 22 -3.5964178483318250e-04 3.2233342420626822e-06
3 23 -3.2977627959447631e-04 -8.4056923924682101e-07
3 24 -2.9832621065557536e-04 -6.9293214846787221e-07
3 25 -2.5865365030505966e-04 -5.5888786751676388e-07
3 26 -2.4310391286484396e-04 3.0995030324133444e-07
3 27 -2.1839715482463825e-04 -7.0274256503176606e-07
3 28 -2.0174843092654230e-04 -1.4414059679918167e-06
3 29 -1.8672698617275626e-04 -2.0883437994797392e-07
3 30 -1.8008394319652302e-04 2.5728943817479649e-07
3 31 -1.7055396054584988e-04 -1.5662527709395280e-07
3 32 -1.7734401162803161e-04 -7.4380659481912358e-08
3 33 -1.8212722126300111e-04 2.8995485754350235e-06
3 34 -1.8347866098160560e-04 7.5134002272516071e-07
3 35 -1.8941833124751716e-04 2.4705941843321023e-07
3 36 -1.9977478211870146e-04 1.3487822837655756e-06
3 37 -2.2949379508455380e-04 3.5011141021553127e-07
3 38 -2.7195949106419593e-04 -3.9492827541789818e-06
3 39 -3.1522584334811989e-04 -7.4909638367590411e-06
3 40 -3.8317474320860345e-04 -3.9864213030628680e-06
3 41 -4.6026792260976218e-04 1.3115926596585937e-05
3 42 -5.2546161685663702e-04 8.5469404614483629e-06
3 43 -5.8051225184986132e-04 -9.9996693496849505e-06
3 44 -6.0495224561282095e-04 -7.1124928595611887e-06
3 45 -5.9226950958486744e-04 -1.0294837268633761e-05
3 46 -6.4446356138537792e-04 2.4317755693079934e-06
3 47 -7.3211013279894112e-04 -5.3235676843672060e-06
3 48 -8.4022415044728851e-04 1.0701820071527400e-05
3 49 -9.7924551334249146e-04 3.2099338794795568e-05
3 50 -1.2836628304525159e-03 -3.7770008618273635e-05
3 51 -1.7604987241982798e-03 5.2968470678552975e-05
3 52 -2.1772451172132113e-03 1.0592079308188042e-04
3 53 -3.3332517668985223e-03 1.1239015694678055e-04
3 54 -3.7027554894740744e-03 2.9836699900185206e-05
3 55 -3.4014353167857460e-03 -1.1043150846306806e-04
3 56 -2.6490428697357551e-03 -1.3974454620103811e-05
3 57 -2.3550881160492500e-03 -3.7831167300216817e-06
3 58 -2.2334900300604614e-03 -7.0943208552938646e-05
3 59 -2.1190227458497751e-03 -1.0445765187475943e-04
3 60 -2.1319597620006389e-03 -3.4712969254330268e-05
3 61 -2.1887444094190801e-03 2.4093599168518980e-05
3 62 -2.3260448612043064e-03 6.8968786296693926e-06
3 63 -2.5828524889318209e-03 5.8313336142647966e-05
3 64 -2.8521823019666583e-03 -2.2846002666319057e-05
3 65 -3.2541478890770661e-03 -2.8828404762357473e-05
3 66 -3.7249701540390894e-03 -6.9070522790187484e-05
3 67 -4.2713265768202016e-03 -5.3659132045438754e-05
3 68 -5.3380345592203273e-03 5.4347204125275229e-05
3 69 -6.9913599823164486e-03 -4.2715430421188031e-05
3 70 -1.0749236178151694e-02 -2.8787315016683054e-04
3 71 -1.7223681580862148e-02 -3.5998717552369208e-04
4 0 -1.3826722049800934e-02 1.4111848167592769e-04
4 1 -9.2980795700478604e-03 -2.2903429862828199e-04
4 2 -5.1533897329347021e-03 -2.6494818268898529e-05
4 3 -3.9619169395882538e-03 -4.6347922132491827e-05
4 4 -3.0869415618928471e-03 1.5549821592112912e-05
4 5 -2.4311666807029990e-03 5.4295291036307902e-05
4 6 -2.0471752651204668e-03 3.3565556287724409e-05
4 7 -1.8982728856745043e-03 6.6951062848366421e-05
4 8 -1.7424908758389712e-03 7.9148373340544293e-05
4 9 -1.4594265219034384e-03 3.8555772788891065e-05
4 10 -1.2060485991424830e-03 3.2078335886714133e-05
4 11 -1.1200516159724878e-03 3.2321653470286838e-05
4 12 -9.9857567947042635e-04 5.6843544080972918e-06
4 13 -8.4683803237630144e-04 -3.4955014589975780e-05
4 14 -6.6907437185808672e-04 -4.6141575260532736e-05
4 15 -5.1762362007255216e-04 -2.3108115518953449e-05
4 16 -4.1144031184955324e-04 -9.6791522422290892e-06
4 17 -3.3185397858378216e-04 -1.1781515467507345e-05
4 18 -3.0723304720435443e-04 -1.9826296958212684e-06
4 19 -2.8122607058019905e-04 4.2085057533561778e-06
4 20 -2.5530572021763656e-04 7.2499948338511125e-06
4 21 -2.1853130091909861e-04 1.8684170734633806e-06
4 22 -1.9883216090790291e-04 1.3498458519075094e-06
4 23 -1.8034174590020330e-04 -2.0909898828512608e-06
4 24 -1.6482762325275964e-04 -1.2127176660741772e-06
4 25 -1.3998047768249767e-04 2.9629576930560523e-07
4 26 -1.3568357746858941e-04 -1.5897336539170290e-07
4 27 -1.1931335222204091e-04 -1.1640653776529428e-06
4 28 -1.1045872368720802e-04 -1.9344936760750516e-06
4 29 -1.0389988206646653e-04 6.6800034407994856e-07
4 30 -1.0067589486391261e-04 8.2900726185144620e-07
4 31 -9.3657082502125291e-05 -1.2416165552418985e-07
4 32 -9.8363697310239193e-05 4.5369714627579474e-07
4 33 -9.9042730598482501e-05 2.7555853516860262e-06
4 34 -9.9688602344506777e-05 5.8396628404585267e-07
4 35 -1.0315292307937610e-04 4.0721009677816841e-07
4 36 -1.0925741663832929e-04 1.4512879373486783e-06
4 37 -1.2579231307596349e-04 2.5744481369807331e-07
4 38 -1.4980441975330781e-04 -9.4662095038794336e-07
4 39 -1.6956858057134709e-04 -7.4846203857161096e-06
4 40 -2.1440927698874532e-04 -6.0434003233467609e-06
4 41 -2.5731707149228851e-04 1.2271186605753385e-05
4 42 -2.8507504393258921e-04 8.8613169725063871e-06
4 43 -3.2285533980673737e-04 -7.7243212620610848e-06
4 44 -3.3804099174198255e-04 -5.1157368046737708e-06
4 45 -3.2692620845775215e-04 -1.0560836986194686e-05
4 46 -3.5832365795456433e-04 3.4688577255385888e-07
4 47 -4.0444049539433840e-04 -1.6860151818048060e-06
4 48 -4.6590461405522643e-04 7.4173797889273430e-06
4 49 -5.2261429100840576e-04 2.6311377086619125e-05
4 50 -6.8636946910016555e-04 -5.3720354577069963e-05
4 51 -9.7080199692039452e-04 3.4133217796064061e-05
4 52 -1.1760694513972486e-03 5.9191973703178514e-05
4 53 -1.9300218612974907e-03 1.2675864256059225e-04
4 54 -2.0176309691986682e-03 -3.3072593107247202e-06
4 55 -1.9541160383439518e-03 -1.1527914453031685e-04
4 56 -1.4794943530638347e-03 -2.6633574291194028e-05
4 57 -1.3302002595544978e-03 -5.3203036313656877e-06
4 58 -1.2542188476159766e-03 -4.0341885868636644e-05
4 59 -1.1715002991378853e-03 -7.2786266973397034e-05
4 60 -1.1509864596180887e-03 -2.3154614972755224e-05
4 61 -1.1910575532316872e-03 4.1394687725186753e-05
4 62 -1.3112150253726381e-03 -3.3900566502342237e-06
4 63 -1.4489631496296658e-03 4.2373332011844974e-05
4 64 -1.5604847327786819e-03 -3.1777932863161248e-05
4 65 -1.7813042901350317e-03 -1.7837287073538320e-05
4 66 -2.0400875110572272e-03 -7.8245900288226327e-05
4 67 -2.3115781585402368e-03 -6.0193307035330162e-05
4 68 -2.8308592820656554e-03 2.1838076061575287e-06
4 69 -3.6054941195983840e-03 -4.8472180468091574e-05
4 70 -5.3272067873257785e-03 -2.5332101853760969e-04
4 71 -7.3551150600303476e-03 -2.9507355561074179e-04
5 0 -6.0051880070754182e-03 -1.5024028293016828e-04
5 1 -4.1044403520274055e-03 -4.0395360095222025e-04
5 2 -2.4490136375062838e-03 -3.0707335840225105e-05
5 3 -2.0087485444897080e-03 -4.6768405816499603e-05
5 4 -1.6521958245714840e-03 5.3250054263493133e-05
5 5 -1.2975192400117297e-03 3.7396320302452305e-05
5 6 -1.1117504507211007e-03 3.2732503633881721e-05
5 7 -1.0584890528192341e-03 6.5350074902058584e-05
5 8 -9.6867231653573421e-04 7.0448499697844504e-05
5 9 -7.8807336801826075e-04 7.3197808937648147e-06
5 10 -6.5585694142239188e-04 1.6712769171365775e-05
5 11 -6.1181840194718233e-04 2.7618637613749270e-05
5 12 -5.6075064421728493e-04 9.6574076096384545e-06
5 13 -4.6200483406223195e-04 -3.7428866051244345e-05
5 14 -3.5751701916670871e-04 -3.3470691709003142e-05
5 15 -2.7717300926440063e-04 -1.6550346885118150e-05
5 16 -2.2151662662011577e-04 -7.0319752136804033e-06
5 17 -1.7208780679779279e-04 -1.1071255517385031e-05
5 18 -1.6978836982016238e-04 3.1485310101644756e-06
5 19 -1.5691483469533395e-04 6.1090921938426009e-06
5 20 -1.4178686883314944e-04 7.3439895060899271e-06
5 21 -1.1855976350507210e-04 2.8255112811697806e-06
5 22 -1.0733437748301128e-04 1.0398749091294901e-06
5 23 -9.6012107921722301e-05 -1.9721065453220297e-06
5 24 -8.9952204793711851e-05 -3.0294449189323531e-06
5 25 -7.3148018547687771e-05 1.2363948504033119e-06
5 26 -7.4561977060087290e-05 7.4041338091619322e-08
5 27 -6.2120808571792632e-05 -9.5203812133768753e-07
5 28 -5.7520560071805724e-05 -1.8225599804271329e-06
5 29 -5.6033965466207290e-05 8.8878616196078646e-07
5 30 -5.4122372806941928e-05 1.0181277052467831e-06
5 31 -4.9883883563370875e-05 -3.5507779289133381e-08
5 32 -5.3409310705468003e-05 9.4444516670631923e-07
5 33 -5.1954189718605623e-05 2.0568636085301468e-06
5 34 -5.2562622992044091e-05 -5.7095888486014549e-07
5 35 -5.4234287070713720e-05 7.9674440488973766e-07
5 36 -5.7767547931433344e-05 1.0766210466894288e-06
5 37 -6.6709811594957148e-05 -1.7665861788766565e-07
5 38 -8.1117801688692945e-05 1.3476758165404591e-06
5 39 -8.8625267403888338e-05 -6.1778672646652118e-06
5 40 -1.1675509859636958e-04 -6.2066706222485666e-06
5 41 -1.4121152395269707e-04 9.5009670523755817e-06
5 42 -1.4948580633804086e-04 8.8575398221757163e-06
5 43 -1.7751474923847409e-04 -5.1467081513468014e-06
5 44 -1.8399691876977512e-04 -4.4534300007892433e-06
5 45 -1.7660398301829020e-04 -9.8866453378991466e-06
5 46 -1.9141901312862855e-04 1.9209861126358100e-06
5 47 -2.1669425116950183e-04 3.1985420458515056e-06
5 48 -2.5277893756492364e-04 4.4393085554786810e-06
5 49 -2.7279698451988945e-04 2.1010832444287124e-05
5 50 -3.5891206812766212e-04 -5.7394636494800747e-05
5 51 -5.0999161462301308e-04 1.9141421644805363e-05
5 52 -6.0594791968031738e-04 1.9289288139833233e-05
5 53 -1.0914959961408387e-03 1.1498291516403756e-04
5 54 -1.0816809766568145e-03 -2.2408819911203523e-05
5 55 -1.0931828473670795e-03 -8.5505897215895900e-05
5 56 -8.0639657292191837e-04 -5.0791182273916455e-05
5 57 -7.3454259021817081e-04 -1.8851703726582890e-05
5 58 -6.8879653395199393e-04 1.6006355683934286e-06
5 59 -6.3019715795336684e-04 -5.0712475331784124e-05
5 60 -5.9740805823920373e-04 -1.7502838325213714e-05
5 61 -6.2818463495486966e-04 4.4284506142458652e-05
5 62 -7.2545391090358881e-04 -1.6860876955077923e-05
5 63 -7.8995778565000749e-04 2.4472610742911535e-05
5 64 -8.3708434067701089e-04 -3.3801644370020318e-05
5 65 -9.3537614373104304e-04 -9.8391587634544994e-06
5 66 -1.0922701072578790e-03 -6.3205653199256269e-05
5 67 -1.2414100948215502e-03 -6.6749641759970802e-05
5 68 -1.4403397043924271e-03 -4.2031846045556372e-05
5 69 -1.7942833831353247e-03 -3.2767773776684822e-05
5 70 -2.5222195480056673e-03 -1.9210163573049260e-04
5 71 -3.0627303566473679e-03 -1.6769183631400208e-04
6 0 -2.7592764344324481e-03 -1.6748561723739486e-04
6 1 -1.9209212237334221e-03 -3.8204244651544417e-04
6 2 -1.1676933143369189e-03 -1.7698626225860842e-05
6 3 -9.6986221925349019e-04 -4.6544060709940378e-05
6 4 -8.7601643825173207e-04 4.9636541808364765e-05
6 5 -6.8525243501521278e-04 4.6680659954782900e-05
6 6 -5.8450948917119962e-04 3.2055996814747380e-05
6 7 -6.0127533176371651e-04 5.3785225323541747e-05
6 8 -5.2951476391792244e-04 6.4944093999061959e-05
6 9 -4.1523060469619800e-04 -1.5491963147716775e-05
6 10 -3.5971029850093606e-04 1.3001600228887683e-05
6 11 -3.3291207019019885e-04 2.6727276506530603e-05
6 12 -3.2393983184760981e-04 1.2465722228635424e-05
6 13 -2.4185999557958546e-04 -4.3115983954835175e-05
6 14 -1.8523427086971223e-04 -2.4172545772150775e-05
6 15 -1.4393202874039997e-04 -9.1272585364964047e-06
6 16 -1.1604002660028902e-04 -2.8076970172300723e-06
6 17 -8.4460562058459183e-05 -7.5191478428125014e-06
6 18 -9.3840561916568746e-05 5.4572411657008573e-06
6 19 -8.7592511117302641e-05 5.4043381338605798e-06
6 20 -7.7985342996662939e-05 6.8790547779668564e-06
6 21 -6.4397366410053096e-05 2.7616770799372387e-06
6 22 -5.6765698481776320e-05 2.2013290019263843e-06
6 23 -5.1311748686729180e-05 -2.0430593830104809e-06
6 24 -4.9044379682258520e-05 -4.0636921721382668e-06
6 25 -3.7106811292007119e-05 1.8714685215566803e-06
6 26 -4.0864781691310890e-05 4.2711028126430676e-07
6 27 -3.0537320647155870e-05 -4.3138179718552478e-07
6 28 -2.8477552443085610e-05 -1.6471532986651729e-06
6 29 -2.9221299012963651e-05 2.0009927351709464e-07
6 30 -2.7874291436646952e-05 7.3089960952013405e-07
6 31 -2.6442144745432286e-05 -5.1667698981671176e-08
6 32 -2.8887282719378256e-05 1.0016054466236578e-06
6 33 -2.5636963849508910e-05 1.3752734882336557e-06
6 34 -2.7134078896377930e-05 -2.3622217949510546e-06
6 35 -2.7652751777116269e-05 4.1312915578179262e-07
6 36 -2.9766692454709057e-05 1.7843998284560778e-07
6 37 -3.4390140608889089e-05 -2.6180736661906670e-07
6 38 -4.4880217187139906e-05 1.9487928147697999e-06
6 39 -4.7233429973814460e-05 -4.7168408446680869e-06
6 40 -6.2088631746533293e-05 -2.8800190453230041e-06
6 41 -7.5082737092976021e-05 7.3212516766125159e-06
6 42 -7.5674849635766779e-05 7.8985983104822735e-06
6 43 -1.0080208740302487e-04 -1.1804679855834835e-06
6 44 -9.8365239728160633e-05 -2.9601018088380739e-06
6 45 -9.5456017594775099e-05 -7.1633882912663096e-06
6 46 -9.8983560116388137e-05 4.7109591334416025e-06
6 47 -1.1466838905773803e-04 6.4339313335634239e-06
6 48 -1.3462927875329173e-04 3.8983576423916664e-06
6 49 -1.3823315651445461e-04 1.9701936628538461e-05
6 50 -1.8897267260763835e-04 -4.7682915455048954e-05
6 51 -2.5417226884650955e-04 1.5583825769430360e-05
6 52 -2.9105476707497543e-04 3.0281263353843833e-06
6 53 -6.1338172803382298e-04 1.0531811031436629e-04
6 54 -5.9737486440385938e-04 -2.1525558646584092e-05
6 55 -5.9493510425526360e-04 -3.2215806463989057e-05
6 56 -4.3493109741341409e-04 -5.1588390980919347e-05
6 57 -3.9728975952401697e-04 -3.4232961465842279e-05
6 58 -3.8028447831639446e-04 2.3786010797797649e-05
6 59 -3.2324300678527272e-04 -3.4009481186571233e-05
6 60 -3.0422911208842837e-04 -2.0204750114034213e-05
6 61 -3.2361563756848664e-04 3.5529511746643208e-05
6 62 -3.9829162946318703e-04 -2.4167601315058043e-05
6 63 -4.2755407837726260e-04 1.2598764947156189e-05
6 64 -4.3602677208861451e-04 -2.3896786331475485e-05
6 65 -4.7919255823308186e-04 -1.8992081646859423e-05
6 66 -5.6477896494418038e-04 -4.8551450177943097e-05
6 67 -6.4787286321981829e-04 -7.7413814192708831e-05
6 68 -7.2324230331867999e-04 -5.4863749787796229e-05
6 69 -8.6177049633693074e-04 -4.2344257468277269e-05
6 70 -1.1477588378601517e-03 -1.0837224346757334e-04
6 71 -1.3627975034045726e-03 -1.0460862486205373e-04
7 0 -1.2858189416844520e-03 -1.7769375227783471e-05
7 1 -9.6173846324001293e-04 -2.8446478164917405e-04
7 2 -6.0390893941117494e-04 2.4390527071028568e-05
7 3 -4.7246875791608989e-04 -3.2349357637923885e-05
7 4 -4.6375054963654713e-04 1.5809129385138973e-05
7 5 -3.7435480402350731e-04 4.8615623747811520e-05
7 6 -2.8989105619411020e-04 1.6998562111183760e-05
7 7 -3.4896377493704155e-04 5.1099013862498341e-05
7 8 -2.8819243112032335e-04 5.3929365306261164e-05
7 9 -2.1249284255485165e-04 -1.9764844318343416e-05
7 10 -2.0267961622451409e-04 1.3740596039361088e-05
7 11 -1.8459025661971963e-04 2.1259572883005504e-05
7 12 -1.8725363066843443e-04 9.0300486408043935e-06
7 13 -1.1996914034109976e-04 -4.7581109167644702e-05
7 14 -9.5236941464862864e-05 -1.5399532652050433e-05
7 15 -7.3588367255122392e-05 -3.4013979798831357e-06
7 16 -6.0781596034273728e-05 7.2298070553159851e-07
7 17 -4.0435274377678979e-05 -3.5090423188138104e-06
7 18 -5.0178511683377336e-05 6.6159451302541468e-06
7 19 -4.9562117361931355e-05 4.1287640016846952e-06
7 20 -4.3717402628189945e-05 6.4260781902975077e-06
7 21 -3.4682304855794028e-05 2.0530706572544297e-06
7 22 -2.9208398243800281e-05 1.9568220717479684e-06
7 23 -2.8062402598514693e-05 -3.0661388690493482e-06
7 24 -2.6427761098363891e-05 -2.6850054639406535e-06
7 25 -1.7988870278998370e-05 8.2246121893778871e-07
7 26 -2.2807437709533878e-05 6.3704232920134621e-07
7 27 -1.4632182195967682e-05 -7.3136330246784750e-07
7 28 -1.3774723469163015e-05 -2.0400469948520063e-06
7 29 -1.4218789551201722e-05 -4.3847454411778036e-07
7 30 -1.2949169929778603e-05 3.1695231201710849e-07
7 31 -1.4500983008713093e-05 2.5907795343087708e-08
7 32 -1.5192711032978911e-05 9.6691355765088633e-07
7 33 -1.1482641419396236e-05 1.2615055455046445e-06
7 34 -1.3522890258608725e-05 -3.3443372258265925e-06
7 35 -1.3670083212566425e-05 -2.1962543630919252e-07
7 36 -1.4752104218746870e-05 -1.0143320063734408e-06
7 37 -1.7167404205235899e-05 -7.3881720387592838e-07
7 38 -2.5842753874427803e-05 1.5872503212382985e-06
7 39 -2.5391247676504914e-05 -4.0095278772108669e-06
7 40 -3.2183060724972441e-05 9.0471923264686846e-07
7 41 -3.9672267620899429e-05 6.0964104667727908e-06
7 42 -3.6830752691433810e-05 6.5951072777265271e-06
7 43 -5.8510611593626871e-05 2.8448965893433680e-06
7 44 -5.2145360721099532e-05 -7.6961326326790726e-07
7 45 -5.3335460691411143e-05 -4.7686818020903247e-06
7 46 -5.1293009311374966e-05 6.0863726866469257e-06
7 47 -5.8322756841478400e-05 5.6840048186010288e-06
7 48 -7.0919711060980499e-05 1.0056927822533838e-06
7 49 -6.7843912192969429e-05 1.6338363546667222e-05
7 50 -1.0148442767550416e-04 -3.4529130469616618e-05
7 51 -1.2269313004719025e-04 1.5898576165281974e-05
7 52 -1.1412683433052314e-04 8.7463265541046314e-06
7 53 -3.3300385108404857e-04 9.7353795645882188e-05
7 54 -3.6186215644710886e-04 2.0000951611435757e-05
7 55 -3.0904789344664415e-04 -9.2088552969450568e-07
7 56 -2.3658803232388844e-04 -4.0241189100022509e-05
7 57 -2.1379715376758544e-04 -4.1112728252804959e-05
7 58 -2.2248278516317206e-04 3.1538325119039501e-05
7 59 -1.5379727551120411e-04 -1.4647138470000832e-05
7 60 -1.5654807966117545e-04 -1.4218997152503902e-05
7 61 -1.5972792927316072e-04 2.7599322973088559e-05
7 62 -2.1987575917639584e-04 -2.4151403922174096e-05
7 63 -2.3491554186077176e-04 8.2847048073229023e-06
7 64 -2.2090956772709901e-04 -1.6898083771055237e-05
7 65 -2.3352174854803564e-04 -2.8974364385877805e-05
7 66 -2.8677630667685717e-04 -3.8037230831515322e-05
7 67 -3.2042587317217947e-04 -8.3711697243342868e-05
7 68 -3.7532783887983762e-04 -6.6718691398595122e-05
7 69 -3.8517996912989020e-04 -4.4161074873120100e-05
7 70 -5.2464506798563580e-04 -3.6805120665416553e-05
7 71 -6.0434552395239097e-04 -6.9398860427402804e-05
8 0 -6.1238214946941576e-04 -1.5095646018415746e-04
8 1 -4.7997569637945947e-04 -1.6355869139730663e-04
8 2 -3.5920185096607269e-04 3.7144768158366548e-05
8 3 -2.2481635436507903e-04 -4.2349579297179823e-05
8 4 -2.5700523638496600e-04 -2.5295550544957700e-05
8 5 -2.0816621977331630e-04 4.0508876716342223e-05
8 6 -1.3830873041628065e-04 -3.8982564644584981e-06
8 7 -1.9824634506455100e-04 6.1363834167343600e-05
8 8 -1.4788201552163986e-04 3.8743526295920708e-05
8 9 -1.0759327130301545e-04 -1.3149684736778167e-05
8 10 -1.1170239461919219e-04 1.1522224189822189e-05
8 11 -1.0357921340296638e-04 9.4075967029260226e-06
8 12 -1.0800219762247555e-04 3.9774312638427146e-06
8 13 -5.8058128875436756e-05 -4.0729777697106972e-05
8 14 -5.1543987828318477e-05 -8.9465078996059366e-06
8 15 -3.4486360320170288e-05 2.7228142599816796e-06
8 16 -3.2802946597167101e-05 2.1624466074468349e-06
8 17 -1.9282541329340958e-05 -1.6654859110815682e-06
8 18 -2.5655105898138888e-05 7.0006568781147546e-06
8 19 -2.8765524922288833e-05 4.9228212837621771e-06
8 20 -2.5138272052735119e-05 6.0247062755767262e-06
8 21 -1.8036946434852067e-05 2.0724537105581321e-06
8 22 -1.5065525244420568e-05 8.3051338878837369e-07
8 23 -1.5968660351036802e-05 -4.7698311519005439e-06
8 24 -1.4778390372738088e-05 -6.6588834805365163e-07
8 25 -7.4470581380561259e-06 -5.5153702592076439e-07
8 26 -1.3461275276261433e-05 3.3936448604305057e-07
8 27 -7.3287675195562411e-06 -1.1396411494908833e-06
8 28 -6.8402648447557553e-06 -2.0700861079081197e-06
8 29 -6.0826887465535655e-06 -8.1494748675037761e-07
8 30 -4.7469491746224795e-06 1.9654581416094336e-07
8 31 -8.8230484458709332e-06 1.4559310726231940e-07
8 32 -7.6244724380193613e-06 5.9017305296447613e-07
8 33 -4.6176515672379993e-06 1.5026198503206003e-06
8 34 -6.2752392810036043e-06 -3.0270525211662881e-06
8 35 -7.2652300311051199e-06 -8.2196953468236482e-07
8 36 -7.0517811015811069e-06 -1.8868873032017528e-06
8 37 -8.2688547215311982e-06 -1.2469267721223465e-06
8 38 -1.4638558392493391e-05 1.4058504643444538e-06
8 39 -1.2489651925540724e-05 -3.8735882561816134e-06
8 40 -1.6346188927226456e-05 4.0149128165031818e-06
8 41 -2.1951649559727733e-05 4.2320391993913554e-06
8 42 -1.6184812764462360e-05 5.6993227849912092e-06
8 43 -3.4368809764293861e-05 6.2671395692117976e-06
8 44 -2.6324660957810789e-05 -1.3643679844993670e-07
8 45 -3.2720073743273239e-05 -2.5196220240372282e-06
8 46 -2.6807418082045179e-05 5.3273909569486217e-06
8 47 -2.7538483826802803e-05 3.4713155927519056e-06
8 48 -3.8612220008736946e-05 -3.0301353765516836e-06
8 49 -3.2313470197782979e-05 9.5477098237627157e-06
8 50 -5.3931660769144630e-05 -2.7504913996645760e-05
8 51 -5.4545107101103960e-05 4.8686612567523335e-06
8 52 -2.2351196085656288e-05 1.3245253014022319e-05
8 53 -1.6980889218299932e-04 6.7610543252828584e-05
8 54 -2.3569670911465808e-04 3.3404052095333351e-05
8 55 -1.4334468383978867e-04 4.7475847739371638e-06
8 56 -1.2699576591227682e-04 -1.1963803286943895e-05
8 57 -1.1738192242407765e-04 -2.9652962101590016e-05
8 58 -1.4389965201353343e-04 2.7219233697392758e-05
8 59 -6.2352664275707956e-05 2.1731390286793680e-06
8 60 -8.2001526067206767e-05 -1.0075510354586893e-05
8 61 -6.7111728819184394e-05 1.8685258627807208e-05
8 62 -1.2731218165861768e-04 -3.0101980198011617e-05
8 63 -1.2774109280718810e-04 1.3308116383042606e-05
8 64 -1.0716095196675502e-04 -6.6978619157201117e-06
8 65 -1.0506934961443610e-04 -3.0610684528292346e-05
8 66 -1.4654475442365785e-04 -2.3141989723450091e-05
8 67 -1.4152329315438581e-04 -6.4968249919787941e-05
8 68 -1.9545390433857115e-04 -7.0872370900889166e-05
8 69 -1.5459376982280442e-04 -2.5909066262612122e-05
8 70 -2.6392534635038975e-04 2.7079931109561272e-05
8 71 -3.0057879481830549e-04 -4.7805998001554635e-05
9 0 -3.8664557811474842e-04 -1.8783180322683876e-04
9 1 -2.0412677746274951e-04 -3.9175356827777778e-05
9 2 -2.2323716993665751e-04 1.1013997643459656e-05
9 3 -9.4480191358188508e-05 -5.7383782012185960e-05
9 4 -1.5897521202699259e-04 -3.5925181287974120e-05
9 5 -1.3003163545700715e-04 2.9225259725631903e-05
9 6 -6.7530152374080014e-05 -1.4914575029195567e-05
9 7 -1.0710783325661474e-04 6.6890002891434195e-05
9 8 -6.4355976118708394e-05 2.8213935381524521e-05
9 9 -5.5745287786085838e-05 -1.1045428573129861e-05
9 10 -6.6395237913580144e-05 1.0378939665030978e-05
9 11 -5.7202023102458632e-05 -9.4430806821023045e-07
9 12 -6.3489777726384475e-05 1.0665255865923455e-07
9 13 -2.4530220580532851e-05 -3.4348613676435783e-05
9 14 -2.8055945754189534e-05 -3.3277736248426226e-06
9 15 -1.5298123837383339e-05 6.6279457689792613e-06
9 16 -1.7845946213707399e-05 2.8617678049336463e-06
9 17 -9.9744402002147617e-06 -1.9724863390870820e-06
9 18 -1.2521289334155980e-05 6.9281880324626780e-06
9 19 -1.8219161168126936e-05 6.5932194902976872e-06
9 20 -1.4462567232676341e-05 5.8742045859439026e-06
9 21 -8.3935847523029542e-06 2.2073134864514961e-06
9 22 -8.6758829393947447e-06 1.4774406222377514e-07
9 23 -9.4702839294079110e-06 -6.3111187191205695e-06
9 24 -8.0089218427301025e-06 4.8973852488792551e-07
9 25 -1.6853987895625908e-06 -2.0338550096193741e-06
9 26 -8.0482967707611366e-06 -1.7423334054487206e-07
9 27 -4.5751854980564441e-06 -1.4733969607898423e-06
9 28 -3.3160268620929859e-06 -1.1252065330688010e-06
9 29 -2.5656296528943512e-06 -1.4720800791730763e-06
9 30 -5.3671206645734138e-07 2.4144757273671555e-07
9 31 -4.8142759909905882e-06 9.5722734246138583e-07
9 32 -4.0922617945619469e-06 1.9425442066976237e-07
9 33 -1.7283812779066933e-06 1.6101691339137830e-06
9 34 -2.6138389475609673e-06 -2.0301079271489875e-06
9 35 -3.6674331171692863e-06 -7.9030985183725123e-07
9 36 -4.0349690839582332e-06 -1.5112015765717399e-06
9 37 -4.3205147110399275e-06 -1.3333759611969038e-06
9 38 -8.6310329491868741e-06 9.3348610092377574e-07
9 39 -3.5277878041744771e-06 -3.2310694691650541e-06
9 40 -9.1416908171130248e-06 3.2494392945650906e-06
9 41 -1.3394345865145229e-05 1.4650413407088740e-06
9 42 -7.5104154171767254e-06 6.1644624562684275e-06
9 43 -2.1365138283905539e-05 6.6055821674926455e-06
9 44 -1.0928257356072619e-05 -1.0237349609902309e-06
9 45 -2.2150555469961873e-05 -5.6503386854654931e-07
9 46 -1.4378472365254738e-05 4.3363343879332488e-06
9 47 -1.3052277055805218e-05 8.7001532243096076e-07
9 48 -2.3568165836467441e-05 -6.3326420721567598e-06
9 49 -1.0892961894375195e-05 1.1012531686332980e-06
9 50 -2.8091242242742744e-05 -2.0332916171541194e-05
9 51 -1.7230142070899322e-05 -1.4921833290443463e-05
9 52 1.8248590270528862e-05 6.1751096429918091e-06
9 53 -6.9568035242613998e-05 3.7627258072521006e-05
9 54 -1.6001198829392478e-04 2.3324834733533158e-05
9 55 -6.1004764805814715e-05 4.1729434438971174e-07
9 56 -6.1904974611272216e-05 2.1193101769124197e-05
9 57 -6.0437844188337748e-05 -1.2365711260036778e-05
9 58 -1.0615797429939716e-04 2.5719283247656906e-05
9 59 -1.3819054848530639e-05 1.4385863003651867e-05
9 60 -4.8089410822501031e-05 -1.4027805954042099e-05
9 61 -2.1855066909779719e-05 6.2295048187835662e-06
9 62 -7.7176313198558418e-05 -3.5673132110236130e-05
9 63 -6.7543123801552913e-05 1.4120555597402131e-05
9 64 -4.6163927101767994e-05 8.0570080464428092e-06
9 65 -3.7835265970263804e-05 -2.4548046498603297e-05
9 66 -7.5938826290048757e-05 -1.2373418196210009e-05
9 67 -5.8782548651873710e-05 -4.1621354760663019e-05
9 68 -9.3453702646766577e-05 -6.9494629723606819e-05
9 69 -6.3757839359727020e-05 1.1775454221330455e-05
9 70 -1.3977637587046362e-04 9.4253838042704222e-05
9 71 -2.0243887753118505e-04 -5.4115597011327515e-06
10 0 -1.9513106365832628e-04 -2.7516031287272164e-04
10 1 -5.9942399672764681e-05 8.6420269771555419e-06
10 2 -1.2077989622225220e-04 2.3853779230264170e-05
10 3 -2.1092406026089422e-05 -5.8028516868963666e-05
10 4 -1.0050912707802960e-04 -1.7063510428520705e-05
10 5 -8.9432045773873699e-05 4.4858276916888457e-05
10 6 -3.6037186600587860e-05 -1.4730892214139614e-05
10 7 -5.6272663463753262e-05 6.0513511266551164e-05
10 8 -2.7862591207231884e-05 1.6995968177874155e-05
10 9 -3.3769381647723022e-05 -1.6776563357845609e-05
10 10 -3.9707781837582974e-05 1.3656777609765078e-05
10 11 -3.4782793453941656e-05 -1.5323311670008525e-06
10 12 -4.1215627555457738e-05 -6.5361230069598863e-06
10 13 -6.3637634074412414e-06 -3.1147989372820783e-05
10 14 -1.9424731635819195e-05 3.6885259358907031e-06
10 15 -8.4633566905635687e-06 1.0506604323299619e-05
10 16 -7.2146674377907062e-06 1.1974772903371051e-06
10 17 -6.2575788142024049e-06 -2.3603067878511375e-06
10 18 -4.8995906539489593e-06 5.7829726505812789e-06
10 19 -1.0348280696065837e-05 8.9924309935913948e-06
10 20 -8.6841414524803901e-06 6.0980766198714581e-06
10 21 -3.2929335639474840e-06 2.6358151559012480e-06
10 22 -6.4746294591434307e-06 -6.6604812775931733e-07
10 23 -5.4722306903904483e-06 -6.4385271767608285e-06
10 24 -3.0370595552625536e-06 3.3623209321848596e-07
10 25 1.2472320141934574e-06 -3.0684382246371474e-06
10 26 -5.0099662842283605e-06 -3.8230523822217862e-07
10 27 -3.3521482134445448e-06 -1.2799219322229992e-06
10 28 -1.1653549224946745e-06 1.1734790179619166e-07
10 29 -1.9729455294444268e-06 -2.4093879998678123e-06
10 30 5.5253617106575710e-07 6.3879209306461891e-07
10 31 -1.8434374570817931e-06 2.0712258899433427e-06
10 32 -2.8480917007032485e-06 -3.3016123039417832e-07
10 33 -3.2775822907621126e-08 1.3047773603742692e-06
10 34 -5.8526945086147726e-07 -1.4266899979183043e-06
10 35 -1.9365426187062961e-06 -6.7758546514156158e-08
10 36 -3.1839101533386832e-06 -1.4109809527160104e-06
10 37 -2.7470337538528585e-06 -7.6414867475679416e-07
10 38 -5.2202435092734483e-06 1.0906020214103697e-06
10 39 1.3489399774548277e-06 -2.1716321846529014e-06
10 40 -4.1428925697457780e-06 6.6710278616775909e-07
10 41 -7.0749117277302446e-06 -1.0969584934180433e-06
10 42 -5.2713236148810601e-06 6.4497727339398404e-06
10 43 -1.4200710864241418e-05 4.1536688269418667e-06
10 44 -5.0140280991584072e-06 -7.8851674191251945e-08
10 45 -1.4375979510526864e-05 3.7972570092900138e-07
10 46 -4.3702058463911212e-06 4.8200640121896008e-06
10 47 -7.6184428197910942e-06 -7.4177878534337133e-07
10 48 -1.5570516078028665e-05 -8.4182988710734159e-06
10 49 -4.4189300686991305e-07 -2.4739193290317153e-06
10 50 -1.6508895909699118e-05 -1.1305383463930359e-05
10 51 5.6866326873113680e-06 -2.9587146485910109e-05
10 52 2.6460031348186719e-05 -2.8060742893330083e-07
10 53 -1.4751947817370242e-05 2.1177044709613457e-05
10 54 -1.0358310398478656e-04 1.7017000616851520e-05
10 55 -2.2813496500293746e-05 5.6245232074784789e-06
10 56 -2.5719001295643886e-05 3.1452074900045933e-05
10 57 -2.7485540202250748e-05 -8.5214335701795387e-06
10 58 -8.7358971369449367e-05 2.3046929287831489e-05
10 59 4.2454765096489717e-06 2.2685795350866114e-05
10 60 -3.2768796463441093e-05 -2.5078496313405656e-05
10 61 -9.1171935921017452e-07 -4.4618911963723254e-06
10 62 -4.1887185868234013e-05 -3.8710733904355603e-05
10 63 -3.0388065521720680e-05 1.0459690931621447e-05
10 64 -8.5965067938499079e-06 1.3842892225573552e-05
10 65 -1.1064082836343177e-05 -2.2044866743315044e-05
10 66 -4.3108684376739004e-05 -2.4676660605355355e-06
10 67 -2.5757355773393192e-05 -1.0680743865537812e-05
10 68 -4.3441948305158256e-05 -6.3261610068772426e-05
10 69 -5.2899327917501878e-05 3.2682230461638715e-05
10 70 -5.2211427893985000e-05 1.1210339532211820e-04
10 71 -9.6005588338657238e-05 5.0898033213948498e-05
