0 0 -1.1701635443091263e+00 2.3513843907885673e-19
0 1 -1.6824165950075370e-01 -6.2937542443518659e-20
0 2 -7.3375901456685474e-02 -1.6154926938456671e-20
0 3 -4.4204813153352875e-02 -3.9833529314274697e-21
0 4 -3.0585490561987422e-02 6.2050877116488409e-22
0 5 -2.3242557447955677e-02 2.5898781605792746e-22
0 6 -2.0370612289540312e-02 -1.2769221281016761e-21
0 7 -1.8526763945107397e-02 -1.9889969402085727e-22
0 8 -1.5521270369978453e-02 8.8378669543998962e-22
0 9 -1.2528514552064203e-02 -1.1578753436472951e-21
0 10 -1.0559466646819711e-02 5.6184278392884129e-23
0 11 -8.7634320750645950e-03 -2.5467941441001241e-22
0 12 -6.9948045513659836e-03 -2.9266941351861391e-22
0 13 -5.7330259696172520e-03 -9.7569402274218666e-23
0 14 -4.7621870896055471e-03 -3.6016808027644983e-23
0 15 -4.1594999388492792e-03 -9.4198277165256020e-23
0 16 -3.6365055312372976e-03 -3.0395378555645786e-23
0 17 -3.0866591112082165e-03 -6.0634166831703573e-23
0 18 -2.4852222354347329e-03 -4.5679522904579482e-23
0 19 -2.0179077954297891e-03 -2.5680225088549984e-23
0 20 -1.6453851294251068e-03 7.4285835383808930e-23
0 21 -1.3480000384834844e-03 5.4975594178514501e-23
0 22 -1.1887648251786005e-03 -5.3032361772339664e-23
0 23 -1.1003191335064557e-03 -1.0709871040867207e-23
0 24 -1.0430225458226360e-03 1.1313270206462426e-23
0 25 -1.0146369968674679e-03 -1.2328174607810311e-23
0 26 -9.9087191134883098e-04 -4.8972809490515362e-23
0 27 -9.6075030387234928e-04 -4.9340896205649125e-23
0 28 -9.1638675209167815e-04 6.1668702266122259e-23
0 29 -9.0578098137553370e-04 -5.5577278846530185e-23
0 30 -8.7855455892501221e-04 1.9684093581989603e-23
0 31 -8.0175382831513631e-04 -1.7557398077573843e-23
0 32 -7.5010517358287902e-04 -9.0430626343621785e-23
0 33 -6.9412423710688801e-04 -6.4858907584890087e-24
0 34 -6.5319838373121598e-04 3.5165429139533653e-23
0 35 -6.3268372408797468e-04 -1.1406787408798799e-24
0 36 -6.1669220516180287e-04 4.9728024079120973e-23
0 37 -6.5779713118607123e-04 -3.1177910752135163e-23
0 38 -7.0273497876629685e-04 -2.7146643595625804e-23
0 39 -7.6059608548326879e-04 3.5460544081436418e-23
0 40 -8.5984084166073108e-04 5.2224435697837085e-23
0 41 -9.5756164571923438e-04 -5.5126917648095291e-23
0 42 -1.0449976105166440e-03 -1.9615697033970341e-23
0 43 -1.1539727690718258e-03 9.0892122682115994e-23
0 44 -1.2514101022105422e-03 -3.2592867677970861e-24
0 45 -1.3649959119972966e-03 3.6165458777499339e-25
0 46 -1.4756462502330059e-03 4.8571031163509481e-23
0 47 -1.7105062329106399e-03 4.8947248051095980e-24
0 48 -2.0727589098405372e-03 3.1471184626809491e-24
0 49 -2.5994217219577303e-03 1.0268046600503921e-22
0 50 -3.2475393869085632e-03 5.1398749789985874e-23
0 51 -4.1170636033898587e-03 1.6609902567516805e-22
0 52 -4.6949910570986703e-03 1.2347941726245054e-22
0 53 -5.0728947009684357e-03 2.2173634339605581e-22
0 54 -5.3868208313701113e-03 -1.6814451092712460e-22
0 55 -5.9147752491988627e-03 3.5877775705227855e-22
0 56 -6.5691494194824399e-03 1.8700785240906652e-22
0 57 -7.5458201772279901e-03 -5.4338927348055279e-23
0 58 -8.7842001958658468e-03 7.5761402479534218e-22
0 59 -9.9523763747264588e-03 -5.1195640458934336e-22
0 60 -1.0731390401254768e-02 -6.5569946558714600e-22
0 61 -1.1492114125815373e-02 -6.6206451223195719e-22
0 62 -1.3111004598355959e-02 4.4126565612145486e-23
0 63 -1.5989614967464563e-02 -9.8337655057317246e-22
0 64 -2.0025204762056607e-02 -5.0665800758714485e-22
0 65 -2.5882827534487698e-02 7.4550398671990792e-22
0 66 -3.3844214351660622e-02 6.7663647707292836e-22
0 67 -4.3692964560178217e-02 -8.8996938408753865e-22
0 68 -5.4470450321580453e-02 1.7559380530942255e-21
0 69 -6.3104473553596760e-02 -4.8062672267284615e-22
0 70 -8.2363500638272871e-02 -5.8531823369612436e-21
0 71 -1.7090988624783857e-01 -1.0377777339699419e-19
1 0 -3.5466792607600206e-01 3.1779515550474759e-03
1 1 -1.0480233523728487e-01 1.1769135903526389e-03
1 2 -5.3394224171097036e-02 3.3137298014149880e-04
1 3 -3.3138073278757021e-02 1.4822297760196207e-04
1 4 -2.3171147529386850e-02 3.4131047748084914e-05
1 5 -1.7656563390315436e-02 -1.9498436381952785e-05
1 6 -1.5504612350434120e-02 5.0958028758714596e-05
1 7 -1.4082906764737833e-02 -6.8457672103452915e-05
1 8 -1.1798860323557566e-02 -6.1989110383303035e-05
1 9 -9.6008507270484347e-03 -6.3257630676875600e-05
1 10 -8.0864582503831633e-03 -6.0097918344819573e-05
1 11 -6.6545126053669272e-03 -1.5193664710474497e-05
1 12 -5.3431529350833644e-03 1.8528262949632872e-05
1 13 -4.3818730759776128e-03 4.5085610433101825e-05
1 14 -3.6321989772378693e-03 -3.7306278465985841e-06
1 15 -3.1733485880186072e-03 2.2064519389938777e-05
1 16 -2.7826058021165152e-03 1.0918333805175573e-05
1 17 -2.3579722164036019e-03 1.0277431810693895e-05
1 18 -1.8993460741276922e-03 1.0643734827490055e-05
1 19 -1.5364203121373161e-03 -3.6214314451611182e-06
1 20 -1.2585238611110988e-03 1.0007124836855057e-06
1 21 -1.0307617575824443e-03 9.1556653215782391e-06
1 22 -9.0937005104976365e-04 1.0406773060283602e-05
1 23 -8.3939891162532513e-04 4.2539015602026202e-06
1 24 -7.9690697386418754e-04 -1.9141757060111211e-06
1 25 -7.7725763886805964e-04 -8.0298692746589331e-07
1 26 -7.5933452539193533e-04 1.9238598195393973e-06
1 27 -7.3439855233525992e-04 1.1175342624094975e-06
1 28 -6.9927811409274676e-04 1.4088919566939426e-06
1 29 -6.9078584864610171e-04 3.8241936076381451e-07
1 30 -6.7257279764538819e-04 -4.4105011375988622e-06
1 31 -6.1254118247607643e-04 -1.5726288361602838e-06
1 32 -5.7455255862007867e-04 -5.3252033585110162e-07
1 33 -5.3274330363106562e-04 -2.6760662527545182e-07
1 34 -4.9969101973589220e-04 -2.0583519310306913e-06
1 35 -4.8386093322282467e-04 -3.1560101612947423e-06
1 36 -4.7100630575154615e-04 3.8427803409646577e-09
1 37 -4.9943428046555756e-04 1.0209952696554747e-06
1 38 -5.3419953661208188e-04 5.6180449469887933e-07
1 39 -5.8115541904344759e-04 -2.2738085896324967e-06
1 40 -6.5547294592308144e-04 3.4864690043849913e-07
1 41 -7.2953762525850799e-04 3.7193669370283728e-06
1 42 -7.9560671580413789e-04 1.1259478922901816e-06
1 43 -8.8269280699643379e-04 -3.2830757659713812e-06
1 44 -9.5560993655584238e-04 -7.7387520363165155e-06
1 45 -1.0433222107936672e-03 -2.2205504731857562e-06
1 46 -1.1261061513029042e-03 -9.7530655688413073e-07
1 47 -1.3036685452303576e-03 -1.0977379391992609e-06
1 48 -1.5851486925307693e-03 5.1088048485000788e-06
1 49 -1.9936510678977100e-03 4.1115077239003737e-06
1 50 -2.4825775956259393e-03 -1.5430103622797601e-05
1 51 -3.1477152443486877e-03 -1.9599178776956848e-05
1 52 -3.5702134427454406e-03 -2.4211584428111095e-05
1 53 -3.8702914594496520e-03 -4.8602630941784080e-06
1 54 -4.1270317290524423e-03 -3.8052269566695537e-06
1 55 -4.5186310927044322e-03 -1.6216241094636631e-05
1 56 -5.0072240479789327e-03 1.1946176731577778e-05
1 57 -5.7585761115414224e-03 -2.5415072975055032e-06
1 58 -6.6999553304497896e-03 1.4875154981577014e-05
1 59 -7.6258027902320136e-03 -7.9569360135830527e-06
1 60 -8.2172319277374738e-03 5.5899696575014996e-05
1 61 -8.7594852238353626e-03 1.4539564128782729e-05
1 62 -1.0003837338124868e-02 2.9139405008070633e-05
1 63 -1.2185909688220030e-02 -1.2149042514449746e-05
1 64 -1.5271102930417861e-02 -4.8909388558732758e-05
1 65 -1.9753589480561769e-02 4.0838387869281219e-05
1 66 -2.5662848958724834e-02 1.7585357669314296e-04
1 67 -3.3158792901920524e-02 -2.9007382487592366e-04
1 68 -4.1469164408051179e-02 -3.3125066088797602e-04
1 69 -4.7573044270733486e-02 -4.8132260770924100e-05
1 70 -5.9386407785275722e-02 2.5549596346384783e-04
1 71 -1.0596673938570277e-01 -3.8637898031774321e-04
2 0 -1.1769185447878580e-01 2.4469892189776274e-03
2 1 -5.3641730751534694e-02 1.2181292245633957e-03
2 2 -3.1142062544149866e-02 3.8722984758261580e-04
2 3 -1.9946677172395306e-02 2.2194763576459132e-04
2 4 -1.4156583299354278e-02 5.3280988255301274e-05
2 5 -1.0825302264816651e-02 -4.3184688370666822e-05
2 6 -9.4461679941749855e-03 5.8531417069100290e-05
2 7 -8.5610847651307088e-03 -1.2017591342457072e-04
2 8 -7.1684221284735537e-03 -4.8046136462243971e-05
2 9 -5.9725315197254247e-03 -7.3822254107951314e-05
2 10 -5.0165659771233048e-03 -7.8792283533405820e-05
2 11 -4.0613407673520683e-03 -2.0990805729523287e-05
2 12 -3.3262054449862510e-03 2.7222177887061426e-05
2 13 -2.7086161170398340e-03 7.2889095200309427e-05
2 14 -2.2358858746717595e-03 3.1280197305989295e-06
2 15 -1.9509714599421132e-03 2.9693096035343132e-05
2 16 -1.7262336840331140e-03 1.1899811329247044e-05
2 17 -1.4642902006175653e-03 1.3708707030360431e-05
2 18 -1.1795406006093404e-03 1.7287409537011717e-05
2 19 -9.4730825226050687e-04 -4.5536921222668858e-06
2 20 -7.7853790707649523e-04 4.9467888814616546e-06
2 21 -6.3932643744121624e-04 1.4049318950229162e-05
2 22 -5.6493567830126945e-04 1.3763350079238341e-05
2 23 -5.1940299343360401e-04 5.4348916341313089e-06
2 24 -4.9382238016427668e-04 -3.5159822172339260e-06
2 25 -4.8249454054852823e-04 -3.0639501985762935e-06
2 26 -4.7263842889788731e-04 3.1854064012223668e-06
2 27 -4.5531756317588977e-04 2.6679353597071920e-06
2 28 -4.3325968187615240e-04 2.5225614282357789e-06
2 29 -4.2847211033518446e-04 -1.7917382258429725e-07
2 30 -4.1903661613269864e-04 -5.5351985778293971e-06
2 31 -3.7898608891394765e-04 -2.5271062656498781e-06
2 32 -3.5863546449752307e-04 -1.4489191534981610e-06
2 33 -3.3240575684863463e-04 -4.5382699012161405e-07
2 34 -3.0942430133742228e-04 -1.4168300378901761e-06
2 35 -2.9984633591290702e-04 -3.9981168911340034e-06
2 36 -2.9213615872331896e-04 9.8622142652839375e-07
2 37 -3.0663479416064048e-04 1.2713709476574155e-06
2 38 -3.2892525291248012e-04 1.5799289822833607e-06
2 39 -3.5966875768537814e-04 -2.4355956735868984e-06
2 40 -4.0317806478884000e-04 3.3464006445304664e-07
2 41 -4.4849275365660114e-04 3.6909703248088113e-06
2 42 -4.8825482192497847e-04 7.6584440460934573e-07
2 43 -5.4585914678248861e-04 -5.6790407121026871e-06
2 44 -5.8749450975863616e-04 -1.1909984273771471e-05
2 45 -6.4739430173741362e-04 -1.5730061959756512e-06
2 46 -6.9604990377992385e-04 1.4544521471409793e-07
2 47 -8.0036310650336993e-04 9.3381064663593628e-07
2 48 -9.8139975524707580e-04 9.9184522982617158e-06
2 49 -1.2498883712979913e-03 4.5309405929925396e-06
2 50 -1.5377013840065824e-03 -3.0255917071088612e-05
2 51 -1.9457873789281988e-03 -2.0784887481917219e-05
2 52 -2.1873268113753253e-03 -1.7917640540705436e-05
2 53 -2.3846003380616223e-03 -1.2172610088401989e-05
2 54 -2.5772007803526809e-03 -3.9243298403759629e-06
2 55 -2.8216038898368433e-03 -3.0117182933367008e-05
2 56 -3.0916249009408031e-03 1.5786022817837745e-05
2 57 -3.5468989009288434e-03 -6.6778804396920843e-06
2 58 -4.1227033667163094e-03 2.7997090526476455e-05
2 59 -4.7471164751756523e-03 8.6033302880499756e-07
2 60 -5.0947856832770626e-03 8.7943899669046138e-05
2 61 -5.3959946509400296e-03 1.3414194397613337e-05
2 62 -6.1626830367850147e-03 2.1345646380429209e-05
2 63 -7.5016956066064752e-03 -4.7253934246054960e-06
2 64 -9.4433962796465088e-03 -8.8477737366335715e-05
2 65 -1.2189189030108705e-02 4.4400205979076862e-05
2 66 -1.5571452264564070e-02 2.0911109983452671e-04
2 67 -2.0290851622441652e-02 -2.9336783675307004e-04
2 68 -2.5646125767303858e-02 -3.3455445547622237e-04
2 69 -2.8951681534567862e-02 -6.9898449816162820e-05
2 70 -3.4459527723826780e-02 4.0509653203283177e-04
2 71 -5.3778747279312415e-02 -8.2931473661666474e-04
3 0 -4.2188897269258854e-02 2.2030649492817836e-03
3 1 -2.6780409206188585e-02 1.0381788901606020e-03
3 2 -1.6462645093802120e-02 2.8879136910769248e-04
3 3 -1.1118186752862351e-02 2.7894118713655392e-04
3 4 -7.9765979123534777e-03 4.1960318268380236e-05
3 5 -6.0712339528567133e-03 -2.9521655944712603e-05
3 6 -5.2653451571709805e-03 6.9329747923675141e-05
3 7 -4.7478954409373208e-03 -1.1503644206569674e-04
3 8 -3.9509453011411823e-03 8.6797982419810456e-06
3 9 -3.4457868112549679e-03 -8.9250930495347495e-05
3 10 -2.8621094766901859e-03 -6.5033483087531944e-05
3 11 -2.2804470262046276e-03 -2.0547649425053913e-05
3 12 -1.9162102654858152e-03 2.4189793755386267e-05
3 13 -1.5338467266404854e-03 8.3113345338309519e-05
3 14 -1.2690402031665471e-03 1.2765854251421253e-05
3 15 -1.1059377553331120e-03 3.1665313616875670e-05
3 16 -9.8375327063442652e-04 6.2735296285499722e-06
3 17 -8.4066484836212456e-04 1.2147054317954850e-05
3 18 -6.7622649585856670e-04 2.1494061409090017e-05
3 19 -5.4257664658472914e-04 -5.1987656984922125e-06
3 20 -4.4359595553329645e-04 8.5754436387874291e-06
3 21 -3.6543121995877986e-04 1.4991338472817136e-05
3 22 -3.2576950822012538e-04 1.3171172384222062e-05
3 23 -2.9758596303481065e-04 5.6261991936906668e-06
3 24 -2.8366207541929425e-04 -5.1420145725900618e-06
3 25 -2.7746861988225014e-04 -5.6208273242865242e-06
3 26 -2.7220240584122503e-04 4.3684291613083248e-06
3 27 -2.6095450668146239e-04 3.6976316872796071e-06
3 28 -2.4642301076893225e-04 2.8893194819666499e-06
3 29 -2.4683180600642706e-04 -2.1498013685810020e-06
3 30 -2.4238741218440092e-04 -4.2314200806238947e-06
3 31 -2.1624324939167853e-04 -2.8050290523984690e-06
3 32 -2.0807907830097308e-04 -2.0410752833862195e-06
3 33 -1.9354278441091841e-04 -9.8181836833475080e-07
3 34 -1.7625009029987603e-04 3.9743931623685651e-07
3 35 -1.7281204463229563e-04 -3.6251354108623475e-06
3 36 -1.6778385270072377e-04 1.2064295580989803e-06
3 37 -1.7445949906780799e-04 1.7681502815224010e-06
3 38 -1.8707147316279348e-04 2.1457775317180728e-06
3 39 -2.0511571584477827e-04 -1.3872706345924731e-06
3 40 -2.2750813415392250e-04 -5.1840713661452032e-07
3 41 -2.5393868514644256e-04 1.6249889716461756e-06
3 42 -2.7750161494528207e-04 -1.9689128851291339e-07
3 43 -3.1205098041252257e-04 -4.8488414304475601e-06
3 44 -3.2832620323966906e-04 -1.4026519968933622e-05
3 45 -3.7001030885210837e-04 -1.5220767215626088e-06
3 46 -3.9604300478279547e-04 2.1702101016358364e-06
3 47 -4.4961991940601080e-04 3.8561225890052015e-06
3 48 -5.6024672827334108e-04 1.0467760292411644e-05
3 49 -7.3355066750337334e-04 3.0340797436926109e-08
3 50 -8.8230112375068575e-04 -3.7623895013067947e-05
3 51 -1.1161683920963325e-03 -1.1788794057554417e-05
3 52 -1.2376864977909970e-03 -7.8622996427149071e-06
3 53 -1.3556940188939168e-03 -1.3914096764218206e-05
3 54 -1.4949060447309143e-03 5.6103212022155529e-06
3 55 -1.6507797030649730e-03 -3.2870200306906433e-05
3 56 -1.7752383929377448e-03 1.1584259422181668e-05
3 57 -2.0181954351902436e-03 2.9927697217500129e-07
3 58 -2.3361795724791278e-03 4.1765682972727097e-05
3 59 -2.7295512084657999e-03 5.9315793334255371e-06
3 60 -2.9039363757199636e-03 8.9785723958269793e-05
3 61 -3.0667634194950911e-03 2.9028488168679555e-06
3 62 -3.4751152434047421e-03 -4.5304936556688676e-06
3 63 -4.2583626372040811e-03 4.6274184442768741e-05
3 64 -5.3896492940378581e-03 -1.2558999761611199e-04
3 65 -6.8873661907740353e-03 5.1892548892570648e-05
3 66 -8.6656347425858871e-03 1.2201816961091624e-04
3 67 -1.1516937764120657e-02 -2.3120797983372074e-04
3 68 -1.4759184321816558e-02 -1.6541616836630724e-04
3 69 -1.6149400653880486e-02 -5.5512285539751653e-05
3 70 -1.8637082284266641e-02 3.4320290558538709e-04
3 71 -2.5789286007819275e-02 -8.2098145233190591e-04
4 0 -1.6933719497327852e-02 1.5237138615855660e-03
4 1 -1.3647095109593867e-02 6.6763321627897991e-04
4 2 -8.4057151359000545e-03 2.2221951704951993e-04
4 3 -5.8820679999604612e-03 2.9846711330212280e-04
4 4 -4.3249660892877356e-03 3.2578742452806414e-05
4 5 -3.2365159858474980e-03 -2.0605597747695434e-05
4 6 -2.7893148081054729e-03 4.9336131389022881e-05
4 7 -2.4613102033810203e-03 -6.3614494511078236e-05
4 8 -2.0576953400328331e-03 5.1538292309344732e-05
4 9 -1.8998018631581706e-03 -9.9526979860050245e-05
4 10 -1.5449409186972290e-03 -3.5962420409880545e-05
4 11 -1.2141083087967132e-03 -3.5553499292227483e-06
4 12 -1.0550874718786363e-03 1.1021673634020246e-05
4 13 -8.2164710791190576e-04 8.2540430460953970e-05
4 14 -6.8238577010584572e-04 1.5593474893833332e-05
4 15 -6.0474659910203456e-04 3.4992887146731788e-05
4 16 -5.3645274780640543e-04 4.3409705938408115e-06
4 17 -4.6444718397037999e-04 7.8844583099394255e-06
4 18 -3.7201935599914777e-04 2.4609490682351882e-05
4 19 -2.9830083502005276e-04 -4.9652172512254373e-06
4 20 -2.4283652664228305e-04 9.3373151573858457e-06
4 21 -1.9982160259439827e-04 1.3193605980545242e-05
4 22 -1.8022579697574294e-04 1.1724674975187516e-05
4 23 -1.6255228517656254e-04 3.8211076992498432e-06
4 24 -1.5687417034923238e-04 -5.8888180451012488e-06
4 25 -1.5198701515352982e-04 -6.1647553050156352e-06
4 26 -1.5020435034999302e-04 5.0348779117630199e-06
4 27 -1.4375756120439245e-04 2.8069455236380562e-06
4 28 -1.3228700284827766e-04 3.5662080293656074e-06
4 29 -1.3545272450037304e-04 -2.9892441400508488e-06
4 30 -1.3498620803326347e-04 -1.6440939012852560e-06
4 31 -1.1920673784012850e-04 -1.9341356502857006e-06
4 32 -1.1701198229494200e-04 -1.8819869031066679e-06
4 33 -1.0923673009546490e-04 -1.3631943428612501e-06
4 34 -9.4666757741169132e-05 1.7120217199471164e-06
4 35 -9.5471898883928860e-05 -2.4295024970056792e-06
4 36 -9.2020146685571028e-05 -4.9040385341542942e-07
4 37 -9.5582715796079467e-05 2.2622964662961265e-06
4 38 -1.0216702229360236e-04 2.7423175973977270e-06
4 39 -1.1220423059955568e-04 -7.7000612927165981e-07
4 40 -1.2271973712888677e-04 -2.6319905312850592e-06
4 41 -1.3853527493861318e-04 1.0953608342555665e-06
4 42 -1.5228586830851114e-04 -2.0009525960237504e-06
4 43 -1.7106668287582063e-04 -1.3238918017420188e-06
4 44 -1.7270708736531905e-04 -1.3162811959435133e-05
4 45 -2.0187164702169025e-04 -2.3638542966819557e-06
4 46 -2.1476931371514128e-04 2.9728590050860461e-06
4 47 -2.3788370458296216e-04 4.8529768504205295e-06
4 48 -3.0593259846029052e-04 5.7909266156552355e-06
4 49 -4.1280274963811085e-04 4.2205438086763802e-08
4 50 -4.8398839765361769e-04 -3.7044013916973571e-05
4 51 -6.2006711860774621e-04 -4.6623090354291544e-06
4 52 -6.7369749151517146e-04 -3.6121643362523812e-06
4 53 -7.3665888041771189e-04 -1.3584889319097045e-05
4 54 -8.3372121323750203e-04 1.7951398893904366e-05
4 55 -9.3451399227138950e-04 -2.5662189323027473e-05
4 56 -9.8429632410437155e-04 6.3496290616672693e-06
4 57 -1.1062032873560309e-03 1.1859084849261182e-05
4 58 -1.2732063755488876e-03 4.5103983505042399e-05
4 59 -1.5093046597708596e-03 9.5699179343077945e-06
4 60 -1.5681602568170263e-03 6.6832540890774620e-05
4 61 -1.6827868781284741e-03 2.4500840279350052e-06
4 62 -1.8643904530260031e-03 -3.0866642569724527e-05
4 63 -2.3089643898115573e-03 5.9490410930606920e-05
4 64 -2.9511497957974394e-03 -1.2774162757375046e-04
4 65 -3.6863118962103328e-03 4.3453463281877805e-05
4 66 -4.6196682768899974e-03 1.3575081571906840e-05
4 67 -6.2384585902074867e-03 -1.1931762640664687e-04
4 68 -8.2933095535051259e-03 2.6126386170982053e-05
4 69 -8.6121078112688602e-03 -4.1758148045529214e-05
4 70 -9.8459988582731504e-03 4.2092577187173444e-04
4 71 -1.2398820931633964e-02 -8.1623335284805392e-04
5 0 -7.8332554085754624e-03 1.1701506941421233e-03
5 1 -7.0389039650774901e-03 1.8059946285193948e-04
5 2 -4.1686757227841478e-03 2.1664196681054257e-05
5 3 -2.9092211291320870e-03 3.2805730521818344e-04
5 4 -2.3383671961332460e-03 1.7477804701335547e-05
5 5 -1.6571750237650326e-03 -1.7999694491814631e-05
5 6 -1.4310545124729178e-03 4.8134825956755234e-06
5 7 -1.1520317838822703e-03 -3.9266869621393647e-05
5 8 -1.0694436032240319e-03 7.8364014482792973e-05
5 9 -1.0040400209571866e-03 -8.5531538934696083e-05
5 10 -8.0420757487161681e-04 -8.3108562304243256e-06
5 11 -6.2026741446421520e-04 7.3959699237579279e-06
5 12 -5.5185059324122600e-04 -2.3452868862152445e-06
5 13 -4.1527381239196237e-04 7.8006481132793787e-05
5 14 -3.4831309285117569e-04 1.3256791691403701e-05
5 15 -3.2422157345712339e-04 3.1374845533689825e-05
5 16 -2.8625830522146866e-04 6.4064313886847145e-06
5 17 -2.5428442045076418e-04 4.2496718762355008e-06
5 18 -2.0347524583005556e-04 2.3969193488971272e-05
5 19 -1.6041401731132455e-04 -3.0746830372012662e-06
5 20 -1.3044806189209813e-04 8.0361935176042465e-06
5 21 -1.0730361176983425e-04 9.9525173043166744e-06
5 22 -9.6316843520469596e-05 8.9144919387602164e-06
5 23 -8.6060677685098887e-05 2.2346175921527163e-06
5 24 -8.2910682153947984e-05 -6.1700275286227879e-06
5 25 -7.9588844115793198e-05 -5.2282127924728824e-06
5 26 -7.9785313669778895e-05 5.5876426548133291e-06
5 27 -7.6977171891152142e-05 2.1721503342808945e-06
5 28 -6.8562995774421848e-05 3.3652355881124647e-06
5 29 -7.2202897232471002e-05 -2.8772136953378696e-06
5 30 -7.2725622401558954e-05 1.2820250866747540e-06
5 31 -6.6069999305936550e-05 -1.7471876315871727e-06
5 32 -6.5223873675585893e-05 -1.5139717106451307e-06
5 33 -6.0908655123139988e-05 -1.2603023123649703e-06
5 34 -4.8628724165829410e-05 1.4203991566123513e-06
5 35 -5.0556238051994480e-05 -1.7793990748068134e-06
5 36 -4.9124478732380418e-05 -1.8029221436098526e-06
5 37 -5.1724200944618178e-05 1.5651920260022147e-06
5 38 -5.3767587090865589e-05 2.8503207601712078e-06
5 39 -6.0089448269377808e-05 1.6445513496669572e-08
5 40 -6.4816594630914546e-05 -3.5272139967125574e-06
5 41 -7.4948001536196695e-05 1.6712553134174934e-06
5 42 -8.0467576387965677e-05 -2.7459627138584660e-06
5 43 -9.0957923869397004e-05 1.9001423814469892e-06
5 44 -8.7926794425608059e-05 -1.1141375533471465e-05
5 45 -1.0815177264590978e-04 -2.4992189137140429e-06
5 46 -1.1346867145676777e-04 2.8555689105628647e-06
5 47 -1.1873995289785691e-04 2.6964520793440591e-06
5 48 -1.5868037038833038e-04 1.5556524754497993e-06
5 49 -2.2680616513780471e-04 -1.4494044866191813e-06
5 50 -2.5410415482994499e-04 -2.9611259648504284e-05
5 51 -3.3994471715266642e-04 -4.9627007247907015e-06
5 52 -3.5778967900244868e-04 5.8083525713264251e-07
5 53 -3.9293838002420894e-04 -1.0919754253738375e-05
5 54 -4.5660087934912584e-04 2.4747749435609594e-05
5 55 -5.1475519017976472e-04 -2.0596985167986341e-05
5 56 -5.3066057906656647e-04 8.5528831792957424e-06
5 57 -5.9954668199198888e-04 2.1549970557813679e-05
5 58 -6.8189249550229991e-04 3.9799287070961250e-05
5 59 -8.2154855477275862e-04 8.4778823428487841e-06
5 60 -8.1624392490657355e-04 4.4705256481012094e-05
5 61 -9.1094276620777613e-04 -4.7320605422096019e-06
5 62 -9.7231714026806268e-04 -6.0540440462535361e-05
5 63 -1.2204062128065027e-03 5.2873291336867622e-05
5 64 -1.5626299908621790e-03 -8.5218028388295969e-05
5 65 -1.9099907734832107e-03 2.1895722060323804e-05
5 66 -2.3916638733798910e-03 -8.5651417893162806e-05
5 67 -3.2350342869624524e-03 -5.6461518416211442e-05
5 68 -4.6582677335350675e-03 1.8728026642387624e-04
5 69 -4.4797426295448998e-03 -7.9206137854512270e-05
5 70 -5.1616687586404676e-03 3.2229274488291534e-04
5 71 -5.9096184383850333e-03 -5.9493260089857650e-04
6 0 -4.1111676086527677e-03 5.8616944361036534e-04
6 1 -3.7247537458762647e-03 2.6622126875194114e-05
6 2 -1.9242008377813688e-03 -6.7909953524064506e-05
6 3 -1.3795260290242303e-03 3.4980684796068954e-04
6 4 -1.2846697167677005e-03 1.6819044819412131e-05
6 5 -7.7813831522457447e-04 3.6230673322246833e-06
6 6 -7.1614086790826998e-04 -2.2598400503326856e-05
6 7 -4.8837872887360885e-04 -2.9638793991358880e-05
6 8 -5.5605683426927408e-04 7.7698667732697436e-05
6 9 -5.3633424299519316e-04 -6.2785089311478151e-05
6 10 -4.0352508514628977e-04 1.5840167899286716e-05
6 11 -3.1534903264560392e-04 6.3698441982382263e-06
6 12 -2.7460225772875098e-04 -1.1747794493041947e-05
6 13 -1.9462926176095550e-04 7.3979337601214214e-05
6 14 -1.7207447680969701e-04 1.0429525231487761e-05
6 15 -1.6716251975604099e-04 2.3825422564718879e-05
6 16 -1.4478840688278807e-04 1.0470118196413834e-05
6 17 -1.3756974024610799e-04 4.1151700307431036e-06
6 18 -1.1090906783337597e-04 1.9878232841916895e-05
6 19 -8.4237782832342271e-05 -1.6687145017070110e-06
6 20 -6.9171448223057281e-05 5.8229374118378698e-06
6 21 -5.6439179116769586e-05 6.1614970073238097e-06
6 22 -4.9351279855988341e-05 5.1443056884083176e-06
6 23 -4.4319612653333820e-05 3.0140932081315763e-07
6 24 -4.1056537020325515e-05 -6.1263203170294378e-06
6 25 -3.8667062319202297e-05 -3.0931544118910302e-06
6 26 -4.0473597213399648e-05 6.2710644328047759e-06
6 27 -4.0309916030369440e-05 1.8521585064005732e-06
6 28 -3.5342868112018334e-05 2.5994281907315862e-06
6 29 -3.7160999862836518e-05 -1.5670288842338270e-06
6 30 -3.8948468563043421e-05 2.8016787696674494e-06
6 31 -3.6665659115522837e-05 -1.9801373008935449e-06
6 32 -3.5529316044949507e-05 -1.3012566087552600e-06
6 33 -3.4099181291887250e-05 -4.1764446890724400e-07
6 34 -2.4181425402478147e-05 3.7851196122776799e-08
6 35 -2.5440552369474254e-05 -1.3450570177213856e-06
6 36 -2.5058675843772615e-05 -1.7476962591440419e-06
6 37 -2.7263644017858587e-05 3.2857987601758104e-07
6 38 -2.7635038258120825e-05 2.8663247160548075e-06
6 39 -3.1023615915922916e-05 5.8647943557947965e-07
6 40 -3.3667819517675612e-05 -4.1183137008329359e-06
6 41 -4.0972352116667970e-05 2.2956412927718575e-06
6 42 -4.1396307746733162e-05 -1.9862304635514267e-06
6 43 -4.7556979366227910e-05 2.8291197457178309e-06
6 44 -4.2962131993867001e-05 -9.2725839609941340e-06
6 45 -5.7014955227969613e-05 -1.4367541256403278e-06
6 46 -6.1282918760904108e-05 1.7281346864669183e-06
6 47 -5.5642230006836629e-05 -7.2968781721489526e-07
6 48 -7.4684254411663115e-05 -5.3276162633197660e-07
6 49 -1.2247287851217917e-04 -5.0391669068251744e-06
6 50 -1.2790890754622264e-04 -1.8506833846498765e-05
6 51 -1.8744826405088971e-04 -1.2545577652054966e-05
6 52 -1.8825260827587571e-04 2.2380339705999490e-06
6 53 -2.0702096620002047e-04 -7.3496157383144280e-06
6 54 -2.4763228974493932e-04 2.6303282494384492e-05
6 55 -2.7137788222231273e-04 -1.4566802627779858e-05
6 56 -2.8105711022352126e-04 1.2348164071937049e-05
6 57 -3.3161737284630546e-04 1.7083000831725119e-05
6 58 -3.6716701274322017e-04 3.1644405577527662e-05
6 59 -4.4811170192743621e-04 1.5524651655945750e-05
6 60 -4.1117399198715136e-04 1.8190153132719474e-05
6 61 -4.8330758846800933e-04 -1.0689486651371575e-05
6 62 -4.9662007566492270e-04 -6.8010818800471281e-05
6 63 -6.3543538938894866e-04 3.2804076924482876e-05
6 64 -7.8003911726370065e-04 -4.3095303917625732e-05
6 65 -9.7779078657049914e-04 2.6121247100944459e-05
6 66 -1.2211890568573221e-03 -1.3038461498494496e-04
6 67 -1.5765041445632937e-03 -6.7293058630447063e-05
6 68 -2.5755918100734995e-03 2.8688846947865019e-04
6 69 -2.3029084366674446e-03 -1.5515488268768619e-04
6 70 -2.7116813597686746e-03 1.3515382251107935e-04
6 71 -2.8350543644070931e-03 -2.8730393114589870e-04
7 0 -2.1963542952338740e-03 2.7052514343639484e-04
7 1 -2.0827800678303466e-03 -1.8747972153509384e-05
7 2 -7.8945778060297150e-04 -7.6194478264535162e-05
7 3 -6.1317905551403211e-04 3.0988910828830360e-04
7 4 -7.5434350790019302e-04 -3.4773241900706890e-07
7 5 -3.2087703911417269e-04 1.5998315233188665e-05
7 6 -3.3068196692482101e-04 -8.3179749110989105e-06
7 7 -1.9173634446013316e-04 -2.9471808386344077e-05
7 8 -2.9859473974002548e-04 3.6928378847785895e-05
7 9 -2.9804680663471768e-04 -3.4674971600445295e-05
7 10 -1.9812474889105498e-04 3.9673769585476229e-05
7 11 -1.5711980858060365e-04 -4.3746375310224340e-06
7 12 -1.3535652207390770e-04 -9.2966735182397596e-06
7 13 -8.7318675373869399e-05 6.8492468961428522e-05
7 14 -8.4157833214709577e-05 8.9253022566013752e-06
7 15 -8.3093101920803149e-05 1.6449368575439867e-05
7 16 -6.9983359360087773e-05 1.0784576827691217e-05
7 17 -7.2153097496722337e-05 5.0321617957938201e-06
7 18 -5.6920434784115338e-05 1.4861174262799050e-05
7 19 -4.3511772200654830e-05 -1.5565389733954764e-06
7 20 -3.5645072622691479e-05 3.3577949032727676e-06
7 21 -2.8762878739865561e-05 1.9770982172487692e-06
7 22 -2.4170316907314949e-05 2.2890149264887839e-06
7 23 -2.1937623226024895e-05 -1.7398519264089127e-06
7 24 -1.8657426033879535e-05 -5.5518635268401569e-06
7 25 -1.6244174628281618e-05 -8.1744368696194850e-07
7 26 -1.9182644052164906e-05 6.6192797871639796e-06
7 27 -2.1314276245464739e-05 1.8124589292163544e-06
7 28 -1.9157797713319574e-05 6.3666436085329069e-07
7 29 -1.7777226720410339e-05 -2.2661694499427583e-06
7 30 -2.1070133730271858e-05 2.5216013280769638e-06
7 31 -1.9687550354101806e-05 -1.6968031741837730e-06
7 32 -1.9201327551950445e-05 -1.0459597872179252e-06
7 33 -1.9207711955248453e-05 7.9620247988384456e-07
7 34 -1.1465441157488144e-05 -1.2110403450186130e-06
7 35 -1.2279213189137166e-05 -3.3426308786267373e-07
7 36 -1.2790219847915315e-05 -1.2244439688336851e-06
7 37 -1.3657900080914232e-05 -1.4511714359139248e-07
7 38 -1.4308196817837233e-05 2.8184534592417720e-06
7 39 -1.5148166189659403e-05 8.7355166373940172e-07
7 40 -1.6931796982595863e-05 -4.1775593781155610e-06
7 41 -2.2960242672997742e-05 1.8334912282387020e-06
7 42 -2.0776949338479744e-05 3.6477677417152600e-08
7 43 -2.4128414483967324e-05 2.8167364370379246e-06
7 44 -2.0652330252749194e-05 -7.6776946025444964e-06
7 45 -2.9597342488656340e-05 -7.0085984932234609e-07
7 46 -3.4022861459584427e-05 -4.4174162590071790e-07
7 47 -2.3365922893014578e-05 -1.8900387695116626e-06
7 48 -2.9149482003697861e-05 -3.0401177730787939e-06
7 49 -6.4692037253350453e-05 -9.1653264866821833e-06
7 50 -6.2266420378805770e-05 -1.0856026747790053e-05
7 51 -1.0625310242754348e-04 -1.4399353730424469e-05
7 52 -1.0447636608606259e-04 1.0745929372298444e-05
7 53 -1.0760616161289185e-04 -3.9279020108542332e-06
7 54 -1.3500318825785507e-04 2.4108672014562765e-05
7 55 -1.4152839481523433e-04 -9.6497045590011378e-06
7 56 -1.4756351039577593e-04 1.1913264399072011e-05
7 57 -1.9240149467389498e-04 2.0970558178078750e-06
7 58 -1.9945340933411298e-04 2.6392051045707718e-05
7 59 -2.4313161819080662e-04 1.8726985910353672e-05
7 60 -2.0494848159641205e-04 1.0326347303751361e-05
7 61 -2.6370441164176464e-04 -1.8662257798486587e-05
7 62 -2.3722112861084048e-04 -6.1849752288714948e-05
7 63 -3.2204143618859931e-04 8.6438354256439316e-06
7 64 -3.7149258053563303e-04 -1.1040473545550696e-05
7 65 -4.8052101156159026e-04 5.3343540166763113e-05
7 66 -6.2402791228327343e-04 -1.4153211511502747e-04
7 67 -7.8858238829085739e-04 -6.3635148630734995e-05
7 68 -1.4061314786092370e-03 2.7658916000335528e-04
7 69 -1.1704105884683042e-03 -2.5972460617638493e-04
7 70 -1.5071448450915670e-03 1.4102129407785156e-06
7 71 -1.5050833964568393e-03 -8.7297263444084704e-05
8 0 -8.8347535330734008e-04 4.5105366619606279e-05
8 1 -1.1104106985728689e-03 2.9475906349854033e-05
8 2 -2.6241838523493693e-04 -2.8239439961526427e-05
8 3 -2.4804745354261491e-04 1.9445605436184095e-04
8 4 -4.6441505999894410e-04 1.1542490964406773e-05
8 5 -9.5212374955621343e-05 1.1235116112792165e-05
8 6 -1.2038158493346134e-04 3.6638896994678516e-05
8 7 -6.9638272668578349e-05 -3.9286961332064547e-05
8 8 -1.4496166217983479e-04 7.2126663343866270e-06
8 9 -1.5528722565889545e-04 -1.2814070159556234e-05
8 10 -9.5670552451274801e-05 4.9417149595585422e-05
8 11 -8.1663298184503030e-05 -1.2476515675756805e-05
8 12 -6.0693860954131897e-05 2.5336440197227801e-07
8 13 -4.0653233228442634e-05 5.7365709260038976e-05
8 14 -3.9476001871156272e-05 6.1053843413270808e-06
8 15 -3.6684287393086437e-05 9.9363341826571880e-06
8 16 -3.2721545953469371e-05 8.9458719167950340e-06
8 17 -3.7430279000642562e-05 5.0537832162743386e-06
8 18 -2.7673499925307966e-05 1.1243681173762717e-05
8 19 -2.3585386502608749e-05 3.0261224070558623e-07
8 20 -1.5981503739073849e-05 1.6166484749529508e-06
8 21 -1.3930797907530267e-05 -1.3326676693447573e-06
8 22 -1.1553013804086440e-05 8.3535925625733632e-07
8 23 -9.5667776170436748e-06 -3.0103564958593110e-06
8 24 -8.4121915775021838e-06 -5.4698441870563667e-06
8 25 -4.5612534545003548e-06 1.1323307104585239e-06
8 26 -8.0434652332530305e-06 6.7037325747210780e-06
8 27 -1.2058384893291582e-05 1.0271469002773291e-06
8 28 -1.1091805268305909e-05 -8.7328766231804975e-07
8 29 -8.9165369615881871e-06 -3.8083529598196085e-06
8 30 -1.1763278221670895e-05 1.3948540665734570e-06
8 31 -1.0279529433196827e-05 -7.0049692545197622e-07
8 32 -1.0782665447117886e-05 -1.3185279990260678e-06
8 33 -1.0523425843337730e-05 1.1011298180298934e-06
8 34 -4.2574101390399102e-06 -2.1580109901421412e-06
8 35 -5.8521291660357232e-06 -1.7129474771629439e-08
8 36 -6.2424448134066770e-06 -8.8224988293451175e-07
8 37 -5.6799235360441307e-06 -7.8279845126900129e-07
8 38 -8.3725205469111606e-06 2.4431410448381850e-06
8 39 -6.2559630997613462e-06 1.4840441282238402e-06
8 40 -8.4245040559249383e-06 -3.9812792813839897e-06
8 41 -1.3064842455667062e-05 7.9067242793040898e-07
8 42 -9.5570672969586366e-06 9.6294658156164723e-07
8 43 -9.9288956757540868e-06 1.6685902559422271e-06
8 44 -8.9233182466192862e-06 -5.9739127594372104e-06
8 45 -1.5467365797390987e-05 -1.5493967729926259e-06
8 46 -2.0128068761806332e-05 -1.7866034569664843e-06
8 47 -7.9407378105474075e-06 -1.2698280739283428e-06
8 48 -6.1954210255594436e-06 -4.3479479355104731e-06
8 49 -3.5815797207093032e-05 -5.6276722337117422e-06
8 50 -2.9540585253046125e-05 -3.9103443600056053e-06
8 51 -6.4009863344832924e-05 -1.3948404020210444e-05
8 52 -6.3950440567703165e-05 1.8838352944907649e-05
8 53 -4.8114297356785219e-05 -6.9534186172504713e-07
8 54 -7.2297050173845157e-05 2.0026564896604843e-05
8 55 -7.8869901274676032e-05 -9.7506544202922720e-06
8 56 -7.4894555998975557e-05 8.8292687496659605e-06
8 57 -1.2416792021541841e-04 -1.3038323953665784e-05
8 58 -1.1310080489799936e-04 2.3513253135934177e-05
8 59 -1.3641120510441467e-04 1.1174390351366921e-05
8 60 -9.3468118407549763e-05 2.3515544943764953e-05
8 61 -1.5170415818166295e-04 -2.3464677105203484e-05
8 62 -1.0004931597426066e-04 -4.0948010939941317e-05
8 63 -1.4386223370215073e-04 -1.5358563466264506e-05
8 64 -1.8896009538919143e-04 9.1857916665404124e-06
8 65 -1.8740940125112438e-04 1.0730572777711439e-04
8 66 -2.7915096898689673e-04 -9.9662815834629652e-05
8 67 -4.4456667558878253e-04 -4.5447901278164019e-05
8 68 -8.1690958836189739e-04 1.3924192137496858e-04
8 69 -6.4812835178697367e-04 -3.5971095153421547e-04
8 70 -8.2492849178380243e-04 -1.5725400403746295e-05
8 71 -9.4760790757692827e-04 -9.6147962050222363e-05
9 0 -3.6245413480065573e-04 -3.2489496290862463e-04
9 1 -5.8330872557505820e-04 1.0352524877833507e-04
9 2 -4.6472171399045840e-05 4.3953060767375646e-06
9 3 -5.4506989006727808e-05 1.2547625630434357e-04
9 4 -3.1043696500253711e-04 3.7582019669563050e-05
9 5 -7.7123001933948122e-06 -1.4823474411469439e-05
9 6 -3.2215034699428161e-05 5.7803801038184740e-05
9 7 -1.7717766862752776e-05 -3.4439856057144686e-05
9 8 -4.8477905405370764e-05 -1.8002235477752018e-05
9 9 -6.4993873804543905e-05 -1.2433180063903393e-05
9 10 -5.5654579135709000e-05 3.8610546825725981e-05
9 11 -5.0070001681022583e-05 -1.6485089445147048e-05
9 12 -2.4040539866944406e-05 2.3108752682263211e-06
9 13 -2.3474139426762385e-05 4.3293803593752963e-05
9 14 -1.5482696768274539e-05 7.2309134361288258e-06
9 15 -1.5220095523424736e-05 8.7968567770489016e-06
9 16 -1.7647643190809267e-05 7.1051937936169305e-06
9 17 -1.7040414874927767e-05 5.6860971178356421e-06
9 18 -1.6477707061750425e-05 8.8839152124888849e-06
9 19 -1.3731478042934681e-05 1.7033072578363415e-06
9 20 -3.2614337477054835e-06 -6.2192938364678504e-07
9 21 -6.8979627026937398e-06 -3.0061133679975975e-06
9 22 -4.9999799563067006e-06 4.4805635338411124e-07
9 23 -3.9406529153835304e-06 -3.1116413638274269e-06
9 24 -3.1968656941307591e-06 -5.8981988695957502e-06
9 25 -1.6975857523111341e-07 1.4194982971679882e-06
9 26 -2.6741639909585620e-06 6.5228326084690845e-06
9 27 -6.9254438518297820e-06 2.3178654530180597e-07
9 28 -6.1627830078185510e-06 -1.2554858013187393e-06
9 29 -5.9116421948400337e-06 -4.1465848977621103e-06
9 30 -6.7406156169930650e-06 7.9156594167264335e-07
9 31 -6.1823291047531281e-06 8.6962651827383311e-07
9 32 -6.8947860663916499e-06 -7.9914844683705001e-07
9 33 -5.2253112004489687e-06 1.2979989021953725e-06
9 34 -9.8138617452326780e-07 -2.7792747774042309e-06
9 35 -2.6687671642025464e-06 -7.4551429848577952e-07
9 36 -2.3426067697014345e-06 -9.2134723409269134e-07
9 37 -2.2031503643392035e-06 -1.8757999874837328e-06
9 38 -5.1669156296175000e-06 2.5827461181410044e-06
9 39 -1.2442237696167950e-06 2.0212350891322870e-06
9 40 -4.2255602270880885e-06 -3.5265949943124146e-06
9 41 -7.8294686871528502e-06 1.0197576335611899e-07
9 42 -2.9844105901836624e-06 1.3222565070623617e-06
9 43 -1.3699456107626270e-06 4.8364918772714817e-07
9 44 -2.6525570900861545e-06 -3.3175801059546874e-06
9 45 -9.4190144568011050e-06 -2.9283926496376304e-06
9 46 -1.2463415569197671e-05 -1.8435383668094554e-06
9 47 -2.0120843721343977e-06 -8.6435380843763681e-07
9 48 5.5923668771472482e-06 -3.7489771478558737e-06
9 49 -2.1299938822797644e-05 2.1258455711083350e-06
9 50 -1.4282770095557351e-05 8.3782817609674586e-07
9 51 -4.0373600495545095e-05 -1.3868944903843292e-05
9 52 -3.7596900435376513e-05 2.3728728179903634e-05
9 53 -1.6618741762610721e-05 2.0003258484891919e-06
9 54 -4.1300671433971716e-05 1.6939293862231849e-05
9 55 -4.7991434278429083e-05 -7.5942433996281652e-06
9 56 -3.9358210758840954e-05 4.6031617572620122e-06
9 57 -9.3722442861121562e-05 -1.2509025344173090e-05
9 58 -7.7006515272314238e-05 1.4688523598464235e-05
9 59 -7.7254396688439668e-05 9.9373967520818056e-06
9 60 -3.1752265544660110e-05 3.9110797220166696e-05
9 61 -8.5857184504104664e-05 -2.3595716823336413e-05
9 62 -4.0714901347542384e-05 -1.5060506867245465e-05
9 63 -5.4056135142742055e-05 -3.1528858121589148e-05
9 64 -1.2113548364183506e-04 1.8383980720215378e-05
9 65 -2.7418097999416539e-05 1.1036299063191317e-04
9 66 -7.9362836056281772e-05 -8.5465398740651536e-05
9 67 -2.6776207018124472e-04 -2.5764285082882522e-05
9 68 -5.2759044962830625e-04 3.4147081816117569e-06
9 69 -4.5938401958213444e-04 -3.9537818589368873e-04
9 70 -4.0074951685321777e-04 1.0211551431807586e-04
9 71 -6.1144231778041810e-04 -6.9959025129998287e-05
10 0 -2.0011132200806937e-04 -3.7684128631706787e-04
10 1 -4.0023478837027126e-04 1.7946690842008021e-04
10 2 1.4612413460698995e-05 3.1831267741102971e-05
10 3 4.4875028535497160e-05 1.0536193374658103e-04
10 4 -2.1224548764844982e-04 5.8915193258087946e-05
10 5 2.3311220242215284e-05 -3.0609935435188271e-05
10 6 -1.9795624634526492e-05 5.7311026695866913e-05
10 7 1.1244716326903263e-05 -3.9442087622602268e-05
10 8 -4.5465154416933592e-06 -3.5939792606810089e-05
10 9 -1.5735544156925392e-05 -1.8084895525028507e-05
10 10 -4.3521465085047052e-05 2.3104478318179001e-05
10 11 -3.1265264844166115e-05 -1.5767673806928469e-05
10 12 -9.1460262289551449e-06 -4.1212979323434155e-06
10 13 -2.5478396915338828e-05 3.3548239616279805e-05
10 14 8.7723383606221983e-07 9.7819560433605807e-06
10 15 -5.5865974492508966e-06 1.1878613443743994e-05
10 16 -1.0885891106784323e-05 6.5804196285548322e-06
10 17 -5.8349101525255012e-06 5.2414935109736399e-06
10 18 -1.3084034486948466e-05 7.9324473312385197e-06
10 19 -7.5939969590158109e-06 3.7950259026037619e-06
10 20 2.6295041672053868e-06 -2.0285856806846073e-06
10 21 -4.4194251170019659e-06 -3.6489048821343272e-06
10 22 -1.9742667861061496e-06 8.9874664730361492e-07
10 23 -1.4298346384552365e-06 -2.1959259241213206e-06
10 24 -2.0163795545024679e-07 -5.2551619224427304e-06
10 25 1.3822652473193732e-07 6.3247736556319033e-07
10 26 1.7458119523798819e-07 6.6306203115461984e-06
10 27 -4.4849224481300968e-06 -6.9132846117026512e-07
10 28 -3.0142096232729531e-06 -1.0509671661824817e-06
10 29 -4.4172989118780809e-06 -3.2094506945465730e-06
10 30 -4.1897907379927580e-06 4.9012902094788143e-07
10 31 -4.9585503619095635e-06 1.7999056771810976e-06
10 32 -4.1905706899137453e-06 4.2666715029110345e-07
10 33 -2.7552720061611548e-06 1.2382263616848334e-06
10 34 1.9428499308301402e-07 -3.1630618209422566e-06
10 35 -1.5678557156568569e-06 -9.6081219816061287e-07
10 36 -6.0276034216393142e-08 -7.7379648094278870e-07
10 37 -1.3382610769988380e-06 -1.8999375105791699e-06
10 38 -3.1405983175873824e-06 2.1855460210719390e-06
10 39 1.8558606966896248e-06 2.8593711516964772e-06
10 40 -6.3422617314474647e-07 -3.0275265132208551e-06
10 41 -4.1867379687092365e-06 -5.2985931648166901e-07
10 42 -6.2347278749608529e-07 2.9148500600557542e-06
10 43 3.2906063075444135e-06 -5.7581859654938448e-07
10 44 1.1573690501979379e-06 -1.0052849224861877e-06
10 45 -6.9884332442684711e-06 -1.9215888552832777e-06
10 46 -8.2504933969640753e-06 1.4589301585397409e-07
10 47 -1.8163640967178702e-06 -6.1651873920811806e-07
10 48 1.1510941540174399e-05 -2.3798857812840591e-06
10 49 -1.5291608645885824e-05 6.7045766417597509e-06
10 50 -8.0174711506907321e-06 5.5339388436178250e-07
10 51 -2.5220190667330993e-05 -1.4258850477100233e-05
10 52 -2.2319474330172603e-05 2.2791714999568310e-05
10 53 -2.3473547245201310e-06 -1.7234599235543385e-06
10 54 -2.4671341314987007e-05 1.4264705754181195e-05
10 55 -3.6450444182393522e-05 -2.7940113233987377e-06
10 56 -2.3483379813840994e-05 -1.2900351139788577e-06
10 57 -7.7760342320146419e-05 -3.2554622723614450e-06
10 58 -5.6949030742567481e-05 6.3371242385758044e-06
10 59 -4.7876462850236796e-05 7.6772506234379638e-06
10 60 -7.4278020319964723e-07 3.7444629969178639e-05
10 61 -5.2527099289997279e-05 -2.9768798018362946e-05
10 62 -6.4649818213857752e-06 1.9549416662844515e-07
10 63 -8.9976392451617570e-06 -5.5088626312708529e-05
10 64 -8.4444279659124356e-05 2.9398272720634506e-05
10 65 4.3249094219386327e-05 8.6828721277040511e-05
10 66 1.2821719806089016e-05 -6.2095166960159044e-05
10 67 -1.5144109701433378e-04 -1.8314689356222233e-05
10 68 -3.6985952580633299e-04 -7.2702181992406073e-05
10 69 -4.0456544833803696e-04 -3.0975768162400216e-04
10 70 -1.8037546451965737e-04 1.7525836580554638e-04
10 71 -3.8056572314382290e-04 6.0105266654120295e-05
