0 0 -1.1843599011324184e+00 1.1393710376867881e-20
0 1 -1.7301492062163945e-01 -6.3681840789178113e-20
0 2 -6.7386136343498756e-02 1.5489278479324679e-20
0 3 -3.8624022078751999e-02 4.0520059241587424e-21
0 4 -2.9152284535010269e-02 -2.2534063471462250e-22
0 5 -2.5373003154349691e-02 -2.7990687141705271e-22
0 6 -2.3744238748242559e-02 -1.0951368248322065e-22
0 7 -2.3354914540306831e-02 9.1018339858227358e-22
0 8 -2.2473660001926882e-02 1.7732278205943137e-21
0 9 -1.9600686002515244e-02 -4.9850209114050317e-22
0 10 -1.6837766965517725e-02 -1.4463224846130039e-21
0 11 -1.4579707884242565e-02 4.4754767594144702e-23
0 12 -1.2780055190812390e-02 -2.4078079153234606e-22
0 13 -1.1301571955330049e-02 1.8159092344456586e-22
0 14 -9.8499001891485579e-03 -3.4313243313497901e-22
0 15 -8.4470592413548023e-03 2.0917000223619455e-22
0 16 -6.8676142057109450e-03 -4.4424881388409485e-22
0 17 -5.4399922799042606e-03 -1.0434366807915758e-23
0 18 -4.1942623161767608e-03 -1.1222691157444441e-22
0 19 -3.2428384157817541e-03 1.5844520415425995e-22
0 20 -2.6352869234365036e-03 1.2095980044003170e-22
0 21 -2.2107502815943139e-03 2.0038741959253086e-23
0 22 -1.8490351282143540e-03 -9.2254990505525340e-23
0 23 -1.5693984657935490e-03 9.5245429699250755e-24
0 24 -1.3651401846469413e-03 2.7403122995642495e-23
0 25 -1.1994790613585194e-03 3.1875146411783688e-23
0 26 -1.0368185229967367e-03 2.7745313665650824e-23
0 27 -9.0143114941309004e-04 -7.0608241716964594e-24
0 28 -7.6370493204507396e-04 1.1505340030340095e-23
0 29 -6.5976939129053572e-04 -7.3512460626647716e-24
0 30 -6.1289608773690502e-04 -3.8917872993184589e-24
0 31 -5.7652989815971196e-04 -1.7731408758643487e-23
0 32 -5.4234116952105226e-04 -1.4770874569475355e-24
0 33 -5.1318698903590689e-04 7.0903647893923626e-24
0 34 -4.8038493380928433e-04 -1.5959455088264938e-23
0 35 -4.5841900412381756e-04 -5.3397058905001478e-24
0 36 -4.5478499844601192e-04 2.1478421114526507e-23
0 37 -4.6074219489008073e-04 -2.0307368974992284e-24
0 38 -4.5810859760934681e-04 -2.7991965325713660e-24
0 39 -4.5489757906292538e-04 2.6584043347445635e-24
0 40 -4.7254803033906897e-04 -4.1636298790267267e-24
0 41 -5.0363540724886375e-04 8.7746875066940738e-24
0 42 -5.3837786336239615e-04 -2.4961472207396401e-23
0 43 -5.4455013177023273e-04 1.4795268716301261e-23
0 44 -5.6887043142526343e-04 4.6874255174451967e-24
0 45 -6.1397403805641662e-04 1.0339542468379731e-24
0 46 -6.6757135888320597e-04 4.3131929967968496e-24
0 47 -7.3964936755622926e-04 -3.5219288161549320e-23
0 48 -8.3184922687109847e-04 3.2423739762258309e-23
0 49 -9.2432603456380966e-04 1.0042752953316698e-23
0 50 -1.0297395732086810e-03 -5.5084519613229288e-23
0 51 -1.1709642130145049e-03 3.5934565171714578e-23
0 52 -1.3174787330898384e-03 8.7280378127765641e-24
0 53 -1.5119109514441526e-03 -3.2905626002880906e-23
0 54 -1.7217297265914966e-03 -1.0970050701682076e-23
0 55 -1.9470032297202462e-03 -3.9523821201602721e-23
0 56 -2.2582233408718236e-03 1.9019640584266522e-23
0 57 -2.5979242599736695e-03 -4.2826388689606235e-23
0 58 -3.0645912845185305e-03 5.8169363049003263e-23
0 59 -3.5829390001084161e-03 -5.2121514302050470e-23
0 60 -4.2963771222390857e-03 -9.9443430539522462e-23
0 61 -5.1687837048942382e-03 -2.6817105235412909e-22
0 62 -6.0138073252130079e-03 1.1294280180038207e-22
0 63 -7.2697919239785233e-03 -3.3478815185881808e-22
0 64 -9.3166066834151542e-03 7.0142173472305769e-23
0 65 -1.2449975831765660e-02 -8.4693146189402964e-22
0 66 -1.7215980768894315e-02 1.1255089607957269e-21
0 67 -2.2933807571547803e-02 9.9229733560359321e-22
0 68 -2.9836904104791721e-02 -6.4337989101648400e-22
0 69 -3.8935239744691312e-02 2.0130492642194387e-21
0 70 -6.2957150056205821e-02 -7.3621781064338669e-21
0 71 -1.5778643510716742e-01 -1.7328362957182259e-20
1 0 -3.5967645065873677e-01 -7.3252641557165895e-04
1 1 -1.0637157964314108e-01 7.5718515178791238e-04
1 2 -4.7439982813559912e-02 4.9607094327353191e-04
1 3 -2.8823542090479486e-02 3.4086687791492511e-04
1 4 -2.2237157315591127e-02 1.2710656996691911e-04
1 5 -1.9496533402085486e-02 -4.3564398898544870e-05
1 6 -1.8228301554609690e-02 -4.3642576053272296e-05
1 7 -1.7820091155002302e-02 -2.4028283754912329e-05
1 8 -1.7181599970674664e-02 -1.0349440040536083e-04
1 9 -1.5086055952600675e-02 -9.1408280971429990e-05
1 10 -1.2927076710867128e-02 3.5819258183697373e-06
1 11 -1.1232737375933411e-02 2.4467615604440204e-05
1 12 -9.7853582621688587e-03 8.4895885369689150e-05
1 13 -8.6529209181775268e-03 1.6008883546948604e-05
1 14 -7.5110278022243876e-03 1.0312706091718977e-05
1 15 -6.4255681400137397e-03 9.3661811812842969e-06
1 16 -5.2449920314134261e-03 -2.8560066749298008e-05
1 17 -4.1485587131173517e-03 -3.5468476298190215e-06
1 18 -3.2019534850425122e-03 -1.0626471108763911e-06
1 19 -2.4768503542949172e-03 -1.3244699373317540e-05
1 20 -2.0170684569548003e-03 -5.8858728978824238e-06
1 21 -1.6895394087781421e-03 1.6249118490447511e-06
1 22 -1.4129871760841333e-03 7.4837511118890598e-06
1 23 -1.1993076459966738e-03 4.9346304935821739e-06
1 24 -1.0432750175456390e-03 5.1728040959276418e-08
1 25 -9.2061996824759681e-04 -3.2125379140482235e-06
1 26 -7.9410154066115047e-04 -1.1270763945638702e-06
1 27 -6.9042499557987898e-04 -4.9300513302687399e-07
1 28 -5.8136435976877002e-04 9.9151946886031448e-07
1 29 -5.0357688979062783e-04 -1.6212841753534695e-06
1 30 -4.6782729627826205e-04 7.1308801688922582e-07
1 31 -4.4025482928103480e-04 -1.6716752118459411e-06
1 32 -4.1515721335235383e-04 -2.0052812099983723e-06
1 33 -3.9114818439019719e-04 -1.6752395102520421e-06
1 34 -3.6752124117694484e-04 -2.0292317330807170e-07
1 35 -3.5042074377307085e-04 -1.5479574771519302e-08
1 36 -3.4767550986789463e-04 2.0417038958024156e-06
1 37 -3.5134493640184567e-04 -2.3346693775568971e-08
1 38 -3.4983825969420944e-04 3.2381536357122034e-07
1 39 -3.4694877206494287e-04 -6.3580215313122064e-07
1 40 -3.6227816530993382e-04 6.0527497212182097e-08
1 41 -3.8605828702441730e-04 -8.1471738401759930e-07
1 42 -4.1355983984356928e-04 4.9032271607972043e-07
1 43 -4.1825583990037361e-04 -3.3928030855095323e-07
1 44 -4.3656255493131117e-04 2.0945068553278915e-06
1 45 -4.7213555209478828e-04 1.3027555533606860e-06
1 46 -5.1221559818590467e-04 4.5857382266768399e-07
1 47 -5.6824749303121820e-04 -1.5752716884647928e-06
1 48 -6.3684126234009699e-04 -3.8726703974529139e-06
1 49 -7.0637358749616103e-04 2.2904611167541963e-08
1 50 -7.8587194825803183e-04 -2.3969353979806946e-06
1 51 -8.9509342782312471e-04 -4.1964358612763595e-06
1 52 -1.0050365901255022e-03 3.9814589886347104e-06
1 53 -1.1501913165238721e-03 1.9149410199924883e-06
1 54 -1.3110845583987495e-03 -3.2596143964701645e-06
1 55 -1.4872083637189803e-03 3.4396382815317795e-06
1 56 -1.7279398983512440e-03 -2.0019553770356943e-06
1 57 -1.9844490382137318e-03 -9.9352461353448910e-06
1 58 -2.3442467280687450e-03 -2.3923935309032677e-06
1 59 -2.7362710408011292e-03 7.9811427126306589e-06
1 60 -3.2880841574128095e-03 9.0353006513139177e-06
1 61 -3.9496043252696053e-03 4.1632288970635227e-06
1 62 -4.5931143957283257e-03 9.7892957198422674e-06
1 63 -5.5567942531113343e-03 1.2385486073694072e-05
1 64 -7.1106449249873386e-03 6.1678906070704234e-06
1 65 -9.4676187620679336e-03 6.7452480170445660e-06
1 66 -1.3106385459936788e-02 1.1648796655833178e-04
1 67 -1.7455409605482225e-02 2.0667086235797936e-05
1 68 -2.2702566275822258e-02 -1.3672668111989287e-05
1 69 -2.9235350030716686e-02 -6.0165961746676138e-05
1 70 -4.4804914099450290e-02 -2.1663472995089771e-04
1 71 -9.4656598114355742e-02 -3.2731162012960207e-04
2 0 -1.1580797055946956e-01 -2.4969211357023761e-04
2 1 -5.2364557638226283e-02 1.0978509242754039e-03
2 2 -2.6468609143383334e-02 7.3957404874032157e-04
2 3 -1.7150261829831100e-02 4.5523625996569023e-04
2 4 -1.3724904044113240e-02 1.8489908458161152e-04
2 5 -1.2232748881856471e-02 -4.0560913291339132e-05
2 6 -1.1362347294850115e-02 -9.3846166863610801e-05
2 7 -1.1036457489440873e-02 -8.2238869928272194e-05
2 8 -1.0658074152218547e-02 -1.4449371486764120e-04
2 9 -9.4906617959812523e-03 -1.3424840317540954e-04
2 10 -8.1216592574110819e-03 -5.0501359484829372e-06
2 11 -7.0853908234477523e-03 5.1896787731791003e-05
2 12 -6.0646851310328384e-03 1.0592095828894890e-04
2 13 -5.4108335275571051e-03 2.4573353723093212e-05
2 14 -4.6392319858211345e-03 3.9376555411245511e-06
2 15 -3.9341791644768049e-03 7.9198251547573986e-06
2 16 -3.2520877565809622e-03 -4.5792472196097407e-05
2 17 -2.5616747716272767e-03 -7.5003892931304069e-06
2 18 -1.9770249017799580e-03 -1.9812885576330082e-07
2 19 -1.5338647510757598e-03 -1.8816479032795457e-05
2 20 -1.2491381782523015e-03 -9.2843849892029720e-06
2 21 -1.0495349382162549e-03 5.1493490362507128e-06
2 22 -8.6992828764253995e-04 9.7027009463765046e-06
2 23 -7.4061061982115929e-04 5.5337694213007587e-06
2 24 -6.4636456532721947e-04 -8.0101503437825711e-07
2 25 -5.7572767440435023e-04 -5.5947770929541882e-06
2 26 -4.9385050902033651e-04 -3.9265659682198625e-07
2 27 -4.3118691186942086e-04 -3.8681054837753999e-07
2 28 -3.5940571442338377e-04 3.1807343253902159e-07
2 29 -3.1164420438203633e-04 -2.1205373601505977e-06
2 30 -2.8912683661951527e-04 1.2746003960447782e-06
2 31 -2.7261532329340586e-04 -1.7692229970683452e-06
2 32 -2.5911725440924015e-04 -3.4417198283033131e-06
2 33 -2.4203507304325635e-04 -2.4697522534790356e-06
2 34 -2.2920345857292506e-04 4.1503878386086020e-07
2 35 -2.1723298656810871e-04 -4.7205505743784776e-07
2 36 -2.1442082003581413e-04 2.1511043589932664e-06
2 37 -2.1702112464211040e-04 4.5103296696355664e-08
2 38 -2.1600166367640914e-04 7.3252585309076207e-07
2 39 -2.1492503496766939e-04 -8.7589439456827869e-07
2 40 -2.2693056763731961e-04 -3.0668119434163791e-07
2 41 -2.4115835853413112e-04 -1.0343005656029899e-06
2 42 -2.5984166106007871e-04 1.1616521700215747e-06
2 43 -2.6322597489995489e-04 -5.0196399178754715e-07
2 44 -2.7220921124374302e-04 2.0770190734118895e-06
2 45 -2.9603360489767965e-04 1.9995521125188803e-06
2 46 -3.1884864362676044e-04 1.9189271334002904e-06
2 47 -3.5607215633717181e-04 -1.8892675521706669e-06
2 48 -3.9748277517319706e-04 -3.4839647237339029e-06
2 49 -4.3945566674871998e-04 1.2585920376929660e-06
2 50 -4.8602251455757181e-04 -3.2684233351254566e-06
2 51 -5.5596390992916059e-04 -5.1248384820517801e-06
2 52 -6.2195771322688437e-04 4.0039561485797668e-06
2 53 -7.1068451585463077e-04 3.0729951159139797e-06
2 54 -8.1196174710514038e-04 -5.6269886719131462e-06
2 55 -9.2478713988261324e-04 7.6294072741861280e-06
2 56 -1.0710419644178932e-03 -2.7378482923088427e-06
2 57 -1.2307511962913284e-03 -1.3241083710733058e-05
2 58 -1.4581336839629420e-03 -2.2436739723184622e-06
2 59 -1.6978213466412478e-03 1.0610441801522431e-05
2 60 -2.0518172886888827e-03 1.5247059493093733e-05
2 61 -2.4515427708195706e-03 2.8315011925990310e-06
2 62 -2.8401456030583169e-03 2.0448718444528009e-05
2 63 -3.4608625738396927e-03 1.7622485207416121e-05
2 64 -4.4084024508585012e-03 1.3204525382874171e-05
2 65 -5.8196229795457969e-03 4.1457491536595107e-06
2 66 -8.0540789986761844e-03 1.2283636043388402e-04
2 67 -1.0684790806014749e-02 2.6534593157836400e-05
2 68 -1.4024625150470234e-02 -9.5448607178619637e-05
2 69 -1.7758447640707640e-02 -5.4761168813402784e-05
2 70 -2.5500089651387350e-02 -2.5580686082689227e-04
2 71 -4.6396044627998963e-02 -1.8332423103844633e-04
3 0 -3.9463904717969116e-02 8.7929703405040889e-04
3 1 -2.3620086972899825e-02 7.4269679906399015e-04
3 2 -1.3497416395668755e-02 6.6444308652285140e-04
3 3 -9.4307890750821438e-03 3.4455051198505591e-04
3 4 -7.8424199667331794e-03 1.4324556273346905e-04
3 5 -7.1571449753148261e-03 -1.3129293686721139e-05
3 6 -6.5338722657349640e-03 -1.0129017184208318e-04
3 7 -6.3389586960890532e-03 -1.3665543042463244e-04
3 8 -6.0652503495481893e-03 -1.3397263248586723e-04
3 9 -5.5207572310635835e-03 -1.2509252085566739e-04
3 10 -4.7581289222588512e-03 1.0067467353641263e-05
3 11 -4.1610993123877525e-03 6.9513643088573967e-05
3 12 -3.4585511058019235e-03 9.7655240900545442e-05
3 13 -3.1511927378610480e-03 2.3851879684185819e-05
3 14 -2.6485816225401680e-03 -7.0289570815936299e-06
3 15 -2.2161019296849534e-03 -1.4902239651724854e-05
3 16 -1.8709668810262222e-03 -4.4672622894054440e-05
3 17 -1.4555934785458859e-03 -5.3178981198748749e-06
3 18 -1.1261866141271453e-03 -2.3502860890172105e-06
3 19 -8.7776986420152667e-04 -1.4886200117652351e-05
3 20 -7.1410682051285953e-04 -7.6022418931389677e-06
3 21 -6.0525714340198603e-04 6.3096729334583675e-06
3 22 -4.8969686894100918e-04 9.4914227152831155e-06
3 23 -4.2007441597353246e-04 4.3789608607032260e-06
3 24 -3.6817321285395567e-04 -1.2053425161155550e-06
3 25 -3.3368621728280278e-04 -7.4413574278505332e-06
3 26 -2.8408840325230405e-04 3.1382767748009186e-07
3 27 -2.5049612511908313e-04 -4.7068783522493026e-07
3 28 -2.0649075611963808e-04 -2.7567864797140561e-07
3 29 -1.7724690912252679e-04 -2.2048991807439167e-06
3 30 -1.6409568806275299e-04 9.4965539289621513e-07
3 31 -1.5613075932064926e-04 -1.7035227391022454e-06
3 32 -1.5042322001671416e-04 -3.7077448770187535e-06
3 33 -1.3833015093484447e-04 -2.2212946348585243e-06
3 34 -1.3307741533180289e-04 9.3541496077229449e-07
3 35 -1.2509374418292427e-04 -1.4011775516161775e-06
3 36 -1.2203238975739913e-04 1.4199313205961522e-06
3 37 -1.2458698547297380e-04 -3.3510924648507508e-07
3 38 -1.2238364745463068e-04 1.0037058407885691e-06
3 39 -1.2326484767638695e-04 -9.9243414666666893e-07
3 40 -1.3213831932603706e-04 -6.8512820145570270e-07
3 41 -1.3998866755528610e-04 -8.9929730377996019e-07
3 42 -1.5323452423174995e-04 1.7960480530896942e-06
3 43 -1.5503829568372298e-04 -8.8140468977851551e-07
3 44 -1.5717808138824402e-04 1.1557585613049113e-06
3 45 -1.7193412471415320e-04 1.6688792814660491e-06
3 46 -1.8280136166983770e-04 3.6196989679625733e-06
3 47 -2.0644295365572450e-04 -1.6544163853949215e-06
3 48 -2.3051958816569932e-04 -9.5615296922764796e-07
3 49 -2.5277751837774566e-04 8.8928828818651885e-07
3 50 -2.7853166723072314e-04 -3.0435451850929399e-06
3 51 -3.2023333682767427e-04 -3.6478547085526626e-06
3 52 -3.5622190741500543e-04 4.3523797794879880e-06
3 53 -4.0776546711898421e-04 4.9987990839596973e-06
3 54 -4.6586558882902085e-04 -5.8187507747983637e-06
3 55 -5.3381794773620951e-04 1.0663536665076901e-05
3 56 -6.1385934964845702e-04 -2.9336300246157864e-06
3 57 -7.0878508192116004e-04 -9.7650195085614894e-06
3 58 -8.3848356900372879e-04 -3.1114238434687181e-06
3 59 -9.6638697126429074e-04 1.2792163932161276e-05
3 60 -1.1885453558785654e-03 1.8968480614234255e-05
3 61 -1.4097621752651747e-03 1.2789015103209581e-06
3 62 -1.6195740884379420e-03 3.1048836217483128e-05
3 63 -2.0047058764990459e-03 2.1637538612492887e-05
3 64 -2.5222812628062814e-03 1.0070184615097076e-05
3 65 -3.3182292541362552e-03 -1.2283281528937208e-05
3 66 -4.5783557158137443e-03 7.7537294425922675e-05
3 67 -6.0048077390398606e-03 2.1895442080071016e-05
3 68 -7.9489894479934722e-03 -1.5426638951159243e-04
3 69 -9.9396285390426949e-03 -3.7067641294948883e-05
3 70 -1.3360539894119738e-02 -1.3188735128303447e-04
3 71 -2.1645310446438880e-02 3.0554465412145913e-04
4 0 -1.5724273122765656e-02 8.1269044002084899e-04
4 1 -1.0677063035218221e-02 4.6966224846429068e-04
4 2 -6.7193602154337704e-03 6.3559401483640203e-04
4 3 -4.9931007514847784e-03 2.1893916618231869e-04
4 4 -4.2919745584128382e-03 6.3108331368746508e-05
4 5 -4.0660669185916300e-03 -3.5085770481545221e-07
4 6 -3.5865205154166436e-03 -9.0596586078991692e-05
4 7 -3.4946948363947217e-03 -1.4535485994508611e-04
4 8 -3.3196114964301926e-03 -7.2963988403481429e-05
4 9 -3.0733091019919442e-03 -7.5052114173963875e-05
4 10 -2.6887078473624062e-03 4.9420308007272822e-05
4 11 -2.3954413050033254e-03 5.5506732233304427e-05
4 12 -1.9016419900689109e-03 6.6419861627522696e-05
4 13 -1.7759970311891414e-03 1.8527220002667184e-05
4 14 -1.4530187300066117e-03 -2.0768061530763735e-05
4 15 -1.2005921286123854e-03 -3.2339686419825402e-05
4 16 -1.0350028017859260e-03 -3.6529155467190840e-05
4 17 -7.8736106774562821e-04 -6.6756612397762667e-06
4 18 -6.1931936431464172e-04 -6.1036168130534598e-06
4 19 -4.8279847560707954e-04 -1.3282754127760319e-05
4 20 -3.9164069782586140e-04 -3.0226444811800284e-06
4 21 -3.3575971646946018e-04 4.6990669216684142e-06
4 22 -2.6237261923239347e-04 7.2055790208685440e-06
4 23 -2.2949302563911241e-04 2.7849432566880428e-06
4 24 -1.9940355281775288e-04 -1.1118551897656463e-06
4 25 -1.8706527926576002e-04 -8.6649885762806780e-06
4 26 -1.5673022117098382e-04 9.2241937764517847e-07
4 27 -1.4065322497211366e-04 -1.1898445767329865e-06
4 28 -1.1464922569422365e-04 -1.3269978240791531e-07
4 29 -9.6617152779639593e-05 -2.0787428354669499e-06
4 30 -8.9054464190979754e-05 2.3138930947569062e-07
4 31 -8.6216943862186803e-05 -2.0615452458059406e-06
4 32 -8.3894444722703928e-05 -2.8231388905168844e-06
4 33 -7.6214649257865961e-05 -1.9972704557666919e-06
4 34 -7.4816988342676794e-05 1.2309065047233185e-06
4 35 -6.9637074826175445e-05 -1.7381994618153787e-06
4 36 -6.6447598742442815e-05 1.0832374514167037e-06
4 37 -6.9079400638027359e-05 -3.5395064741177832e-07
4 38 -6.6135470841594937e-05 1.0467396364490995e-06
4 39 -6.7959061470872559e-05 -8.9357986850897906e-07
4 40 -7.4198273381310316e-05 -2.1433173368455088e-07
4 41 -7.8547963721908786e-05 -5.6843877562901765e-07
4 42 -8.8266435102289144e-05 1.4600894699945755e-06
4 43 -8.9257558436795710e-05 -1.1406053093097451e-06
4 44 -8.7601552219785352e-05 4.4322833619215268e-07
4 45 -9.5521758366234403e-05 1.2043076875902294e-06
4 46 -1.0015406964999931e-04 3.9416050413307508e-06
4 47 -1.1434051941918592e-04 -6.1411467387734227e-07
4 48 -1.2864051497160633e-04 2.8819702767843004e-08
4 49 -1.3916578496502762e-04 5.6439594814489374e-07
4 50 -1.5414549944469674e-04 -2.3495663909449743e-06
4 51 -1.7765394943750567e-04 -2.7891644299820631e-06
4 52 -1.9563541384874915e-04 5.5690608783685207e-06
4 53 -2.2434105634145629e-04 5.0324012487994599e-06
4 54 -2.5551812175171384e-04 -5.4443789290181231e-06
4 55 -2.9708995970351848e-04 8.8543813130537660e-06
4 56 -3.3685354838569202e-04 -4.1647352875846110e-07
4 57 -3.9489533795480686e-04 -4.6078574634715601e-06
4 58 -4.6232637959476907e-04 -2.5893777595742109e-06
4 59 -5.2356836493171177e-04 1.1750146651851293e-05
4 60 -6.5862794062194324e-04 1.6905645509723936e-05
4 61 -7.9010764083330630e-04 -5.4838378405418063e-06
4 62 -8.8893599321316198e-04 3.0581403226807003e-05
4 63 -1.1149633855970494e-03 1.8686688493230035e-05
4 64 -1.3787949601302026e-03 -3.5278165605555378e-06
4 65 -1.8227492206789244e-03 -3.1414153897030788e-05
4 66 -2.5031823384332563e-03 2.7571297594270655e-05
4 67 -3.2127249437227255e-03 -3.2528223236143036e-05
4 68 -4.2850241725622407e-03 -1.4364101739142534e-04
4 69 -5.3082744554230630e-03 -9.2165505769552645e-06
4 70 -6.7566205090982588e-03 -1.1151340682426163e-04
4 71 -9.8102652783108486e-03 3.1851302314534619e-04
5 0 -6.1166219629897297e-03 4.6625739500473788e-04
5 1 -4.8671431373113862e-03 3.1228658654628826e-04
5 2 -3.3007618287300856e-03 4.9069930953652688e-04
5 3 -2.5996727649372411e-03 1.6449934774220067e-04
5 4 -2.2710846659029999e-03 3.3158576339862761e-06
5 5 -2.3025304297080661e-03 1.2358237793582616e-05
5 6 -1.8892708827923049e-03 -6.0911368474925790e-05
5 7 -1.8758088358072241e-03 -8.6291119460380462e-05
5 8 -1.7655754100299060e-03 9.4004122707326535e-06
5 9 -1.6739007648836910e-03 3.7778533995548637e-06
5 10 -1.5093756173723486e-03 8.1643987647789118e-05
5 11 -1.3723517709901805e-03 2.2351227885795422e-05
5 12 -1.0113820399924301e-03 5.4205818999206249e-05
5 13 -9.7672642079796204e-04 1.1448603806965437e-05
5 14 -7.7477228832214206e-04 -3.3652260393094588e-05
5 15 -6.3091520521622955e-04 -3.5706229119579415e-05
5 16 -5.5227893816638975e-04 -2.9874546813099055e-05
5 17 -4.1064716516182463e-04 -1.5329305266721869e-05
5 18 -3.3719166551019760e-04 -8.7492171690397944e-06
5 19 -2.5966084246291274e-04 -1.2700301292780035e-05
5 20 -2.0705759444114284e-04 -1.8130150630310666e-06
5 21 -1.8045971724114755e-04 4.5543089902302231e-06
5 22 -1.3628511439818178e-04 3.3719502887152708e-06
5 23 -1.2420182038496623e-04 7.1544431586537787e-07
5 24 -1.0429243267960788e-04 -1.6491055786447030e-06
5 25 -1.0401701569113528e-04 -7.0039104682558034e-06
5 26 -8.3822850949338647e-05 8.1438984395549243e-07
5 27 -7.7582409947965552e-05 -2.5828422583927529e-06
5 28 -6.2875976057443389e-05 2.5771180299535468e-07
5 29 -5.1151443583550749e-05 -2.5804743685084602e-06
5 30 -4.7373862243930527e-05 -9.9208662012783162e-07
5 31 -4.6483093262114728e-05 -2.5346803375482308e-06
5 32 -4.5241678344906948e-05 -1.8774477894727296e-06
5 33 -4.1210536614682194e-05 -1.9485264851548146e-06
5 34 -4.2060095448489187e-05 1.5527465619399976e-06
5 35 -3.8002756887468905e-05 -2.2151942871275044e-06
5 36 -3.5144668442525053e-05 1.3652397328249252e-06
5 37 -3.7487616270646922e-05 -2.9440547806648415e-07
5 38 -3.5126631851500045e-05 9.8331380874857879e-07
5 39 -3.6502243560716907e-05 -1.1897507785871260e-07
5 40 -4.0825652732609950e-05 6.5288649298231994e-07
5 41 -4.2840573988515073e-05 -8.2462108435633500e-08
5 42 -5.0517335316006303e-05 4.2907866543559654e-07
5 43 -5.1111760174579492e-05 -1.0676352792319082e-06
5 44 -4.8193726702741979e-05 -7.5143942587506806e-08
5 45 -5.1271177077127705e-05 3.9385916606718933e-08
5 46 -5.2999174672446204e-05 2.9594524458517356e-06
5 47 -6.1994377656969163e-05 4.7590213859702254e-07
5 48 -6.9508699948178383e-05 -8.0716131931115041e-08
5 49 -7.4114225374149494e-05 1.0633039259977915e-06
5 50 -8.3422853229630587e-05 -1.8971053496299838e-06
5 51 -9.5509619464566187e-05 -3.2821765892512641e-06
5 52 -1.0579076178391527e-04 6.4004055792221121e-06
5 53 -1.1895527084181828e-04 4.2768479030299783e-06
5 54 -1.3529952681173019e-04 -4.1802519817996497e-06
5 55 -1.6345093172423763e-04 6.1366549148667008e-06
5 56 -1.8078395405109237e-04 1.2169516235289064e-07
5 57 -2.1789761610866267e-04 -1.5239615659283436e-06
5 58 -2.4725170001562525e-04 2.1679880207457062e-06
5 59 -2.7716856891146649e-04 1.2805829789912225e-05
5 60 -3.4851194285188860e-04 1.0614416658195591e-05
5 61 -4.4299915655769749e-04 -1.2591917616215258e-05
5 62 -4.7810138147941211e-04 2.0830602525887157e-05
5 63 -6.0616416956668303e-04 1.5169887405802756e-05
5 64 -7.2622031940505717e-04 -1.2520860128143567e-05
5 65 -9.6902018168155285e-04 -2.8678929799086698e-05
5 66 -1.3252617226634992e-03 -1.5088444022780990e-05
5 67 -1.6716568171146280e-03 -7.8332117501258067e-05
5 68 -2.2114911507796660e-03 -8.1350695586691394e-05
5 69 -2.7558768813887836e-03 -2.3455687950342700e-05
5 70 -3.2999053881181848e-03 -1.4475144676974382e-04
5 71 -4.4321402669471148e-03 1.2129993522942355e-04
6 0 -2.3570320280700018e-03 2.7683432116016481e-04
6 1 -2.1300934885958296e-03 2.1593163187180942e-04
6 2 -1.5824104683803679e-03 3.3129379416849179e-04
6 3 -1.3637515756789644e-03 1.3611507108223143e-04
6 4 -1.1654414707109122e-03 -4.7915493040536645e-05
6 5 -1.3054283623169147e-03 -9.4155924950714198e-06
6 6 -9.6278599328466813e-04 -6.7731969509671417e-05
6 7 -9.7113887154040546e-04 -2.4475944130806645e-05
6 8 -9.4250252222292876e-04 6.2069121166888688e-05
6 9 -8.9123976445739110e-04 6.2942512360157022e-05
6 10 -8.6621319753973436e-04 9.0923399182066332e-05
6 11 -7.7602539453322560e-04 4.6795260871271601e-06
6 12 -5.1568951489367896e-04 5.9229299928321299e-05
6 13 -5.2670202244226667e-04 1.9365473898984486e-05
6 14 -3.9159641795097360e-04 -3.8309114494928677e-05
6 15 -3.3166456161350653e-04 -3.5401590062774448e-05
6 16 -2.8664569696968431e-04 -2.1767232838211456e-05
6 17 -2.0763422551944689e-04 -2.0055425653002462e-05
6 18 -1.8700370912378802e-04 -6.7528317533355244e-06
6 19 -1.3630119340891990e-04 -1.1698721016888901e-05
6 20 -1.0767386009280451e-04 -5.4884248645699086e-06
6 21 -9.3970351797145285e-05 4.1799812183529849e-06
6 22 -6.8530375022658499e-05 1.5676662009091825e-06
6 23 -6.5791270168350007e-05 -7.4907049941737102e-07
6 24 -5.2416217829996365e-05 -8.4693552382835725e-07
6 25 -5.7033529039451943e-05 -4.3402275731296066e-06
6 26 -4.3722726915109817e-05 6.8750847243914371e-07
6 27 -4.2541097872114199e-05 -3.3781183440111566e-06
6 28 -3.3796121333294736e-05 8.4342302300922813e-07
6 29 -2.6184905249696799e-05 -2.8305049793151032e-06
6 30 -2.4886600585608330e-05 -2.3572694843003195e-06
6 31 -2.4302419362120275e-05 -2.8340277823190579e-06
6 32 -2.3684054042319636e-05 -3.9391088050778754e-07
6 33 -2.2012475135412191e-05 -1.4885392366997397e-06
6 34 -2.3481705639693654e-05 1.4988391672560403e-06
6 35 -2.0152531227931218e-05 -2.0099582566769771e-06
6 36 -1.8349096368254261e-05 1.6474010364656706e-06
6 37 -1.9790858519914389e-05 -7.9477268268814344e-07
6 38 -1.8524909401528319e-05 8.8426307651368625e-07
6 39 -1.9099180705876418e-05 6.6093585416881773e-07
6 40 -2.2192895466444773e-05 1.2937618798161517e-06
6 41 -2.2886993183918046e-05 5.4171667944031471e-07
6 42 -2.8552268904205784e-05 2.5883018442584473e-07
6 43 -2.9399627758568544e-05 -1.0852619175929009e-06
6 44 -2.6610030835238908e-05 -2.7004137954178243e-08
6 45 -2.7176988106421851e-05 -1.0697473512867414e-06
6 46 -2.8160300896636097e-05 1.5983859283937153e-06
6 47 -3.3543625779467538e-05 1.3411319621309848e-06
6 48 -3.5934279230152596e-05 1.1728815539072172e-07
6 49 -3.8478994914992365e-05 1.4033262827150157e-06
6 50 -4.3229529992689820e-05 -2.8375770276798646e-06
6 51 -4.8949780883925605e-05 -3.2561432823632595e-06
6 52 -5.7644453759101608e-05 7.4015477857824130e-06
6 53 -6.0847797761109670e-05 2.8619690074471324e-06
6 54 -6.9774394457689223e-05 -2.3826190816164146e-06
6 55 -8.9847235809263685e-05 3.5594480568042133e-06
6 56 -9.4711126969552814e-05 -9.3302171614100823e-07
6 57 -1.1986880779149667e-04 1.5979174735616419e-06
6 58 -1.2995033132095170e-04 5.5225313376071233e-06
6 59 -1.4671321630411086e-04 1.3951261510378786e-05
6 60 -1.7737490648466785e-04 5.2954795733284792e-06
6 61 -2.5062144167043067e-04 -1.3557693228981596e-05
6 62 -2.5654896985242108e-04 8.3759165003541503e-06
6 63 -3.2589310786833341e-04 9.3233471688747438e-06
6 64 -3.7442642902976893e-04 -1.1273707242301965e-05
6 65 -5.1192657710922088e-04 -1.6711506054981173e-05
6 66 -6.6628854309471895e-04 -4.0194825244308383e-05
6 67 -8.7111967625209355e-04 -7.5178543098597240e-05
6 68 -1.0904050540945333e-03 -1.2554747570412911e-06
6 69 -1.4379614300534316e-03 -2.7925513075411473e-05
6 70 -1.5930317449024079e-03 -1.6791537106630353e-04
6 71 -2.0755270206227715e-03 -5.6592895010593764e-05
7 0 -1.1018885669861582e-03 1.5721212522651270e-04
7 1 -8.0213283779909843e-04 2.0810873256378668e-04
7 2 -7.2921123173235673e-04 1.9216803036565204e-04
7 3 -7.0747776581689642e-04 1.2324519157251183e-04
7 4 -5.9112149772021433e-04 -8.0171825043120196e-05
7 5 -7.5298152857586505e-04 -3.6376716502520969e-05
7 6 -4.9200205601089683e-04 -1.0064150934306175e-04
7 7 -5.0252883381296423e-04 3.9522101912732030e-05
7 8 -5.4810054697281452e-04 8.6395505452599265e-05
7 9 -4.5481030888674679e-04 8.9154106308451944e-05
7 10 -5.0704839958498572e-04 8.2485065951251873e-05
7 11 -4.2649934230055883e-04 -4.8497047110183503e-06
7 12 -2.4889420335904346e-04 6.9040324108915097e-05
7 13 -2.9138781613713145e-04 2.8915392739664070e-05
7 14 -1.7592431185305715e-04 -4.0838300361649565e-05
7 15 -1.8005129861020078e-04 -3.0416731291250352e-05
7 16 -1.4605056591842399e-04 -2.3630509699865819e-05
7 17 -1.0338532906936071e-04 -1.9516767148204253e-05
7 18 -1.0710204444573068e-04 -7.1890429894867586e-06
7 19 -6.7014911820971584e-05 -6.0747286201501524e-06
7 20 -5.7548881782201183e-05 -9.1894599841472986e-06
7 21 -5.0039062599554527e-05 2.4097784245953802e-06
7 22 -3.2419862870108117e-05 9.0150166416277185e-07
7 23 -3.4678902645903263e-05 1.6716990106088025e-07
7 24 -2.4522543474404070e-05 1.1959299493395570e-06
7 25 -3.0745785483156448e-05 -2.7777558971645301e-06
7 26 -2.2117478109473756e-05 1.0446755717128622e-06
7 27 -2.4069065458542869e-05 -3.1123920895832881e-06
7 28 -1.8219103461858048e-05 1.4271940053631787e-06
7 29 -1.2800744947696109e-05 -2.9032191616160106e-06
7 30 -1.2938983907976391e-05 -3.0575354589469740e-06
7 31 -1.1814019235655289e-05 -2.7701886253919373e-06
7 32 -1.2360292688571893e-05 2.5731272375361569e-07
7 33 -1.1524162336373034e-05 -6.7285224237161233e-07
7 34 -1.3043047099056546e-05 1.1521088470214540e-06
7 35 -1.0484581820063460e-05 -1.7121611877230566e-06
7 36 -9.2565480973247038e-06 1.7716015663865611e-06
7 37 -1.0204532436342366e-05 -9.7215891547639115e-07
7 38 -9.8200250094998024e-06 7.0356205492597273e-07
7 39 -9.6273405821576025e-06 9.7991325302624684e-07
7 40 -1.2121290198085031e-05 1.5743303895095754e-06
7 41 -1.2080173222991003e-05 4.9330396280765722e-07
7 42 -1.6418591999774903e-05 5.1275312722051497e-07
7 43 -1.7228787951096103e-05 -8.2604079089823912e-07
7 44 -1.4708311209708506e-05 3.8775688109116736e-07
7 45 -1.4235712570990930e-05 -1.6828984260898512e-06
7 46 -1.5030881262059016e-05 1.0209392694694431e-06
7 47 -1.8982573691715172e-05 1.4562440145918737e-06
7 48 -1.8129290103399496e-05 4.5736049954462193e-07
7 49 -1.9851030773412600e-05 1.2303488077818894e-06
7 50 -2.0877818164021629e-05 -4.5419311285189160e-06
7 51 -2.3923293419495316e-05 -2.5306704444643389e-06
7 52 -3.2078735329224153e-05 7.9505079483895775e-06
7 53 -3.1039006450414122e-05 2.1709758174653399e-06
7 54 -3.3311899086333920e-05 -1.5129082919215456e-06
7 55 -5.0417669233727953e-05 1.4764336982917423e-06
7 56 -4.8551421214058583e-05 -2.7009905287255866e-06
7 57 -6.5200231754373382e-05 3.3735043217391598e-06
7 58 -6.7597240224731976e-05 6.3142203980129106e-06
7 59 -7.9697240851412618e-05 1.4281474789335588e-05
7 60 -8.6423507826063125e-05 -2.4036764668647922e-06
7 61 -1.4327721068030483e-04 -6.0555736975416088e-06
7 62 -1.4168517067442407e-04 -7.5099571272312164e-06
7 63 -1.7467550819626670e-04 4.5877712283958242e-06
7 64 -1.8204793013117704e-04 -1.0050399338285683e-06
7 65 -2.8164089633262286e-04 -1.1066643683521263e-05
7 66 -3.0696711980645220e-04 -3.6859290470419589e-05
7 67 -4.6523595869872863e-04 -6.0696601761124169e-05
7 68 -5.2690489407551135e-04 5.9850582024209174e-05
7 69 -7.5436526691882906e-04 -1.2787475605653254e-05
7 70 -7.8919734580572547e-04 -1.5096680832941934e-04
7 71 -1.0271105579589162e-03 -8.3813743969508292e-05
8 0 -4.5252180404283253e-04 9.1239445972058380e-05
8 1 -1.9400683827193376e-04 1.3695817996013627e-04
8 2 -3.0462127948242709e-04 9.9881965520096262e-05
8 3 -3.6324376898633822e-04 9.4915149456851526e-05
8 4 -2.8170979335457729e-04 -1.0556790356878219e-04
8 5 -4.3267688288871629e-04 -3.6398042756866786e-05
8 6 -2.4754885846138991e-04 -1.5688197316497611e-04
8 7 -2.1596348283009725e-04 9.2698553745314236e-05
8 8 -3.7256752266657427e-04 7.8883294294108949e-05
8 9 -2.1231338237953407e-04 1.1018334034984133e-04
8 10 -2.9793212245404971e-04 7.1196869235402976e-05
8 11 -2.3316733757777953e-04 -5.1118789240201597e-06
8 12 -1.1720802524125491e-04 7.8119088846405427e-05
8 13 -1.6776057321092673e-04 3.2469651763618340e-05
8 14 -5.5576082280314057e-05 -4.4875157927055832e-05
8 15 -1.0721404384064056e-04 -2.3859703984584555e-05
8 16 -7.2572305111163571e-05 -3.1562531348709031e-05
8 17 -5.0637290668769039e-05 -1.2562079910951648e-05
8 18 -6.3440987131728493e-05 -7.1492145524569230e-06
8 19 -2.6901157341594284e-05 1.4752593654323332e-08
8 20 -3.1955858336434509e-05 -9.4678694821731815e-06
8 21 -2.6924381950463650e-05 -9.6149812061875205e-08
8 22 -1.4770394698245825e-05 1.1672998075146636e-06
8 23 -1.9319798045352335e-05 2.7085576267312537e-06
8 24 -1.1028458441601757e-05 3.3329933244627532e-06
8 25 -1.6338790448605938e-05 -2.2414087538609431e-06
8 26 -1.0479672375781833e-05 1.3067845241244460e-06
8 27 -1.4538629925448152e-05 -2.5654754673687828e-06
8 28 -1.0680674510710501e-05 1.4683237228509366e-06
8 29 -6.0333922767240455e-06 -2.9672430300417208e-06
8 30 -7.0656760505264972e-06 -2.7019364346337993e-06
8 31 -4.7469418731077968e-06 -2.3276654195981965e-06
8 32 -6.7920044007606926e-06 1.4581131636755980e-07
8 33 -6.1418324881144040e-06 -1.1367603019180648e-07
8 34 -7.0342321783724234e-06 7.9287874825367880e-07
8 35 -5.3969840028749947e-06 -1.5564677265728614e-06
8 36 -4.6388575044189711e-06 1.6439721546862414e-06
8 37 -5.5143265451607261e-06 -3.4005033467182177e-07
8 38 -5.8082036132075222e-06 4.8889918129782979e-07
8 39 -4.7945731650707838e-06 1.0210597960961748e-06
8 40 -7.0028993291900563e-06 1.6387453041321487e-06
8 41 -6.3988109800586639e-06 -1.5241274729908848e-07
8 42 -9.2805322954763199e-06 5.5208085176016418e-07
8 43 -1.0072792465990169e-05 -9.6629669117123219e-08
8 44 -8.1574863804631097e-06 8.4129248043212808e-07
8 45 -7.5989250294631401e-06 -1.3359069477367068e-06
8 46 -8.0061060874623716e-06 1.0832073069535911e-06
8 47 -1.1479969058897206e-05 1.6039465758929623e-06
8 48 -8.6692369792107752e-06 1.1988411212055027e-06
8 49 -1.0250233570471819e-05 2.1261497348268355e-06
8 50 -9.4079538083898915e-06 -4.5284158518887787e-06
8 51 -1.1061729892629060e-05 -1.9169948889485224e-06
8 52 -1.8561654552787484e-05 7.4500556911994224e-06
8 53 -1.5343580575983836e-05 1.3079953925491757e-06
8 54 -1.3896209896552532e-05 -1.1258497534106247e-06
8 55 -2.8016172645733305e-05 -2.0564113268846495e-07
8 56 -2.5486419244517835e-05 -2.7914725135557908e-06
8 57 -3.3695439454042561e-05 3.3584906284449464e-06
8 58 -3.5894271896110755e-05 4.9305233801173464e-06
8 59 -4.3129962331864322e-05 1.2519099840297904e-05
8 60 -3.9548095423101476e-05 -7.6316937344300027e-06
8 61 -8.2992515616987116e-05 4.8554898029763169e-06
8 62 -7.9285286557171557e-05 -2.0200246158930109e-05
8 63 -9.2946316079748625e-05 5.3187470775379125e-06
8 64 -9.0284093240493565e-05 1.0295107929847728e-05
8 65 -1.6195185380398123e-04 -1.3522198035312199e-05
8 66 -1.2605506791410587e-04 -3.0092120411825688e-05
8 67 -2.3886101620699456e-04 -6.4290509539962791e-05
8 68 -2.4862400419940674e-04 1.0291218995727298e-04
8 69 -3.9139792805585659e-04 -1.7030335790932604e-05
8 70 -3.8982956766952847e-04 -1.6480756310386429e-04
8 71 -4.9349997860580479e-04 -4.3879540220785848e-05
9 0 -1.8984438383678952e-04 1.1378702395151815e-04
9 1 2.1880359271264774e-05 6.7320402419992050e-05
9 2 -1.1129323753724337e-04 4.3148844637789744e-05
9 3 -1.8070471379679761e-04 4.7936669801634549e-05
9 4 -1.0826330739963081e-04 -1.2345490604912294e-04
9 5 -2.4324140314027363e-04 -2.6135125799860583e-05
9 6 -9.4828920142647305e-05 -2.1110915796302481e-04
9 7 -2.6420193251260722e-05 9.4422702052331862e-05
9 8 -2.7034255029074463e-04 5.5026187043142664e-05
9 9 -7.4103226292965383e-05 1.1507278723936155e-04
9 10 -1.7183663682600629e-04 5.6189931686199301e-05
9 11 -1.2447442073945563e-04 -4.6389200639785350e-06
9 12 -5.0780652298233492e-05 7.9159192856602099e-05
9 13 -1.0592990001172497e-04 1.9856314908157772e-05
9 14 8.2243323201548399e-06 -4.4090431957268111e-05
9 15 -6.7054975888408195e-05 -5.2241535802979096e-06
9 16 -3.4812264504669264e-05 -3.4239401938946538e-05
9 17 -2.5461890577786679e-05 -9.7008253860287529e-07
9 18 -3.6746276382009201e-05 -3.6094710178723547e-06
9 19 -2.8384080325227567e-06 4.1925358501611170e-06
9 20 -1.7238559425498709e-05 -8.5881931918390350e-06
9 21 -1.5466668638421046e-05 -1.3709754392543484e-06
9 22 -6.8610883271728557e-06 2.3040793869309973e-06
9 23 -1.2369587045740674e-05 4.9820755111094645e-06
9 24 -5.2050766290340831e-06 4.5959386851427792e-06
9 25 -8.6699665162753569e-06 -3.0010009684961790e-06
9 26 -4.3461533843180214e-06 9.4452192487005534e-07
9 27 -9.8180151833761728e-06 -1.8353639593110111e-06
9 28 -6.8218771690752889e-06 9.8971005896635288e-07
9 29 -2.6089865346220250e-06 -2.7438061118772688e-06
9 30 -4.5256397677976529e-06 -2.1947648767431560e-06
9 31 -1.0704604949410841e-06 -2.0926367037986110e-06
9 32 -4.5761211559003569e-06 -1.7125037221347959e-07
9 33 -3.5616851006541384e-06 1.9344675140726093e-07
9 34 -3.5967411399575416e-06 7.7153053275861186e-07
9 35 -2.6071403125339400e-06 -1.3000128009831906e-06
9 36 -2.7907831927070345e-06 1.3472894076105149e-06
9 37 -3.3156427138689663e-06 2.5143820753658853e-07
9 38 -3.7173934753287338e-06 3.6788942722709719e-07
9 39 -2.8161374130689308e-06 7.8425220945453230e-07
9 40 -3.8600689292653559e-06 1.8498265211621077e-06
9 41 -3.2779849345684256e-06 -6.1807781117576351e-07
9 42 -4.9648751678762885e-06 1.6149767193898793e-07
9 43 -5.3359845217616286e-06 1.1781358057453832e-06
9 44 -4.5067383419250909e-06 1.0598253105148011e-06
9 45 -4.1629720384653076e-06 -7.0832351749322785e-08
9 46 -4.3889134515953890e-06 1.2073650632506026e-06
9 47 -6.7422545615634569e-06 1.8691302262773812e-06
9 48 -3.5277549681985954e-06 1.3742331132369376e-06
9 49 -5.0846620746384613e-06 2.7814528018775991e-06
9 50 -3.4035498633649507e-06 -3.4842804733373059e-06
9 51 -4.2209100439860681e-06 -1.8888518025648881e-06
9 52 -1.1453948001628243e-05 5.2348850752736186e-06
9 53 -4.9857840196269098e-06 2.0267120572947672e-07
9 54 -4.7989113690770562e-06 -1.9026043577807073e-06
9 55 -1.5802195038678474e-05 -3.0317168297939719e-06
9 56 -1.3231846267565219e-05 -1.5561041890348337e-06
9 57 -1.4918497377056235e-05 3.1080474619263343e-08
9 58 -1.8962294438462245e-05 4.4422907015235535e-06
9 59 -1.9311942057265897e-05 1.0416431168053758e-05
9 60 -1.6100242926743779e-05 -1.0185352222406557e-05
9 61 -4.8916749276903750e-05 1.0406622185606516e-05
9 62 -3.9360181171510773e-05 -2.5536012935046965e-05
9 63 -4.0025664979446369e-05 9.9876117463039052e-06
9 64 -5.5268489148683113e-05 2.2400455852726459e-05
9 65 -1.0250090191336827e-04 -1.4991063992906978e-05
9 66 -2.3346442826552635e-05 -2.3068963650641922e-05
9 67 -1.0343704942311219e-04 -6.7038709832903723e-05
9 68 -1.2153811024688233e-04 1.1924106346778091e-04
9 69 -1.9872106569643181e-04 -6.8493395814010677e-06
9 70 -2.1505026635870522e-04 -1.9384956063471707e-04
9 71 -2.2506584976237859e-04 -3.2175876788542025e-06
10 0 -1.4277047037646035e-04 8.5896508803868997e-05
10 1 4.9214486352799681e-05 5.2414169738018403e-05
10 2 -6.2062391214247551e-05 -4.6803914090653128e-06
10 3 -7.6551892556266384e-05 8.8507697634657238e-06
10 4 -1.1454611686024632e-05 -1.1716326488017966e-04
10 5 -1.2915164163543772e-04 7.3675666787792847e-06
10 6 2.8196811158020706e-05 -2.3867055104659216e-04
10 7 5.6886268634209303e-05 6.8807012021567966e-05
10 8 -2.0319458961167924e-04 2.2249068789130675e-05
10 9 -1.0411402103171432e-05 7.5947541765153243e-05
10 10 -9.7294387819201456e-05 3.9326562019154417e-05
10 11 -4.7363477915481143e-05 -1.7599832259784752e-06
10 12 -1.6051098613243591e-05 6.2715430724683823e-05
10 13 -6.9280620934275948e-05 -1.0120394024006002e-05
10 14 2.9470770299479053e-05 -4.7882898206714111e-05
10 15 -4.0018190733232182e-05 1.0530596791381800e-05
10 16 -1.1224083666634742e-05 -3.0384687617506434e-05
10 17 -1.7992731153512270e-05 9.3586808302198491e-06
10 18 -1.8348196629697656e-05 4.7438713746478529e-07
10 19 8.5350144225960575e-06 6.7095317240056270e-06
10 20 -7.6902621309982050e-06 -7.1748201814631506e-06
10 21 -1.1304268631675849e-05 -1.8044071250796094e-06
10 22 -2.4129497221757953e-06 3.2984463413611646e-06
10 23 -7.4823857221340576e-06 5.9268562835265325e-06
10 24 -2.3661131467087545e-06 5.0589272692060083e-06
10 25 -4.7243297120573873e-06 -3.9705800405262821e-06
10 26 -1.4270008511241876e-06 2.1445909722875693e-07
10 27 -6.5484054056494454e-06 -1.2791528168538021e-06
10 28 -4.3233247424448930e-06 5.4162930416540799e-07
10 29 -8.2452641892504226e-07 -2.1695731602080766e-06
10 30 -3.3426576531671550e-06 -1.8844739306023321e-06
10 31 2.9402111209020995e-07 -1.3813091766908173e-06
10 32 -3.1796953644066329e-06 -3.2373358431648950e-07
10 33 -2.4643557723964510e-06 6.6793927560411443e-07
10 34 -1.8118268717252420e-06 7.8431279952608126e-07
10 35 -8.9703072755818944e-07 -1.0317047330017882e-06
10 36 -2.2257309298850397e-06 1.2269775797476924e-06
10 37 -2.3356191449309795e-06 4.9600484481434117e-07
10 38 -2.7083069117251341e-06 6.1334093570157649e-07
10 39 -1.9200021453560163e-06 6.5187710682326459e-07
10 40 -1.7262185280814083e-06 1.6875595935597433e-06
10 41 -1.5756418975590009e-06 -3.2576750984390973e-07
10 42 -2.1521913365362936e-06 -6.0331624846866913e-07
10 43 -2.5081963887282959e-06 1.6646063962908481e-06
10 44 -2.5806712054688312e-06 6.4792826754471357e-07
10 45 -2.5514008316510799e-06 1.3799191481315799e-06
10 46 -2.6312267002292873e-06 1.8322017041418571e-06
10 47 -4.2771473344581161e-06 1.7141034625996852e-06
10 48 -1.2697715203268018e-06 1.0609088416956735e-06
10 49 -2.5017397374150696e-06 2.5628957933677719e-06
10 50 -6.6086323718059483e-08 -1.1148143445634360e-06
10 51 -3.6469016301806851e-07 -1.7167326627564827e-06
10 52 -8.0830932792292711e-06 3.7271303743320870e-06
10 53 5.1103165957564012e-07 6.6919827385653249e-07
10 54 7.9232887826830664e-07 -1.8952725730744199e-06
10 55 -8.2758172219799046e-06 -5.1980926738925816e-06
10 56 -6.6188441039655325e-06 -1.1326275851316115e-06
10 57 -5.6785666186018253e-06 -4.0441595485355336e-06
10 58 -9.8040283876448075e-06 1.8639150214867594e-06
10 59 -4.8282595198748286e-06 8.3202665433136437e-06
10 60 -6.4412392566720626e-06 -8.2392966376011236e-06
10 61 -3.2251828346979632e-05 1.1523077017446507e-05
10 62 -1.7415049353952649e-05 -2.3030311982262989e-05
10 63 -5.7527969592330991e-06 1.4304673186457591e-05
10 64 -4.8762703937402650e-05 2.7501870644755831e-05
10 65 -6.2682414871868502e-05 -1.5577989840833404e-05
10 66 3.5381827367137813e-05 -1.1661104632561762e-05
10 67 -2.7508279588598121e-05 -4.6491161088601150e-05
10 68 -9.9572819601230080e-05 1.1477911709520550e-04
10 69 -7.9313420430862858e-05 -1.4376306709902919e-06
10 70 -1.3981638061592383e-04 -1.9479785364463797e-04
10 71 -5.8556646657550078e-05 -1.0845872223083952e-05
