0 0 -1.2126457078542139e+00 -1.5568433632061537e-19
0 1 -2.0933435005396672e-01 -1.7947798197384388e-19
0 2 -1.2135058439641569e-01 -2.7275663606100251e-20
0 3 -9.1998111293980292e-02 3.6622157564083660e-21
0 4 -7.1214517144107189e-02 -1.6758084239476245e-21
0 5 -5.6981671092542471e-02 6.1900335795091698e-22
0 6 -4.6365064067244569e-02 1.5276716899451059e-21
0 7 -3.9285676112866166e-02 -4.4729261937802489e-22
0 8 -3.4433851176204018e-02 1.8075474928362288e-22
0 9 -3.0291065646719375e-02 5.4750541603372682e-22
0 10 -2.5575362520307572e-02 -1.8185670659938131e-21
0 11 -2.1738109450329238e-02 -1.7479756957622892e-22
0 12 -1.8446098200028495e-02 6.1000783074251282e-22
0 13 -1.5370430664406310e-02 -7.6103158329117476e-22
0 14 -1.3414235272272059e-02 -1.0098322303151868e-21
0 15 -1.1635215756487882e-02 5.2247162869703542e-22
0 16 -9.4502634842313585e-03 1.8232452330136209e-22
0 17 -7.7098701726138908e-03 -1.4881869428733239e-23
0 18 -6.3417375512438076e-03 -6.9143933454387631e-23
0 19 -5.3287466488187146e-03 -6.2087957610268572e-23
0 20 -4.9122402031078708e-03 -2.8075536707684234e-22
0 21 -4.4978357672471742e-03 5.5808563846674266e-22
0 22 -3.9715537519798647e-03 9.0558900391617582e-23
0 23 -3.2627599046576275e-03 -9.3618891320146675e-23
0 24 -2.8807901364915076e-03 -3.0172374040452833e-22
0 25 -2.6439049948501184e-03 3.0913441419926693e-23
0 26 -2.2042134560564764e-03 -2.2438210233467094e-23
0 27 -1.8414894678556260e-03 1.1209656259460821e-23
0 28 -1.5176031127098284e-03 5.3177109139904440e-25
0 29 -1.2784282937849791e-03 2.7544638240766667e-23
0 30 -1.1563990566519898e-03 -2.7398836143830732e-23
0 31 -1.0491767898414648e-03 2.0083342862565538e-23
0 32 -9.1648477790171414e-04 -9.4525639741601390e-27
0 33 -7.7771106464027604e-04 -2.9992313200872399e-23
0 34 -6.9317223005772681e-04 -6.3819425016850278e-25
0 35 -6.3278299120833310e-04 -2.8449699138311580e-23
0 36 -5.7685293904299298e-04 -4.5082469166176881e-23
0 37 -5.4999100822708514e-04 -2.0418161009815540e-23
0 38 -5.3483495069978852e-04 -6.4699087633313622e-25
0 39 -5.1994559085049154e-04 -9.2326787018838248e-24
0 40 -5.3996536787815253e-04 -4.2813819194265755e-24
0 41 -6.2530450950613143e-04 -2.5079958148400881e-23
0 42 -7.6321983682415726e-04 -6.0908566885368647e-23
0 43 -8.6720503771540417e-04 4.0518290531995307e-23
0 44 -9.2924483286685835e-04 -1.5183242577160628e-23
0 45 -9.9137755754170084e-04 -1.7573322916501706e-23
0 46 -1.1317083760711609e-03 -6.2270560522806362e-23
0 47 -1.2336312686910414e-03 -1.5394988488993508e-23
0 48 -1.3292972359120363e-03 -2.9004833426408835e-23
0 49 -1.5118985854166596e-03 -6.4957131777401521e-23
0 50 -1.7918902084259789e-03 -6.2217785657493918e-23
0 51 -2.0880950630383006e-03 1.2776495934925228e-23
0 52 -2.5117042050092522e-03 8.3722583646745487e-24
0 53 -2.9726933928429758e-03 2.8296573723565267e-23
0 54 -3.6385681561610481e-03 2.1425148973555674e-23
0 55 -4.5513932466454072e-03 -1.0776721261634166e-22
0 56 -5.5002969191432390e-03 -2.0239229174147080e-22
0 57 -6.7093031206338378e-03 1.2412744864985751e-22
0 58 -8.6040411642178058e-03 3.5139319907522390e-22
0 59 -1.1537774091004042e-02 -3.6178079525404173e-23
0 60 -1.5516336301780929e-02 3.5965643659147783e-22
0 61 -1.9890562676666879e-02 6.0368790098821669e-22
0 62 -2.3863277200428044e-02 -8.8363040151338369e-22
0 63 -2.7651312320691523e-02 6.6328137440047713e-22
0 64 -3.1249677973199292e-02 -1.8590329774739585e-21
0 65 -3.3799541498905350e-02 -6.4330624004299266e-22
0 66 -3.7441240933333897e-02 -1.4489722622181089e-21
0 67 -4.2861340099390792e-02 2.2980627066175856e-21
0 68 -5.0630532804112026e-02 2.5934726983828986e-21
0 69 -6.3264544099797246e-02 1.1498627263917702e-21
0 70 -9.2150352969466651e-02 5.8898363613990307e-22
0 71 -1.9454094349992165e-01 1.6528628389220612e-20
1 0 -3.8124029981875873e-01 4.8994878650317427e-05
1 1 -1.3584486493983222e-01 2.1690145943700450e-04
1 2 -9.0373118724541901e-02 7.1681261663374813e-04
1 3 -7.0319518528251648e-02 2.2586434569742996e-04
1 4 -5.4578064327971264e-02 -3.1405886015063608e-04
1 5 -4.3657676269963669e-02 -4.6085281135791388e-05
1 6 -3.5360311202449278e-02 9.0552232570622696e-05
1 7 -3.0095838156487677e-02 3.2057641496076912e-06
1 8 -2.6327757235985936e-02 -5.7544205518177031e-05
1 9 -2.3222629575072717e-02 -1.4070594803186341e-04
1 10 -1.9480613711849580e-02 -3.3895794811009786e-05
1 11 -1.6536241018506866e-02 -7.0340960466360071e-05
1 12 -1.4006309386709461e-02 -1.3856591245286961e-05
1 13 -1.1696399793239637e-02 3.5054614155191398e-05
1 14 -1.0252894817761076e-02 4.7177213229367315e-05
1 15 -8.8876504270679595e-03 5.7561586049597082e-05
1 16 -7.2244326340691846e-03 2.1847161203560598e-05
1 17 -5.9008577835465105e-03 8.5461136408542282e-06
1 18 -4.8431740066421057e-03 -1.1834934616314576e-05
1 19 -4.0600159838667669e-03 -1.1256246687137896e-05
1 20 -3.7462095775334494e-03 -3.3380792196277763e-05
1 21 -3.4290584919324817e-03 -1.0966057398341496e-05
1 22 -3.0276621729454353e-03 4.9624154931861796e-07
1 23 -2.4910531795523071e-03 -1.1132941612855958e-05
1 24 -2.2052696241676153e-03 3.3467031559648029e-06
1 25 -2.0241181590309049e-03 -2.8477167926672618e-06
1 26 -1.6871268986518478e-03 -2.4317421533337688e-07
1 27 -1.4093878276632277e-03 -4.7543224607614895e-06
1 28 -1.1645027738264881e-03 2.5775171697018894e-06
1 29 -9.7967252512276299e-04 4.1742165148289583e-06
1 30 -8.8549955657488914e-04 5.5552736198762449e-07
1 31 -7.9885637547335252e-04 1.0364773532596946e-06
1 32 -6.9831014231069237e-04 3.3223573362900783e-07
1 33 -5.9326152213460106e-04 2.0942202862164013e-07
1 34 -5.2943017222257898e-04 -2.9141905332155981e-06
1 35 -4.8247058086931042e-04 -2.6144573355768151e-06
1 36 -4.3949242549078479e-04 -2.8206859519000296e-06
1 37 -4.1776301560174199e-04 -2.0515362159365304e-06
1 38 -4.0802627811360503e-04 -2.7769888427239758e-06
1 39 -3.9789482320852157e-04 -1.9660932646929630e-06
1 40 -4.1345168706219615e-04 -1.1283559535520703e-06
1 41 -4.7808002245157882e-04 5.1958782044649440e-07
1 42 -5.8247864163393629e-04 4.2718353051213493e-06
1 43 -6.6277598170000243e-04 4.1605669969402656e-06
1 44 -7.0993506484417774e-04 1.5540759101192469e-06
1 45 -7.5752855301312655e-04 2.7972528375367591e-06
1 46 -8.6305983611480142e-04 -2.5699235946832964e-06
1 47 -9.4159459648303888e-04 -7.1108550168637524e-07
1 48 -1.0144962521933649e-03 1.5577153116068437e-06
1 49 -1.1520147911922669e-03 -3.4254745813255369e-06
1 50 -1.3657385793503650e-03 -8.9133973845640220e-07
1 51 -1.5943075698285057e-03 3.2188100816427422e-06
1 52 -1.9156405509207432e-03 -5.2098784567179422e-06
1 53 -2.2654914587247068e-03 -1.6280831945388024e-05
1 54 -2.7890602669349328e-03 3.5846010832346707e-06
1 55 -3.4811022874384930e-03 9.8012890359093748e-07
1 56 -4.2068680894084927e-03 -8.8690362734828891e-06
1 57 -5.1324493383163071e-03 1.5750880203899035e-05
1 58 -6.5445810379990829e-03 3.7754436152262836e-05
1 59 -8.7993680864561618e-03 5.9475356493352330e-05
1 60 -1.1832951696629476e-02 9.1759226604512044e-06
1 61 -1.5185876796384537e-02 -4.3263062596057233e-05
1 62 -1.8187756993994848e-02 -9.7384280234970687e-05
1 63 -2.1081173763791834e-02 -1.1945626347196507e-04
1 64 -2.3914847347963630e-02 -1.3211631567061762e-04
1 65 -2.5893579602361910e-02 -4.0660511429498747e-05
1 66 -2.8598475291615535e-02 -9.0072596348352455e-05
1 67 -3.2802187192648720e-02 -4.0086612062583629e-05
1 68 -3.8543638839368670e-02 5.0776855488939044e-05
1 69 -4.7732331433148298e-02 3.6958917430420418e-04
1 70 -6.7476745015431619e-02 1.1519141174868413e-04
1 71 -1.2569517931157204e-01 1.6560632413949172e-04
2 0 -1.3088356057750292e-01 -4.2399293654299958e-05
2 1 -7.2184350259636251e-02 1.5376507902168130e-04
2 2 -5.4576526817448574e-02 7.7391946231150513e-04
2 3 -4.3840016852458828e-02 2.4655476850062285e-04
2 4 -3.4130763481886123e-02 -4.2137242751517408e-04
2 5 -2.7189415136975342e-02 -1.6418802314138521e-05
2 6 -2.1794959624824344e-02 1.4801339140922264e-04
2 7 -1.8787318091598570e-02 -1.7750245949576072e-05
2 8 -1.6338999763798902e-02 -1.0016992357895040e-04
2 9 -1.4558552951071373e-02 -2.0759740890184859e-04
2 10 -1.1988722313014146e-02 -4.1206492014288942e-05
2 11 -1.0138152771609362e-02 -1.0788596235100588e-04
2 12 -8.5320298483929791e-03 -2.5832007629529654e-05
2 13 -7.1752599753924775e-03 3.4292499136490484e-05
2 14 -6.3593040720247010e-03 5.4452155364162555e-05
2 15 -5.4979487061265833e-03 6.1823846015919803e-05
2 16 -4.4708224308800913e-03 2.5190112014351419e-05
2 17 -3.6706881961764046e-03 1.5718081760141003e-05
2 18 -3.0003188015698054e-03 -1.8772474548502422e-05
2 19 -2.4915882963091975e-03 -1.4683520574400969e-05
2 20 -2.3061551688645415e-03 -4.5150257051490146e-05
2 21 -2.1176568913625375e-03 -4.6712550744185901e-06
2 22 -1.8546803425467963e-03 -2.3165908417702512e-06
2 23 -1.5428013732877684e-03 -2.0846147020855793e-05
2 24 -1.3678881285922797e-03 6.7740567849769212e-06
2 25 -1.2589513058855956e-03 -5.8449818758983118e-06
2 26 -1.0492116129815121e-03 2.8489505184678206e-06
2 27 -8.7764934201886124e-04 -4.1954681261607716e-06
2 28 -7.3029279457527462e-04 4.9595083483302428e-06
2 29 -6.1113265966562542e-04 6.9718413596506878e-06
2 30 -5.5031439515077494e-04 2.2109712143212963e-07
2 31 -4.9303351828032863e-04 1.5849866974629854e-06
2 32 -4.3092149530637926e-04 1.1656864108389734e-06
2 33 -3.6515113415018518e-04 1.1439992893231113e-06
2 34 -3.2703112449768981e-04 -3.4916781695405327e-06
2 35 -2.9769780664987643e-04 -2.1254605710818124e-06
2 36 -2.7060841966070282e-04 -3.1086034809081710e-06
2 37 -2.5604405474810267e-04 -2.3521500457752355e-06
2 38 -2.5232040749585422e-04 -2.9571877942639365e-06
2 39 -2.4660054867421856e-04 -2.3576557950763301e-06
2 40 -2.5730209607026714e-04 -1.0636227978732764e-06
2 41 -2.9754247750377136e-04 1.2170822514629383e-06
2 42 -3.5951215730961443e-04 4.8709327624158130e-06
2 43 -4.1226812372457901e-04 4.7769414864049985e-06
2 44 -4.3901897084118143e-04 2.4062577560542201e-06
2 45 -4.6980516830594975e-04 2.7183633851383782e-06
2 46 -5.3215693878698347e-04 -2.4967727947664155e-06
2 47 -5.8241676075490491e-04 9.7205657359328675e-07
2 48 -6.2848925946272776e-04 3.8734009929872163e-06
2 49 -7.1343168739561303e-04 -5.1536738383974953e-06
2 50 -8.4893944773841942e-04 -4.0618413089251099e-07
2 51 -9.8455864154709774e-04 5.5337315034582860e-06
2 52 -1.1840810178957374e-03 -7.7346754054658210e-06
2 53 -1.3934706002276098e-03 -2.2022273050430401e-05
2 54 -1.7429197953316095e-03 6.6443170324244592e-06
2 55 -2.1648025668301002e-03 -2.4500457052822152e-06
2 56 -2.6129266185580223e-03 -1.7188366457201107e-05
2 57 -3.1902778233982047e-03 1.4262668283460164e-05
2 58 -4.0179542026608410e-03 4.8456702995880826e-05
2 59 -5.4470861461044569e-03 7.2051647575692917e-05
2 60 -7.3269982148726634e-03 -4.2351700632747521e-06
2 61 -9.3570237413111174e-03 -5.8081878173625197e-05
2 62 -1.1226700477415086e-02 -1.4113810254143743e-04
2 63 -1.3012044072695201e-02 -1.7424840941156466e-04
2 64 -1.4836621692912293e-02 -1.6892399145182496e-04
2 65 -1.6075534397976800e-02 -3.0003851068190294e-05
2 66 -1.7630812548782508e-02 -1.9030610677034965e-04
2 67 -2.0445118137475144e-02 -1.8961010660648159e-05
2 68 -2.3738893706283452e-02 7.1090516444350703e-05
2 69 -2.9070248920988074e-02 4.3353889889538268e-04
2 70 -3.9492911861003510e-02 4.8914738548917559e-05
2 71 -6.6191662639293325e-02 -5.7653087652639526e-05
3 0 -5.0595812564396402e-02 -3.9205091220161862e-04
3 1 -3.6460442214004081e-02 3.6628142689928690e-04
3 2 -3.1035504435351226e-02 5.7106977678100335e-04
3 3 -2.5458769073440773e-02 1.2552270977712299e-04
3 4 -1.9908869332764131e-02 -3.6155308457980098e-04
3 5 -1.5691323701119666e-02 2.7686220702047768e-05
3 6 -1.2396733798204324e-02 1.8607954718445656e-04
3 7 -1.0884139788225404e-02 -1.0023293832730435e-05
3 8 -9.3788447893889161e-03 -1.3230498191951835e-04
3 9 -8.5135879576318328e-03 -1.9644173625287098e-04
3 10 -6.8570448767473228e-03 -1.0859232128107860e-05
3 11 -5.7727581111688226e-03 -1.0691198669659655e-04
3 12 -4.7552966091517273e-03 -4.2093624732882598e-05
3 13 -4.0373616926818005e-03 2.9762431199380549e-06
3 14 -3.6478443821361560e-03 3.3631351814201514e-05
3 15 -3.1425571992465956e-03 4.9834957518310508e-05
3 16 -2.5535878579474067e-03 2.6918064015994463e-05
3 17 -2.1242486178333548e-03 2.0551020402325649e-05
3 18 -1.7169146859655436e-03 -2.4876524560800189e-05
3 19 -1.3970713230318380e-03 -1.6655334467684762e-05
3 20 -1.3121876864963338e-03 -4.8459018505627841e-05
3 21 -1.2045417470361709e-03 2.7073215618583790e-06
3 22 -1.0416281617787440e-03 -3.1032052831167758e-06
3 23 -8.7802517881547257e-04 -2.0222504513618901e-05
3 24 -7.8176331027535531e-04 1.0080653541209833e-05
3 25 -7.2542841881859132e-04 -1.0807358134015528e-05
3 26 -6.0125115766538110e-04 5.1091984996069142e-06
3 27 -5.0819038713379534e-04 -1.9903959060986779e-06
3 28 -4.2671672775424077e-04 4.6871861788146274e-06
3 29 -3.5142647469245468e-04 5.6882029747796820e-06
3 30 -3.1612260544197065e-04 -6.6761819893562128e-07
3 31 -2.8113010453064427e-04 4.9017217784433712e-07
3 32 -2.4516698441277878e-04 1.3791131566335420e-06
3 33 -2.0617338995801421e-04 1.8937748647695962e-06
3 34 -1.8597353544057358e-04 -2.0418492207516404e-06
3 35 -1.6945001846717316e-04 -8.0060475999165463e-07
3 36 -1.5377215725820582e-04 -2.7843343487143984e-06
3 37 -1.4493876539374226e-04 -1.4422357517524002e-06
3 38 -1.4451463967671852e-04 -2.0091663338096825e-06
3 39 -1.4126699510035677e-04 -2.0260227353717070e-06
3 40 -1.4855765756931148e-04 -1.3949824447815045e-07
3 41 -1.7179429707908300e-04 7.1627381841453117e-07
3 42 -2.0453932355285896e-04 4.7660465597388446e-06
3 43 -2.3873374355865422e-04 4.2503493922761618e-06
3 44 -2.5046640243898944e-04 2.5252351464524649e-06
3 45 -2.7032193604132964e-04 1.2498878971552325e-06
3 46 -3.0420293118908125e-04 -1.4098906637365474e-06
3 47 -3.3219626748492097e-04 2.2281040172672579e-06
3 48 -3.6267168507537030e-04 6.0712079056387151e-06
3 49 -4.1319771455333536e-04 -6.1511663702709136e-06
3 50 -4.9270484319355161e-04 -1.4511615409038864e-06
3 51 -5.5968806777328972e-04 4.4982209095382944e-06
3 52 -6.7519841127391934e-04 -4.2942768835162477e-06
3 53 -7.8980123816838142e-04 -1.9523884593889976e-05
3 54 -1.0109631611766204e-03 4.3189370343144226e-06
3 55 -1.2515537386260792e-03 -7.4344676996624174e-06
3 56 -1.5013243106576553e-03 -2.4206958507205882e-05
3 57 -1.8454481506531943e-03 1.6719962495880787e-05
3 58 -2.2748853313439271e-03 4.7228549530822054e-05
3 59 -3.1166561187827737e-03 6.3340520108993092e-05
3 60 -4.1960728461707432e-03 1.2165377876202757e-05
3 61 -5.3008549842248291e-03 -4.8458951603121025e-05
3 62 -6.3879215624953892e-03 -1.5686972286150659e-04
3 63 -7.4000502151339194e-03 -1.5954780449400118e-04
3 64 -8.4938617777230632e-03 -1.4897997807553881e-04
3 65 -9.1632410232232384e-03 -2.0754680071251722e-05
3 66 -9.9983612483378215e-03 -2.4048554268408015e-04
3 67 -1.1752604620402653e-02 -4.1908443157512950e-06
3 68 -1.3428344078708968e-02 6.8635583900625803e-05
3 69 -1.6355149202330610e-02 2.6423387734827601e-04
3 70 -2.1220366325836178e-02 5.2441561084514660e-05
3 71 -3.2481073136424531e-02 -1.5423606723314413e-04
4 0 -2.1047569690029844e-02 -6.2123733213828971e-04
4 1 -1.8233745562103387e-02 7.1678266679582603e-04
4 2 -1.7312698286641375e-02 2.1600099785442896e-04
4 3 -1.3995862939001600e-02 6.7035897928627446e-05
4 4 -1.1236845843570877e-02 -2.2096831858305657e-04
4 5 -8.6594759288488535e-03 5.2682181374573619e-05
4 6 -6.7424587654974603e-03 1.8507384469313191e-04
4 7 -6.0624525103036338e-03 1.3803756128519445e-05
4 8 -5.1755098399251043e-03 -1.1366959917328553e-04
4 9 -4.8115916565431233e-03 -1.1848428406454691e-04
4 10 -3.8037948369769349e-03 -7.3331134022535435e-06
4 11 -3.1941113368320552e-03 -8.1635188294986591e-05
4 12 -2.5075317092267523e-03 -3.8494951055973383e-05
4 13 -2.1561613969240038e-03 -2.9400362358634461e-05
4 14 -2.0088566139189958e-03 2.5416892317882661e-05
4 15 -1.7176330357683066e-03 2.9275548664279540e-05
4 16 -1.3917730521284340e-03 2.9168267317477232e-05
4 17 -1.1836909912753390e-03 2.6854876288822209e-05
4 18 -9.3952491891841246e-04 -2.1184565862815205e-05
4 19 -7.3595528372456234e-04 -1.9591620461956291e-05
4 20 -7.1855048273892174e-04 -4.2108216439302208e-05
4 21 -6.4452744287620998e-04 6.9423899250311424e-06
4 22 -5.5082944033566623e-04 -1.1138415447097430e-05
4 23 -4.7592681670949251e-04 -1.4024771379627010e-05
4 24 -4.2961120350728485e-04 8.3942964747220642e-06
4 25 -4.0341872901812587e-04 -1.1737076846705051e-05
4 26 -3.2840666437584871e-04 5.6151510330976677e-06
4 27 -2.8361171567446058e-04 -9.7275011933447039e-08
4 28 -2.4085356699869216e-04 1.4909204120718207e-06
4 29 -1.9203185930941462e-04 3.4687526272786090e-06
4 30 -1.7351953810730502e-04 -1.8368495867915343e-06
4 31 -1.5335117645263549e-04 -3.9801375416823743e-07
4 32 -1.3317217120680961e-04 1.8288975824353058e-06
4 33 -1.1039977477875288e-04 1.1189167354128130e-06
4 34 -1.0069714195731935e-04 -2.7241568681336863e-08
4 35 -9.3063430610752066e-05 3.9033089703463830e-07
4 36 -8.4195744947053645e-05 -1.9900940163995193e-06
4 37 -7.8817107596428906e-05 -5.6926718048595196e-07
4 38 -7.9462151352390533e-05 -7.3827840014874575e-07
4 39 -7.8023777058480260e-05 -1.1337648158882746e-06
4 40 -8.2338295761674466e-05 8.3263049466493490e-07
4 41 -9.5280565904471933e-05 1.9154411449868620e-07
4 42 -1.1174488518910591e-04 3.9791689775661487e-06
4 43 -1.3529559817796689e-04 4.9537128516804205e-06
4 44 -1.3789106152541948e-04 1.1626083260947686e-06
4 45 -1.4963846199223530e-04 3.4323636630353393e-07
4 46 -1.6917243467634121e-04 -2.7556607174970766e-07
4 47 -1.8104320488938241e-04 1.4904331274792118e-06
4 48 -2.0210609577595297e-04 7.6620385938200941e-06
4 49 -2.3319834425585478e-04 -4.3821719018951162e-06
4 50 -2.7707412953983685e-04 -2.0229816888524878e-06
4 51 -3.0471881593006997e-04 5.8195161173636006e-07
4 52 -3.6874609332545482e-04 -4.3703925589578621e-06
4 53 -4.2492840926480502e-04 -1.6407005420087350e-05
4 54 -5.5993224616558777e-04 2.4181825311650018e-06
4 55 -6.9805173853720729e-04 -1.4347304602703093e-05
4 56 -8.2725616638271225e-04 -2.4364305169392004e-05
4 57 -1.0292931611876367e-03 3.1977309842068563e-05
4 58 -1.2436138630681460e-03 3.4656460091671943e-05
4 59 -1.7060804117691078e-03 4.3794093326834102e-05
4 60 -2.3133253407189879e-03 4.1547792453960065e-05
4 61 -2.8783333961807508e-03 -4.1403129468981492e-05
4 62 -3.4512596412167884e-03 -1.6203407923061550e-04
4 63 -4.0178061890696450e-03 -1.3823832491467598e-04
4 64 -4.6637758658440026e-03 -1.3480865085791348e-04
4 65 -4.9556251137754977e-03 -3.0209312493159917e-05
4 66 -5.4153011093409833e-03 -2.3844473795540250e-04
4 67 -6.4828939342077294e-03 -1.4172367653835545e-05
4 68 -7.1998486987002210e-03 5.2666390123688949e-05
4 69 -8.7872062179540633e-03 1.0990912501279643e-04
4 70 -1.1041913269558954e-02 7.1892428442572729e-05
4 71 -1.5272936669336499e-02 -1.5735936412763200e-04
5 0 -9.5247898386463976e-03 -5.2598319417458098e-04
5 1 -9.1853583121493908e-03 4.8102466149293381e-04
5 2 -9.3143464761961045e-03 -1.3877509877148746e-04
5 3 -7.1968640722300968e-03 1.1771204910235791e-05
5 4 -6.0211482311759001e-03 -6.2861071069820080e-05
5 5 -4.5832209743808510e-03 7.7644432277120746e-05
5 6 -3.5430537383753951e-03 1.5458349232622015e-04
5 7 -3.3200506515039404e-03 3.3152137645191235e-05
5 8 -2.8006115999912574e-03 -8.0347182673982815e-05
5 9 -2.6393270758306312e-03 -2.9140384812608613e-05
5 10 -2.0906552033814483e-03 -1.9642167628325469e-05
5 11 -1.7524984202949589e-03 -6.1972949352302116e-05
5 12 -1.2761198700665197e-03 -1.2552127667182347e-05
5 13 -1.1051407878835424e-03 -5.5400758356842504e-05
5 14 -1.0814962665041490e-03 1.8967204914571107e-05
5 15 -9.2682859524671811e-04 7.6259374881864740e-06
5 16 -7.3619058287020399e-04 2.5912033433261031e-05
5 17 -6.4251314035067362e-04 3.9608409371476934e-05
5 18 -5.0252706788283868e-04 -1.4795352719884030e-05
5 19 -3.7267204024331069e-04 -2.2597660203575949e-05
5 20 -3.8650049571357394e-04 -2.0945365061156130e-05
5 21 -3.2761780414362738e-04 8.9736335131585483e-06
5 22 -2.7628091172395225e-04 -2.2363782548307969e-05
5 23 -2.4784349552023805e-04 -9.0547237448663500e-06
5 24 -2.2872560035486068e-04 2.0218412610659808e-06
5 25 -2.1769718435100754e-04 -9.8353308200751522e-06
5 26 -1.7390616939771912e-04 5.6419483775473364e-06
5 27 -1.5595409363772114e-04 1.4880934086181085e-06
5 28 -1.3288706177604686e-04 -1.6577847859528240e-06
5 29 -1.0021413097783205e-04 1.9270491706342847e-06
5 30 -9.3037897996950424e-05 -1.1569746434203224e-06
5 31 -8.0359595049033276e-05 -6.2440632145715970e-09
5 32 -6.9422807463438466e-05 1.4918994689992118e-06
5 33 -5.7373454276704999e-05 -7.5782261177433845e-08
5 34 -5.2981944976477277e-05 1.6100979854699036e-06
5 35 -5.0796822238622349e-05 8.9238174171883024e-07
5 36 -4.5084487672577780e-05 -1.3792753764713291e-06
5 37 -4.2029595808933474e-05 -2.7264131682202191e-07
5 38 -4.2226956528621587e-05 -3.2808635849056722e-07
5 39 -4.1961425038973446e-05 -5.3353957504481963e-07
5 40 -4.3966405903926917e-05 1.2757389082006094e-06
5 41 -5.1841543712597867e-05 -9.3514845678076370e-07
5 42 -5.9039057196298711e-05 2.7848579149849941e-06
5 43 -7.5984615271151650e-05 6.1286325086253126e-06
5 44 -7.5239056518081938e-05 -1.1896469347546498e-06
5 45 -8.1191973178706500e-05 2.2704871550648365e-07
5 46 -9.2410919668300950e-05 1.3917648173024328e-06
5 47 -9.6849360375609976e-05 7.9309958215695695e-07
5 48 -1.1006933269641999e-04 8.8014446800026821e-06
5 49 -1.2908876043823804e-04 -7.8327898736556755e-07
5 50 -1.5285554774901626e-04 -2.6238868132278162e-06
5 51 -1.5968987649496005e-04 -2.3110084029873107e-06
5 52 -1.9409105744470930e-04 -5.0236795181689673e-06
5 53 -2.1848801237880217e-04 -1.5004827556133732e-05
5 54 -2.9599017746743516e-04 3.4699494932574788e-06
5 55 -3.8269120391540122e-04 -1.7927847462241051e-05
5 56 -4.4217244636552837e-04 -2.1024025434329058e-05
5 57 -5.6119975938339923e-04 4.1371280580722827e-05
5 58 -6.6221851310070863e-04 2.1139321647072663e-05
5 59 -9.1069218594229048e-04 2.8057422030090480e-05
5 60 -1.2433015170157085e-03 6.8489303499960082e-05
5 61 -1.5260965984451274e-03 -1.9910146163520009e-05
5 62 -1.7802324998032995e-03 -1.3026721029660336e-04
5 63 -2.1030823679670236e-03 -1.2541567683924828e-04
5 64 -2.4939321247567738e-03 -1.3043184971201581e-04
5 65 -2.5664829109691206e-03 -3.9211068888606409e-05
5 66 -2.8516255494086058e-03 -1.8925352652717092e-04
5 67 -3.4858045272277019e-03 -3.7945167810915693e-05
5 68 -3.7172029360743914e-03 1.1272142656872511e-05
5 69 -4.5554445014643410e-03 -2.8035486727924856e-06
5 70 -5.6716506978651193e-03 -8.2251823417386029e-05
5 71 -6.9253851236597171e-03 1.8565357369931966e-05
6 0 -4.5541125049965809e-03 -5.4725550131142072e-04
6 1 -4.6183716847562903e-03 5.3643066151520745e-05
6 2 -4.7545997951595849e-03 -2.6680221959817098e-04
6 3 -3.4617152958645414e-03 -7.7611794726465666e-05
6 4 -3.0008802627174845e-03 9.7943248670075275e-05
6 5 -2.3682915054043848e-03 2.2992412797190444e-06
6 6 -1.8310587397153172e-03 1.0256606853905923e-04
6 7 -1.8353249183888011e-03 7.6963899590897950e-05
6 8 -1.4720971787282001e-03 -5.5769066183103561e-05
6 9 -1.3887674502040277e-03 2.1145756114213187e-05
6 10 -1.1530177957045252e-03 -2.2496380670625518e-05
6 11 -9.6972266136912658e-04 -5.3222520425989365e-05
6 12 -6.1841030143473222e-04 1.8568658971658107e-05
6 13 -5.4296070589730176e-04 -4.6731899426039530e-05
6 14 -5.6875826792852609e-04 1.9447522574944948e-05
6 15 -5.1575762351117589e-04 -1.1799882764207939e-05
6 16 -3.8271574716437328e-04 2.4716906350157163e-05
6 17 -3.3880334774111524e-04 5.5345778490735356e-05
6 18 -2.6212590076194901e-04 -3.0729386934804569e-06
6 19 -1.8199008040872838e-04 -2.8255948134850779e-05
6 20 -2.0318808260038211e-04 -8.3092014773215832e-07
6 21 -1.6042070842687062e-04 5.5926092362356256e-06
6 22 -1.3508311626649592e-04 -2.0554160726702987e-05
6 23 -1.2266566232856547e-04 -8.3554168337940884e-06
6 24 -1.1772219768893136e-04 -2.5665119621103810e-06
6 25 -1.1548381390481581e-04 -9.8611652399889867e-06
6 26 -8.9164656683353856e-05 3.4367101521095244e-06
6 27 -8.6787279653488918e-05 1.9423261285800223e-06
6 28 -7.1936729818907033e-05 -1.5643322931420133e-06
6 29 -4.8239293982804717e-05 6.3942205627380958e-07
6 30 -4.8526960034733035e-05 1.5412516475186711e-06
6 31 -4.0663793844140075e-05 -7.4397006139532025e-07
6 32 -3.4664864390641813e-05 9.4340351965614158e-07
6 33 -2.8951498910745326e-05 -1.0577437746275485e-06
6 34 -2.7700495763187100e-05 2.3487500543518483e-06
6 35 -2.8163767198520338e-05 1.0916210569635048e-06
6 36 -2.3641738814607901e-05 -1.2212228295459991e-06
6 37 -2.2061028706608303e-05 -3.2955604780929228e-07
6 38 -2.2110024189931132e-05 -3.6008511591443946e-07
6 39 -2.2449821903063689e-05 -2.1314535570969051e-07
6 40 -2.2424582650698780e-05 8.9673930533355966e-07
6 41 -2.7222448984945608e-05 -1.9254778776504880e-06
6 42 -2.9971680664194538e-05 1.2742229249201564e-06
6 43 -4.2226957088802754e-05 6.5321970669528749e-06
6 44 -4.1094326169798720e-05 -3.2839572620815096e-06
6 45 -4.2707028638044203e-05 -1.5371822889289463e-07
6 46 -5.0290782545396160e-05 3.5401833344921277e-06
6 47 -5.1851791225041061e-05 1.3751252439740175e-06
6 48 -5.7631411082294267e-05 9.2025305219366665e-06
6 49 -6.9457960512403835e-05 2.2431936906471795e-06
6 50 -8.3332410062914635e-05 -6.4318649404375377e-07
6 51 -8.1240232994515948e-05 -1.3418999868750079e-06
6 52 -9.7248924012907829e-05 -7.0347703934463707e-06
6 53 -1.0799387586121065e-04 -1.3163051872912474e-05
6 54 -1.4704544575280440e-04 7.8015980433600057e-06
6 55 -2.1094220099408779e-04 -1.6589019296115876e-05
6 56 -2.3132031193045792e-04 -1.4609575689860793e-05
6 57 -3.0371618865229262e-04 3.2864591156472924e-05
6 58 -3.4967455362820655e-04 2.1962812371424576e-05
6 59 -4.8237407907663319e-04 1.2320062166402735e-05
6 60 -6.5563818783704036e-04 7.9559521541586355e-05
6 61 -8.3543417686775614e-04 5.6212363046191278e-06
6 62 -8.7223450392627392e-04 -6.4588201779812191e-05
6 63 -1.0732306648601380e-03 -9.5182893389057839e-05
6 64 -1.3264906250181200e-03 -7.8407466359296419e-05
6 65 -1.2927426083213490e-03 -7.8509611753769539e-05
6 66 -1.4331498087501626e-03 -1.3578165211460122e-04
6 67 -1.8405012634114025e-03 -1.0000103001434701e-04
6 68 -1.8947271362885489e-03 -7.0702843611710568e-06
6 69 -2.3334486866362267e-03 -1.0044716139574090e-04
6 70 -2.9774241795081195e-03 -2.1052228827198643e-04
6 71 -3.0726982871310642e-03 1.0158063090175980e-04
7 0 -2.2290919025314436e-03 -6.5195315593989753e-04
7 1 -2.4452148358700167e-03 1.8945745662908409e-05
7 2 -2.4387317721290156e-03 -2.9355967436141148e-04
7 3 -1.6299013310051452e-03 -1.5906674164318182e-04
7 4 -1.4030769918241311e-03 1.4877510672302871e-04
7 5 -1.2123225325709865e-03 -5.4129285220816681e-05
7 6 -9.9705386795036948e-04 5.9237429853720275e-05
7 7 -1.0561321663777544e-03 7.8105679946435146e-05
7 8 -7.3421099205742482e-04 -2.6890056096729734e-05
7 9 -7.0738257751517966e-04 3.1666683634937117e-05
7 10 -6.2918137067820973e-04 -1.7597977092177168e-05
7 11 -5.4901052221130301e-04 -5.3707122315428083e-05
7 12 -2.8476646997519596e-04 2.9985929507364136e-05
7 13 -2.4828057579898008e-04 -2.6556562057405905e-05
7 14 -2.7412566069478443e-04 2.5319695599876205e-05
7 15 -3.0374824017595086e-04 -2.1636307107628954e-05
7 16 -1.9810613724950875e-04 2.6292886064438684e-05
7 17 -1.6436447550655510e-04 5.9779400574912993e-05
7 18 -1.3148753576459408e-04 9.1493912457035662e-06
7 19 -8.4865133450038409e-05 -3.2527367238447072e-05
7 20 -1.0447752401378416e-04 1.1687830510732440e-05
7 21 -7.4518547613048637e-05 3.5657757934628048e-06
7 22 -6.8007325486633862e-05 -1.3314242660261839e-05
7 23 -5.8599317834937005e-05 -7.4140094775325305e-06
7 24 -5.9463374333777086e-05 -5.5246039315827032e-06
7 25 -6.0600445864638561e-05 -1.0950075424503249e-05
7 26 -4.5313114152651963e-05 2.7106842376613922e-06
7 27 -5.0837618947838242e-05 7.1992907843682972e-07
7 28 -3.9168889967478234e-05 -7.3396744066855393e-07
7 29 -1.9400604860404795e-05 -3.7461753586750362e-07
7 30 -2.4493880171213139e-05 4.3114325977776765e-06
7 31 -2.0751422451153027e-05 -2.2181844777131942e-06
7 32 -1.6672848495407730e-05 6.2503489792764815e-07
7 33 -1.4040550152928545e-05 -1.7151585600718669e-06
7 34 -1.4338980205772561e-05 2.7353536013558240e-06
7 35 -1.5546609420162287e-05 1.2653231690229322e-06
7 36 -1.2058844063949721e-05 -1.0160772541445599e-06
7 37 -1.0770281513676282e-05 3.1436525482855589e-07
7 38 -1.1307356539840205e-05 2.0845065555417375e-07
7 39 -1.2548608156088384e-05 1.2409195756356172e-07
7 40 -1.0634795137242866e-05 4.4985023609555334e-07
7 41 -1.3345800100739816e-05 -2.4396908092685867e-06
7 42 -1.4267981972689139e-05 2.5029969401401137e-07
7 43 -2.3631610626181669e-05 5.2747103594924214e-06
7 44 -2.3175710754429776e-05 -4.1788864401574506e-06
7 45 -2.1627106665653464e-05 -1.3788353112401141e-06
7 46 -2.6287756228157370e-05 5.2837930287096347e-06
7 47 -2.8427902144437706e-05 1.5279011238066546e-06
7 48 -2.9125011211054014e-05 8.1708195389211163e-06
7 49 -3.6595817111219173e-05 3.4056895471188685e-06
7 50 -4.4341249677817017e-05 8.2812277817800185e-07
7 51 -3.9466539378697561e-05 2.6105331809362110e-06
7 52 -4.5047018191563040e-05 -6.7098386635176302e-06
7 53 -5.0666900396002405e-05 -1.1320681550051601e-05
7 54 -6.5041642741443486e-05 1.1047695813801724e-05
7 55 -1.1821492073655744e-04 -8.6598948328775361e-06
7 56 -1.1695441262593531e-04 -7.3277697680579065e-06
7 57 -1.6337523868614837e-04 2.1830551228546877e-05
7 58 -1.9419953171942122e-04 1.5126565494675392e-05
7 59 -2.5592947932867810e-04 -9.2634326553582607e-06
7 60 -3.3258526173030999e-04 7.7036673764993016e-05
7 61 -4.8119930769095087e-04 1.7604261748707936e-05
7 62 -4.0071475852901037e-04 -1.1875682320136176e-06
7 63 -5.3903352409149445e-04 -4.8871905219464687e-05
7 64 -7.3611037377928205e-04 -1.9301590267681853e-05
7 65 -6.4624089102884594e-04 -1.0893370574719522e-04
7 66 -7.0838036591973851e-04 -1.1304052079562730e-04
7 67 -9.5833976455028170e-04 -1.4612342239727892e-04
7 68 -9.4354666402687306e-04 1.4925553397349179e-05
7 69 -1.2317937973501209e-03 -1.7586015481326972e-04
7 70 -1.6071420813616251e-03 -2.9647471467995386e-04
7 71 -1.3503194764965117e-03 3.3155003325666453e-05
8 0 -1.0336524368853672e-03 -5.4622451185447026e-04
8 1 -1.3931604701161659e-03 1.5305888163118667e-04
8 2 -1.3981538650335221e-03 -3.0010180504597378e-04
8 3 -7.8951830275969992e-04 -1.2059202995765261e-04
8 4 -7.0432944892901122e-04 9.0846043176455579e-05
8 5 -6.3788811236383609e-04 -8.7280058493686624e-05
8 6 -5.7521193609816985e-04 4.3806967706426764e-05
8 7 -6.2408525865621756e-04 4.2632821007747601e-05
8 8 -3.3154294794611282e-04 1.6636913177606819e-05
8 9 -3.4717280131536354e-04 3.0137407620955110e-05
8 10 -3.2927647612778047e-04 -2.8547042457427551e-05
8 11 -3.2649093673976727e-04 -2.2453602846942911e-05
8 12 -1.3121027059150053e-04 2.1393782154538009e-05
8 13 -1.2051536887304373e-04 -1.4294683500820824e-05
8 14 -1.1873502686800894e-04 4.0495989895248634e-05
8 15 -1.7819679740433672e-04 -2.6122185570460675e-05
8 16 -1.0602279356297530e-04 1.6822103137858858e-05
8 17 -7.2152575626093011e-05 5.1168089581002015e-05
8 18 -6.2294490722649402e-05 1.3666163387453350e-05
8 19 -3.7789478382608212e-05 -2.9350885700781663e-05
8 20 -5.2001636200825290e-05 1.7985634166342277e-05
8 21 -2.9082226593550466e-05 4.8706800845318282e-06
8 22 -3.6586041078083689e-05 -8.8130783510660646e-06
8 23 -2.6970931079141339e-05 -5.7845007932995982e-06
8 24 -3.2149049428303518e-05 -4.9046788977585720e-06
8 25 -3.0917777876700989e-05 -1.1459588954728054e-05
8 26 -2.4977867112146854e-05 2.3516532569419118e-06
8 27 -3.1202988443137910e-05 -1.3859534215498657e-06
8 28 -2.1881642358350152e-05 -8.3185222780457950e-07
8 29 -4.0957756973200117e-06 -2.6643576680754719e-06
8 30 -1.2473688905296850e-05 5.8663528616804913e-06
8 31 -1.1856959257795971e-05 -3.3258564735507889e-06
8 32 -7.7074089615622663e-06 7.4980254806636517e-07
8 33 -6.3951370018225654e-06 -1.9487534444162976e-06
8 34 -7.1103743208542545e-06 2.3036937221914862e-06
8 35 -8.0677668276555994e-06 1.0359985159005755e-06
8 36 -5.9477828131944045e-06 -5.0105433492502901e-07
8 37 -4.5011164671384286e-06 1.1522417929110747e-06
8 38 -5.4038607532379810e-06 1.2723021017613591e-06
8 39 -7.7779494406488665e-06 7.0799209322479182e-08
8 40 -4.2980156082994982e-06 4.1829084226192906e-07
8 41 -6.2444574614896476e-06 -2.3242310141253839e-06
8 42 -6.5530292861182529e-06 6.6151176817744944e-07
8 43 -1.3446724629420690e-05 2.8957454510155129e-06
8 44 -1.3830296330106086e-05 -4.1978891562817038e-06
8 45 -1.0591996340051824e-05 -2.5893072169399290e-06
8 46 -1.2378368916292923e-05 5.8354483556879341e-06
8 47 -1.5653425339589806e-05 1.1738330006020900e-06
8 48 -1.4498923585630886e-05 7.1869558974162866e-06
8 49 -1.9094981973005033e-05 4.9244763847950217e-06
8 50 -2.2774517682279374e-05 1.3337347993826896e-07
8 51 -1.7286341278975685e-05 6.4427334458706502e-06
8 52 -1.7861792795030342e-05 -4.1062182689088862e-06
8 53 -2.0138369818563782e-05 -9.3693765152276546e-06
8 54 -2.5330181520289156e-05 1.3546780532066318e-05
8 55 -6.5370347788308074e-05 -3.9790800166581989e-06
8 56 -5.2284067961549260e-05 -3.4393948552400446e-06
8 57 -9.1465122677824922e-05 1.1826078582300538e-05
8 58 -1.1104492062557995e-04 8.4221696924069597e-06
8 59 -1.2589545660663838e-04 -2.3464239670621986e-05
8 60 -1.6156946164270507e-04 6.5955282564356720e-05
8 61 -2.8978818635767660e-04 1.8287171910033327e-05
8 62 -1.5796609176763819e-04 3.4114080179200233e-05
8 63 -2.5646935096057240e-04 -1.4252846392365715e-05
8 64 -4.5625607560722246e-04 -1.9314544935447086e-05
8 65 -2.9913555461617581e-04 -1.0039161384708064e-04
8 66 -3.3570726160613354e-04 -1.1562968713076796e-04
8 67 -4.6177003593873839e-04 -1.4937675574414411e-04
8 68 -4.3684795476567161e-04 2.1161519960729410e-05
8 69 -6.7887403516640982e-04 -2.3781531233601884e-04
8 70 -8.5974106753690382e-04 -3.7340923533308820e-04
8 71 -4.6919956938314643e-04 3.5807522028874085e-05
9 0 -1.2170633287175851e-04 -2.5316692542566257e-04
9 1 -8.4475687989560115e-04 1.6055316072598373e-04
9 2 -8.5367604685158689e-04 -1.7829416829142218e-04
9 3 -4.0949279397756790e-04 -2.5254750149713288e-05
9 4 -3.9859484423969481e-04 -6.8474828880480456e-05
9 5 -3.6461361895602816e-04 -1.5636837580110713e-04
9 6 -2.8574863063014414e-04 2.3689200833081776e-05
9 7 -3.7188902999827462e-04 8.8958146792539422e-06
9 8 -8.4389256863809080e-05 2.6816879187767889e-05
9 9 -1.6131143279166877e-04 4.2764410517888074e-05
9 10 -1.5754102337949550e-04 -5.1269005611255357e-05
9 11 -1.9824002051106705e-04 2.0418599652529925e-05
9 12 -6.8296175954954665e-05 -2.5151162439295378e-06
9 13 -6.2899405869882931e-05 -3.7081608439005035e-06
9 14 -4.7677537778671452e-05 6.1733141486296407e-05
9 15 -1.0773137680332833e-04 -2.6598467814048864e-05
9 16 -6.1186353844361086e-05 7.7838152719517245e-06
9 17 -2.8994022014839933e-05 4.0255797011952997e-05
9 18 -3.2577593175618552e-05 1.0192493556302936e-05
9 19 -1.2265674831394424e-05 -2.8630550004909721e-05
9 20 -2.7470318596199820e-05 1.7046959787718641e-05
9 21 -4.9450930180230734e-06 1.0428110782722896e-05
9 22 -2.0725065015322067e-05 -7.7502828814013651e-06
9 23 -8.7524172938692271e-06 -5.0921183967316062e-06
9 24 -1.9384387012602446e-05 -1.8275801795057414e-06
9 25 -1.4246177943159970e-05 -9.8161519960938615e-06
9 26 -1.5751376659493494e-05 -9.6706799134854459e-07
9 27 -1.9625754953412410e-05 -3.2944148866647321e-06
9 28 -1.3236432467755620e-05 -7.6905702029642937e-07
9 29 2.8816969368219567e-06 -3.3285613231195093e-06
9 30 -6.6393023325036565e-06 4.9568396278508645e-06
9 31 -7.8030693409218878e-06 -3.4282702144687019e-06
9 32 -3.2959343510222887e-06 1.4731837353981954e-06
9 33 -2.5866111575617184e-06 -2.1316895448013572e-06
9 34 -2.9632399980311711e-06 1.0686154973912949e-06
9 35 -3.8853964225059023e-06 5.0193347116571404e-07
9 36 -2.7205194004290918e-06 3.7031844268491906e-07
9 37 -1.3406772794210795e-06 1.2596289662331117e-06
9 38 -2.8033741630287751e-06 1.7557726643543763e-06
9 39 -5.1329669171284788e-06 -7.1890590222666584e-07
9 40 -1.2521997435981671e-06 5.9484196265426526e-07
9 41 -2.0680554530775647e-06 -1.6785551053870847e-06
9 42 -3.1516974147690369e-06 1.3809719581974160e-06
9 43 -7.4206791101493630e-06 1.0375645234405117e-06
9 44 -8.6045120538038444e-06 -3.4623381900967626e-06
9 45 -5.2781990557180732e-06 -3.4323727496751548e-06
9 46 -5.2437136318761627e-06 5.1920213573632804e-06
9 47 -9.2133848889819305e-06 5.1401661614114152e-07
9 48 -8.0878380666291224e-06 6.2903995486242053e-06
9 49 -1.0133959813381984e-05 6.4256160449541556e-06
9 50 -1.3053160386259212e-05 -8.3900967537017244e-07
9 51 -6.9667014350542499e-06 7.4863409228080362e-06
9 52 -6.5353570455649270e-06 -2.2899440690934171e-06
9 53 -3.9777932576766267e-06 -6.2474982645754991e-06
9 54 -7.0720705128757874e-06 1.4086087813525654e-05
9 55 -3.2411946974648496e-05 -5.2428316402122093e-06
9 56 -2.2057259355738257e-05 -4.6066140003773490e-06
9 57 -5.5249193793366404e-05 3.6608550974217678e-06
9 58 -5.7718506953742683e-05 -1.0401573722188925e-06
9 59 -5.1959441346614157e-05 -2.8374172642071025e-05
9 60 -9.4470322651107663e-05 4.3186690431218209e-05
9 61 -1.8425860397035547e-04 2.1192250170194713e-05
9 62 -5.4647021555859630e-05 3.4179624121584132e-05
9 63 -9.0743155422678927e-05 6.1325187287332604e-07
9 64 -3.1258486824983463e-04 -4.1194045947228226e-05
9 65 -1.0368511927734791e-04 -6.4305220844048061e-05
9 66 -1.3575275649219823e-04 -1.2118651844223524e-04
9 67 -2.0485622853305384e-04 -1.1896174351741990e-04
9 68 -1.8567731736914537e-04 -2.0416277812075250e-05
9 69 -3.9869899256037028e-04 -2.1035916170621523e-04
9 70 -3.4437357504922599e-04 -3.9273861313378388e-04
9 71 -1.1518356352580428e-04 8.3615777942143069e-05
10 0 4.7574687002931393e-04 1.6549778124580368e-05
10 1 -5.7076259166571820e-04 1.3266864714070602e-04
10 2 -5.2792588463951794e-04 4.7291691147951904e-05
10 3 -2.1963291785996594e-04 3.9212616764340239e-05
10 4 -2.7144495373054649e-04 -2.5160684606808108e-04
10 5 -2.3011065453822294e-04 -1.9456880229874659e-04
10 6 -1.2283330843559671e-04 3.7379859632831526e-06
10 7 -1.7312248133404876e-04 -4.6083989507933306e-06
10 8 2.5891861529945921e-05 3.4314296661683490e-05
10 9 -8.7782562375251030e-05 2.7221399272377838e-05
10 10 -4.9330530743211103e-05 -5.8493390052161587e-05
10 11 -1.1209268212479874e-04 4.8173897937457937e-05
10 12 -3.5967671443050597e-05 -1.8610533343433148e-05
10 13 -1.4972541738446459e-05 8.2038401318775296e-06
10 14 -2.8815374655697316e-05 7.1834804231719771e-05
10 15 -6.3143369272329866e-05 -2.8033725402923707e-05
10 16 -4.5553361806182551e-05 3.7150882228141351e-06
10 17 -1.0129707772170373e-05 3.5911601319389053e-05
10 18 -2.4631793960267531e-05 2.7010125856292365e-06
10 19 -5.1660982615355238e-07 -2.7882837783586698e-05
10 20 -1.9661649482926666e-05 1.4085178166975495e-05
10 21 7.6002393669828534e-06 1.2397567573969182e-05
10 22 -1.0995520861357030e-05 -7.9755250936402701e-06
10 23 -1.4047800654755803e-06 -2.4885844868280370e-06
10 24 -1.4373155346211380e-05 1.4822024021356288e-06
10 25 -6.8618494704792726e-06 -7.8869920902385439e-06
10 26 -1.0794503340555459e-05 -4.7953881284286063e-06
10 27 -1.0912119429264850e-05 -4.8103612869184168e-06
10 28 -7.5900647214899262e-06 -4.4169177251784148e-07
10 29 6.3284180972979364e-06 -2.3982389645841436e-06
10 30 -3.6438343453881339e-06 2.2168070839778916e-06
10 31 -5.1417594331201442e-06 -2.5812036831755314e-06
10 32 -8.1951048007875993e-07 2.0092922284658183e-06
10 33 -8.4317580103438385e-07 -1.7497761004137920e-06
10 34 -8.4838616524731742e-07 3.0350896645621812e-08
10 35 -1.9924042290652475e-06 4.3502221922992370e-07
10 36 -7.7272298265171251e-07 6.6738291533190110e-07
10 37 -2.8504744980842438e-07 1.0454811784431296e-06
10 38 -1.7072220604480194e-06 1.2263895430650321e-06
10 39 -3.0843329443522360e-06 -9.3580111547514834e-07
10 40 1.2821231952354201e-07 4.6642890728161657e-07
10 41 2.7762170264838085e-07 -4.5903834516076589e-07
10 42 -1.9635958099942935e-06 1.5871613098802953e-06
10 43 -3.6554209887544074e-06 -7.1920844973989808e-08
10 44 -5.5430927291948859e-06 -2.6954089917587134e-06
10 45 -3.6836954381461858e-06 -3.5192056912793588e-06
10 46 -4.4398420186801412e-06 4.4180927689751671e-06
10 47 -4.9888788442837820e-06 1.1238241046480636e-06
10 48 -4.9202947243393299e-06 5.4381014847293788e-06
10 49 -6.5450860223481802e-06 5.6079587350246362e-06
10 50 -8.8494734620389409e-06 -1.4262943669575433e-06
10 51 -2.9090232111642181e-06 6.8216160191110746e-06
10 52 -2.5605579331866131e-06 -2.3097690198462836e-06
10 53 1.6349056914127346e-06 -1.6695182766472635e-06
10 54 -1.7716051670408534e-06 1.4224829241186178e-05
10 55 -1.4852044508808644e-05 -1.0014700111591521e-05
10 56 -1.3238610380384149e-05 -5.2885283405931841e-06
10 57 -3.4717822795026596e-05 6.3028682395012706e-06
10 58 -2.9131232343354330e-05 -1.0365192607625180e-05
10 59 -8.1311850538602433e-06 -2.2418319981271559e-05
10 60 -7.4190425555803927e-05 2.6537550054727613e-05
10 61 -1.3815469704243650e-04 2.0389836563280021e-05
10 62 -2.4726134116981362e-05 2.6040369471449876e-05
10 63 -2.7246802739003569e-06 1.1494698745777680e-05
10 64 -2.0282527655810073e-04 -6.8721148218677425e-05
10 65 -2.7854482975900824e-05 -3.2025532626644300e-05
10 66 -2.4657255064545559e-05 -9.9898618812709907e-05
10 67 -9.9136214079348765e-05 -6.1851940140610382e-05
10 68 -6.6305454482548393e-05 -2.2842942781545936e-05
10 69 -2.4682738807339918e-04 -2.1095675422909643e-04
10 70 -1.5294477030151125e-05 -3.5759015552757153e-04
10 71 1.7632303361044865e-05 1.3018335179174035e-04
