0 0 -1.2700158268241115e+00 -3.0982239982990364e-20
0 1 -2.0091162105755381e-01 6.7287594613528773e-20
0 2 -9.0635972669152132e-02 -1.3875743046221184e-21
0 3 -6.0476407600915945e-02 -1.1131096331599793e-21
0 4 -4.6784758504890611e-02 1.0906188096150356e-21
0 5 -3.8307941134426864e-02 8.3639625519325344e-24
0 6 -3.1329154696727375e-02 1.5162603919577105e-21
0 7 -2.6396878507288762e-02 2.2954884669866669e-22
0 8 -2.3284829750801320e-02 5.1129741816242831e-22
0 9 -2.1048838264314168e-02 -3.0501686390664247e-22
0 10 -2.0274822684750244e-02 -9.4108468536135039e-23
0 11 -1.9520410998060865e-02 -1.0194615591704715e-21
0 12 -1.7184269498383180e-02 -1.0060728815123499e-21
0 13 -1.5023782562193813e-02 5.3427702992753322e-22
0 14 -1.2971239572120692e-02 9.6657478183694487e-23
0 15 -1.1979637450426675e-02 3.9850675343488974e-22
0 16 -1.1567648373516475e-02 4.8754654533644178e-22
0 17 -1.1045398206425609e-02 1.5669819301236928e-22
0 18 -9.8813757108319189e-03 -3.6499657470830847e-22
0 19 -8.4753345038853893e-03 7.3207931605473640e-22
0 20 -7.5101194921347982e-03 -2.4578975193655169e-22
0 21 -6.0392860472202169e-03 -1.9376768695809006e-22
0 22 -4.5563330292221864e-03 -5.9706546399420406e-23
0 23 -3.7361955634236024e-03 -6.1569756720374322e-23
0 24 -3.1712260876469171e-03 1.5110773739591709e-22
0 25 -2.5853068237489032e-03 -5.7874573938550760e-24
0 26 -2.1352004507393433e-03 1.7900360111797741e-23
0 27 -1.7750396584262714e-03 4.8892558391760390e-23
0 28 -1.4714132549014235e-03 -1.4023090777483719e-23
0 29 -1.2326474415291543e-03 -3.3658397170885149e-24
0 30 -9.9415834790605399e-04 4.6283106322758004e-23
0 31 -7.8951169605712449e-04 1.3884936735499825e-23
0 32 -6.7160507470857096e-04 -2.7063070437265214e-23
0 33 -6.0037088057140228e-04 2.5236331259878759e-23
0 34 -5.6915187671799437e-04 1.1394544828363961e-23
0 35 -5.7118697966280542e-04 1.5402914675275422e-23
0 36 -5.7591635251982788e-04 5.7763963083623703e-24
0 37 -6.0145709971165182e-04 1.9906208522820583e-23
0 38 -6.5516061977598510e-04 -1.1587917479922316e-23
0 39 -7.1379514161650057e-04 -5.6749591130311662e-23
0 40 -7.8333573795594388e-04 3.1941435117766960e-23
0 41 -8.6533336374626112e-04 5.1650758646948287e-23
0 42 -9.3317119530606342e-04 -2.1087830431827936e-23
0 43 -1.0591157116529506e-03 2.9685601393126313e-23
0 44 -1.2231543853189922e-03 3.1181635150860039e-23
0 45 -1.3777676328024947e-03 -2.6986784893564246e-23
0 46 -1.5015237372324733e-03 6.7242496669853525e-23
0 47 -1.6451993979523238e-03 1.1885846605839852e-23
0 48 -1.8445118758369061e-03 -6.6393967618760878e-23
0 49 -2.0702212971537804e-03 -1.0649474854878822e-22
0 50 -2.2576755261948431e-03 6.3002069466212325e-23
0 51 -2.4466049133033485e-03 -7.5464841594920639e-23
0 52 -2.7340596204514312e-03 -3.9065022066151235e-23
0 53 -3.2149588454114318e-03 5.6829038455648750e-24
0 54 -3.8561052757537790e-03 2.4756871840504745e-22
0 55 -4.4585810072936913e-03 3.2673938322008578e-22
0 56 -5.0662697409102758e-03 1.7010414965706444e-22
0 57 -5.9866967862428899e-03 -1.5310535118243550e-24
0 58 -7.4841991787318891e-03 9.5104432336012646e-23
0 59 -8.9586462177754407e-03 -1.6511082595283996e-22
0 60 -1.0591210464004901e-02 -3.1927838098528144e-22
0 61 -1.2284362471600701e-02 -9.4200541405807511e-22
0 62 -1.4189895012830779e-02 4.1422198688880634e-22
0 63 -1.7291553545693009e-02 4.9889174535409288e-22
0 64 -2.2370493097800211e-02 -1.0300718292102782e-23
0 65 -2.7919670577850900e-02 -3.7723486303740724e-22
0 66 -3.3510217780001232e-02 -1.4777238801501341e-21
0 67 -4.1422018497016148e-02 1.0708523496273636e-21
0 68 -5.1805303137870483e-02 -5.6492438577493839e-22
0 69 -6.5128364069668696e-02 -3.6774304224668361e-21
0 70 -9.4645212189555419e-02 -1.4132692563146566e-20
0 71 -2.0129828741674757e-01 -1.2540938006064049e-19
1 0 -4.1225131141614407e-01 -3.9363441111600291e-04
1 1 -1.2623648038499549e-01 1.7707997702317158e-03
1 2 -6.5741770536721256e-02 -9.7659779388328325e-05
1 3 -4.5202399698888056e-02 -3.3655687940541605e-05
1 4 -3.5457873775689722e-02 -2.3523453507158162e-04
1 5 -2.9186468767830428e-02 -1.5953911614099772e-04
1 6 -2.3951851902680895e-02 -9.4663495271340322e-05
1 7 -2.0230958447513089e-02 3.5484040764297639e-05
1 8 -1.7824433579432444e-02 1.2403428741875920e-04
1 9 -1.6125721583094978e-02 8.2206673167519752e-05
1 10 -1.5575898113613061e-02 1.5793560994524786e-05
1 11 -1.4923999258700924e-02 -3.1205329126625974e-05
1 12 -1.3160921802090298e-02 -1.0866072327422304e-05
1 13 -1.1529513042804918e-02 -6.0822544229429285e-05
1 14 -9.9312991596507468e-03 -2.6803013430535388e-05
1 15 -9.1417119093091109e-03 -1.5732655332944324e-05
1 16 -8.8763586292670872e-03 1.3881362830935510e-05
1 17 -8.4596866832503635e-03 -2.6176951713564861e-05
1 18 -7.5171423036842584e-03 3.3552391538482754e-05
1 19 -6.4961253788348551e-03 7.1839512962699228e-05
1 20 -5.7951402280891967e-03 6.5897324927035442e-05
1 21 -4.6353112742739660e-03 4.1541916048881153e-05
1 22 -3.4707448761495795e-03 1.0649563335241098e-05
1 23 -2.8486898250197528e-03 1.5775532022035693e-05
1 24 -2.4246375693885336e-03 1.9604675921208551e-05
1 25 -1.9806414351671423e-03 9.8957261352515184e-07
1 26 -1.6361157621683448e-03 2.4547931850380021e-06
1 27 -1.3596100889162459e-03 1.6277022445473459e-06
1 28 -1.1232970838524314e-03 5.6674572401267325e-06
1 29 -9.3569478767371146e-04 -1.7236243414352945e-06
1 30 -7.5908041690635371e-04 1.3334485734613197e-06
1 31 -6.0338791224944291e-04 -1.0079122648286349e-06
1 32 -5.1503598005093554e-04 -2.1580438919083132e-06
1 33 -4.5961924151763595e-04 -2.6864836281000180e-06
1 34 -4.3441950645508053e-04 -1.2553750030577502e-06
1 35 -4.3598553976301484e-04 -9.9605942373703467e-07
1 36 -4.3999364055580519e-04 -1.1788582655558052e-06
1 37 -4.5976579241691106e-04 6.1738001433326144e-08
1 38 -5.0088932955113174e-04 6.8892447805747134e-07
1 39 -5.4412287260318553e-04 -1.4065706292654047e-06
1 40 -5.9719475118816300e-04 1.8814375672578219e-06
1 41 -6.5985897017174853e-04 4.7277865942377530e-06
1 42 -7.1410838527057681e-04 -1.5972929217027337e-06
1 43 -8.0973197174464737e-04 -3.7494248005711160e-06
1 44 -9.3344155849737988e-04 -5.8379832665386824e-06
1 45 -1.0505980934668918e-03 -7.1509779332322777e-06
1 46 -1.1516191053846131e-03 1.9828936865375858e-07
1 47 -1.2602333238077666e-03 -1.9019701933835669e-06
1 48 -1.4141395507000574e-03 -9.6811835891808596e-06
1 49 -1.5829614446654749e-03 2.2852697158912975e-06
1 50 -1.7267612452960225e-03 2.0579166067849028e-06
1 51 -1.8762427934830371e-03 4.8248128846894405e-06
1 52 -2.0945849348298698e-03 2.8540165839018605e-08
1 53 -2.4591027047621687e-03 -1.8158060555744894e-06
1 54 -2.9383129321149675e-03 -7.1879030494914815e-07
1 55 -3.3970362829087927e-03 2.3276732159474628e-06
1 56 -3.8629894205806882e-03 1.0870960407178359e-05
1 57 -4.5598066167046557e-03 2.5332536885911170e-05
1 58 -5.7110906194957978e-03 3.8578522378772463e-05
1 59 -6.8293899039784086e-03 3.4395400560794974e-05
1 60 -8.0640898867551953e-03 5.6212417834167354e-05
1 61 -9.3758503011113596e-03 3.1627380724153349e-05
1 62 -1.0807171554627518e-02 3.9290161077682461e-05
1 63 -1.3181160428639789e-02 2.9304421104111345e-05
1 64 -1.7047230071198304e-02 -3.4612947559470483e-05
1 65 -2.1371611686874178e-02 1.8728106464464022e-05
1 66 -2.5519287559360105e-02 9.5550016035033874e-06
1 67 -3.1506189583827435e-02 1.7535615887802179e-04
1 68 -3.9456075749374243e-02 5.2301926887037215e-05
1 69 -4.9054603188883848e-02 -3.0546000007279362e-05
1 70 -6.9319640192347279e-02 1.8612933648627102e-04
1 71 -1.2701586530210907e-01 -2.0594252268253338e-04
2 0 -1.4160528444581752e-01 3.9396205664178868e-04
2 1 -6.4046077613408872e-02 1.7336676982129698e-03
2 2 -3.7823834169366341e-02 -1.1705139965436735e-04
2 3 -2.6965423199072025e-02 -9.1731196441753292e-05
2 4 -2.1666026979952496e-02 -2.8439108287435158e-04
2 5 -1.7964672943074311e-02 -1.6576685406732307e-04
2 6 -1.4848343521050623e-02 -1.5149853084585430e-04
2 7 -1.2605188459615299e-02 6.8593127029498735e-05
2 8 -1.1054527926107695e-02 1.9085243890612581e-04
2 9 -1.0067513089974842e-02 1.2625779052317200e-04
2 10 -9.7534527705667711e-03 4.6208244778793232e-05
2 11 -9.2691607934778826e-03 -2.9472100261625647e-05
2 12 -8.2198057486125662e-03 -1.8901385332267987e-05
2 13 -7.2273124114502563e-03 -9.8942788012031010e-05
2 14 -6.2000296458874391e-03 -6.9645597638435608e-05
2 15 -5.6565797402749153e-03 -2.7056229674678317e-05
2 16 -5.5293281932774479e-03 1.5608863695844747e-05
2 17 -5.2546553083662011e-03 -3.3455529522712920e-05
2 18 -4.6208107751417775e-03 5.5615243736069151e-05
2 19 -4.0369687374532115e-03 8.9922894801560386e-05
2 20 -3.6667082523780541e-03 7.8946084539623890e-05
2 21 -2.8840664109975223e-03 5.6607234237494915e-05
2 22 -2.1368356186864867e-03 1.2861808457630517e-05
2 23 -1.7552989792636760e-03 2.2390010046430882e-05
2 24 -1.4951130703904432e-03 3.0603471246744418e-05
2 25 -1.2324780867402785e-03 1.6924144432229582e-07
2 26 -1.0191335258660703e-03 5.1037561715979304e-06
2 27 -8.4290208819391937e-04 2.5389099737080484e-06
2 28 -6.9585184829056414e-04 8.9571755542516531e-06
2 29 -5.7158968488484161e-04 -3.9285640627301427e-06
2 30 -4.6969094431638018e-04 8.8497582975686310e-07
2 31 -3.7306464565390360e-04 -1.1527140761499909e-06
2 32 -3.2187945167905593e-04 -2.8302623888512869e-06
2 33 -2.8423343412071572e-04 -2.9856271597543843e-06
2 34 -2.6846232467721699e-04 -1.7347241787428086e-06
2 35 -2.6916621326600435e-04 -1.4168166436355529e-07
2 36 -2.7306489769071885e-04 -1.9493447742693320e-06
2 37 -2.8538600644473873e-04 4.2492222989389765e-07
2 38 -3.1107700850271805e-04 1.4472059987111456e-06
2 39 -3.3574567293432684e-04 -1.6046839303532244e-06
2 40 -3.6843507021265900e-04 1.3147123016882729e-06
2 41 -4.0623995307038913e-04 7.1001556352118738e-06
2 42 -4.4225549167421183e-04 -1.6444680736224007e-06
2 43 -5.0345122158298246e-04 -5.2522012403836057e-06
2 44 -5.7685888563562329e-04 -6.8808891936191071e-06
2 45 -6.4715592555800888e-04 -7.6938276915468865e-06
2 46 -7.1736906827833289e-04 1.2918504299741014e-07
2 47 -7.8590957679399787e-04 -7.4976367803691704e-07
2 48 -8.8453970944181416e-04 -1.5262484025309281e-05
2 49 -9.8426576340956778e-04 2.7948317667133484e-06
2 50 -1.0729707401941611e-03 4.0848759847030718e-06
2 51 -1.1702334783951121e-03 6.8388758202408028e-06
2 52 -1.3048784349123073e-03 -1.4334790305926625e-06
2 53 -1.5244234358174774e-03 -2.9554730091909976e-06
2 54 -1.8181019848192638e-03 -3.5020006453402258e-06
2 55 -2.0916287480534398e-03 -4.0152343846810523e-08
2 56 -2.3849994919306859e-03 1.1857855135500651e-05
2 57 -2.8053976466949218e-03 3.1570038181724395e-05
2 58 -3.5113508938008739e-03 5.1816501127620866e-05
2 59 -4.2000696447887448e-03 2.5408338278670186e-05
2 60 -4.9575660474154952e-03 6.4362173426154830e-05
2 61 -5.8036261370103554e-03 2.6227791753333758e-05
2 62 -6.6597031972928638e-03 4.5841789980957925e-05
2 63 -8.1680623875451473e-03 2.0010291680842050e-05
2 64 -1.0577195488343384e-02 -6.5435730972257508e-05
2 65 -1.3344896104755187e-02 7.5497928107092004e-06
2 66 -1.5693086619528816e-02 -5.6471017734432251e-05
2 67 -1.9386423681614813e-02 2.3330839792129679e-04
2 68 -2.4398744863157597e-02 1.2619361097084316e-05
2 69 -2.9608764846068444e-02 -1.1948154775659535e-04
2 70 -4.0007182007112792e-02 8.4086439633850830e-05
2 71 -6.2798838407612356e-02 -6.7111386345632435e-05
3 0 -5.1612980862126845e-02 6.6780033158706669e-04
3 1 -3.0206870511005190e-02 6.6539977333444976e-04
3 2 -2.0100993395028004e-02 -9.7966628855145044e-05
3 3 -1.4941005101816176e-02 2.5799665263492611e-05
3 4 -1.2174763507503761e-02 -2.4078280600756339e-04
3 5 -1.0150003233853599e-02 -9.7781479704311109e-05
3 6 -8.5120018699889298e-03 -1.7092024357503018e-04
3 7 -7.2992334795603936e-03 7.7283253458742938e-05
3 8 -6.3241292475070673e-03 1.8938319360669329e-04
3 9 -5.8363244009751025e-03 1.4284283924797552e-04
3 10 -5.6712730435363760e-03 4.2740032179148127e-05
3 11 -5.3621100865819792e-03 -1.6569634471752856e-05
3 12 -4.7843614394547920e-03 -2.4296377799789180e-05
3 13 -4.2234370149336680e-03 -1.1253999071830123e-04
3 14 -3.6003547472210854e-03 -9.6136964355216371e-05
3 15 -3.2467280000131097e-03 -3.8936842773617320e-05
3 16 -3.1676105253286356e-03 1.3493167643854788e-05
3 17 -3.0125835356608873e-03 -2.6862576695622362e-05
3 18 -2.6310538738500725e-03 7.0954788864798597e-05
3 19 -2.3083747151025590e-03 6.6756803190290843e-05
3 20 -2.1517752765005957e-03 6.9355252239888525e-05
3 21 -1.6477658007901927e-03 4.4898544295700914e-05
3 22 -1.2071802370109486e-03 1.2157407836673394e-05
3 23 -1.0001165697512400e-03 2.1413450765276376e-05
3 24 -8.4476305511881262e-04 3.4795810301381293e-05
3 25 -7.1301271449187935e-04 -6.6646177430483723e-07
3 26 -5.8823204253996152e-04 6.4905589843630803e-06
3 27 -4.7940388261634767e-04 2.9086927205940293e-08
3 28 -3.9847150396289779e-04 1.0449726063786206e-05
3 29 -3.2170205160987267e-04 -6.3727992046067994e-06
3 30 -2.6763927209095569e-04 5.9304481304389093e-07
3 31 -2.1255112592137937e-04 -1.1450251286550111e-06
3 32 -1.8651335061308831e-04 -2.4834228817971034e-06
3 33 -1.6190802914854628e-04 -1.6496185670706948e-06
3 34 -1.5354108816490608e-04 -1.9446786260640835e-06
3 35 -1.5482019546130717e-04 8.8842707855606782e-07
3 36 -1.5719747089402238e-04 -2.3359794835066616e-06
3 37 -1.6366923320799168e-04 7.4702338935382857e-07
3 38 -1.7904363912899917e-04 2.3109665559466583e-06
3 39 -1.8986016441302887e-04 -2.4703497226831939e-06
3 40 -2.0882939492584862e-04 -7.7435316644299224e-08
3 41 -2.3016510032649532e-04 7.7611431289552015e-06
3 42 -2.5349734524849520e-04 -2.7191318914927780e-06
3 43 -2.8907032864427639e-04 -5.1708033952301484e-06
3 44 -3.3006759942429245e-04 -4.3637332782113754e-06
3 45 -3.6717806512561276e-04 -6.5314864932283610e-06
3 46 -4.1364463334130693e-04 -1.7288128111028796e-06
3 47 -4.5455793537245166e-04 1.2619948811985504e-06
3 48 -5.1510149713732589e-04 -1.5969696338555379e-05
3 49 -5.7066837258556253e-04 1.8879392769305298e-06
3 50 -6.1965909888135379e-04 7.8640597640007513e-06
3 51 -6.7478556607690986e-04 7.7853266218753481e-06
3 52 -7.5348272861184488e-04 -1.0058380651043952e-06
3 53 -8.7619949184753387e-04 -1.6622404063984718e-06
3 54 -1.0456134627335205e-03 -8.9230434295234399e-06
3 55 -1.1898313256361657e-03 1.3399232504769242e-06
3 56 -1.3560899131164824e-03 1.1002744937704530e-05
3 57 -1.5786041244310240e-03 2.3344813871150750e-05
3 58 -1.9773908847248302e-03 5.4417865535887521e-05
3 59 -2.3778179479670945e-03 -3.1499378846074754e-06
3 60 -2.7879101068318275e-03 5.7965313523393829e-05
3 61 -3.3229702699333241e-03 1.2195693088243911e-05
3 62 -3.7691799757847968e-03 1.8304516159702761e-05
3 63 -4.6822031536927228e-03 2.1015485624586721e-05
3 64 -6.0800696221762832e-03 -6.6652026552735364e-05
3 65 -7.7676932181452146e-03 5.9777684130009896e-06
3 66 -8.8718704536283974e-03 -1.4270127732894623e-04
3 67 -1.1046439934770141e-02 2.5822857488456573e-04
3 68 -1.3996180270359480e-02 -7.4847499073839083e-05
3 69 -1.6516756379276364e-02 -1.6744917337771796e-04
3 70 -2.1177081880737837e-02 7.7485620390635207e-05
3 71 -2.9390474650436718e-02 4.9623044258168773e-04
4 0 -1.9093235556371553e-02 6.4406742076680390e-04
4 1 -1.4155384635509242e-02 -1.3007967621777759e-04
4 2 -1.0316915070859928e-02 -1.2523029292818967e-04
4 3 -8.0630471591088652e-03 1.2601209191351678e-04
4 4 -6.5618767212905268e-03 -1.5552594097396796e-04
4 5 -5.4911970766742335e-03 -2.4760720258212925e-05
4 6 -4.6547497134753479e-03 -1.4343607021588352e-04
4 7 -4.0738796716017576e-03 5.4019876744585744e-05
4 8 -3.4857709385232882e-03 1.5248163491582808e-04
4 9 -3.2505820603589129e-03 1.2727563132393903e-04
4 10 -3.1662324836271003e-03 4.5038112181044562e-05
4 11 -3.0231736517258340e-03 -1.4663248806271208e-05
4 12 -2.7128903879520628e-03 -2.0116073335494156e-05
4 13 -2.3806694607311314e-03 -1.0799826097061303e-04
4 14 -2.0075804150588000e-03 -7.8708227615762656e-05
4 15 -1.7900546929028522e-03 -4.0960171176680890e-05
4 16 -1.7401504408675907e-03 9.0247878984265068e-06
4 17 -1.6606268139519511e-03 -1.8195590461152314e-05
4 18 -1.4525661986205471e-03 5.8246781306388108e-05
4 19 -1.2478115454252424e-03 1.5389257248566292e-05
4 20 -1.2223858176463283e-03 4.9229607746402492e-05
4 21 -8.9857509076877659e-04 3.1460863017381985e-05
4 22 -6.4381851577997016e-04 1.2325537202404012e-05
4 23 -5.5129743104170609e-04 2.0229302582730053e-05
4 24 -4.5796708468761043e-04 3.4168894669775346e-05
4 25 -3.9852906147620467e-04 -3.4858613451202748e-07
4 26 -3.2853146391057615e-04 5.8335228532901663e-06
4 27 -2.5950945154757830e-04 -4.1068145508060703e-06
4 28 -2.1748301263513462e-04 8.9865757433618604e-06
4 29 -1.7375319712093274e-04 -8.4620645737623559e-06
4 30 -1.4608430668476557e-04 6.2307305660021898e-07
4 31 -1.1605995871705700e-04 -1.1672782985935898e-06
4 32 -1.0342630603978151e-04 -2.3469219111239894e-06
4 33 -8.8338312314635423e-05 1.5495160134831843e-07
4 34 -8.4670719021270150e-05 -1.9276174063620551e-06
4 35 -8.6165824243531052e-05 5.6994894896922395e-07
4 36 -8.7803954655196745e-05 -2.0382889815310479e-06
4 37 -8.9771829835733730e-05 1.1298581490204765e-06
4 38 -9.9089990536593747e-05 2.6896398451870868e-06
4 39 -1.0202487018204500e-04 -3.2513772164667040e-06
4 40 -1.1289245614769018e-04 -2.7967035643597715e-08
4 41 -1.2312307502913267e-04 7.5776309232176025e-06
4 42 -1.4064883236743954e-04 -4.5081243175182064e-06
4 43 -1.5821259755055268e-04 -4.8044851650965302e-06
4 44 -1.8081528480725243e-04 -2.3818591856218159e-06
4 45 -1.9966826361294624e-04 -6.7981756176946894e-06
4 46 -2.2870841151745585e-04 -2.9927481384578290e-06
4 47 -2.5159763072483927e-04 3.8371955455378673e-06
4 48 -2.8905746383808514e-04 -1.6193276971443687e-05
4 49 -3.2050703699454321e-04 6.0721333191136781e-07
4 50 -3.4384982986347337e-04 1.0887500548983085e-05
4 51 -3.7276328386359872e-04 7.2454295800080928e-06
4 52 -4.1654226118275050e-04 2.6188094831505190e-06
4 53 -4.8438352394793356e-04 1.4634790805097448e-06
4 54 -5.8084179217161446e-04 -1.1709205992308174e-05
4 55 -6.4794885241743750e-04 3.3394283708467479e-06
4 56 -7.3872279027363736e-04 3.5199100298354115e-06
4 57 -8.3186276076750189e-04 1.5402652963802693e-05
4 58 -1.0522962100787780e-03 4.6132548136058805e-05
4 59 -1.2960027954608774e-03 -2.2074009665685599e-05
4 60 -1.4895981647598750e-03 5.9135521189176739e-05
4 61 -1.8323790438885452e-03 -1.0111176539873412e-05
4 62 -2.0342907121216089e-03 -2.0447482534335049e-05
4 63 -2.5872915378652478e-03 4.6820121809751402e-05
4 64 -3.3517450526280176e-03 -4.2597195972041524e-05
4 65 -4.3899567340549058e-03 -1.1214501354041471e-05
4 66 -4.7644848035871962e-03 -1.7044254249557283e-04
4 67 -6.0296296805955893e-03 1.8657505109582356e-04
4 68 -7.6704282747519859e-03 -8.5531771640619286e-05
4 69 -8.9210468658492727e-03 -2.2038648932092898e-04
4 70 -1.0771187326052785e-02 1.2514272957160074e-04
4 71 -1.3409213624819671e-02 4.8266256505225268e-04
5 0 -7.6416763122363384e-03 2.8973311680026209e-04
5 1 -6.9810748605124776e-03 -4.4009294246072762e-04
5 2 -5.2023160417095440e-03 -1.6898354732519457e-04
5 3 -4.2822574160469801e-03 1.5097612733884917e-04
5 4 -3.4424941181447587e-03 -7.9513366444337557e-05
5 5 -2.9080379781026913e-03 -3.1408127821247850e-06
5 6 -2.4603083495640869e-03 -6.6599952219090122e-05
5 7 -2.2020425875942185e-03 3.8010660350189071e-05
5 8 -1.8542214945287449e-03 1.1194971618958176e-04
5 9 -1.7572745833641401e-03 1.0180838235939299e-04
5 10 -1.7111828949910423e-03 4.2736898757254613e-05
5 11 -1.6640583519800922e-03 -9.6074135083232328e-06
5 12 -1.5146979954704192e-03 -3.7508235221905076e-06
5 13 -1.3153594754798487e-03 -8.7754496878236202e-05
5 14 -1.0940364794231612e-03 -4.7049012841678705e-05
5 15 -9.4915707544209068e-04 -2.6654595324862292e-05
5 16 -9.3826515108532099e-04 6.6061724237091334e-07
5 17 -9.0266746997467345e-04 -1.6672458220188334e-05
5 18 -7.9097867017447366e-04 3.5457198900241081e-05
5 19 -6.3045554495179661e-04 -2.5374858815040101e-05
5 20 -6.8742204619956482e-04 2.4678662857339750e-05
5 21 -4.7528932539832254e-04 2.4690829074839186e-05
5 22 -3.2711952550107360e-04 1.0958860679554096e-05
5 23 -2.9843960528319678e-04 1.9356310134622125e-05
5 24 -2.4027865220076452e-04 2.8995466203317575e-05
5 25 -2.1597714733930350e-04 -3.6259127872316025e-07
5 26 -1.7983549819291020e-04 5.9491968945649283e-06
5 27 -1.3711933995296091e-04 -6.7852586042066865e-06
5 28 -1.1474682447670769e-04 6.0772452406245494e-06
5 29 -9.0731995286815254e-05 -8.8410889196984431e-06
5 30 -7.7940871922285609e-05 1.4205885018396679e-06
5 31 -6.1560661048658209e-05 -1.1162546725216769e-06
5 32 -5.5386354622187797e-05 -2.5415739197770048e-06
5 33 -4.6437727773852443e-05 2.1661832838769363e-06
5 34 -4.4968038282185006e-05 -1.7555486806125373e-06
5 35 -4.6692831548740252e-05 -4.8639518395520711e-07
5 36 -4.8112569533564538e-05 -1.8562755865954945e-06
5 37 -4.7122669817668006e-05 1.3259157543695514e-06
5 38 -5.3549512835363001e-05 2.3847614947596580e-06
5 39 -5.2372193914089219e-05 -3.1771799926904696e-06
5 40 -5.8743728265545352e-05 5.3307027294449584e-08
5 41 -6.2354032442408656e-05 6.1933933800149823e-06
5 42 -7.7617263402707522e-05 -3.9121958572567621e-06
5 43 -8.2791161413219502e-05 -3.9525551514060842e-06
5 44 -9.6272633050824885e-05 -2.8016974262071292e-06
5 45 -1.0541433529425456e-04 -7.3046988119951796e-06
5 46 -1.2240274970332953e-04 -2.5007184974254584e-06
5 47 -1.3290502547112253e-04 2.7956849204343734e-06
5 48 -1.5676569202033677e-04 -1.4833879914182883e-05
5 49 -1.7769142462493613e-04 -5.9155988489211854e-07
5 50 -1.8314198527859556e-04 1.3143615854787903e-05
5 51 -2.0113077434110393e-04 3.8939451002114819e-06
5 52 -2.2609122590826100e-04 4.7111367917563867e-06
5 53 -2.6221511623861790e-04 8.8790870520206313e-07
5 54 -3.1345293804219685e-04 -1.1603202235635670e-05
5 55 -3.3907843373579927e-04 6.3531079574995760e-06
5 56 -3.9105343848927900e-04 -1.9092412947832115e-06
5 57 -4.1213208123260745e-04 1.3210915640232176e-05
5 58 -5.3776978056823896e-04 4.1705351997858929e-05
5 59 -6.9685602076581706e-04 -2.7747719926262672e-05
5 60 -7.7146940077064746e-04 5.1671865090753170e-05
5 61 -9.9503962352060112e-04 -3.2709142354124421e-05
5 62 -1.0639896438597461e-03 -4.8278066019813491e-05
5 63 -1.4008414374530851e-03 5.1765282619036399e-05
5 64 -1.8016800964445175e-03 -9.0154971358443832e-06
5 65 -2.4719598208395172e-03 -4.1345248749627712e-05
5 66 -2.4667826738151055e-03 -1.3685211198046196e-04
5 67 -3.1283979939667260e-03 1.2397600901023113e-04
5 68 -4.1047972313753801e-03 -1.3856187570663629e-04
5 69 -4.7144688910470620e-03 -2.0362596404302155e-04
5 70 -5.3701970575288022e-03 7.8389581366167133e-05
5 71 -6.1615587467220576e-03 2.9608002848800270e-04
6 0 -3.4281855043915639e-03 -4.8149030122760876e-05
6 1 -3.5234415208339658e-03 -4.7278083111277291e-04
6 2 -2.5358042914633903e-03 -1.1369345881265727e-04
6 3 -2.2565655239758261e-03 1.5642919573836470e-04
6 4 -1.7941222138071298e-03 1.0320571968469069e-05
6 5 -1.5207976120906730e-03 -1.5284838748057846e-05
6 6 -1.2632058174313796e-03 3.0724718441096361e-05
6 7 -1.1681847019554923e-03 5.0772604851933406e-05
6 8 -9.3971860551587917e-04 9.5390626651808874e-05
6 9 -9.3205981254333541e-04 6.7281503339153772e-05
6 10 -9.0296981455101116e-04 3.8011999235850041e-05
6 11 -8.8274456446867620e-04 1.6983338293191620e-05
6 12 -8.3354367527058062e-04 1.0911542688618759e-05
6 13 -7.2663080076812827e-04 -6.4390526476249842e-05
6 14 -6.0251613375795316e-04 -3.3395319373465860e-05
6 15 -4.7703892179269133e-04 -9.0541744913738833e-06
6 16 -5.1376067041375363e-04 6.1356322720685196e-07
6 17 -4.7758567186170124e-04 -1.2630233314958658e-05
6 18 -4.3596233051843106e-04 2.2621357095993552e-05
6 19 -2.9247380913238432e-04 -2.5617959620543546e-05
6 20 -3.8284293759007810e-04 1.3105023722930407e-05
6 21 -2.6133976964460898e-04 7.4435127332254644e-06
6 22 -1.5337176703596441e-04 1.0094686177556578e-05
6 23 -1.5862727399492329e-04 1.4013966324608982e-05
6 24 -1.2326978960540874e-04 2.2841172320757012e-05
6 25 -1.1248874084206529e-04 -2.1727446342871712e-06
6 26 -1.0095859160984216e-04 6.0813475316598720e-06
6 27 -7.3192144834572747e-05 -5.6562231669948797e-06
6 28 -5.9095618645116630e-05 4.1860215694344331e-06
6 29 -4.6249074005228131e-05 -8.0782571874910454e-06
6 30 -4.1138823587328840e-05 1.0013089200321506e-06
6 31 -3.2551379382543664e-05 -8.2252127730929615e-07
6 32 -2.9138600005173531e-05 -2.1688345147133859e-06
6 33 -2.3040376890693113e-05 4.2159271556314072e-06
6 34 -2.2629152682341921e-05 -1.4866639060115853e-06
6 35 -2.4696304054271817e-05 -1.4189888341710577e-06
6 36 -2.5512587169278211e-05 -1.4541212850183783e-06
6 37 -2.3971802813691906e-05 1.2280223938865334e-06
6 38 -2.8216677643175967e-05 1.7811856549478763e-06
6 39 -2.5361576598157285e-05 -3.0807288370093444e-06
6 40 -2.9162613030621681e-05 6.3858605563722631e-07
6 41 -3.0159283992218238e-05 5.1782795888776694e-06
6 42 -4.2445305980921845e-05 -1.4047493924101210e-06
6 43 -4.1396196384143744e-05 -3.2848063296311546e-06
6 44 -5.0617506259191835e-05 -3.7691569168750662e-06
6 45 -5.3939322355828784e-05 -6.6946275920560206e-06
6 46 -6.3392413148659034e-05 -3.6436100083251764e-06
6 47 -6.6737579875073152e-05 1.6783066201133918e-07
6 48 -8.1981703770126269e-05 -1.3644772873697460e-05
6 49 -9.7170205268767336e-05 -8.4400185159119028e-07
6 50 -9.1719650877881845e-05 1.3522759312576303e-05
6 51 -1.1099422141982794e-04 -2.4052128753340941e-07
6 52 -1.2234810109566807e-04 1.2104226035408433e-06
6 53 -1.4040370229612963e-04 -3.8248541483531642e-06
6 54 -1.6447222246716172e-04 -9.7385092184829513e-06
6 55 -1.6995082956474663e-04 8.0681240396699738e-06
6 56 -2.0674649392139635e-04 -1.2154805946693536e-06
6 57 -1.9609549604796036e-04 9.2616880412210687e-06
6 58 -2.7350331164039559e-04 3.1038497786700149e-05
6 59 -3.7814731030273095e-04 -1.9229911823838692e-05
6 60 -4.0136197805622399e-04 5.1386978715390042e-05
6 61 -5.4644885591661140e-04 -4.8998095016924939e-05
6 62 -5.5280443996694791e-04 -4.6031992058497803e-05
6 63 -7.5113662882098217e-04 3.9606576383587011e-05
6 64 -9.4644515941179059e-04 1.1303419108959655e-05
6 65 -1.4208666110151582e-03 -9.4397295859723613e-05
6 66 -1.2509823769760934e-03 -5.6385041301830943e-05
6 67 -1.5452514519035396e-03 6.5077376312376307e-05
6 68 -2.2040571407075469e-03 -1.3094275424127690e-04
6 69 -2.4733003252798971e-03 -1.1591634819110733e-04
6 70 -2.6600372508504212e-03 1.8451571875800014e-05
6 71 -2.9146406975233997e-03 1.4509741180828795e-04
7 0 -1.6335676981285110e-03 -1.8779488824206491e-04
7 1 -1.7045358287168363e-03 -4.2016013409750555e-04
7 2 -1.1690256071422626e-03 -1.9047415188414962e-05
7 3 -1.1252052422968063e-03 1.0315206585628071e-04
7 4 -9.6733546786189478e-04 8.3577395396817396e-05
7 5 -7.5874179029075846e-04 2.1952305422495582e-05
7 6 -6.5263660584576207e-04 9.6607064477279519e-05
7 7 -6.2754371070338096e-04 6.8285370498073506e-05
7 8 -4.4351920672212409e-04 8.5505720434901381e-05
7 9 -4.7457873009745821e-04 4.4795522498670761e-05
7 10 -4.5827187036969570e-04 2.2698906677680199e-05
7 11 -4.4124046251507189e-04 5.5429574005954734e-05
7 12 -4.4873118276022217e-04 1.3580655059435745e-05
7 13 -4.0595200338292063e-04 -4.0920433697172232e-05
7 14 -3.4605224559515328e-04 -3.6977659911187736e-05
7 15 -2.1865375506814532e-04 2.4260644488059825e-06
7 16 -3.0524213421731917e-04 6.1972557153684461e-06
7 17 -2.2845177129806558e-04 -2.4979622201044983e-06
7 18 -2.4561243733217674e-04 8.9340613486611801e-06
7 19 -1.2490574399517165e-04 -1.2852697912481184e-05
7 20 -2.1419706796773326e-04 1.0396716340519073e-05
7 21 -1.5122966929815809e-04 -6.9383639880168692e-06
7 22 -6.7371930777218188e-05 8.5821653136308570e-06
7 23 -8.1155043115464071e-05 1.0599427799308739e-05
7 24 -6.1133651554730713e-05 2.0867862816256418e-05
7 25 -5.8504882540796757e-05 -5.0355798128831163e-06
7 26 -6.0245067721905385e-05 5.0921635918252065e-06
7 27 -3.9461118290242687e-05 -2.2613272470406772e-06
7 28 -2.8293305263648305e-05 2.2968818817743747e-06
7 29 -2.2676305148011068e-05 -7.0682382653681651e-06
7 30 -2.0969465978975883e-05 9.9988959274015993e-07
7 31 -1.7493711126093921e-05 -6.6496525417837957e-07
7 32 -1.5177572503102246e-05 -1.6938831421515904e-06
7 33 -9.9669173863216197e-06 5.1168932561170398e-06
7 34 -1.0427191408275977e-05 -1.4754629861480985e-06
7 35 -1.2469937465291285e-05 -1.7339219887313746e-06
7 36 -1.2579970793090318e-05 -7.1391331161700374e-07
7 37 -1.1914783247813214e-05 7.1325372459049586e-07
7 38 -1.4741785119508586e-05 1.8055517031578975e-06
7 39 -1.1248858195685441e-05 -3.1554974213973097e-06
7 40 -1.4465143168972496e-05 1.2223275477257304e-06
7 41 -1.4457263352134002e-05 3.9128674026317057e-06
7 42 -2.2592919116959031e-05 1.9652817268202099e-07
7 43 -2.0465587440844905e-05 -2.3335802855627716e-06
7 44 -2.6439784186232486e-05 -4.0080053142430688e-06
7 45 -2.8022876229150439e-05 -5.0534548826614806e-06
7 46 -3.1313287536218126e-05 -4.6416495714696934e-06
7 47 -3.0541400503995492e-05 -1.1145798514364697e-06
7 48 -4.1315637438100737e-05 -9.2733512547178109e-06
7 49 -5.2283084831760486e-05 -1.7779769151814531e-06
7 50 -4.2506379511807027e-05 1.1286933538308285e-05
7 51 -6.4200896374733068e-05 -5.2664756264019754e-06
7 52 -6.7478839156899235e-05 -9.3490605140728570e-07
7 53 -7.2685633157927319e-05 -8.7326931533042520e-06
7 54 -8.5291571461947160e-05 -5.1629874896971549e-06
7 55 -7.8525601309000813e-05 8.6007122927167785e-06
7 56 -1.1094394930220176e-04 2.9466406221234335e-06
7 57 -8.4113854733635241e-05 4.7841582316887984e-06
7 58 -1.3918716378524378e-04 2.2534191326025889e-05
7 59 -2.0937427213293900e-04 -1.1141581658026291e-05
7 60 -2.1956593259457198e-04 5.1186343422868980e-05
7 61 -3.0597034443813277e-04 -5.9387597095117055e-05
7 62 -2.9676785269087659e-04 -4.2886798703230245e-05
7 63 -3.8125173644026807e-04 2.9246831494167018e-05
7 64 -4.8630031161732662e-04 1.9650295860906991e-05
7 65 -8.2389847151459082e-04 -1.2463578095380109e-04
7 66 -6.3217349416833503e-04 -3.6688982428102445e-06
7 67 -7.5479526177722950e-04 -1.3141945789117730e-05
7 68 -1.2231736005780369e-03 -1.2979600109955740e-04
7 69 -1.2717339695380882e-03 -7.4735088352015884e-06
7 70 -1.2604034262325139e-03 -3.1758941734206441e-06
7 71 -1.4151356992382637e-03 7.2233408183252970e-05
8 0 -7.3317328653081052e-04 4.0221996766583748e-05
8 1 -7.7020919426640212e-04 -3.1000667364086226e-04
8 2 -5.1555314367658005e-04 4.6003782833906882e-06
8 3 -4.8027475243817404e-04 8.4665574121878690e-05
8 4 -5.5024704027624178e-04 7.0139680209217674e-05
8 5 -3.3696429929956558e-04 4.8597924083553027e-05
8 6 -3.3253265890031524e-04 1.3598038001264452e-04
8 7 -3.3788140283423152e-04 6.5298432613292083e-05
8 8 -1.8838235805216061e-04 5.7653602338575744e-05
8 9 -2.2804641287153604e-04 4.3946502596670874e-05
8 10 -2.4913300147119943e-04 -6.8017193449971444e-06
8 11 -2.0330728563400349e-04 6.6322299712181525e-05
8 12 -2.2901611506261042e-04 8.4320220335329079e-06
8 13 -2.2712633727753665e-04 -2.2241479461043211e-05
8 14 -2.1865565612938111e-04 -2.4304584170263476e-05
8 15 -8.7675356843347436e-05 3.9443872635632430e-06
8 16 -2.0558595912377345e-04 6.3805479460298243e-06
8 17 -9.4629806324723344e-05 8.6106405921427759e-06
8 18 -1.3092279664409859e-04 -6.0785972678091164e-06
8 19 -4.6645462414471038e-05 4.7289846993070990e-06
8 20 -1.2061824557589412e-04 1.3999852581191308e-05
8 21 -9.3414019814655556e-05 -7.7042813400336888e-06
8 22 -2.3127868535924070e-05 8.1038148710432737e-06
8 23 -3.7113305826727348e-05 7.0147564787739078e-06
8 24 -2.8996698966224487e-05 1.8221657893320436e-05
8 25 -3.3869200488305120e-05 -6.8753810937612228e-06
8 26 -3.6172071748670968e-05 2.4585686846340050e-06
8 27 -2.0715359071798483e-05 3.7756806719545872e-07
8 28 -1.1673265920855817e-05 -1.7866049506940361e-07
8 29 -1.0244058755396374e-05 -5.1845714431208709e-06
8 30 -1.0329782294037240e-05 2.1447718240163203e-06
8 31 -8.9854399111412343e-06 -6.2045027154455426e-07
8 32 -7.8551722623267499e-06 -8.6470711506566521e-07
8 33 -3.2456462880606235e-06 5.2269782912005175e-06
8 34 -4.1662250293963429e-06 -1.8538282992657932e-06
8 35 -6.3272924885743614e-06 -1.2777427964429075e-06
8 36 -5.7528928349149714e-06 -1.7899888550520225e-07
8 37 -5.5598104960761589e-06 5.2786371408571999e-07
8 38 -8.0694310631865123e-06 2.1449034769506644e-06
8 39 -4.6599815692487048e-06 -2.8159445722251730e-06
8 40 -7.1155993581388597e-06 8.9280107170651772e-07
8 41 -7.1571244259471366e-06 2.9504658858985675e-06
8 42 -1.1050899862405037e-05 1.1281355115295997e-06
8 43 -1.0742877874083543e-05 -1.3079359181660528e-06
8 44 -1.3320732665093936e-05 -3.7465383319605835e-06
8 45 -1.6642450871627337e-05 -2.5053492964297935e-06
8 46 -1.5217684934348842e-05 -5.1192540497134507e-06
8 47 -1.1338753730046808e-05 -1.9126560115356557e-06
8 48 -2.0061452667954810e-05 -7.1848690107733026e-06
8 49 -2.6732479482662482e-05 -4.0812707199622815e-06
8 50 -1.7199266417944315e-05 6.7367880082880684e-06
8 51 -3.4922199657598196e-05 -7.3316684656175953e-06
8 52 -3.7345851193520124e-05 -1.3887568759161046e-06
8 53 -3.2821037962087341e-05 -1.1636983235091574e-05
8 54 -4.8433211330113472e-05 -1.2693335259080833e-06
8 55 -3.3656322685271411e-05 8.8538646638340643e-06
8 56 -5.5340080074901478e-05 4.9625499988265778e-06
8 57 -2.9090254324336321e-05 4.7400525821974822e-06
8 58 -6.6344113294322248e-05 1.9032326704437466e-05
8 59 -1.2466696928351074e-04 -3.6357732173103644e-06
8 60 -1.2591790373077123e-04 4.5945070966130428e-05
8 61 -1.6836545694808177e-04 -5.9921060617465980e-05
8 62 -1.5275887064413905e-04 -4.3841025019935670e-05
8 63 -1.8083524605261834e-04 1.2532834620450491e-05
8 64 -2.1132764771745235e-04 5.2164599430374821e-05
8 65 -4.6147565865153385e-04 -1.2374579113607213e-04
8 66 -3.2622288415451949e-04 5.8814804038982864e-05
8 67 -3.5821588869009921e-04 -5.5671483019541800e-05
8 68 -7.6848832538327567e-04 -8.5359007171513689e-05
8 69 -6.6974686811332898e-04 1.5780220938644717e-05
8 70 -5.2809405873076212e-04 5.2998833277337127e-06
8 71 -6.1950620188313112e-04 -8.0557362229840237e-06
9 0 -2.8006902424208938e-04 2.1309503940259312e-04
9 1 -2.9748371919366520e-04 -2.4532818694671278e-04
9 2 -1.9315879583257009e-04 -2.0250489473250827e-06
9 3 -1.1772942801794048e-04 5.2335333701133362e-05
9 4 -3.5923546116838767e-04 5.6296050761425246e-05
9 5 -1.2267803310851981e-04 3.8728815478345860e-05
9 6 -1.5905158369051314e-04 1.4369010873285933e-04
9 7 -1.8407920591682479e-04 5.3730322806391185e-05
9 8 -5.9599073256225104e-05 2.2335506990392203e-05
9 9 -1.0378292075967601e-04 4.0801209143895776e-05
9 10 -1.5165064579339492e-04 -4.2019952840048940e-05
9 11 -7.4963742178899169e-05 6.7249047840160509e-05
9 12 -1.0737364005722835e-04 -1.1865674219289301e-06
9 13 -1.1946262107124328e-04 -2.5185183145914426e-05
9 14 -1.5418637676719977e-04 -6.8614946355240275e-06
9 15 -2.5135418753312939e-05 2.0810068528331390e-06
9 16 -1.5511140809579713e-04 6.5802557238906119e-07
9 17 -3.0190776835295351e-05 1.2165370030935442e-05
9 18 -6.0830078466379816e-05 -1.2313176898833678e-05
9 19 -1.4034458315818412e-05 1.4598594338141895e-05
9 20 -8.1931540382223125e-05 1.0698142323359288e-05
9 21 -6.2487355695052920e-05 -1.3489091749700356e-06
9 22 -6.5982625345468523e-07 8.9432737480559741e-06
9 23 -1.4762050339765842e-05 2.4225769548658112e-06
9 24 -1.2421738462316929e-05 1.7134306434314466e-05
9 25 -2.2184493241898395e-05 -6.0181713197757832e-06
9 26 -2.1195967238458872e-05 -1.3161665773042640e-07
9 27 -8.5492428872595847e-06 1.8219226054830593e-06
9 28 -3.1763088768447858e-06 -1.3364603429360588e-06
9 29 -3.2896031234878438e-06 -1.8744623402038929e-06
9 30 -4.6401583722896084e-06 2.2610157167071356e-06
9 31 -4.7862404410693335e-06 -4.8017206532239256e-07
9 32 -4.4373109626468278e-06 -8.6515228291836319e-07
9 33 -4.9226513753698785e-07 4.7717393274176699e-06
9 34 -1.0850745955644870e-06 -1.7724365595550094e-06
9 35 -3.5746609857282371e-06 -8.1886836631521646e-07
9 36 -2.3365433071759114e-06 -1.9006987831143682e-07
9 37 -2.8460832017628473e-06 2.0564996475109254e-07
9 38 -5.1206627699326111e-06 1.8225895099161681e-06
9 39 -2.1397622436077273e-06 -2.7724702331140895e-06
9 40 -3.1719711530794459e-06 -3.4753160797735050e-07
9 41 -4.1730380375149345e-06 1.6499199911946296e-06
9 42 -3.7789680503830352e-06 1.4443505485367180e-06
9 43 -6.4930582725818328e-06 -1.7735528197833116e-06
9 44 -5.8107836812009305e-06 -3.9378460446662977e-06
9 45 -1.0317644408296159e-05 -1.0356586598085738e-06
9 46 -9.1525736201819764e-06 -4.6370543847366956e-06
9 47 -2.2941349676519990e-06 -2.3396849654578122e-06
9 48 -1.0529944776617063e-05 -7.5209464494624619e-06
9 49 -1.1487834683983941e-05 -3.6262823655505098e-06
9 50 -5.4223602505149448e-06 2.9647464122112580e-06
9 51 -1.7003477781936163e-05 -6.1575018919199499e-06
9 52 -1.8649959204155998e-05 -7.2024671326836552e-08
9 53 -9.3196041727948997e-06 -1.1068093191712864e-05
9 54 -3.0903985058090143e-05 4.0882663286837980e-06
9 55 -1.2223296186421065e-05 8.5545332838351361e-06
9 56 -2.2092451457016046e-05 -3.9401109719536495e-07
9 57 -1.0157650227329675e-05 6.7039522102077761e-06
9 58 -2.6727663328151803e-05 1.1187477426615497e-05
9 59 -8.3635129262251600e-05 6.6149818077282408e-06
9 60 -7.6341908834940756e-05 4.8207495820084731e-05
9 61 -9.8589272558332363e-05 -5.8459049726026150e-05
9 62 -6.8275545910050271e-05 -3.7887879646767331e-05
9 63 -1.0182208715187829e-04 -5.1872939455755951e-06
9 64 -4.9057266790384233e-05 8.7985874478393607e-05
9 65 -2.2340745245340551e-04 -9.9072249236183832e-05
9 66 -1.6579602762610275e-04 8.8157724062861239e-05
9 67 -1.5678168047085291e-04 -4.6071853119209682e-05
9 68 -5.4497764177508716e-04 -6.5858101154493261e-05
9 69 -3.2519134732596921e-04 4.4561564765506939e-05
9 70 -1.1291502196417298e-04 1.5574158572548206e-05
9 71 -2.9958770776920710e-04 -9.1610784463647333e-05
10 0 9.1224530503538321e-05 3.8425964175635132e-04
10 1 -1.0228378205226005e-04 -2.0422975871313759e-04
10 2 -8.4934473791793583e-05 6.8670195560104124e-06
10 3 4.3383205515445327e-05 6.5666438475496422e-05
10 4 -2.8542580407536994e-04 6.1305058546869159e-05
10 5 1.9599171664621961e-06 3.3701496712379860e-05
10 6 -7.7401307462307906e-05 1.2971402730195924e-04
10 7 -9.7386610252009562e-05 3.9934939115699432e-05
10 8 3.8515504858204077e-06 -2.3361534308105070e-05
10 9 -4.7127962003039909e-05 3.4485478456834427e-05
10 10 -1.0053044891322228e-04 -7.4416432810804530e-05
10 11 -1.1425397769546725e-05 6.9787873009765405e-05
10 12 -5.9098721304073344e-05 2.6486091331162590e-06
10 13 -3.6402746411350657e-05 -2.6015804542247274e-05
10 14 -1.1381402405421337e-04 2.1064233685681857e-08
10 15 2.5703442278839495e-08 -6.6022260343941620e-06
10 16 -1.1936135191123035e-04 3.3882742250221480e-06
10 17 -7.7015053615048233e-06 1.0673783404996845e-05
10 18 -2.5966670462552263e-05 -1.0265499879912729e-05
10 19 -1.7723219335322520e-07 1.7632332789313728e-05
10 20 -6.6277205103632878e-05 6.8280217771459584e-06
10 21 -4.6422082504791197e-05 1.7721284622122235e-06
10 22 1.0366915192362797e-05 1.0417795174870328e-05
10 23 -2.0423121557760622e-06 1.3538148002199122e-06
10 24 -3.6748322985508471e-06 1.6265040293963998e-05
10 25 -1.6872199109219896e-05 -4.9701840465026380e-06
10 26 -1.3120350329958214e-05 -2.7218974724334542e-06
10 27 -1.6661686767063388e-06 2.0023567934219655e-06
10 28 1.1786169535801028e-06 -1.5709341684354655e-06
10 29 -8.3100015821796750e-08 1.1941599816575050e-06
10 30 -2.3069437908337478e-06 1.7760442315206898e-06
10 31 -2.9637557555768722e-06 -1.5146041222180322e-07
10 32 -2.8204716707311612e-06 -9.1123725205147936e-07
10 33 1.5399554749253177e-09 3.7492245961230119e-06
10 34 5.2285900079361284e-07 -1.6977921826952077e-06
10 35 -2.7646000055338778e-06 -8.7775977055812648e-07
10 36 -7.8955407399222062e-07 2.8771884327870001e-07
10 37 -1.2775834597231483e-06 -2.4202308216142468e-07
10 38 -3.0157849799972312e-06 1.0390753319071544e-06
10 39 -1.4530272840070536e-06 -3.2658316566330370e-06
10 40 -1.0439842320966194e-06 -1.0625747966779915e-06
10 41 -4.0357378147704886e-06 -4.0017963697870166e-07
10 42 5.6677723481054882e-07 6.8568404943615982e-07
10 43 -4.1881472424441322e-06 -2.5399262359020541e-06
10 44 -1.5770379929220338e-06 -3.4902391600419220e-06
10 45 -5.0824568831520496e-06 -1.9306001796148067e-06
10 46 -7.0044315278424411e-06 -2.8638222104320146e-06
10 47 2.8342937547409803e-06 -2.6283326187041248e-06
10 48 -7.2596352803939635e-06 -9.3585266294986671e-06
10 49 -3.4814759055523775e-06 -2.2630746937894766e-06
10 50 -1.3096933516617678e-06 1.4330128851809979e-06
10 51 -5.7292885433361450e-06 -4.4852235798510597e-06
10 52 -6.3404425998807867e-06 4.0926310776425138e-06
10 53 5.6852147583726254e-07 -7.7419328494018007e-06
10 54 -1.7507122784106260e-05 7.0309958883711406e-06
10 55 -2.5929370144901085e-06 9.8444253988903394e-06
10 56 -7.9494807049276232e-06 -3.3435765804077585e-06
10 57 -4.3599584720490939e-06 7.0181337653680851e-06
10 58 -5.3681033719371691e-06 3.4546302807013315e-06
10 59 -5.5684514081526295e-05 1.1496588210655676e-05
10 60 -5.4966026657612053e-05 5.0868748418467216e-05
10 61 -7.1767563669238840e-05 -5.9716075131276670e-05
10 62 -2.6671789714592103e-05 -5.0483270398476787e-05
10 63 -7.2370676878990290e-05 -1.6519578296468863e-05
10 64 2.7643850150824202e-05 1.1493815501811693e-04
10 65 -6.4192729253285754e-05 -6.5426692503256934e-05
10 66 -7.8144162571114789e-05 7.3857700124397592e-05
10 67 -5.6165282072123114e-05 -4.5539336354086665e-05
10 68 -3.7308771454610775e-04 -7.0331793548484669e-05
10 69 -1.3653541352744660e-04 7.3902894107711993e-05
10 70 1.1939413219549052e-04 -6.0228114398437663e-05
10 71 -1.5489960018870782e-04 -1.5872186703255411e-04
