0 0 -1.1684974443876923e+00 1.4949455793951718e-20
0 1 -1.6973390475675637e-01 -5.6862441144347694e-20
0 2 -7.4901812590991088e-02 -1.3244953343301479e-20
0 3 -5.0831076300101627e-02 3.0016614038901970e-21
0 4 -4.2457154518835041e-02 -1.2953160687549863e-21
0 5 -3.7321693112970601e-02 -1.0459308259054379e-21
0 6 -3.3569872636696051e-02 -6.1693893128928003e-22
0 7 -3.0218355987291612e-02 2.2835040585031794e-22
0 8 -2.7284853229010551e-02 -2.0700129815673304e-22
0 9 -2.3857883409522811e-02 1.2672627875119637e-21
0 10 -2.0758227758695000e-02 2.1139374858267377e-21
0 11 -1.6522320031649100e-02 -3.1343921489920802e-22
0 12 -1.3122508981312325e-02 3.4563771980976336e-22
0 13 -1.0600677821803857e-02 -1.2196427691940656e-23
0 14 -8.3603836642633829e-03 -8.6240685222273657e-23
0 15 -6.5014321123560304e-03 -2.0244722067525949e-22
0 16 -5.0642072332820051e-03 -6.1118081579161372e-23
0 17 -3.9734096165518987e-03 -1.5114770053502361e-23
0 18 -3.1756639114385926e-03 9.1359017804925873e-23
0 19 -2.5762271744562896e-03 -9.8489777048492181e-23
0 20 -2.0502473496160621e-03 -6.3635578638075427e-23
0 21 -1.7057892082290537e-03 -4.0338935331803802e-24
0 22 -1.4778953786998344e-03 -2.6478513913460617e-23
0 23 -1.2781896062262219e-03 -4.5658086053798892e-23
0 24 -1.1421825466163831e-03 -6.6241467599067078e-24
0 25 -1.0230724481006526e-03 2.6123188633271222e-23
0 26 -8.7409008769309367e-04 -1.0500651489319188e-23
0 27 -7.1101123209897892e-04 2.5448706691109995e-23
0 28 -6.0599211410555039e-04 -4.0352877736349861e-23
0 29 -5.2512821195204991e-04 -2.3628689940052532e-23
0 30 -4.5223059106413885e-04 3.8571217440154340e-23
0 31 -3.8938009688570241e-04 7.9170031363452014e-25
0 32 -3.3107365532795719e-04 -7.4697065157876046e-24
0 33 -2.7434743216080631e-04 -7.4579925340809853e-24
0 34 -2.3362372908140790e-04 -3.2341256937875254e-24
0 35 -2.0964020126767351e-04 -6.5812712883564342e-25
0 36 -2.0385475143599798e-04 3.3070848566783502e-26
0 37 -2.1159474721396429e-04 6.9054354598747555e-24
0 38 -2.2572113004514443e-04 1.4484589300870318e-24
0 39 -2.4511878845014416e-04 1.3133447490796184e-24
0 40 -2.8389432977245498e-04 -4.0009366111286989e-24
0 41 -3.3649981516460469e-04 3.1004131199800232e-24
0 42 -4.0610573550106904e-04 -1.2786211215618629e-23
0 43 -4.9238780757236169e-04 7.6687407210215095e-24
0 44 -5.6862217727647341e-04 1.9202082650539709e-23
0 45 -6.2579987288514959e-04 1.5314078551355077e-23
0 46 -6.8325330752056314e-04 1.6537722258545715e-23
0 47 -7.7705074478458020e-04 -2.3248826716497581e-23
0 48 -9.1565163464755496e-04 1.9048255093435624e-23
0 49 -1.0888277716631061e-03 4.8828497792769655e-24
0 50 -1.2732379047852194e-03 -1.3768463097850353e-23
0 51 -1.5109765912966356e-03 -2.0618213754850705e-23
0 52 -1.7869443685565448e-03 -1.4457189293160965e-24
0 53 -2.1230810499829516e-03 -2.4657770396364279e-23
0 54 -2.7263656115430685e-03 -1.4906969906271893e-23
0 55 -3.7025714077909282e-03 -8.0126519358963063e-23
0 56 -4.8109016576759504e-03 -9.9546037230114991e-24
0 57 -6.0723860948887426e-03 3.1521731379507207e-22
0 58 -7.1632927515903316e-03 -5.4871826841580829e-24
0 59 -7.8458519827566443e-03 -1.1106677637169026e-23
0 60 -8.8031558704753151e-03 6.8524695513157633e-22
0 61 -1.0211540861979120e-02 -2.2498976634872261e-23
0 62 -1.2314012926985460e-02 4.1017487700077539e-22
0 63 -1.5532978442926783e-02 3.1842893837255785e-22
0 64 -1.9303896976318999e-02 -4.7411774794518590e-22
0 65 -2.4113957033788897e-02 2.1784492474994846e-22
0 66 -2.9317442292683162e-02 2.3055678992876562e-22
0 67 -3.6313133747111516e-02 -8.6606221308987592e-22
0 68 -4.5246912642732603e-02 1.4138882784696557e-21
0 69 -5.5597499843160578e-02 -1.4604512666461230e-22
0 70 -7.8256372602885732e-02 8.5441914166895488e-21
0 71 -1.7221319963098952e-01 7.3256935829833969e-20
1 0 -3.5032783616455043e-01 1.3196930192527587e-03
1 1 -1.0243094835979968e-01 5.9987401482871521e-04
1 2 -5.4560231419016704e-02 3.3049930538775636e-04
1 3 -3.8505853399479630e-02 2.5030435473337551e-05
1 4 -3.2470375537419403e-02 -6.9024965987022369e-05
1 5 -2.8591671982407061e-02 -9.6183845748179278e-05
1 6 -2.5678534695932387e-02 -3.7212429938244080e-05
1 7 -2.3116052124744012e-02 1.0265597595791828e-04
1 8 -2.0820865806026625e-02 6.1367620456867684e-05
1 9 -1.8232757095694774e-02 6.5103762575273628e-05
1 10 -1.5707192874990651e-02 -4.1986427980794346e-05
1 11 -1.2595413487884502e-02 5.6207044977960686e-05
1 12 -1.0007627887022858e-02 -3.3128303519037606e-05
1 13 -8.0714353617391699e-03 4.2119808127952212e-05
1 14 -6.3708660177110915e-03 3.9236326550630722e-05
1 15 -4.9722924285895663e-03 -2.1455750579744405e-05
1 16 -3.8750468198803056e-03 -8.6971287517521999e-06
1 17 -3.0418720974636090e-03 8.7678771163110677e-06
1 18 -2.4243541445447573e-03 7.6941574718221737e-06
1 19 -1.9657761756000603e-03 -2.7578437915900036e-06
1 20 -1.5626729979737572e-03 1.8868023737287900e-06
1 21 -1.3006889756622024e-03 1.5416132322328880e-06
1 22 -1.1228654667219307e-03 -5.2377292469340252e-06
1 23 -9.7563436468074618e-04 -7.4022401576257497e-06
1 24 -8.7180548405299931e-04 -5.4572586099907019e-06
1 25 -7.8162430689071333e-04 -6.9533764811747225e-06
1 26 -6.6964018242598696e-04 -1.2760118839104314e-06
1 27 -5.4299166373510187e-04 2.7502983982307115e-06
1 28 -4.6293982620605707e-04 -5.6424905816932052e-07
1 29 -3.9961399385413907e-04 -4.0258279840553670e-07
1 30 -3.4486095813793119e-04 2.4323433306769596e-06
1 31 -2.9697119838957342e-04 1.5332878034027497e-06
1 32 -2.5325009989651142e-04 -4.8497683062264760e-07
1 33 -2.0933665947940247e-04 2.5150315442761638e-07
1 34 -1.7812217940511578e-04 3.8947638693655965e-07
1 35 -1.5970474849884086e-04 2.3858042421306919e-07
1 36 -1.5529519306757962e-04 -1.3432945382453717e-07
1 37 -1.6146204736944668e-04 1.7907923755743045e-07
1 38 -1.7232627325995670e-04 4.4137444793734490e-07
1 39 -1.8736624103867717e-04 8.0684894834567864e-07
1 40 -2.1735776889844201e-04 3.0700915517373678e-07
1 41 -2.5717808730792662e-04 -9.2747862141196143e-07
1 42 -3.0981176164662983e-04 -4.4949733796041685e-07
1 43 -3.7590466200103806e-04 -4.3615908678287002e-07
1 44 -4.3448166389990485e-04 -1.9304485432509604e-06
1 45 -4.7900216998031950e-04 -1.5935064708269702e-07
1 46 -5.2074382198869526e-04 2.3873114882223040e-06
1 47 -5.9236072916640434e-04 9.5478466709113367e-07
1 48 -6.9898156456532493e-04 8.3954669161657935e-07
1 49 -8.2930833990779718e-04 3.2724443582816507e-06
1 50 -9.7035248200145802e-04 -2.8430641183797973e-06
1 51 -1.1574547276239969e-03 -8.7107166246353870e-06
1 52 -1.3646185913706980e-03 -4.7823499463242811e-06
1 53 -1.6208778831982172e-03 7.6185860266829950e-06
1 54 -2.0814326945185523e-03 3.2557516310461339e-06
1 55 -2.8151542505563637e-03 1.7789659948989344e-06
1 56 -3.6562685414442625e-03 7.8277734419681234e-06
1 57 -4.6436382970459012e-03 -3.2068221709366839e-06
1 58 -5.4625308905784271e-03 3.7735903761377182e-06
1 59 -5.9802987343389414e-03 -9.0049385631737004e-06
1 60 -6.7119438782467893e-03 3.2456013114633486e-05
1 61 -7.7694521168475911e-03 2.5575764718758354e-05
1 62 -9.3956752302899790e-03 2.2555572851771946e-05
1 63 -1.1829736460884926e-02 -1.1669482848231909e-05
1 64 -1.4705657968578060e-02 -9.4183857951785804e-05
1 65 -1.8396196525161022e-02 -1.0426033547380757e-04
1 66 -2.2413969230539468e-02 -6.4242515546955467e-05
1 67 -2.7790146354127084e-02 -5.3868030476821635e-05
1 68 -3.4439167553729430e-02 1.7027916793094897e-04
1 69 -4.2205735982563539e-02 1.3791078411015548e-06
1 70 -5.7365319586086774e-02 3.2789530281839761e-04
1 71 -1.0933199670499012e-01 -2.4584378629836576e-04
2 0 -1.1553822106390156e-01 1.0811908714371283e-03
2 1 -4.8717149180612450e-02 5.9709565212370385e-04
2 2 -3.1956066309642310e-02 4.6544376790920119e-04
2 3 -2.3670419848984495e-02 -5.7731788476163529e-06
2 4 -2.0152991940747756e-02 -8.7204824307354946e-05
2 5 -1.7821223920612226e-02 -1.9966725895164485e-04
2 6 -1.5999046335484622e-02 -7.7002778666051443e-05
2 7 -1.4413301388913741e-02 1.4842588330475108e-04
2 8 -1.2846462773789865e-02 1.1289398688981036e-04
2 9 -1.1303470424092991e-02 8.8769175678879813e-05
2 10 -9.5364798738149428e-03 -1.5992625249005171e-05
2 11 -7.7385913610894530e-03 8.3562540068048141e-05
2 12 -6.1880338501763095e-03 -6.3330291578671667e-05
2 13 -4.9742655020582850e-03 4.7997724295901943e-05
2 14 -3.9356583800999817e-03 4.2769675426668700e-05
2 15 -3.0912560681712292e-03 -2.8379540828914266e-05
2 16 -2.4064096263395206e-03 -8.6572296525493257e-06
2 17 -1.8833971316981047e-03 1.3957804940698425e-05
2 18 -1.4996824744877928e-03 1.1382106212048565e-05
2 19 -1.2144797951426846e-03 -6.0521256511988554e-06
2 20 -9.6219471476043658e-04 2.3668446367855520e-06
2 21 -8.0438543270953315e-04 5.2685584977742385e-06
2 22 -6.9265518928302852e-04 -6.8287457657947416e-06
2 23 -6.0242474945188071e-04 -9.1230063477078010e-06
2 24 -5.3995117461481338e-04 -6.1114639816759716e-06
2 25 -4.8658509531055648e-04 -8.6277766478575356e-06
2 26 -4.1756546410649738e-04 -4.3214323706740328e-07
2 27 -3.3709482779260315e-04 4.2776075691677864e-06
2 28 -2.8676569639167417e-04 -2.8627126916055645e-07
2 29 -2.4549060547209174e-04 -5.1529167860823430e-07
2 30 -2.1339603556866336e-04 2.9807790360230055e-06
2 31 -1.8356687953379405e-04 1.4825060855955848e-06
2 32 -1.5669468230040145e-04 -8.9530087148347943e-07
2 33 -1.2926222303854168e-04 1.9406059553486109e-07
2 34 -1.0960476271444915e-04 5.7896129762622785e-07
2 35 -9.8462830708135411e-05 1.7167488517904878e-07
2 36 -9.6163494698147945e-05 -1.3370253601691649e-07
2 37 -9.9507513546277831e-05 2.7058887336218687e-07
2 38 -1.0682805403284156e-04 6.2936412512616498e-07
2 39 -1.1588988931098007e-04 1.3106455781978408e-06
2 40 -1.3485733479034497e-04 1.2264872913956079e-08
2 41 -1.5864030583789005e-04 -1.3317615515893590e-06
2 42 -1.9142229369798736e-04 2.1403788491418660e-07
2 43 -2.3267653336211811e-04 3.0924490466153272e-07
2 44 -2.6897241761524645e-04 -2.4588638137479561e-06
2 45 -2.9788626853906422e-04 -3.2888027152796140e-07
2 46 -3.2155877194583196e-04 2.4207797933040298e-06
2 47 -3.6531849023779659e-04 1.0961236636200639e-07
2 48 -4.3245789115616700e-04 4.4664183647231523e-07
2 49 -5.1033610201680431e-04 4.0045890613258754e-06
2 50 -5.9817709898143695e-04 -3.2851401975400548e-06
2 51 -7.2240759583952745e-04 -1.2116608326142200e-05
2 52 -8.4260111083000447e-04 -6.3217962178089888e-06
2 53 -1.0018102348783367e-03 7.8074130206893097e-06
2 54 -1.2823757857085046e-03 2.9405042867650022e-06
2 55 -1.7290199979623931e-03 2.0701824906647561e-07
2 56 -2.2486025623282418e-03 8.5747483396246694e-06
2 57 -2.8914168511350370e-03 -8.1721819286999092e-06
2 58 -3.3851116719200128e-03 1.5685276151091848e-05
2 59 -3.7023611737782361e-03 -1.3841983885270253e-05
2 60 -4.1482984021497639e-03 4.4093444859452192e-05
2 61 -4.7736052274383392e-03 4.9059836424988440e-05
2 62 -5.8236246689972529e-03 4.2130010832232868e-05
2 63 -7.2685922056289869e-03 -1.3096730990489408e-05
2 64 -9.0501629605712341e-03 -1.3808600584204936e-04
2 65 -1.1368533181244084e-02 -9.9186914455747963e-05
2 66 -1.3911060494846453e-02 -1.2299510993573224e-04
2 67 -1.7285486504873635e-02 -8.7449123679922392e-05
2 68 -2.1081902091561130e-02 2.3047022602633191e-04
2 69 -2.6018786814704466e-02 3.3563684040921498e-05
2 70 -3.4249670803701456e-02 5.1193533012066229e-04
2 71 -5.5943085198875246e-02 -1.9574861127433303e-04
3 0 -4.2986426472126374e-02 8.1294013161318103e-04
3 1 -2.2080646463234887e-02 3.7875639706447494e-04
3 2 -1.7333189753046759e-02 4.9921591692258724e-04
3 3 -1.3477418716900317e-02 -1.1257273151905660e-05
3 4 -1.1545712873223458e-02 -8.4508883879573710e-05
3 5 -1.0300438364606727e-02 -2.0999935866551866e-04
3 6 -9.2500477324132194e-03 -1.0238448185432299e-04
3 7 -8.2955305667509281e-03 1.5157979664258314e-04
3 8 -7.2827147601992959e-03 1.6008242228076160e-04
3 9 -6.4725668013410698e-03 6.2284232273264128e-05
3 10 -5.3565609503394658e-03 3.6829297778336891e-06
3 11 -4.4078445080509062e-03 8.2275589547283910e-05
3 12 -3.5295364079314059e-03 -7.1345354440160736e-05
3 13 -2.8221461246280984e-03 2.9967258515011226e-05
3 14 -2.2483879032328914e-03 3.7448863499658188e-05
3 15 -1.7725282517275125e-03 -1.9574818790621617e-05
3 16 -1.3849817132386060e-03 -5.0664579566617691e-06
3 17 -1.0758303198344916e-03 1.4184491916165853e-05
3 18 -8.5602665308930396e-04 8.2643341997188030e-06
3 19 -6.9220101183492349e-04 -9.6090457400850888e-06
3 20 -5.5057530217595861e-04 8.1876238011199164e-07
3 21 -4.6152470032830532e-04 7.7456643808637222e-06
3 22 -3.9475377880115423e-04 -5.1803936138916775e-06
3 23 -3.4205327858051742e-04 -5.8864663842968396e-06
3 24 -3.1013419798653303e-04 -4.5482784670715566e-06
3 25 -2.7938708454718384e-04 -6.9577971904772335e-06
3 26 -2.4140803375645060e-04 1.0714045187223274e-06
3 27 -1.9369953710864050e-04 4.3159411819648711e-06
3 28 -1.6431554416258769e-04 2.9768866662369084e-07
3 29 -1.3972601209980652e-04 2.0670076846319382e-07
3 30 -1.2196626175606949e-04 2.5668384534477651e-06
3 31 -1.0535299564828476e-04 2.8376149198664124e-07
3 32 -8.9004456012127327e-05 -1.1477192674238806e-06
3 33 -7.3857967368773540e-05 -2.3111243342689433e-07
3 34 -6.1845331636110028e-05 8.6718568775866094e-07
3 35 -5.6169427818486384e-05 1.0755246866944374e-07
3 36 -5.5100549833614373e-05 -1.5161573731569002e-07
3 37 -5.6585717705476993e-05 5.0877572353417045e-07
3 38 -6.1385996716392346e-05 7.6663572360143086e-07
3 39 -6.6233238918611187e-05 1.8090794066315463e-06
3 40 -7.7176374319642280e-05 -5.6282317605348530e-07
3 41 -9.0081848946660793e-05 -8.1842159977519499e-07
3 42 -1.0872847723597160e-04 3.3611190483500988e-07
3 43 -1.3340698851050514e-04 1.4549007339745981e-06
3 44 -1.5360862284869144e-04 -1.5709437346627111e-06
3 45 -1.7197858780742525e-04 -3.2224739064425106e-07
3 46 -1.8302302526365609e-04 1.6464975562575286e-06
3 47 -2.0768835865226859e-04 -5.9144064201478857e-07
3 48 -2.4728244216360958e-04 -2.1332260392293467e-07
3 49 -2.9003586963072020e-04 4.6858515081957774e-06
3 50 -3.3929720391736787e-04 -4.5834403803049822e-06
3 51 -4.1840234154460912e-04 -1.0793038504535120e-05
3 52 -4.8003110400230710e-04 -5.3205099550727101e-06
3 53 -5.7071201369562397e-04 7.6956197307828726e-06
3 54 -7.2478520481353336e-04 -1.1222226477435566e-06
3 55 -9.7589046703457159e-04 2.8997810544932767e-06
3 56 -1.2829085919581964e-03 8.3688123298820683e-06
3 57 -1.6639035191184607e-03 -9.8195570715038709e-06
3 58 -1.9550075204793757e-03 1.4631093930413341e-05
3 59 -2.1184575672149172e-03 -2.0454872976016058e-05
3 60 -2.3622499868553022e-03 3.2567439161052272e-05
3 61 -2.7036798690164903e-03 6.6291662962397890e-05
3 62 -3.3483518091846770e-03 4.1613800997362923e-05
3 63 -4.1127563664120140e-03 -2.4011807687440754e-05
3 64 -5.1247027391683716e-03 -1.3135116621937416e-04
3 65 -6.5038555844994326e-03 -1.2946832279377411e-05
3 66 -7.9839491814649461e-03 -1.3876892857222209e-04
3 67 -9.9941489913925024e-03 -1.4027872076378205e-04
3 68 -1.1780262394826930e-02 2.4183248558941523e-04
3 69 -1.4897754125301008e-02 3.5896770972819240e-05
3 70 -1.9041057565562559e-02 5.2438963935966156e-04
3 71 -2.6343694233785797e-02 3.4677529805863508e-05
4 0 -1.7304006602336025e-02 7.8143255718087954e-05
4 1 -9.9046886591062158e-03 4.2513396941775089e-04
4 2 -9.0779486891985599e-03 3.8747820449233362e-04
4 3 -7.2939045015456014e-03 -4.2220629254243244e-06
4 4 -6.3392412981683310e-03 -1.1147859641939387e-04
4 5 -5.6921802174857081e-03 -1.9424197213457168e-04
4 6 -5.1441473650853222e-03 -1.4713240453738646e-04
4 7 -4.5397006912824374e-03 1.3558170079685337e-04
4 8 -3.9447312157274783e-03 1.8199004674350678e-04
4 9 -3.5675240960293892e-03 3.4964953141820732e-06
4 10 -2.9136006825364307e-03 -4.7538261374426976e-05
4 11 -2.4076679732706152e-03 6.4935859342424776e-05
4 12 -1.9221897875277361e-03 -7.2428953387613761e-05
4 13 -1.5301397429346132e-03 1.6596848802084115e-05
4 14 -1.2262862475415528e-03 3.2628440620827402e-05
4 15 -9.6749804728678529e-04 -1.5641099761621647e-05
4 16 -7.6222398329646522e-04 -4.8485396923984932e-06
4 17 -5.8988559954680213e-04 1.3904805641334062e-05
4 18 -4.7007173638659159e-04 3.4245235725643052e-06
4 19 -3.7557537500039685e-04 -1.0570964170424817e-05
4 20 -3.0537714128499966e-04 -1.7157616963625226e-06
4 21 -2.5282186411014311e-04 7.0620058434109893e-06
4 22 -2.1528361004190488e-04 -1.4123439560411988e-06
4 23 -1.8659610289917396e-04 -1.9202543999745461e-06
4 24 -1.6987791807595161e-04 -3.1537799018110006e-06
4 25 -1.5453476754495886e-04 -3.3365859525619905e-06
4 26 -1.3484964088017240e-04 2.0197780955465454e-06
4 27 -1.0654210075725401e-04 3.4746811784144673e-06
4 28 -8.9606902231902045e-05 9.8177594149657342e-07
4 29 -7.6970673149026622e-05 7.6826071947342031e-07
4 30 -6.7473648551326788e-05 1.8117533715782621e-06
4 31 -5.8069688312446071e-05 -1.0724198125685956e-06
4 32 -4.8411872120061669e-05 -8.6320946844471653e-07
4 33 -4.0308556153529277e-05 -6.2634901795529930e-07
4 34 -3.3098256084706094e-05 1.0026264428920184e-06
4 35 -3.0716923574833814e-05 -5.7465594461537033e-08
4 36 -3.0187153700954678e-05 3.0742922158819381e-09
4 37 -3.1111684435215705e-05 7.4541925263961718e-07
4 38 -3.3910320512862974e-05 7.0633734260371464e-07
4 39 -3.6365316842021290e-05 1.7166366984720618e-06
4 40 -4.2410020584251123e-05 -6.3433402312945392e-07
4 41 -4.8980731974068287e-05 2.6661012894000537e-07
4 42 -5.8989083592408054e-05 2.9806869552481208e-07
4 43 -7.3644789109345726e-05 1.9492733159640035e-06
4 44 -8.3593764826389366e-05 -2.5675588128224945e-07
4 45 -9.6088307269100753e-05 -2.7583510277022726e-07
4 46 -9.8852524178640809e-05 8.1666602170827777e-07
4 47 -1.1268628981034747e-04 -5.9607324724326261e-07
4 48 -1.3517597587145363e-04 -4.6317754009578965e-07
4 49 -1.5777850983751668e-04 4.5373735571137003e-06
4 50 -1.8326603766353287e-04 -5.0295030361376770e-06
4 51 -2.3383631134346532e-04 -6.9325874660037460e-06
4 52 -2.6257611571456823e-04 -3.4887838036685353e-06
4 53 -3.0798891334133917e-04 7.7466147737958050e-06
4 54 -3.9143926161556557e-04 -2.3820701337031276e-06
4 55 -5.2689707293947306e-04 6.3429420757212639e-06
4 56 -7.0777773371316556e-04 1.0897167505625892e-05
4 57 -9.0520536207856631e-04 -1.0375624835310421e-05
4 58 -1.0905786125883102e-03 9.0304176178146380e-06
4 59 -1.1666862502076041e-03 -2.2869207581547303e-05
4 60 -1.2849652980324181e-03 7.4576263154288539e-06
4 61 -1.4598315966038570e-03 6.3340339949536118e-05
4 62 -1.8555538759836687e-03 3.9476609107813300e-05
4 63 -2.2345954212199702e-03 -3.4091208589063647e-05
4 64 -2.7726677517651648e-03 -1.0451363333907007e-04
4 65 -3.5928219558111155e-03 1.7214822464433840e-05
4 66 -4.4075355362724949e-03 -1.2431676433668262e-04
4 67 -5.5965909641204955e-03 -2.0198406377002159e-04
4 68 -6.2453999080390203e-03 2.2696733239401746e-04
4 69 -8.1869388851313046e-03 1.4728774395839910e-06
4 70 -1.0313042067796291e-02 5.3732702411218674e-04
4 71 -1.2312754907277058e-02 5.7737565870157006e-05
5 0 -6.9493476933469751e-03 2.8263493774170030e-04
5 1 -4.4083603468344293e-03 4.7136052446165953e-04
5 2 -4.7032330899549240e-03 2.2069438330888405e-04
5 3 -3.8363180745121382e-03 -9.4977753325333383e-05
5 4 -3.4191989245558282e-03 -7.7228722065041236e-05
5 5 -3.0493357753652263e-03 -1.7892064645950071e-04
5 6 -2.8064182642085220e-03 -1.7648467945386188e-04
5 7 -2.3931262811802490e-03 1.1523643276115249e-04
5 8 -2.0989369102011146e-03 1.4331791271023116e-04
5 9 -1.9163947621463674e-03 -4.9129994054239086e-05
5 10 -1.5679091657754625e-03 -8.1359885383642614e-05
5 11 -1.2755965597563571e-03 6.0332258226346594e-05
5 12 -1.0200976935346810e-03 -6.7567685941305450e-05
5 13 -7.9135866084542410e-04 -4.0856263880516002e-07
5 14 -6.5587818845950694e-04 1.6764125811243572e-05
5 15 -5.1471629244633139e-04 -1.5906593109274377e-05
5 16 -4.0501603443298588e-04 -7.5910352299622731e-06
5 17 -3.1717698678151795e-04 1.2290683793231729e-05
5 18 -2.5122002413706141e-04 1.9359107690008118e-06
5 19 -1.9422581867142174e-04 -7.8864424520866064e-06
5 20 -1.6334536753134711e-04 -2.9419841533509829e-06
5 21 -1.3187443462559008e-04 3.7302978145275397e-06
5 22 -1.1371883538349057e-04 3.0276130039753206e-06
5 23 -9.9711725525726080e-05 8.0779919974323888e-07
5 24 -8.7839509160928965e-05 -1.0476962451247459e-06
5 25 -8.2774300759803351e-05 -1.1400547608194988e-06
5 26 -7.3500670568650016e-05 1.9980789637242466e-06
5 27 -5.6652599294693554e-05 2.4743171988481973e-06
5 28 -4.6751314776779288e-05 1.3002077573676624e-06
5 29 -4.1396312577942277e-05 4.9318676100553148e-07
5 30 -3.7075554115601182e-05 7.7868128654181568e-07
5 31 -3.1100063168764663e-05 -1.5868138601191871e-06
5 32 -2.5536906456771027e-05 -2.1461989036667662e-07
5 33 -2.1252973023258567e-05 -1.0694978717819377e-06
5 34 -1.6967165665520560e-05 9.9490870766342598e-07
5 35 -1.6227119915062623e-05 -3.6090454271225499e-07
5 36 -1.5923004215616405e-05 5.8458936795990233e-08
5 37 -1.6616497972702778e-05 6.4581541193716744e-07
5 38 -1.8228073433717893e-05 5.1132266583921889e-07
5 39 -1.9576327489785317e-05 1.3927221930708119e-06
5 40 -2.2769344489608878e-05 -4.8661177533574424e-07
5 41 -2.5849256484558296e-05 1.0974435062672115e-06
5 42 -3.1080462759206375e-05 1.3979406190666811e-07
5 43 -3.9852234707795548e-05 2.0161124402516233e-06
5 44 -4.3656618067406761e-05 5.6222195195847051e-07
5 45 -5.3418067546040751e-05 -1.1318699297406628e-06
5 46 -5.1062193007112449e-05 7.6413364991767317e-07
5 47 -5.9910562500855398e-05 -6.0937191072312579e-07
5 48 -7.1307334012248876e-05 3.2036458052119169e-07
5 49 -8.3316980675658843e-05 4.2877744455285894e-06
5 50 -9.4546569956507201e-05 -3.5309384273133985e-06
5 51 -1.2793008935269728e-04 -3.6269564344760426e-06
5 52 -1.3939692076158448e-04 -1.1746762506850715e-06
5 53 -1.5675098455968152e-04 7.9944732069437242e-06
5 54 -2.0650146615687007e-04 -5.1905130130887659e-07
5 55 -2.7684108314212383e-04 7.6498584017316531e-06
5 56 -3.8700207244851898e-04 8.0752194953313105e-06
5 57 -4.5919081037179658e-04 -1.7122482986719036e-05
5 58 -5.8404186605400335e-04 1.3237291016854779e-06
5 59 -6.2174403773742162e-04 -2.0979204286524593e-05
5 60 -6.8038588664446047e-04 -2.2048419065179086e-05
5 61 -7.4549849707693618e-04 4.9903696882542768e-05
5 62 -1.0173794892619236e-03 3.1447703374303238e-05
5 63 -1.2014318830502687e-03 -2.1304279798626937e-05
5 64 -1.4546376244589840e-03 -1.0720958124547442e-04
5 65 -1.9215960038932252e-03 1.0713965932418065e-05
5 66 -2.3783507916705902e-03 -7.6495117197175486e-05
5 67 -3.0911704074393712e-03 -2.1591183798607433e-04
5 68 -3.2199979446688055e-03 1.7531006931190070e-04
5 69 -4.3431280597257642e-03 9.3912623339834034e-07
5 70 -5.4984787537401452e-03 5.2912189097656913e-04
5 71 -5.7866864444658410e-03 -1.5729751553050307e-05
6 0 -2.9045361297629535e-03 5.3397300389485263e-04
6 1 -1.9695568353781806e-03 3.3011729623183480e-04
6 2 -2.4815318641289246e-03 1.0434080376458678e-04
6 3 -2.0115718759584826e-03 -1.4341851252261552e-04
6 4 -1.8537579306457340e-03 -1.7235365856004458e-05
6 5 -1.5965788241310711e-03 -1.8991951674461277e-04
6 6 -1.5232973660362701e-03 -1.6845517040178001e-04
6 7 -1.1924934472173113e-03 8.6795669748527279e-05
6 8 -1.1203369278566958e-03 8.6369117937693844e-05
6 9 -9.9491603468910401e-04 -5.9259840983226495e-05
6 10 -8.1920431301146985e-04 -5.6014132588708089e-05
6 11 -6.6245349452371594e-04 3.7662591042620322e-05
6 12 -5.4142282422811768e-04 -4.5222057846454516e-05
6 13 -3.8569233900342541e-04 -5.9266804482099098e-06
6 14 -3.5685193201492492e-04 2.5715097338077860e-06
6 15 -2.7184687804917591e-04 -8.9779614614193035e-06
6 16 -2.1202818904243195e-04 -9.2230274951312036e-06
6 17 -1.6761639170700707e-04 1.3957904192599839e-05
6 18 -1.3497084573214154e-04 -3.6132721819948694e-06
6 19 -9.4751960174228742e-05 -3.9523375479362571e-06
6 20 -8.5209293515555194e-05 -3.7719864061071078e-06
6 21 -6.5800482526335511e-05 -7.3227738514268776e-07
6 22 -5.8911029598653321e-05 5.7169317980575057e-06
6 23 -5.4163433386854009e-05 1.3365894749655712e-06
6 24 -4.1434532303808342e-05 1.5756750657238444e-06
6 25 -4.2674159109292343e-05 -7.6731180565790350e-07
6 26 -3.8252697025821771e-05 9.6998287499818000e-07
6 27 -2.9157138159558347e-05 1.4637859449645206e-06
6 28 -2.3685713224331819e-05 1.3247011186928702e-06
6 29 -2.2408772399259471e-05 2.0276360235973324e-07
6 30 -2.0690279881019060e-05 -1.7280356792528133e-07
6 31 -1.6500178117862478e-05 -1.1423339466647207e-06
6 32 -1.3270780145355862e-05 3.1497550834549292e-07
6 33 -1.0826225333226116e-05 -1.4926523299998969e-06
6 34 -8.4204115072955995e-06 9.4146086561620273e-07
6 35 -8.3206538300353554e-06 -5.4487472938676952e-07
6 36 -7.8957441713555242e-06 9.6126495698681882e-08
6 37 -8.6930243499547778e-06 3.9613437996337699e-07
6 38 -9.5608372532453765e-06 2.7856855620598501e-07
6 39 -1.0480887084201410e-05 9.9256583191101153e-07
6 40 -1.2115470765605506e-05 -2.7897663656171975e-07
6 41 -1.3370328685198076e-05 1.2871264706430414e-06
6 42 -1.5878452140449077e-05 -2.8460962745639567e-07
6 43 -2.1098743855594468e-05 1.5461583325378475e-06
6 44 -2.1468444197519043e-05 4.8719785045264488e-07
6 45 -3.0199261138319996e-05 -2.1975310887737153e-06
6 46 -2.5157011638397409e-05 8.3156056956122499e-07
6 47 -3.1674829232091686e-05 -7.1522566933962092e-07
6 48 -3.6086346201655126e-05 1.5164755372687150e-06
6 49 -4.4210391398744665e-05 3.3687526271319970e-06
6 50 -4.5488850360013730e-05 -1.9127104809010552e-07
6 51 -6.8869311055387293e-05 -1.2998488558489050e-06
6 52 -7.0349470083523038e-05 -9.9999094886328292e-08
6 53 -7.3656416137705987e-05 7.2139492672987288e-06
6 54 -1.0704883750871808e-04 6.0424994328293967e-06
6 55 -1.4385144470104963e-04 3.7014774608452927e-06
6 56 -2.1472395854931438e-04 5.3329978563743668e-06
6 57 -2.1638685997583428e-04 -1.5237996166725491e-05
6 58 -2.9543194234548493e-04 -2.4619846564313402e-06
6 59 -3.2091171810596575e-04 -2.2170071220244054e-05
6 60 -3.5768828620051429e-04 -4.3772964486148100e-05
6 61 -3.5483490707181279e-04 2.6363321372449629e-05
6 62 -5.5590437360162942e-04 1.9288532299438172e-05
6 63 -6.3951971551120211e-04 -1.0003701711790052e-07
6 64 -7.4745666356932706e-04 -9.6057502000961015e-05
6 65 -9.8373371423693661e-04 -4.1295346878355643e-06
6 66 -1.2679073301634697e-03 -3.0849010941028366e-05
6 67 -1.6945518401248216e-03 -1.7425817256497110e-04
6 68 -1.6435209855911843e-03 9.4341829602116750e-05
6 69 -2.2761316728712698e-03 2.5531672182442835e-05
6 70 -2.9571365605501492e-03 4.3543690793233759e-04
6 71 -2.6798672804071990e-03 -3.4246123393173518e-05
7 0 -1.2958542558857515e-03 2.4306639431601182e-04
7 1 -8.9505991855711711e-04 1.3639801369733708e-04
7 2 -1.3616173238063932e-03 2.4213831393574665e-05
7 3 -1.0839232906363155e-03 -1.5017536295775649e-04
7 4 -9.8099438283080417e-04 1.0391703985167720e-05
7 5 -8.2487876213061678e-04 -2.0011610868694271e-04
7 6 -8.1877678105822559e-04 -1.2664317902109633e-04
7 7 -5.5766531228407972e-04 3.0527572120622268e-05
7 8 -5.9883347909064433e-04 4.2075569385153243e-05
7 9 -5.0254482955207618e-04 -7.5573864470751537e-05
7 10 -4.0282785493800551e-04 -3.0386172031833220e-05
7 11 -3.4333103835341874e-04 2.0012855754582750e-05
7 12 -2.9759909791859110e-04 -3.2033982554806055e-05
7 13 -1.7599624180385072e-04 -2.7292339849906877e-06
7 14 -2.0409977720746347e-04 5.6731002603151128e-06
7 15 -1.4616972015852426e-04 2.9945541093623645e-06
7 16 -1.1391446790298567e-04 -6.6610224777402835e-06
7 17 -8.3616374062593380e-05 1.0293648805975601e-05
7 18 -7.5091210698636981e-05 -9.0816995483602891e-06
7 19 -4.0765347458256835e-05 -2.3273461759628724e-06
7 20 -4.5080078553408111e-05 -1.2142080353215746e-06
7 21 -3.1707120231930341e-05 -1.1860190405627750e-06
7 22 -2.9896253196831519e-05 6.7889433451152290e-06
7 23 -3.0612919484806678e-05 2.7623509651258563e-07
7 24 -1.7696817682689856e-05 3.5215971772656411e-06
7 25 -2.1972312419525548e-05 -5.8710352774985989e-07
7 26 -1.8840639315374141e-05 8.2273528053338062e-07
7 27 -1.3811410428144796e-05 4.0077313782104900e-07
7 28 -1.2253317433035975e-05 1.5874956571857777e-06
7 29 -1.1876416966649232e-05 -7.9844931748893115e-08
7 30 -1.1473900716554993e-05 -2.4114236507133579e-07
7 31 -8.5366553535545991e-06 -3.1245496250052942e-07
7 32 -6.6564600467762886e-06 1.3359392062728976e-07
7 33 -5.1094989088613027e-06 -1.3141164384863726e-06
7 34 -4.0060113805190978e-06 8.9024709749736390e-07
7 35 -4.1183794172997341e-06 -7.3421693702609002e-07
7 36 -3.4923483018296461e-06 4.9680166213216820e-08
7 37 -4.3743079038801369e-06 1.2789565146703867e-07
7 38 -4.9564102022222894e-06 2.5399173770883122e-07
7 39 -5.7524123627667968e-06 6.8852364466902427e-07
7 40 -6.4088072669781607e-06 -1.6471933205300403e-08
7 41 -6.6135527425575209e-06 9.4430051056093111e-07
7 42 -7.9427331591441700e-06 -3.3237001111987585e-07
7 43 -1.0933568049694533e-05 9.2413619890796923e-07
7 44 -9.2083602839999595e-06 -3.2150307676366357e-07
7 45 -1.6979297752012880e-05 -2.7295264508950918e-06
7 46 -1.1949362611161716e-05 4.8425756270223295e-07
7 47 -1.6460758096017085e-05 -1.3510031080467886e-07
7 48 -1.7671806982175562e-05 2.6154287224442605e-06
7 49 -2.3677463342379774e-05 1.6014373848996090e-06
7 50 -2.0816958899689214e-05 3.1536505281854338e-06
7 51 -3.7734932031738851e-05 1.1913371749588668e-06
7 52 -3.4017856562110848e-05 6.3874678198358405e-08
7 53 -3.1161579889934399e-05 5.2449195839642919e-06
7 54 -5.5047952132215833e-05 1.4146716856181261e-05
7 55 -7.1283185331836400e-05 -4.3560487933311484e-07
7 56 -1.2290479396527952e-04 6.8420689280734209e-06
7 57 -9.6301553733749878e-05 -9.4193903771885344e-06
7 58 -1.3500422045782060e-04 -4.0714598483765391e-06
7 59 -1.5850836642923068e-04 -2.5459382062656040e-05
7 60 -1.8130116487688304e-04 -5.6537953289384461e-05
7 61 -1.5448228259778548e-04 7.9299187694909241e-06
7 62 -3.1786886495354652e-04 1.9705180225368299e-05
7 63 -3.2162291434703177e-04 1.5229901733429219e-05
7 64 -3.6362205825961005e-04 -6.9446604134802974e-05
7 65 -4.7193560474178848e-04 -1.6987582668518623e-05
7 66 -6.6192635649905691e-04 1.8649654787096099e-05
7 67 -9.0446058671581270e-04 -1.0467474326633923e-04
7 68 -8.0849893874896392e-04 7.9434533807030976e-06
7 69 -1.1672086359292969e-03 8.8034788399954616e-06
7 70 -1.6555757690850828e-03 2.9925933251904075e-04
7 71 -1.3089433203322598e-03 7.6188925682020650e-06
8 0 -7.0267185376693463e-04 -2.7645888643029791e-05
8 1 -5.1142934198314339e-04 2.4458620299835231e-05
8 2 -7.2713490485486123e-04 -4.5788044508052289e-05
8 3 -6.2381580584130601e-04 -1.4392566084912023e-04
8 4 -5.0847370540537654e-04 1.5234041145836499e-05
8 5 -4.3744110889583945e-04 -2.0856255428850024e-04
8 6 -4.1847887683263505e-04 -8.5494902579058536e-05
8 7 -2.4561262032868662e-04 8.7466895730873425e-06
8 8 -3.0413396535132952e-04 -1.3381909204017915e-05
8 9 -2.4055329140097996e-04 -6.5860385901872845e-05
8 10 -1.8564556831566375e-04 -2.3183782087413140e-05
8 11 -1.7897185169072445e-04 1.8584733693016455e-06
8 12 -1.6536342663198069e-04 -3.6002652285613061e-05
8 13 -7.9784729744743332e-05 -5.0242058191751276e-06
8 14 -1.2411762911748720e-04 1.1733112484033145e-05
8 15 -7.5902464814917017e-05 1.2721022067157889e-05
8 16 -6.4207212958594054e-05 -5.1571617570492774e-06
8 17 -3.4832511023147072e-05 5.1888488069201679e-06
8 18 -4.5447957225928561e-05 -8.7133668788873532e-06
8 19 -1.2628721736180991e-05 -3.1019754362825324e-06
8 20 -2.5677891961293452e-05 6.9942018077258644e-07
8 21 -1.4721376785403432e-05 -1.0260216326095565e-07
8 22 -1.4003960867902222e-05 6.5961198652332117e-06
8 23 -1.7576268776281653e-05 2.5012320702871432e-07
8 24 -6.0431015214822359e-06 3.5840259954435834e-06
8 25 -1.2153759248237952e-05 -5.6222638164386932e-07
8 26 -8.5404431615808297e-06 5.2626059774584030e-07
8 27 -5.6604188630983909e-06 -9.6073693382589969e-07
8 28 -6.2085377632235496e-06 2.1627279091223467e-06
8 29 -6.4310739322474183e-06 -3.5622596393974894e-08
8 30 -6.3778669176214839e-06 -3.5953571303785953e-07
8 31 -4.2305694466548659e-06 5.2179696971916585e-07
8 32 -2.8014044512303012e-06 -3.9401510769366452e-07
8 33 -1.8575303104636182e-06 -1.1184256412874369e-06
8 34 -1.8149918960631421e-06 7.6352574941682851e-07
8 35 -2.0535739054620194e-06 -9.4772365642340529e-07
8 36 -1.2218550134951982e-06 -5.3614424878333921e-09
8 37 -2.1340468100438632e-06 1.5393700895038157e-07
8 38 -2.5725689538984522e-06 4.9568840037844345e-07
8 39 -3.2189878636034679e-06 3.6233106787896423e-07
8 40 -3.6416581067495586e-06 1.5626166820340633e-08
8 41 -2.7894750685913970e-06 6.5793749527927591e-07
8 42 -4.0130416537963081e-06 -4.4511106132110096e-07
8 43 -5.4591239248970705e-06 4.1268932029985453e-07
8 44 -2.9013336482494010e-06 -9.3373849705184016e-07
8 45 -9.8331223280391613e-06 -2.9658161249678093e-06
8 46 -5.3601408513424044e-06 -1.1827647487155953e-07
8 47 -8.2715602330889992e-06 1.5988085461913017e-06
8 48 -7.8163931815509830e-06 2.6923857929630493e-06
8 49 -1.3175931410383338e-05 -4.5079998334331630e-07
8 50 -9.7485433702891748e-06 5.0650947435483777e-06
8 51 -2.1271408112806004e-05 3.7572186180968813e-06
8 52 -1.6343495681656246e-05 6.5166162297943485e-07
8 53 -1.2699264260567831e-05 3.3921076624875375e-06
8 54 -3.0967409733018696e-05 2.0875893179191215e-05
8 55 -3.5867763914926407e-05 -3.2218566332335513e-06
8 56 -7.4602947284083262e-05 7.1526761213160689e-06
8 57 -3.5280251775543035e-05 -6.0388849361374746e-06
8 58 -4.9599183144079313e-05 -4.4204272426167581e-06
8 59 -7.4832884321995668e-05 -2.1039413927933192e-05
8 60 -9.1388047275032603e-05 -4.1894826345039395e-05
8 61 -5.9881223377137423e-05 -4.7529141041769420e-06
8 62 -1.9877736574708613e-04 1.9649991979906771e-05
8 63 -1.5084529924754592e-04 1.3100023428522318e-05
8 64 -1.6063905178024594e-04 -4.6054015700888380e-05
8 65 -2.3494765551966077e-04 -3.0953908846030457e-05
8 66 -3.6587481757470371e-04 5.2009831572749323e-05
8 67 -5.2205698440810811e-04 -5.8970568982100076e-05
8 68 -3.7489268535502012e-04 -6.0231498947378544e-05
8 69 -5.8541631785713553e-04 -7.5453052882226861e-05
8 70 -9.8307446925027775e-04 1.9359077229707904e-04
8 71 -7.3813375121623936e-04 1.2359716367787836e-04
9 0 -5.2663897979156142e-04 -2.1313951353313750e-04
9 1 -3.8980302840039253e-04 -7.3249931458275815e-05
9 2 -3.3992480436666813e-04 -1.1434021756102108e-04
9 3 -3.4055606949116613e-04 -8.8796113516213256e-05
9 4 -2.7153654420244538e-04 2.7269134577948502e-05
9 5 -2.4943947245426018e-04 -1.7869340325011077e-04
9 6 -1.7275986814916283e-04 -4.6944637579257961e-05
9 7 -1.1307282668325927e-04 -5.3934405996431634e-06
9 8 -1.5046485699638082e-04 -6.6301903577544005e-05
9 9 -1.0250218579154223e-04 -2.2001654700235081e-05
9 10 -8.2757897861326731e-05 -1.2443294644675890e-05
9 11 -1.0070694832183837e-04 -2.0279998402880322e-05
9 12 -8.7700713855659227e-05 -3.2663674866844491e-05
9 13 -4.5603084475138449e-05 -9.2890848653130043e-06
9 14 -8.3037946369195044e-05 1.7299853892373149e-05
9 15 -3.7404671743921829e-05 1.4779343741505568e-05
9 16 -3.5886180971098175e-05 1.2658603082115304e-06
9 17 -8.5129127434655433e-06 4.5369228979744192e-06
9 18 -2.8723759670417053e-05 -6.2809440132108601e-06
9 19 1.0286207600871393e-06 -4.1127681113963893e-06
9 20 -1.5165340880515653e-05 3.0307095913696488e-06
9 21 -7.8712664298254840e-06 1.1180132817848196e-06
9 22 -5.4106137047845144e-06 6.9167554891920404e-06
9 23 -9.4827878974339059e-06 -1.0917099762629851e-07
9 24 -1.0965273864727907e-06 3.1897156013299899e-06
9 25 -7.4974151065657985e-06 -1.0604192317228061e-07
9 26 -2.6164661484033349e-06 4.2485929119501592e-07
9 27 -1.6224335514252357e-06 -3.1779696713970138e-06
9 28 -2.9671233680599056e-06 2.7188412723459837e-06
9 29 -3.5895474700480540e-06 2.2363813725670173e-07
9 30 -3.5648228387923030e-06 -8.7441043826839267e-07
9 31 -1.9695063290790112e-06 1.2076959224163005e-06
9 32 -7.0471982865103157e-07 -5.2903084461029360e-07
9 33 -1.9094468817382657e-07 -9.5364501858861495e-07
9 34 -7.4556780856581358e-07 7.5998085301422912e-07
9 35 -1.0591262304531554e-06 -9.2014010290530816e-07
9 36 -2.3975575976812510e-07 -2.1281674544558925e-07
9 37 -9.9550768787318834e-07 3.7065236502367494e-07
9 38 -1.1755706715437611e-06 6.5771671958318234e-07
9 39 -1.7833822093118505e-06 1.5198415127399585e-07
9 40 -2.6619263935014636e-06 -6.0018039577551120e-09
9 41 -1.0160631888113150e-06 7.6811146365021317e-07
9 42 -1.9486904281934535e-06 -5.8772474740260269e-07
9 43 -2.7112819614558425e-06 -1.8666130496944231e-07
9 44 2.6393065435355997e-07 -1.1124753750667319e-06
9 45 -5.7049308797549885e-06 -2.9260958731412089e-06
9 46 -1.9724561212106043e-06 -1.7315908597333290e-07
9 47 -4.2464679661361080e-06 2.4375210496695994e-06
9 48 -2.9449964135276310e-06 2.4146596866249956e-06
9 49 -7.4573243702523606e-06 -2.3483407261183582e-06
9 50 -4.1329989071580966e-06 6.5509900225447092e-06
9 51 -1.2238514306800844e-05 4.8374341588897235e-06
9 52 -7.7846166173851633e-06 2.0725088382224988e-06
9 53 -4.3320487870728442e-06 -1.6490292885161800e-07
9 54 -2.0389796621131556e-05 2.2743514880172327e-05
9 55 -2.1336016621984060e-05 -5.8548700404227679e-06
9 56 -5.0560697099500131e-05 8.8401031180027757e-06
9 57 -8.8199601934136385e-06 -8.7853040088268182e-06
9 58 -5.4897176881237828e-06 -9.6997464598495543e-06
9 59 -3.4773350790019910e-05 -1.9802932269159760e-05
9 60 -4.3352761468556430e-05 -1.4384694330472947e-05
9 61 -1.5347048553223563e-05 -6.9472684782809902e-06
9 62 -1.3432976827494530e-04 1.4372651769536713e-05
9 63 -7.2484400222433027e-05 2.8054968090462394e-06
9 64 -6.1715594090372994e-05 -3.9112728955122543e-05
9 65 -1.4341496213378946e-04 -3.9250328200103269e-05
9 66 -2.2453447529750220e-04 3.4542200306198951e-05
9 67 -3.4181116633235758e-04 -3.7894298710621864e-05
9 68 -1.4365001630431217e-04 -1.0829096275649251e-04
9 69 -2.8596562991672013e-04 -1.4830019537688619e-04
9 70 -5.7954553972958025e-04 1.3736941771741706e-04
9 71 -5.0015508451168537e-04 2.0039895580961387e-04
10 0 -4.8859494407570495e-04 -3.1600890867253462e-04
10 1 -3.4552052698285491e-04 -1.5699573036556097e-04
10 2 -1.3886206608747456e-04 -1.5380001275984553e-04
10 3 -1.6393593265763348e-04 -4.3556060754521105e-05
10 4 -1.5843712106607401e-04 2.5828218606395688e-05
10 5 -1.5057219183008344e-04 -1.7652937097596572e-04
10 6 -2.7619952927613772e-05 -1.0759292027855861e-05
10 7 -6.2231972202593028e-05 -2.4128230854694488e-05
10 8 -8.9712914782065118e-05 -7.3359854170533472e-05
10 9 -3.1756336042903165e-05 2.7509845399200284e-05
10 10 -5.3105921253880413e-05 -9.2670170801030078e-07
10 11 -6.4333305941012984e-05 -1.9996918282555118e-05
10 12 -4.1023658188460585e-05 -1.4062940186449627e-05
10 13 -3.9762392488029988e-05 -8.2817285149346531e-06
10 14 -6.3850502449448360e-05 1.9082439383482392e-05
10 15 -1.5830193209414314e-05 1.1552411791517190e-05
10 16 -2.2427850638487505e-05 4.7298950367052765e-06
10 17 3.7721421558656571e-06 7.3270591585342550e-06
10 18 -2.0591383070345850e-05 -5.6122784741622213e-06
10 19 6.0149157993822440e-06 -5.3642598107598929e-06
10 20 -8.1246263535362967e-06 4.6389835158294659e-06
10 21 -5.9550150289210887e-06 1.0946513920622310e-06
10 22 -7.5698363164499911e-07 8.7855802789748325e-06
10 23 -4.8641870743733639e-06 8.3398250338680250e-07
10 24 -7.2154867906604302e-07 2.1705524647661933e-06
10 25 -5.2876506602573840e-06 1.0634555886259032e-06
10 26 6.8932300703244034e-07 7.2300276838810815e-07
10 27 -2.1874901517816949e-07 -4.6296004824037937e-06
10 28 -1.0948138580413595e-06 3.1579462536599893e-06
10 29 -2.0144564230219550e-06 4.2102578454014244e-07
10 30 -1.8936803748969206e-06 -1.2335172156454381e-06
10 31 -1.2780130404974652e-06 1.5293555445875446e-06
10 32 -1.0018449388947182e-07 -2.9242765331743739e-07
10 33 4.5187627276180441e-07 -6.2489307348250132e-07
10 34 -4.2094533581523510e-07 8.4900632196841319e-07
10 35 -5.6410705618223840e-07 -9.1079046457075511e-07
10 36 5.7471953866399747e-09 -2.8116755145746585e-07
10 37 -4.8086597846994421e-07 5.2946624957452025e-07
10 38 -2.9946315432227318e-07 5.5653063903206598e-07
10 39 -1.0646356665388457e-06 2.1410236965553405e-07
10 40 -2.3186455874267602e-06 3.5217154825431595e-08
10 41 -4.9468477156394567e-07 1.0614336716792575e-06
10 42 -7.4185261454242846e-07 -5.9488272056464975e-07
10 43 -1.8029107465625027e-06 -4.4537417649407578e-07
10 44 1.6459037540984971e-06 -1.1142111880928835e-06
10 45 -3.4663413693036226e-06 -2.4102721058562308e-06
10 46 -8.7980742342377171e-07 6.9598673471765725e-08
10 47 -2.5862435569811737e-06 1.8762619704467098e-06
10 48 -5.2379282840071561e-07 2.9111242435567479e-06
10 49 -4.3107302653947920e-06 -4.0264399579083498e-06
10 50 -2.6058135202436601e-06 7.6824677155595267e-06
10 51 -7.0229448737093560e-06 4.1253837056229800e-06
10 52 -1.6893218917537746e-06 4.3559757202126471e-06
10 53 8.7052931116831751e-08 -3.4128587299592251e-06
10 54 -1.2063863926109760e-05 1.8972300680851169e-05
10 55 -1.4965762273084360e-05 -6.6273637832649298e-06
10 56 -3.5955488884810283e-05 1.0059851946670784e-05
10 57 6.4907040079964167e-06 -9.6881217642177690e-06
10 58 9.9637936413811254e-06 -1.3932146209352561e-05
10 59 -2.4204381221415808e-05 -2.3187391391779297e-05
10 60 -2.3258393380660735e-05 9.7822530335391209e-06
10 61 -8.3041745429203792e-07 -8.7691906594267843e-06
10 62 -1.0464011180426273e-04 4.8412689706977481e-06
10 63 -4.9507396929848452e-05 -1.1231959022442383e-05
10 64 4.7048708768084305e-06 -3.0786925841623669e-05
10 65 -1.1610742759406407e-04 -2.1508031522690658e-05
10 66 -1.5692223772929698e-04 -2.7171992733969778e-05
10 67 -2.2529534450161677e-04 -3.2238469189061469e-05
10 68 -1.0790261266410870e-05 -9.3422323542206089e-05
10 69 -1.2718205350255088e-04 -1.3685051521004351e-04
10 70 -3.1226400592117271e-04 1.2776953714771703e-04
10 71 -3.6678206465873433e-04 2.0513438721699815e-04
