0 0 -1.2041269546141673e+00 -1.9965880364434952e-19
0 1 -1.8275216339724620e-01 -2.5806822673772899e-22
0 2 -8.2049310175824453e-02 -7.0187299653228079e-21
0 3 -5.5231906287203987e-02 -3.9597949308271431e-21
0 4 -4.2601065463530229e-02 -1.1853264721801275e-21
0 5 -3.5637586265452111e-02 -9.7967679442109977e-22
0 6 -3.2406118442272314e-02 -4.2191809509566198e-22
0 7 -2.9628724951350337e-02 1.5859128363059179e-22
0 8 -2.7975534303953924e-02 6.9781731559832996e-22
0 9 -2.6120272070830529e-02 1.0147298030832470e-21
0 10 -2.3970460314457230e-02 -1.3769755321063583e-21
0 11 -2.1062725518429130e-02 1.1884842109008460e-21
0 12 -1.7140170746958231e-02 -6.2600518211943249e-22
0 13 -1.3909440623190064e-02 -2.0547943818601746e-22
0 14 -1.1573395113869086e-02 -1.7378392959678979e-22
0 15 -1.0145103122239815e-02 6.7486446458976883e-23
0 16 -8.7874972294148205e-03 2.5111523956795042e-23
0 17 -7.4035917956803317e-03 -2.5337626677679908e-22
0 18 -5.9422051458157725e-03 4.7327481292217806e-22
0 19 -5.2770710860890416e-03 -2.0615188948046208e-22
0 20 -5.1219613418426154e-03 -6.5720145997115314e-22
0 21 -5.0490028903707193e-03 -1.3868641004262849e-22
0 22 -4.6314842453655559e-03 3.1492410926627685e-24
0 23 -4.1296971696378609e-03 -1.8417649109738474e-22
0 24 -3.5342483876775856e-03 1.8465293316215507e-22
0 25 -3.0231296844301417e-03 -1.1786436217248178e-22
0 26 -2.5289899892783217e-03 -3.4211609856435113e-23
0 27 -2.0121131126736862e-03 -1.8732683451708738e-22
0 28 -1.6525396847676644e-03 1.1024474068540394e-22
0 29 -1.3693079467484493e-03 -2.3482550959788611e-24
0 30 -1.1376773603372649e-03 -4.4041739372021788e-23
0 31 -1.0138351585564714e-03 1.1666662228717097e-23
0 32 -9.2313480344315385e-04 -2.2870277383438503e-23
0 33 -8.7925935229980583e-04 1.6630607424081934e-23
0 34 -8.1135804363505551e-04 3.2456981687996366e-23
0 35 -7.2763703599983305e-04 -1.9946312859149108e-23
0 36 -6.6769633731743859e-04 -1.4182190445113381e-23
0 37 -6.4378608556109568e-04 -1.7264777189796034e-23
0 38 -6.5228238865284809e-04 -4.0266792339787182e-23
0 39 -6.7330489133253621e-04 6.6708591298813769e-24
0 40 -6.9971409929973720e-04 -3.1463115643196153e-23
0 41 -7.5115704514105660e-04 -6.9662836777047842e-24
0 42 -8.0109163196413378e-04 7.0784597092496506e-24
0 43 -8.7117007567541265e-04 7.5616724293471103e-24
0 44 -1.0037291862928742e-03 -5.1728788008309615e-23
0 45 -1.1933751923553393e-03 -7.9552217358337738e-23
0 46 -1.4498370735715363e-03 2.5682728092222760e-23
0 47 -1.6990524277080616e-03 -3.4920232857405418e-23
0 48 -1.9781321568033833e-03 4.1974887344869489e-23
0 49 -2.4548586194193403e-03 -1.4386059700655923e-23
0 50 -3.1071450687500221e-03 3.2384109364983186e-23
0 51 -3.7325370655376662e-03 1.1772110589996211e-22
0 52 -4.4250101370291424e-03 -2.5056960627659107e-22
0 53 -5.0766027292791262e-03 -2.1245983242827604e-22
0 54 -5.5112771518957488e-03 -3.7457992570117088e-22
0 55 -5.9422722543141506e-03 -7.5288136021513109e-23
0 56 -6.7474814586279243e-03 3.7051294342349322e-22
0 57 -8.0475065274218695e-03 4.8766759653426728e-25
0 58 -9.3714391949680873e-03 9.9797160683062727e-22
0 59 -1.0612350304999161e-02 -3.6893290845190568e-22
0 60 -1.2181807689495366e-02 -5.6828227647568230e-22
0 61 -1.4234175514128904e-02 3.0732246497961734e-22
0 62 -1.8088441335395368e-02 2.5787963567813769e-22
0 63 -2.2613529317690721e-02 6.8950146135778675e-22
0 64 -2.6765761642799972e-02 -1.4603766752870396e-21
0 65 -3.1230592000161018e-02 9.6373263000900004e-22
0 66 -3.6361537239082663e-02 -1.9048994935996805e-21
0 67 -4.3079708143247075e-02 1.6098220975954936e-21
0 68 -4.8594177865303040e-02 1.5348769368418412e-21
0 69 -5.8707335002002897e-02 -4.3233346293252205e-22
0 70 -8.4197012306713670e-02 1.0159571930566804e-20
0 71 -1.8123171707108660e-01 -4.9729184424790672e-20
1 0 -3.7581241481858652e-01 -1.0045761720966974e-03
1 1 -1.1248467093583947e-01 2.5627653137636592e-04
1 2 -5.9819844972513386e-02 -5.6016655963764101e-05
1 3 -4.2145440982179115e-02 -3.8802418238370679e-05
1 4 -3.2568764569686805e-02 -1.4983987950893489e-04
1 5 -2.7278807603113381e-02 -6.4101989312745158e-05
1 6 -2.4842493193918253e-02 4.8054396873429531e-05
1 7 -2.2684189383602511e-02 1.3131918186789193e-05
1 8 -2.1420045650956700e-02 9.6938831383554231e-05
1 9 -2.0014123278436227e-02 -2.4294106955971804e-05
1 10 -1.8319131314007316e-02 -5.5875704853909806e-05
1 11 -1.6069286201670002e-02 3.2156465608938173e-05
1 12 -1.3071763652504747e-02 -5.4276002561265172e-05
1 13 -1.0616735274943709e-02 -5.1031593441796402e-05
1 14 -8.8110498120849059e-03 -7.5793393059868152e-05
1 15 -7.7425121591591893e-03 -4.2288673332356328e-05
1 16 -6.6813287551408538e-03 -6.9868098423647273e-05
1 17 -5.6568039259623452e-03 -5.1453027191083827e-05
1 18 -4.5300095759083026e-03 -3.2563634527703628e-05
1 19 -4.0272331348003045e-03 5.6252582716296886e-06
1 20 -3.9131428231913628e-03 2.8594827859930799e-05
1 21 -3.8559161013593298e-03 3.6394388530915907e-05
1 22 -3.5494089317632130e-03 3.7519681930069160e-05
1 23 -3.1624543681259263e-03 -2.2947543006910746e-05
1 24 -2.6891740082233911e-03 -1.4567942650392592e-05
1 25 -2.3020091148764697e-03 -6.6042128640853999e-06
1 26 -1.9236859850036343e-03 -6.9607252242833886e-06
1 27 -1.5363255720647535e-03 1.5295570487180251e-07
1 28 -1.2645701164561891e-03 3.6823689604719487e-06
1 29 -1.0442586026391332e-03 -4.1238983370014963e-07
1 30 -8.6882379638623833e-04 5.3088993502143092e-06
1 31 -7.7621717945601325e-04 2.1309071404520626e-06
1 32 -7.0251548167699302e-04 6.4768322905805187e-06
1 33 -6.6811484194162171e-04 4.9983324969372176e-06
1 34 -6.1945891682316820e-04 4.0654242787879393e-07
1 35 -5.5594953157674619e-04 1.6118487057455780e-06
1 36 -5.1002060002854359e-04 3.3256075963024228e-07
1 37 -4.9078979931828988e-04 6.0872132922745997e-07
1 38 -4.9757513035739078e-04 -1.1062008137805984e-06
1 39 -5.1241983620058584e-04 5.6108955489403706e-07
1 40 -5.3312006254660016e-04 3.3860468849224499e-06
1 41 -5.7355650799500990e-04 5.4979337731028788e-07
1 42 -6.1080896712089770e-04 -5.0236662971362909e-06
1 43 -6.6630782822025138e-04 -5.0571743656989298e-06
1 44 -7.7079109573553392e-04 -2.7771162941366189e-06
1 45 -9.1540067350700139e-04 3.1037881137191109e-06
1 46 -1.1043342187742897e-03 -2.9650529895793104e-07
1 47 -1.2920091712839920e-03 2.2147094080755756e-06
1 48 -1.5093487801098714e-03 2.8806997097437529e-06
1 49 -1.8731700816716460e-03 1.0829735417674877e-05
1 50 -2.3661940540044592e-03 -3.3809972608180743e-06
1 51 -2.8423855481307186e-03 -1.9425019971014261e-05
1 52 -3.3597441266443291e-03 -1.5607375865233961e-05
1 53 -3.8674373371545613e-03 1.9757654237920154e-05
1 54 -4.2207280952763059e-03 1.1629903720632272e-05
1 55 -4.5528839573464276e-03 -8.3776928955654004e-08
1 56 -5.1802250865006973e-03 2.7146433040489350e-06
1 57 -6.1688302120703892e-03 1.4589531283499369e-05
1 58 -7.1997196373749447e-03 1.1193768147321637e-05
1 59 -8.0857200576705795e-03 1.2673032506776942e-05
1 60 -9.3311448547912738e-03 3.0329896006619486e-05
1 61 -1.0899523258192148e-02 3.5104702073121192e-05
1 62 -1.3753391216565176e-02 4.0379009880154658e-05
1 63 -1.7284995983907880e-02 5.4135557225776991e-05
1 64 -2.0455492171388416e-02 5.0831313126273108e-05
1 65 -2.3909169540182091e-02 -1.3685398729663251e-04
1 66 -2.7787966878539589e-02 -1.3136726537599314e-04
1 67 -3.3013333468302875e-02 -1.7388679761730515e-04
1 68 -3.7154569672857650e-02 -2.4004441080678180e-06
1 69 -4.4560714885004266e-02 -3.3370031133295039e-05
1 70 -6.1308330697348146e-02 -2.6396937292305368e-04
1 71 -1.1235559065216073e-01 -1.5701618131682969e-04
2 0 -1.2999991115664414e-01 8.1773595358911803e-04
2 1 -5.5233809603812731e-02 4.0418073575078562e-04
2 2 -3.5515541056094863e-02 6.0602798534243483e-05
2 3 -2.6053895517938699e-02 -5.2111775867763878e-05
2 4 -2.0320350408033847e-02 -1.7538770943951388e-04
2 5 -1.7034045574777439e-02 -8.8741069363075013e-05
2 6 -1.5522123358706142e-02 4.8843840485888101e-05
2 7 -1.4147092722573662e-02 3.0738886573985182e-05
2 8 -1.3308119053796150e-02 1.3880747580570361e-04
2 9 -1.2494633813560373e-02 -1.0444084083689695e-05
2 10 -1.1371587602989104e-02 -8.5665858394837620e-05
2 11 -9.9604599718218969e-03 3.9446381171678864e-05
2 12 -8.0274299686716333e-03 -7.2630718042209283e-05
2 13 -6.5681426465809536e-03 -5.2391730886847715e-05
2 14 -5.4251564333824510e-03 -9.8031284057970651e-05
2 15 -4.7606020331775458e-03 -5.9228313289755889e-05
2 16 -4.0758235994041202e-03 -8.1619433501952467e-05
2 17 -3.4924265156229370e-03 -6.6248892168627692e-05
2 18 -2.7816339115163615e-03 -4.8548000797129456e-05
2 19 -2.4814478427101112e-03 4.7740064915865969e-06
2 20 -2.4217807387555902e-03 3.5722964959155998e-05
2 21 -2.3802745399138930e-03 4.7175347789405593e-05
2 22 -2.2122168548008316e-03 5.3592436488686894e-05
2 23 -1.9690973222625998e-03 -2.3958822407080218e-05
2 24 -1.6548557730055927e-03 -1.7600688349449205e-05
2 25 -1.4197722103865764e-03 -5.1605421424744237e-06
2 26 -1.1773839030146216e-03 -7.6919162578875262e-06
2 27 -9.5421208382920428e-04 3.7788744488614990e-06
2 28 -7.8997750479275802e-04 7.7240365249684196e-06
2 29 -6.4615323645430937e-04 -9.1055046356560942e-07
2 30 -5.3985978186542121e-04 8.4266528383904284e-06
2 31 -4.8339475506157826e-04 2.5468160482276974e-06
2 32 -4.3278833062740439e-04 7.9730852261176329e-06
2 33 -4.0829030027406295e-04 7.4972909960227523e-06
2 34 -3.8187874739432882e-04 -1.1238474046047694e-06
2 35 -3.4351610845025597e-04 1.7830166146008662e-06
2 36 -3.1628791150147581e-04 -4.5105577183213859e-07
2 37 -3.0291913274157827e-04 1.1455921940182145e-06
2 38 -3.0704446395258525e-04 -2.2723619395061570e-06
2 39 -3.1318082150324676e-04 6.8473446950383529e-07
2 40 -3.2763004592557642e-04 3.9534209154410999e-06
2 41 -3.5502344960165467e-04 -4.9845992685574646e-07
2 42 -3.7616127747388287e-04 -7.1292776830907080e-06
2 43 -4.1434002733813292e-04 -6.8470145087573266e-06
2 44 -4.8376547021566424e-04 -3.1304460575807773e-06
2 45 -5.7252122127392918e-04 4.3401675010789351e-06
2 46 -6.8144334573964080e-04 -1.3181759737286179e-06
2 47 -7.9712711111277459e-04 3.3544753229376988e-06
2 48 -9.3161063865576134e-04 2.1620833469736686e-06
2 49 -1.1536583605455068e-03 1.7633929971182502e-05
2 50 -1.4430197054981387e-03 -4.1151490614151908e-06
2 51 -1.7365306999880131e-03 -1.9735136051147439e-05
2 52 -2.0559425675399107e-03 -1.4301101336113355e-05
2 53 -2.3876819812651577e-03 1.9069153853336206e-05
2 54 -2.6314363876188459e-03 2.0818359442382410e-05
2 55 -2.8364518748708271e-03 8.5421932531908707e-07
2 56 -3.2348275859479859e-03 5.4515197171207654e-06
2 57 -3.8656991335537338e-03 1.8398119447643199e-05
2 58 -4.5140575397441523e-03 2.3060125190192522e-05
2 59 -4.9652638600583294e-03 1.9227616950351948e-05
2 60 -5.8263547555799811e-03 5.3838819483305780e-05
2 61 -6.8052919297047383e-03 4.9467120624115018e-05
2 62 -8.4775346247323267e-03 4.9283691657437279e-05
2 63 -1.0694677448478204e-02 1.1020126835672021e-04
2 64 -1.2725302020655301e-02 1.1187616278523042e-04
2 65 -1.4892773901930449e-02 -1.8876824119708847e-04
2 66 -1.7251717425788158e-02 -1.4477844046832639e-04
2 67 -2.0590337487272192e-02 -2.7559358413808038e-04
2 68 -2.3104821407114808e-02 -2.7491289789064654e-05
2 69 -2.7495823065437734e-02 -2.2038383692346217e-05
2 70 -3.6187777842605372e-02 -1.4028275768809440e-04
2 71 -5.6786683237910265e-02 -3.3191849216124801e-04
3 0 -4.9554520500815005e-02 9.1087661750627541e-04
3 1 -2.5494438092852078e-02 3.1863721068822536e-04
3 2 -1.9579684514082638e-02 3.4145498076817426e-05
3 3 -1.4720549590745525e-02 -6.9158961898740676e-05
3 4 -1.1757290069358627e-02 -1.5296735979334944e-04
3 5 -9.8357512517029330e-03 -3.8000263042927984e-05
3 6 -8.9555956740032822e-03 1.8688278022673437e-05
3 7 -8.1817479766781980e-03 4.4107887760872664e-05
3 8 -7.5740403418516292e-03 1.5184482016687828e-04
3 9 -7.2428912606660430e-03 4.8059049720003866e-08
3 10 -6.5641075988995268e-03 -6.3880746247066099e-05
3 11 -5.7235272427756546e-03 4.2122545487919734e-05
3 12 -4.4976080723422469e-03 -7.7533479258942947e-05
3 13 -3.7911128208407839e-03 -4.6400791661667783e-05
3 14 -3.0735052235349573e-03 -8.0347060024831238e-05
3 15 -2.7000331055765784e-03 -5.1428975835146747e-05
3 16 -2.2737899698661544e-03 -3.1435877661400526e-05
3 17 -1.9936582682185742e-03 -5.4200517599785030e-05
3 18 -1.5746459335756143e-03 -4.7240191647695945e-05
3 19 -1.3979381668310143e-03 2.0809308897066165e-06
3 20 -1.3798450896428734e-03 3.7144587030688811e-05
3 21 -1.3677533652679456e-03 4.7473133711906006e-05
3 22 -1.2752141766334698e-03 5.3507588479227751e-05
3 23 -1.1316953012179966e-03 -1.8214700318439248e-05
3 24 -9.4356336379803262e-04 -1.6649333841033782e-05
3 25 -8.1643908790870849e-04 2.0728389444127394e-06
3 26 -6.6603280651980406e-04 -4.7419455235346874e-06
3 27 -5.4917356425186682e-04 8.1342872769333534e-06
3 28 -4.5671733225648213e-04 1.0250504696244122e-05
3 29 -3.7175342509663742e-04 -1.0477264312023496e-06
3 30 -3.1154915174595184e-04 8.3562835159740434e-06
3 31 -2.8005818596448022e-04 2.9404749000362213e-06
3 32 -2.4746315977282297e-04 6.0837242097231526e-06
3 33 -2.2746204448629025e-04 7.3173236736999042e-06
3 34 -2.1501261966668314e-04 -2.1206492867053310e-06
3 35 -1.9550699266625502e-04 1.1339271357724340e-06
3 36 -1.8088418355717198e-04 -1.0672538271787435e-06
3 37 -1.7329594052232277e-04 1.7721206964496922e-06
3 38 -1.7506562140348847e-04 -1.8042046005541658e-06
3 39 -1.7598423628298118e-04 4.4752657777410665e-07
3 40 -1.8524014296147744e-04 2.3142370273986429e-06
3 41 -2.0394337114611882e-04 -9.7995204634830021e-07
3 42 -2.1400450365014785e-04 -8.3660858458969999e-06
3 43 -2.3893312422774591e-04 -6.7484608679440787e-06
3 44 -2.8212127156435128e-04 -1.8050606097657462e-06
3 45 -3.3057997002456518e-04 1.5984940629274006e-06
3 46 -3.8986018736332512e-04 -2.9496610216017503e-06
3 47 -4.5725850000765192e-04 2.2721300983942286e-06
3 48 -5.2765667572085995e-04 -5.5750430962916032e-07
3 49 -6.5081384591197196e-04 2.0198115146260615e-05
3 50 -7.9831162173435390e-04 -1.6368706731735373e-06
3 51 -9.7110082006931554e-04 -1.2631425760574110e-05
3 52 -1.1623576430874545e-03 -8.8871293356895342e-06
3 53 -1.3588429460664375e-03 5.7539360310249096e-06
3 54 -1.5168374445407849e-03 3.0976090717890851e-05
3 55 -1.6389706356046943e-03 2.1559615352581800e-06
3 56 -1.8671457401717112e-03 4.8750595754159708e-06
3 57 -2.2649700415009466e-03 1.2293048023610463e-05
3 58 -2.6255748114862310e-03 3.2322389558120963e-05
3 59 -2.8254176292866668e-03 2.5046748825294948e-05
3 60 -3.3709980157876599e-03 8.2138289007961421e-05
3 61 -3.9448128507200203e-03 4.9558301625452664e-05
3 62 -4.8583507952713566e-03 3.7695502672679161e-05
3 63 -6.1709938403519847e-03 1.6435102590504425e-04
3 64 -7.3795021700450063e-03 1.2366343216784284e-04
3 65 -8.5986835876809171e-03 -2.1172252454897063e-04
3 66 -9.8792628731124935e-03 -7.0288746962563690e-05
3 67 -1.1921115084113403e-02 -3.1243850821626395e-04
3 68 -1.3370426552562863e-02 -1.5064135245254609e-04
3 69 -1.5828743881705243e-02 -1.8364994982183327e-05
3 70 -1.9831558762950719e-02 6.5280647944721435e-05
3 71 -2.7279521278320628e-02 -4.3857852637639323e-04
4 0 -2.1005395757919251e-02 2.8171289804004146e-04
4 1 -1.1936789078890259e-02 2.2955223189760840e-04
4 2 -1.0382174170452335e-02 -2.2962937266769355e-05
4 3 -7.8550099631696946e-03 -4.5725771829197384e-05
4 4 -6.5314876284494729e-03 -8.4400522838670963e-05
4 5 -5.4175537346140921e-03 -2.8516592392923258e-05
4 6 -4.8923128053084217e-03 -1.0836742458000165e-05
4 7 -4.5394274307918678e-03 4.8434659716389133e-05
4 8 -4.0859471799768619e-03 1.2746664662787556e-04
4 9 -4.0490303358109879e-03 -3.4470236460909962e-05
4 10 -3.6501950330815138e-03 -2.6753772632965900e-05
4 11 -3.1730878892986185e-03 3.6494052576529447e-05
4 12 -2.3982848143851965e-03 -9.1001358760526879e-05
4 13 -2.1236453074749617e-03 -4.7969039076334299e-05
4 14 -1.6529948265659286e-03 -5.9413468514447102e-05
4 15 -1.4770658170463781e-03 -4.0156797184226237e-05
4 16 -1.2196647228486339e-03 2.2330178332347466e-05
4 17 -1.1028440061885815e-03 -2.7531729516099586e-05
4 18 -8.5361918173392003e-04 -3.5061539626656770e-05
4 19 -7.4647037571009970e-04 2.9687734072668599e-06
4 20 -7.4667189292479657e-04 3.8295905088881573e-05
4 21 -7.6335159303434733e-04 4.8020192953845248e-05
4 22 -7.1122227702444588e-04 4.3501069551528086e-05
4 23 -6.2542098405601475e-04 -1.1145686381569629e-05
4 24 -5.1366339303195434e-04 -1.4083184757333797e-05
4 25 -4.5101291477137051e-04 3.7105728551977593e-06
4 26 -3.6607054109312996e-04 -2.8668832817634217e-06
4 27 -3.0359844405184795e-04 7.4720539418133893e-06
4 28 -2.5082890729288999e-04 9.3136846801963318e-06
4 29 -2.0606678957956222e-04 -1.3956215940084401e-06
4 30 -1.7407481814589782e-04 6.6311327946705063e-06
4 31 -1.5543103267467005e-04 3.7976614161702878e-06
4 32 -1.3667518797369916e-04 2.8992979423057415e-06
4 33 -1.1925896974278929e-04 6.3672078921396038e-06
4 34 -1.1396277971847748e-04 -1.9499944144959202e-06
4 35 -1.0614397215823005e-04 6.3835635361286091e-07
4 36 -9.7239196508312574e-05 -1.0082744183553256e-06
4 37 -9.5769314091235020e-05 6.7940122278975128e-07
4 38 -9.5505682744634470e-05 -7.7414517030194129e-07
4 39 -9.5141199867203682e-05 6.3459229915746718e-07
4 40 -1.0104285565929116e-04 7.9548109738612419e-07
4 41 -1.1243677564880939e-04 -1.5210651915419641e-06
4 42 -1.1779658088710188e-04 -7.7992206831333454e-06
4 43 -1.3309409051272925e-04 -5.1802890001953962e-06
4 44 -1.5879649859486112e-04 -1.5197338538542597e-06
4 45 -1.8184556542233634e-04 -1.3608668200720472e-06
4 46 -2.1450463363816393e-04 -5.5903082149181702e-06
4 47 -2.5305296160409109e-04 2.7877779360358218e-07
4 48 -2.8465055825933926e-04 -1.8007596231275627e-06
4 49 -3.4753073816030667e-04 1.7163622643198395e-05
4 50 -4.1772301159677893e-04 8.3948434996702771e-07
4 51 -5.1790070357525834e-04 -4.2023147145705963e-06
4 52 -6.2651805913898002e-04 -8.7305166385597000e-06
4 53 -7.3773440623923462e-04 -7.6981955118943412e-06
4 54 -8.4135618017874511e-04 3.4994560558973585e-05
4 55 -9.1344818020264011e-04 -1.8919502094877760e-06
4 56 -1.0392659046083938e-03 7.4192594590017727e-06
4 57 -1.2720960384328438e-03 -1.5668031107672221e-06
4 58 -1.4549671903941314e-03 2.3920904938996301e-05
4 59 -1.5497665014172022e-03 4.5386234330616552e-05
4 60 -1.8801760491876350e-03 9.7965333971088755e-05
4 61 -2.2253173954845020e-03 4.5316157364255745e-05
4 62 -2.6986506301475708e-03 3.7326666763896003e-05
4 63 -3.4489516176951559e-03 1.7130189834371271e-04
4 64 -4.1586345666810689e-03 9.0417911357815723e-05
4 65 -4.7965172504723487e-03 -2.4181666975869943e-04
4 66 -5.4265333362527564e-03 -1.1388950481906144e-06
4 67 -6.6628677807918863e-03 -3.2399610364113024e-04
4 68 -7.5491790609736216e-03 -2.2338288007640812e-04
4 69 -8.7659469965195407e-03 -5.0419777597289028e-05
4 70 -1.0607154890167945e-02 6.1377071947684767e-05
4 71 -1.3024869300304888e-02 -6.2536073869363278e-04
5 0 -8.4465768529831987e-03 1.5367651596487117e-04
5 1 -5.7014423518372947e-03 2.1869047852247475e-04
5 2 -5.4327223427974580e-03 -7.5755641414491679e-05
5 3 -4.0231751513140051e-03 -2.0986076224531751e-05
5 4 -3.5285706195183520e-03 -4.3788288941687811e-05
5 5 -2.8467544103290298e-03 -5.1967750157209644e-05
5 6 -2.5531723913912673e-03 -7.3450161054860119e-05
5 7 -2.4824831889348484e-03 3.0426695280375723e-05
5 8 -2.0990899492132360e-03 1.0714387551762037e-04
5 9 -2.1902779397249242e-03 -8.2591574669477175e-05
5 10 -1.9918478646380258e-03 1.9018927013159167e-05
5 11 -1.7184356897488812e-03 2.1410887649258377e-05
5 12 -1.2328415462803776e-03 -9.8520888164387466e-05
5 13 -1.1800037299024688e-03 -3.3933178510925871e-05
5 14 -8.3552428158725734e-04 -3.3022268021992143e-05
5 15 -8.0057634696326704e-04 -1.5151200796255008e-05
5 16 -6.5384616953341912e-04 4.9494841003012257e-05
5 17 -6.1425890984653255e-04 4.8213383616385862e-06
5 18 -4.4621560938225551e-04 -1.7488779719385153e-05
5 19 -3.8018736195205149e-04 -5.2877590210983853e-07
5 20 -3.9498232796815843e-04 3.4422397593446993e-05
5 21 -4.1743897318659783e-04 4.4054601688070429e-05
5 22 -3.9008864833234389e-04 3.1276138392058518e-05
5 23 -3.3363554111814941e-04 -9.0698275719702527e-06
5 24 -2.6762413417933176e-04 -1.5188477838495752e-05
5 25 -2.3865263105655798e-04 2.0783471965801140e-06
5 26 -2.0276686787612562e-04 -9.4591635984873238e-07
5 27 -1.6195919978506264e-04 5.6664558793809688e-06
5 28 -1.3313949408331769e-04 6.7415003476164243e-06
5 29 -1.1005478586821038e-04 -1.1781814441475606e-06
5 30 -9.5505520349262676e-05 5.0717030161269372e-06
5 31 -8.2751341429275743e-05 2.6170362814339476e-06
5 32 -7.3167399464856063e-05 1.2103633504065232e-06
5 33 -5.9214774118899224e-05 5.5831834374296542e-06
5 34 -5.8308907810942499e-05 -2.2990684530340054e-06
5 35 -5.6131906778846436e-05 9.5415284007245598e-07
5 36 -5.0630337136105228e-05 -8.7362285737852028e-07
5 37 -5.1467446375202867e-05 -1.3280879069795697e-06
5 38 -5.0394243364925176e-05 -8.5880456510563875e-07
5 39 -4.9666620284947770e-05 2.6347761359609864e-07
5 40 -5.4987514943575520e-05 1.3519077555484978e-08
5 41 -5.8894238075208387e-05 -1.7357179577849804e-06
5 42 -6.3762406681824654e-05 -5.8137840831851954e-06
5 43 -7.3040991371832735e-05 -3.4340636228851031e-06
5 44 -8.7202160299746455e-05 -1.5587207624675445e-06
5 45 -9.6482175556595373e-05 -3.5139940387314514e-06
5 46 -1.1388811171193243e-04 -7.2358830609432250e-06
5 47 -1.3805479950684924e-04 -2.1101154976193739e-06
5 48 -1.4643583272641491e-04 -1.3858156836412435e-06
5 49 -1.7464581488386619e-04 1.3228403357272715e-05
5 50 -2.0695366841045465e-04 1.4420342895293339e-06
5 51 -2.7027451996198296e-04 1.3376217452655189e-06
5 52 -3.2865246553428085e-04 -7.5991471228098942e-06
5 53 -3.9064897640841859e-04 -1.1206110552062002e-05
5 54 -4.5130419639888622e-04 2.8937220719981877e-05
5 55 -4.9624710772060913e-04 -5.8931426285882877e-06
5 56 -5.6935843459492196e-04 9.7478563087304327e-06
5 57 -6.9307586367008513e-04 -4.7215321866643975e-06
5 58 -7.7261587544541195e-04 1.2531017860325272e-05
5 59 -8.2391523977662839e-04 6.4519852770590589e-05
5 60 -1.0306746864471653e-03 8.6775900876790723e-05
5 61 -1.2550808747707565e-03 2.9377585891443986e-05
5 62 -1.4836528526497833e-03 3.6134573686359014e-05
5 63 -1.8601121812390981e-03 1.4969642309396925e-04
5 64 -2.3139601401202968e-03 7.9052564924700946e-05
5 65 -2.6375646219352852e-03 -2.6494148542625994e-04
5 66 -2.8947297700427591e-03 7.0556462214580012e-05
5 67 -3.6389175484314788e-03 -2.8925831159970126e-04
5 68 -4.2225157819436119e-03 -2.1263054527852123e-04
5 69 -4.7875843379966837e-03 -1.1792693516936828e-04
5 70 -5.6228283611064788e-03 6.5637520501406728e-05
5 71 -6.2549454244847074e-03 -6.0008873163056454e-04
6 0 -3.5435913715744791e-03 1.5224668606313385e-04
6 1 -2.7304803494844938e-03 1.3603748852705180e-04
6 2 -2.8220331525706005e-03 -7.2145069612512093e-05
6 3 -2.0132194318990019e-03 -8.6824369233338356e-05
6 4 -1.8580302953083395e-03 -2.8494417309786006e-05
6 5 -1.4620479405130203e-03 -4.5992305651479268e-05
6 6 -1.3265886826559804e-03 -1.3955891267801920e-04
6 7 -1.3698535710768439e-03 1.6079133813267585e-05
6 8 -1.0234958302622571e-03 7.2757277007132410e-05
6 9 -1.1652690051776288e-03 -9.8605178541282733e-05
6 10 -1.0473231127761931e-03 5.6203817320948168e-05
6 11 -9.3290817536110160e-04 2.1659881678790483e-05
6 12 -6.1452303358195076e-04 -1.0112543044402689e-04
6 13 -6.6035709357651772e-04 -1.6931341370830774e-05
6 14 -3.9093785676338458e-04 -2.2152562141462818e-05
6 15 -4.3423327127626801e-04 6.2102554750981711e-06
6 16 -3.5776372826814662e-04 4.7797547506603101e-05
6 17 -3.5346453938914484e-04 2.7095576589528073e-05
6 18 -2.2599361078242083e-04 -2.5427808110100030e-06
6 19 -1.9061366258657365e-04 -4.3403612563224375e-06
6 20 -2.0919744112274082e-04 1.8963874170820157e-05
6 21 -2.1999891937767176e-04 4.1960508711092543e-05
6 22 -2.1097225392785197e-04 2.4678612437898084e-05
6 23 -1.6953206144354764e-04 -4.9253749473412299e-06
6 24 -1.3485915944043243e-04 -1.9937098019300090e-05
6 25 -1.2178477029261154e-04 -1.2382481354708540e-06
6 26 -1.1685795890422077e-04 -3.6970693645785370e-07
6 27 -8.3061866868875263e-05 2.4515910148944644e-06
6 28 -7.1523677704818302e-05 4.2079303199195487e-06
6 29 -5.7237854887182394e-05 -1.2941224397621808e-06
6 30 -5.2672249262342652e-05 3.3857924109462477e-06
6 31 -4.3316244677126992e-05 1.2465682981704688e-06
6 32 -3.8371128241300285e-05 5.3408672331649567e-07
6 33 -2.8764518493710556e-05 4.0741538514157469e-06
6 34 -2.8763188319514095e-05 -2.6935607707445108e-06
6 35 -2.9371032764012702e-05 1.5118499810092596e-06
6 36 -2.6825048724946710e-05 -1.3282940328676732e-06
6 37 -2.7290004460446442e-05 -2.5849854817333539e-06
6 38 -2.6378911512530064e-05 -7.3930685744462152e-07
6 39 -2.5248269764254340e-05 -6.1550497902904511e-07
6 40 -3.0229189460449592e-05 -6.9593200122015193e-07
6 41 -2.8588097524485041e-05 -1.2549903582763756e-06
6 42 -3.4840746474852023e-05 -3.9895592612052084e-06
6 43 -3.9416258293018074e-05 -1.6140901676611149e-06
6 44 -4.7134271032907367e-05 -3.6629512972426040e-07
6 45 -4.9339482902374998e-05 -3.4365000604415903e-06
6 46 -5.7487253146633030e-05 -6.4015498599225334e-06
6 47 -7.5519225685075750e-05 -6.4146908999493553e-06
6 48 -7.2067867073648259e-05 -1.6364853874969368e-06
6 49 -8.1196543934958991e-05 1.0112364653451488e-05
6 50 -9.7380526399203042e-05 -4.5733742762274617e-07
6 51 -1.3849581345840023e-04 1.7432810994511330e-06
6 52 -1.7118297613762603e-04 -2.3845893083771166e-06
6 53 -2.0607942817876541e-04 -7.9370579691980389e-06
6 54 -2.3191870657777810e-04 1.3157365624888069e-05
6 55 -2.6449652984607801e-04 -5.5509053959983188e-06
6 56 -3.0790729533303738e-04 -3.1829840506513059e-06
6 57 -3.7867245298083587e-04 -5.8734459768975715e-06
6 58 -4.0685556216005019e-04 5.7840426124340936e-07
6 59 -4.3393151269751533e-04 7.7435073901378242e-05
6 60 -5.6343363745619190e-04 6.4225851196044628e-05
6 61 -7.1951682566536400e-04 8.6323584435218086e-06
6 62 -8.2623746774738830e-04 3.7626377528560377e-05
6 63 -9.8995522772296358e-04 1.4268291727379120e-04
6 64 -1.2613937033273185e-03 9.0115004318057617e-05
6 65 -1.4495902278819565e-03 -2.3649207952175895e-04
6 66 -1.5274604960675829e-03 7.5611992633815386e-05
6 67 -1.9667452152179999e-03 -2.1867761706656106e-04
6 68 -2.3130555021583900e-03 -1.8492970615203839e-04
6 69 -2.5714022744995316e-03 -1.4224743798629848e-04
6 70 -2.8935302600025070e-03 2.3831626783498797e-04
6 71 -3.0607077606195905e-03 -5.4541096041582106e-04
7 0 -1.3381848282685927e-03 1.4368117870435280e-04
7 1 -1.3181965468595598e-03 4.5927007920552746e-05
7 2 -1.4511149797335977e-03 -6.5052140865752873e-05
7 3 -1.0226274383860379e-03 -1.0917073530466285e-04
7 4 -9.5042740784694426e-04 -7.2085483972363584e-06
7 5 -7.5379615532758916e-04 -1.3388917377988388e-05
7 6 -6.9804708919671775e-04 -1.8119142681424658e-04
7 7 -7.6352786115699376e-04 2.1238731326677679e-05
7 8 -5.0289565677908636e-04 4.2340418532343790e-05
7 9 -6.2666869110639134e-04 -8.0349283958968223e-05
7 10 -5.2390156431405459e-04 7.0715168480126934e-05
7 11 -5.1817055732398035e-04 3.7605923532138347e-05
7 12 -3.0160203544700491e-04 -1.0137647749221428e-04
7 13 -3.6117889559041561e-04 -1.6251495162871035e-06
7 14 -1.6500806282139930e-04 -1.7280360159723443e-05
7 15 -2.4010325157079591e-04 6.4467582996698526e-06
7 16 -2.0092055167974244e-04 2.8705539506350609e-05
7 17 -2.0668729183176396e-04 2.9672268344180674e-05
7 18 -1.1350203048670744e-04 8.0927238124797264e-06
7 19 -9.5870988589880600e-05 -8.3689478583482375e-06
7 20 -1.1650892602325596e-04 5.6150518531270553e-06
7 21 -1.0985169805192803e-04 3.7350903569733303e-05
7 22 -1.1623829901065928e-04 2.5894802145109887e-05
7 23 -7.9779740949637403e-05 -5.2897813442295110e-07
7 24 -6.4873262447650621e-05 -1.5715323314887905e-05
7 25 -6.1577884581045332e-05 -5.0737027333145676e-06
7 26 -6.7497944713626657e-05 -4.7721849869026328e-07
7 27 -4.0395968215000005e-05 8.2592109742403537e-07
7 28 -4.0080161719617775e-05 2.5850235354074645e-06
7 29 -2.9014866442185489e-05 -5.4935329976595091e-07
7 30 -3.0551476394260974e-05 3.1813034176469764e-06
7 31 -2.3488695106487021e-05 6.0996318934560942e-07
7 32 -2.0301767060055069e-05 3.4900819691926780e-07
7 33 -1.3744182724904143e-05 2.6386656791831878e-06
7 34 -1.4211572268263103e-05 -3.1269960620210397e-06
7 35 -1.4804277352822159e-05 1.6047120226466038e-06
7 36 -1.4600549895485416e-05 -1.8022535412471522e-06
7 37 -1.5097200222415875e-05 -3.0824217036723946e-06
7 38 -1.4385761163279497e-05 -4.0729310576486925e-07
7 39 -1.2576717899616272e-05 -1.6272471742457138e-06
7 40 -1.7004161760377993e-05 -1.5920029448686105e-06
7 41 -1.2143859124930601e-05 -1.0220511984592307e-06
7 42 -1.9481389078592277e-05 -2.7287799810441941e-06
7 43 -2.1516561437129614e-05 1.6754391325969105e-07
7 44 -2.5527567146578566e-05 1.5732703129598765e-06
7 45 -2.5537265140319245e-05 -1.5008664254236998e-06
7 46 -2.6119773410895008e-05 -5.6925460255139886e-06
7 47 -4.2514288575110497e-05 -6.5894527541092805e-06
7 48 -3.4922747295835580e-05 -1.8914838278184194e-06
7 49 -3.4057564163114435e-05 8.4280265704178829e-06
7 50 -4.4930382483761594e-05 -2.1545955577310889e-06
7 51 -6.5439126373523362e-05 4.1942655195289481e-06
7 52 -8.6831360700700776e-05 6.0477875655985334e-06
7 53 -1.0881039138871146e-04 -1.0808938617223566e-05
7 54 -1.1782580103143997e-04 -3.8781673311179160e-06
7 55 -1.3443701965373226e-04 -5.7668706217774965e-06
7 56 -1.6163920613147150e-04 -1.3184609983509595e-05
7 57 -2.1581058255861149e-04 -2.9448172951294990e-06
7 58 -2.1247582732615607e-04 -8.6814189809246553e-06
7 59 -2.3425371126544535e-04 7.4357363892526456e-05
7 60 -3.0053099664380055e-04 3.7010149685394484e-05
7 61 -4.1628550123324086e-04 -8.4754588042396388e-06
7 62 -4.6126878343107753e-04 3.4703681478350458e-05
7 63 -5.2425900144279012e-04 1.0112432448843775e-04
7 64 -6.3974281320186208e-04 8.5577358370146788e-05
7 65 -7.8124230882905589e-04 -1.9790478212437817e-04
7 66 -7.7823972034717743e-04 1.9108498602656267e-05
7 67 -1.0417595200073791e-03 -1.3492555783016532e-04
7 68 -1.2495311913253201e-03 -1.5781498210483310e-04
7 69 -1.3464622638935200e-03 -8.7640534011808807e-05
7 70 -1.4603528926580586e-03 3.6420671826470287e-04
7 71 -1.4019585112515216e-03 -4.5367199840239304e-04
8 0 -3.5556074400147798e-04 3.0987307331821522e-04
8 1 -6.9319744600953659e-04 3.2494794188579403e-06
8 2 -7.5742318458385505e-04 -1.8333696891415007e-05
8 3 -5.8736500373504522e-04 -7.5781969496702427e-05
8 4 -4.6886117565165408e-04 -8.0618110179913319e-06
8 5 -3.8330769769393214e-04 3.7288971468916771e-05
8 6 -3.6393071134212257e-04 -2.0271064167517978e-04
8 7 -4.2250129332632177e-04 2.1238840128025066e-05
8 8 -2.6626184404015727e-04 1.8935959002881278e-05
8 9 -3.6039472208117588e-04 -2.9961079911223136e-05
8 10 -2.5047188845131457e-04 1.0551221107494467e-04
8 11 -2.8994917575503705e-04 5.5955646703212840e-05
8 12 -1.4574941663073740e-04 -8.9356938579380723e-05
8 13 -1.8393341769567709e-04 4.6849617560320143e-06
8 14 -5.4990244186164467e-05 -1.4469495658186974e-05
8 15 -1.4226076998102616e-04 -9.8642612633601765e-07
8 16 -1.1617075224527445e-04 1.2954481808412825e-05
8 17 -1.2458974266521913e-04 2.0759561983874352e-05
8 18 -5.8083948793545364e-05 9.0255116348682451e-06
8 19 -5.5136915070863269e-05 -1.3791485090329669e-05
8 20 -7.8584348142666651e-05 -1.8106324006504748e-06
8 21 -5.0090014153220069e-05 2.8955938016180805e-05
8 22 -7.1480894471898771e-05 3.1399448879600471e-05
8 23 -3.6617527427102337e-05 3.9053423420768981e-06
8 24 -2.6314436841634395e-05 -8.0605110346102510e-06
8 25 -3.1979294506181222e-05 -3.9540799117174103e-06
8 26 -3.6082075861018908e-05 -1.8863586092822610e-06
8 27 -1.7874844899379147e-05 3.6215879903273287e-06
8 28 -2.3235981027111343e-05 2.4327232227998009e-06
8 29 -1.3126240083769250e-05 1.0379114260179571e-06
8 30 -2.0161910673109207e-05 3.5377952578693356e-06
8 31 -1.3668154795826329e-05 -1.1093678663744599e-07
8 32 -1.0902350583080495e-05 5.4469668804804620e-08
8 33 -6.2131461098352339e-06 1.8856606232688715e-06
8 34 -7.8902476322680125e-06 -3.2338291216798633e-06
8 35 -7.5016736046799490e-06 3.2409929296148459e-07
8 36 -8.1887930569937192e-06 -2.8277729744556312e-06
8 37 -8.7378713426050003e-06 -3.5227945778011501e-06
8 38 -8.5751468309395172e-06 -5.4413571909756791e-07
8 39 -5.9623204660209827e-06 -1.3291094754972537e-06
8 40 -1.0055852551006879e-05 -2.0382081522535959e-06
8 41 -3.6104381996574504e-06 -1.8540713312373912e-07
8 42 -1.1345748064665307e-05 -1.4104771365086659e-06
8 43 -1.2174400230196452e-05 6.4717723970785140e-07
8 44 -1.3889720807205080e-05 2.4910015746785415e-06
8 45 -1.4507256126205611e-05 -5.1218146750135864e-07
8 46 -9.4892697883674345e-06 -4.2480330647647499e-06
8 47 -2.5664256967314259e-05 -4.3847687856852205e-06
8 48 -1.7528911064657915e-05 -1.8965546781617029e-06
8 49 -1.3532405136066315e-05 6.7975706876507737e-06
8 50 -2.3789112116727725e-05 -4.6517735163772572e-07
8 51 -2.7683294465471832e-05 8.7949563768299295e-06
8 52 -3.8746757239981478e-05 1.1433332303147368e-05
8 53 -5.8998604998365452e-05 -1.1420465395578887e-05
8 54 -5.7072176961855439e-05 -1.4444269334100074e-05
8 55 -5.9701126076412490e-05 -6.6629841675179160e-06
8 56 -7.4992977692811316e-05 -1.6340524813570819e-05
8 57 -1.2575533599620166e-04 2.4298607536522438e-06
8 58 -1.0328967339166172e-04 -1.3116001335429379e-05
8 59 -1.2828620460930132e-04 5.1504003552868645e-05
8 60 -1.4164864346563082e-04 2.0594149235775399e-05
8 61 -2.2734611406428912e-04 -2.2179591654910769e-05
8 62 -2.3876709243595768e-04 5.2127287629301674e-05
8 63 -2.7469894581468588e-04 3.8560431799708189e-05
8 64 -2.9352782329611105e-04 8.8878678075258823e-05
8 65 -4.1167329717601360e-04 -1.2369706264946461e-04
8 66 -3.4431614923887679e-04 -1.3344770887016200e-05
8 67 -5.0412641456637497e-04 -8.2257914492647483e-05
8 68 -6.8244233401528354e-04 -9.7937636063276235e-05
8 69 -7.0706882407278076e-04 -6.7957715503989932e-05
8 70 -7.5424722800650939e-04 3.5402566140687144e-04
8 71 -5.6114638173268929e-04 -1.9685950638295439e-04
9 0 -6.8193548591149534e-05 1.2408632448966230e-04
9 1 -3.3681849914223976e-04 -1.4735884145459000e-04
9 2 -4.5086778330883981e-04 7.0512450991133482e-05
9 3 -3.6581467151099184e-04 -6.5198541491655302e-05
9 4 -1.8808425582135098e-04 -3.7617627956220639e-06
9 5 -1.5250138824971041e-04 6.5921626394322813e-05
9 6 -2.0815439283829062e-04 -1.6803400817883181e-04
9 7 -2.2609133579747355e-04 1.3619550123151441e-05
9 8 -1.6782786750383375e-04 7.1288524293099977e-06
9 9 -2.1043695328403810e-04 3.0871418705100962e-05
9 10 -1.0165340833669003e-04 1.6134682235913268e-04
9 11 -1.7747076153261113e-04 5.8599790819405518e-05
9 12 -6.2036922436241852e-05 -6.1692646511938553e-05
9 13 -8.0505861347303096e-05 1.5641191824946138e-06
9 14 -9.6205981672386681e-06 -2.0226526767343970e-05
9 15 -8.2554143433467099e-05 7.0837163619323436e-06
9 16 -7.3648208807220277e-05 4.5495662593444918e-06
9 17 -6.5304902033397992e-05 4.7429567896613057e-06
9 18 -2.9258215291847497e-05 3.5690280213481110e-06
9 19 -3.4738190847004309e-05 -2.2776877594129966e-05
9 20 -5.7523957731586499e-05 -7.5343404904319869e-07
9 21 -1.8502536919115349e-05 2.1357850283169051e-05
9 22 -5.0242555513492612e-05 3.8343303487489102e-05
9 23 -1.7530556952506124e-05 9.4412353345000848e-06
9 24 -4.9046149780021577e-06 -3.0133839707396964e-06
9 25 -1.9754650093245824e-05 -3.3974441598550375e-07
9 26 -1.9610597653731999e-05 -4.3061628031444532e-06
9 27 -4.8104323562497610e-06 5.7222152869146302e-06
9 28 -1.1614366515294822e-05 3.2469776505531324e-06
9 29 -4.7198176689211664e-06 2.4197148821880497e-06
9 30 -1.5028196815041250e-05 4.3583413768595661e-06
9 31 -8.4667074657142479e-06 -5.1691666814392221e-07
9 32 -5.7358692056505886e-06 3.8141956074738525e-08
9 33 -1.8551147394943111e-06 6.7072879614607342e-07
9 34 -5.3593880536922627e-06 -2.6278260530027160e-06
9 35 -4.1176945319811032e-06 -4.7293141415240493e-07
9 36 -4.6845120271459534e-06 -2.9688446730728321e-06
9 37 -5.4586302879002046e-06 -3.7238861418800055e-06
9 38 -4.9173066108541645e-06 -5.6154067026172257e-07
9 39 -2.3562413791830255e-06 -9.1384286464977316e-07
9 40 -6.0360598668361431e-06 -2.0220306489173571e-06
9 41 6.4811392949201096e-07 3.0373128825945963e-07
9 42 -6.2684827984488180e-06 1.9004885700047743e-07
9 43 -7.2673689023150168e-06 4.6235392492461587e-07
9 44 -7.6216333587159098e-06 3.1017402014394732e-06
9 45 -9.7353364750262022e-06 -4.1742313617990041e-07
9 46 -1.9679099775859273e-06 -3.5657635982098148e-06
9 47 -1.6387724093073567e-05 -7.1525781368381448e-07
9 48 -1.0861167271411052e-05 -9.3576034142870574e-07
9 49 -6.0357622677788403e-06 5.0952501592270670e-06
9 50 -1.5234781110507925e-05 1.5050715622515393e-06
9 51 -1.3261361824183339e-05 1.1078715666106222e-05
9 52 -1.7267165059249542e-05 1.4605643824370109e-05
9 53 -3.6070717721472652e-05 -3.4381327391445585e-06
9 54 -2.2658029938301044e-05 -8.7801362890628556e-06
9 55 -1.7129375147887511e-05 -1.4250506865909031e-06
9 56 -2.2458258639304988e-05 -7.9064781171415796e-06
9 57 -8.8356814306392843e-05 -1.4724693780498978e-06
9 58 -4.5661459669554341e-05 -1.3166084825654321e-05
9 59 -6.3528850678468130e-05 2.7936967675639086e-05
9 60 -4.7662885245278840e-05 1.4941291934752968e-05
9 61 -1.1390476563599765e-04 -3.2897566224664175e-05
9 62 -1.1394775970334312e-04 7.3291570770698351e-05
9 63 -1.5884922388874730e-04 -2.5629712634726989e-06
9 64 -9.4167708062673877e-05 9.3620277908104422e-05
9 65 -2.5919852486207934e-04 -5.8474183175070902e-06
9 66 -1.1368908435791618e-04 -7.0379292766415215e-06
9 67 -2.0124280579255380e-04 -6.3629203384867375e-05
9 68 -3.7602329196429374e-04 -3.8848688839704317e-05
9 69 -3.5420584987652930e-04 -8.0254023728797242e-05
9 70 -4.2999078881963759e-04 2.2441133170069284e-04
9 71 -1.1947698604247413e-04 -5.8923114480148234e-06
10 0 8.6112696015949483e-05 1.2470972817843666e-04
10 1 -1.0207129807442187e-04 -2.7592170679500495e-04
10 2 -2.8616063994026022e-04 1.0380521918075712e-04
10 3 -1.7287205439197039e-04 -3.4609080655365518e-05
10 4 -5.1167646459360855e-05 -4.0692938550727521e-06
10 5 -2.7385562144654244e-05 5.1586282348031630e-05
10 6 -1.2925437413642768e-04 -1.2659562683011585e-04
10 7 -1.1564215861842180e-04 1.6984232898437527e-05
10 8 -1.2551731311915358e-04 2.0111075447911398e-05
10 9 -1.4576563168890633e-04 7.2504573915231103e-05
10 10 -5.1471030307338181e-06 1.7575441060981383e-04
10 11 -1.1452667186035112e-04 4.0275562784118376e-05
10 12 -1.9453302047052458e-05 -3.0283424299487131e-05
10 13 -3.8885430374420920e-05 -3.0689882990655174e-07
10 14 5.5070660458720616e-06 -2.4924088513268249e-05
10 15 -4.9202927835219294e-05 1.1201150367179217e-05
10 16 -4.3030522759230258e-05 -2.8340255938859193e-06
10 17 -3.4505753147189270e-05 1.5015256942306172e-06
10 18 -1.3352703694411124e-05 1.7269531233535272e-06
10 19 -2.2717384204217038e-05 -2.2151097939668706e-05
10 20 -4.0871783288995103e-05 9.3496879004037588e-06
10 21 -2.2918073238354932e-06 1.4686088341990954e-05
10 22 -3.6485593716733472e-05 4.1977214711574788e-05
10 23 -1.0334100757438327e-05 1.2623822749048983e-05
10 24 8.6916651555413778e-06 1.2265897864427980e-06
10 25 -1.7313710132063445e-05 2.3394171509211426e-06
10 26 -1.0162305956977581e-05 -3.8110942399756013e-06
10 27 2.2162579127276687e-06 6.6916154934030723e-06
10 28 -4.9357981701101534e-06 4.5869968722953976e-06
10 29 -8.2516521072585828e-07 2.9778322835391856e-06
10 30 -1.2383304600921058e-05 4.2861829450010139e-06
10 31 -5.1589771263621569e-06 -6.4762027298806796e-07
10 32 -3.4996641312560701e-06 -8.8577892224583124e-07
10 33 6.8429269859952488e-07 -5.4891389633634477e-07
10 34 -3.6511631873720519e-06 -1.6742633101768703e-06
10 35 -2.8272803532085694e-06 3.0885156284704805e-07
10 36 -3.0009366701587668e-06 -2.5911654789929812e-06
10 37 -3.8747513069527790e-06 -3.1393800034144439e-06
10 38 -3.0925519016402406e-06 -2.2305659397861350e-07
10 39 -6.7349657397381287e-07 -1.7182868843321646e-07
10 40 -3.4758432370469310e-06 -2.0430289905185363e-06
10 41 2.7078395094250430e-06 5.4534475497560082e-07
10 42 -3.2069894537398309e-06 2.2120191758080406e-06
10 43 -3.7541289991520475e-06 2.5721384589535235e-07
10 44 -2.9995080899448562e-06 3.3957665125033250e-06
10 45 -6.8527543413741863e-06 7.8554795726591415e-08
10 46 9.1981835572549359e-08 -4.2602189738693628e-06
10 47 -1.0587078459155260e-05 1.5831666277464390e-06
10 48 -7.7458186840299494e-06 -3.7221743101394929e-07
10 49 -5.7947583658929680e-06 5.2886852936484077e-06
10 50 -1.2804051686947529e-05 2.2174577393966402e-07
10 51 -1.1037546001106089e-05 1.2384702854427922e-05
10 52 -9.0176062524423351e-06 1.5579915684172124e-05
10 53 -2.2804788874930265e-05 3.5747183711666615e-06
10 54 1.6487998999794335e-06 3.7211136459846416e-06
10 55 -1.3478202697399089e-06 4.8823186943735069e-06
10 56 1.2070359244706441e-05 2.2843273748433287e-06
10 57 -7.0649174851150994e-05 -5.4957408536043551e-06
10 58 -2.2603834772754309e-05 -9.1366018596290786e-06
10 59 -2.0341385204563912e-05 1.3712172386649872e-05
10 60 -5.8335262601817056e-06 1.1586357510094624e-05
10 61 -7.0788655539660045e-05 -2.0424288737755042e-05
10 62 -5.8276668928511740e-05 8.5856577476563434e-05
10 63 -8.2409922246141736e-05 -4.6497622119008773e-06
10 64 1.1054414028409096e-05 6.9490830914748614e-05
10 65 -1.7593351930137433e-04 6.6269417345920720e-05
10 66 -2.1529746751931314e-05 4.1030081824289110e-05
10 67 -8.7728291735284216e-05 -3.2914447817644759e-05
10 68 -1.8552910022204456e-04 -3.8356755156855000e-05
10 69 -1.9493383092132878e-04 -1.1381999405564116e-04
10 70 -2.8251807330814460e-04 1.0305392041936604e-04
10 71 1.5657836466072550e-05 6.8032094325224825e-05
