0 0 -1.1864927692340497e+00 -2.2889374846937826e-19
0 1 -1.6216703050863723e-01 -1.2535819265790308e-19
0 2 -6.2988426482315354e-02 -9.9699904172724787e-21
0 3 -3.1154143802249099e-02 7.0343914166796152e-22
0 4 -2.0199216940104184e-02 1.0394260533622526e-21
0 5 -1.6115519081703580e-02 -1.4655531452083448e-21
0 6 -1.3412160623097058e-02 -2.1083042171050057e-22
0 7 -1.1190442124768187e-02 -5.3329188537227993e-22
0 8 -9.2798474816975837e-03 -1.1917824234283408e-22
0 9 -7.4556952740582501e-03 1.9105663783999734e-22
0 10 -5.9628241847545184e-03 -6.3368791567733023e-23
0 11 -4.7469004432195375e-03 -4.4606265817936155e-23
0 12 -3.9449631518222190e-03 7.0272022983051114e-23
0 13 -3.3857545103914452e-03 3.4931443234474743e-23
0 14 -2.9557960442595506e-03 5.0937962999474268e-23
0 15 -2.6076730373309734e-03 -7.0928952613470071e-23
0 16 -2.3751070050433290e-03 3.0797685836858259e-23
0 17 -2.2364525922678262e-03 1.0127902175811469e-24
0 18 -2.0674495721507194e-03 -7.2214513453798076e-23
0 19 -1.8552582803114050e-03 2.6090297931813872e-23
0 20 -1.5977300617642889e-03 6.2321272438839711e-23
0 21 -1.3122048331528156e-03 5.8567552249314737e-23
0 22 -1.0164537014158530e-03 1.7451155108493900e-23
0 23 -8.0791989102113268e-04 2.3148777294240209e-23
0 24 -6.6574039885310035e-04 -8.6660845050764663e-24
0 25 -5.7564284217534955e-04 -1.2491203299858377e-23
0 26 -5.0441657163208720e-04 -9.0812205578075891e-24
0 27 -4.1908357111903921e-04 -1.3134006080893615e-24
0 28 -3.3939245254764507e-04 -5.6560434115809773e-25
0 29 -2.7980031350490858e-04 -3.6684670314895655e-24
0 30 -2.4213627118436408e-04 -5.1488583710339453e-24
0 31 -2.1473600134599657e-04 2.4914900280315106e-24
0 32 -1.9186029119351637e-04 -2.6658576146051550e-24
0 33 -1.7743951912449672e-04 -5.8820401833280811e-24
0 34 -1.7055762757058293e-04 2.6305637302382565e-24
0 35 -1.6688931333620237e-04 5.6762953831460297e-24
0 36 -1.5806204835608993e-04 -9.6521615692734337e-25
0 37 -1.5305581763904390e-04 7.3578623352672939e-25
0 38 -1.5640954432242173e-04 2.6707515131790563e-24
0 39 -1.6980637732423075e-04 6.4391871879118153e-24
0 40 -1.9570557481844923e-04 1.3378589642949533e-24
0 41 -2.3944914575814907e-04 -1.4063452192034316e-24
0 42 -2.9685921625407309e-04 2.4792544657651683e-25
0 43 -3.5045971884379201e-04 -2.3318208023470618e-23
0 44 -4.0676428335572668e-04 -1.6293360799572019e-23
0 45 -4.7342429313921046e-04 2.1645156636495283e-23
0 46 -5.6302065982821638e-04 -2.6119794940614774e-24
0 47 -6.6942484326006264e-04 -2.7595653676251320e-23
0 48 -7.6927396006660847e-04 2.8364525901175652e-23
0 49 -8.3513417068390957e-04 -3.7947282349981268e-23
0 50 -9.3103664669354929e-04 3.7806377628372276e-23
0 51 -1.0952104232172697e-03 -2.3174943327239556e-23
0 52 -1.3141400816564250e-03 5.7808528678460742e-23
0 53 -1.5763400964842053e-03 2.5713387139796594e-23
0 54 -1.8992624525374939e-03 2.7797293975098365e-23
0 55 -2.2858176619982642e-03 -1.1929087411503823e-23
0 56 -2.6967013543311509e-03 9.3946675239996119e-23
0 57 -3.0525436350721312e-03 8.0979847166410851e-23
0 58 -3.5512932093041266e-03 -1.3574314721136802e-22
0 59 -4.3538812471902392e-03 4.0004479248544094e-23
0 60 -5.3165482308742554e-03 -3.9143744559054718e-23
0 61 -6.3298086834340777e-03 -6.0845767190072778e-23
0 62 -7.0815253863434503e-03 6.4693789084039604e-23
0 63 -7.6908499709014613e-03 -1.5855800497461778e-22
0 64 -8.5158815097354373e-03 1.9818308970527361e-22
0 65 -1.0348014329765285e-02 2.5798286782914368e-22
0 66 -1.3511391787468782e-02 -4.3088474206503940e-22
0 67 -1.6853748101242627e-02 1.5987578030903680e-22
0 68 -2.2111213132867132e-02 9.4119833537513404e-22
0 69 -3.1684383615109279e-02 5.7198691681223776e-21
0 70 -5.5172689621727847e-02 -1.3460244411241319e-20
0 71 -1.5492401998975894e-01 1.2507595847351170e-19
1 0 -3.5405042507647733e-01 3.6640163699658283e-03
1 1 -9.7989818564984565e-02 5.7922160208246352e-04
1 2 -4.4390296084022909e-02 -4.0609664510207722e-04
1 3 -2.2976415324749633e-02 -1.6523431277405513e-04
1 4 -1.5172136039498824e-02 -6.1225979264916143e-05
1 5 -1.2195880242916696e-02 1.5696158220173335e-05
1 6 -1.0226598978065618e-02 9.0450459672155076e-07
1 7 -8.5473027105924335e-03 2.4174492714886669e-06
1 8 -7.1214423978438676e-03 1.2361683397765724e-05
1 9 -5.6888070600951803e-03 2.2237912997121699e-05
1 10 -4.5475868631979490e-03 1.7023589927553062e-05
1 11 -3.6311689808581544e-03 3.9464330228337885e-06
1 12 -3.0040706528664707e-03 4.0412267470008912e-06
1 13 -2.5812173536034952e-03 1.8729093546628898e-05
1 14 -2.2632402570001921e-03 1.2015921571821575e-05
1 15 -2.0060501630261209e-03 -3.6958656957143086e-06
1 16 -1.8226453510353474e-03 -9.8627854534263137e-06
1 17 -1.7111793637415494e-03 -5.5271868268158872e-06
1 18 -1.5773830127188801e-03 9.0492073094081276e-07
1 19 -1.4203764903886653e-03 -2.6877354124501288e-06
1 20 -1.2194090550074889e-03 6.0835382037303525e-06
1 21 -9.9933503593064047e-04 4.2696844954564830e-07
1 22 -7.7421039523638789e-04 -2.5920248720251115e-06
1 23 -6.1298910935217107e-04 -2.6654941730662592e-06
1 24 -5.0699526833739451e-04 -1.7240262385347207e-06
1 25 -4.3961316912083181e-04 1.2352726744311642e-06
1 26 -3.8661660769357829e-04 8.4731595601020059e-07
1 27 -3.2059268175580770e-04 7.9764473564588937e-07
1 28 -2.6001235719553856e-04 9.5708375093838105e-07
1 29 -2.1387770309358694e-04 5.9044014164740657e-07
1 30 -1.8487845452776794e-04 4.1171059743743409e-07
1 31 -1.6431495049103385e-04 -5.0583989607298160e-07
1 32 -1.4664244013386457e-04 -6.7633211944633780e-08
1 33 -1.3530256126715806e-04 -4.1404232146913864e-07
1 34 -1.3036404763901139e-04 3.3585114054848347e-07
1 35 -1.2768460771802410e-04 9.8657691766297499e-08
1 36 -1.2077059165611883e-04 -2.0864685634095438e-07
1 37 -1.1704230743787942e-04 -3.3475439886719087e-07
1 38 -1.1997087496756675e-04 1.6308274734969614e-07
1 39 -1.3008532115120432e-04 8.3411080164215406e-08
1 40 -1.5007997473439729e-04 6.2890790782402681e-07
1 41 -1.8291378457005130e-04 -4.5315148536525182e-07
1 42 -2.2624691350694919e-04 -6.5885830810875746e-07
1 43 -2.6860769897039710e-04 -7.4673357523985052e-07
1 44 -3.1103879827510642e-04 1.6552187018540016e-07
1 45 -3.6153694114496521e-04 5.0774878177169810e-07
1 46 -4.2966256368416877e-04 2.1484619984654245e-06
1 47 -5.1115444712478370e-04 4.5151301417777831e-06
1 48 -5.8841432428447145e-04 1.7650364963262378e-06
1 49 -6.3804086489126363e-04 -1.6908486918303245e-06
1 50 -7.1180783236313020e-04 -1.6393683678971496e-06
1 51 -8.4142381123676385e-04 -2.0965955714251734e-06
1 52 -1.0053197276156899e-03 3.3105150702977242e-06
1 53 -1.2054134577819705e-03 2.6175258873102054e-06
1 54 -1.4525114373687615e-03 6.4221347502957957e-06
1 55 -1.7426125287209229e-03 2.0606467279358096e-06
1 56 -2.0590201008400064e-03 1.9330869128469624e-06
1 57 -2.3328724610595804e-03 5.1104976816332206e-06
1 58 -2.7091997868016870e-03 2.1005074735216418e-05
1 59 -3.3345959060517576e-03 1.0045879162589251e-06
1 60 -4.0594891007993380e-03 2.4343738188339202e-05
1 61 -4.8343346958911416e-03 1.0484826306284060e-05
1 62 -5.3933440890824736e-03 -1.9936920191083593e-05
1 63 -5.8416198539210555e-03 -8.9619949494249159e-06
1 64 -6.4892733514898175e-03 -3.8471599544005891e-05
1 65 -7.8701095405106555e-03 -2.4388460666980386e-05
1 66 -1.0268770827291496e-02 9.3395285012950293e-06
1 67 -1.2812558238870068e-02 8.5852857130971794e-05
1 68 -1.6666614102483081e-02 -1.1061901571822519e-04
1 69 -2.3546208423535067e-02 -1.3800380238166323e-05
1 70 -3.8833471854780616e-02 -8.7494931881234626e-05
1 71 -9.0601382678532377e-02 -5.4444576888891064e-05
2 0 -1.1127471980904782e-01 2.6697266047706011e-03
2 1 -4.7129619318521145e-02 6.0075568464705901e-04
2 2 -2.4205579006987690e-02 -3.2300302011942445e-04
2 3 -1.3512715267916217e-02 -3.6365522527040259e-04
2 4 -9.0555970415356173e-03 -8.9940267304241278e-05
2 5 -7.4185309878784123e-03 2.6533451281973879e-05
2 6 -6.2593882151578987e-03 1.4496370815540251e-05
2 7 -5.3077497562894361e-03 2.0591844063752990e-05
2 8 -4.4465303921545456e-03 2.2584719112816192e-05
2 9 -3.5094635516985662e-03 2.7397120124024950e-05
2 10 -2.8178976108777583e-03 2.7373588121648994e-05
2 11 -2.2677193013323988e-03 4.4004210771257873e-06
2 12 -1.8482457259656304e-03 5.8768950292956290e-06
2 13 -1.5912463117301978e-03 2.9108990510576835e-05
2 14 -1.4050481567299050e-03 1.8525881126777684e-05
2 15 -1.2614453015044984e-03 -4.9159761276141297e-06
2 16 -1.1359886918521325e-03 -1.4580882727492994e-05
2 17 -1.0688360726277657e-03 -7.8937256010954000e-06
2 18 -9.7515468918488808e-04 -2.9035122494926196e-06
2 19 -8.8178285909928120e-04 -4.9354491117753978e-06
2 20 -7.5489974977692258e-04 5.7875148407652169e-06
2 21 -6.1720429491996616e-04 -1.4580093315618201e-06
2 22 -4.7740904894102174e-04 -4.8655892453413758e-06
2 23 -3.7454922957287602e-04 -3.9834123968434351e-06
2 24 -3.1203787535694240e-04 -1.7946980313653451e-06
2 25 -2.7320329244294613e-04 2.6210963718464992e-06
2 26 -2.4090947310914467e-04 1.7669167623090942e-06
2 27 -1.9929289497241560e-04 6.6605122169090291e-07
2 28 -1.6196549903884871e-04 1.4579296367248209e-06
2 29 -1.3253495578687658e-04 9.5643700079814372e-07
2 30 -1.1395958431987857e-04 4.7307274736551356e-07
2 31 -1.0193596719956659e-04 -3.5648596645698488e-07
2 32 -9.1092707626960352e-05 1.5154864854573033e-07
2 33 -8.3487795191566073e-05 -8.6584982631483436e-07
2 34 -8.0915187156090654e-05 3.2337705716148068e-07
2 35 -7.9498508250400754e-05 6.1884389283011755e-08
2 36 -7.5012494984057126e-05 -2.5659560012502850e-07
2 37 -7.2703951186573582e-05 -6.0010461490614662e-07
2 38 -7.4887647158009164e-05 2.6591542322379442e-07
2 39 -8.1072302933224321e-05 1.0386019382856843e-07
2 40 -9.3843525648920037e-05 1.0347985817649085e-06
2 41 -1.1405419483351819e-04 -4.4494126430299914e-07
2 42 -1.3975124690462253e-04 -7.6847066180876931e-07
2 43 -1.6736308171443488e-04 -9.7301914129025375e-07
2 44 -1.9302329753001271e-04 2.6653363299718731e-08
2 45 -2.2345783882550719e-04 4.8435215637776024e-07
2 46 -2.6644033304561111e-04 2.9648287941014835e-06
2 47 -3.1586067927366407e-04 6.4905698074789925e-06
2 48 -3.6559518307597807e-04 1.5509548944603433e-06
2 49 -3.9534144699866769e-04 -1.0433929179294315e-06
2 50 -4.4170694351752701e-04 -3.2659732336657407e-06
2 51 -5.2848516409184740e-04 -2.6393691094664252e-06
2 52 -6.2562808414345927e-04 5.3145184996437797e-06
2 53 -7.4792797688039028e-04 2.7495860636481003e-06
2 54 -8.9928241518606733e-04 1.1730785738032802e-05
2 55 -1.0679746835937540e-03 3.2829786980985664e-06
2 56 -1.2703393288802066e-03 2.4701574116246130e-06
2 57 -1.4429005928749765e-03 4.5293299473034126e-06
2 58 -1.6766180226425104e-03 3.4707126806352126e-05
2 59 -2.0797996828044243e-03 -3.4487578594655264e-06
2 60 -2.5072521578241498e-03 2.9869878470227827e-05
2 61 -2.9910202885612873e-03 7.6553323685644101e-06
2 62 -3.3195051050526588e-03 -2.2874751117677948e-05
2 63 -3.5731230227768239e-03 -7.9417382518889836e-06
2 64 -4.0003068747246941e-03 -6.1909046985648655e-05
2 65 -4.8164879198633803e-03 -3.4186100226625774e-05
2 66 -6.2842911433576305e-03 -5.3232617529990985e-07
2 67 -7.8283495692083767e-03 1.2256647085043498e-04
2 68 -1.0000329803875514e-02 -9.1101833379877254e-05
2 69 -1.4045297149542465e-02 1.1810684279071029e-04
2 70 -2.1683984360637166e-02 -2.3289057929354732e-04
2 71 -4.3675532955050472e-02 -7.1095799766069745e-05
3 0 -3.9002011235558673e-02 1.1936815205119146e-03
3 1 -2.1006360648298819e-02 -1.6637488847295661e-04
3 2 -1.2127893824623261e-02 6.6137853179005981e-05
3 3 -7.3379863167701296e-03 -4.2598844564958438e-04
3 4 -4.9330843800060413e-03 -5.9444255395258641e-05
3 5 -4.1402545543750254e-03 8.0646427129623978e-06
3 6 -3.5354432997218451e-03 2.9799095525767093e-05
3 7 -3.0574535405640509e-03 2.7388151915189961e-05
3 8 -2.5678259681869127e-03 1.7619445268547489e-05
3 9 -1.9836644191701760e-03 1.7261624544076486e-05
3 10 -1.6105796749047491e-03 3.5489053505936117e-05
3 11 -1.3201354895175091e-03 9.8839918342100925e-06
3 12 -1.0432632939410453e-03 8.0117033480024578e-06
3 13 -9.0217517497799072e-04 2.9855899898276069e-05
3 14 -8.0450592037502550e-04 1.9647983734833051e-05
3 15 -7.3208982022068857e-04 -6.6877706897311813e-06
3 16 -6.5384637026600679e-04 -1.5324477488405573e-05
3 17 -6.2006892834280366e-04 -6.8101683874644564e-06
3 18 -5.5704817353604988e-04 -7.3700503098979879e-06
3 19 -5.0679498407855429e-04 -6.0942990264880137e-06
3 20 -4.3333587733228898e-04 1.9778167085194967e-06
3 21 -3.5505134073870765e-04 -2.9573054250408923e-06
3 22 -2.7104121905433426e-04 -4.1757054135351441e-06
3 23 -2.1162100136056623e-04 -3.9981066896907807e-06
3 24 -1.7783471517946652e-04 -1.5285252990236920e-06
3 25 -1.5735303759139627e-04 3.7128466642316967e-06
3 26 -1.3850613049825754e-04 2.1929319505188499e-06
3 27 -1.1438232261366318e-04 4.8979131569681367e-07
3 28 -9.2661937450001780e-05 1.2789802612664349e-06
3 29 -7.6292978403048311e-05 7.7357012726812483e-07
3 30 -6.4397870587707936e-05 3.9621731836268357e-07
3 31 -5.8440667651044798e-05 -1.7736716107815902e-07
3 32 -5.2416926717857198e-05 2.4527001934632016e-07
3 33 -4.7563115092683876e-05 -1.0990593944301641e-06
3 34 -4.6416804036919100e-05 1.9432007995267403e-07
3 35 -4.5717293143077700e-05 -4.7393008867208705e-08
3 36 -4.3124591532357299e-05 -2.6981545108574481e-07
3 37 -4.1876100981205375e-05 -6.4919155254854428e-07
3 38 -4.3233194367385398e-05 2.0969702099372910e-07
3 39 -4.6823737239855978e-05 -1.1755037860281835e-07
3 40 -5.4292921710737676e-05 1.1642517562159044e-06
3 41 -6.6469490305255940e-05 -1.8775951019225454e-07
3 42 -8.0305274406009076e-05 -4.4072592784987961e-07
3 43 -9.6305899484260506e-05 -1.3202107427385224e-06
3 44 -1.1030351567129224e-04 1.9562701131287843e-07
3 45 -1.2691560349667721e-04 4.8459817821176707e-07
3 46 -1.5327596057080868e-04 2.9538600096361326e-06
3 47 -1.8081891472611757e-04 5.0865331300851285e-06
3 48 -2.1005759972000595e-04 8.3247387285235767e-07
3 49 -2.2605447295948660e-04 -6.6663770805474479e-07
3 50 -2.5369214202460266e-04 -3.4182153481534535e-06
3 51 -3.0877955908722879e-04 -1.8427520852195017e-06
3 52 -3.5952179820945574e-04 6.0464646693832173e-06
3 53 -4.2880120637791631e-04 1.4194754310693422e-06
3 54 -5.1546586983475078e-04 1.4316193176749782e-05
3 55 -6.0303502845352396e-04 2.1265191402321102e-06
3 56 -7.1729412850578939e-04 1.6560853715984255e-06
3 57 -8.1904398345822391e-04 -3.5046899340828375e-06
3 58 -9.5622067289559507e-04 3.8702159585389218e-05
3 59 -1.1974716682307000e-03 -6.6029670219298548e-06
3 60 -1.4320824144880820e-03 2.0489869153752367e-05
3 61 -1.7116341261025172e-03 2.5196363246822660e-06
3 62 -1.8753793197373431e-03 -2.2278430828292640e-05
3 63 -2.0115043351691883e-03 -2.3950763913619755e-06
3 64 -2.2834003055487349e-03 -6.7915693879293964e-05
3 65 -2.7003135011602090e-03 -3.4988722922870558e-05
3 66 -3.5215272216443448e-03 -9.1892622144523501e-06
3 67 -4.3710938723903947e-03 1.0155279819060947e-04
3 68 -5.4382187033320010e-03 -7.8735465027411805e-06
3 69 -7.8161560358311188e-03 2.2056496589777742e-04
3 70 -1.1163026554030628e-02 -3.3283269302762658e-04
3 71 -2.0158024466686110e-02 7.2179158685815187e-04
4 0 -1.5058264231676817e-02 5.2485424332991411e-04
4 1 -9.0707010298227662e-03 -4.7950725625363908e-04
4 2 -5.9392151789874562e-03 3.0004049439319445e-05
4 3 -3.8207951147095332e-03 -3.3628735259229553e-04
4 4 -2.5971547575526946e-03 -2.8690473094391771e-05
4 5 -2.2066862177145103e-03 -1.5624885447695462e-05
4 6 -1.9298331481914050e-03 2.7178503091144796e-05
4 7 -1.6836219960144904e-03 1.6338892552117520e-05
4 8 -1.4186442207756852e-03 9.3328262041598881e-06
4 9 -1.0681813534612189e-03 1.4861477935076551e-05
4 10 -8.8439970445992726e-04 4.1840214177967394e-05
4 11 -7.4160083600595178e-04 1.3625351559051248e-05
4 12 -5.5523359561218493e-04 6.4865167844263095e-06
4 13 -4.8733552648389075e-04 2.5237391816805708e-05
4 14 -4.3770768059497433e-04 1.4500675033076879e-05
4 15 -4.0472662316450633e-04 -7.9919620807922947e-06
4 16 -3.6071774113185162e-04 -1.1971948573967392e-05
4 17 -3.4547079732800165e-04 -7.2515086510883994e-07
4 18 -3.0325746137159466e-04 -8.0792002166825769e-06
4 19 -2.8201898000685419e-04 -5.3780730344525041e-06
4 20 -2.4046530660478798e-04 -4.0980590264727431e-07
4 21 -1.9734721243740204e-04 -2.7477648896588665e-06
4 22 -1.4835389480082254e-04 -1.9428898491770786e-06
4 23 -1.1546597563010742e-04 -3.1701046872186456e-06
4 24 -9.8400269965869626e-05 -9.9746383583287223e-07
4 25 -8.6769465909233091e-05 3.7594473056145947e-06
4 26 -7.6489813813263678e-05 2.1241275069770328e-06
4 27 -6.2611425635760592e-05 3.3443153750413223e-07
4 28 -5.0113189034978845e-05 4.2453110615884180e-07
4 29 -4.2462081935603004e-05 1.9284779352402998e-07
4 30 -3.4703501720899394e-05 2.3964007938407276e-07
4 31 -3.1946141073678179e-05 -4.6203655648217540e-08
4 32 -2.9021506628878639e-05 3.9600311773500768e-07
4 33 -2.5923330075850603e-05 -8.4389981331608034e-07
4 34 -2.5505561533174682e-05 1.6913337630411887e-07
4 35 -2.5184219951654310e-05 2.3918588575493752e-09
4 36 -2.3788711342592523e-05 -2.4867457150941692e-07
4 37 -2.3040734724352257e-05 -5.7278149397098250e-07
4 38 -2.3977176454718846e-05 2.2297113200611833e-07
4 39 -2.5982360354544140e-05 -2.1151492021721374e-07
4 40 -3.0068191536039163e-05 1.1350265415620811e-06
4 41 -3.7330236185984937e-05 -8.7532659793506938e-08
4 42 -4.4555025067365199e-05 -4.3298513426507196e-07
4 43 -5.3011247739996918e-05 -1.7051078490135796e-06
4 44 -6.0111945179771473e-05 4.5914612515660496e-07
4 45 -6.8446306158343972e-05 1.0821375415616247e-08
4 46 -8.5308635351547351e-05 2.1951980488488594e-06
4 47 -9.9077252194548502e-05 2.6447439285946658e-06
4 48 -1.1506612509478330e-04 8.6590445118603024e-07
4 49 -1.2369676650955650e-04 -4.4914304662587555e-07
4 50 -1.4017903676262117e-04 -2.6746728417320809e-06
4 51 -1.7325069080190121e-04 -7.5233528753559670e-07
4 52 -1.9787831283198760e-04 6.4743863148798126e-06
4 53 -2.3726248808115667e-04 1.2750981057224516e-06
4 54 -2.8404513021467164e-04 1.4621220184777098e-05
4 55 -3.2836884487932194e-04 -2.1283646188097876e-06
4 56 -3.8478612034915325e-04 2.4343968700986088e-06
4 57 -4.4048900525857528e-04 -9.1749285548127239e-06
4 58 -5.2132876070088525e-04 3.6810167623602486e-05
4 59 -6.5684916512857654e-04 -7.8563678524217738e-06
4 60 -7.7849014924474293e-04 1.3414065815391549e-05
4 61 -9.4285277256240467e-04 -2.7909478145154668e-06
4 62 -1.0055159266202543e-03 -2.5822607541234397e-05
4 63 -1.0803473907969605e-03 -2.4651107702307913e-06
4 64 -1.2524739359045817e-03 -6.7476373261140762e-05
4 65 -1.4429957548695723e-03 -4.0896366392123228e-05
4 66 -1.8807284493130667e-03 -1.7861966845465445e-05
4 67 -2.3176580140674731e-03 6.8018512922453749e-05
4 68 -2.7745282455509139e-03 2.6613811025869077e-05
4 69 -4.2196142306665674e-03 3.0665536192851133e-04
4 70 -5.4291531551926633e-03 -3.7106136374112338e-04
4 71 -9.2454188314402726e-03 1.1606574862795622e-03
5 0 -6.1446606628094104e-03 2.0950729268903043e-04
5 1 -3.8962262833321989e-03 -4.0060581031755151e-04
5 2 -2.8605856079736676e-03 -8.3562942844291041e-05
5 3 -1.9091766694642549e-03 -2.6254771234664263e-04
5 4 -1.3748693717860372e-03 -3.9884995377258739e-05
5 5 -1.1475223211705689e-03 -3.7009441632899085e-05
5 6 -1.0372894867021511e-03 1.8677122723883716e-05
5 7 -8.9792303025307003e-04 -3.8318627503251695e-06
5 8 -7.6858288266139761e-04 -1.3406798660439377e-06
5 9 -5.5877232604455639e-04 1.4275634937999087e-05
5 10 -4.8194664024725161e-04 4.2924803268384430e-05
5 11 -4.0667701290296519e-04 9.4323225194306455e-06
5 12 -2.7684924031282088e-04 3.9629570263295989e-06
5 13 -2.5225613605415570e-04 1.9447311903887750e-05
5 14 -2.2584870760808628e-04 7.2925897422782585e-06
5 15 -2.1437110409821324e-04 -8.2253369276187411e-06
5 16 -1.9342508936667159e-04 -8.8941300507383650e-06
5 17 -1.8717067175406059e-04 3.4632813542582255e-06
5 18 -1.5840496043027690e-04 -8.2195008601213934e-06
5 19 -1.5192806633748700e-04 -4.2911061914570890e-06
5 20 -1.3117127345191164e-04 -1.2702540517948470e-06
5 21 -1.0827473118132365e-04 -1.4144342085068467e-06
5 22 -7.9846847119604113e-05 -7.1709028868532211e-08
5 23 -6.1218730194264126e-05 -2.4081450206405540e-06
5 24 -5.3746097895111088e-05 -4.5210598181234480e-07
5 25 -4.6364454946948290e-05 3.4037912860480296e-06
5 26 -4.1363954232833555e-05 2.0174590431052002e-06
5 27 -3.3327124925491495e-05 2.3465848035468634e-07
5 28 -2.6015349602959501e-05 -9.4729040622508733e-08
5 29 -2.3099674073082383e-05 -7.7284063363943279e-08
5 30 -1.8300595635619533e-05 9.7816266641912980e-08
5 31 -1.6947265780639104e-05 8.1251571520476147e-08
5 32 -1.5708047829302035e-05 4.9579052664820141e-07
5 33 -1.3882564554664133e-05 -4.0892795409459461e-07
5 34 -1.3436754600529948e-05 2.1123397513386536e-07
5 35 -1.3460604505851532e-05 3.8888238246804219e-08
5 36 -1.2716792418422734e-05 -1.0709843234917773e-07
5 37 -1.2205776098145781e-05 -4.1307416208458057e-07
5 38 -1.2923029155229430e-05 1.8648532677263684e-07
5 39 -1.4096278859188121e-05 -2.3405379179208494e-07
5 40 -1.6287198945630134e-05 9.7166468078273461e-07
5 41 -2.0320579712239589e-05 -3.3787552102679802e-07
5 42 -2.4212284476036997e-05 -4.0797984546017833e-07
5 43 -2.8178727491528803e-05 -1.8327385754999744e-06
5 44 -3.1584019788402126e-05 1.8163728921875239e-07
5 45 -3.5741910689261268e-05 -4.2585622768048589e-07
5 46 -4.6646471121341483e-05 1.9129953550308713e-06
5 47 -5.2312080537791405e-05 9.3189314783871069e-07
5 48 -6.0576471461879645e-05 8.5865201558115971e-07
5 49 -6.5206835629391175e-05 -2.5353089096912927e-07
5 50 -7.5215853176062897e-05 -2.0974322462271936e-06
5 51 -9.4314260274462063e-05 4.4622383202004425e-07
5 52 -1.0648503826579252e-04 5.9241790586544761e-06
5 53 -1.2900225633660041e-04 1.3353354708556588e-06
5 54 -1.5341418552820745e-04 1.3501692649636399e-05
5 55 -1.7561854811869962e-04 -7.5810426670832210e-07
5 56 -2.0177501753640585e-04 4.0103298395797465e-06
5 57 -2.2588496145854308e-04 -1.1353801990277095e-05
5 58 -2.7629297327085738e-04 3.0312958050227523e-05
5 59 -3.4604748101645962e-04 -5.2264766665391184e-06
5 60 -4.1064987937203886e-04 1.4865691305432359e-05
5 61 -5.0590136207164882e-04 -2.0764978471679542e-06
5 62 -5.2752455217930339e-04 -2.0237358232559451e-05
5 63 -5.6944269597550886e-04 -1.0523154495684200e-06
5 64 -6.7405592849554066e-04 -5.3880281767013197e-05
5 65 -7.4645878478375412e-04 -4.5139348374956964e-05
5 66 -9.7748158814058603e-04 -1.4061728493781973e-05
5 67 -1.1770274033308479e-03 3.6884641927511521e-05
5 68 -1.3206390851301392e-03 5.4301163520717075e-05
5 69 -2.1900266010899021e-03 3.4082570230909505e-04
5 70 -2.4611517877735777e-03 -3.0710034434524447e-04
5 71 -3.9545990106080054e-03 1.0580109960524697e-03
6 0 -2.6741345411218555e-03 6.2335504932241030e-05
6 1 -1.6802599749037980e-03 -2.5647642291522243e-04
6 2 -1.3238985765229338e-03 -1.6295397500510115e-04
6 3 -9.2024266976899465e-04 -1.8486644856746678e-04
6 4 -7.4688294712450896e-04 -5.5645022503115745e-05
6 5 -5.8348908078089182e-04 -5.0161989204485031e-05
6 6 -5.6587948640363561e-04 1.8714263006346950e-05
6 7 -4.7238834420583876e-04 -1.7054661403983058e-05
6 8 -4.1001083818874577e-04 -1.0379378279560771e-07
6 9 -2.8484494006440547e-04 1.7371654400432172e-05
6 10 -2.6620944053732369e-04 4.2278007274398773e-05
6 11 -2.1524097411258937e-04 5.9443316462460434e-06
6 12 -1.2950015240787647e-04 -2.2324786606620180e-06
6 13 -1.2612868304545118e-04 1.2452688460829299e-05
6 14 -1.0962562768601557e-04 -1.6037944288886269e-07
6 15 -1.0986120440132065e-04 -5.9063539776556273e-06
6 16 -9.9942367856752640e-05 -3.4805521391973963e-06
6 17 -1.0003554065755707e-04 4.2034871049260386e-06
6 18 -7.9258117317398965e-05 -5.5597533106159115e-06
6 19 -7.8568817591999606e-05 -5.7020115023101600e-06
6 20 -7.2278298646072270e-05 -1.9763375768561732e-06
6 21 -6.0873178177144722e-05 -9.1481405424977536e-07
6 22 -4.2375554027440610e-05 7.3495408373609285e-07
6 23 -3.1855702171997154e-05 -1.6198440718773085e-06
6 24 -2.9190119094619291e-05 -3.5851068600581869e-07
6 25 -2.3922762359283282e-05 2.0967555005169221e-06
6 26 -2.1941914519507064e-05 1.7463628847490682e-06
6 27 -1.7529063379634882e-05 -1.1556703810373115e-07
6 28 -1.3228568177174393e-05 -3.7724146136208272e-07
6 29 -1.2500526305982783e-05 -1.8508923512427946e-07
6 30 -9.7649234351803849e-06 -9.1500175142147397e-09
6 31 -8.7469815663504274e-06 2.6048973229685048e-07
6 32 -8.5158506233429494e-06 4.9475246315189275e-07
6 33 -7.5711013696267277e-06 -2.5333823465499275e-07
6 34 -6.7420919812069910e-06 2.5158790899613110e-07
6 35 -7.0509830275743953e-06 2.9224025409725049e-08
6 36 -6.5890234826617506e-06 -1.3251104911648994e-08
6 37 -6.2781201628829134e-06 -1.7604173833557903e-07
6 38 -6.8445683591105392e-06 1.7843033076252124e-07
6 39 -7.4093037001376054e-06 -2.7777433895863578e-07
6 40 -8.9230637527093791e-06 7.9871103942958387e-07
6 41 -1.0755020500095566e-05 -4.4964237932518034e-07
6 42 -1.2670085097227398e-05 2.0718290086291475e-07
6 43 -1.4618641925758046e-05 -1.6460147568232857e-06
6 44 -1.6071076568695126e-05 1.4028999616141839e-07
6 45 -1.8287614387694260e-05 -5.3797917762889415e-07
6 46 -2.5422125706597934e-05 1.8641627983655862e-06
6 47 -2.6768317182340355e-05 4.0668418744379231e-07
6 48 -3.0931403224399988e-05 1.1236362075808531e-06
6 49 -3.3297509482580964e-05 -5.6888983011238319e-07
6 50 -3.9826251625287685e-05 -2.6022491981231965e-06
6 51 -5.0480694865460389e-05 1.3784608522635940e-06
6 52 -5.7451497479320199e-05 3.6030699013042740e-06
6 53 -6.9246469623537616e-05 1.3708772139838863e-06
6 54 -8.3696611262036138e-05 1.1139459140836051e-05
6 55 -9.3483720086855540e-05 2.1761551965057529e-06
6 56 -1.0650688435089416e-04 3.6145668331789335e-06
6 57 -1.1022815818189651e-04 -8.2716363295353330e-06
6 58 -1.4506830920921454e-04 2.5243315251894565e-05
6 59 -1.7827875240792354e-04 -1.1710617268194552e-06
6 60 -2.1428164154993479e-04 1.8434442776115753e-05
6 61 -2.6521144656938250e-04 -5.3725454903388914e-06
6 62 -2.7497066192937538e-04 -7.7895272828103041e-06
6 63 -2.9395548443438176e-04 2.0815847257664277e-06
6 64 -3.5485021161499992e-04 -3.2465802818398079e-05
6 65 -3.7895489148700399e-04 -4.1903472268142679e-05
6 66 -5.0375387492973588e-04 -1.4014234481034188e-05
6 67 -5.6005367229657575e-04 7.7760115213398816e-06
6 68 -5.7463454483384717e-04 9.2277063413477754e-05
6 69 -1.0930058654480546e-03 2.7475694267528546e-04
6 70 -9.5951891162126006e-04 -1.2546954384015565e-04
6 71 -1.7258852196087647e-03 7.6893498605799619e-04
7 0 -1.5485918995722298e-03 -4.7689955856699324e-05
7 1 -6.8367288792502286e-04 -8.7289376590272066e-05
7 2 -5.8757952263066332e-04 -2.0633655402120627e-04
7 3 -4.4394501740376675e-04 -1.0571775545756135e-04
7 4 -4.3185662432609792e-04 -5.0109977980693611e-05
7 5 -2.9515460225484821e-04 -3.5115153668349541e-05
7 6 -3.0781823732812841e-04 2.4256652820429373e-05
7 7 -2.4801238506263280e-04 -1.8507952798836893e-05
7 8 -2.0290903051896635e-04 -2.6651792219502971e-06
7 9 -1.4553355122719704e-04 1.9949862615945703e-05
7 10 -1.4737538209649921e-04 3.9292014333047115e-05
7 11 -1.1073069432590473e-04 1.5166313823510258e-06
7 12 -5.7538524397634369e-05 -1.0650759677981669e-05
7 13 -6.0740191915003547e-05 9.4295171651151258e-06
7 14 -5.0352710467839936e-05 -1.9258260202635770e-06
7 15 -5.3109989617850810e-05 -3.7758554165366108e-06
7 16 -4.9377153703451312e-05 -4.3948515495077450e-07
7 17 -5.2191024072069664e-05 4.7707513392016607e-06
7 18 -3.8772129718450581e-05 -1.6422051039697260e-06
7 19 -3.9641555396086010e-05 -7.3676405564707840e-06
7 20 -4.0950270444351178e-05 -3.1422632209010994e-06
7 21 -3.5883904154474193e-05 3.5952664469542426e-07
7 22 -2.1754832079719476e-05 1.8559638973019391e-07
7 23 -1.7366499057160600e-05 -1.1036130731440911e-06
7 24 -1.5813444463555373e-05 -3.6354193375103204e-07
7 25 -1.2209087908189716e-05 7.3116531743396956e-07
7 26 -1.1238816522029765e-05 1.4015819227942854e-06
7 27 -8.8556186522113981e-06 -3.6849069388776476e-07
7 28 -6.7704320739984750e-06 -3.0383097715932185e-07
7 29 -6.8080821874545991e-06 -7.2169691578302971e-09
7 30 -5.6783549775879435e-06 5.2364459677171503e-09
7 31 -4.3938359805650005e-06 3.7781224308601821e-07
7 32 -4.7686635747078773e-06 6.0126719703785695e-07
7 33 -4.3819514787998135e-06 -1.6499698917913200e-07
7 34 -3.1615210768151789e-06 2.3191198279891179e-07
7 35 -3.5215596703398816e-06 2.5012806407487730e-08
7 36 -3.2828879769349680e-06 -6.9785184919608727e-09
7 37 -3.0856547007344321e-06 2.4012753958733996e-08
7 38 -3.6062273215844106e-06 1.2917208021454819e-07
7 39 -3.8134254872891957e-06 -3.1192205305901849e-07
7 40 -5.1347718976867908e-06 6.5766151548438153e-07
7 41 -5.7188925294722233e-06 -4.3036500686206990e-07
7 42 -6.2897456771484253e-06 8.4199345407825761e-07
7 43 -6.9711666649678982e-06 -1.4627800631078131e-06
7 44 -7.9424047849665755e-06 2.0397953770333176e-07
7 45 -9.2527831012761066e-06 -5.0000128718485868e-07
7 46 -1.3850046320312162e-05 1.3753196969838134e-06
7 47 -1.3451301617136666e-05 2.1610541934655178e-07
7 48 -1.5613815828860005e-05 1.4128344841007167e-06
7 49 -1.6646140502141374e-05 -5.4329163855878658e-07
7 50 -2.1063524650754818e-05 -3.5207740511912222e-06
7 51 -2.5842035202725701e-05 2.2807004069708247e-06
7 52 -3.0918430217310627e-05 1.2867230914870593e-06
7 53 -3.6842067982385831e-05 1.6983149870636898e-06
7 54 -4.6457414401799428e-05 7.1705705415638497e-06
7 55 -5.0288521511728540e-05 2.9721665876196238e-06
7 56 -5.6482862353132363e-05 6.4709257577494216e-07
7 57 -5.3013732612363646e-05 -4.2139812054020723e-06
7 58 -7.3766908018592511e-05 1.8611794528197583e-05
7 59 -9.1231359773728273e-05 4.0444597034377864e-07
7 60 -1.0906936909159271e-04 1.8423837103647731e-05
7 61 -1.3460440308253632e-04 -7.6123490733778000e-06
7 62 -1.4182392283745932e-04 -1.3797053515075217e-06
7 63 -1.5263554426120826e-04 7.5356775641179739e-06
7 64 -1.7693995995526167e-04 -2.0911994299830696e-05
7 65 -1.9337501273924312e-04 -3.0656637710944970e-05
7 66 -2.6505584990406291e-04 -2.6325113331523188e-05
7 67 -2.6457310246285519e-04 -1.1970789350558772e-05
7 68 -2.2920813172356040e-04 1.1180406727986906e-04
7 69 -5.2597404400052828e-04 1.6387589522215383e-04
7 70 -3.2120366327609675e-04 -9.7863347494312172e-06
7 71 -9.4680575982618678e-04 5.6556233572919079e-04
8 0 -8.4429666491802322e-04 -3.2251927287044811e-05
8 1 -2.6445768371735027e-04 -3.7115200789115220e-05
8 2 -2.4568768905026240e-04 -1.9084256803352334e-04
8 3 -2.3276378197894450e-04 -7.5969750101054313e-05
8 4 -2.5803273560651499e-04 -3.4256643074629780e-05
8 5 -1.4461050085091780e-04 -1.2923528536604878e-05
8 6 -1.5322989371512632e-04 2.3841283766255161e-05
8 7 -1.4120323950068102e-04 -2.4934905767243928e-06
8 8 -8.4479222350918902e-05 -1.1591849025547727e-05
8 9 -7.7134993663189637e-05 1.7333846920253412e-05
8 10 -7.9077688043746342e-05 3.4072644508073682e-05
8 11 -5.9404248063716198e-05 -2.2872620986970417e-06
8 12 -2.2875558895256319e-05 -1.5353305765683220e-05
8 13 -3.0915306232482228e-05 8.5546029520354271e-06
8 14 -2.3060932409390148e-05 -1.0852869192293048e-06
8 15 -2.3574106147705959e-05 -1.3502511062203515e-06
8 16 -2.2708609851923342e-05 -1.7434136529886123e-06
8 17 -2.7915487228198437e-05 4.6004564706702014e-06
8 18 -1.9031177154885459e-05 3.7456697702083801e-07
8 19 -2.0131703266710923e-05 -7.5962492138620855e-06
8 20 -2.4033234004400697e-05 -4.5285557772345275e-06
8 21 -2.1982483041933655e-05 7.9318576150593331e-07
8 22 -1.0336533724691346e-05 -2.7613730898018034e-07
8 23 -1.0109288232112554e-05 -6.6670998493802939e-07
8 24 -8.2060456549252875e-06 -1.0559355547735295e-06
8 25 -5.8341376511090784e-06 -3.7191574190874376e-07
8 26 -5.2723953117119940e-06 1.4234677032466192e-06
8 27 -4.0944841274201309e-06 -6.6024846500408597e-07
8 28 -3.2568596322666119e-06 -4.8518903023102426e-07
8 29 -3.5183589347505292e-06 3.8194554154494900e-07
8 30 -3.6053187619361080e-06 3.8508573758656035e-08
8 31 -2.1301519121148513e-06 4.3709514521869965e-07
8 32 -2.9660463304303967e-06 7.2885889347266396e-07
8 33 -2.4379170743849090e-06 -1.2418200448553660e-07
8 34 -1.4259084370943935e-06 2.0541496104271707e-07
8 35 -1.5220389007046904e-06 9.8654570154362034e-08
8 36 -1.5064221042095253e-06 -7.9894634370190334e-08
8 37 -1.4082487001416247e-06 1.8211909399411126e-07
8 38 -1.7456267021076964e-06 -3.1668981748619446e-08
8 39 -1.9002381238069494e-06 -2.7224234413160159e-07
8 40 -3.2009152109981979e-06 3.9097995685254165e-07
8 41 -3.2312612290262552e-06 -3.4480955626982262e-07
8 42 -2.9672837356013306e-06 9.9861040728387315e-07
8 43 -2.8388679147069184e-06 -1.2594045627178549e-06
8 44 -3.6809792911038856e-06 2.1816136740920265e-07
8 45 -4.8648512387241422e-06 -1.5253925549868825e-07
8 46 -7.3540025490736148e-06 3.5905147008445735e-07
8 47 -6.5734759017773183e-06 -3.0671657597714060e-07
8 48 -7.5973453465154348e-06 1.3761825252068985e-06
8 49 -8.0979306804703992e-06 -4.5386345796752869e-07
8 50 -1.1247650101137276e-05 -4.3070195847387164e-06
8 51 -1.1744789921789247e-05 3.4589802345735844e-06
8 52 -1.5446630832102129e-05 6.8019257982447195e-07
8 53 -1.8969671377851409e-05 9.9647695155634717e-07
8 54 -2.7602359451218998e-05 3.0768141181280096e-06
8 55 -2.7609621627132669e-05 2.7393662898304984e-06
8 56 -3.1475520145530860e-05 -3.6472565754517463e-06
8 57 -2.4467286984562635e-05 -7.5504563824660266e-07
8 58 -3.8543471355629875e-05 1.0771274161364310e-05
8 59 -4.3986178920446373e-05 3.5093030875228552e-07
8 60 -5.2417659148365294e-05 1.7972986632550138e-05
8 61 -6.4307727279722183e-05 -1.0203241772027448e-05
8 62 -7.3903602730684563e-05 -1.1787473582695433e-06
8 63 -7.5566532612854267e-05 7.8290379481548664e-06
8 64 -8.7496664386526389e-05 -1.5220344950259161e-05
8 65 -9.3787704449900446e-05 -2.1961840838842880e-05
8 66 -1.4511722835107809e-04 -3.8921704362295468e-05
8 67 -1.1997850172406474e-04 -2.0810642736282019e-05
8 68 -9.3866582602094090e-05 1.1264273634920925e-04
8 69 -2.1601640569844874e-04 8.2440322174407924e-05
8 70 -1.0637698763471275e-04 5.2510062465821866e-05
8 71 -5.6909148940973244e-04 3.0630824315053983e-04
9 0 -3.3800802529958989e-04 8.3643934268839930e-05
9 1 -9.3619216512271869e-05 6.4626455518336946e-05
9 2 -8.6014548301723909e-05 -1.4112979147835742e-04
9 3 -1.2694505549362502e-04 -9.0127259167629197e-05
9 4 -1.4913035021798033e-04 -3.8488107188806599e-05
9 5 -6.8135937906409774e-05 -8.1575041095739519e-07
9 6 -6.5858777960559598e-05 2.2242919653611580e-05
9 7 -8.0026168085199333e-05 2.4684736142381098e-05
9 8 -1.7566801198954397e-05 -1.3847997897784766e-05
9 9 -4.5857523601357928e-05 1.0190837825136131e-05
9 10 -4.1040562591904263e-05 2.7288069870112371e-05
9 11 -3.3309870324684455e-05 -1.7548763748663578e-06
9 12 -5.4163730538346984e-06 -1.3629594316483230e-05
9 13 -1.5296565511083125e-05 7.4673089866875297e-06
9 14 -1.2754675222613845e-05 1.1710419078211296e-06
9 15 -9.2597890876328181e-06 2.4274295182406255e-07
9 16 -8.8781483094535366e-06 -4.0149438034005755e-06
9 17 -1.7039050196996076e-05 3.0783946030274020e-06
9 18 -9.1908078358104021e-06 8.5139286182657377e-07
9 19 -1.1115017150417155e-05 -6.0492119230009959e-06
9 20 -1.4581841021070346e-05 -4.2691951600884996e-06
9 21 -1.3269209299783103e-05 4.8471968836333388e-07
9 22 -4.3298092836760775e-06 -9.3021771052435011e-07
9 23 -6.1002169290767017e-06 -6.2091711710952951e-07
9 24 -3.6655233440358018e-06 -1.9517653799230152e-06
9 25 -2.3741813047142076e-06 -1.2420377152108598e-06
9 26 -1.8517966614476121e-06 1.6372269038913930e-06
9 27 -1.4668540072708839e-06 -2.3620263730150960e-07
9 28 -1.2960826338805811e-06 -9.4596464014940346e-07
9 29 -1.7443674767865507e-06 8.9270326219561222e-07
9 30 -2.2132669753571415e-06 4.3272296410611987e-08
9 31 -9.5001351280711928e-07 2.2827180401710911e-07
9 32 -2.0704495614094098e-06 6.8197019353858248e-07
9 33 -1.2489246896828095e-06 -6.4063189961536099e-08
9 34 -7.9549591160436895e-07 2.6119059885141007e-07
9 35 -5.4995055389256395e-07 6.6580380820228702e-08
9 36 -6.2032162700244868e-07 -1.9391050777761371e-07
9 37 -5.6595910008496581e-07 2.5639217204519490e-07
9 38 -6.7708372168997977e-07 -2.1563054992104794e-07
9 39 -9.0747348940646249e-07 -2.2777811394540331e-07
9 40 -2.1566669222782809e-06 2.7473057651832986e-08
9 41 -1.8798127619661861e-06 -3.5646824182315508e-07
9 42 -1.4675680081459579e-06 8.4867911059619002e-07
9 43 -9.7507414533876544e-07 -9.3200241414732360e-07
9 44 -2.0396340762181121e-06 -3.7894778886535432e-08
9 45 -2.4880634727314210e-06 1.6552689000193353e-07
9 46 -3.4646372114823330e-06 -2.5753168107974292e-07
9 47 -2.6657003359924060e-06 -4.4705565704919912e-07
9 48 -3.3768702212884495e-06 2.3824057116464351e-07
9 49 -3.3944624274773438e-06 -7.9885184094099165e-07
9 50 -5.3362029720318485e-06 -3.6009263470625632e-06
9 51 -4.2048124768521616e-06 4.0676154757691594e-06
9 52 -6.3651049317250158e-06 1.2843353518615068e-06
9 53 -9.1106526887032798e-06 1.2472923795106152e-08
9 54 -1.8196633475318855e-05 1.9193785059983876e-06
9 55 -1.6624853163981749e-05 1.1948621042404787e-06
9 56 -1.8117896405066430e-05 -5.1316373668608493e-06
9 57 -1.1440605513283893e-05 2.8145956954961261e-06
9 58 -2.2129017808291487e-05 3.4460228843022812e-06
9 59 -1.9305704796766788e-05 -3.2794925960122252e-06
9 60 -1.9251268377938707e-05 2.0865845321347098e-05
9 61 -2.9569836580375457e-05 -8.9092674264868718e-06
9 62 -3.9611664425927855e-05 -3.0836272589984236e-06
9 63 -3.2390984323735747e-05 5.4857270736774977e-06
9 64 -4.7071533977665697e-05 -8.4388770428092673e-06
9 65 -3.7082223671818380e-05 -7.8286861057594887e-06
9 66 -8.0196962787815309e-05 -4.9593172655124584e-05
9 67 -6.5244207325240499e-05 -1.2658591529310702e-05
9 68 -5.6731331965509480e-05 1.0411199954238783e-04
9 69 -5.4765550794459509e-05 2.8965158232914840e-05
9 70 -3.9493856993684692e-05 1.0549376512777172e-04
9 71 -3.4357581182944757e-04 1.3886834283189785e-04
10 0 -1.2531553342523465e-04 2.2438598459580356e-04
10 1 -2.7208871365164642e-05 7.6902316600221358e-05
10 2 -4.0280647006197547e-05 -1.0713026640329446e-04
10 3 -9.1802647896716582e-05 -7.9149547797318734e-05
10 4 -7.3897386297923663e-05 -5.3514142220318248e-05
10 5 -3.7601569460880118e-05 1.2057485303532254e-05
10 6 -2.1596651818084999e-05 1.9948519818879357e-05
10 7 -3.5500282325422212e-05 4.5578029245454972e-05
10 8 1.5173697581936949e-05 -6.6720822935022413e-07
10 9 -3.1354867643644104e-05 5.0975596286929608e-06
10 10 -2.1011914609113369e-05 2.1574223944793845e-05
10 11 -1.9563636473348505e-05 -1.4427355358730286e-06
10 12 1.8561893041049303e-06 -9.6520828923519401e-06
10 13 -4.2167783793959392e-06 4.6155396166853706e-06
10 14 -1.1172348752709363e-05 3.0491573687755674e-06
10 15 -3.7233313118534888e-06 1.3038821296925454e-06
10 16 -3.1779622718497176e-06 -5.9976107018626232e-06
10 17 -1.2992610352375420e-05 5.1952040671770369e-07
10 18 -4.0381078243028456e-06 1.3367596857010221e-06
10 19 -7.5754876853459239e-06 -4.7640977345954992e-06
10 20 -9.6917220506045800e-06 -3.1470443851039391e-06
10 21 -7.5330564414102314e-06 -5.6901207037757354e-07
10 22 -1.5297193041088730e-06 -1.2790730710632922e-06
10 23 -3.5006352838374443e-06 -3.4166695949890748e-07
10 24 -1.3431686246198795e-06 -2.6951266147660507e-06
10 25 -8.3763841336328125e-07 -1.9872294499068824e-06
10 26 -2.6373900464290986e-07 1.5003716474784222e-06
10 27 1.5192530800791220e-07 3.2172490932060066e-07
10 28 -1.4942558616760022e-07 -1.4797194829129983e-06
10 29 -1.0011721145488368e-06 8.3686032337907620e-07
10 30 -1.0147581498818802e-06 9.0818280657635450e-08
10 31 -4.7609551994091123e-07 1.4241135537932572e-08
10 32 -1.5118676584227479e-06 5.4437339880163398e-07
10 33 -5.7275617932190112e-07 2.2975005215327287e-08
10 34 -6.0309096886823656e-07 2.4508757894730416e-07
10 35 -1.0673631744409271e-07 -5.0947002862246400e-08
10 36 -1.1174456927763391e-07 -1.4159797673913330e-07
10 37 -1.6027099485997717e-07 2.3147436842663301e-07
10 38 1.0602787320722197e-08 -3.9432052742028341e-07
10 39 -3.8511118255239517e-07 -2.2689443182171444e-07
10 40 -1.4666709601965284e-06 -4.1118580588809503e-07
10 41 -1.1056607759948666e-06 -2.9856267481991954e-07
10 42 -8.8427814690050007e-07 3.7675504256217980e-07
10 43 -2.6842792511122005e-07 -5.4998479298007315e-07
10 44 -1.7189964587291116e-06 -4.3373524535306083e-07
10 45 -1.4828553776594866e-06 2.8280221987501047e-07
10 46 -1.4644817461258274e-06 -9.6259139657563536e-07
10 47 -5.1788504643524251e-08 1.3019781456315115e-07
10 48 -1.2362281592556393e-06 -4.7583710233155498e-07
10 49 -1.3961849929424392e-06 -9.2859437029455095e-07
10 50 -1.8736288568114991e-06 -3.1258273535417231e-06
10 51 -5.9529212888407356e-07 3.6732773356029889e-06
10 52 -1.9889719150167020e-06 2.1589740894554076e-06
10 53 -4.4079850486320864e-06 -5.2625393943957022e-07
10 54 -1.4540855528534925e-05 2.9147251705271334e-06
10 55 -1.2138083250654940e-05 6.4071954283627522e-07
10 56 -1.1412678162076224e-05 -2.9001207088215522e-06
10 57 -7.4908250248275847e-06 5.3926419018736790e-06
10 58 -1.3237921673784343e-05 -1.1593046190794801e-06
10 59 -1.0634701513375051e-05 -5.6166802389336222e-06
10 60 -2.5802824362931593e-06 1.9483689172030465e-05
10 61 -1.5247088278404092e-05 -1.0487530862451157e-05
10 62 -2.1557194567055911e-05 -5.7314111581683875e-06
10 63 -1.5700534267250024e-05 6.6127636151997797e-08
10 64 -3.5557588954831822e-05 -3.2518620620987280e-06
10 65 -7.1863589333601562e-06 1.8323427459318340e-06
10 66 -4.2211177591243455e-05 -5.5066424783223032e-05
10 67 -2.7905207245590455e-05 3.6004096477433771e-06
10 68 -3.4474437053777496e-05 9.6919325020641435e-05
10 69 3.6763213736123425e-05 2.1327348702233973e-06
10 70 2.9828754023801191e-05 1.4785770056767247e-04
10 71 -2.1478814093964739e-04 1.9574073192929429e-05
