0 0 -1.1717534856886722e+00 2.9413743230091621e-19
0 1 -1.6131786957713634e-01 -4.5207393870046120e-20
0 2 -6.6172944855382387e-02 -4.7467426861410652e-21
0 3 -4.3708090379995256e-02 9.6572566025270469e-22
0 4 -3.4448246904121876e-02 2.5233390210092112e-21
0 5 -2.6299806824430050e-02 2.1267694276195286e-22
0 6 -2.0059180569784979e-02 -3.5526368168330790e-22
0 7 -1.6420898259782192e-02 1.8453728611363715e-22
0 8 -1.3944274732854044e-02 -7.0530149656089504e-22
0 9 -1.1485740655423283e-02 1.0157068756146389e-22
0 10 -9.4256103952420414e-03 2.9893964024511929e-22
0 11 -7.7504301311800148e-03 1.9353155712067349e-22
0 12 -6.5660650833860839e-03 -1.2479421052490153e-22
0 13 -5.5492699415166241e-03 -1.2818433030070256e-22
0 14 -4.8852342215263923e-03 1.5174440702475100e-22
0 15 -4.2402278462075295e-03 -5.5587080171074254e-23
0 16 -3.5916846442842665e-03 -1.9265923756403248e-22
0 17 -2.9564306839328525e-03 2.8120487956731053e-22
0 18 -2.2586411839894734e-03 1.2402520499310094e-22
0 19 -1.7614456611229638e-03 1.4307462624591891e-22
0 20 -1.4080783021321432e-03 -1.9773881035543997e-23
0 21 -1.1796527969425044e-03 2.3991670453047290e-23
0 22 -1.0319511762659460e-03 3.8039576306279447e-23
0 23 -9.2763323037072377e-04 1.3577367036921588e-23
0 24 -7.8131990616043970e-04 2.9481390151332955e-23
0 25 -6.2409948642983329e-04 1.7752500747939155e-23
0 26 -4.9074056746475838e-04 3.0680824887228654e-24
0 27 -3.9608622264805096e-04 6.4257153249068308e-24
0 28 -3.4989522798038752e-04 -1.4836774944559758e-23
0 29 -3.0614595766654125e-04 1.0813799282182934e-23
0 30 -2.6547925585554362e-04 -5.1151424005748357e-25
0 31 -2.3430340798772227e-04 1.1099352909992525e-23
0 32 -2.1254779420531596e-04 -2.7931942763748099e-24
0 33 -1.7851925929138689e-04 -1.1172828707688710e-23
0 34 -1.5130073963373646e-04 5.2040501222491892e-24
0 35 -1.3774991247029111e-04 5.7545644543515127e-24
0 36 -1.3735026625430707e-04 -2.8455588527373970e-24
0 37 -1.3658922253649930e-04 -2.5255722440529437e-24
0 38 -1.3776536556914796e-04 5.4900171424284701e-24
0 39 -1.5236298265815826e-04 -1.5391433671055773e-24
0 40 -1.7282646440879603e-04 9.0844705811043787e-25
0 41 -2.0069503382491981e-04 -3.5931467310904203e-24
0 42 -2.3459872313773213e-04 2.1625133445678391e-24
0 43 -2.8328046080862478e-04 2.0953368764430675e-24
0 44 -3.4178607882206520e-04 1.0929891954690637e-23
0 45 -4.2271937905383281e-04 -2.1553885219853632e-23
0 46 -5.0494434410467781e-04 -1.4904250600057695e-24
0 47 -6.2485181920560802e-04 1.6085567012144810e-23
0 48 -7.6371320368386465e-04 9.8254212728520720e-24
0 49 -9.6871432144798387e-04 -1.0307858561152132e-23
0 50 -1.2252781982874954e-03 2.6644783910766747e-23
0 51 -1.5633561343271899e-03 -1.6232019366028546e-22
0 52 -1.9883654792585332e-03 4.9968892798693526e-23
0 53 -2.4436735788376648e-03 -8.3920397117194672e-23
0 54 -2.9260694700531595e-03 -1.5105686930267080e-22
0 55 -3.4009873977009965e-03 1.9671204808376395e-22
0 56 -3.8892698216859908e-03 -3.3872275544773627e-23
0 57 -4.4645660333448266e-03 3.7008304237312659e-23
0 58 -5.2748406544646121e-03 -3.8859679978826991e-24
0 59 -6.2465146317759708e-03 3.3314124515755793e-23
0 60 -7.5387751450808503e-03 2.7567990451770769e-22
0 61 -9.1902327579543794e-03 -1.1077527501415122e-22
0 62 -1.1081358650324990e-02 -4.2239985530506419e-22
0 63 -1.2954376812817246e-02 -5.6075382692083840e-22
0 64 -1.4832511565267765e-02 2.6234915509614096e-22
0 65 -1.7248637560821085e-02 6.0960131651979811e-22
0 66 -2.1624959168889051e-02 3.2328223877808337e-22
0 67 -2.6958054761754044e-02 2.7688129382401839e-22
0 68 -3.1676220022475776e-02 1.0897863401510361e-21
0 69 -3.9653267451141914e-02 -2.5423203263515210e-21
0 70 -6.1565515535714793e-02 7.2815978006077974e-21
0 71 -1.5105705910562486e-01 -2.3966204582064722e-19
1 0 -3.5972312374638615e-01 -1.2928634404969308e-04
1 1 -9.9972102948605673e-02 -3.2624747780576766e-04
1 2 -4.7964455444256565e-02 -2.3120699631854323e-04
1 3 -3.2977269328959329e-02 1.8072995023670765e-04
1 4 -2.6196266657358580e-02 6.3394119708258669e-05
1 5 -1.9988124508132653e-02 5.6680462873285280e-05
1 6 -1.5290316922220049e-02 -3.2922712940534436e-05
1 7 -1.2477878387602476e-02 -1.5305431561567403e-05
1 8 -1.0640667249433010e-02 5.6085918292260840e-06
1 9 -8.7757642913693975e-03 4.1143510010463192e-05
1 10 -7.2133212004695082e-03 3.9547992254256644e-05
1 11 -5.9144930688947283e-03 -2.6976191381103696e-06
1 12 -5.0249819167958558e-03 -1.2907298244855394e-05
1 13 -4.2432697390135067e-03 -1.0058671031378982e-05
1 14 -3.7506271945824637e-03 1.6316934516683307e-07
1 15 -3.2450953850722878e-03 -8.3993335518079111e-07
1 16 -2.7442573352722236e-03 -8.4828263021557044e-06
1 17 -2.2548460789515142e-03 -3.5570280256519408e-06
1 18 -1.7202261792511333e-03 2.5271300384094306e-06
1 19 -1.3442959593114492e-03 6.9746896893555629e-06
1 20 -1.0744112439736407e-03 -7.7306166071916086e-08
1 21 -9.0205166175449328e-04 5.5284566340679135e-07
1 22 -7.9193969070866167e-04 5.8564194649716380e-08
1 23 -7.0940509486227892e-04 -1.3487339482277583e-06
1 24 -5.9464863482815069e-04 2.1058040473187603e-06
1 25 -4.7402881908339045e-04 8.3035834053102665e-07
1 26 -3.7339736786963555e-04 8.7377971374285901e-07
1 27 -3.0103230339188612e-04 1.2571177755819296e-06
1 28 -2.6668380499099528e-04 -3.9131950083222258e-08
1 29 -2.3342533897676015e-04 -3.8471835333713439e-07
1 30 -2.0261655230260900e-04 4.9594304137370347e-07
1 31 -1.7871445838271729e-04 8.8475563689025004e-07
1 32 -1.6204348232677686e-04 2.2239245703254241e-07
1 33 -1.3512328543986460e-04 -2.5285258580505558e-07
1 34 -1.1471042582075881e-04 -4.2983754053624154e-07
1 35 -1.0476982382590723e-04 -2.4443423229758321e-08
1 36 -1.0486285706762992e-04 3.7675887424903735e-08
1 37 -1.0418852764692179e-04 -9.3694777762703834e-08
1 38 -1.0508474688670099e-04 3.9233688275571790e-10
1 39 -1.1659432459535441e-04 3.7073953400522738e-08
1 40 -1.3209494850971418e-04 -2.3136503880489585e-07
1 41 -1.5358929021788305e-04 -1.1046536232838839e-06
1 42 -1.7931282086824606e-04 -8.4418019361287402e-07
1 43 -2.1625524737456270e-04 -3.4910302512569877e-07
1 44 -2.6061072494640395e-04 -4.5229881716603692e-07
1 45 -3.2275915564917279e-04 5.8377510290904679e-07
1 46 -3.8328936596026029e-04 -1.6204008833966732e-07
1 47 -4.7331684422229970e-04 1.2808612498950074e-06
1 48 -5.7841659371367610e-04 1.4411442833208242e-06
1 49 -7.3622405468626621e-04 -2.7638939341755888e-06
1 50 -9.3223382506260860e-04 -3.6296119389704696e-06
1 51 -1.1902526501992084e-03 -1.0669170140750463e-05
1 52 -1.5122559049558367e-03 -8.2333618021169718e-06
1 53 -1.8615832607045781e-03 -1.0041987587138493e-05
1 54 -2.2225017119916761e-03 -7.5309506525558079e-07
1 55 -2.5965163351723336e-03 6.0502112321468249e-06
1 56 -2.9686223215206657e-03 -1.3454803647734186e-05
1 57 -3.4032430922956319e-03 -2.8793625460976212e-06
1 58 -4.0248204143276530e-03 2.0104546103321475e-05
1 59 -4.7681991671351407e-03 2.0618707249704143e-05
1 60 -5.7408594458543093e-03 2.7658263401556475e-05
1 61 -7.0184657314758961e-03 4.7897932717032984e-06
1 62 -8.4552676189811604e-03 -1.4988125008961825e-05
1 63 -9.8734461392384256e-03 7.0162437265250565e-06
1 64 -1.1378637452509721e-02 -1.3233273423136966e-05
1 65 -1.3213229922697354e-02 -2.7135705557183360e-05
1 66 -1.6601189006372842e-02 -4.4448449129939726e-05
1 67 -2.0595771931880173e-02 -6.3702015433342790e-07
1 68 -2.4210234610590149e-02 2.8094851636441170e-05
1 69 -2.9989587506691846e-02 1.5726904828540934e-04
1 70 -4.4566338414175170e-02 1.5817073233665678e-05
1 71 -9.0343557822574930e-02 -2.0898954101685897e-05
2 0 -1.1794806038326347e-01 -6.0115336755059586e-04
2 1 -5.0639586638459411e-02 3.6477305709828339e-04
2 2 -2.7595397172513459e-02 -2.1171481458835573e-04
2 3 -2.0020385929748596e-02 2.2822491114141906e-04
2 4 -1.6007494059371154e-02 5.6543019324799272e-05
2 5 -1.2205127425798157e-02 4.1098810364352003e-05
2 6 -9.4038441567461956e-03 -2.6265738303278475e-05
2 7 -7.6513140726579797e-03 -2.5388931156927868e-05
2 8 -6.5481639320691398e-03 7.2206175667382235e-06
2 9 -5.4292222385192365e-03 5.7002991207143600e-05
2 10 -4.4767240105187270e-03 4.5262488382876107e-05
2 11 -3.6451110527150831e-03 -4.3074003776453142e-06
2 12 -3.1226908541044218e-03 -1.7458128602500246e-05
2 13 -2.6379515034797331e-03 -1.3968830887008804e-05
2 14 -2.3483825155189947e-03 2.3817831360041103e-06
2 15 -2.0175599866718999e-03 -4.5735199937832322e-06
2 16 -1.7029625580254396e-03 -9.4671916085426286e-06
2 17 -1.3886331721698372e-03 -3.3522912252524221e-06
2 18 -1.0598677937450898e-03 6.3484305476146063e-06
2 19 -8.2841685187064066e-04 1.0230109399218399e-05
2 20 -6.6242023904475387e-04 6.9652574367413046e-07
2 21 -5.6085404862539815e-04 -5.0610431990152841e-07
2 22 -4.9298881516725193e-04 -6.3069860347445753e-07
2 23 -4.4051177436076267e-04 -1.6583349860606043e-06
2 24 -3.6543903913986280e-04 2.2485918883883309e-06
2 25 -2.8940888980365237e-04 1.6443201819213928e-06
2 26 -2.2930823181467030e-04 6.9636839007366097e-07
2 27 -1.8509867919613433e-04 1.4953014377992467e-06
2 28 -1.6459207489994296e-04 3.6111577236157328e-07
2 29 -1.4356600816140824e-04 -2.6365863646866894e-07
2 30 -1.2460719029540912e-04 7.8285725023072001e-07
2 31 -1.0993489741352200e-04 9.8914892485012907e-07
2 32 -9.9288976104060659e-05 3.0479358479393483e-07
2 33 -8.1662823642285226e-05 -6.7289188196285124e-08
2 34 -6.9564391162366983e-05 -5.9604883222872843e-07
2 35 -6.4103993818041783e-05 -3.5561402619619661e-08
2 36 -6.4615450055136663e-05 -6.4982473572662680e-09
2 37 -6.4361828905575068e-05 -5.8710361103639206e-08
2 38 -6.4844767447612355e-05 -3.4983148851275680e-08
2 39 -7.2464396888871882e-05 -8.4868083611566350e-08
2 40 -8.1905391483052609e-05 -5.3521733385062676e-07
2 41 -9.5532919691997573e-05 -1.3422025482220361e-06
2 42 -1.1129617149603952e-04 -1.3504328993588718e-06
2 43 -1.3387411137563086e-04 -7.5706338681595973e-07
2 44 -1.6071059781142959e-04 -8.2031000035656632e-07
2 45 -1.9989481162227402e-04 8.2166055366205435e-07
2 46 -2.3439313636974834e-04 3.1168318483967599e-07
2 47 -2.8805757743604888e-04 1.1232156692575565e-06
2 48 -3.5134398102678357e-04 2.1927356615829034e-06
2 49 -4.5055953908423640e-04 -3.3147884474354115e-06
2 50 -5.7114794142973076e-04 -2.1998232847766317e-06
2 51 -7.3162009425915462e-04 -1.2326584596205468e-05
2 52 -9.2823265086265335e-04 -9.4236351903563161e-06
2 53 -1.1403821886828327e-03 -1.7032961192539145e-05
2 54 -1.3617924244893693e-03 -5.0583694313999650e-06
2 55 -1.6084475419063039e-03 6.4978215357294594e-06
2 56 -1.8414021887574290e-03 -9.6305637164886625e-06
2 57 -2.0958148044259084e-03 5.1153563128442234e-06
2 58 -2.4797263760892706e-03 2.9275279552026449e-05
2 59 -2.9447858904035327e-03 3.2727315844480324e-05
2 60 -3.5293834482366514e-03 5.0101735168343256e-05
2 61 -4.3405958123258247e-03 1.1082086420289805e-05
2 62 -5.2271205935859461e-03 -1.7139252712151691e-05
2 63 -6.0884619067797987e-03 5.7534573795246197e-06
2 64 -7.1212959224175179e-03 -2.2717461978968457e-05
2 65 -8.2364152009314594e-03 -6.5613633825930173e-05
2 66 -1.0419502591984943e-02 -6.9228968027581768e-05
2 67 -1.2767412861049286e-02 4.6918497530091636e-05
2 68 -1.5001656773220724e-02 1.2374862049663341e-05
2 69 -1.8324612780211288e-02 1.7473538991786248e-04
2 70 -2.5463492763863563e-02 9.2740066850865985e-05
2 71 -4.4090413787629699e-02 -6.0158015841018766e-05
3 0 -3.9334446476438675e-02 -1.0082288710431403e-03
3 1 -2.5071511942220539e-02 6.7075755581204690e-04
3 2 -1.4456264636308542e-02 -1.8071803272637224e-04
3 3 -1.1228338664329962e-02 1.7265266948194124e-04
3 4 -8.9791292751002800e-03 4.4192603477611964e-05
3 5 -6.8685859368592264e-03 9.9120804691153910e-06
3 6 -5.3458529415011426e-03 -1.3755622732309715e-05
3 7 -4.3356633771512079e-03 -3.5030502426201963e-05
3 8 -3.6988016194492730e-03 4.9387011105160386e-06
3 9 -3.0928280632961350e-03 4.6568435357320471e-05
3 10 -2.5537787276769743e-03 2.5836289351221892e-05
3 11 -2.0709072264689429e-03 -4.7274432271902462e-06
3 12 -1.7909161974539111e-03 -2.1971786346112008e-05
3 13 -1.5201946163700217e-03 -1.0962145177668816e-05
3 14 -1.3608322711131840e-03 4.7450138452429541e-06
3 15 -1.1617151261981466e-03 -1.1616341352666978e-05
3 16 -9.7899505424378142e-04 -8.1304006036166873e-06
3 17 -7.8954285421452904e-04 -2.3336698851610626e-06
3 18 -6.0420617059010230e-04 8.0675883279335330e-06
3 19 -4.6959774181369330e-04 9.0411441907969658e-06
3 20 -3.7730101307703552e-04 5.1071239696341105e-07
3 21 -3.2359249340278547e-04 -1.0283744885989065e-06
3 22 -2.8302171433993074e-04 -5.5200611500934978e-07
3 23 -2.5297184595963996e-04 -4.3308709105497694e-07
3 24 -2.0674318389657772e-04 2.3634901420396051e-06
3 25 -1.6124206782969423e-04 1.7527707778804384e-06
3 26 -1.2947118254098925e-04 2.3330806297274007e-07
3 27 -1.0538111875558280e-04 9.3677874758508860e-07
3 28 -9.4276552513923858e-05 3.5605090213715417e-07
3 29 -8.1473332261168771e-05 1.0458138206740708e-07
3 30 -7.0453595858501237e-05 7.3047554503842486e-07
3 31 -6.2364022395200265e-05 7.9370761801625458e-07
3 32 -5.5700668799408275e-05 2.8057487466998948e-07
3 33 -4.4895304065761213e-05 4.2702495429624548e-07
3 34 -3.8603704143268944e-05 -6.6966070074017082e-07
3 35 -3.5861758390725532e-05 -1.5246226569356147e-07
3 36 -3.6714104207376968e-05 -6.8844217857797304e-08
3 37 -3.6748227065094647e-05 -5.3718471746929501e-08
3 38 -3.6925101378581992e-05 -2.0686044963794909e-08
3 39 -4.1567044650512078e-05 -3.6232420560135166e-07
3 40 -4.6691457332421578e-05 -8.5725165064022613e-07
3 41 -5.4873819204772446e-05 -1.1154000063851113e-06
3 42 -6.3789148790200953e-05 -1.4171686766113247e-06
3 43 -7.6791631575900428e-05 -9.9873263676349314e-07
3 44 -9.1591483036818902e-05 -6.3680072156506802e-07
3 45 -1.1470755746669126e-04 8.5856697159727635e-07
3 46 -1.3187364437420215e-04 -2.2000980046147505e-07
3 47 -1.6146831167006525e-04 -7.1939404570080483e-07
3 48 -1.9666088631191850e-04 2.9131745910890119e-06
3 49 -2.5374820154925177e-04 -1.8183943132956812e-06
3 50 -3.2045957566943296e-04 1.9219422819321561e-07
3 51 -4.1248207933778692e-04 -7.0230168216942920e-06
3 52 -5.2600187190827454e-04 -8.9643017510524940e-06
3 53 -6.4366674704215924e-04 -1.8947704379553545e-05
3 54 -7.6738642919011476e-04 -5.1878143453969590e-06
3 55 -9.2248444882793998e-04 2.6106711596748239e-06
3 56 -1.0625634523201391e-03 3.5799834734216752e-07
3 57 -1.1866843032753802e-03 1.5694915025619733e-05
3 58 -1.4096533142159663e-03 2.7525576804957128e-05
3 59 -1.6820545792122291e-03 3.3077238451677764e-05
3 60 -2.0096451357954626e-03 4.7483767921554978e-05
3 61 -2.4799929545550542e-03 1.6251549132018507e-05
3 62 -2.9951583284485959e-03 -1.9616467286283479e-05
3 63 -3.4817509734793198e-03 -3.1891337368079793e-06
3 64 -4.1353119718443906e-03 -3.0513623460920996e-05
3 65 -4.7657898294880749e-03 -8.8843754146618542e-05
3 66 -6.1043222165292725e-03 -5.3155923697849059e-05
3 67 -7.3109232737765791e-03 9.4302552296307395e-05
3 68 -8.6012792957377779e-03 -1.4207093258045627e-05
3 69 -1.0307982885034992e-02 1.5439484999747399e-04
3 70 -1.3498429942645921e-02 9.3904809120218269e-05
3 71 -2.0733630799209264e-02 1.0738536575201509e-04
4 0 -1.4283532512260751e-02 -5.4380585325169788e-04
4 1 -1.2214521311079982e-02 4.3226977005030124e-04
4 2 -7.3371919539997124e-03 -9.5932012374854494e-05
4 3 -6.0562687217342896e-03 1.1227892788001772e-04
4 4 -4.7694611180831110e-03 3.5833775126361169e-05
4 5 -3.7199037839000487e-03 -1.8755185986895829e-05
4 6 -2.9165384755534133e-03 -1.2253603091109551e-05
4 7 -2.3743669254862108e-03 -5.2077193951536048e-05
4 8 -1.9813575737547980e-03 7.7530647699523140e-06
4 9 -1.6844974589847333e-03 3.6979749704463508e-05
4 10 -1.3761380017688265e-03 6.3127476166551678e-06
4 11 -1.1337494861712184e-03 -4.4539646852377653e-06
4 12 -9.8603215788238248e-04 -1.9441287892858166e-05
4 13 -8.4430666077563372e-04 -1.2690834653167847e-06
4 14 -7.5770011717324044e-04 2.5277766355809725e-06
4 15 -6.4378971842338976e-04 -1.7842951824365632e-05
4 16 -5.4218183064324362e-04 -7.4223742368567463e-06
4 17 -4.3008688737576194e-04 -1.2161374755838757e-07
4 18 -3.3218922534241523e-04 8.8321536451592881e-06
4 19 -2.5464746463201834e-04 5.5059070279736731e-06
4 20 -2.0680421937410015e-04 -1.0843882090586103e-06
4 21 -1.8074254710332411e-04 -1.0498343804854529e-06
4 22 -1.5666843660986629e-04 -1.3751409894424494e-07
4 23 -1.3891607000228524e-04 7.8791183420191429e-07
4 24 -1.1026345052545795e-04 3.4159730141964326e-06
4 25 -8.4765847995145856e-05 1.3630779895560932e-06
4 26 -6.9927800074473859e-05 -2.4624672929377661e-07
4 27 -5.7667987822597350e-05 4.8654364576684079e-07
4 28 -5.2864974502420776e-05 4.2989698400069914e-07
4 29 -4.4777949754364674e-05 4.1734017854177494e-07
4 30 -3.8207680734629394e-05 5.6862806032482473e-07
4 31 -3.3780036623850767e-05 5.1709652415025029e-07
4 32 -2.9700673350684384e-05 2.9637515891318799e-07
4 33 -2.3269361347210661e-05 7.7990790844910559e-07
4 34 -2.0525091142855840e-05 -7.7701232342917259e-07
4 35 -1.9112890083265857e-05 -2.7355512929862155e-07
4 36 -1.9859693490527283e-05 1.4156066565084825e-08
4 37 -2.0180144833620103e-05 3.6935951680678735e-08
4 38 -2.0035415254249647e-05 5.5648904865868346e-08
4 39 -2.2701429806466695e-05 -4.8491022579413229e-07
4 40 -2.5391133432032497e-05 -1.0019447580742886e-06
4 41 -3.0115135530785812e-05 -7.7221777358003724e-07
4 42 -3.4934483548388567e-05 -1.0716669130532544e-06
4 43 -4.2411196678612488e-05 -9.9712495701870858e-07
4 44 -5.0345905201402970e-05 8.4758953882855492e-08
4 45 -6.3439523930644177e-05 3.8363251031047765e-07
4 46 -7.1316712922971044e-05 -9.6390870574121558e-07
4 47 -8.7004704854690059e-05 -2.1580850875413357e-06
4 48 -1.0553886333545482e-04 2.4167513915382389e-06
4 49 -1.3726536544732834e-04 4.9026485056556513e-07
4 50 -1.7190069565102141e-04 1.8035175326126655e-06
4 51 -2.2246304014956019e-04 -1.0090195665239865e-06
4 52 -2.8528230478719861e-04 -6.1286606818631853e-06
4 53 -3.4830514198177500e-04 -1.6747512134391106e-05
4 54 -4.1349583437052970e-04 -3.9519482703200279e-06
4 55 -5.0897063853943679e-04 -1.5344721318405418e-06
4 56 -5.9140610694754982e-04 9.6379436946588679e-06
4 57 -6.3767018606025023e-04 1.8203347467457796e-05
4 58 -7.7343996589117532e-04 1.7401679397618264e-05
4 59 -9.3262059801808384e-04 2.7020120585612471e-05
4 60 -1.1100170124312555e-03 3.1285119225942828e-05
4 61 -1.3626437605200519e-03 2.2641695067717635e-05
4 62 -1.6459433578869295e-03 -2.2404144707336274e-05
4 63 -1.9242577019499766e-03 6.7267612262510583e-06
4 64 -2.3049538299304280e-03 -4.0605853279481111e-05
4 65 -2.6636379019227560e-03 -9.9056038552787354e-05
4 66 -3.4613542901212667e-03 -4.2035584272111737e-05
4 67 -4.0116740468340174e-03 7.2929476364838193e-05
4 68 -4.7524236044591481e-03 -3.9517898146468860e-05
4 69 -5.5197173909928019e-03 2.0589905893769988e-04
4 70 -6.9142980384691959e-03 6.7581261637786986e-05
4 71 -9.5368628232715622e-03 1.5894270690962412e-04
5 0 -5.4699253854755400e-03 -9.4440482562863187e-05
5 1 -5.9431518032994684e-03 3.0320833521499152e-04
5 2 -3.6285718514878552e-03 -2.3903909449397082e-05
5 3 -3.1344810783967055e-03 4.3248658536133898e-05
5 4 -2.4254584611483557e-03 4.5944772579907729e-05
5 5 -1.9647126808880568e-03 -5.2128528116244983e-05
5 6 -1.5587433289202784e-03 -1.2511660731645303e-05
5 7 -1.2890189221408182e-03 -4.7844657271078646e-05
5 8 -1.0241280790195529e-03 2.3128554874083288e-05
5 9 -8.9239919218618048e-04 3.6243784727968361e-05
5 10 -7.1219339318839402e-04 -7.8335717346066043e-06
5 11 -6.0886169008961602e-04 -2.8553921686856950e-06
5 12 -5.2275070733153221e-04 -9.6404907206275435e-06
5 13 -4.5864620971979757e-04 6.8576398376197645e-06
5 14 -4.1143219618102719e-04 1.5528802698834946e-06
5 15 -3.4549094402790191e-04 -1.5713410887108009e-05
5 16 -2.9729960470566792e-04 -6.1527922850038316e-06
5 17 -2.2474364347951838e-04 1.6160648974660135e-06
5 18 -1.7808231698608517e-04 6.0752323321953815e-06
5 19 -1.3277959392443535e-04 1.6994927514427711e-06
5 20 -1.1020449174669922e-04 -2.3001914642406945e-06
5 21 -9.8266374394203964e-05 -1.1654875625571462e-06
5 22 -8.5093188239038215e-05 2.6536089650431829e-07
5 23 -7.4925730441418348e-05 8.2615741801601002e-07
5 24 -5.5984926004648304e-05 4.8014582623317482e-06
5 25 -4.2878472314786638e-05 7.3592368903542205e-07
5 26 -3.6724731975500458e-05 -8.0733026709772408e-07
5 27 -3.0940052517293871e-05 -5.3943361449339717e-08
5 28 -2.9707432615487015e-05 3.9159656504808672e-07
5 29 -2.4214684089584203e-05 4.5079686386744204e-07
5 30 -2.0399265599397943e-05 2.9423554377800717e-07
5 31 -1.7743866537798726e-05 1.7052982503953326e-07
5 32 -1.5273306177965327e-05 5.4594104692815061e-07
5 33 -1.1686711191854827e-05 9.2339935056817583e-07
5 34 -1.0644123894023689e-05 -8.2193500565885563e-07
5 35 -9.8981400545448412e-06 -4.0455430776834175e-07
5 36 -1.0411247264057723e-05 1.0423633346940946e-07
5 37 -1.1025979961754224e-05 5.8209359327707552e-08
5 38 -1.0467284515140504e-05 1.5590075611249807e-07
5 39 -1.1998635286356889e-05 -3.7713096034177698e-07
5 40 -1.3357152160912902e-05 -9.1032105032281051e-07
5 41 -1.5894091924928143e-05 -6.7910814512011233e-07
5 42 -1.8429615736114943e-05 -7.1541682384431132e-07
5 43 -2.2948918592216931e-05 -1.0204208747146166e-06
5 44 -2.6786120210299452e-05 6.1660248775269441e-07
5 45 -3.4139152959296446e-05 7.7492597955872127e-08
5 46 -3.6675287472054296e-05 -1.2216527767452978e-06
5 47 -4.5568421666203414e-05 -2.5063754563473010e-06
5 48 -5.4197872893037680e-05 1.5025939774972955e-06
5 49 -7.2488727575104766e-05 2.4571487452368434e-06
5 50 -9.0599751491394237e-05 3.5732791999538830e-06
5 51 -1.1438599867502147e-04 2.4970656216199331e-06
5 52 -1.4926376079769089e-04 -1.5915477366264811e-06
5 53 -1.8488317266284444e-04 -1.2598411764810181e-05
5 54 -2.1184702230628966e-04 -1.3754023309761550e-06
5 55 -2.7763638360998709e-04 -4.8315421025008293e-06
5 56 -3.2331716519198861e-04 1.5502687422033398e-05
5 57 -3.2347338385453579e-04 1.6602585785312267e-05
5 58 -4.1536687582964646e-04 8.4697418013222536e-06
5 59 -5.0661197757081772e-04 1.9427613527724944e-05
5 60 -6.0716899793089520e-04 1.8053646873894515e-05
5 61 -7.3111660936652878e-04 3.2453493548443355e-05
5 62 -8.8117512907655770e-04 -2.8926463443399068e-05
5 63 -1.0358643588273327e-03 2.8156573515916425e-05
5 64 -1.2523400265164822e-03 -3.8273832915224135e-05
5 65 -1.4608748534567725e-03 -9.4229582300900934e-05
5 66 -1.8945022230128395e-03 -4.0317500407282079e-05
5 67 -2.1457630082109126e-03 3.3199710288523031e-05
5 68 -2.5798781729726378e-03 -3.5441653594969543e-05
5 69 -2.8948270892268785e-03 2.5331347099068788e-04
5 70 -3.4280383563394150e-03 -1.9465739987798950e-05
5 71 -4.3026171330283348e-03 8.9166754748500466e-05
6 0 -2.0357333813993362e-03 1.4347288059882925e-04
6 1 -2.8363238182674152e-03 2.9548614388908193e-04
6 2 -1.7659662892336656e-03 1.9485148788343202e-05
6 3 -1.5561079253001747e-03 -2.9956417144902177e-05
6 4 -1.1909399215181446e-03 5.4320615944192841e-05
6 5 -9.8141904378332818e-04 -6.1497082356419343e-05
6 6 -8.2407437979257667e-04 1.7951713750704618e-07
6 7 -7.0784958575753978e-04 -2.8552535654008532e-05
6 8 -5.1858583314670376e-04 3.1650530423020187e-05
6 9 -4.7164173884947462e-04 4.0022351955231294e-05
6 10 -3.5592680183293415e-04 -1.3833148853100711e-05
6 11 -3.3074296703011617e-04 -4.0846198324000229e-06
6 12 -2.6728827697267301e-04 -1.2966089066801657e-06
6 13 -2.4499639459823189e-04 1.1820815361903415e-05
6 14 -2.1820407690466796e-04 3.8531289830855505e-06
6 15 -1.8151984505936371e-04 -1.2353346334715342e-05
6 16 -1.6405696630873685e-04 -5.2980292126175222e-06
6 17 -1.1089282266857846e-04 1.3018400185102493e-06
6 18 -9.4264619309004881e-05 4.3034458512827148e-06
6 19 -6.5126182775704673e-05 5.6404982349115663e-07
6 20 -5.6350246366089714e-05 -3.0867953275656417e-06
6 21 -5.2400986019195146e-05 -2.1470809633822230e-06
6 22 -4.5286793448510440e-05 -2.8529226663224254e-07
6 23 -4.0450889951197013e-05 -3.4855465953159120e-07
6 24 -2.7630390828196363e-05 5.2773407009394892e-06
6 25 -2.0971976854720608e-05 4.3262241316184162e-07
6 26 -1.8755190115768776e-05 -1.1511002131970623e-06
6 27 -1.6540963318003069e-05 -7.7176852166109759e-07
6 28 -1.6938769263353880e-05 3.7700346472172519e-07
6 29 -1.2881299383527722e-05 5.0366955258235021e-07
6 30 -1.0947042580558693e-05 2.9162773309917740e-08
6 31 -9.1505190536763324e-06 8.9744512552510771e-09
6 32 -7.5999198468991238e-06 5.8306000419665114e-07
6 33 -5.7867863463084509e-06 8.2731171640478364e-07
6 34 -5.3543044110822475e-06 -7.3291925639960947e-07
6 35 -5.1441546391543033e-06 -4.2066389870364685e-07
6 36 -5.4622586055725501e-06 9.9216654072627394e-08
6 37 -6.1564762719481554e-06 3.0708870643825097e-08
6 38 -5.2300170170540154e-06 1.3883753897508920e-07
6 39 -6.1457422340195791e-06 -1.9000447582566923e-07
6 40 -6.8539493401497490e-06 -7.9972806362145165e-07
6 41 -8.2162155838173255e-06 -6.6981689409645440e-07
6 42 -9.6268812796853670e-06 -5.3017868215393160e-07
6 43 -1.2399860686086262e-05 -8.8887512493479270e-07
6 44 -1.3906811011463777e-05 3.4722564992416764e-07
6 45 -1.8222195882908400e-05 1.9229791734181910e-07
6 46 -1.7821857386798058e-05 -8.6855922959940112e-07
6 47 -2.2967765868157971e-05 -1.9968731710313721e-06
6 48 -2.5979057593751050e-05 8.7416526233664574e-07
6 49 -3.7605296409640508e-05 3.0165793308474033e-06
6 50 -4.6221577623610689e-05 5.1169774472933041e-06
6 51 -5.6132723988593696e-05 2.4950175886069915e-06
6 52 -7.3974380230089690e-05 8.1520959880083495e-07
6 53 -9.8888222176758808e-05 -7.1004052295236536e-06
6 54 -1.0341604902767134e-04 1.4093509254013693e-06
6 55 -1.5122728431709155e-04 -8.9862747147417402e-06
6 56 -1.7690761482915256e-04 1.7005125238300647e-05
6 57 -1.5191808544721388e-04 1.6927741134070448e-05
6 58 -2.1440733014608073e-04 -4.6168324699462400e-07
6 59 -2.6995172749902466e-04 1.1911897347894280e-05
6 60 -3.2728272473781374e-04 1.1825955530939333e-05
6 61 -3.8438135968725024e-04 3.8668417131917356e-05
6 62 -4.6802370517881305e-04 -3.1098471151506386e-05
6 63 -5.5262340279899514e-04 3.6429038549650627e-05
6 64 -6.6341270863120531e-04 -2.9890651790479506e-05
6 65 -7.6743279007304114e-04 -8.1493343870795364e-05
6 66 -1.0033096795336826e-03 -3.9628968825179818e-05
6 67 -1.1330509529943579e-03 2.6071524601588215e-05
6 68 -1.3749745107169179e-03 -7.4266724702795876e-06
6 69 -1.4948479352729555e-03 2.4594508196414762e-04
6 70 -1.6745292685371744e-03 -7.0070518670154350e-05
6 71 -1.9219365689009697e-03 8.3637313065316468e-05
7 0 -8.7235745712506646e-04 1.5938914591133200e-04
7 1 -1.3965063583299899e-03 1.7956286991391586e-04
7 2 -8.2663840970598874e-04 -1.7157935268050176e-05
7 3 -7.3407552174434125e-04 -1.0537401866928465e-04
7 4 -5.8211498380149763e-04 5.9412708929373748e-05
7 5 -4.6399353592401263e-04 -5.9071451527934539e-05
7 6 -4.3368877683303757e-04 1.2971225593740455e-05
7 7 -4.0187598006532371e-04 -2.9619572980732660e-05
7 8 -2.5804185015195494e-04 1.8468318730633358e-05
7 9 -2.5506430833342487e-04 4.1553936985361112e-05
7 10 -1.7483097467325159e-04 -1.9318899429549818e-05
7 11 -1.8172785338630128e-04 -3.7883007878890875e-06
7 12 -1.2844239100338916e-04 2.7548477260402230e-06
7 13 -1.2929090355363028e-04 1.6506851626345389e-05
7 14 -1.1133405364321032e-04 6.0972447040976030e-06
7 15 -9.6948075315519860e-05 -1.0458419312376444e-05
7 16 -8.9259648108351512e-05 -4.3598381846820942e-06
7 17 -5.1325472295204133e-05 8.3511361794544601e-07
7 18 -5.1069523347068476e-05 3.3363669722262908e-06
7 19 -3.0938065424097530e-05 -7.8383179796806607e-07
7 20 -2.7211658114478835e-05 -1.9397462920879343e-06
7 21 -2.7981118979322056e-05 -2.9048167278816736e-06
7 22 -2.3456875429905688e-05 -1.5261761222187665e-06
7 23 -2.1772668155463758e-05 -1.8870141766640542e-06
7 24 -1.3659049870931058e-05 4.1886731081270038e-06
7 25 -1.0310858013640922e-05 9.1035728008280810e-07
7 26 -9.6879120965036245e-06 -9.8665494633323997e-07
7 27 -8.8404190267029233e-06 -1.2304708693783753e-06
7 28 -1.0162759858322904e-05 6.6190527123048976e-07
7 29 -6.7479504205544540e-06 5.4681228226181934e-07
7 30 -5.8460321716284260e-06 -2.3320055276825080e-07
7 31 -4.4798360124963347e-06 -5.7831810617783146e-08
7 32 -3.6862997132605747e-06 5.0075717102199586e-07
7 33 -2.9496986439725596e-06 5.6230541188645125e-07
7 34 -2.6522173524184657e-06 -6.4954834910235401e-07
7 35 -2.7653277072512141e-06 -3.6095992977009332e-07
7 36 -2.8140690409278494e-06 1.1285739712637955e-07
7 37 -3.6476037271210737e-06 -5.9331736770420538e-09
7 38 -2.5385166550776321e-06 9.4048304939777259e-08
7 39 -2.9495686779604145e-06 -1.7508745824571600e-07
7 40 -3.3964522847483605e-06 -6.8259301890856461e-07
7 41 -4.1797177223573315e-06 -5.1771914314945549e-07
7 42 -5.2568181871097960e-06 -6.8113455078697175e-07
7 43 -6.8581397798338413e-06 -6.4439173259279145e-07
7 44 -7.0529340897982491e-06 -1.0920935574056645e-07
7 45 -9.6056544957465808e-06 4.3462323709395184e-07
7 46 -7.9763254271656815e-06 -5.5620179713533927e-07
7 47 -1.1517660098644671e-05 -1.0697557020463763e-06
7 48 -1.1283285955860530e-05 5.8598096953662923e-07
7 49 -1.8962346987097233e-05 2.9337254522771038e-06
7 50 -2.2024166500781700e-05 4.8641573340913385e-06
7 51 -2.7263202444703772e-05 1.8829339348442003e-06
7 52 -3.3723792774412878e-05 8.7392231059273549e-07
7 53 -5.3476633502935793e-05 -3.2371380891986350e-06
7 54 -4.9407112784513394e-05 4.0835406196712821e-06
7 55 -8.0326276891580278e-05 -1.3635575507770023e-05
7 56 -9.5562095486006272e-05 2.0285251045945337e-05
7 57 -6.4744728662761574e-05 2.0219596857034642e-05
7 58 -1.0465846721883082e-04 -2.5112965574071189e-06
7 59 -1.3608787428983577e-04 8.1362006106376138e-06
7 60 -1.7442834969706516e-04 4.2066625174940178e-06
7 61 -2.0230693518102704e-04 3.3095539747169269e-05
7 62 -2.5121748530622829e-04 -1.6104784446133922e-05
7 63 -2.9811486612822148e-04 3.8444820044871987e-05
7 64 -3.3801895541833563e-04 -2.8866788510030108e-05
7 65 -3.8701657694309823e-04 -6.2614269681873791e-05
7 66 -5.1053651554161267e-04 -4.0636568748377227e-05
7 67 -6.0217404666329391e-04 3.9325976988953768e-05
7 68 -7.2324879791720335e-04 2.4755791293576073e-05
7 69 -7.2716393361804774e-04 1.9902222129966537e-04
7 70 -7.7984403487384461e-04 -7.2288892965825777e-05
7 71 -8.5493263945146214e-04 1.3728017281820339e-04
8 0 -4.7142894507076999e-04 1.8059142929599588e-04
8 1 -6.3551029083450269e-04 9.3689846531455357e-05
8 2 -3.7357883962859420e-04 -2.3843954511496083e-05
8 3 -3.3491014142901976e-04 -1.5540251772621323e-04
8 4 -3.0128800863881241e-04 7.1442945102899544e-05
8 5 -2.2585391567986126e-04 -5.2469125909306922e-05
8 6 -2.2633924032561717e-04 2.3607112505998908e-05
8 7 -2.4235963360392035e-04 -3.9123997911774005e-05
8 8 -1.3220519051335435e-04 -6.0150216526172526e-06
8 9 -1.4415802222979965e-04 3.4423945751525684e-05
8 10 -8.0572449674859632e-05 -1.6523351036937976e-05
8 11 -9.9198808065849349e-05 -3.4893575763684194e-06
8 12 -5.3542720727601159e-05 3.3354629183141756e-06
8 13 -6.9614269495620699e-05 2.0445308272013265e-05
8 14 -5.3397065237269949e-05 1.6109695007863176e-06
8 15 -5.5877763754828526e-05 -8.5834120977196375e-06
8 16 -4.6901273622563786e-05 -5.5332431776120195e-06
8 17 -2.3663891351711462e-05 1.0873037615729241e-06
8 18 -2.8649754467217857e-05 1.5939284676301816e-06
8 19 -1.4602323912605442e-05 -2.3166155230759192e-06
8 20 -1.2419522391717405e-05 -8.5806620470531248e-07
8 21 -1.6327578874100758e-05 -2.6044678650587574e-06
8 22 -1.1423143214266144e-05 -3.0502955441581353e-06
8 23 -1.1938948302353316e-05 -3.4432644402781244e-06
8 24 -6.6510554552692959e-06 3.2033992859095757e-06
8 25 -5.3352139921653138e-06 8.8419351946975445e-07
8 26 -5.3373137298159518e-06 -3.5787172888826761e-07
8 27 -4.5793775175718059e-06 -1.0640427042039029e-06
8 28 -6.3543815387586978e-06 8.5322133991269870e-07
8 29 -3.5755761244481608e-06 4.3743313624442413e-07
8 30 -3.1218247181133449e-06 -3.9204987103902734e-07
8 31 -1.9703771064185808e-06 -1.6676847443526546e-07
8 32 -1.7262859628533702e-06 4.5008754338335299e-07
8 33 -1.4193326144685259e-06 3.1051349574639010e-07
8 34 -1.3028204033174381e-06 -5.6513275528294682e-07
8 35 -1.4366554397038202e-06 -3.3354680882243758e-07
8 36 -1.3302552757998207e-06 1.8987300357941651e-08
8 37 -2.2728717588762354e-06 -3.3802304930582184e-08
8 38 -1.2411787844837253e-06 1.5838723670199606e-07
8 39 -1.3871235541895902e-06 -1.6135029809127150e-07
8 40 -1.5340988128898625e-06 -6.6196169282635658e-07
8 41 -2.1314470474013506e-06 -3.1041959824742861e-07
8 42 -2.9193361393320450e-06 -5.4569726311094633e-07
8 43 -3.9171468244891376e-06 -4.1088313217406883e-07
8 44 -3.3608157895572961e-06 -4.9728967156432225e-07
8 45 -5.0173743967196793e-06 7.8495786043722975e-07
8 46 -3.5605500470608788e-06 -3.7242063858892214e-07
8 47 -5.6766971632716657e-06 -3.4423299636816384e-07
8 48 -4.2581703622770408e-06 2.8262374010989219e-07
8 49 -9.1190996326449233e-06 1.7728625150191130e-06
8 50 -9.5851962477476148e-06 3.2192592424523042e-06
8 51 -1.2458147052158905e-05 1.1963773922161753e-06
8 52 -1.3604417108415477e-05 -5.1704927538617217e-07
8 53 -2.9439342820142829e-05 -1.2603952424547690e-06
8 54 -2.4875344403616745e-05 4.7207195938394306e-06
8 55 -4.2935562144929152e-05 -1.4137913477972608e-05
8 56 -5.1234927014419564e-05 1.7501623076870329e-05
8 57 -2.5188128342815047e-05 2.2170209873716828e-05
8 58 -5.0047826393395152e-05 6.8324462812492537e-07
8 59 -6.5804184666175128e-05 9.8477677997440318e-06
8 60 -9.0540380288218664e-05 8.4360912210463495e-07
8 61 -9.8115603493122749e-05 2.4224231936754752e-05
8 62 -1.2940180356708374e-04 1.9183304483026477e-06
8 63 -1.6055505929905758e-04 2.9590117289716476e-05
8 64 -1.6548721654611540e-04 -2.6136958747997837e-05
8 65 -1.9704338139808362e-04 -4.5006836506498566e-05
8 66 -2.4481887223178447e-04 -4.0027598837501744e-05
8 67 -3.3511433507125125e-04 5.0761997443067591e-05
8 68 -4.0294786033858641e-04 4.6503246757938069e-05
8 69 -3.0833611574350813e-04 1.4434839584364441e-04
8 70 -3.1319387770058812e-04 -6.7268524112722711e-05
8 71 -4.3862033531495785e-04 1.2516676393848177e-04
9 0 -3.1502969992635899e-04 2.8875930129646600e-05
9 1 -2.5263918359986202e-04 6.7990605476653913e-05
9 2 -1.6840534964292361e-04 -2.1568395041961214e-05
9 3 -1.5640743282964475e-04 -1.6290080096178949e-04
9 4 -1.6112732345571968e-04 8.5790955916519366e-05
9 5 -1.0778999134762439e-04 -4.5904758220778792e-05
9 6 -1.0786745378390660e-04 3.5513004528515180e-05
9 7 -1.3986322348098049e-04 -3.2357964257779196e-05
9 8 -7.0246466734561228e-05 -3.0230300388090768e-05
9 9 -8.6848587629960431e-05 2.8761396551582263e-05
9 10 -2.9404942688034030e-05 -5.1949738963635156e-06
9 11 -5.4460683762463211e-05 -7.2229044148335677e-06
9 12 -1.7157641566298976e-05 9.3107260664696812e-07
9 13 -3.5244048286324365e-05 2.2308381112446595e-05
9 14 -2.5303146731478003e-05 -4.8086063949050650e-06
9 15 -3.3074365256637946e-05 -5.7759865375111997e-06
9 16 -2.5196963777453014e-05 -6.9853372409755434e-06
9 17 -1.0394836971047249e-05 1.9285318021601011e-07
9 18 -1.7098045697922620e-05 -3.1264256482656652e-07
9 19 -8.1684028069462610e-06 -3.5246284552521389e-06
9 20 -6.3961673197103951e-06 -8.6829670050132069e-07
9 21 -1.0092990160660863e-05 -1.9828715892376294e-06
9 22 -4.4356067171709626e-06 -4.4337378727809133e-06
9 23 -7.2642670284103725e-06 -3.9187879828917049e-06
9 24 -2.9370660831998385e-06 2.8274232041818416e-06
9 25 -3.1271117425241407e-06 7.2749030242011605e-07
9 26 -3.1640581067693594e-06 2.4642519391037296e-07
9 27 -2.1604471530063637e-06 -6.2990468281317422e-07
9 28 -4.1583887428214753e-06 7.7894145467325100e-07
9 29 -1.9324502627685841e-06 4.1637946361879397e-07
9 30 -1.5966982323635900e-06 -2.6881225155763995e-07
9 31 -5.9678082806207795e-07 -2.7070489169382265e-07
9 32 -8.3946505389351837e-07 4.4228266725241201e-07
9 33 -4.2702628064340446e-07 1.2802854261952122e-07
9 34 -5.7580150550480857e-07 -3.7898880205229680e-07
9 35 -7.2115617963972072e-07 -2.7457246260589419e-07
9 36 -5.1985071986413587e-07 3.9325978462551845e-08
9 37 -1.4802022958225649e-06 -5.1097466088897577e-08
9 38 -6.8558783077055154e-07 1.5604784133491535e-07
9 39 -5.3269378882483488e-07 -1.6451006986070284e-07
9 40 -7.0055157351324648e-07 -5.5096745564421694e-07
9 41 -1.1084952013636921e-06 -1.4132101649981977e-07
9 42 -1.4905018990649382e-06 -1.6829639156574363e-07
9 43 -2.4884406353453585e-06 -1.7769467465217536e-07
9 44 -1.2979996319864734e-06 -6.4283391014387944e-07
9 45 -2.5905565565763434e-06 1.0719712630253821e-06
9 46 -1.9268160644087537e-06 -5.0257799649003733e-07
9 47 -3.1040494608694536e-06 2.3855864247687175e-07
9 48 -1.1985651169310115e-06 1.8597260106798644e-07
9 49 -4.3043293978295377e-06 4.1397208572319545e-07
9 50 -3.2845493987260914e-06 8.1851566555328388e-07
9 51 -5.5842841723078582e-06 -6.8928152250013321e-09
9 52 -4.6035829920982706e-06 -1.1669745175742845e-06
9 53 -1.5946765047863181e-05 1.7448181707371993e-06
9 54 -1.3534480909743371e-05 4.4306654238146503e-06
9 55 -2.1239707151102602e-05 -1.0944926364180605e-05
9 56 -2.1636306072335141e-05 1.0525965585575049e-05
9 57 -8.6888225290749468e-06 2.2808231177648004e-05
9 58 -2.3587471092834338e-05 8.4648620102973680e-06
9 59 -3.4844613879267298e-05 1.5486228306202777e-05
9 60 -4.4829048929185635e-05 5.2194864672501219e-06
9 61 -3.8151499937645963e-05 1.5904978980836459e-05
9 62 -6.8328392950819345e-05 1.0885952242375440e-05
9 63 -9.0223165782782609e-05 1.6667075115296336e-05
9 64 -7.8668123015941671e-05 -2.3356882949358394e-05
9 65 -1.1104749388173069e-04 -4.3353536508916337e-05
9 66 -1.2539719964491179e-04 -3.5772726815204094e-05
9 67 -2.1978740001450542e-04 4.2360522457314981e-05
9 68 -2.5518939445751544e-04 4.3636009475585695e-05
9 69 -7.3496817836089096e-05 8.9390670993775228e-05
9 70 -9.7070631548491066e-05 -5.8222802441545739e-05
9 71 -2.6180381299673196e-04 1.0009778318846402e-04
10 0 -1.4006468793618604e-04 1.9582945303405350e-05
10 1 -8.2874851898881373e-05 4.3331623693371094e-05
10 2 -6.0317879348582867e-05 -3.2556091292504614e-05
10 3 -6.1345532815709606e-05 -1.1319233804214541e-04
10 4 -9.2655157188111919e-05 1.0151267119640350e-04
10 5 -2.5062493187372250e-05 -4.8188981065353441e-05
10 6 -3.3137663531237169e-05 3.5678186192004969e-05
10 7 -9.2369206284584313e-05 -2.5041799561439426e-05
10 8 -4.5531468809523227e-05 -3.5548813152012507e-05
10 9 -5.7652738908121046e-05 2.6581471158527261e-05
10 10 -6.5597028010542935e-06 4.6693565157536819e-06
10 11 -3.3805639323062310e-05 -7.8760694248283795e-06
10 12 2.6707040469948848e-06 -7.0782375925377984e-06
10 13 -1.2932707385356220e-05 2.4758257236026024e-05
10 14 -1.6240594007127279e-05 -1.0706350867738754e-05
10 15 -2.0633535948502718e-05 -3.3505665264856841e-06
10 16 -1.5315829703443918e-05 -6.2049034560373824e-06
10 17 -5.0378779457396872e-06 2.2760054512052372e-06
10 18 -1.0723929760532147e-05 -3.9530479524494099e-07
10 19 -6.2652703456998342e-06 -2.1985462458987474e-06
10 20 -4.1597701662317295e-06 -4.7540763498919386e-07
10 21 -6.5537740691584906e-06 -1.4549498571686419e-06
10 22 -1.4827463229935380e-06 -4.4989702025500697e-06
10 23 -4.4386071031244912e-06 -3.6222443231884125e-06
10 24 -6.5556008527483050e-07 2.4700349605665111e-06
10 25 -1.7978566422733206e-06 6.8385937310361313e-07
10 26 -2.0114524384982754e-06 6.0281131966460540e-07
10 27 -7.1208118250146622e-07 -1.1123231668004052e-07
10 28 -2.8948059930830146e-06 8.4598776527318455e-07
10 29 -1.1180550160852988e-06 2.8382905297195683e-07
10 30 -7.1641019932556334e-07 -7.5945249579515219e-08
10 31 8.7055297829286098e-08 -2.6638032258824271e-07
10 32 -4.7964465628909915e-07 4.9089484424843981e-07
10 33 6.9251163328539528e-08 -3.9452147241232580e-08
10 34 -1.7145242932175249e-07 -1.0164845366273224e-07
10 35 -3.6489279526374060e-07 -2.7639470156799129e-07
10 36 -8.4516429271105370e-08 6.1896824597972688e-08
10 37 -1.1232057924966094e-06 -4.2292806803535077e-08
10 38 -5.1771145733276609e-07 9.4868775509450314e-09
10 39 -5.4350323267123990e-08 -1.9634192187215230e-07
10 40 -3.9582803044822301e-07 -3.8763540028886988e-07
10 41 -7.1009320920433412e-07 -2.9192847448288670e-08
10 42 -6.3336671833259238e-07 1.6370096982947382e-08
10 43 -1.8471781236958835e-06 -4.7381431955042143e-08
10 44 -4.0889932798089487e-08 -5.7498276409681031e-07
10 45 -1.0830898544816565e-06 1.3154686034001463e-06
10 46 -1.1674168578384293e-06 -8.1480736570714508e-07
10 47 -1.5138458034440291e-06 6.5061736376392774e-08
10 48 -2.2319689424288333e-08 8.6675232693286817e-07
10 49 -1.9303691284829613e-06 -2.3351149527278619e-07
10 50 -6.3650013375230070e-07 -6.2187331306175727e-07
10 51 -3.7769477086015730e-06 -5.4315335190370890e-07
10 52 -1.3208755732587782e-06 -1.3545371382926913e-06
10 53 -1.0468653005167696e-05 3.2408302961541945e-06
10 54 -1.2008621142479505e-05 5.2321101484813470e-06
10 55 -1.0772617410812725e-05 -4.3990924967738229e-06
10 56 -2.9838177359250152e-06 3.8312134318708676e-06
10 57 -2.4125342865147125e-06 1.9814614768362262e-05
10 58 -1.2766771665592454e-05 1.3047090524699005e-05
10 59 -1.5823389262077938e-05 1.6593529922231505e-05
10 60 -2.0429797098483986e-05 6.7205906680245099e-06
10 61 -1.4474337866431204e-05 1.4764944629894440e-05
10 62 -2.7304169246004687e-05 6.1131512591945309e-06
10 63 -7.0765837690796223e-05 9.4639002994532224e-06
10 64 -4.1801063582688643e-05 -1.9954944603520165e-05
10 65 -6.7112101864001111e-05 -5.0888534526632847e-05
10 66 -7.8390140150434200e-05 -3.0762655320150088e-05
10 67 -1.6440487413150161e-04 1.5093773247228838e-05
10 68 -1.7018137430999168e-04 -5.3878400427021925e-06
10 69 4.2986311631293746e-05 3.7045283980585638e-05
10 70 -3.4122762929649065e-05 -5.5591694364247934e-05
10 71 -1.7760655738125356e-04 1.0305363360057307e-04
