0 0 -1.1572797342857861e+00 -7.1705779201223847e-20
0 1 -1.5706331291798878e-01 2.5459710684140724e-20
0 2 -6.1285964589739464e-02 1.3687917853358290e-20
0 3 -3.5660907227246873e-02 -4.0429980567504521e-21
0 4 -2.6980771638932397e-02 -2.8707589678207415e-21
0 5 -2.0760476576256008e-02 2.0116443425058268e-22
0 6 -1.5673402836021633e-02 -4.0265730722071828e-22
0 7 -1.2999246023565690e-02 -4.5480165331473502e-22
0 8 -1.0583149427519841e-02 -3.1321814835620735e-22
0 9 -8.5326008204752550e-03 -1.0921614833173826e-22
0 10 -6.8244819939040488e-03 -2.7203861981083163e-22
0 11 -5.5383935475836581e-03 -1.2617198533940037e-23
0 12 -4.5528153843087133e-03 -5.6496151751127288e-23
0 13 -3.8139058378063497e-03 -1.0241060822487679e-22
0 14 -3.2554334367174307e-03 2.4830749867265080e-23
0 15 -2.7355041553929114e-03 4.4733966398259798e-24
0 16 -2.1038419800355722e-03 3.7409456187386004e-23
0 17 -1.6555015131672561e-03 -5.1272743027844496e-23
0 18 -1.3886779047181453e-03 5.1179054620872491e-23
0 19 -1.1751008531319005e-03 -2.9613324619316213e-23
0 20 -1.0347013796730168e-03 4.0119529564819066e-23
0 21 -9.1417056278751284e-04 3.6919059417367006e-23
0 22 -7.7901639084428402e-04 5.1497485860049094e-23
0 23 -6.6724720033656249e-04 -6.8036923332373387e-24
0 24 -5.7007742147866327e-04 -6.7787288961525201e-24
0 25 -4.9242814124099063e-04 -1.7344195292682907e-24
0 26 -4.3772177858062995e-04 1.2949594027153610e-23
0 27 -3.9460161087502885e-04 2.6883396030208884e-23
0 28 -3.7464333544730120e-04 -1.1248849730732549e-23
0 29 -3.6644079840538927e-04 -1.8545128108956878e-23
0 30 -3.5779290959215941e-04 9.4177923233317420e-25
0 31 -3.4133475441473868e-04 -8.8193306019959942e-24
0 32 -3.1204839131026625e-04 4.9486916785228690e-24
0 33 -2.8817566767313336e-04 -2.8400268964514911e-23
0 34 -2.7535140815672236e-04 2.8009493619148267e-25
0 35 -2.6558711396539839e-04 1.1021059240377305e-23
0 36 -2.6789795877601010e-04 -2.7613828519788344e-25
0 37 -2.8392882582109209e-04 1.1597340817591577e-23
0 38 -3.0451211226836317e-04 -9.6159940998455638e-24
0 39 -3.2760502842529827e-04 -2.8549111008463305e-24
0 40 -3.4725853351024399e-04 4.0782886393420079e-24
0 41 -3.5391288390546055e-04 7.3084530730605240e-24
0 42 -3.4315970594386397e-04 3.6517566729322489e-24
0 43 -3.4682906786117284e-04 6.4423297720569561e-24
0 44 -3.9229067980568657e-04 -1.7445117861984429e-23
0 45 -4.7515401304776576e-04 2.9236958668387101e-23
0 46 -5.7628192691703954e-04 2.9780544045834854e-24
0 47 -6.6367208665050071e-04 -4.5039436732383677e-23
0 48 -7.3450170933128157e-04 -4.4793038704919255e-23
0 49 -8.3480393198357957e-04 3.0068830162156424e-23
0 50 -1.0049943483987213e-03 -2.9237650706586855e-23
0 51 -1.2225347916341540e-03 2.0460057197694988e-23
0 52 -1.5337393031909119e-03 -8.1786383727216630e-24
0 53 -1.9593159284181298e-03 -4.9991357456112775e-24
0 54 -2.3486673754526915e-03 -1.3505351541449113e-23
0 55 -2.7429316563382469e-03 7.5048737804199030e-23
0 56 -3.1706534531045056e-03 5.8401519117247312e-23
0 57 -3.8323456689021520e-03 2.2714590630528851e-22
0 58 -4.5269768492586524e-03 4.4136472761041754e-22
0 59 -5.1390330625575740e-03 -3.3648606796866251e-22
0 60 -5.7277720954158904e-03 -3.3156472294269010e-22
0 61 -6.6160877701494326e-03 -1.8526750436733434e-22
0 62 -7.5462599329575945e-03 1.1156998607629212e-22
0 63 -8.7967432775622294e-03 -1.4886501405767586e-22
0 64 -1.0225216172653434e-02 7.5071436160630273e-22
0 65 -1.1638981496661835e-02 -5.1057093868096363e-23
0 66 -1.4107724749384548e-02 -1.2324060998667998e-23
0 67 -1.8042628433401917e-02 2.1220791684494889e-22
0 68 -2.3936839737739420e-02 -1.5601563769987870e-21
0 69 -3.1857921569489925e-02 8.6950295348887294e-22
0 70 -5.3413428756602183e-02 -6.4485037638419157e-21
0 71 -1.4612320449193625e-01 -1.5654560808964247e-19
1 0 -3.4070827555033650e-01 8.3383860277437083e-04
1 1 -9.5350418427635447e-02 1.1144769944308798e-03
1 2 -4.3342084480212935e-02 2.2543487534656178e-04
1 3 -2.6538652917733014e-02 9.4303652578672288e-06
1 4 -2.0345304570350539e-02 5.7394299394670696e-05
1 5 -1.5834502370814792e-02 -2.8108178855843966e-05
1 6 -1.1995484305922349e-02 -9.5078727740749630e-06
1 7 -9.9543312209291364e-03 -1.9683527773112967e-05
1 8 -8.0852107765308889e-03 -2.1423533851806509e-05
1 9 -6.5092576981299185e-03 -4.3791960880563682e-05
1 10 -5.1952044026175757e-03 -2.9743119573309434e-05
1 11 -4.2037004666186191e-03 -4.5594824009329270e-06
1 12 -3.4706250517693863e-03 -2.1719325640889269e-06
1 13 -2.9139251024362395e-03 -2.6478261995295097e-06
1 14 -2.4879804782095049e-03 -8.7808599349979160e-07
1 15 -2.0906150406725570e-03 -2.3987867836832844e-07
1 16 -1.6041873229512746e-03 4.4274127152653668e-06
1 17 -1.2598307498876361e-03 6.5139192912427141e-06
1 18 -1.0563673226252346e-03 -1.9843800606066540e-06
1 19 -8.9800778570893491e-04 -4.5969468009875869e-07
1 20 -7.9331325690303565e-04 1.7512199244580618e-06
1 21 -6.9845610496928833e-04 5.9252774681313024e-07
1 22 -5.9512274800927454e-04 1.9923656595625436e-06
1 23 -5.1152806037236241e-04 8.0007486518352658e-07
1 24 -4.3640865491594044e-04 -1.5694358328003065e-06
1 25 -3.7816890708846843e-04 -6.1381544191700799e-07
1 26 -3.3510047649833142e-04 -8.0568095732612624e-07
1 27 -3.0069646639390032e-04 -8.8306177954778427e-07
1 28 -2.8560777678167881e-04 -1.3701793977746861e-06
1 29 -2.8123585497650405e-04 -1.1785382756317774e-06
1 30 -2.7429037314370718e-04 -7.9367945204134913e-08
1 31 -2.6101113816202426e-04 1.1647430918602701e-06
1 32 -2.3804120123807997e-04 1.0467887420587770e-06
1 33 -2.2040742414581845e-04 3.4285823713321478e-07
1 34 -2.1026029518357120e-04 -1.2693951733205239e-07
1 35 -2.0179120366532868e-04 2.1180807186799914e-07
1 36 -2.0393215358256817e-04 6.8773012343819376e-08
1 37 -2.1578062311018882e-04 -3.4211781448611714e-07
1 38 -2.3123428411548179e-04 -7.8402158936171779e-07
1 39 -2.5034587902858187e-04 -1.0381174113274409e-06
1 40 -2.6614206647597102e-04 -8.0257269368381657e-07
1 41 -2.7147371756208646e-04 -7.8853886249181181e-08
1 42 -2.6332634092937889e-04 1.2812366106743396e-06
1 43 -2.6555951020701272e-04 1.0199581358585988e-06
1 44 -3.0103526847826176e-04 6.5621936321765380e-07
1 45 -3.6396329382486605e-04 -1.6868393890976347e-06
1 46 -4.4083509783754388e-04 5.6183173027876053e-08
1 47 -5.0941311085015654e-04 -4.6138598773842049e-07
1 48 -5.6275003568746057e-04 -5.8291588542993008e-07
1 49 -6.3781345387130012e-04 -5.2609124686323895e-06
1 50 -7.6693749579742501e-04 -3.7671414150686341e-06
1 51 -9.3284827742750708e-04 -1.2338579676725760e-06
1 52 -1.1728069570864279e-03 -6.5530452938000697e-06
1 53 -1.4983911530478094e-03 -4.2437262488813937e-06
1 54 -1.7979096566153798e-03 2.5979603246205228e-06
1 55 -2.0992954696354691e-03 7.6170538904069575e-06
1 56 -2.4227586305220626e-03 3.7727548474447269e-06
1 57 -2.9191030264767428e-03 6.4741206973350011e-06
1 58 -3.4479701920720591e-03 1.6521612743948300e-05
1 59 -3.9197224076371910e-03 -8.3907728113960802e-06
1 60 -4.3823803296704341e-03 -3.9206705907059285e-07
1 61 -5.0622480103002963e-03 -5.0240570757644016e-06
1 62 -5.7802605079412678e-03 3.6125272758445872e-05
1 63 -6.7302643470587651e-03 1.1651679348065597e-05
1 64 -7.8128925735667341e-03 -2.2364993913797027e-05
1 65 -8.9011682873758116e-03 1.4309659902108153e-05
1 66 -1.0790656885513356e-02 -3.5640838785686213e-06
1 67 -1.3707246854665902e-02 1.4785634555336460e-06
1 68 -1.8141243817802476e-02 -2.9045042142472092e-05
1 69 -2.3943919124323663e-02 3.2813506583891656e-05
1 70 -3.7756363438292723e-02 3.5953525185233686e-04
1 71 -8.4614183820377525e-02 3.3780987747545997e-04
2 0 -1.0794073941754377e-01 7.7818404821342513e-04
2 1 -4.5862012912883741e-02 1.8637826803816083e-03
2 2 -2.4178788828253313e-02 3.5758097251673835e-05
2 3 -1.5873549584894505e-02 3.2584862450006368e-05
2 4 -1.2339094457111021e-02 6.3847166437460209e-05
2 5 -9.7494302536745639e-03 -4.6809570904585940e-05
2 6 -7.4352833303410540e-03 -1.8732563719476107e-05
2 7 -6.1942986962668428e-03 -4.6054278634006408e-05
2 8 -4.9851978274513169e-03 -2.5091725504878868e-05
2 9 -4.0207967062022131e-03 -6.0213809350636262e-05
2 10 -3.1815409835752977e-03 -4.3655495477681380e-05
2 11 -2.5789793529407568e-03 -6.7078734242590158e-06
2 12 -2.1467188239102006e-03 -1.7364696208393545e-07
2 13 -1.8062328052665679e-03 -5.4547209504632131e-06
2 14 -1.5445959942092058e-03 6.9221180514254692e-07
2 15 -1.2924880367001328e-03 3.8205572335468882e-06
2 16 -9.8883219626914464e-04 9.0820420127901436e-06
2 17 -7.7465599092364638e-04 9.5309478712870741e-06
2 18 -6.4995043945031213e-04 -4.0536063846805468e-06
2 19 -5.5873260251886774e-04 -4.7377116602641752e-08
2 20 -4.9454865540685968e-04 2.6579644708832049e-06
2 21 -4.3369969062735788e-04 2.1695606265989159e-06
2 22 -3.6851606987591673e-04 2.0312952726595534e-06
2 23 -3.1848019247717737e-04 1.3974665926642584e-06
2 24 -2.7137363764736513e-04 -2.9102053668093030e-06
2 25 -2.3699728051758035e-04 -9.7806280384046936e-07
2 26 -2.0886288169853673e-04 -1.1499265216560727e-06
2 27 -1.8526796369923519e-04 -1.6115840522750616e-06
2 28 -1.7701231277599463e-04 -1.7027767383705931e-06
2 29 -1.7661792912386273e-04 -1.7801128863009164e-06
2 30 -1.7143128120737631e-04 -3.6068726738009859e-07
2 31 -1.6166117316473240e-04 1.5338036236703719e-06
2 32 -1.4709634399268570e-04 1.3183190084893414e-06
2 33 -1.3689887952933818e-04 1.2086023878204518e-06
2 34 -1.2991041177256936e-04 -3.3581090502686676e-07
2 35 -1.2367773786171727e-04 3.9497510110732799e-07
2 36 -1.2539842923076411e-04 4.1666217702075504e-07
2 37 -1.3222473807709064e-04 -8.0168207394228727e-07
2 38 -1.4152113250871714e-04 -1.2256511180813998e-06
2 39 -1.5592123717456306e-04 -1.5686884595013097e-06
2 40 -1.6612686798311580e-04 -9.7456953906977486e-07
2 41 -1.6953645543066930e-04 -2.5968707906236308e-07
2 42 -1.6493595177603017e-04 1.8541831137191915e-06
2 43 -1.6584832128297092e-04 1.2226795081117615e-06
2 44 -1.8862566571336807e-04 9.2677880239747914e-07
2 45 -2.2709570879800352e-04 -2.2761827257005829e-06
2 46 -2.7299449501715458e-04 -5.5940754572100307e-07
2 47 -3.1802698083639432e-04 -1.6194368007614360e-06
2 48 -3.5108896838781129e-04 2.5725261618067664e-07
2 49 -3.9585593938839067e-04 -7.1558204869009290e-06
2 50 -4.7390736156106779e-04 -5.9854905253738041e-06
2 51 -5.7603553642327529e-04 -3.2695788198213619e-06
2 52 -7.2844033101517427e-04 -7.5386577538865469e-06
2 53 -9.3074203485057590e-04 -4.1585439320315797e-06
2 54 -1.1175252605701378e-03 2.8052133838998499e-06
2 55 -1.3020292678625682e-03 7.1076825917024722e-06
2 56 -1.5011231890281859e-03 5.8872937761570329e-06
2 57 -1.7916057384458834e-03 -1.5427170661169059e-06
2 58 -2.1195699945838939e-03 2.0799136760854159e-05
2 59 -2.4197628978450529e-03 -8.5375005787238508e-06
2 60 -2.7291426269658837e-03 2.9802769306960919e-07
2 61 -3.1429315758060221e-03 -5.3108624902543330e-06
2 62 -3.5995549814753377e-03 3.8728481530484106e-05
2 63 -4.1917997824670889e-03 1.2942297913233512e-05
2 64 -4.8426425190648721e-03 -2.0068183408468590e-05
2 65 -5.5346862133518705e-03 2.4719868281276016e-05
2 66 -6.6632885476587082e-03 -9.1063561881066504e-06
2 67 -8.3711023193408854e-03 1.0426376757961576e-05
2 68 -1.1041778274911273e-02 -7.7380351232981559e-08
2 69 -1.4471708741638249e-02 1.1695199001717398e-05
2 70 -2.1216287796196727e-02 4.0963998694748820e-04
2 71 -4.0790229248030996e-02 5.4359910618033804e-04
3 0 -3.6235767720922067e-02 4.3612639021703371e-04
3 1 -2.1095717083882908e-02 1.2281733563090521e-03
3 2 -1.2619874059273327e-02 -1.9659068026092028e-04
3 3 -8.7486798615726228e-03 1.6679830290728095e-05
3 4 -6.8554040776212452e-03 3.4265786275592952e-05
3 5 -5.5192069167789050e-03 -4.3830541821414746e-05
3 6 -4.2408910931280496e-03 -2.2729982201155612e-05
3 7 -3.5530534493085483e-03 -4.7677981759536004e-05
3 8 -2.8167730109634006e-03 -3.1259598483499121e-05
3 9 -2.3143182818953609e-03 -5.1426987988194415e-05
3 10 -1.7961821675019115e-03 -4.3997148122274299e-05
3 11 -1.4636492119110410e-03 -5.7331426485596202e-06
3 12 -1.2257607643374930e-03 3.2373865286345623e-06
3 13 -1.0354763816400128e-03 -6.7331466181478194e-06
3 14 -8.8843171939752459e-04 -2.7056031970562087e-06
3 15 -7.3230329461072450e-04 5.7532232021192778e-06
3 16 -5.6148106763969112e-04 1.0473486927540451e-05
3 17 -4.3995984511751809e-04 9.5998058823051266e-06
3 18 -3.7067241075440570e-04 -4.9334357108497903e-06
3 19 -3.2291422974211405e-04 -5.6146523501471978e-07
3 20 -2.8436599648536668e-04 4.1956024149243465e-06
3 21 -2.5084479230511785e-04 3.7356257776757075e-06
3 22 -2.0988907540014332e-04 2.4564779409490751e-06
3 23 -1.8276666502068935e-04 1.0957744945908033e-06
3 24 -1.5600460238129993e-04 -3.2937337637401028e-06
3 25 -1.3732323175828334e-04 -4.1425496561479071e-07
3 26 -1.2067303964560832e-04 -1.7772831508024309e-06
3 27 -1.0597835256742409e-04 -1.8525441950101419e-06
3 28 -1.0223203840414843e-04 -1.5181699199913273e-06
3 29 -1.0327223773753267e-04 -1.8738867717871026e-06
3 30 -9.9521171358373127e-05 -4.4108313457912338e-07
3 31 -9.2921073534068022e-05 1.1907954054041906e-06
3 32 -8.4383577127968159e-05 1.5960455571264553e-06
3 33 -7.8473349117113845e-05 1.8199639936955863e-06
3 34 -7.4323241045369469e-05 -3.4838525130992998e-07
3 35 -7.0168799912645395e-05 4.6332664373262257e-07
3 36 -7.0560764357593728e-05 1.5046959494878041e-06
3 37 -7.4454299370002491e-05 -8.8719989523609899e-07
3 38 -7.9585787019346724e-05 -1.1251978328854379e-06
3 39 -9.0514312265733000e-05 -1.7073387258982955e-06
3 40 -9.6863927344594517e-05 -9.7079824633856254e-07
3 41 -9.7841850611487009e-05 -5.3916544383047765e-07
3 42 -9.6123200527989858e-05 1.3091143402513962e-06
3 43 -9.5879046425113396e-05 9.5764826755849712e-07
3 44 -1.0950008797221486e-04 1.2242337008380190e-06
3 45 -1.3129279749704898e-04 -2.2264420943977938e-06
3 46 -1.5527693390080980e-04 -1.2463227243603578e-06
3 47 -1.8363933345899133e-04 -3.0674233017450881e-06
3 48 -2.0258903880529072e-04 4.4514071183850408e-07
3 49 -2.2754500522623316e-04 -6.6906411344873102e-06
3 50 -2.7146883704306791e-04 -6.1924677100409799e-06
3 51 -3.2806831991440507e-04 -4.3188829494186098e-06
3 52 -4.1824685805986827e-04 -7.6830809669573894e-06
3 53 -5.3344395648330020e-04 -3.2236224245559547e-06
3 54 -6.3856958876546213e-04 1.6314849213581262e-06
3 55 -7.4295031232376020e-04 2.6747244467191563e-06
3 56 -8.5678906967345445e-04 5.0898808806422960e-06
3 57 -1.0102273545541866e-03 -1.4484607687472119e-05
3 58 -1.2006983867610761e-03 1.4178200115722559e-05
3 59 -1.3807760365858017e-03 1.6392624135368114e-06
3 60 -1.5778895109185133e-03 1.0250092047941894e-05
3 61 -1.8087769887799041e-03 6.6539127310870094e-06
3 62 -2.0761876888840112e-03 3.3685588677971495e-05
3 63 -2.4182196904370219e-03 1.0821753815169011e-05
3 64 -2.7687822876731384e-03 -1.3917748421710310e-05
3 65 -3.1812618271839471e-03 4.3123821004258312e-05
3 66 -3.8122041269120889e-03 -2.0876704017580183e-05
3 67 -4.6830579162229161e-03 5.7549406241893743e-06
3 68 -6.0873111752543672e-03 -1.6980535344837853e-05
3 69 -7.9737853165698057e-03 1.0283974433249542e-05
3 70 -1.0931020047222999e-02 3.9714520316588500e-04
3 71 -1.7555899325273808e-02 4.1783667145311239e-04
4 0 -1.3858810906582730e-02 3.2555915899971986e-04
4 1 -9.5985855824065984e-03 6.0191057071501321e-04
4 2 -6.2929087663221566e-03 -2.9106237891138380e-04
4 3 -4.6640911334367777e-03 1.2665131244961396e-05
4 4 -3.6408040377171672e-03 1.9088372232925118e-05
4 5 -2.9909785707471323e-03 -3.8465007014219926e-05
4 6 -2.3189082952880177e-03 -2.5487180030666422e-05
4 7 -1.9394435617018219e-03 -3.8614002285506460e-05
4 8 -1.5160385638512456e-03 -3.6297653187412682e-05
4 9 -1.2904133759436629e-03 -3.5741702610631333e-05
4 10 -9.7621264849925545e-04 -3.5510348881308816e-05
4 11 -7.9918051038578987e-04 -1.8098526811038045e-06
4 12 -6.7067640383373028e-04 4.0883065549987121e-06
4 13 -5.6517514102793673e-04 -1.0609532629515164e-05
4 14 -4.9383961943136974e-04 -5.5894795998132802e-06
4 15 -3.9715919592754048e-04 6.8198927935412754e-06
4 16 -3.0802651025461990e-04 9.3950877179412131e-06
4 17 -2.4094200117318651e-04 8.4931659083617575e-06
4 18 -2.0400836148241165e-04 -4.2016690097961056e-06
4 19 -1.8010842439791184e-04 -1.9814468846735924e-06
4 20 -1.5516431476852527e-04 4.6665315514496787e-06
4 21 -1.4010115602094910e-04 5.0609215684217720e-06
4 22 -1.1330312422357947e-04 3.5275107224807020e-06
4 23 -1.0073179923842643e-04 3.5814025390847425e-07
4 24 -8.5802708350445929e-05 -3.0976165439445698e-06
4 25 -7.6228518737803149e-05 -1.9466641155009124e-07
4 26 -6.6877527864643154e-05 -1.6212077672793902e-06
4 27 -5.8791370496976103e-05 -1.5476930244794324e-06
4 28 -5.7093691472184697e-05 -9.7183909853952559e-07
4 29 -5.7790695225429262e-05 -1.5528699634312338e-06
4 30 -5.5685850711736644e-05 2.2880994691299626e-08
4 31 -5.1504067101039074e-05 8.7308949648556891e-07
4 32 -4.6645057822779650e-05 1.8807680983309827e-06
4 33 -4.2845491682288993e-05 2.0865455379802087e-06
4 34 -4.0503839593522725e-05 2.1370425828284209e-08
4 35 -3.8281143663050553e-05 5.6101825166355316e-07
4 36 -3.7219928677915266e-05 2.3222083679533317e-06
4 37 -4.0011801904520665e-05 -5.5251461160702390e-07
4 38 -4.2868233750660020e-05 -8.2214425466104850e-07
4 39 -5.0913251360656097e-05 -1.8928165067947639e-06
4 40 -5.4650650797862046e-05 -1.3912574677406307e-06
4 41 -5.4200140109447518e-05 -7.5456382515829649e-07
4 42 -5.4129220827079709e-05 7.7864975266404821e-07
4 43 -5.3340364646626893e-05 5.3318143931323834e-07
4 44 -6.1249337176189498e-05 9.4505900444709767e-07
4 45 -7.3326198682034796e-05 -1.9051330077223425e-06
4 46 -8.4261121406548306e-05 -1.1075151059001883e-06
4 47 -1.0182452241371132e-04 -4.1784078795608747e-06
4 48 -1.1189646266650105e-04 5.3862250215686374e-07
4 49 -1.2562438430220151e-04 -4.5716829613164084e-06
4 50 -1.4985635933835624e-04 -4.5182324506275472e-06
4 51 -1.7774864154442911e-04 -4.6486824444080847e-06
4 52 -2.3032248690811529e-04 -6.6788829000701012e-06
4 53 -2.9232009940824275e-04 6.5777237947044606e-07
4 54 -3.4731141685392805e-04 -1.6849558277175956e-06
4 55 -4.0265819463408101e-04 -3.0204405027173252e-06
4 56 -4.6558404769373119e-04 5.8343340313503672e-06
4 57 -5.4395370507996405e-04 -2.0080693130939574e-05
4 58 -6.5475232534758295e-04 4.3961456571780608e-06
4 59 -7.5994028387778854e-04 8.9216462977714581e-06
4 60 -8.8652774489823383e-04 2.0196166894533046e-05
4 61 -1.0027368967207104e-03 8.8712360953457021e-06
4 62 -1.1517674347192751e-03 2.7639171424841377e-05
4 63 -1.3440014128672192e-03 4.1812927774173793e-06
4 64 -1.5156237320061202e-03 -5.4454157493257433e-06
4 65 -1.7525442985552892e-03 5.1560001585763470e-05
4 66 -2.1099364587470670e-03 -4.3238774931927704e-05
4 67 -2.4930348841186831e-03 -5.4217244398503554e-06
4 68 -3.1299828183341165e-03 -3.7974561388762570e-05
4 69 -4.1928730346924613e-03 3.2500290114017584e-05
4 70 -5.3953285787692986e-03 3.3553981465065009e-04
4 71 -7.0683803551541977e-03 2.7641180299150397e-04
5 0 -5.6541539999778196e-03 4.8049539978940416e-04
5 1 -4.3190389636526402e-03 2.7474387694879953e-04
5 2 -3.1089627860720051e-03 -2.5710420595908705e-04
5 3 -2.4622102479261031e-03 3.7148283118382082e-05
5 4 -1.8488886486758727e-03 1.4827386056476138e-05
5 5 -1.5939894457765861e-03 -4.0467363527164633e-05
5 6 -1.2351209960415564e-03 -6.8303371800878731e-06
5 7 -1.0240467882680505e-03 -2.0611853553757360e-05
5 8 -7.8395335128314666e-04 -1.6974964275189150e-05
5 9 -6.9875373879916820e-04 -3.2919947727001641e-05
5 10 -5.2023580588468361e-04 -2.8581565225895849e-05
5 11 -4.2269086191951767e-04 -7.3489278358939098e-06
5 12 -3.5588568711343599e-04 2.9602255754882088e-06
5 13 -2.9188945041863580e-04 -1.1307383408883845e-05
5 14 -2.7140607462440802e-04 -6.9441224172940403e-06
5 15 -2.0988116760905007e-04 5.9934591750128623e-06
5 16 -1.6638601576111586e-04 5.8935970829759336e-06
5 17 -1.2891360937408191e-04 8.0332751771030999e-06
5 18 -1.1097606915173446e-04 -2.4025592807263911e-06
5 19 -9.7759177872901247e-05 -2.3951593030688784e-06
5 20 -8.0106098537422737e-05 4.4899805048581340e-06
5 21 -7.6014003541916076e-05 5.6241333703086095e-06
5 22 -5.8652803149204518e-05 4.6709641172760463e-06
5 23 -5.4280654881971163e-05 -4.0535636457430307e-07
5 24 -4.5367172139509801e-05 -2.8511369940268262e-06
5 25 -4.1628875601622995e-05 -4.4493498977181070e-07
5 26 -3.6148772449040109e-05 -1.0348038510908673e-06
5 27 -3.2144878912221468e-05 -1.0354278481904112e-06
5 28 -3.1043639554544436e-05 -2.4788484870239591e-07
5 29 -3.1176881257601250e-05 -1.5205130376093187e-06
5 30 -3.0531078453283898e-05 7.2942049734521884e-07
5 31 -2.7751827218985699e-05 3.7132452119994859e-07
5 32 -2.4933335307220412e-05 1.9404200112248525e-06
5 33 -2.2954169538271223e-05 1.8455455416492373e-06
5 34 -2.1203701644572663e-05 5.3486001572583425e-07
5 35 -2.0561710989140004e-05 5.0349441133934128e-07
5 36 -1.8382870428395330e-05 2.5626270653211268e-06
5 37 -2.1098016605087301e-05 -2.4988127751222908e-07
5 38 -2.2755597110483066e-05 -4.5955116329664803e-07
5 39 -2.7869534462904771e-05 -2.0426791068078413e-06
5 40 -3.0120561178225731e-05 -1.6511059440286142e-06
5 41 -2.9472889548247601e-05 -1.0628403529431621e-06
5 42 -2.9965900181551047e-05 6.3636266101455979e-07
5 43 -2.9226962437672599e-05 2.8255776042531386e-07
5 44 -3.3558975139287562e-05 -2.6852488566323242e-08
5 45 -3.9664488915998248e-05 -1.6102999723902365e-06
5 46 -4.4847406603072012e-05 -4.9210950171985759e-07
5 47 -5.4327032888739973e-05 -4.8275170046600955e-06
5 48 -6.0066203382826941e-05 5.8403933168588068e-07
5 49 -6.7249681860025615e-05 -3.0045213453108535e-06
5 50 -8.1067268569758665e-05 -1.3074763645803167e-06
5 51 -9.2608905529739603e-05 -3.4488909106416969e-06
5 52 -1.2238037749486800e-04 -5.3658497835432321e-06
5 53 -1.5572853280048193e-04 3.5746389059991872e-06
5 54 -1.8355670876749194e-04 -6.7061676363699003e-06
5 55 -2.1107126197156872e-04 -5.2113272273644056e-06
5 56 -2.4307472107878693e-04 5.7705261317622442e-06
5 57 -2.8272328451066923e-04 -2.2464703596620447e-05
5 58 -3.5088112888211753e-04 -6.5044569598324779e-06
5 59 -4.1627719423258406e-04 6.9985464435622512e-06
5 60 -4.9110349361027278e-04 2.1421808879539701e-05
5 61 -5.5058668475942987e-04 1.5678333379819509e-07
5 62 -6.2230213584825130e-04 1.7716581420791745e-05
5 63 -7.3527687538977487e-04 -3.2728261104319545e-06
5 64 -8.1361274056543278e-04 -4.3951192175392807e-06
5 65 -9.4712615277215805e-04 5.2972262692424352e-05
5 66 -1.1523517540511831e-03 -5.7864586660194010e-05
5 67 -1.2771128549846308e-03 -3.4257617477470332e-06
5 68 -1.5456129732950813e-03 -3.8834574119221003e-05
5 69 -2.1561032051944473e-03 4.0012358862558765e-05
5 70 -2.6380195467022079e-03 3.0750937734630695e-04
5 71 -2.8515708804489072e-03 1.5830500459984885e-04
6 0 -2.5434969268658047e-03 3.6875762587521309e-04
6 1 -1.8280270336720279e-03 8.8545209700051716e-05
6 2 -1.5786790647086472e-03 -1.1201466996351094e-04
6 3 -1.3249215507544121e-03 6.8020420080436368e-05
6 4 -9.1195637697152855e-04 1.2926430781388886e-05
6 5 -8.4804084040029676e-04 -4.6978009554110083e-05
6 6 -6.3640397903062644e-04 1.8424425863177200e-05
6 7 -5.2739776222052062e-04 1.0454796789668076e-06
6 8 -3.9866997572743807e-04 9.4114181107133989e-07
6 9 -3.7318335954216668e-04 -2.6292468302506628e-05
6 10 -2.7302260330632438e-04 -2.6107391932433918e-05
6 11 -2.1519777227573127e-04 -1.3613979549996410e-05
6 12 -1.8226587124595126e-04 -2.9189449883968085e-06
6 13 -1.4523919050875593e-04 -9.3803764093636256e-06
6 14 -1.4988053418743048e-04 -5.4414778239374182e-06
6 15 -1.1132008135468900e-04 4.4415894927001883e-06
6 16 -8.9091920963620041e-05 5.6610847963125647e-06
6 17 -6.8273429408859167e-05 8.4542831914055731e-06
6 18 -6.0840275445096894e-05 -4.1963313577634640e-07
6 19 -5.1928956669736073e-05 -2.2270457464177090e-06
6 20 -3.9028595948505652e-05 3.8027545348789748e-06
6 21 -4.0109214008084147e-05 4.6647570415540097e-06
6 22 -2.8818163456841193e-05 5.1910349632624437e-06
6 23 -2.9006043002638400e-05 -7.6161794858869323e-07
6 24 -2.2812600227555617e-05 -3.0831726476300989e-06
6 25 -2.2413038247391017e-05 -5.7024417487856915e-07
6 26 -1.9161403931785584e-05 -7.9889531019426364e-07
6 27 -1.7468090190459226e-05 -6.7896278746668158e-07
6 28 -1.6204692558960636e-05 6.8816811707883187e-07
6 29 -1.6260571148610486e-05 -1.1681386592210451e-06
6 30 -1.6487297342471930e-05 1.1045833378406963e-06
6 31 -1.4746537226521191e-05 -1.9841551388862761e-07
6 32 -1.2486314284902701e-05 1.9212451035014869e-06
6 33 -1.2146342123998152e-05 1.4530196995574109e-06
6 34 -1.0949728805633519e-05 7.8040561389562141e-07
6 35 -1.0976011423420169e-05 3.4771039486683592e-07
6 36 -8.5644041764390295e-06 2.3036618595484956e-06
6 37 -1.1098226495364999e-05 1.1990247816607629e-07
6 38 -1.2062075132467492e-05 -3.1762042660462754e-07
6 39 -1.4809898411952073e-05 -2.0046592584616798e-06
6 40 -1.6039888825673384e-05 -1.5700722837459628e-06
6 41 -1.5626552029371744e-05 -1.4097320288363971e-06
6 42 -1.6587286781299052e-05 4.6686422772809647e-07
6 43 -1.6151901324568798e-05 2.8330182132914651e-07
6 44 -1.8175781051944547e-05 -8.0121601113125718e-07
6 45 -2.1036820512109574e-05 -7.6738022630575624e-07
6 46 -2.3883453576604567e-05 5.9322489822294552e-07
6 47 -2.8108119187829131e-05 -5.0690532113765079e-06
6 48 -3.1758809012601292e-05 4.3292117116100618e-08
6 49 -3.5137921249444479e-05 -2.5084226325271721e-06
6 50 -4.3299234071726255e-05 8.1292419314920831e-07
6 51 -4.6350664222264439e-05 -2.7471487875617217e-06
6 52 -6.2181725072804050e-05 -4.0961610225906819e-06
6 53 -7.9169796207080560e-05 4.5210549840934438e-06
6 54 -9.6019455536736835e-05 -1.1871352102477058e-05
6 55 -1.0985818024684427e-04 -3.2202382310912559e-06
6 56 -1.2436318839210967e-04 3.6486665117621603e-06
6 57 -1.4411586816569954e-04 -2.3651964393123212e-05
6 58 -1.8481675115245019e-04 -1.2515660794749124e-05
6 59 -2.3104996013880997e-04 2.1264349704187008e-06
6 60 -2.6955175567807343e-04 1.6580990502870042e-05
6 61 -2.9937696405869389e-04 -4.2087452256289009e-06
6 62 -3.3456368111250945e-04 1.3352586473780584e-05
6 63 -4.0035189721258034e-04 -8.0213162137249247e-06
6 64 -4.2937591956723075e-04 -3.9500264333645528e-06
6 65 -5.0355727540884901e-04 4.1241783209257181e-05
6 66 -6.1913009787819022e-04 -5.7224768997769996e-05
6 67 -6.2608898571314025e-04 -3.1527706922806141e-06
6 68 -7.6381101927925808e-04 -1.9973547375466795e-05
6 69 -1.1133221188802151e-03 2.1811761838228308e-05
6 70 -1.2932127736056970e-03 2.2054525433454547e-04
6 71 -1.2125131662866476e-03 6.0649764201532792e-05
7 0 -1.1666726795954980e-03 3.0303673279104509e-04
7 1 -6.6225737125539283e-04 -2.3361380296356870e-05
7 2 -8.2606464403823111e-04 -1.6286367815042800e-05
7 3 -7.2530067553431253e-04 8.1114266771749191e-05
7 4 -4.6090130455194025e-04 2.6737557082983528e-05
7 5 -4.4130887887800218e-04 -5.2183640718890099e-05
7 6 -3.1755142654080637e-04 3.3239332786037088e-05
7 7 -2.5368369847430491e-04 1.2535657323080611e-05
7 8 -1.9947839590078809e-04 1.2137954544344072e-05
7 9 -1.9359155881352769e-04 -2.3412710614021191e-05
7 10 -1.3719097747315123e-04 -2.1431120769397157e-05
7 11 -1.0575991331889301e-04 -1.0475740557553012e-05
7 12 -9.0368698290012360e-05 -3.6864202755587787e-06
7 13 -7.2382841347941348e-05 -7.1984091727531861e-06
7 14 -8.5407947053059554e-05 -6.2727917976872022e-06
7 15 -6.0011214033869287e-05 5.1436383098216331e-06
7 16 -4.6888796904701390e-05 4.9444096943442048e-06
7 17 -3.6417546767961609e-05 7.7090116021770389e-06
7 18 -3.3767594463258191e-05 2.4273643128949181e-07
7 19 -2.6496542259020342e-05 -2.5112126119723230e-06
7 20 -1.8549522757276728e-05 2.4098676045026372e-06
7 21 -2.1021540294672345e-05 3.5707139339272787e-06
7 22 -1.4415269967110019e-05 4.3549759966715010e-06
7 23 -1.5664244500147157e-05 -3.4584840583646592e-07
7 24 -1.0723706711543209e-05 -3.5162031445635131e-06
7 25 -1.2831570512031409e-05 -4.7672421892188376e-07
7 26 -1.0099171784044762e-05 -7.1151590042613143e-07
7 27 -9.4420803359473082e-06 -6.0428072523685534e-07
7 28 -7.8646826076849536e-06 1.6901387766131155e-06
7 29 -8.3106149660597090e-06 -6.7684250463707312e-07
7 30 -8.9379721676455265e-06 9.2359689727698698e-07
7 31 -7.9232870639248585e-06 -2.9775869126753997e-07
7 32 -5.5319424706386811e-06 1.2944499855561847e-06
7 33 -6.3151895942011181e-06 1.1303908527162681e-06
7 34 -5.6307174437103786e-06 8.1711701656168065e-07
7 35 -5.9226442426402646e-06 1.6589107171068810e-07
7 36 -3.9470900252449480e-06 1.7427555353346119e-06
7 37 -5.9883958675257293e-06 7.4480730422490141e-07
7 38 -6.3832820147799866e-06 -4.8566046992742413e-07
7 39 -7.5011695792521246e-06 -1.7430422067751883e-06
7 40 -8.3032296581859231e-06 -1.2597940418033202e-06
7 41 -8.1910437112944090e-06 -1.5814484981331470e-06
7 42 -9.2136857554508694e-06 3.6353375527195299e-07
7 43 -9.2714876446851604e-06 3.9009071448138610e-07
7 44 -9.8467060428235767e-06 -6.4820130333622312e-07
7 45 -1.0914012503193113e-05 3.3252345938995064e-07
7 46 -1.3393333128789362e-05 1.5394064638663932e-06
7 47 -1.3903578411245894e-05 -4.6919195864781921e-06
7 48 -1.6804877074557642e-05 -9.9039975895847119e-07
7 49 -1.7809093362225454e-05 -1.9892825837283117e-06
7 50 -2.3262742999976298e-05 1.4843837936314575e-06
7 51 -2.1929683032741274e-05 -3.2224440557985861e-06
7 52 -3.0053027268297658e-05 -2.9226540357246674e-06
7 53 -3.9613005508430431e-05 3.7883745455292778e-06
7 54 -4.7902782811353381e-05 -1.4954437664160429e-05
7 55 -5.9389888409578918e-05 1.6214676931105286e-06
7 56 -6.3640926899103160e-05 2.0746333895812517e-06
7 57 -7.0193521299332908e-05 -2.5855738285352452e-05
7 58 -9.8437509349064966e-05 -1.4626475516541743e-05
7 59 -1.3324943183413122e-04 4.2141986472538754e-06
7 60 -1.4808991153649826e-04 3.7216010881941389e-06
7 61 -1.5127887601878857e-04 -2.5165627345591326e-07
7 62 -1.7920278020123470e-04 1.5762515109928943e-05
7 63 -2.2245929967504012e-04 -1.3053502684567817e-05
7 64 -2.2043838601360448e-04 -5.8437577840374067e-06
7 65 -2.6001694969275755e-04 3.0349746237101447e-05
7 66 -3.1892506791586858e-04 -4.6675373854996341e-05
7 67 -2.9039724896035501e-04 -2.4905548471128982e-06
7 68 -3.9105193815348188e-04 -2.2533273515540444e-07
7 69 -5.6971139450704583e-04 -4.9002110587158506e-06
7 70 -6.4302146476185793e-04 8.3121429899303187e-05
7 71 -5.2742976840793444e-04 6.9432168759556465e-06
8 0 -5.5815111874347415e-04 1.3774122160328358e-04
8 1 -1.9105920428316099e-04 -8.1022481724078512e-05
8 2 -4.7399657512045871e-04 -1.9677159930363916e-05
8 3 -3.8157410950756581e-04 8.0029372556376986e-05
8 4 -2.3254417379282331e-04 3.1219555345655090e-05
8 5 -2.1967762618512908e-04 -6.9053803698648111e-05
8 6 -1.5609993653808047e-04 2.8606029243366806e-05
8 7 -1.1358194017194446e-04 4.9944972801401463e-06
8 8 -1.0121002117242532e-04 1.1722426265687172e-05
8 9 -9.8411417472511357e-05 -2.2627899794690283e-05
8 10 -6.6211491655127845e-05 -2.0289908383418726e-05
8 11 -5.2222181680203314e-05 -6.0061989785316246e-06
8 12 -3.7756751139695482e-05 2.5306691424370197e-06
8 13 -3.6213793323987103e-05 -6.7299009497866697e-06
8 14 -4.8012920731592714e-05 -8.4973632888438726e-06
8 15 -3.3651076544017049e-05 5.6624223572958710e-06
8 16 -2.3876649371925061e-05 4.0746283218544788e-06
8 17 -2.0718765228867028e-05 5.9060599588053978e-06
8 18 -1.8501615345350559e-05 3.0254250528173802e-07
8 19 -1.3101560508553549e-05 -2.0437754887956916e-06
8 20 -8.0538458071635812e-06 1.2686274509026647e-06
8 21 -1.0189313258983063e-05 2.8594436051119030e-06
8 22 -7.8422628048653590e-06 3.2594225345126509e-06
8 23 -8.5502935717651229e-06 1.3888935417722519e-07
8 24 -4.5826126642564453e-06 -3.3415375446449926e-06
8 25 -7.7695050838565695e-06 -8.2581976198181341e-08
8 26 -5.4379364635738842e-06 -6.0030854886895626e-07
8 27 -5.0906032795743016e-06 -6.4819966225767265e-07
8 28 -3.4145433738933557e-06 2.4841413156087640e-06
8 29 -4.1416792311649523e-06 -9.0898921269235779e-08
8 30 -5.0486195006075313e-06 3.9196738891032847e-07
8 31 -3.9205416599445658e-06 -3.5709598730578788e-07
8 32 -2.1671848534492838e-06 3.1003034717295965e-07
8 33 -3.2815925481057984e-06 9.8856804036540541e-07
8 34 -2.6213528583482643e-06 6.8679689075223130e-07
8 35 -3.3233567275329566e-06 1.8629341953698122e-07
8 36 -1.8589101328309874e-06 1.2143747612524846e-06
8 37 -3.3811206090929642e-06 1.1371599303844287e-06
8 38 -3.5448482756162345e-06 -4.9529063409096621e-07
8 39 -3.7231399342552769e-06 -1.4917045320992263e-06
8 40 -4.3720145375512892e-06 -9.3353986545330601e-07
8 41 -4.6292302115298311e-06 -1.4833879375056465e-06
8 42 -5.1302035406884889e-06 3.0854926255275905e-07
8 43 -5.6472361515763461e-06 4.3300546431136984e-07
8 44 -5.3053496547334075e-06 -4.4034824004944932e-07
8 45 -5.6136641280348745e-06 1.2236269053834780e-06
8 46 -8.3349274436721098e-06 2.0824012851696243e-06
8 47 -6.5870544190904546e-06 -3.9511305290153875e-06
8 48 -9.4631343428599861e-06 -1.6363350610971540e-06
8 49 -8.4300194934685177e-06 -1.1163904055388348e-06
8 50 -1.2706511906464463e-05 1.6566089363752739e-06
8 51 -1.0463936474613367e-05 -3.0723065608706265e-06
8 52 -1.4413964331406309e-05 -1.2288624954148202e-06
8 53 -2.0202740862308592e-05 4.3251249573935570e-06
8 54 -2.1625261848065966e-05 -1.5559031444879538e-05
8 55 -3.2810481513820020e-05 3.0842867060110437e-06
8 56 -3.2261019790509612e-05 -2.0806608608191128e-06
8 57 -3.3254733038079019e-05 -2.4382511983871963e-05
8 58 -5.2118772334729345e-05 -1.4309136862536730e-05
8 59 -8.0757076673761686e-05 6.9783897779141879e-06
8 60 -8.5320368743870131e-05 -8.5612003897386584e-06
8 61 -7.0068425886561579e-05 -7.6852865589261868e-07
8 62 -9.2525626611406804e-05 1.8339876435383806e-05
8 63 -1.2433482235843103e-04 -1.7613377725213862e-05
8 64 -1.1020741869625418e-04 1.7525212589688829e-07
8 65 -1.3036807863454482e-04 1.7741683754274278e-05
8 66 -1.6111772919628588e-04 -4.0315754573609267e-05
8 67 -1.2931846175509335e-04 1.3989626064100357e-05
8 68 -1.9441240102415359e-04 5.1861967316920036e-06
8 69 -3.1584479102379103e-04 -5.5375803566342655e-06
8 70 -3.7510448058622838e-04 2.0566837260489748e-06
8 71 -1.9853083946395217e-04 -3.4432553036589043e-05
9 0 -2.9201683107964724e-04 1.9948784143232693e-04
9 1 -3.5322902197054546e-06 -4.5649456463793809e-05
9 2 -2.8363120008416799e-04 -2.8686342251841552e-05
9 3 -1.5916794436726913e-04 7.4421298325037834e-05
9 4 -1.3267801337811581e-04 2.5591608986205759e-05
9 5 -1.1476440083062389e-04 -8.9193907951616179e-05
9 6 -8.1058015357539576e-05 2.2327218457593518e-05
9 7 -4.5443696299071242e-05 -8.2873354427876931e-06
9 8 -5.9764074971454872e-05 2.9971257705461827e-06
9 9 -4.5827137030756432e-05 -1.4183079276727201e-05
9 10 -3.5861345003109869e-05 -1.9593354153608438e-05
9 11 -2.8195055454548052e-05 -3.2959689359844657e-06
9 12 -9.4018542538991506e-06 5.7712200829616616e-06
9 13 -1.8853632813441409e-05 -9.9214383243748029e-06
9 14 -2.6723487896011283e-05 -7.9213105599578508e-06
9 15 -1.8998593073526745e-05 8.0596743359578162e-06
9 16 -1.2758316816863229e-05 1.7660541020008236e-06
9 17 -1.2180587805503146e-05 3.7727133441766170e-06
9 18 -1.0594802565837153e-05 8.2882435895527726e-07
9 19 -5.6333821062376396e-06 -1.4821866504408261e-06
9 20 -2.8119330856719590e-06 1.0321792092722484e-06
9 21 -4.9045039825052472e-06 1.6954682155701401e-06
9 22 -4.7440072597798920e-06 2.8162064254276866e-06
9 23 -4.2770423479567672e-06 3.5931694342409547e-07
9 24 -1.0347211957133999e-06 -2.5972844990386661e-06
9 25 -4.6424826794960932e-06 2.0408025144452823e-07
9 26 -3.0642742650031079e-06 -2.2312083678360957e-07
9 27 -2.6688263302371377e-06 -2.6123883882482919e-07
9 28 -1.3498153457686293e-06 2.6207680103115287e-06
9 29 -1.8305327868149166e-06 1.0690046657761328e-07
9 30 -2.8403227198363956e-06 -1.1374641902466498e-07
9 31 -1.4818147380462154e-06 -5.1235301271707827e-07
9 32 -7.9450542582756989e-07 -4.5888068041439787e-07
9 33 -1.9901619813273897e-06 8.6812173171026937e-07
9 34 -1.0142956120007718e-06 8.3190110074678395e-07
9 35 -1.9379354403160851e-06 2.2466349082200620e-07
9 36 -7.7716388471213576e-07 7.8456476985582946e-07
9 37 -1.6441143038411825e-06 1.0006356491705628e-06
9 38 -2.4218360605002790e-06 -3.4456013860955888e-07
9 39 -1.8416710233890271e-06 -1.3358101085741804e-06
9 40 -2.4809839773959234e-06 -3.7545061390324464e-07
9 41 -2.8085997248542259e-06 -8.9457531758356929e-07
9 42 -2.9017984781217738e-06 3.6265614520820788e-07
9 43 -3.5547767015273190e-06 5.7463704431153786e-07
9 44 -2.5273770243651324e-06 -3.5732129324624058e-07
9 45 -3.0495476262657803e-06 1.4503644964008559e-06
9 46 -5.5201899763708998e-06 2.6663169929385286e-06
9 47 -2.6756789740144193e-06 -2.3110664249050953e-06
9 48 -5.5551177100657548e-06 -1.9082949931512190e-06
9 49 -3.6398615454700802e-06 -5.6766205310360025e-07
9 50 -5.8323171424456433e-06 1.6273627143621527e-06
9 51 -4.9195806120016550e-06 -2.0238656281132645e-06
9 52 -8.3401322833147306e-06 9.7240966807131617e-09
9 53 -1.1068231002293462e-05 6.1902336615418483e-06
9 54 -7.0998918954784088e-06 -1.5402257904162557e-05
9 55 -1.8742156648924048e-05 3.7672760149355898e-06
9 56 -1.7046416947960206e-05 -5.7141003828148939e-06
9 57 -2.0255210783248093e-05 -1.7159214906916725e-05
9 58 -2.7047340033503122e-05 -1.2789446578248391e-05
9 59 -4.9280438544125062e-05 -1.2572981802373530e-06
9 60 -5.2325289958730967e-05 -1.7957853126588238e-05
9 61 -2.9948639098657854e-05 -4.4878292082259102e-06
9 62 -4.4511724391179597e-05 1.7108183842878966e-05
9 63 -6.7075527326185014e-05 -1.7400581038834955e-05
9 64 -5.8912344329061941e-05 9.7784097861722907e-06
9 65 -6.4715415276006731e-05 6.3859652981277663e-07
9 66 -9.9641253009812215e-05 -2.3545332129806150e-05
9 67 -6.2419634867989451e-05 2.4256149413879452e-05
9 68 -9.9097843099749103e-05 -6.2754870152718397e-07
9 69 -2.1987572323867670e-04 -1.1815714258282984e-05
9 70 -2.5069043522545949e-04 -3.6102555670788267e-05
9 71 -6.7594020407305596e-05 -1.4416077843741709e-04
10 0 -5.4576980433782548e-05 2.1225774295263687e-04
10 1 1.1241432736163778e-04 -2.3592490942668768e-05
10 2 -1.8058703890062609e-04 -1.0389804983777539e-05
10 3 -2.9022256986446013e-05 4.7931136690226560e-05
10 4 -7.5203434149051607e-05 2.6522147218142056e-05
10 5 -6.1506642211431851e-05 -8.4517994644100512e-05
10 6 -5.5202802112310861e-05 2.7535788302944561e-05
10 7 -1.4342158701793602e-05 -1.1964315750438153e-05
10 8 -3.7862724378825929e-05 -3.1798099845217399e-06
10 9 -1.7040876962848246e-05 -1.0038165950388115e-06
10 10 -2.3876600262199131e-05 -1.2251637860792055e-05
10 11 -1.5764038782992277e-05 -2.4863699395845353e-06
10 12 4.4053021668647127e-06 3.7971489775294131e-06
10 13 -1.2362770572908624e-05 -1.3569733065657056e-05
10 14 -1.5726359765950217e-05 -5.9533506217868504e-06
10 15 -8.9424402162057412e-06 1.0492443970944503e-05
10 16 -7.6326152125191771e-06 1.0912308485789280e-07
10 17 -7.3349267604881929e-06 2.7496654373043710e-07
10 18 -6.5520056405059347e-06 1.4155769222763921e-06
10 19 -1.8056001091946928e-06 -1.2332451027869637e-06
10 20 -2.9716334185080996e-07 1.4705944816262908e-06
10 21 -3.0246374666925595e-06 5.3081683549843605e-07
10 22 -2.5812990768701372e-06 2.6458986504729827e-06
10 23 -1.2539060220015103e-06 6.5239515554425593e-07
10 24 6.7647654034907364e-07 -1.8498315008468146e-06
10 25 -2.4404244318899451e-06 3.1473590740774144e-07
10 26 -1.9838201745758804e-06 3.5694261949422900e-07
10 27 -1.3559763079929955e-06 3.5072497518351197e-07
10 28 -4.7149972052611148e-07 2.4132053572330237e-06
10 29 -7.6616248161623217e-07 3.6000296227435889e-07
10 30 -1.5311865324379361e-06 -3.6136097494074146e-07
10 31 -1.1923847777918900e-07 -7.9705528261550661e-07
10 32 -1.8159293460954900e-07 -8.5940502168852395e-07
10 33 -1.5856234190011488e-06 6.3159478551460528e-07
10 34 -3.0755995229098326e-07 6.7031312772557227e-07
10 35 -1.1196133714502757e-06 1.7129781907617710e-07
10 36 -3.0440547847142812e-07 5.5427941804682167e-07
10 37 -7.7201654530211914e-07 6.4360102959787989e-07
10 38 -1.7588884595706846e-06 -2.2022880582648471e-07
10 39 -9.6298592660101595e-07 -1.0059439100400789e-06
10 40 -1.4432698681222793e-06 5.8565701572800533e-07
10 41 -1.8142445485917867e-06 -2.9097791675327126e-07
10 42 -1.5931672604687238e-06 4.1471967211051453e-07
10 43 -2.2912878455202487e-06 7.6663425822760481e-07
10 44 -6.4997212613531068e-07 -2.7873169642571258e-07
10 45 -1.4417895598831536e-06 9.8239086847946895e-07
10 46 -3.7067676428110310e-06 3.2608927257422479e-06
10 47 -6.4395220997516019e-07 -3.7718356046542252e-07
10 48 -2.4135922589878981e-06 -1.7311932321370138e-06
10 49 -1.4518150767894860e-06 -1.0454996563814377e-07
10 50 -1.7711659198486275e-06 1.8273522817989711e-06
10 51 -2.1583615879852116e-06 -8.7133350590188057e-07
10 52 -5.3663401514713571e-06 -2.1018849418172186e-07
10 53 -7.3596810194584336e-06 8.2639682706148039e-06
10 54 -3.1524894684301813e-07 -1.2816893953519646e-05
10 55 -9.7963502856601215e-06 1.9744397387191912e-06
10 56 -1.0901703088202870e-05 -7.6534330386568343e-06
10 57 -1.3751183613398387e-05 -9.1383706834920288e-06
10 58 -1.1871704095849192e-05 -9.9981822612743355e-06
10 59 -2.5987693942623390e-05 -1.0235641978918557e-05
10 60 -3.1372805047568807e-05 -2.8380322560524507e-05
10 61 -1.5750284457619203e-05 -1.6389966051588019e-06
10 62 -1.8311914036194502e-05 6.8170495957721211e-06
10 63 -3.3908510313395987e-05 -1.0101535968346997e-05
10 64 -4.5746104979765006e-05 1.8998722333023321e-05
10 65 -3.1885751909929438e-05 -1.3985509216313847e-05
10 66 -8.0565871445982553e-05 -1.1317821816979787e-05
10 67 -4.0628694659112830e-05 2.4299399014493005e-05
10 68 -7.5913835853181865e-05 -6.0373817339068781e-06
10 69 -1.6152489777192174e-04 -3.1330106179533292e-05
10 70 -1.6534183625364478e-04 -2.9999232592342297e-05
10 71 -4.0714426630047591e-05 -2.3324518454244803e-04
