0 0 -1.2202669898163765e+00 2.4127193753321357e-19
0 1 -1.6397471497939020e-01 1.4573866827467277e-19
0 2 -7.0057607235661817e-02 1.8321709766300478e-20
0 3 -4.2136498823447346e-02 6.7054790026027199e-22
0 4 -3.0325424189030340e-02 -2.9070401643151670e-21
0 5 -2.2995100352647471e-02 -3.4591366337814798e-22
0 6 -1.7036637546133070e-02 -2.9185896467690045e-22
0 7 -1.2103687448883243e-02 -6.5644398806820830e-22
0 8 -9.1277413827846651e-03 4.5466443114499625e-22
0 9 -7.3937848052259871e-03 -3.1218353493844919e-23
0 10 -5.7139993415929015e-03 -1.3867210161310086e-22
0 11 -4.4701652070588092e-03 -1.3409297132255271e-22
0 12 -3.7480142131279073e-03 1.6269668052961980e-23
0 13 -3.1664391682541043e-03 3.2204402499801724e-23
0 14 -2.7018020052320497e-03 -2.9843369274170989e-22
0 15 -2.3304402719695363e-03 3.3482999241766375e-23
0 16 -2.0208165344249192e-03 1.1220258215631971e-22
0 17 -1.7993401718957545e-03 -9.2946367804365151e-23
0 18 -1.6651406706104728e-03 -6.8050273883813507e-23
0 19 -1.5233532391651084e-03 -8.9557165821856656e-23
0 20 -1.3460597248645626e-03 4.5859085740701656e-23
0 21 -1.1628639097915193e-03 -4.6399046049038791e-23
0 22 -1.0730501929702510e-03 1.1729962302045675e-23
0 23 -1.0513014139426737e-03 -4.0309741927905633e-23
0 24 -9.9493834526575252e-04 3.3078303680737314e-23
0 25 -8.8016148900036501e-04 -3.1881295665897470e-23
0 26 -7.7566162275184355e-04 -8.8222693135115554e-24
0 27 -6.8105686574004723e-04 1.5025660164021219e-23
0 28 -5.8292757294337179e-04 3.3022724274508286e-23
0 29 -4.8855434736641762e-04 -7.0134777952162015e-24
0 30 -3.9325033363775939e-04 9.6443878412449163e-26
0 31 -3.3844714984016981e-04 9.2551111525607337e-25
0 32 -3.0164066820599845e-04 1.2787768257697854e-23
0 33 -2.7892791077416181e-04 2.4190663887354614e-25
0 34 -2.7505275258275943e-04 4.4625251154226972e-24
0 35 -2.7405630427471573e-04 1.4315888162183605e-23
0 36 -2.9635199102829001e-04 -1.0149287170667248e-23
0 37 -3.5241230232061638e-04 -1.7984327929068063e-23
0 38 -4.0276668596935238e-04 1.6509529540053193e-23
0 39 -4.7470246470234379e-04 -7.2132634525678514e-24
0 40 -5.3800961854719523e-04 6.6804077287053734e-24
0 41 -6.0104910435663681e-04 1.1977123880682487e-23
0 42 -6.7825995396618259e-04 5.0499093773322171e-23
0 43 -7.5590117846184449e-04 3.4797837037549834e-24
0 44 -8.2888013719416103e-04 2.8127425813176918e-23
0 45 -9.2766713950567911e-04 -1.2889197406078728e-23
0 46 -1.0557668499058036e-03 -8.7652921102709594e-23
0 47 -1.1795466842720946e-03 -6.4544456092970493e-24
0 48 -1.2716379702246065e-03 -4.7348207625693176e-23
0 49 -1.4319005679184875e-03 1.5814412568071840e-24
0 50 -1.7360632247848211e-03 2.7298987030757964e-23
0 51 -2.0333374814736926e-03 5.2681872351115090e-23
0 52 -2.3089963328283662e-03 -7.0106024675293816e-23
0 53 -2.6169918457530010e-03 7.7865700727710096e-23
0 54 -2.8840099542002374e-03 1.8242662703508918e-23
0 55 -3.1135588819268074e-03 1.9253431659821659e-22
0 56 -3.5664378813022239e-03 -1.0247868170775431e-22
0 57 -4.1787264713272895e-03 -2.0291548082742620e-22
0 58 -5.0007555283247624e-03 -2.1459490127865229e-24
0 59 -5.8254434860916570e-03 2.6591578253498785e-22
0 60 -6.6034160752873137e-03 -5.8636589205033133e-22
0 61 -7.5782031723168738e-03 4.8499388072341672e-22
0 62 -8.2655341573728818e-03 7.3040638756078916e-23
0 63 -9.3081425758280833e-03 5.2543402581601985e-23
0 64 -1.1525570888689787e-02 -4.0800925211818938e-22
0 65 -1.4494104167769117e-02 2.3790191944454646e-22
0 66 -1.7522876617242038e-02 9.8224655315155008e-22
0 67 -2.1166283427930220e-02 -7.1831018679504926e-22
0 68 -2.7665128799125666e-02 -5.4451350717571834e-22
0 69 -3.9367598486889983e-02 -8.2749782852401226e-21
0 70 -6.6762864377981457e-02 1.1953239246675041e-20
0 71 -1.6502334232121624e-01 1.5586003727054508e-19
1 0 -3.7850510966380391e-01 -1.2172618934684720e-03
1 1 -1.0013779218873162e-01 3.1109942593319947e-04
1 2 -5.0488448266857076e-02 6.6190410941676624e-06
1 3 -3.1698255961578534e-02 2.4438823860262632e-04
1 4 -2.3099674808840412e-02 -1.0416455126969729e-04
1 5 -1.7469909840785839e-02 -1.6328877880964989e-04
1 6 -1.2909901615876155e-02 -1.7444161494726629e-04
1 7 -9.2239295376408126e-03 -6.5474823005333429e-05
1 8 -6.9767784443796176e-03 -4.3666980838337821e-05
1 9 -5.6401264275493853e-03 -3.1697958437575464e-05
1 10 -4.3454013778695556e-03 3.2668854982946626e-06
1 11 -3.4041804950527099e-03 -7.7183338084371309e-06
1 12 -2.8555611802607711e-03 -4.3038890035913632e-08
1 13 -2.4100428661701094e-03 -1.1210567330319702e-05
1 14 -2.0574814426935180e-03 -9.5977551310264209e-07
1 15 -1.7804731797321431e-03 -3.2202030223322328e-06
1 16 -1.5473260656441636e-03 -2.1087124562601231e-06
1 17 -1.3787088844806471e-03 1.7224014474238710e-06
1 18 -1.2765972790742784e-03 9.8537171915133193e-06
1 19 -1.1648105711388097e-03 4.6425600849464338e-06
1 20 -1.0322220384217568e-03 -1.4895011622186735e-07
1 21 -8.9507092623789723e-04 3.9243863633369428e-06
1 22 -8.2308452223467149e-04 4.5402277312024531e-07
1 23 -8.0440138735107954e-04 -2.2096591823625468e-06
1 24 -7.6212385059005300e-04 1.4232663980090027e-07
1 25 -6.7148627539177568e-04 -6.2123617988817697e-07
1 26 -5.9236690873616627e-04 -1.1289879841967962e-06
1 27 -5.1940061068627438e-04 -1.6132832906885834e-06
1 28 -4.4540616746715865e-04 -4.4213191007570515e-07
1 29 -3.7288051168923631e-04 2.0287657736551623e-07
1 30 -2.9999238987342397e-04 -5.4942267640627234e-07
1 31 -2.5784455286563730e-04 -1.7049017374313251e-06
1 32 -2.2954126514679860e-04 -7.4449533504176925e-07
1 33 -2.1226822993562468e-04 9.6642022997621588e-08
1 34 -2.0943292848967182e-04 2.1232005217702151e-07
1 35 -2.0902617043873508e-04 -1.2075350149421240e-07
1 36 -2.2590151371945733e-04 -2.7418254807897573e-07
1 37 -2.6829153004482778e-04 1.6849618596157156e-07
1 38 -3.0672244968641711e-04 -6.6442287516189131e-07
1 39 -3.6229288212895653e-04 1.4079912046262779e-06
1 40 -4.1102226367407203e-04 1.3491373656059889e-08
1 41 -4.6004456503026596e-04 -1.1621532984102912e-06
1 42 -5.1989968573619037e-04 -3.0394556519311014e-06
1 43 -5.7902074526356784e-04 -3.0244626312187459e-06
1 44 -6.3466476233822863e-04 7.9188724061990336e-07
1 45 -7.1227859369419981e-04 2.9166509163791546e-06
1 46 -8.1052951616438840e-04 4.6946919862317707e-06
1 47 -9.0223598183050235e-04 -2.9444480339310652e-06
1 48 -9.7209596983415685e-04 -8.0009617109381107e-07
1 49 -1.0963628268667544e-03 1.3144708069970957e-06
1 50 -1.3292471582248659e-03 -3.0984461556781869e-07
1 51 -1.5613999928132463e-03 -1.0831668891238548e-06
1 52 -1.7633920058897016e-03 -8.6286987722394201e-06
1 53 -2.0037923760274500e-03 -1.2920672216857372e-05
1 54 -2.2021796840041648e-03 4.8941636198409791e-06
1 55 -2.3770416768037999e-03 5.6233855567075664e-06
1 56 -2.7333282707759079e-03 8.3252170313580366e-06
1 57 -3.1938960285808602e-03 -4.8370985363426973e-06
1 58 -3.8264546509657383e-03 -1.5353866535185996e-05
1 59 -4.4700279918558818e-03 -9.0137004740674844e-06
1 60 -5.0743434187180431e-03 1.2527095523125899e-05
1 61 -5.7898295011451590e-03 7.3328415036184685e-06
1 62 -6.3247987009806004e-03 -2.2399321089384637e-05
1 63 -7.1288516685760004e-03 1.6656201039547075e-05
1 64 -8.7773714583519354e-03 3.2327166860042145e-05
1 65 -1.0994532819062333e-02 7.1400522429564508e-06
1 66 -1.3330712095145150e-02 -7.8999095728120831e-05
1 67 -1.6115101020175215e-02 -9.2399644758879202e-05
1 68 -2.1038942549882842e-02 1.6732152557617924e-04
1 69 -2.9639456663743000e-02 1.7204591210073067e-04
1 70 -4.7547029268528516e-02 6.6494985299815658e-05
1 71 -9.7592841434893926e-02 -3.9633996358289040e-04
2 0 -1.2476972521534761e-01 3.9910738635105992e-04
2 1 -4.9908151837495557e-02 5.2594334842728395e-04
2 2 -2.8627538635909874e-02 -1.4916348845791320e-04
2 3 -1.9188757727571365e-02 2.9787284867300055e-04
2 4 -1.4273884554150655e-02 -1.3309943415668878e-04
2 5 -1.0652773164415159e-02 -2.5245926959622996e-04
2 6 -7.8459589538865861e-03 -2.6464560727476204e-04
2 7 -5.6788009177993993e-03 -8.6544965926192916e-05
2 8 -4.3481498147787071e-03 -3.3888411696262698e-05
2 9 -3.4923553641452595e-03 -3.5243596004197284e-05
2 10 -2.6638879087424313e-03 8.2494109587947552e-06
2 11 -2.0936373809413876e-03 -1.1493776259025439e-05
2 12 -1.7573980789684857e-03 3.6951786243785752e-06
2 13 -1.4845860693774313e-03 -1.7475607934433888e-05
2 14 -1.2703267936939738e-03 1.7237856685972396e-06
2 15 -1.1069907764773932e-03 -3.1302184716958989e-06
2 16 -9.6187196166650890e-04 -2.1431460682527154e-06
2 17 -8.6075287601889274e-04 1.3452678177623926e-06
2 18 -7.9696427504449125e-04 1.3010147856826887e-05
2 19 -7.2227901760908318e-04 5.9258526866199409e-06
2 20 -6.4476952193091277e-04 -3.1068681920524316e-07
2 21 -5.6387985628427698e-04 5.9263050372107501e-06
2 22 -5.1537477909628627e-04 -5.5261465721838586e-08
2 23 -5.0068630346142881e-04 -3.7845549725975744e-06
2 24 -4.7490616262410134e-04 1.3625768202136504e-06
2 25 -4.1467456188562361e-04 -1.3812063545760563e-06
2 26 -3.6741885143598991e-04 -8.3303058149576910e-07
2 27 -3.1998621456131860e-04 -2.7891736536497894e-06
2 28 -2.7434734274061696e-04 -8.5486142370868048e-07
2 29 -2.2926557845399760e-04 7.8609984994888576e-07
2 30 -1.8516007186038350e-04 -2.4688161548329167e-07
2 31 -1.5838946694606880e-04 -2.4121053032576683e-06
2 32 -1.4105291661046994e-04 -1.0323191055107071e-06
2 33 -1.3031563061235903e-04 1.9413154664369474e-08
2 34 -1.2902724903897492e-04 7.1384509705441663e-07
2 35 -1.2947127700610038e-04 -1.7219771905964280e-07
2 36 -1.3941266192005710e-04 -1.1227557067120200e-07
2 37 -1.6503017645159532e-04 1.7964165898130622e-07
2 38 -1.8977127004034657e-04 -5.3202032124512008e-07
2 39 -2.2321554873278189e-04 1.7893341687068666e-06
2 40 -2.5501512186347876e-04 5.9247889991347109e-07
2 41 -2.8618325033164058e-04 -9.4743853011662112e-07
2 42 -3.2529101586909804e-04 -5.4469550606728505e-06
2 43 -3.6069612578849039e-04 -4.5509586598259556e-06
2 44 -3.9434352798974141e-04 1.7219701676531309e-06
2 45 -4.4334359389058093e-04 5.4864194460740054e-06
2 46 -5.0659127709149670e-04 6.4739945366481977e-06
2 47 -5.6403959224941207e-04 -2.5813640059254840e-06
2 48 -6.0085052943105791e-04 -3.9836314523568038e-06
2 49 -6.8381359004639610e-04 1.8771171931075550e-06
2 50 -8.2789415199412901e-04 1.5147851364227801e-07
2 51 -9.7661804241635261e-04 -1.3676295948717674e-06
2 52 -1.0915097337885066e-03 -1.2390715455897977e-05
2 53 -1.2492818706756085e-03 -1.9038153385235966e-05
2 54 -1.3581847199051907e-03 3.5859840231990852e-06
2 55 -1.4673293301259731e-03 4.4253279829195575e-06
2 56 -1.7037389679800483e-03 9.2397803234526103e-06
2 57 -1.9758968959854568e-03 -4.5572872333373378e-06
2 58 -2.3553267024352632e-03 -1.2839412024572352e-05
2 59 -2.7711847719715747e-03 -2.0924503363459406e-05
2 60 -3.1905968259059695e-03 8.1483943983964834e-06
2 61 -3.5830846259572802e-03 9.1126010273579538e-06
2 62 -3.9169617426700011e-03 -3.3072265288051561e-05
2 63 -4.4423266890292632e-03 3.1716825305444156e-05
2 64 -5.3995555682394680e-03 4.9732974142245931e-05
2 65 -6.7277013612911246e-03 3.3938401429986616e-05
2 66 -8.1833588507720049e-03 -6.5817168137762756e-05
2 67 -9.9502901172577422e-03 -1.3347859894842756e-04
2 68 -1.2917755320404428e-02 1.8681248307559210e-04
2 69 -1.7742111183408096e-02 1.6010215428115653e-04
2 70 -2.6438385935770501e-02 1.2793034270758968e-05
2 71 -4.6744103435923889e-02 1.1860729673948842e-04
3 0 -4.4681661639463466e-02 1.1934456823575559e-03
3 1 -2.2894845403583868e-02 2.3594541599431928e-04
3 2 -1.4673149760692474e-02 -1.1816315926913282e-04
3 3 -1.0716149343042118e-02 2.9761819125235492e-04
3 4 -8.1492203976499238e-03 -1.0656116259121776e-04
3 5 -5.9461073154203651e-03 -2.8188866418890114e-04
3 6 -4.3865319988497806e-03 -2.3483805339977266e-04
3 7 -3.2061969353482690e-03 -7.6375440907301324e-05
3 8 -2.5030814699199323e-03 -8.4766328293196608e-06
3 9 -1.9956924400810656e-03 -2.6994438640790082e-05
3 10 -1.5088949987435956e-03 1.2363731647329646e-05
3 11 -1.1823975929807699e-03 -8.9261177916244046e-06
3 12 -9.9911195707586497e-04 9.7158083154145371e-06
3 13 -8.4847631146589694e-04 -1.5993061261049047e-05
3 14 -7.2837756084868704e-04 5.6560250119028058e-06
3 15 -6.4115682577543147e-04 -2.4110759726492026e-06
3 16 -5.5706504678573049e-04 1.0879749410320842e-06
3 17 -4.9635585565077005e-04 1.0342783756505300e-06
3 18 -4.6124609833060441e-04 1.1735470341660175e-05
3 19 -4.1373863534609721e-04 4.8086054671093566e-06
3 20 -3.7336562995923572e-04 -7.5559513297527790e-07
3 21 -3.3203656026624650e-04 6.1763178011486104e-06
3 22 -2.9994666766898075e-04 -8.6549660873586209e-07
3 23 -2.8739726666776708e-04 -3.5705239501715562e-06
3 24 -2.7505984879864614e-04 5.8192410213133200e-07
3 25 -2.3814027455001743e-04 -2.2025594794523228e-06
3 26 -2.1189461002455286e-04 -4.9412811663859994e-07
3 27 -1.8115894713800591e-04 -3.4403598799440139e-06
3 28 -1.5477839666920063e-04 -4.6653285194842094e-07
3 29 -1.2921899028938238e-04 7.9358651464502777e-07
3 30 -1.0574352323020876e-04 2.5808517875267674e-07
3 31 -8.9799868198816617e-05 -2.4452383222261677e-06
3 32 -8.0097433157078689e-05 -8.0450869837849676e-07
3 33 -7.3844283460144673e-05 1.1606035125056627e-07
3 34 -7.3582276818977572e-05 1.2219625986019801e-06
3 35 -7.4387668230674277e-05 -2.4049503838804736e-07
3 36 -7.8925048356232315e-05 3.2190840025652760e-07
3 37 -9.3606246080382902e-05 -2.5530592756076146e-07
3 38 -1.0902479073721837e-04 -7.3137818250480797e-07
3 39 -1.2642696649698497e-04 1.6738929805322250e-06
3 40 -1.4648555796603044e-04 1.0070813263316137e-06
3 41 -1.6402426757799673e-04 -6.2092423235088274e-07
3 42 -1.8915296585488169e-04 -6.0885633280072993e-06
3 43 -2.0744571715407953e-04 -3.8908934581000618e-06
3 44 -2.2760278434389182e-04 1.9892087296408674e-06
3 45 -2.5449971649657669e-04 6.2128366305625876e-06
3 46 -2.9263191514222286e-04 7.2832618057730434e-06
3 47 -3.2544650774343786e-04 -2.1757315816113661e-07
3 48 -3.3973245488492875e-04 -6.3259302670964903e-06
3 49 -3.9376532802614154e-04 4.9231554026887195e-06
3 50 -4.7799863856498121e-04 1.4844978849304681e-06
3 51 -5.6804821373934440e-04 -2.1883162448634103e-06
3 52 -6.2809557133242013e-04 -1.0439507959910009e-05
3 53 -7.2111541035602719e-04 -1.8611613009533026e-05
3 54 -7.7269162037539151e-04 6.2117376543926601e-08
3 55 -8.3491657089169611e-04 3.2750192020050123e-06
3 56 -9.7812177921045764e-04 6.2938511704524728e-06
3 57 -1.1258461025060020e-03 -4.5107615573538263e-06
3 58 -1.3299633291647059e-03 1.9282121334795946e-06
3 59 -1.5762731575367050e-03 -3.6014073404624533e-05
3 60 -1.8642503331951690e-03 1.6602255083446058e-06
3 61 -2.0497508963606293e-03 1.0744326653527575e-06
3 62 -2.2264234990671179e-03 -2.8941868673430045e-05
3 63 -2.5552281700624950e-03 4.3789178406394920e-05
3 64 -3.0751990244808512e-03 5.6020670526094212e-05
3 65 -3.8010677829725236e-03 4.3479094702954248e-05
3 66 -4.6390884561374763e-03 -3.6865771723394004e-05
3 67 -5.6746391493565041e-03 -1.0885548692666191e-04
3 68 -7.2573870123692303e-03 1.6117198824532839e-04
3 69 -9.6298782958239709e-03 9.3935853301090459e-05
3 70 -1.3098563549308419e-02 -1.4585712022823532e-04
3 71 -2.1601767555359540e-02 8.1148459428466533e-04
4 0 -1.7628304740252877e-02 1.4625726801184874e-03
4 1 -1.0168500984376111e-02 3.5283964995389614e-05
4 2 -7.2484927871202046e-03 -4.7304833497213360e-05
4 3 -5.6957814515717180e-03 1.7717543294226235e-04
4 4 -4.4535960094887203e-03 -7.3392916033253501e-05
4 5 -3.1531985545644979e-03 -2.3767184392049917e-04
4 6 -2.3306048926619179e-03 -1.6470549284301769e-04
4 7 -1.7290067165075347e-03 -5.6821668729569858e-05
4 8 -1.3709928649403755e-03 9.8377581908684064e-06
4 9 -1.1047088942185371e-03 -1.7963061641073641e-05
4 10 -8.2231676779299706e-04 1.2078727328118425e-05
4 11 -6.3513646172894990e-04 -5.3811515925177582e-06
4 12 -5.4609025395855931e-04 1.5474390438130724e-05
4 13 -4.6780610092735840e-04 -1.1665765947917350e-05
4 14 -4.0413978005245034e-04 5.5919214511897140e-06
4 15 -3.5579801715497178e-04 -6.0855927202228284e-07
4 16 -3.1244480801162293e-04 5.4539334351540091e-06
4 17 -2.7167387417991221e-04 -4.8004913401836706e-07
4 18 -2.5666477304962738e-04 1.0561500391061451e-05
4 19 -2.2965683532980458e-04 1.2500823095384883e-06
4 20 -2.0877584197473315e-04 2.6966816968121871e-07
4 21 -1.8807056763556177e-04 4.2216916895708083e-06
4 22 -1.6890110603677135e-04 -3.1681766857241103e-06
4 23 -1.5751322714308488e-04 -2.8467023224805488e-06
4 24 -1.5361745579507924e-04 -8.2938720291525140e-07
4 25 -1.3259861542639086e-04 -2.7636870853676830e-06
4 26 -1.1717594375527260e-04 -5.1568888681998127e-07
4 27 -9.8446518059145535e-05 -2.8541196003823357e-06
4 28 -8.3184921445223273e-05 3.0604353320532789e-07
4 29 -6.9377582690984991e-05 5.5659847013134681e-07
4 30 -5.8120290046085808e-05 3.8260823717166750e-07
4 31 -4.9207669959488750e-05 -2.2322812437053214e-06
4 32 -4.3394155540568589e-05 -4.2641784818647013e-07
4 33 -4.0201478708230076e-05 6.8763922244521594e-07
4 34 -4.0718939745318149e-05 1.4272983322218483e-06
4 35 -4.1210548245503432e-05 -3.2798785639120541e-07
4 36 -4.2501566523651381e-05 8.9055464344099976e-07
4 37 -5.0387474623373044e-05 -5.4468294857926066e-07
4 38 -6.0454200859527125e-05 -1.1316274323928374e-06
4 39 -6.8497362269060607e-05 7.8143514633188991e-07
4 40 -8.1181459021379210e-05 1.0642821853689099e-06
4 41 -8.9880671626441040e-05 -6.9925183567954224e-07
4 42 -1.0631457934819702e-04 -5.3291344073364867e-06
4 43 -1.1391336343572324e-04 -2.2173733877492386e-06
4 44 -1.2788579600880154e-04 1.3365737208055851e-06
4 45 -1.3969993427410206e-04 5.2023451588801103e-06
4 46 -1.6236292229032290e-04 8.8375473465446109e-06
4 47 -1.8096765715522366e-04 1.9676127157051698e-06
4 48 -1.8095870004329042e-04 -6.2125145749367218e-06
4 49 -2.1565229852314280e-04 6.0454502905143657e-06
4 50 -2.6194147265597438e-04 1.9174797391817654e-06
4 51 -3.1738943168226877e-04 -1.8791393740353431e-06
4 52 -3.4929240038494413e-04 -6.5519626021314076e-06
4 53 -3.9843620103391792e-04 -1.6535414950644568e-05
4 54 -4.1761431878072270e-04 -5.3270187524717121e-06
4 55 -4.5302182148906824e-04 3.8457067077063223e-06
4 56 -5.3488420115022594e-04 1.1629371470198475e-08
4 57 -6.0586701096010300e-04 -6.5506154643715737e-06
4 58 -7.1927307302307943e-04 1.6157004429883074e-05
4 59 -8.5201030937575922e-04 -3.6891750488513257e-05
4 60 -1.0582037605355423e-03 -6.6982144644832954e-06
4 61 -1.1219225409749177e-03 -4.8206810870299214e-06
4 62 -1.2133906843594276e-03 -2.0630266536705190e-05
4 63 -1.4010531999030071e-03 4.4870183804461996e-05
4 64 -1.6846268082787792e-03 5.1231301917660107e-05
4 65 -2.0507781477402199e-03 5.2886287159242689e-05
4 66 -2.4854729635678599e-03 5.9690995698771216e-07
4 67 -3.1083789729937370e-03 -6.5108689559997265e-05
4 68 -3.9028604913877054e-03 1.2894640744242985e-04
4 69 -5.0374277468796802e-03 4.3098712552527087e-05
4 70 -6.2331342144169126e-03 -2.0974839335121434e-04
4 71 -1.0411195845911369e-02 6.7575890025675883e-04
5 0 -7.8032027889376110e-03 1.0215344086258117e-03
5 1 -4.3415479310104435e-03 -8.3305046872013354e-05
5 2 -3.6142501460086312e-03 2.3083743561599032e-06
5 3 -2.9547985675374305e-03 9.7923389591188334e-05
5 4 -2.3180890998799790e-03 -9.0531432047165681e-05
5 5 -1.6163191364143680e-03 -1.6796221458626029e-04
5 6 -1.2020978265520686e-03 -7.7508014547086182e-05
5 7 -9.0892034580707223e-04 -3.3259474854005524e-05
5 8 -7.2088514129437626e-04 2.0288319793608925e-05
5 9 -6.0170951044706360e-04 -1.5765258328815000e-05
5 10 -4.3308840184899433e-04 6.9520028584046747e-06
5 11 -3.3303605854713571e-04 -1.3565662454697729e-06
5 12 -2.8968894581278516e-04 1.5523212264519313e-05
5 13 -2.5367248211973165e-04 -4.4188556440587373e-06
5 14 -2.1839477703865782e-04 3.7876585378430972e-06
5 15 -1.9111036169437026e-04 1.0661654965835983e-06
5 16 -1.7129248772823266e-04 8.7416615055056745e-06
5 17 -1.4276128304344479e-04 -2.5177464391093490e-06
5 18 -1.3644350470369185e-04 1.0584444576002166e-05
5 19 -1.2528439164895426e-04 -3.6298088037357720e-06
5 20 -1.1390893162260220e-04 7.3275075783149339e-09
5 21 -1.0230447001593495e-04 3.4924434896734102e-06
5 22 -9.2018053490060321e-05 -4.9009636840562965e-06
5 23 -8.2272708873216705e-05 -1.7606372992249997e-06
5 24 -8.4412955660530302e-05 -1.5109395947858647e-06
5 25 -7.1852138956175440e-05 -3.9305816788465374e-06
5 26 -6.2898840654142536e-05 -1.3671253078450869e-06
5 27 -5.2499842476788805e-05 -1.9694218766764171e-06
5 28 -4.3269701503862583e-05 5.8935085186848335e-07
5 29 -3.6703629709975276e-05 1.2613478357844371e-07
5 30 -3.1636518665960590e-05 2.2263430424141971e-07
5 31 -2.6551132499151672e-05 -1.6780607389401375e-06
5 32 -2.2535683734048871e-05 -3.4311534142895702e-07
5 33 -2.1144368468114642e-05 1.1604183960392250e-06
5 34 -2.2511197539669032e-05 1.4212913704644475e-06
5 35 -2.2371911662917836e-05 -3.0691330689992546e-07
5 36 -2.2150815752854033e-05 1.0187490468539466e-06
5 37 -2.5810363062386617e-05 -5.2937784043214577e-07
5 38 -3.2843772762537144e-05 -1.2489004563785199e-06
5 39 -3.6229072631668503e-05 2.8089044930820853e-08
5 40 -4.3955002683197701e-05 7.5835051689675577e-07
5 41 -4.7512240704951619e-05 -1.4554388182299367e-06
5 42 -5.8441244174878523e-05 -4.2460078990994311e-06
5 43 -6.0693697685188671e-05 -5.7026039595587761e-07
5 44 -7.0860483808674136e-05 4.7640691902790064e-07
5 45 -7.4413644471627087e-05 3.9897428167175635e-06
5 46 -8.8808201053740016e-05 9.3851042582741559e-06
5 47 -9.8150956187731289e-05 3.2642623497412821e-06
5 48 -9.1432535666017566e-05 -5.9425786476376589e-06
5 49 -1.1325085383171901e-04 6.1045502983192025e-06
5 50 -1.3866788185108760e-04 4.2506776509315938e-06
5 51 -1.7084256568596559e-04 -7.9381646119186770e-07
5 52 -1.8895545883981183e-04 -3.5586967676611051e-06
5 53 -2.1549164806757595e-04 -1.3572316379115106e-05
5 54 -2.1907893958419714e-04 -1.0444393221158553e-05
5 55 -2.3672281585775996e-04 4.7293692375847713e-06
5 56 -2.8626235969858870e-04 -4.9519211105964057e-06
5 57 -3.1496466206107473e-04 -1.0599503807859522e-05
5 58 -3.8043596019019936e-04 2.0445198363726254e-05
5 59 -4.4371413951740972e-04 -2.6786981539655273e-05
5 60 -5.9562998403758078e-04 -1.0502091281976102e-05
5 61 -5.9700446556380066e-04 2.4276482945019762e-07
5 62 -6.4081324667961679e-04 -7.9637326665215142e-06
5 63 -7.4564643583614960e-04 3.7589421858006876e-05
5 64 -9.0265618058409298e-04 3.9541881067589580e-05
5 65 -1.0747495962714925e-03 4.9301018257016526e-05
5 66 -1.2526925001214056e-03 2.3564108813544645e-05
5 67 -1.6496188435134224e-03 4.5284433604559793e-07
5 68 -2.0784210441121900e-03 8.9303511027200396e-05
5 69 -2.6656319806321995e-03 7.4905107938187226e-05
5 70 -2.9882502048228128e-03 -1.8941030954164125e-04
5 71 -5.4190091730355111e-03 4.3175614037309676e-04
6 0 -3.8684382289196255e-03 9.4816982334033223e-04
6 1 -1.8037530993663825e-03 -2.1185521478980177e-05
6 2 -1.7476453119335325e-03 -3.0612245137746789e-05
6 3 -1.5367368997537133e-03 1.0366248318497547e-04
6 4 -1.1825571462076017e-03 -1.0478884318858952e-04
6 5 -7.8029736176564695e-04 -1.1780099011266842e-04
6 6 -6.0978576711019031e-04 -2.8335684833138920e-05
6 7 -4.8111193506843733e-04 -2.1886002494686386e-05
6 8 -3.6975387304311502e-04 2.2885117916804829e-05
6 9 -3.2683152049066075e-04 -9.6014371834389799e-06
6 10 -2.2273264991138508e-04 1.0916956727990805e-06
6 11 -1.7214016504513079e-04 1.9022803809453844e-06
6 12 -1.4784728974066703e-04 1.1221748534969524e-05
6 13 -1.3615975441078792e-04 4.7740295029075410e-07
6 14 -1.1529501151556265e-04 1.3510335589098475e-06
6 15 -9.8045432416945960e-05 3.6382194397585820e-06
6 16 -9.3653582394196243e-05 9.7972137410164000e-06
6 17 -7.1395081404689836e-05 -2.6235976148681145e-06
6 18 -6.8683386931848046e-05 1.0212717708776611e-05
6 19 -6.7426950473644412e-05 -6.7162966221728034e-06
6 20 -6.1216802197456511e-05 -7.3902606594956971e-07
6 21 -5.3498361938060958e-05 4.0114557075358161e-06
6 22 -4.7660900953565788e-05 -5.8810601438011638e-06
6 23 -4.1906837292556037e-05 -7.8139463230125961e-07
6 24 -4.5930884964918751e-05 -1.7383780980712703e-06
6 25 -3.8405012797752444e-05 -5.0584720798900876e-06
6 26 -3.2079633447003343e-05 -1.0474403280818129e-06
6 27 -2.7532776902747213e-05 -1.6516241043775986e-06
6 28 -2.2462643634982554e-05 4.5491198302007959e-07
6 29 -1.9235713307772910e-05 -3.4048020765824926e-07
6 30 -1.7321037308819753e-05 -2.6383824589053482e-08
6 31 -1.4259958890625829e-05 -1.4495682612055688e-06
6 32 -1.1654034133676014e-05 -3.3821674547047245e-07
6 33 -1.0725682590169700e-05 1.2725170573179876e-06
6 34 -1.2429660973977654e-05 1.4024486585997394e-06
6 35 -1.2072802590705081e-05 -3.2666975445963164e-08
6 36 -1.1333120318807167e-05 1.0731334905916333e-06
6 37 -1.2440655954194065e-05 -5.0915092417887535e-07
6 38 -1.7823679160391763e-05 -1.0163627142998882e-06
6 39 -1.9182982653557645e-05 -4.8923318662793592e-07
6 40 -2.3385117671401012e-05 3.4281001926112019e-07
6 41 -2.4404052006419779e-05 -2.1189471524849434e-06
6 42 -3.1802624460247182e-05 -3.1896029063116464e-06
6 43 -3.1802954142302837e-05 4.2863682619383182e-07
6 44 -3.9154352987868283e-05 -3.7735979646596022e-07
6 45 -3.9079058761229880e-05 1.9573864362757402e-06
6 46 -4.8934832581943299e-05 9.2150308959166987e-06
6 47 -5.2159558592271261e-05 4.3857608437109579e-06
6 48 -4.4938043679370378e-05 -4.4279316992758883e-06
6 49 -5.7830030946519117e-05 6.3477655989410430e-06
6 50 -7.1887056321182362e-05 6.0008378010281287e-06
6 51 -9.0550037731304482e-05 2.8657773079471007e-06
6 52 -9.8898957210984142e-05 -1.8900274459681843e-06
6 53 -1.1676725458877892e-04 -8.6179674718120062e-06
6 54 -1.1235916541328048e-04 -1.4475903290931426e-05
6 55 -1.1947450575519799e-04 5.6437450953452223e-06
6 56 -1.5170088244868864e-04 -6.2880192520562325e-06
6 57 -1.6053485457881607e-04 -1.3357581645751102e-05
6 58 -1.9847110422236655e-04 1.3622539667894085e-05
6 59 -2.2412154257069221e-04 -1.4501572048561624e-05
6 60 -3.2708511766831315e-04 -1.0044924695647197e-05
6 61 -3.1300167232520992e-04 7.6684560229639602e-06
6 62 -3.3704321888666799e-04 1.0920408810598414e-05
6 63 -3.8595521977966067e-04 2.5838960246546376e-05
6 64 -4.6481757052025817e-04 2.9635706844490657e-05
6 65 -5.5433578039629282e-04 2.6141025024233851e-05
6 66 -6.0247173245100364e-04 3.0646301113848046e-05
6 67 -8.6069280309963511e-04 4.0339512649167259e-05
6 68 -1.1239855448381584e-03 7.9379470464876692e-05
6 69 -1.4398104766435282e-03 1.2157011076732228e-04
6 70 -1.3819649760903796e-03 -1.3008885224443723e-04
6 71 -2.7370887899838929e-03 3.2003335339623697e-04
7 0 -1.8890666517606754e-03 5.1291664580667060e-04
7 1 -8.5883668878366647e-04 -8.1438942206911710e-05
7 2 -8.6151030670076560e-04 -4.9976383388224139e-05
7 3 -8.5264419615710592e-04 1.1186624657541379e-04
7 4 -5.9548025977203939e-04 -9.9591297371053592e-05
7 5 -3.4941709062581743e-04 -7.5728990034479952e-05
7 6 -3.1242908078383879e-04 -2.6389813750939937e-05
7 7 -2.5792140825647446e-04 -1.8231561649122236e-05
7 8 -1.8875219873984596e-04 2.0696564856545865e-05
7 9 -1.7847675829609449e-04 3.7901748367370009e-07
7 10 -1.1190438845943842e-04 8.0551621910538479e-07
7 11 -8.6422643281767162e-05 3.9475252073291811e-06
7 12 -7.0796797769967062e-05 6.7679876687604348e-06
7 13 -7.2118082798084093e-05 7.1448268399575475e-07
7 14 -5.9994729565300095e-05 -1.8200968814476082e-06
7 15 -4.7919253264375048e-05 5.1934623906313145e-06
7 16 -5.0727646151826324e-05 9.2126579505298683e-06
7 17 -3.3903585694406938e-05 -3.1455367927139101e-06
7 18 -3.0185562579016419e-05 8.9782320703426752e-06
7 19 -3.5450580525996355e-05 -6.4991373642095515e-06
7 20 -3.3227492157456457e-05 -1.0905299947521311e-06
7 21 -2.6243056332955535e-05 4.0432858635698643e-06
7 22 -2.2130727865457302e-05 -6.8085220956649661e-06
7 23 -2.1078185572424418e-05 -5.8581169110278800e-07
7 24 -2.4037568995144462e-05 -1.5165391466357161e-06
7 25 -2.0852147485366733e-05 -4.8391752727916601e-06
7 26 -1.5440404037637966e-05 -5.5906030109303562e-07
7 27 -1.4844859754835744e-05 -2.2106368938697317e-06
7 28 -1.2074779496209936e-05 -1.6069748795593816e-07
7 29 -9.8607713851419741e-06 -7.4899143174320893e-08
7 30 -9.4290085870280738e-06 -2.8438780101881936e-07
7 31 -8.0903192967531901e-06 -1.0941724883074221e-06
7 32 -5.9752530531536535e-06 -3.6388404288642119e-07
7 33 -5.3190661259456118e-06 1.2192268887167824e-06
7 34 -6.8822784963549543e-06 1.1081824455893816e-06
7 35 -6.3798267338287902e-06 2.4561911437546823e-07
7 36 -5.9270660577657961e-06 9.4254597370108629e-07
7 37 -5.6509801940118971e-06 -5.5909873607527967e-07
7 38 -9.7125927240930155e-06 -7.6916514337095083e-07
7 39 -1.0696390568927706e-05 -5.1237660065484455e-07
7 40 -1.2537280525800271e-05 -9.3696783720140598e-08
7 41 -1.1905539275131100e-05 -2.2080888327002580e-06
7 42 -1.7563189887409224e-05 -2.1231968810709473e-06
7 43 -1.6237459198884630e-05 3.4959700108770193e-07
7 44 -2.2018929038046917e-05 -1.4246144397053589e-06
7 45 -2.0348193607597347e-05 -2.7643929076399156e-07
7 46 -2.7606379530115207e-05 8.5599848227715932e-06
7 47 -2.7124380626889490e-05 5.0650785960862439e-06
7 48 -2.0748512983158558e-05 -2.5587234970975394e-06
7 49 -2.7970281606678394e-05 6.3025731554374567e-06
7 50 -3.6438215209069240e-05 5.9585837231493721e-06
7 51 -4.7278417511430150e-05 6.1851786141309575e-06
7 52 -5.2002910817342447e-05 -1.8696928957807442e-06
7 53 -6.5562647625788074e-05 -5.3729655462168822e-06
7 54 -5.7134768335727031e-05 -1.4476055856099499e-05
7 55 -5.9566347708186928e-05 4.6506462063098973e-06
7 56 -8.2709310967267002e-05 -3.5910009356165643e-06
7 57 -7.6658316108736650e-05 -1.3870577674842985e-05
7 58 -1.0068655057048427e-04 4.7908604648370378e-06
7 59 -1.0771144098146025e-04 -8.6707075680211015e-06
7 60 -1.7263069935155977e-04 -8.7330508376965395e-06
7 61 -1.5905422954339070e-04 1.5997427757575830e-05
7 62 -1.7944486121934864e-04 2.0781862387079496e-05
7 63 -1.9387116241587247e-04 4.7079586618275575e-06
7 64 -2.2712331736038041e-04 2.4547943520386394e-05
7 65 -2.8909644155433723e-04 2.8599946587156878e-06
7 66 -2.9343906521723959e-04 1.0444215084888715e-05
7 67 -4.6550939052960601e-04 5.6052963338710124e-05
7 68 -6.2064174142601152e-04 6.9353217025171988e-05
7 69 -7.6452645979514496e-04 1.3085276866740388e-04
7 70 -6.2740969722500570e-04 -6.1099666025492657e-05
7 71 -1.3535881155163198e-03 2.3440130299118850e-04
8 0 -9.6367473394932534e-04 1.2426256728687509e-04
8 1 -5.1374966143581040e-04 -9.8245770464672536e-05
8 2 -4.3961449558928273e-04 -2.6410334065273026e-05
8 3 -5.1074909667159132e-04 1.0106301173123384e-04
8 4 -2.8658602864299067e-04 -9.5128028311323014e-05
8 5 -1.5832809555177627e-04 -5.6406755903269613e-05
8 6 -1.5014100882894860e-04 -2.2855237417568329e-05
8 7 -1.3946721446844116e-04 -1.6449207505738549e-05
8 8 -9.5613585612892157e-05 2.2116189570196105e-05
8 9 -9.5983503410810751e-05 5.1239538200406213e-06
8 10 -5.2164637038589242e-05 6.4487751672227995e-06
8 11 -4.2877965089022352e-05 1.5447398326661527e-06
8 12 -2.9974077867551774e-05 4.9456174533191741e-06
8 13 -3.4752237760282852e-05 2.5601507314775696e-06
8 14 -2.8247840054934942e-05 -3.7381172468484978e-06
8 15 -2.4298001577103848e-05 5.9297604649298924e-06
8 16 -2.6546444105791607e-05 7.9835081932463141e-06
8 17 -1.6362477641945585e-05 -3.9070929545822842e-06
8 18 -9.9190839483894753e-06 7.5330703638237422e-06
8 19 -1.8318632579126484e-05 -4.3188227857041495e-06
8 20 -1.7233638277196046e-05 -9.8890262289300265e-07
8 21 -1.2228528580711706e-05 3.2469924363074442e-06
8 22 -8.5694999048464937e-06 -6.6988081454441641e-06
8 23 -1.0420779812556693e-05 -4.0683925984776258e-07
8 24 -1.2292852217023881e-05 -1.0212083231964675e-06
8 25 -1.1760763870688287e-05 -3.0479323608125889e-06
8 26 -6.5944210114923125e-06 6.6852419484917687e-08
8 27 -8.4483791357172477e-06 -2.7680900069455964e-06
8 28 -6.4029454540224270e-06 -8.1985176285554691e-07
8 29 -5.1161895496438301e-06 2.1881636568508829e-07
8 30 -4.9361902184386268e-06 -3.2766074736579808e-07
8 31 -5.3094282800855398e-06 -5.0559202874395175e-07
8 32 -2.8828749984970856e-06 -3.0350975174256217e-07
8 33 -2.5823722316995643e-06 1.0779357496422509e-06
8 34 -3.8263818225451155e-06 6.7313705472351374e-07
8 35 -3.1902136727744312e-06 3.0887294412611815e-07
8 36 -3.1917234253413619e-06 9.1536499755050369e-07
8 37 -2.3114332477672916e-06 -9.3439080363202474e-07
8 38 -4.9198361291862684e-06 -7.0748824598696377e-07
8 39 -6.5021997950632848e-06 -3.3801385879858331e-07
8 40 -6.7938869257672011e-06 -9.8318427550588534e-07
8 41 -5.6171141026855475e-06 -1.6902793454677247e-06
8 42 -9.8880297604800055e-06 -9.6632894562015817e-07
8 43 -8.3740060582705893e-06 2.7681914684670968e-07
8 44 -1.2972063365708387e-05 -2.6979236083019221e-06
8 45 -1.0819615750170174e-05 -1.3975889399901866e-06
8 46 -1.6512338005900176e-05 6.4742184685481771e-06
8 47 -1.2922327944507519e-05 4.2114394391626325e-06
8 48 -9.8942615699356708e-06 -1.6692670977667391e-06
8 49 -1.2942419453456625e-05 6.1073687104349654e-06
8 50 -1.8302653968483348e-05 3.7960785137103140e-06
8 51 -2.3403071784273142e-05 6.1199474987192493e-06
8 52 -2.6852933707305937e-05 -1.8054184067944328e-06
8 53 -3.7842994343650564e-05 -1.5096764546607421e-06
8 54 -2.8258339243796276e-05 -1.3919865616175650e-05
8 55 -3.0233290972387549e-05 2.5687843121361772e-06
8 56 -5.1716453062575172e-05 6.0152532523003027e-07
8 57 -3.3072349169227539e-05 -1.1524784989307748e-05
8 58 -4.7014520224293142e-05 2.0448936453231302e-06
8 59 -4.8675931491225053e-05 -1.9768290625797721e-06
8 60 -8.9378338711702359e-05 -1.2904360946729425e-06
8 61 -7.8843383307904288e-05 2.5254365935337715e-05
8 62 -1.0172184012913747e-04 2.1607694478767237e-05
8 63 -1.0459802404345923e-04 -1.5699227266616211e-05
8 64 -1.0996292339104321e-04 1.8470668113348677e-05
8 65 -1.5572204699208122e-04 -1.8100542267624233e-05
8 66 -1.5105823264532740e-04 -1.2336715199846547e-05
8 67 -2.7954262849961311e-04 3.9840953239433858e-05
8 68 -3.6065847576131845e-04 2.7709431888766363e-05
8 69 -3.6424673968772306e-04 1.0481221951153933e-04
8 70 -2.7832932714912529e-04 -2.6044117957906605e-06
8 71 -6.7887711017209750e-04 1.3151159075580672e-04
9 0 -5.3972601698519627e-04 1.7329705015421516e-04
9 1 -3.0522948467866072e-04 -5.3208546221676176e-05
9 2 -2.4297535422852123e-04 3.5265499744220086e-06
9 3 -3.3691308817930608e-04 9.5367830105451537e-05
9 4 -1.2808832280918715e-04 -6.8520943937693419e-05
9 5 -8.6230789048071354e-05 -6.5615452939458524e-05
9 6 -6.7834401516975905e-05 -7.5560634951629825e-06
9 7 -7.8583915483245760e-05 -2.1312811448535530e-05
9 8 -5.1419979384208861e-05 1.8845869935261644e-05
9 9 -4.9347971621101108e-05 1.2043167238310360e-05
9 10 -2.1495577656782447e-05 6.4892627418144358e-06
9 11 -2.1030113992412721e-05 -8.6847892743161594e-07
9 12 -1.3693480750942681e-05 4.8061418946526890e-06
9 13 -1.2577150396794705e-05 3.6023726208943764e-06
9 14 -1.0899319902714008e-05 -2.9466210885724335e-06
9 15 -1.3493756976071404e-05 5.4928530208391020e-06
9 16 -1.3388810081197141e-05 6.3407488888277253e-06
9 17 -7.0374583843848018e-06 -1.9170882734756217e-06
9 18 3.2671229721519769e-08 5.4789867128606503e-06
9 19 -9.6655777221837635e-06 -2.3507048077686519e-06
9 20 -8.8604747956163430e-06 -8.9346480553221655e-07
9 21 -5.7637120366364313e-06 2.7338095099897839e-06
9 22 -1.9333898976786209e-06 -5.1558024292596292e-06
9 23 -4.5164328712688330e-06 -1.0058997103745628e-06
9 24 -6.8465044972630987e-06 -2.4725412042630084e-07
9 25 -6.1072570541683506e-06 -1.3473746709905809e-06
9 26 -2.4368952965548665e-06 9.1074696732699552e-07
9 27 -4.8274352386398723e-06 -2.6350694474930098e-06
9 28 -3.3230004693266791e-06 -2.0261424342870425e-06
9 29 -2.3830882520580288e-06 2.9588255141800532e-07
9 30 -2.5541202170259253e-06 -3.5231033463739531e-07
9 31 -3.8033893102921174e-06 -1.4723366722146419e-08
9 32 -1.4389855450474568e-06 -7.6906290092252814e-08
9 33 -1.1860655902448487e-06 1.0535822786056043e-06
9 34 -2.0658651252299165e-06 4.0576723479420539e-07
9 35 -1.3753219500886869e-06 2.2454502288591825e-07
9 36 -1.8452562452439892e-06 1.0733440242264011e-06
9 37 -8.6883588172575252e-07 -9.8072079755609761e-07
9 38 -2.0524301105225056e-06 -5.0390378624492320e-07
9 39 -4.3491857190599583e-06 -2.9756707864876704e-08
9 40 -3.5139084988264073e-06 -1.6201613198755228e-06
9 41 -2.0093094404881793e-06 -9.0377779691516188e-07
9 42 -5.4124569385770070e-06 5.0102978123899933e-07
9 43 -4.0412532242797872e-06 7.1202012905390654e-07
9 44 -7.8747153601196781e-06 -3.2029742225807999e-06
9 45 -5.9127403962214548e-06 -1.7362801296792866e-06
9 46 -1.0579952711977595e-05 4.1700512055234173e-06
9 47 -6.0566873460416795e-06 3.2279831640010242e-06
9 48 -5.9275625686348744e-06 -3.2696547260878795e-07
9 49 -6.8981659146858139e-06 5.2388491916053033e-06
9 50 -8.9471793117944429e-06 9.4652709978745509e-07
9 51 -9.9359404702382184e-06 4.4367343396039095e-06
9 52 -1.2435337251970141e-05 -1.6387911660721914e-06
9 53 -2.1748661393797720e-05 3.9038023106044562e-07
9 54 -1.3854916210323008e-05 -1.1707621622978272e-05
9 55 -1.5365961393924342e-05 1.2411167886211775e-06
9 56 -3.5365969561903763e-05 3.7772060613305846e-06
9 57 -1.5709534081046514e-05 -7.6364813870284527e-06
9 58 -1.6555915735481232e-05 4.2565805925354671e-06
9 59 -2.0229407917467263e-05 2.6747633200139266e-06
9 60 -4.6212478515170756e-05 7.0271656300769600e-06
9 61 -3.7561836524213629e-05 3.1871164902338353e-05
9 62 -6.0561057487290005e-05 1.7125463939569202e-05
9 63 -6.5761759022597523e-05 -2.3274357601904852e-05
9 64 -4.7408553897664034e-05 1.3431984401123295e-05
9 65 -8.0268143154142157e-05 -3.2159167358106853e-05
9 66 -9.6943062142558077e-05 -8.9590355953748466e-06
9 67 -1.8445662415661232e-04 6.7278052406621508e-06
9 68 -1.9800706401969535e-04 -1.6346589367442689e-05
9 69 -1.6597507104177531e-04 8.8271732726343530e-05
9 70 -1.2185172896560550e-04 1.0812366922712587e-05
9 71 -4.1304173266652104e-04 4.5563460166044142e-05
10 0 -3.0349309316788145e-04 3.1402114416670152e-04
10 1 -2.0919186447155644e-04 -2.2627581782249761e-05
10 2 -1.3199097121265166e-04 1.4530118477667476e-05
10 3 -2.4191081433506411e-04 8.9337657789084217e-05
10 4 -6.7510431349112010e-05 -2.2959522270474192e-06
10 5 -6.9008117767483171e-05 -7.1462271061327980e-05
10 6 -3.0605158891957557e-05 1.9512150551726356e-06
10 7 -5.1334617163488161e-05 -3.0562630681600277e-05
10 8 -3.2658961517515372e-05 4.4933940078024384e-06
10 9 -2.3342920075788213e-05 1.8995353959193621e-05
10 10 -3.8388349633116813e-06 6.3614231005837772e-08
10 11 -8.3716179394237092e-06 -2.1995924630842035e-06
10 12 -8.8691583772454827e-06 3.8440199991804462e-06
10 13 -2.0845268660145418e-06 3.6843811898025693e-06
10 14 -2.5537354868694687e-06 -2.1419666469069541e-06
10 15 -8.4335438105850729e-06 4.8801932673057693e-06
10 16 -7.7108061481761293e-06 6.6016582254520117e-06
10 17 -2.4756957509554442e-06 1.4258732509436548e-06
10 18 3.8294116329477028e-06 2.9131138661818908e-06
10 19 -4.7133048948753709e-06 1.2640518648899266e-07
10 20 -4.6236182520077391e-06 -6.8909811797749825e-09
10 21 -2.0980624084443661e-06 2.2666915718261801e-06
10 22 8.9301832014895819e-07 -2.3976443441105929e-06
10 23 -6.0402993800983535e-07 -7.9846094675844840e-07
10 24 -3.9979627710513508e-06 5.6621921286078463e-07
10 25 -2.6776599333310544e-06 -2.2849867763726572e-07
10 26 -1.2309740846180807e-06 1.0653160579941176e-06
10 27 -2.5173852629547361e-06 -1.8917075824944879e-06
10 28 -1.6906770301123653e-06 -2.8311542402526993e-06
10 29 -8.1385181113572597e-07 1.3054431477995533e-07
10 30 -1.1968366403789164e-06 -2.8655853518008807e-07
10 31 -2.5354020287006721e-06 2.9271543774251597e-07
10 32 -6.7660428812120078e-07 1.6256873826042450e-07
10 33 -3.6824564692800021e-07 9.7374714642333290e-07
10 34 -1.1398304524909767e-06 9.6834092703590401e-08
10 35 -4.2337277691796446e-07 3.2399196448204514e-08
10 36 -1.2259256045263578e-06 1.2136913588713344e-06
10 37 -3.0686920613159575e-07 -6.1583117861608572e-07
10 38 -4.3172250422271962e-07 -2.8951305351567912e-07
10 39 -2.8075009354703268e-06 1.9050960759301349e-07
10 40 -1.6311131825313316e-06 -1.7837505111402986e-06
10 41 -2.5537774524497302e-07 -3.1146169043460112e-07
10 42 -3.0341613331061412e-06 1.7678038976413745e-06
10 43 -1.2177053442752670e-06 -1.3041657147640500e-07
10 44 -4.1916806075548046e-06 -2.7611647235531286e-06
10 45 -3.0552913620857879e-06 -2.7072467552527995e-06
10 46 -6.9850728664706774e-06 1.9608785282476752e-06
10 47 -2.5319725345996326e-06 2.0430195954099451e-06
10 48 -4.9276155627536793e-06 1.3438377365614615e-06
10 49 -4.6324396266249454e-06 3.8121955923212137e-06
10 50 -4.6265928354983716e-06 -3.6108595254239394e-07
10 51 -2.7932100562734449e-06 2.2625368771902773e-06
10 52 -5.9420227043698292e-06 2.7149237186266973e-07
10 53 -1.0244126018936221e-05 7.3916417141444507e-07
10 54 -9.0033516075011254e-06 -9.4741735636077247e-06
10 55 -7.9708378754432247e-06 -7.2303183102555526e-07
10 56 -2.6901409969975098e-05 6.4190708343198057e-06
10 57 -9.9817517080836882e-06 -6.7208168215455485e-06
10 58 -8.4959269726927735e-07 2.0153654801176261e-06
10 59 -5.0339007646483080e-06 8.3876429955133947e-07
10 60 -2.5345756721455546e-05 1.0017899330871215e-05
10 61 -1.6457291557277068e-05 3.4113653870522956e-05
10 62 -3.6063326228201642e-05 8.0673591323787605e-06
10 63 -4.5291434586197883e-05 -1.8259234351459563e-05
10 64 -9.0572329457317956e-06 7.8860027584508236e-06
10 65 -3.9625975810173456e-05 -2.5342558954337766e-05
10 66 -7.4257441921061638e-05 5.5276896900872869e-06
10 67 -1.1758968271990498e-04 -2.8337118162912712e-05
10 68 -1.0149872135171988e-04 -4.3508702669277613e-05
10 69 -9.9575579755554715e-05 6.6450343125906420e-05
10 70 -4.5112366173126093e-05 1.9222935485615977e-05
10 71 -2.9589333660704392e-04 3.1391431111169446e-05
