0 0 -1.1187249841271294e+00 1.6178547131195427e-19
0 1 -1.3375828332050990e-01 6.0677703543581502e-20
0 2 -4.4301984312993772e-02 1.1028087618604543e-21
0 3 -2.3985912402704677e-02 2.0248748519105818e-21
0 4 -1.6884162105231127e-02 4.4428649948360597e-22
0 5 -1.3177166507480482e-02 1.2901418754450480e-22
0 6 -1.0768241893842040e-02 -2.2449663321783176e-22
0 7 -9.4366925957852163e-03 -1.3588117897209405e-22
0 8 -7.9904303556473256e-03 2.8212172499084162e-22
0 9 -6.0042001917770104e-03 -1.9171397319484773e-22
0 10 -4.4534591945460007e-03 -2.4893924265434309e-23
0 11 -3.3814885872798374e-03 -1.1617499408754567e-22
0 12 -2.6513826274933146e-03 2.3512742583538181e-23
0 13 -2.1690391127551726e-03 -7.3525411327022543e-24
0 14 -1.8436367803165658e-03 8.6521929763737631e-24
0 15 -1.4814249269046234e-03 7.2493994567727797e-24
0 16 -1.1273273096145697e-03 5.4016438072067403e-24
0 17 -8.8264386427203871e-04 2.8032695227104136e-23
0 18 -7.2723090828888393e-04 2.1291270636152656e-23
0 19 -5.9458225142187753e-04 -8.7617170804514955e-24
0 20 -5.0748869860065525e-04 -1.1275675899903725e-23
0 21 -4.2665798156635428e-04 -1.3082132847913233e-23
0 22 -3.4841498889404148e-04 -1.1846301570325912e-23
0 23 -2.8711295372697214e-04 -1.0569926696510244e-24
0 24 -2.4714135084912149e-04 5.1507749314793482e-24
0 25 -2.0859593170087482e-04 5.3765916767551207e-24
0 26 -1.7270458490807668e-04 -9.1903368741379660e-24
0 27 -1.4507369535463676e-04 2.2835413594306476e-24
0 28 -1.2363919706689941e-04 -2.9269597538052227e-24
0 29 -1.1052266567826408e-04 1.1849252543719675e-24
0 30 -9.8004667083432905e-05 1.6351991299612741e-24
0 31 -8.9121646083471570e-05 3.5056405096895671e-24
0 32 -8.3869494398124131e-05 2.1130539188005903e-24
0 33 -8.4701610913951020e-05 -9.2947391590466877e-25
0 34 -9.0589353262582635e-05 -8.6386474704028827e-25
0 35 -9.7294439867256518e-05 -2.5934100217432027e-24
0 36 -1.0732839923247217e-04 -9.2190189653506004e-24
0 37 -1.2145042476477625e-04 6.3059034858177523e-24
0 38 -1.3800529277977253e-04 -3.8774240394849172e-24
0 39 -1.5586305211987095e-04 3.6076265712472946e-25
0 40 -1.7430065769358100e-04 3.6747298711347272e-25
0 41 -1.9286633360653457e-04 3.9536850794564729e-24
0 42 -2.0736418077817742e-04 -1.7757911861956020e-23
0 43 -2.2352847271664691e-04 -5.8152644988621295e-24
0 44 -2.4558681381465223e-04 6.9828041262348167e-24
0 45 -2.7024642285402580e-04 1.1700024964291371e-24
0 46 -3.0488015326435839e-04 -4.4375646974462555e-24
0 47 -3.6742596195956561e-04 -9.3196059307001760e-24
0 48 -4.7843002976519797e-04 -1.2379163936022748e-23
0 49 -6.1518838013689420e-04 -2.1328550159704802e-23
0 50 -7.8192957521613763e-04 1.0524455808446748e-23
0 51 -9.9923051332079563e-04 1.6948836849650749e-23
0 52 -1.2705419628487289e-03 -2.8749600165412402e-23
0 53 -1.6386990860994520e-03 -2.0205625991520045e-24
0 54 -2.0112159393509358e-03 4.6386630217494992e-24
0 55 -2.3720969728489591e-03 -5.8385944611355329e-23
0 56 -2.7021738121907253e-03 9.1272740971657915e-23
0 57 -3.0239972980388814e-03 4.8780566830146884e-23
0 58 -3.4550085323426360e-03 -1.0123917933489801e-22
0 59 -4.0453405662637734e-03 9.3049151164893328e-23
0 60 -4.6844129894723060e-03 -6.4731487838355441e-23
0 61 -5.2309857641812283e-03 -6.9275843574421964e-23
0 62 -5.8434183012841621e-03 1.3865396258824856e-22
0 63 -7.0308099529098845e-03 -9.0712184940669831e-23
0 64 -8.4741590294250511e-03 1.3487272915825861e-22
0 65 -1.0088117624418871e-02 -3.5084007921394298e-23
0 66 -1.2509189106260334e-02 -5.4458064093956696e-22
0 67 -1.6353889152736775e-02 -5.1861904902012591e-22
0 68 -2.1596936546842329e-02 2.9573153803327688e-22
0 69 -2.9134890013932175e-02 -4.5571664391730162e-21
0 70 -4.6931361959231400e-02 9.1050946130127335e-21
0 71 -1.2851698223541783e-01 5.2182160744305029e-20
1 0 -3.1587971017338234e-01 3.9665266102899071e-04
1 1 -7.8078022735226224e-02 7.3761344434776597e-04
1 2 -3.1190324550631407e-02 2.1798369927871373e-04
1 3 -1.7928443480143101e-02 -4.4491970514845373e-05
1 4 -1.2807185133704605e-02 -4.5191283951108118e-05
1 5 -1.0012332354375210e-02 2.0859968682179413e-05
1 6 -8.1934588312618326e-03 4.6930343724001308e-05
1 7 -7.1768147600028767e-03 -4.8743439616222107e-06
1 8 -6.0746944383435666e-03 -6.1494110511333623e-05
1 9 -4.5676841851554706e-03 -2.0819222295992965e-05
1 10 -3.3843471523370941e-03 1.6022936171590187e-06
1 11 -2.5717607008711898e-03 9.7567835732560758e-06
1 12 -2.0149332578384320e-03 3.0410032915056024e-06
1 13 -1.6501476182680388e-03 4.9969774628599048e-06
1 14 -1.4026085031653374e-03 1.2191437391507671e-06
1 15 -1.1292330980177069e-03 -5.1278490677550804e-06
1 16 -8.5943420052555369e-04 -2.1884870514069964e-06
1 17 -6.7089927728049140e-04 -1.7935926176448295e-06
1 18 -5.5341773943113997e-04 7.3029985569822516e-07
1 19 -4.5066859034090175e-04 1.3028965251687906e-06
1 20 -3.8491506499873805e-04 2.9577825122759845e-06
1 21 -3.2425973608740059e-04 1.3909067258627647e-06
1 22 -2.6529388072633539e-04 7.1370724903167986e-07
1 23 -2.1883860587195960e-04 -1.7532507476357330e-07
1 24 -1.8877423843446394e-04 9.8009475844383466e-07
1 25 -1.5925311430494568e-04 1.1401659661920623e-06
1 26 -1.3203553693348085e-04 -2.0400420705235938e-07
1 27 -1.1084564202634752e-04 4.1911121602496626e-07
1 28 -9.4313551811104910e-05 2.0312122472503532e-07
1 29 -8.4198032144739923e-05 -1.6647929495734448e-07
1 30 -7.4781069920462853e-05 1.4505565594386612e-07
1 31 -6.8080971425219520e-05 -1.8643907250950645e-07
1 32 -6.4022414887910598e-05 -8.8462567214078571e-08
1 33 -6.4647226807148251e-05 2.7088022938210904e-07
1 34 -6.8938163434180533e-05 1.7134700651447958e-07
1 35 -7.4097527964367855e-05 7.2891760724686219e-07
1 36 -8.1993685993168858e-05 7.3805775487641338e-07
1 37 -9.2654543246152799e-05 4.4935868329746727e-08
1 38 -1.0534474910400338e-04 -1.4268342759149607e-07
1 39 -1.1925638491475212e-04 -5.0611650114683554e-07
1 40 -1.3293012649682589e-04 -6.2947210498519386e-07
1 41 -1.4743899908601030e-04 -5.6721300489782803e-07
1 42 -1.5876132145917356e-04 -5.5695228821048447e-07
1 43 -1.7074974146006144e-04 -8.0311164235748800e-08
1 44 -1.8824206740446472e-04 -5.2161302942598457e-07
1 45 -2.0714293763504125e-04 -1.3939999267075354e-06
1 46 -2.3261278201127804e-04 -3.7624791159504694e-07
1 47 -2.8020139252693982e-04 -1.9845194006805262e-07
1 48 -3.6554762925309340e-04 1.7833916829976612e-07
1 49 -4.7006186153515677e-04 -1.1146649738117199e-06
1 50 -5.9516878473603221e-04 -1.1618231785798936e-06
1 51 -7.5993518384159960e-04 -2.0332157559150692e-07
1 52 -9.6401968982648076e-04 -2.1814076074148337e-06
1 53 -1.2477350977775014e-03 -5.8219964643822086e-06
1 54 -1.5350435061516770e-03 2.1083869627067976e-07
1 55 -1.8185860583384210e-03 1.0679961544509639e-05
1 56 -2.0688733672507538e-03 1.5917271355905685e-05
1 57 -2.3025589959160572e-03 5.1116930572934768e-06
1 58 -2.6327503799507489e-03 9.9192293429651252e-06
1 59 -3.0857506052126308e-03 2.0474241749173283e-05
1 60 -3.5797343210808422e-03 1.7418227742506773e-05
1 61 -3.9877557272701494e-03 2.4586050868482303e-06
1 62 -4.4547497657111785e-03 -3.7178684147233598e-05
1 63 -5.3653749171628969e-03 -4.8809315304395270e-05
1 64 -6.4838902207824687e-03 -6.0995600342910659e-05
1 65 -7.6771052542424292e-03 -2.6901246267583049e-05
1 66 -9.5384201852290549e-03 -4.9909671715247389e-05
1 67 -1.2425248074990880e-02 -1.2689528822246223e-05
1 68 -1.6463498462542744e-02 7.2210397253083959e-05
1 69 -2.1693401893911234e-02 7.7517798272900659e-05
1 70 -3.2859538445810861e-02 -1.6776920850249667e-04
1 71 -7.4597494919484669e-02 8.9134423718474824e-06
2 0 -9.1941741129007923e-02 4.5604514333483898e-04
2 1 -3.5749508470500728e-02 3.3244308696118627e-04
2 2 -1.7185666652515003e-02 2.2383484574920966e-04
2 3 -1.0666931431248833e-02 -4.9820965162483600e-05
2 4 -7.7866658089125384e-03 -6.6936272448983944e-05
2 5 -6.1059162434701081e-03 4.1722978220630155e-05
2 6 -5.0289601184040598e-03 7.0689789540708610e-05
2 7 -4.3906984743089742e-03 -7.2900150018106946e-06
2 8 -3.7413046473937779e-03 -1.0271314276408227e-04
2 9 -2.8036176248186131e-03 -2.5488549197131085e-05
2 10 -2.0619880988723173e-03 7.0455235639006245e-06
2 11 -1.5731621273841936e-03 1.2648240403318580e-05
2 12 -1.2271621995541726e-03 2.9581310729432921e-06
2 13 -1.0153575582308087e-03 8.4038914530134927e-06
2 14 -8.5890888607979984e-04 2.3819637581911057e-06
2 15 -6.9361899217425076e-04 -4.2053406523518370e-06
2 16 -5.2910916917640188e-04 -3.7067679486072828e-06
2 17 -4.1101151172433340e-04 -2.9715744833894022e-06
2 18 -3.4048520248353245e-04 1.9161847873314643e-06
2 19 -2.7553091068648153e-04 1.3064831870097239e-06
2 20 -2.3443015263099402e-04 4.0185929953849215e-06
2 21 -1.9875706594244338e-04 2.0495208926819831e-06
2 22 -1.6322689143711766e-04 7.8151157466369521e-07
2 23 -1.3460781347982413e-04 -5.1134405405595268e-07
2 24 -1.1627925759160739e-04 9.1580082219015350e-07
2 25 -9.7968013911913337e-05 1.4819413506655714e-06
2 26 -8.1586699457365225e-05 -2.1547925554815429e-07
2 27 -6.8778510840401756e-05 5.7002305055394919e-07
2 28 -5.8253050230509564e-05 1.3417186077177265e-07
2 29 -5.1793204259888629e-05 -1.8927137424708582e-07
2 30 -4.6200101337316730e-05 2.9511369930184011e-07
2 31 -4.2158190275934459e-05 -1.5422094944490749e-07
2 32 -3.9628279920115984e-05 -1.2352106210157052e-07
2 33 -3.9998868382147134e-05 3.9897667680770997e-07
2 34 -4.2203819659647517e-05 3.4544905584866023e-07
2 35 -4.5372974554956644e-05 9.7841389976952493e-07
2 36 -5.0629224117112366e-05 9.0595973348075740e-07
2 37 -5.7182250478379224e-05 2.2058138565797398e-07
2 38 -6.4921259204727517e-05 -2.3790480951567999e-07
2 39 -7.3946435452254726e-05 -8.3289910031543371e-07
2 40 -8.1843285947153118e-05 -8.5159478435709539e-07
2 41 -9.1309300051250355e-05 -8.1981083557512202e-07
2 42 -9.8682319652650474e-05 -2.2157937480937919e-07
2 43 -1.0570679187959789e-04 -5.6379022913057344e-07
2 44 -1.1765332723540974e-04 -7.4587674533218489e-07
2 45 -1.2898901494452392e-04 -1.5922672239009631e-06
2 46 -1.4402947452105176e-04 -4.7148305585958651e-07
2 47 -1.7373561351573049e-04 -2.3233784965775831e-07
2 48 -2.2711459265576799e-04 -3.2098219386289768e-07
2 49 -2.9109147867031367e-04 -1.5674964996221145e-06
2 50 -3.6611543467535791e-04 -1.5892410536352770e-06
2 51 -4.6753603706901084e-04 -1.6564421526421168e-06
2 52 -5.9308446476030502e-04 -2.2651169473262295e-06
2 53 -7.7112807236475280e-04 -6.0014981415181631e-06
2 54 -9.4869502161375825e-04 1.7609164957398146e-06
2 55 -1.1344262703035309e-03 1.3035455616752959e-05
2 56 -1.2862751559884625e-03 2.1232628938586591e-05
2 57 -1.4100548144250066e-03 2.9100242175556406e-06
2 58 -1.6239071172654876e-03 8.9830736411033457e-06
2 59 -1.9129795612079664e-03 2.8097074160134257e-05
2 60 -2.2299925918823540e-03 1.8149519841637061e-05
2 61 -2.4588790915391332e-03 4.9441990681037154e-06
2 62 -2.7500225254440741e-03 -3.9695786261162655e-05
2 63 -3.3070375867291519e-03 -6.8362914616137974e-05
2 64 -4.0380218249431703e-03 -9.0708418603235530e-05
2 65 -4.7091678331955197e-03 -2.9823809020313621e-05
2 66 -5.8657231136501776e-03 -8.2154195925955540e-05
2 67 -7.5496915229920315e-03 -1.8915677722456406e-05
2 68 -1.0123661074999454e-02 5.4743816175160396e-05
2 69 -1.2819853241851763e-02 1.4902123408914327e-04
2 70 -1.8238358354079266e-02 -1.2282532602686286e-04
2 71 -3.3516957812320523e-02 1.4087191313942174e-06
3 0 -2.7070232675616389e-02 -1.5632251821768420e-04
3 1 -1.5022086043001009e-02 3.1610823993456820e-04
3 2 -8.7971214858763736e-03 1.4716135588406181e-04
3 3 -5.8387385823876013e-03 -7.3409637373363643e-05
3 4 -4.3245026076349910e-03 -8.5134827923237619e-05
3 5 -3.4175207359561205e-03 6.2615677565389520e-05
3 6 -2.8526159077941473e-03 8.0825990139117424e-05
3 7 -2.4669636017125534e-03 -8.5573252957719657e-06
3 8 -2.1230812083556368e-03 -1.1125749254374985e-04
3 9 -1.5825858052877942e-03 -2.3362985898118835e-05
3 10 -1.1554813634414658e-03 9.5444388032399957e-06
3 11 -8.8103092094851806e-04 1.1473263042335909e-05
3 12 -6.8435862744485306e-04 3.5607337073297936e-06
3 13 -5.7874264382072745e-04 1.0268713097915856e-05
3 14 -4.8442560812647103e-04 1.2083981810907200e-06
3 15 -3.8988021625705854e-04 -1.1034477083021203e-06
3 16 -3.0013033486308243e-04 -4.0503545797993313e-06
3 17 -2.3143025578885833e-04 -2.2747809810664808e-06
3 18 -1.9300321179697768e-04 3.6785667455203207e-06
3 19 -1.5567521611831774e-04 1.5836410176030085e-06
3 20 -1.3158576706140290e-04 3.6139999432595546e-06
3 21 -1.1238162319474507e-04 1.9041000902490336e-06
3 22 -9.2673957728427650e-05 4.4908982736639211e-07
3 23 -7.5928940852814137e-05 -6.4992873980617047e-07
3 24 -6.5969124668550621e-05 2.1282605216606457e-07
3 25 -5.5367703317161834e-05 1.4401940439251360e-06
3 26 -4.6281560156071185e-05 -2.6180095175438367e-07
3 27 -3.9402989149895530e-05 5.5450751097550760e-07
3 28 -3.3128420340088073e-05 6.4539686182642373e-08
3 29 -2.9472082739872616e-05 -9.3305511703779865e-08
3 30 -2.6339902312190565e-05 4.7559776560012839e-07
3 31 -2.4096699563115506e-05 -4.4009328609385717e-08
3 32 -2.2620232233074805e-05 -1.9722900916140483e-07
3 33 -2.2818501591173057e-05 4.2560172452176886e-07
3 34 -2.3772637507371598e-05 4.5194350037713157e-07
3 35 -2.5541341853182485e-05 9.5244479922449143e-07
3 36 -2.8765252537162761e-05 8.4684981978107732e-07
3 37 -3.2602473874447614e-05 5.7180291644187090e-07
3 38 -3.6858662769154728e-05 -1.5080519480426125e-07
3 39 -4.2455078722911205e-05 -8.6670188386704521e-07
3 40 -4.6600354540695780e-05 -8.4627847929254371e-07
3 41 -5.2126271820274902e-05 -7.3393075129610877e-07
3 42 -5.6661035863524334e-05 1.1097583755571663e-07
3 43 -6.0124221003115557e-05 -8.4589188685674664e-07
3 44 -6.8196501389731541e-05 -7.2367408240092934e-07
3 45 -7.4269079415419651e-05 -1.4746448973299364e-06
3 46 -8.2685391847405826e-05 -5.6082711594629271e-07
3 47 -1.0032470804505032e-04 -1.9157363946296217e-07
3 48 -1.3077004174800297e-04 -7.9932870629882726e-07
3 49 -1.6595462802964503e-04 -1.0881064224443109e-06
3 50 -2.0731986647885736e-04 -1.6437770787313093e-06
3 51 -2.6561711217356260e-04 -2.8733734690374703e-06
3 52 -3.3904789099801244e-04 -1.1476789951219344e-06
3 53 -4.3906737374156240e-04 -5.1308670908649580e-06
3 54 -5.3983684030364473e-04 1.3672272228367558e-06
3 55 -6.5703169709434447e-04 8.7307764714551627e-06
3 56 -7.3904510126875838e-04 2.0081129333358001e-05
3 57 -7.9588393334460630e-04 -1.9149358346199238e-06
3 58 -9.2829106479099281e-04 6.9617911329237847e-06
3 59 -1.1014303832007635e-03 2.8020242138704608e-05
3 60 -1.2837386679442246e-03 1.0971470320557663e-05
3 61 -1.4006887734310052e-03 4.9898491362776062e-06
3 62 -1.5804725654556646e-03 -3.6130371501643367e-05
3 63 -1.8871568952744545e-03 -5.5385583784547775e-05
3 64 -2.3253136945203265e-03 -9.2781991725473639e-05
3 65 -2.6458176308057119e-03 -2.3127431333117366e-05
3 66 -3.3012162306964368e-03 -9.9038697726255146e-05
3 67 -4.2031767713390893e-03 -8.1965911530986311e-06
3 68 -5.6865711569320876e-03 1.1219680027888532e-06
3 69 -6.9514880334131607e-03 1.9773147036006731e-04
3 70 -9.3945847524307732e-03 -1.5305370757112921e-04
3 71 -1.3393642688434964e-02 4.8341467321993796e-05
4 0 -8.2750781383535491e-03 -7.2237014527977038e-04
4 1 -6.1425159823740852e-03 3.4372255055529170e-04
4 2 -4.3034187922165934e-03 1.1447088753807468e-04
4 3 -3.0473712494844662e-03 -9.2088977135458148e-05
4 4 -2.2914700488430380e-03 -8.5715797779381187e-05
4 5 -1.8215992885817990e-03 5.8232545228074976e-05
4 6 -1.5445337520708527e-03 7.5224399697686824e-05
4 7 -1.3273910868972403e-03 -6.6348071095171287e-06
4 8 -1.1494308029089710e-03 -8.5438642020875988e-05
4 9 -8.4690416993340621e-04 -9.3302936981660211e-06
4 10 -6.1872624194713648e-04 4.9009665361684875e-06
4 11 -4.6736181359459958e-04 6.7746219535533715e-06
4 12 -3.6303717215874183e-04 4.7709260815873915e-06
4 13 -3.1698911953799045e-04 9.2432127952503853e-06
4 14 -2.6365652850299898e-04 -8.1773046500331168e-07
4 15 -2.0607619271287658e-04 1.1093111574630541e-06
4 16 -1.6191237389736818e-04 -4.1165309841114340e-06
4 17 -1.2410663448597065e-04 -1.4921069464759407e-06
4 18 -1.0463286810802593e-04 4.7980729556412964e-06
4 19 -8.4848656594219680e-05 1.6398989941541345e-06
4 20 -7.1021132050574614e-05 2.9239391975209120e-06
4 21 -6.1143419625579653e-05 1.8640291336418578e-06
4 22 -5.0420154136546207e-05 3.2510789015031764e-07
4 23 -4.0646273269267224e-05 -2.3929229374013514e-07
4 24 -3.5841568651362629e-05 -7.1166892538520714e-08
4 25 -2.9873334045416823e-05 1.3190854876280857e-06
4 26 -2.4867290302959722e-05 -3.4446768948597668e-07
4 27 -2.1642151464432041e-05 3.8148823618314273e-07
4 28 -1.7879415964541162e-05 -3.0013807960959568e-08
4 29 -1.6050623754466146e-05 1.7621777186759402e-07
4 30 -1.4403987092948585e-05 5.4720866354533941e-07
4 31 -1.3146285048031117e-05 1.6324946321651899e-08
4 32 -1.2252517195107570e-05 -2.5094380951191733e-07
4 33 -1.2369818483435682e-05 3.6311878540107727e-07
4 34 -1.2815663546233759e-05 3.5068076286393377e-07
4 35 -1.3702664782869451e-05 7.6225262512525699e-07
4 36 -1.5752951161130663e-05 6.9154122211146625e-07
4 37 -1.7851059810216786e-05 7.6587037724541166e-07
4 38 -1.9948904238826061e-05 -1.2727996580170606e-07
4 39 -2.3454033983650122e-05 -7.8249332052611221e-07
4 40 -2.5315106931175341e-05 -7.0467953548242856e-07
4 41 -2.8411116602555248e-05 -6.2960862357562085e-07
4 42 -3.1079220261933962e-05 1.8862343089905303e-07
4 43 -3.2555163208349629e-05 -6.7349865709225670e-07
4 44 -3.8116821018919130e-05 -7.9085785741770163e-07
4 45 -4.1080502235540611e-05 -1.1593781163488966e-06
4 46 -4.5807153777652081e-05 -5.0693033438479520e-07
4 47 -5.5913657780770558e-05 -1.6171576985841651e-07
4 48 -7.2870199319765932e-05 -5.9690056475470613e-07
4 49 -9.0397330415034128e-05 -2.9062206492567859e-07
4 50 -1.1200045704821527e-04 -1.1096633599141530e-06
4 51 -1.4400652356863193e-04 -3.4723042334007976e-06
4 52 -1.8611101605231598e-04 -9.6289031133031133e-07
4 53 -2.3948805286252344e-04 -5.0898600902833902e-06
4 54 -2.9618016113701156e-04 -3.0616695309362409e-07
4 55 -3.6859269208376470e-04 3.8663108685404991e-06
4 56 -4.0695502220563682e-04 1.8658755619888772e-05
4 57 -4.2827627941683142e-04 -4.5907715229114515e-06
4 58 -5.0672259181443018e-04 5.8469113162217395e-06
4 59 -6.0626611414748232e-04 2.0393184667905987e-05
4 60 -7.0699648880563875e-04 -3.6104137120519660e-07
4 61 -7.6746950902442646e-04 7.2095415626063104e-06
4 62 -8.7882280845423143e-04 -3.6392261915731928e-05
4 63 -1.0266109868353173e-03 -3.4010314335232371e-05
4 64 -1.2793045054161011e-03 -8.0192839410392764e-05
4 65 -1.4071716288459244e-03 -2.4599568554388092e-05
4 66 -1.7602029115042046e-03 -1.0947688103797228e-04
4 67 -2.2429023482701815e-03 4.3215470943830952e-06
4 68 -3.0206009505616329e-03 -2.6360283877767801e-05
4 69 -3.6262552670991159e-03 1.5848985737571190e-04
4 70 -4.6479106874819922e-03 -1.3453634487195634e-04
4 71 -4.9638741355723459e-03 3.0413278916555157e-04
5 0 -3.1206469878520887e-03 -6.1029720394308485e-04
5 1 -2.5968010199352107e-03 3.3713258801350055e-04
5 2 -2.0704127498633986e-03 1.0701297285493409e-04
5 3 -1.5487763477104960e-03 -9.5199297349084748e-05
5 4 -1.1613858920896619e-03 -6.8461512278755163e-05
5 5 -9.4623904160619113e-04 3.3434357861177078e-05
5 6 -8.0891302951293146e-04 5.4700294767831740e-05
5 7 -6.9990712020594475e-04 -2.5175465534681770e-06
5 8 -6.0441965546989529e-04 -4.0792947605706975e-05
5 9 -4.3942270198023498e-04 2.8160497303533084e-06
5 10 -3.2298815908312955e-04 5.1158561328087921e-07
5 11 -2.4081301684660930e-04 5.2645401022622051e-06
5 12 -1.8642017760387756e-04 2.1718512356255378e-06
5 13 -1.7112331683185033e-04 4.7968171817185151e-06
5 14 -1.4129560408136709e-04 -1.8101989649392260e-06
5 15 -1.0381053494769955e-04 2.8503620101288594e-06
5 16 -8.3857522977466624e-05 -4.8726942223714040e-06
5 17 -6.4462825130670530e-05 -1.7829556296037232e-06
5 18 -5.5037369895877845e-05 4.8795023843391196e-06
5 19 -4.5693154023490981e-05 1.3321732594544004e-06
5 20 -3.7392379183801854e-05 2.1830819557999932e-06
5 21 -3.2432547630914836e-05 1.5479099359598007e-06
5 22 -2.6868732885166926e-05 7.4988750208823986e-07
5 23 -2.0897456564652550e-05 3.2395138467622645e-07
5 24 -1.8861846939035808e-05 -1.3371201493194265e-07
5 25 -1.5602321073510932e-05 6.5998476491512532e-07
5 26 -1.2858047762919828e-05 -1.8299723432014977e-07
5 27 -1.1472552271036873e-05 2.3561903648890322e-07
5 28 -9.3414727972868974e-06 -3.4752332379764521e-08
5 29 -8.5404893940033069e-06 3.4583743284724019e-07
5 30 -7.6539153506979921e-06 5.1219681780047243e-07
5 31 -6.8950078857514298e-06 6.3364428709718360e-08
5 32 -6.2784312930670052e-06 -2.3808665911756837e-07
5 33 -6.4679689281393502e-06 3.6998437746775322e-07
5 34 -6.7966733951475208e-06 1.7178847087340877e-07
5 35 -6.9895604543713357e-06 5.1404937276122451e-07
5 36 -8.4934230234950425e-06 4.9118883861230277e-07
5 37 -9.6706893822960560e-06 8.2350076266784455e-07
5 38 -1.0265269328118034e-05 -1.3939336495612921e-07
5 39 -1.2670587573832590e-05 -5.5549379828930778e-07
5 40 -1.2959282744504831e-05 -7.3590729755948190e-07
5 41 -1.4905608843672714e-05 -4.2464049512451270e-07
5 42 -1.6661774644862892e-05 9.7900026404655907e-08
5 43 -1.6971703817394557e-05 -7.2786415015124761e-07
5 44 -2.0937626032428591e-05 -9.4182685888186437e-07
5 45 -2.2046550441152336e-05 -5.4620780637477576e-07
5 46 -2.4740036515651116e-05 -4.0451479894850818e-07
5 47 -3.0506356093318338e-05 -2.6240804858333242e-07
5 48 -3.9694514009637537e-05 -2.6079682220348174e-07
5 49 -4.8182357234537030e-05 -2.5012225040332699e-07
5 50 -5.8967498544028447e-05 -1.0584703842494337e-06
5 51 -7.5465054480039725e-05 -3.7978794346281167e-06
5 52 -9.9236450761089719e-05 -1.1403789326510746e-06
5 53 -1.2769137183814386e-04 -5.0317310420369342e-06
5 54 -1.5956527881965513e-04 -7.9438697703170111e-07
5 55 -2.0161284018682587e-04 -1.3771269281559580e-06
5 56 -2.1815459553775515e-04 1.6484398492778129e-05
5 57 -2.2213266231262913e-04 -3.1385502057415901e-06
5 58 -2.6293672614136488e-04 3.7158131896633906e-06
5 59 -3.1788996679034143e-04 7.3356175242718224e-06
5 60 -3.7288545898780191e-04 -9.4293801820437300e-06
5 61 -4.1446277801386952e-04 9.8838952371454473e-06
5 62 -4.7296010373832351e-04 -3.6020974314361711e-05
5 63 -5.4116059042216152e-04 -2.1555676509403451e-05
5 64 -6.8410339182038585e-04 -6.7683800653481877e-05
5 65 -7.1796974740214836e-04 -3.3433237783372856e-05
5 66 -9.0038205495736128e-04 -1.0667623366998469e-04
5 67 -1.1595655962172147e-03 3.1682369868902466e-06
5 68 -1.5529738521625383e-03 -4.6307418111874146e-05
5 69 -1.8536454308276775e-03 7.3034790625162838e-05
5 70 -2.2792847947394044e-03 -4.0635448850681130e-05
5 71 -2.0327486852748764e-03 3.2444888262171239e-04
6 0 -1.5317499894324333e-03 -4.0540967709490762e-04
6 1 -1.0587417161656710e-03 2.8197067802610850e-04
6 2 -1.0137928594488041e-03 8.2544003882400411e-05
6 3 -7.7112275304923664e-04 -7.2235240704003606e-05
6 4 -5.6886413282069713e-04 -5.6366380114156590e-05
6 5 -4.8715360587842804e-04 1.3226849115583242e-05
6 6 -4.0647394064498359e-04 3.5696288357027748e-05
6 7 -3.6856852643566416e-04 -3.2938267690782634e-06
6 8 -3.1192793452605760e-04 -5.7171620114356964e-06
6 9 -2.2311312755323622e-04 4.8815751436855539e-06
6 10 -1.6703105856492260e-04 -1.0468020571738326e-06
6 11 -1.2310092746874632e-04 4.7367303817374403e-06
6 12 -9.4399438763301965e-05 -8.4842874203199484e-07
6 13 -9.2502800110761679e-05 -3.8750238240192339e-07
6 14 -7.3825689898127754e-05 -1.4851539105868455e-06
6 15 -5.0152334090379456e-05 3.5027227207134798e-06
6 16 -4.2395521860705701e-05 -5.9328718095660172e-06
6 17 -3.2735367542916645e-05 -1.9725378953750642e-06
6 18 -2.8475039221222073e-05 4.4075654245342634e-06
6 19 -2.4652625173147412e-05 1.2266682866914474e-06
6 20 -1.9025043394659876e-05 1.5418452703481076e-06
6 21 -1.6777151458818522e-05 1.3796475269402611e-06
6 22 -1.4096110060063717e-05 1.0891023317003486e-06
6 23 -1.0417759551740377e-05 3.7652535096913075e-07
6 24 -9.7065534174880090e-06 -1.4040736452903970e-07
6 25 -7.8991411102075236e-06 -1.3130349814383784e-07
6 26 -6.3727074358423996e-06 9.8930610290895574e-08
6 27 -6.0019022901564425e-06 1.4592347657989674e-07
6 28 -4.7105367461572264e-06 -4.5709885192897642e-08
6 29 -4.5023483229839243e-06 4.1585816548905235e-07
6 30 -4.0314739996125468e-06 4.4577540590288775e-07
6 31 -3.5229944227211629e-06 6.6008752724330278e-08
6 32 -3.0733256534678913e-06 -1.9942658297684132e-07
6 33 -3.3417972172175506e-06 4.4295468601365701e-07
6 34 -3.5384652460731684e-06 8.8050683372435424e-08
6 35 -3.4156630213505130e-06 3.4590394653741584e-07
6 36 -4.5202179514074499e-06 3.1429444267521979e-07
6 37 -5.2801366279627652e-06 8.5373489912462739e-07
6 38 -5.0934543473009340e-06 -1.4252176865211596e-07
6 39 -6.6628278607443664e-06 -3.1925683072092737e-07
6 40 -6.2622064340161303e-06 -8.7113101063406849e-07
6 41 -7.6135697453871255e-06 -4.1068415369603964e-07
6 42 -8.7775425695238390e-06 -6.8295833571259502e-08
6 43 -8.5693699040606888e-06 -7.2215118860953752e-07
6 44 -1.1238422245835317e-05 -1.0347171390275051e-06
6 45 -1.1578896207907499e-05 9.3274015074499612e-08
6 46 -1.3194385119453574e-05 -3.9424740786691762e-07
6 47 -1.6482551764545789e-05 -5.6887301182792501e-08
6 48 -2.1019736732164773e-05 -3.2619043779295179e-08
6 49 -2.5887389543918120e-05 -9.1851136850401597e-07
6 50 -3.0922390398963008e-05 -1.8887644686714738e-06
6 51 -3.8588562944168403e-05 -4.3363679833925050e-06
6 52 -5.2368948928027583e-05 -9.2845619039471427e-07
6 53 -6.8349299378362072e-05 -3.7042698479799390e-06
6 54 -8.6072145383058496e-05 -2.0862580142906208e-07
6 55 -1.0482355757213630e-04 -1.8571795989363495e-06
6 56 -1.1650272052737978e-04 7.9755930371181623e-06
6 57 -1.1051709866703050e-04 -8.6783952532091653e-07
6 58 -1.3166772909685743e-04 -5.9694022874295830e-07
6 59 -1.6230646505092344e-04 -5.8218519956961304e-06
6 60 -1.8134465059169359e-04 -1.1586139138597108e-05
6 61 -2.2473569733823804e-04 9.4584386681726431e-06
6 62 -2.4348473820185937e-04 -3.5084462137872341e-05
6 63 -2.7817891341380100e-04 -1.6587195214873138e-05
6 64 -3.5947135404671815e-04 -5.4681265238143115e-05
6 65 -3.5388865276733916e-04 -4.5945106834993016e-05
6 66 -4.4666395926091747e-04 -7.9179193665253412e-05
6 67 -5.7861917177387003e-04 1.0438755992141223e-06
6 68 -7.7854939183086931e-04 -4.3675422064857596e-05
6 69 -9.4107995266165035e-04 -3.2785974800450367e-06
6 70 -1.1504535114928273e-03 4.0986576191048782e-05
6 71 -9.5510418418869427e-04 2.5527910158634174e-04
7 0 -8.3511177743360277e-04 -1.6872429711708303e-04
7 1 -4.1501707271971431e-04 2.1270072930764199e-04
7 2 -4.9210584431571950e-04 4.0662612944039848e-05
7 3 -3.8666103180503376e-04 -6.5049983204053079e-05
7 4 -2.8443736108656637e-04 -4.5461755189128128e-05
7 5 -2.5032148793400745e-04 8.7745997771588256e-06
7 6 -2.0174550522831990e-04 1.6769682472049863e-05
7 7 -1.9026363826280351e-04 -5.0465608736252407e-06
7 8 -1.5358809154286727e-04 9.9298340284677023e-06
7 9 -1.1223311491036452e-04 5.3162685333014219e-08
7 10 -8.6825493582167891e-05 1.3996472138667008e-06
7 11 -6.3095844022644437e-05 1.2719025984442315e-06
7 12 -4.8582149941617861e-05 -3.4226752019258947e-06
7 13 -5.0231670687485584e-05 -1.6641159788847448e-06
7 14 -3.7101206992567939e-05 -2.3445628260913049e-07
7 15 -2.3153427668696250e-05 2.6373686363337052e-06
7 16 -2.0952464716916785e-05 -5.3763276998594728e-06
7 17 -1.5865669855245946e-05 -1.5103838154566903e-06
7 18 -1.4892123318305985e-05 3.8024915782639992e-06
7 19 -1.3273591510785502e-05 1.3104259876002934e-06
7 20 -8.9234979689234553e-06 8.0529535045724205e-07
7 21 -8.2891927337935259e-06 1.4892342498680530e-06
7 22 -7.1647611849928872e-06 9.9029691053866307e-07
7 23 -5.0847992750536799e-06 9.0879314154842285e-08
7 24 -4.9405863376501347e-06 4.0096570438487775e-08
7 25 -3.7675518955527545e-06 -5.5871877283299344e-07
7 26 -2.9538977024356029e-06 3.2381814851723098e-07
7 27 -3.0434969987385988e-06 1.0563771537532351e-07
7 28 -2.3642284442132732e-06 -6.8471039213498533e-08
7 29 -2.3133458128921321e-06 4.2855017547767095e-07
7 30 -2.1597217232515544e-06 3.9571780240352445e-07
7 31 -1.7139139393815567e-06 4.2007176055197276e-08
7 32 -1.4645031790553285e-06 -2.1392488987465760e-07
7 33 -1.7717252723143584e-06 3.9389107949733893e-07
7 34 -1.7723985872850272e-06 1.1054975250754280e-07
7 35 -1.5910019540687424e-06 2.4267057609945619e-07
7 36 -2.3376517748535257e-06 2.0522796955016347e-07
7 37 -2.9319143097309767e-06 8.9305348083653142e-07
7 38 -2.4152970816581678e-06 1.7702440696522386e-08
7 39 -3.4469378091902913e-06 -1.5324604345866172e-07
7 40 -2.9831770231051264e-06 -8.5817216104350384e-07
7 41 -3.7706305771957364e-06 -4.6281817108283722e-07
7 42 -4.8066507034842645e-06 -3.0452556367077808e-07
7 43 -4.2373445222901355e-06 -6.4499289965621224e-07
7 44 -6.0393838052366701e-06 -7.6438214738029320e-07
7 45 -6.0799121693585698e-06 3.8812454062812630e-07
7 46 -6.9832968746739858e-06 -4.6823331504401460e-07
7 47 -8.8984746169809318e-06 2.5977419755129778e-07
7 48 -1.0837352524712438e-05 1.1058747837663018e-07
7 49 -1.4206971961897612e-05 -1.0401135146877203e-06
7 50 -1.6143996265484655e-05 -2.6166389686716158e-06
7 51 -1.9537580368058509e-05 -4.3680198160702150e-06
7 52 -2.8264400472955307e-05 -1.4366833528395722e-06
7 53 -3.5657842573335559e-05 -2.4649925976578797e-06
7 54 -4.5946665389005698e-05 -5.4051412996214022e-08
7 55 -5.1424001831194356e-05 -3.2145035649034751e-07
7 56 -6.2194051289617540e-05 2.5645757226936461e-06
7 57 -5.3247054114903314e-05 -1.2059737841855648e-06
7 58 -6.3142037592300542e-05 -2.9635441661443069e-06
7 59 -7.9267731378463419e-05 -1.2365978376459431e-05
7 60 -7.7098779907167100e-05 -3.1301494783099450e-06
7 61 -1.1915903843988851e-04 8.0039833552889304e-06
7 62 -1.1977755572150412e-04 -3.2461475577735924e-05
7 63 -1.4308614819806507e-04 -1.1493317888465971e-05
7 64 -1.7817207232240435e-04 -4.4292083343611305e-05
7 65 -1.6849469805825347e-04 -4.9745507815250888e-05
7 66 -2.1908529988916712e-04 -4.7390186582385567e-05
7 67 -2.8696289060248806e-04 -3.1809171853013213e-06
7 68 -3.9741852603588528e-04 -2.4086449908456301e-05
7 69 -4.6865643270098758e-04 -4.4427948896789140e-05
7 70 -5.6921064820214713e-04 2.7049514054679627e-05
7 71 -4.7068045843878055e-04 1.7102996870206521e-04
8 0 -4.6457009770305943e-04 1.4700285779152365e-05
8 1 -1.6249326903437715e-04 1.8253958348130018e-04
8 2 -2.5885863536286746e-04 1.4031300362618398e-05
8 3 -1.9924220799242366e-04 -6.1855529984736798e-05
8 4 -1.3998485012002140e-04 -3.2925938037226536e-05
8 5 -1.2318780271075122e-04 9.3279128721905665e-06
8 6 -9.9941095901531329e-05 7.6768317796539468e-06
8 7 -1.0313240640257393e-04 -7.6578327428215899e-06
8 8 -7.2880784443898436e-05 1.1050903302133245e-05
8 9 -5.8235972439038155e-05 -4.2631296599623429e-06
8 10 -4.7105043152988965e-05 1.7668962130376821e-06
8 11 -3.4072039329805351e-05 -2.0551292050816455e-06
8 12 -2.4803444971058236e-05 -3.4475723462587835e-06
8 13 -2.6701036646172612e-05 -3.6754603837317107e-07
8 14 -1.7320102894003996e-05 1.3510756217200769e-06
8 15 -9.1694948118479367e-06 -1.9575188427253539e-07
8 16 -9.7384966506067123e-06 -3.4747304421748789e-06
8 17 -7.4271693439005850e-06 -1.3003199720358870e-06
8 18 -7.7741432800904039e-06 3.2057284740402860e-06
8 19 -7.0051465886802285e-06 1.5123262707655021e-06
8 20 -3.6150733168225098e-06 1.0984068256862857e-07
8 21 -3.7764649326843247e-06 1.5154294884629727e-06
8 22 -3.5033593178297352e-06 7.4291980833304994e-07
8 23 -2.5693481852444316e-06 9.7325187537479750e-08
8 24 -2.4083038466642772e-06 1.3222826901767065e-07
8 25 -1.5818680956956790e-06 -8.1192111716097560e-07
8 26 -1.2681530492091704e-06 5.9829793548844417e-07
8 27 -1.5148469367678420e-06 1.9855900187673731e-07
8 28 -1.1986280759462350e-06 -1.6597879817550892e-07
8 29 -1.0941655641893361e-06 3.4110557889379045e-07
8 30 -1.1271227776653754e-06 3.3538318549736334e-07
8 31 -8.0681646798587908e-07 -2.8422331397570396e-08
8 32 -6.7622158110385049e-07 -2.3491551297259924e-07
8 33 -9.1678234771657036e-07 2.8319367924457906e-07
8 34 -8.5600405026870512e-07 1.8758860316101674e-07
8 35 -6.8040989843629099e-07 1.4243545830314934e-07
8 36 -1.1980503885812135e-06 2.7570130490277701e-07
8 37 -1.6893227506628975e-06 8.6171119929099638e-07
8 38 -1.0696937119441419e-06 1.3137428717986136e-07
8 39 -1.7753272042392161e-06 -8.3566249179040198e-08
8 40 -1.6900775878811191e-06 -6.1118366983489477e-07
8 41 -1.7713943444207498e-06 -5.1297126325175095e-07
8 42 -2.5929397591219945e-06 -3.8510122494804038e-07
8 43 -1.9517592278159258e-06 -4.3026760619470937e-07
8 44 -3.5839871478476902e-06 -4.4395583326722268e-07
8 45 -3.3084415494317977e-06 4.2353682806076882e-07
8 46 -4.0190488113372158e-06 -3.9551705055596180e-07
8 47 -4.7274277852021598e-06 4.5595307316906310e-07
8 48 -5.4500470340921035e-06 4.2325118179845659e-07
8 49 -7.8370299806096761e-06 -7.5659722141122207e-07
8 50 -8.4995124315702916e-06 -2.0089385819331152e-06
8 51 -1.0321728726217033e-05 -3.5821058124216855e-06
8 52 -1.5846392785157308e-05 -2.3757309226195429e-06
8 53 -1.7279242689799485e-05 -2.1243255740465999e-06
8 54 -2.5536038254029024e-05 8.6363056319260821e-08
8 55 -2.3349031431790323e-05 2.6377694818343026e-06
8 56 -3.6655394530098180e-05 8.4208358663569179e-07
8 57 -2.7143225962233646e-05 -1.4925162564001828e-06
8 58 -3.0706391816533124e-05 -1.6418603357396735e-06
8 59 -3.2117020505486650e-05 -1.2840023305927206e-05
8 60 -2.2700081950240203e-05 8.7078177319498062e-08
8 61 -6.6741076813542658e-05 4.3433146849557072e-06
8 62 -5.7757636852154457e-05 -2.8390993634920333e-05
8 63 -7.4470922895448184e-05 -1.0839589676607838e-05
8 64 -8.4180939737882722e-05 -3.5160370255861793e-05
8 65 -8.4874392616240762e-05 -3.6355924175433182e-05
8 66 -1.0920054909285673e-04 -2.0761665986795077e-05
8 67 -1.3830878661154979e-04 -4.9681326938916845e-07
8 68 -1.9916296494083962e-04 -2.4514233587202904e-05
8 69 -2.3122178163099836e-04 -3.2763666649730005e-05
8 70 -2.6761332683349445e-04 5.9209418175683776e-06
8 71 -2.1141123289589774e-04 1.1921607400624520e-04
9 0 -2.3657635147301980e-04 5.0571358399896465e-05
9 1 -6.5359235572621084e-05 1.4703815561732734e-04
9 2 -1.6511175655575913e-04 -6.7557327220481194e-06
9 3 -1.0260017954375775e-04 -6.1694798327474151e-05
9 4 -6.8213488914280499e-05 -2.2185727852926708e-05
9 5 -5.2884306619071750e-05 5.5290582788304258e-06
9 6 -4.7722146911066362e-05 1.5615728960272130e-06
9 7 -6.4713382873443686e-05 -5.6953701962003508e-06
9 8 -3.2325547630024539e-05 9.7660383678788078e-06
9 9 -3.4484316797188814e-05 -1.1316169510169051e-05
9 10 -2.8345688517440707e-05 3.0272661412600776e-07
9 11 -1.8929727358230952e-05 -3.4196321448857097e-06
9 12 -1.2509533636120320e-05 -1.9065594003615348e-06
9 13 -1.2319389037819512e-05 1.2210607504944285e-07
9 14 -7.2708015350463785e-06 8.6307681740634237e-07
9 15 -1.4663788868361087e-06 -2.6795800792291326e-06
9 16 -3.5661240468106967e-06 -2.2293058194967654e-06
9 17 -3.4694130508338462e-06 -1.0835642623724296e-06
9 18 -4.6165131402348005e-06 2.6183829231786898e-06
9 19 -3.3413952566939415e-06 1.5061188818009544e-06
9 20 -1.1490977537052233e-06 -2.7199061966626432e-07
9 21 -1.4919511899821524e-06 1.6557896946378185e-06
9 22 -1.5899074860138414e-06 7.2660558934822182e-07
9 23 -1.3707278829239416e-06 7.4872819629732445e-08
9 24 -1.0567776169683366e-06 1.2756945659382180e-07
9 25 -3.9983725551403137e-07 -8.0144063072538522e-07
9 26 -4.1466608745354764e-07 8.5111722716750396e-07
9 27 -7.9740397739989273e-07 2.3230209011124663e-07
9 28 -5.4602925576893955e-07 -3.6641619999386018e-07
9 29 -4.0612949852838220e-07 2.9180586836035112e-07
9 30 -5.9077692261003520e-07 2.3487583871625986e-07
9 31 -2.9142279360569639e-07 -1.2222638681824772e-07
9 32 -2.8367058273533063e-07 -1.6091149276967638e-07
9 33 -4.2317088797752683e-07 2.0312868039495282e-07
9 34 -3.5432291488330819e-07 2.4992480059521418e-07
9 35 -2.8584384105925200e-07 4.1316212699890968e-08
9 36 -6.2446013288121731e-07 4.2217752866373477e-07
9 37 -1.0979800294236755e-06 6.6953985951250593e-07
9 38 -5.2391557925180145e-07 2.9666964283052496e-07
9 39 -9.5591215062826070e-07 2.0534976742494894e-08
9 40 -1.0809944126189864e-06 -3.5767140084375900e-07
9 41 -7.4187955986047749e-07 -3.0289964107068978e-07
9 42 -1.4798599120245134e-06 -3.0026534979047957e-07
9 43 -6.7781577058431353e-07 -1.9438325180536238e-07
9 44 -2.5043872221767649e-06 -1.1557750579249839e-07
9 45 -1.7409392021072573e-06 3.0301263563438796e-07
9 46 -2.5356682818546750e-06 -1.1624676150632760e-07
9 47 -2.5668738748151454e-06 3.2571313678945219e-07
9 48 -3.1215037637659315e-06 6.0819938502478911e-07
9 49 -4.2102411800519043e-06 -7.8136817375540040e-07
9 50 -3.8270022974339715e-06 -6.7629997353718384e-07
9 51 -6.8650385217308520e-06 -3.0730166989850725e-06
9 52 -8.4444882878800009e-06 -1.6958353371857949e-06
9 53 -7.1352782103991012e-06 -2.6733050418704893e-06
9 54 -1.3960714081636107e-05 6.7344670087161710e-07
9 55 -9.6038122317263903e-06 4.8829618398499872e-06
9 56 -2.3610821655684679e-05 -5.5489729980925953e-07
9 57 -1.4666683431151800e-05 -3.6953098422766769e-06
9 58 -1.4115169908588317e-05 -5.9244087340029077e-08
9 59 -7.3663536769851150e-06 -1.0994606619868817e-05
9 60 3.1323613562985536e-06 -6.8630357245680342e-07
9 61 -4.0464721533124187e-05 6.7483132033833809e-07
9 62 -3.0861906989457451e-05 -2.4647815615735503e-05
9 63 -4.2199489524750231e-05 -1.3488575025129541e-05
9 64 -4.2267859010725040e-05 -2.7423034634122025e-05
9 65 -4.5356476608644523e-05 -1.1262688162945636e-05
9 66 -5.7085432543257301e-05 -4.7361745926373599e-06
9 67 -6.4062708048641037e-05 1.0868327708119716e-05
9 68 -8.0066083562560289e-05 -1.7574685267225412e-05
9 69 -1.1398229567669380e-04 -1.8238158915954032e-05
9 70 -9.0528330159252501e-05 5.7314591425646875e-06
9 71 -8.1298106294181891e-05 9.5347829935661164e-05
10 0 -1.6843838817967338e-04 1.0330357500820520e-04
10 1 -6.1495046132268124e-05 1.1566988489928742e-04
10 2 -1.3418120418491592e-04 -1.7607773940380573e-05
10 3 -4.6531983916549363e-05 -5.9294852564665701e-05
10 4 -4.1783383369580753e-05 -5.2232771470824441e-06
10 5 -2.1518615744092290e-05 -2.3179366748070167e-06
10 6 -1.9281454194466190e-05 -4.6704197314253731e-06
10 7 -4.1551125099084258e-05 -8.8976803241158628e-06
10 8 -1.1498669619677602e-05 1.5030394866575444e-05
10 9 -2.1131747932024807e-05 -1.8225078732961403e-05
10 10 -1.3837461128014723e-05 -2.6126102796283548e-06
10 11 -1.0214311737676093e-05 -3.3299619267841734e-06
10 12 -6.1288923628201607e-06 -2.1432957642944638e-07
10 13 -4.7473724799993120e-06 -1.3186057025324889e-06
10 14 -4.0368672801157108e-06 8.3847935091531360e-08
10 15 1.6756510826379639e-06 -4.0102377778647286e-06
10 16 -6.2639490967060086e-07 -1.8184850594338932e-06
10 17 -2.0510810284077696e-06 -2.5656080788826972e-07
10 18 -3.3893515743963301e-06 2.4585875269294098e-06
10 19 -1.1040004449239084e-06 1.0863296284318371e-06
10 20 -2.3349315499077093e-07 -6.1754770734101648e-07
10 21 -7.3757421160079442e-07 1.8389072796731550e-06
10 22 -1.1028109179638078e-06 8.3205680980740765e-07
10 23 -5.4014776567182680e-07 -5.1353741166775941e-08
10 24 -3.2836611839023339e-07 -5.2544962229156948e-08
10 25 1.9503941134552810e-07 -7.0033834653798775e-07
10 26 -7.5932928035562439e-08 9.9670862629794307e-07
10 27 -4.0569057051325229e-07 1.8766612732447844e-07
10 28 -2.2751330283044644e-07 -5.0190101331376534e-07
10 29 -1.1801160578255026e-07 2.4200023580672432e-07
10 30 -3.1431322764617287e-07 1.7113437751513068e-07
10 31 -9.1847891431655221e-08 -1.7085500166150026e-07
10 32 -9.6317342407698105e-08 -7.8267500000010319e-08
10 33 -1.0073267460954977e-07 1.5720923578903596e-07
10 34 -1.4654468651073132e-07 3.3548019128403872e-07
10 35 -2.8676431137923770e-07 1.8756965599550883e-08
10 36 -3.6718982698400934e-07 6.3861828684535779e-07
10 37 -8.1675116786004015e-07 4.7815372099628976e-07
10 38 -4.0751437447970945e-07 4.8878003403089572e-07
10 39 -4.7004552699613047e-07 1.3140958029741976e-07
10 40 -6.9334455456993516e-07 -3.2445911596507906e-07
10 41 -2.8028317286587492e-07 -2.0283908247336324e-07
10 42 -9.4277337473856908e-07 -2.4079759932400054e-07
10 43 -9.4080798872582798e-08 -2.8997472474205592e-08
10 44 -1.8501138449744654e-06 2.7708202807075265e-07
10 45 -9.8758250965919413e-07 -1.4915424039151191e-08
10 46 -1.4762077170838019e-06 1.2250948752170786e-07
10 47 -1.2282722631677367e-06 5.0798173955120937e-08
10 48 -2.3875220709643341e-06 6.9291560617697042e-07
10 49 -2.4034209163823560e-06 -1.0307488758927159e-06
10 50 -1.2500350618279331e-06 1.9638859422219075e-07
10 51 -5.9040872185919328e-06 -3.2469656178822336e-06
10 52 -3.8527514149513221e-06 -1.3279315798793262e-06
10 53 -3.7741181855902344e-06 -5.8119033525405824e-07
10 54 -5.6646921157898722e-06 8.5189826125225445e-07
10 55 -3.5612651681526421e-06 5.3942666567220731e-06
10 56 -1.6263029332355097e-05 -9.8217851055079870e-07
10 57 -7.4744277192143080e-06 -9.0571787970235648e-06
10 58 -4.1752567126853997e-06 -8.3746751076207153e-07
10 59 3.4401789263304730e-06 -3.6758585555796483e-06
10 60 1.1672123510757182e-05 9.8950028866993382e-07
10 61 -2.2943869874766897e-05 1.3300702652367940e-06
10 62 -1.7197419094684376e-05 -2.0422327517749350e-05
10 63 -2.7129624602614131e-05 -1.7035890948418369e-05
10 64 -2.2932752846654707e-05 -2.0500545386871993e-05
10 65 -2.0398541883849658e-05 2.5667109881410792e-06
10 66 -2.9201121639036978e-05 6.1973689984507331e-06
10 67 -2.7800465615475861e-05 2.3973982671411310e-05
10 68 -1.8665340074441191e-05 1.7013810493566135e-06
10 69 -6.3084191012383802e-05 -8.9479513647217338e-06
10 70 3.2750474643415612e-06 1.6473190920276011e-05
10 71 -4.5551550010569259e-05 8.2745165885194193e-05
