0 0 -1.2669028030764844e+00 2.9943891816005284e-20
0 1 -1.8228937798925135e-01 -1.1769397484445207e-19
0 2 -7.9410759938843334e-02 -1.5667617750811469e-20
0 3 -5.2134538080660014e-02 -2.9321392117452822e-21
0 4 -3.7348734906114366e-02 -3.9565213870573607e-21
0 5 -2.8766557911579581e-02 1.6339643524776346e-22
0 6 -2.3088943304875608e-02 2.5417762443240819e-22
0 7 -1.9279447301618111e-02 -5.3961129136060545e-22
0 8 -1.6952191812082178e-02 8.4342732343656948e-22
0 9 -1.5682103272634192e-02 -9.4803383804610562e-22
0 10 -1.3962728653991381e-02 -1.0641765634010441e-21
0 11 -1.1340866926822388e-02 -6.3408847667909552e-22
0 12 -8.8558555648589905e-03 -3.4604849729937986e-23
0 13 -6.7837948484529599e-03 -2.4390552942460512e-22
0 14 -5.3394397890912070e-03 1.0237832298425048e-23
0 15 -4.2005652981353479e-03 5.0660638633735747e-23
0 16 -3.3648781553099328e-03 -6.8664940202040107e-24
0 17 -2.9032568726414208e-03 -7.5964371942280136e-23
0 18 -2.4526080597641197e-03 1.1275504169119184e-22
0 19 -2.0420785370998712e-03 -2.0273015716665737e-24
0 20 -1.7903939179137011e-03 -2.1084750913286846e-23
0 21 -1.6268442355254322e-03 -1.5081686344221129e-24
0 22 -1.5726972782729521e-03 -3.2956233917573574e-23
0 23 -1.5940170306847120e-03 2.5017076617429400e-24
0 24 -1.6227141515307161e-03 -7.9299543038639789e-23
0 25 -1.5980896222195860e-03 5.8629474932584022e-23
0 26 -1.4252558831451153e-03 1.3506890033595130e-23
0 27 -1.2750940842840917e-03 1.4775695992999656e-23
0 28 -1.1811063804194489e-03 -4.4062377996539002e-23
0 29 -1.0504268525928710e-03 4.2906140008024698e-23
0 30 -9.3056048866624482e-04 1.7785867895527190e-23
0 31 -8.4142373325211289e-04 -1.7660428246284797e-23
0 32 -7.6547279032203699e-04 5.1552173637523309e-24
0 33 -7.1001110779796281e-04 1.3031949078197831e-23
0 34 -7.2780288482066720e-04 -5.3438260761761477e-24
0 35 -8.4362473294845167e-04 1.8766446041443444e-24
0 36 -9.0927643606878046e-04 -2.6624240731768125e-24
0 37 -9.9765830665402683e-04 -2.6299476899102868e-23
0 38 -1.1147976465512128e-03 7.8668363876232369e-23
0 39 -1.2461083661491159e-03 -9.2353036650479183e-24
0 40 -1.4391565213477846e-03 1.0614909685989943e-22
0 41 -1.6150057873054527e-03 -5.7675411395835972e-23
0 42 -1.7633142097008456e-03 6.6880636649953284e-23
0 43 -1.8851319344684852e-03 -5.8488021098516149e-24
0 44 -2.0322599900852913e-03 -4.7378700341381053e-23
0 45 -2.0763646434262175e-03 3.8602593681349367e-23
0 46 -2.1303191306425418e-03 -1.8335599102007976e-23
0 47 -2.4378932521008688e-03 1.0491775579294533e-22
0 48 -2.8344138270079227e-03 5.7758475749244985e-23
0 49 -3.1100330093524237e-03 2.9518943637997608e-23
0 50 -3.3960077785045993e-03 -1.9619301867312517e-22
0 51 -3.5683104291535902e-03 1.4842534632641109e-22
0 52 -3.8282270831614239e-03 -2.9327417953563513e-22
0 53 -4.4480771600478586e-03 1.9207765966545088e-23
0 54 -5.0442744299051580e-03 3.3746685656930691e-22
0 55 -5.5037879591417777e-03 4.5487909616479969e-23
0 56 -6.1828006315029190e-03 2.0515841410106941e-22
0 57 -7.1319745094048899e-03 -5.2746700379601095e-23
0 58 -8.1692425510124424e-03 -1.1516288440903818e-22
0 59 -9.3249557912677937e-03 2.2486028365218068e-22
0 60 -1.0547743638735086e-02 -3.3557642968149257e-22
0 61 -1.2087939231278167e-02 -3.8285984715640801e-22
0 62 -1.3611654498277271e-02 1.3898262594648952e-22
0 63 -1.5641427305400302e-02 -3.9518690844421974e-22
0 64 -1.8553919783815133e-02 1.8898984098561642e-23
0 65 -2.1347951697779154e-02 -1.4071345199401550e-21
0 66 -2.4712956862897154e-02 5.7221644155024886e-22
0 67 -3.0435914014558196e-02 5.6980061361146735e-22
0 68 -3.9712472044152854e-02 -1.7683688717727941e-21
0 69 -5.9037843505597883e-02 1.8762890402533815e-22
0 70 -9.8486787550252697e-02 -2.5660431562931345e-20
0 71 -2.1521326504550106e-01 -2.9564628016858828e-20
1 0 -4.1341390081372792e-01 -1.8659631300909695e-03
1 1 -1.1360117678683186e-01 5.5577132208896622e-04
1 2 -5.7584279512192818e-02 -3.0571428199326983e-04
1 3 -3.9446865295419513e-02 3.8319891060514344e-04
1 4 -2.8362563124416311e-02 1.3208683430300888e-04
1 5 -2.1882752465937835e-02 -2.5407466158601892e-05
1 6 -1.7691234851847974e-02 -4.8182927738920768e-05
1 7 -1.4774527405203977e-02 -8.9347286617339424e-05
1 8 -1.2939002204538523e-02 -2.8772705616419401e-05
1 9 -1.1953083539706500e-02 -2.9381898447378349e-05
1 10 -1.0588375022764900e-02 1.2511849914731763e-05
1 11 -8.5861410002439180e-03 -2.2844341975578775e-05
1 12 -6.7311404925980483e-03 -6.0043334835103086e-05
1 13 -5.1701923181952632e-03 -6.8840201629968355e-06
1 14 -4.0777238477899278e-03 9.5845538483065116e-06
1 15 -3.2041392242535350e-03 1.7718705719109217e-07
1 16 -2.5704500307492163e-03 1.8200717375381664e-06
1 17 -2.2245686685320658e-03 -3.8242015035566995e-06
1 18 -1.8707628725460521e-03 5.1171125541168424e-06
1 19 -1.5548104962720770e-03 3.7316607739528491e-06
1 20 -1.3672770423285515e-03 8.2617026689188367e-06
1 21 -1.2396662598149544e-03 -5.0533525291524306e-07
1 22 -1.1995163255026963e-03 -5.8896579424240626e-06
1 23 -1.2200765994134345e-03 -3.6085954380906561e-06
1 24 -1.2424690307205018e-03 -9.5136992805963832e-06
1 25 -1.2280034839095252e-03 -3.0398829732286141e-06
1 26 -1.0949681304030276e-03 8.0722467723338159e-06
1 27 -9.7803338213449560e-04 6.0639547068835872e-06
1 28 -9.0562070749629071e-04 8.3051868075862031e-07
1 29 -8.0381866246135897e-04 -2.5377910481853611e-06
1 30 -7.0994023350411930e-04 1.6834177941359264e-06
1 31 -6.4315043708376186e-04 1.6596389757287545e-06
1 32 -5.8659442518176140e-04 -1.0288497134367203e-06
1 33 -5.4222040962802827e-04 1.4451724614544943e-06
1 34 -5.5413602235052626e-04 1.8808568124559313e-06
1 35 -6.4154097310850828e-04 3.4604202647503353e-07
1 36 -6.9289563529015502e-04 -2.5508464405287393e-06
1 37 -7.6241823575520491e-04 5.7314327967037716e-06
1 38 -8.5455036970944636e-04 5.3651713309021755e-06
1 39 -9.5042969620679331e-04 -2.8934042286391449e-07
1 40 -1.0996449242689226e-03 4.5762872671616073e-06
1 41 -1.2399045370264027e-03 6.7094058087487292e-06
1 42 -1.3519323984092447e-03 1.1307518950071335e-05
1 43 -1.4451751656744630e-03 -1.0809223564708622e-05
1 44 -1.5563196098944535e-03 -3.2056471184365378e-06
1 45 -1.5934648649029504e-03 -9.0707660357936302e-06
1 46 -1.6251982514486915e-03 -3.6886371065050627e-06
1 47 -1.8618880605507371e-03 -1.9606296282470650e-07
1 48 -2.1736703596333335e-03 -1.2719671059530553e-05
1 49 -2.3872381253555244e-03 -4.5359700944085803e-06
1 50 -2.6060709436129693e-03 -2.1652214831522988e-06
1 51 -2.7351084105852468e-03 2.1159148011204694e-06
1 52 -2.9284418643960451e-03 2.9942866162928326e-07
1 53 -3.4054185501038539e-03 2.1665969062582139e-05
1 54 -3.8549288702852194e-03 3.6545165791139860e-05
1 55 -4.1972221882698949e-03 2.5010710606359945e-05
1 56 -4.7202386982803544e-03 -1.1556343265392201e-05
1 57 -5.4525168541965227e-03 -2.5663239808763099e-05
1 58 -6.2302570454080388e-03 1.1750260522945781e-05
1 59 -7.1148871026290332e-03 2.7785624381319267e-05
1 60 -8.0715810257686697e-03 3.8072604084168488e-05
1 61 -9.2252519673055432e-03 1.0542654881168450e-06
1 62 -1.0430702315321038e-02 -1.2001182213945698e-04
1 63 -1.1968161838938202e-02 -1.9092916130905678e-05
1 64 -1.4147558819216562e-02 3.8279659504747184e-05
1 65 -1.6340996071747649e-02 6.7819840002206504e-06
1 66 -1.8885220245059151e-02 -1.8630153898111787e-04
1 67 -2.3127352537346442e-02 -1.3514484532107257e-04
1 68 -3.0043796363413509e-02 -3.8370497638876576e-06
1 69 -4.4329730375148417e-02 1.1983283146103896e-04
1 70 -7.1687874119271300e-02 6.8367426616457779e-04
1 71 -1.3833789381475453e-01 5.0353239977736963e-04
2 0 -1.4117560264743825e-01 -2.3724976360446261e-03
2 1 -5.6861846454015562e-02 5.7277342430016266e-04
2 2 -3.3301640557741249e-02 -2.8048707958027547e-04
2 3 -2.3942143656283783e-02 5.3607638785726445e-04
2 4 -1.7389674522607281e-02 1.8869046583263742e-04
2 5 -1.3457982771220206e-02 -5.8899330330136671e-05
2 6 -1.1012652742538672e-02 -3.2376021260710020e-05
2 7 -9.1845588808931334e-03 -1.3890394304040882e-04
2 8 -7.9869845550896174e-03 -3.7391767850448753e-05
2 9 -7.3355168631442577e-03 -1.8132050196803195e-05
2 10 -6.4417698142826855e-03 2.0149370912753304e-05
2 11 -5.2136011147922070e-03 -2.0879429714476582e-05
2 12 -4.1254007055678910e-03 -8.0382038463697888e-05
2 13 -3.1812230833169436e-03 -9.8297857127098807e-06
2 14 -2.5319942886137033e-03 1.3259509283011630e-05
2 15 -1.9859535103325054e-03 1.9059003687898494e-06
2 16 -1.5975406686565075e-03 2.3560776063483195e-06
2 17 -1.3845170823052859e-03 -3.6327945972238246e-06
2 18 -1.1533309581368838e-03 7.3160907691723678e-06
2 19 -9.5542773640963218e-04 7.6026037291811026e-06
2 20 -8.4837324342059968e-04 8.5627714754897743e-06
2 21 -7.6509933069513381e-04 -2.4398079135692444e-07
2 22 -7.4371619179265419e-04 -8.9240601504067023e-06
2 23 -7.5878341639042937e-04 -4.2426406315616408e-06
2 24 -7.7009294380749418e-04 -1.0062923308195090e-05
2 25 -7.6659331881791162e-04 -1.1467389215959565e-06
2 26 -6.8168861645655937e-04 1.5308769841335746e-05
2 27 -6.1307324672440274e-04 8.2064116727414527e-06
2 28 -5.6623623479164296e-04 7.1854189521369976e-07
2 29 -5.0086721656017181e-04 -3.5398609088973093e-06
2 30 -4.3913069800096901e-04 3.8584613798540313e-06
2 31 -3.9999959070177195e-04 2.7740230541912016e-06
2 32 -3.6602634285423592e-04 -6.5621568909655732e-07
2 33 -3.3698796227549661e-04 1.4215919928171096e-06
2 34 -3.4187750543402897e-04 1.9306732149588909e-06
2 35 -3.9252901261609076e-04 -7.9413632940081608e-08
2 36 -4.2722039293395942e-04 -2.6688674746055751e-06
2 37 -4.7224302435384068e-04 6.9616933992018726e-06
2 38 -5.3384132131828520e-04 7.4050666482823379e-06
2 39 -5.8917585590925791e-04 -5.8743854271204779e-07
2 40 -6.8180880678790330e-04 4.9519540198293989e-06
2 41 -7.7774595052734579e-04 9.7527447896990364e-06
2 42 -8.4361026913326803e-04 1.4865080526354355e-05
2 43 -9.0009214430126160e-04 -1.3727268715999780e-05
2 44 -9.6672764043162420e-04 -3.3008584686822314e-06
2 45 -9.9769098570667543e-04 -9.1371512058730897e-06
2 46 -1.0053040551559072e-03 -5.5956344782720892e-06
2 47 -1.1561167328274517e-03 4.1069300531718360e-06
2 48 -1.3554598524673745e-03 -1.8479519373330036e-05
2 49 -1.4909378332034142e-03 -7.1992666016684658e-06
2 50 -1.6270433921973303e-03 -1.3459842750753895e-07
2 51 -1.6984170012121344e-03 1.5650784546157845e-06
2 52 -1.8057652058824484e-03 6.6004015296880333e-06
2 53 -2.1115148566011339e-03 2.8090717425454511e-05
2 54 -2.3991793182938301e-03 4.3498686049971684e-05
2 55 -2.5929519775427044e-03 3.6311338267004981e-05
2 56 -2.9254804492033063e-03 -1.4254234040229604e-05
2 57 -3.3772457351674999e-03 -3.2831677797488333e-05
2 58 -3.8379480296657255e-03 9.7992826105836783e-06
2 59 -4.3919019429962836e-03 4.3457923035424618e-05
2 60 -5.0226516735580404e-03 5.0751571877346208e-05
2 61 -5.7258469239251089e-03 -9.0916113121504278e-06
2 62 -6.5032969839339790e-03 -1.8080815692297745e-04
2 63 -7.4559929359179654e-03 -2.8313716348987563e-05
2 64 -8.7108099766308924e-03 7.3332482500180023e-05
2 65 -1.0150296560648267e-02 3.0108395204899426e-05
2 66 -1.1677964612264214e-02 -2.3487500002011502e-04
2 67 -1.4143514911286561e-02 -1.6221547872164572e-04
2 68 -1.8226033361025143e-02 4.3623343763182849e-05
2 69 -2.6569548789757955e-02 1.4247186837353126e-04
2 70 -4.1442378412840326e-02 3.2371951916759578e-04
2 71 -7.1633125541809409e-02 4.1086013794450871e-04
3 0 -5.2117611993181379e-02 -1.7167462121663825e-03
3 1 -2.7101261957447307e-02 4.9100867878216212e-04
3 2 -1.7811350467257368e-02 -1.5629715701946474e-04
3 3 -1.3281256422363583e-02 4.1972930132961098e-04
3 4 -9.8516157657057239e-03 2.1525992247977001e-04
3 5 -7.6451685347915599e-03 -6.6563831620120565e-05
3 6 -6.3346336811737486e-03 3.5217857021788184e-05
3 7 -5.2611660437977218e-03 -1.3802450495372401e-04
3 8 -4.5542782197118747e-03 -4.7061723143760309e-05
3 9 -4.1496163332997082e-03 1.6066578556597634e-05
3 10 -3.5977729704018660e-03 1.9892758514978717e-05
3 11 -2.9131079641000202e-03 1.7743189481111475e-06
3 12 -2.3446240280290470e-03 -7.8436711431058859e-05
3 13 -1.8013035876639648e-03 -5.3787373559876734e-06
3 14 -1.4634708915751266e-03 1.4366980975444504e-05
3 15 -1.1447134206766750e-03 -8.6866655039092152e-07
3 16 -9.2074113969596897e-04 2.9146905631768414e-06
3 17 -7.9771320344082920e-04 7.2893627292076557e-07
3 18 -6.5496993844383602e-04 6.6789296211183613e-06
3 19 -5.4284427305318153e-04 7.3339157537599911e-06
3 20 -4.8906275099394581e-04 5.2861548331678466e-06
3 21 -4.3206216248879953e-04 -5.9759896918816164e-08
3 22 -4.2616611758682755e-04 -9.4701957886175378e-06
3 23 -4.3818782485769840e-04 -3.3752697370493929e-06
3 24 -4.4296464679303835e-04 -8.8928552280086582e-06
3 25 -4.4051948245520773e-04 3.7368547762427127e-06
3 26 -3.9330708185727521e-04 1.9937331387372569e-05
3 27 -3.5837390432002673e-04 7.6283115192809535e-06
3 28 -3.2877221072381228e-04 2.4095113399783715e-06
3 29 -2.8996470377569265e-04 -1.9251214056206101e-06
3 30 -2.5183618496908033e-04 4.9095427171226792e-06
3 31 -2.3199435865433007e-04 1.4440480931650913e-06
3 32 -2.1238649444224920e-04 -2.6286960796960923e-07
3 33 -1.9476375124961404e-04 8.6732120987106603e-07
3 34 -1.9508648278307965e-04 1.7634983137345828e-06
3 35 -2.2093936510692941e-04 -2.2674162858821003e-08
3 36 -2.4459180717473439e-04 -2.1566050597030971e-06
3 37 -2.6956107383440862e-04 5.4520045720171987e-06
3 38 -3.1001331842470245e-04 9.5567520684787277e-06
3 39 -3.3774676460384762e-04 6.8346879792755274e-07
3 40 -3.9157697949356783e-04 4.5900919647200241e-06
3 41 -4.5260225153819541e-04 1.1752381415657613e-05
3 42 -4.8523139568747381e-04 1.2562199705270735e-05
3 43 -5.1895278959347138e-04 -1.3598354446414665e-05
3 44 -5.5639677528768238e-04 -3.3832578643437826e-06
3 45 -5.7605354035767525e-04 -4.3511276924498802e-06
3 46 -5.7268208669580432e-04 -5.3934973599954979e-06
3 47 -6.6650893399064688e-04 7.6414263315532990e-06
3 48 -7.7902949178234161e-04 -1.7079142868737525e-05
3 49 -8.5977118396602899e-04 -9.6749390920156111e-06
3 50 -9.4514397428204378e-04 -1.6742090704629459e-06
3 51 -9.7565120849352964e-04 1.7385691703435584e-06
3 52 -1.0223809274593446e-03 8.6423583953051000e-06
3 53 -1.1984208194989960e-03 2.6390032034622777e-05
3 54 -1.3838927719596777e-03 2.9540211330423923e-05
3 55 -1.4853119140056776e-03 2.8078775656851212e-05
3 56 -1.6725162897478797e-03 -6.0067244110605469e-06
3 57 -1.9333558152882409e-03 -2.4480540940684125e-05
3 58 -2.1809911351192376e-03 3.3327851066672736e-06
3 59 -2.4971693016467879e-03 5.1003400388504570e-05
3 60 -2.9051111220890482e-03 5.5107449416530160e-05
3 61 -3.3048434826993814e-03 -2.1709473875967781e-05
3 62 -3.7502836645805478e-03 -1.9502464212647715e-04
3 63 -4.2901306056766734e-03 -3.6261510227735344e-05
3 64 -4.9620885957221755e-03 6.8918682376440109e-05
3 65 -5.8091397408453673e-03 7.1527120539493231e-05
3 66 -6.6553965113050262e-03 -1.7152289659175956e-04
3 67 -7.9366303490390009e-03 -1.2920080752355022e-04
3 68 -1.0105049594256187e-02 1.2213322729004653e-04
3 69 -1.4458253131278947e-02 8.9246418766051342e-05
3 70 -2.1778900909610661e-02 1.2905794134044356e-05
3 71 -3.4595378639247110e-02 2.3977142356923175e-04
4 0 -2.0189130421441482e-02 -5.6015484244923113e-04
4 1 -1.2448967344861148e-02 2.5591050407421209e-04
4 2 -9.1259949672672265e-03 -7.0540478594040753e-05
4 3 -6.9825606791384899e-03 2.4408630514024304e-04
4 4 -5.3608371947125519e-03 2.2478592287160788e-04
4 5 -4.1776287634520577e-03 -7.1006007711989539e-05
4 6 -3.4738751658883482e-03 6.8950650821871258e-05
4 7 -2.9057340044258972e-03 -1.1887965402290578e-04
4 8 -2.5094501057539163e-03 -4.8743221387002606e-05
4 9 -2.2644702186013677e-03 4.5735640221688843e-05
4 10 -1.9316817737789834e-03 -6.2198874160251607e-06
4 11 -1.5573639709392227e-03 3.8169613683636297e-05
4 12 -1.2823200862717799e-03 -6.0594616287492945e-05
4 13 -9.7901417383634707e-04 6.3517093582102471e-06
4 14 -8.1612992582060331e-04 1.4188216484938256e-05
4 15 -6.3498633208233129e-04 -7.5454334868526152e-06
4 16 -5.0689949032360117e-04 1.6674687846384252e-06
4 17 -4.4236841762312473e-04 3.7180411780762629e-06
4 18 -3.5703917941176699e-04 3.4788560379805837e-06
4 19 -2.9430250238489603e-04 3.1637975497925814e-06
4 20 -2.7112793615215826e-04 1.9062980220380660e-06
4 21 -2.2980507015504261e-04 5.3966371187978863e-07
4 22 -2.3335083921688818e-04 -7.5972497999986347e-06
4 23 -2.4371961600393408e-04 -4.1040015018400079e-06
4 24 -2.4550007498772014e-04 -7.7900825372521844e-06
4 25 -2.4373303419269031e-04 4.2220934594401673e-06
4 26 -2.1906527515878316e-04 2.1694107197699948e-05
4 27 -2.0449443855375928e-04 7.7468405914412513e-06
4 28 -1.8177068812222033e-04 2.9864105936314263e-06
4 29 -1.6116475677736733e-04 -3.1545486891412427e-06
4 30 -1.3894622347678675e-04 3.7956607058040049e-06
4 31 -1.2925414437250899e-04 -1.4687788395275042e-06
4 32 -1.1954769362036007e-04 -8.8491493088836216e-07
4 33 -1.0864836868797329e-04 4.1553152908314148e-07
4 34 -1.0663241880952844e-04 1.2848364939227730e-06
4 35 -1.1948003011407091e-04 -1.2645761812730323e-07
4 36 -1.3593334767163820e-04 -1.4798079717582792e-06
4 37 -1.4711798155122766e-04 2.9522326548299059e-06
4 38 -1.7427530162384029e-04 9.0454973981244623e-06
4 39 -1.8543021947154518e-04 2.5808265441329093e-06
4 40 -2.2061113693214762e-04 3.7303041920358173e-06
4 41 -2.5148328466293232e-04 9.8748615642324707e-06
4 42 -2.6651047930905151e-04 9.5349099275804633e-06
4 43 -2.8956931208384080e-04 -1.2216255231666630e-05
4 44 -3.0556474430038362e-04 -1.8057808800772520e-06
4 45 -3.1728677746628906e-04 3.4110151156384631e-07
4 46 -3.1224478612897110e-04 -4.2362252547770660e-06
4 47 -3.6944459528748171e-04 8.8287461384656345e-06
4 48 -4.3083520428077699e-04 -1.2605479314576187e-05
4 49 -4.7680410239092462e-04 -1.2997055280532850e-05
4 50 -5.3145387586369362e-04 -1.0180978850884636e-06
4 51 -5.4255232674420598e-04 4.0696795494607753e-06
4 52 -5.5474461200601902e-04 4.6659069116248417e-06
4 53 -6.4129648549119528e-04 1.8074213455019194e-05
4 54 -7.6231912320592931e-04 2.2096351459012047e-05
4 55 -8.2147992355281285e-04 1.3443767441616658e-05
4 56 -9.1676115658972414e-04 1.3283673309277363e-06
4 57 -1.0758554091401171e-03 -1.9226314024286204e-05
4 58 -1.1929875859277976e-03 -3.5764722995514011e-06
4 59 -1.3607597322227631e-03 4.6930298234307475e-05
4 60 -1.6120962756403948e-03 5.2747439726064278e-05
4 61 -1.8425261351805522e-03 -2.5902517425409766e-05
4 62 -2.0845877240095447e-03 -1.6731994140817920e-04
4 63 -2.3542132507348369e-03 -3.4410133406949236e-05
4 64 -2.7279883499066811e-03 2.9911348077069357e-05
4 65 -3.1733589799422201e-03 7.4262889889500658e-05
4 66 -3.6384345980504770e-03 -8.9519748115727348e-05
4 67 -4.2445063438726494e-03 -2.8956699295796940e-05
4 68 -5.3295996803849116e-03 1.6172646266270774e-04
4 69 -7.4658438367953481e-03 3.4464472144528688e-05
4 70 -1.0887545988313504e-02 -5.3109677820645541e-05
4 71 -1.6325164711921008e-02 6.3109823320888362e-05
5 0 -7.5214868170385427e-03 -4.3171326392781750e-05
5 1 -5.6957612746794464e-03 1.0329198849971749e-04
5 2 -4.5157206149492278e-03 -2.0822353715217481e-05
5 3 -3.5449234790647741e-03 1.1623306389650295e-04
5 4 -2.8240868306579894e-03 1.7904509374005659e-04
5 5 -2.2346018681054054e-03 -9.5192216114729593e-05
5 6 -1.8286225919835431e-03 6.6992658375791817e-05
5 7 -1.5852279765125907e-03 -7.7452461980151104e-05
5 8 -1.3374552080935452e-03 -3.7110210468925879e-05
5 9 -1.2263761033201169e-03 6.6870731383532434e-05
5 10 -1.0224872283804477e-03 -3.7231922244731351e-05
5 11 -8.1507800935871010e-04 5.2283886405057685e-05
5 12 -6.7893729080366458e-04 -4.3594954985394423e-05
5 13 -5.2038640613443659e-04 7.9258827611174659e-06
5 14 -4.4025103911409750e-04 1.2484960798260076e-05
5 15 -3.4049085239200202e-04 -1.2046888314867753e-05
5 16 -2.6982167876517916e-04 2.8558339488836588e-06
5 17 -2.3981910406699623e-04 3.1084138967156681e-06
5 18 -1.9121104432635728e-04 -5.5484429220025311e-07
5 19 -1.5377835429301623e-04 -1.3549633145916920e-06
5 20 -1.4681151304321607e-04 7.3259341203407424e-07
5 21 -1.1564304061931723e-04 -9.4324709873369770e-07
5 22 -1.2376601263971347e-04 -5.8915238895670623e-06
5 23 -1.3202657666350581e-04 -6.0235782357549242e-06
5 24 -1.3187764839247992e-04 -8.6544495282673208e-06
5 25 -1.3103307971193659e-04 1.3882922506258938e-06
5 26 -1.1958923345118347e-04 1.9162427799583549e-05
5 27 -1.1742340907595583e-04 7.2443443958074516e-06
5 28 -9.8043452484582663e-05 1.3974309647912701e-06
5 29 -8.8821959676763711e-05 -5.4463704598816111e-06
5 30 -7.4482566141680312e-05 2.7854861883249296e-06
5 31 -7.0536320004795967e-05 -3.2573579391880205e-06
5 32 -6.6164149834031276e-05 -4.8082839589848427e-07
5 33 -5.9273040310087265e-05 1.1364298147697122e-07
5 34 -5.6676693404940397e-05 1.1728160296478551e-06
5 35 -6.3458229783856725e-05 2.6145053176741161e-07
5 36 -7.4314398536726197e-05 -3.9225304373055571e-07
5 37 -7.7900421739782118e-05 8.3212028999383483e-07
5 38 -9.5065389414796577e-05 6.3362318376642532e-06
5 39 -9.8223163562603604e-05 2.3277578535640285e-06
5 40 -1.2410551887926045e-04 3.3634277500990223e-06
5 41 -1.3526785192545862e-04 5.1923395773615299e-06
5 42 -1.3983058855117819e-04 6.8680722677495732e-06
5 43 -1.5859293593454348e-04 -8.5611052660622666e-06
5 44 -1.6209888480428090e-04 -2.0319856155191730e-06
5 45 -1.7098618697368434e-04 3.7248167578626950e-06
5 46 -1.6640291025110936e-04 -3.5008570701948215e-06
5 47 -1.9642533887562872e-04 6.2923570210135643e-06
5 48 -2.3072610939041705e-04 -8.1845006268005432e-06
5 49 -2.5934720632054864e-04 -1.1188213808941579e-05
5 50 -2.9405059880022909e-04 1.8115536977703345e-06
5 51 -2.9294038522286164e-04 4.1085705181637466e-06
5 52 -2.9640099573422684e-04 -2.8162457482629514e-06
5 53 -3.2929669377249998e-04 8.1492798759117200e-06
5 54 -4.0544247471945965e-04 2.2089794796688775e-05
5 55 -4.5290567010408710e-04 1.6918272601885534e-06
5 56 -4.7904241038356827e-04 1.1122102014342381e-05
5 57 -5.8360835191491095e-04 -1.0750903918639077e-05
5 58 -6.4261925308489883e-04 -4.6047941815183963e-06
5 59 -7.2266409577632570e-04 3.0771623317180952e-05
5 60 -8.7445705412158214e-04 5.0875100761964199e-05
5 61 -9.9737544227951162e-04 -1.9518573941586306e-05
5 62 -1.1359975925144222e-03 -1.4768212955707706e-04
5 63 -1.2376025871429540e-03 -2.8111762539150464e-05
5 64 -1.4391177499833297e-03 -4.7900460292007272e-06
5 65 -1.6873136207978963e-03 4.4326118212418900e-05
5 66 -1.9536374829609406e-03 -4.5390488736285442e-05
5 67 -2.1808081929582464e-03 6.0130598144793267e-05
5 68 -2.7319148423007099e-03 1.6839070684136409e-04
5 69 -3.7269599304128992e-03 6.9507624581211305e-05
5 70 -5.3481264870617563e-03 -3.4391719427486703e-05
5 71 -7.5666143625544224e-03 5.9482935731796712e-05
6 0 -3.1277840175172656e-03 -2.9946827127654300e-04
6 1 -2.5171754323630550e-03 -2.8631185403619606e-05
6 2 -2.1773134529013468e-03 8.5967774502172569e-06
6 3 -1.7819512528688517e-03 1.1868671067103826e-05
6 4 -1.4653502418519289e-03 1.4997577026633550e-04
6 5 -1.1806415247199479e-03 -1.0584453797908649e-04
6 6 -9.4668214646745287e-04 4.2050250830929742e-05
6 7 -8.6538133971648284e-04 -3.9718401123339542e-05
6 8 -6.9952582968229736e-04 -2.7870808958114694e-05
6 9 -6.8005368658539381e-04 5.1213470795474287e-05
6 10 -5.4433670966193238e-04 -5.7143307334440251e-05
6 11 -4.3004516152389245e-04 4.4716920641026518e-05
6 12 -3.4212367303885160e-04 -2.0344586479143001e-05
6 13 -2.7083132622889445e-04 3.1786388140710029e-06
6 14 -2.2780492714947510e-04 8.7040098634282708e-06
6 15 -1.7709938052892489e-04 -1.3983537089550804e-05
6 16 -1.4220429975715274e-04 2.0862050909021359e-06
6 17 -1.2944802635141768e-04 -2.0242147266131768e-06
6 18 -1.0545633110894628e-04 -4.1032575727487864e-06
6 19 -7.6161102617564163e-05 -1.0982918429571262e-06
6 20 -7.6969459684073441e-05 2.8615232167480601e-07
6 21 -5.4580617841674404e-05 -1.7625219497141303e-06
6 22 -6.2915693728240641e-05 -5.7621933649991225e-06
6 23 -7.1219188252432493e-05 -7.3857668367835674e-06
6 24 -6.7707485982684075e-05 -9.4311791740094237e-06
6 25 -6.9808882927757470e-05 -3.1270262150410864e-06
6 26 -6.2925590360965840e-05 1.6085700073015623e-05
6 27 -6.6541226462909405e-05 5.4639714392533585e-06
6 28 -5.3475480587795300e-05 1.7486390236592952e-07
6 29 -4.9744983017515482e-05 -6.8689937353760856e-06
6 30 -4.0420601745786509e-05 2.3457480567619041e-06
6 31 -3.8816785958105431e-05 -4.0314964553841411e-06
6 32 -3.6652774674050386e-05 3.8195585440622387e-08
6 33 -3.1525693451061642e-05 -2.0150921842501223e-08
6 34 -2.9559545927903330e-05 1.5162643482317459e-06
6 35 -3.2892760590782179e-05 5.4351165025918825e-07
6 36 -3.8748276223276764e-05 5.5579352009996210e-07
6 37 -3.9981503594352805e-05 6.3239740041301450e-07
6 38 -5.0836710312593309e-05 3.7015478542101940e-06
6 39 -4.9454693348204376e-05 1.3734854119880294e-06
6 40 -6.7617944944100086e-05 3.1368406865289977e-06
6 41 -7.1417183449735177e-05 2.2690486145746311e-06
6 42 -6.9687968601884204e-05 5.5899186659446144e-06
6 43 -8.3319325329710186e-05 -2.2920375262335873e-06
6 44 -8.3921542471482229e-05 -3.1111707601576741e-06
6 45 -8.9288805918140521e-05 8.1655287037543290e-06
6 46 -8.6717501402036769e-05 -5.1300417442223028e-06
6 47 -1.0134690474115019e-04 4.0035450105102631e-06
6 48 -1.2003890551161391e-04 -3.1347867490375326e-06
6 49 -1.4034219392048905e-04 -5.1592415288179386e-06
6 50 -1.6019491133318747e-04 4.8446106819012975e-06
6 51 -1.5651841592570099e-04 5.7353528864245013e-06
6 52 -1.5804243419496360e-04 -1.0081924424348234e-05
6 53 -1.6466212955422059e-04 5.0040987381312308e-07
6 54 -2.0878129743542856e-04 2.1301298908068153e-05
6 55 -2.5132563294823858e-04 -8.6962480712453279e-07
6 56 -2.3272883548062064e-04 2.0655524258645052e-05
6 57 -3.1503026673713455e-04 -7.2247613755329388e-06
6 58 -3.4330310564437908e-04 -1.3462573405900367e-05
6 59 -3.7907658252077695e-04 1.2798923434226431e-05
6 60 -4.6445544407345255e-04 5.1166724724811566e-05
6 61 -5.2868347003842892e-04 -1.4552959351565864e-05
6 62 -6.3048532785366378e-04 -1.2737856548489433e-04
6 63 -6.3267900591185448e-04 -2.7139908877193964e-05
6 64 -7.2693706590016833e-04 -1.4379683273995798e-05
6 65 -8.8271725773806124e-04 9.1249043233277588e-06
6 66 -1.0366033429326169e-03 -4.7077446609797874e-05
6 67 -1.0679592379985270e-03 8.4070260127237960e-05
6 68 -1.4045838061728958e-03 1.6593069662188830e-04
6 69 -1.7578261411758988e-03 1.1108841983646646e-04
6 70 -2.5112092457950470e-03 -6.8243810026297857e-06
6 71 -3.4203630584720684e-03 9.7496771104818456e-05
7 0 -1.1458527847737091e-03 -5.7018069095387776e-04
7 1 -1.0143903351483071e-03 -4.2457497870269842e-05
7 2 -1.0158965579039013e-03 5.4299914012643454e-05
7 3 -8.6501208733767449e-04 -4.1448137093278224e-05
7 4 -7.3827354858888451e-04 1.6086815106970291e-04
7 5 -6.3164091827322205e-04 -8.7662570901468178e-05
7 6 -4.8547755781275053e-04 2.1384309966699606e-05
7 7 -4.7546830501426455e-04 -1.0892956794623446e-05
7 8 -3.5640760892966276e-04 -1.7318952852643490e-05
7 9 -3.9991153547494295e-04 3.4629356029174875e-05
7 10 -3.0754888258770739e-04 -6.1907272704992094e-05
7 11 -2.3340299340416553e-04 2.9026292843435668e-05
7 12 -1.5858067776160676e-04 -2.0480840852549767e-07
7 13 -1.3907747677713441e-04 6.7355252093201791e-07
7 14 -1.1338863743120162e-04 9.2846768939909928e-08
7 15 -8.6352876553216502e-05 -1.0450437606913813e-05
7 16 -7.5147272298672587e-05 -7.0570798939185750e-07
7 17 -7.3259419672209525e-05 -6.4434809969299841e-06
7 18 -6.0703868357990614e-05 -6.9847660529190804e-06
7 19 -3.4115315080042150e-05 1.5423777634594594e-06
7 20 -3.8288147164039001e-05 1.5300108376315984e-06
7 21 -2.5483424045241500e-05 -2.5043510725838053e-06
7 22 -3.0401285763443635e-05 -5.1810159988602329e-06
7 23 -3.7631351507081389e-05 -7.8668533969075627e-06
7 24 -3.2017876882058618e-05 -1.0370153188104917e-05
7 25 -3.7427966532590446e-05 -6.2227849437367282e-06
7 26 -3.2165259614592656e-05 1.2249068550720248e-05
7 27 -3.5266427420184347e-05 3.5778954685555678e-06
7 28 -2.9620928864660719e-05 -2.6207501940609794e-07
7 29 -2.9796760913091833e-05 -7.7159200436070144e-06
7 30 -2.2170144765088839e-05 3.4156665646676369e-06
7 31 -2.1401527464539284e-05 -3.5900604108314106e-06
7 32 -2.1645502308302873e-05 1.4202007597682384e-07
7 33 -1.6716729463340183e-05 -2.7476275611505455e-07
7 34 -1.5472615058682760e-05 1.6236664871382081e-06
7 35 -1.6514314622138660e-05 1.0787000778307527e-06
7 36 -1.8794414782922920e-05 1.0150893742898138e-06
7 37 -1.9107839929478889e-05 1.9217770702838890e-06
7 38 -2.5224806161697843e-05 1.2270349513786401e-06
7 39 -2.3572671308352725e-05 2.0005858331085881e-06
7 40 -3.8036586721531094e-05 1.3604851452254975e-06
7 41 -3.6786025002252015e-05 1.2638698266351662e-06
7 42 -3.4930292777021891e-05 5.6840831450293451e-06
7 43 -4.1456614370918320e-05 3.4136271424732697e-06
7 44 -4.2200461052249292e-05 -2.7276375592002135e-06
7 45 -4.6148937419604316e-05 1.0118714658558948e-05
7 46 -4.2477272144107488e-05 -6.4446782290089803e-06
7 47 -5.2573464511072950e-05 3.4447841517829712e-06
7 48 -6.2970650671860699e-05 2.5096182135785866e-06
7 49 -7.8348700441606384e-05 8.4740189221923850e-07
7 50 -8.6990022188660854e-05 3.4315965190859612e-06
7 51 -8.6467753050704392e-05 7.0793167450831433e-06
7 52 -8.5264454217852325e-05 -1.2285147602556586e-05
7 53 -8.0083920023956201e-05 -6.7152743067058661e-06
7 54 -1.0507369871972181e-04 2.0555080668947907e-05
7 55 -1.3340733732542843e-04 3.7720644552975790e-06
7 56 -9.8394585259892504e-05 2.2927973191737750e-05
7 57 -1.6631329391966697e-04 -4.7211930311306680e-06
7 58 -1.8762262099799375e-04 -1.9817811122292264e-05
7 59 -1.9514832112701750e-04 4.2381664209591946e-06
7 60 -2.4801132808301331e-04 4.5581838846810511e-05
7 61 -2.7600118003835033e-04 -1.9502548119549840e-05
7 62 -3.7230251507183693e-04 -1.1116604273866796e-04
7 63 -3.2429953643193333e-04 -4.3854044356912441e-05
7 64 -3.4039499768840151e-04 -1.2775960099937536e-05
7 65 -4.7244491660374384e-04 1.7628507824783287e-05
7 66 -5.4508743718968461e-04 -4.2855897075178107e-05
7 67 -5.2014129955308558e-04 7.5923257311700184e-05
7 68 -7.2348841505509825e-04 1.4986388539833649e-04
7 69 -7.6059652204288840e-04 1.5734434933854449e-04
7 70 -1.0819386610505786e-03 -2.3162308049399838e-05
7 71 -1.5013840399418067e-03 -2.4864670120329003e-05
8 0 -4.3050657765088507e-04 -2.6171131548644581e-04
8 1 -3.2905550711950706e-04 -1.0057513924262378e-04
8 2 -4.8382944159597996e-04 8.4738854387724782e-05
8 3 -4.2016620956901164e-04 -5.8316811602407170e-05
8 4 -3.3151282359541019e-04 1.5715147955092004e-04
8 5 -3.4821381506553887e-04 -3.2504934042202740e-05
8 6 -2.3759621278319229e-04 1.0552608955116282e-05
8 7 -2.6138892623908748e-04 1.1662366655157756e-05
8 8 -1.7170100184223081e-04 6.2320112315311239e-06
8 9 -2.4253315819945426e-04 2.1397524627247300e-05
8 10 -1.8540437481035370e-04 -5.1867829957052123e-05
8 11 -1.3598624523329216e-04 1.7119002873296805e-05
8 12 -7.1401233269091953e-05 1.1193709736001978e-05
8 13 -7.3984265196241176e-05 7.6354458196090100e-06
8 14 -5.2818293897716142e-05 -8.9318836169700271e-06
8 15 -3.7732820356520850e-05 -7.6498308927979896e-06
8 16 -4.1376361266660255e-05 -4.9191587604735253e-07
8 17 -4.3490023664060564e-05 -9.4211173461771158e-06
8 18 -3.6704144566306137e-05 -7.6580083914203679e-06
8 19 -1.4654226464948733e-05 1.9793469925676828e-06
8 20 -1.9358181072420150e-05 3.3613890193103586e-06
8 21 -1.2424873092251354e-05 -6.7860338029805828e-08
8 22 -1.2622994083387840e-05 -4.2851924090395123e-06
8 23 -1.9257183325858131e-05 -5.9837386170019098e-06
8 24 -1.5579841342125262e-05 -8.0201690827708755e-06
8 25 -1.8260830110289353e-05 -6.5639944195698452e-06
8 26 -1.7054773041194601e-05 1.0461799973323816e-05
8 27 -1.7360824557428622e-05 2.6219364556964492e-06
8 28 -1.5206180035668370e-05 1.1038755121620667e-06
8 29 -1.9729638178852273e-05 -7.0429432701356265e-06
8 30 -1.1799503995076762e-05 4.3892625400966157e-06
8 31 -1.1762641285408565e-05 -3.0809049468741490e-06
8 32 -1.2883434254957436e-05 4.6455388377435174e-08
8 33 -8.3317248917161689e-06 -9.1904940663015056e-07
8 34 -8.0457485614297102e-06 1.2968320895971890e-06
8 35 -9.2616919918133804e-06 1.4862759010264605e-06
8 36 -7.8049146732747247e-06 1.6185174203851272e-06
8 37 -7.7732409076171277e-06 2.8633203907085975e-06
8 38 -1.1074316981836302e-05 -5.5923269200778835e-07
8 39 -9.7416896406550334e-06 2.0803972290658839e-06
8 40 -2.2558433465583983e-05 -1.5462758879475487e-06
8 41 -1.8018172771730315e-05 1.9702450881712318e-06
8 42 -1.7069562999995238e-05 4.6525814689043392e-06
8 43 -1.9865122407184805e-05 7.3592270617358281e-06
8 44 -2.1153868980416384e-05 -2.7352992826877899e-06
8 45 -2.6205475473678039e-05 7.0941438113251855e-06
8 46 -1.8177420747315073e-05 -5.9658005166380084e-06
8 47 -2.6817784598866689e-05 3.4646772836507109e-06
8 48 -3.2456132793850381e-05 7.3820633730638087e-06
8 49 -4.7354880947803950e-05 5.4054516769787387e-06
8 50 -4.7216550687898809e-05 1.3114620145180389e-06
8 51 -5.2013473483221738e-05 6.8845765742359911e-06
8 52 -4.5957908708586914e-05 -1.1389030188283723e-05
8 53 -4.4306427552778025e-05 -1.0073117633910418e-05
8 54 -5.6107047013164449e-05 1.7488160154825819e-05
8 55 -6.4921982807298405e-05 1.3070057463195852e-05
8 56 -3.8242203695060098e-05 1.5617578844126493e-05
8 57 -7.9207815329794350e-05 3.2288929284453368e-06
8 58 -1.0741618099416265e-04 -1.6673435435728474e-05
8 59 -9.3738300232288848e-05 5.3113594145621716e-06
8 60 -1.3200388413502472e-04 2.3744361341580038e-05
8 61 -1.4150863833198971e-04 -1.2216773496497924e-05
8 62 -2.3629399020271778e-04 -9.1164192150751755e-05
8 63 -1.7636321284323378e-04 -4.0710983464906539e-05
8 64 -1.4857643365572429e-04 -6.7169731462634059e-07
8 65 -2.7240687239445479e-04 4.6284603467221607e-05
8 66 -2.8732153895028836e-04 -3.3314486310416524e-05
8 67 -2.6777396997978498e-04 5.7963293248138893e-05
8 68 -3.6570468467493432e-04 1.2402946368609172e-04
8 69 -2.8337034624310452e-04 1.5398066640194574e-04
8 70 -4.5800384188524946e-04 3.1350493227256667e-06
8 71 -6.7987192394914459e-04 -1.1816185315556396e-04
9 0 -2.3544309255290645e-04 -1.0550939977725218e-04
9 1 -8.5511241659992339e-05 -8.8066698807489759e-05
9 2 -2.6997676415283162e-04 9.5390064977725667e-05
9 3 -2.3714671334851750e-04 -2.7146858055383271e-05
9 4 -1.0822885586436379e-04 9.6316070113816653e-05
9 5 -1.7645237872994176e-04 1.4743018576447043e-05
9 6 -9.4204224482201838e-05 2.8255429918935792e-05
9 7 -1.5584975478550420e-04 2.2834802809421685e-05
9 8 -8.5286252054336044e-05 1.8517710502206845e-05
9 9 -1.4438989983446649e-04 8.5228812384274781e-06
9 10 -1.1631482956470588e-04 -3.3047301207960623e-05
9 11 -7.6198830655697768e-05 1.0257750580972923e-05
9 12 -3.9343899205379711e-05 1.0713093266693672e-05
9 13 -4.6421575590169814e-05 1.6033749518456323e-05
9 14 -2.1174210639674114e-05 -1.3340741680332082e-05
9 15 -1.3012940336484416e-05 -6.1975784621838101e-06
9 16 -2.3738048425941966e-05 -1.0011890626660751e-08
9 17 -2.7096255630639231e-05 -1.0651496776366644e-05
9 18 -2.4288181910227819e-05 -6.0635560557294946e-06
9 19 -7.7481537318852246e-06 9.2816934209531305e-07
9 20 -1.1040803490044843e-05 5.1549866989680151e-06
9 21 -7.2863186483267386e-06 2.6118023342995650e-06
9 22 -2.5059834773349032e-06 -2.2615928593062013e-06
9 23 -8.5197922217522912e-06 -1.6967482015722633e-06
9 24 -8.0387103697617660e-06 -5.4137267351820829e-06
9 25 -8.8276328579428121e-06 -5.1097699015452247e-06
9 26 -8.9619832252170026e-06 9.2876816759808071e-06
9 27 -8.6529556171749142e-06 9.5427988741056524e-07
9 28 -5.5843637996159072e-06 3.1485460065438615e-06
9 29 -1.3397933708605440e-05 -4.5900318903119795e-06
9 30 -5.9107604258953834e-06 3.8869572524559550e-06
9 31 -6.2158520492147068e-06 -2.3924398566304016e-06
9 32 -7.0450684568489943e-06 -6.6413746337934283e-07
9 33 -3.7779274957130465e-06 -2.2217711105964159e-06
9 34 -4.4212642664215286e-06 9.1211105111533559e-07
9 35 -6.2451784401234606e-06 1.8119001782287988e-06
9 36 -2.6715254923713794e-06 1.7146692359322586e-06
9 37 -2.9013640080371197e-06 2.4593192019462756e-06
9 38 -4.9967816922873054e-06 -1.3776623514441005e-06
9 39 -2.3550126062560565e-06 2.0070547512143350e-06
9 40 -1.4124530085587623e-05 -4.6164209389182217e-06
9 41 -5.8146694550618294e-06 1.9401767731794338e-06
9 42 -7.8443070724352875e-06 5.0283556037006656e-06
9 43 -9.3719685895881844e-06 7.8212798136955821e-06
9 44 -1.1366301981913128e-05 -5.1620231521611006e-06
9 45 -1.6179351291043237e-05 5.3838835283846493e-06
9 46 -7.5701263363920699e-06 -5.1246826871808363e-06
9 47 -1.1777759069768214e-05 4.3136642533582887e-06
9 48 -1.2066292255658931e-05 4.9425160347564081e-06
9 49 -3.1814789835671778e-05 7.1890666804237060e-06
9 50 -2.1535654336750710e-05 -7.4508107068602058e-07
9 51 -3.2701583732974884e-05 8.8966207065517912e-06
9 52 -2.5640176870357565e-05 -1.2929517986219927e-05
9 53 -2.8501221352613085e-05 -6.5918096893026153e-06
9 54 -3.0960327232884746e-05 1.5464083163616144e-05
9 55 -2.5701947096328369e-05 1.7066810422475587e-05
9 56 -1.1252728412371241e-05 3.0696309548948832e-06
9 57 -3.0191180389782873e-05 1.5653009647799216e-05
9 58 -5.2448097993465640e-05 -5.2029874026396223e-06
9 59 -3.3878566252239579e-05 5.6853652913262934e-06
9 60 -6.7839111790211269e-05 -2.4307678486286563e-06
9 61 -8.2494121924212696e-05 -1.1921829061457177e-06
9 62 -1.6087726804402613e-04 -5.8295364567832727e-05
9 63 -1.1267074888818995e-04 -2.6828776001235473e-05
9 64 -5.4568215535077108e-05 1.5404477178771181e-05
9 65 -1.7066205135801046e-04 7.7137510980030495e-05
9 66 -1.5143176936429576e-04 -1.2666441968177949e-05
9 67 -1.6141443671677702e-04 2.4704698802488323e-05
9 68 -2.1360739200702245e-04 9.2509922285957991e-05
9 69 -1.0553725865177254e-04 8.2355115287468598e-05
9 70 -1.9817445857128995e-04 5.2281221784860703e-05
9 71 -2.6397055236192072e-04 -4.7052384644937195e-05
10 0 1.4498811183378196e-04 -2.9079789821116791e-05
10 1 -8.8168710792630012e-06 8.9841096351517269e-06
10 2 -1.5265995627621767e-04 1.4658832453341754e-04
10 3 -1.5684640255388439e-04 1.6731105983607530e-05
10 4 -1.3184573634765875e-06 5.5272517313292432e-05
10 5 -9.4738928521976524e-05 3.1892066262329451e-05
10 6 -2.7117669611113818e-06 3.2331005694268644e-05
10 7 -8.9732399841966205e-05 2.8298491420984606e-05
10 8 -4.5244279628233399e-05 6.4248991194618125e-06
10 9 -8.0862713690874058e-05 4.8098282368221527e-06
10 10 -6.8117744773479419e-05 -2.4066846532927991e-05
10 11 -3.4648892251961413e-05 5.2845288821458289e-06
10 12 -3.4167816164261039e-05 7.9164433105971412e-06
10 13 -3.4037390286047431e-05 2.3741256509114312e-05
10 14 -7.0603165915018642e-06 -1.3080950573626337e-05
10 15 1.0409473948380494e-07 -7.3038389259881960e-06
10 16 -1.4468391650593866e-05 -2.5464492943660971e-06
10 17 -1.5189141702061914e-05 -8.6007445921390299e-06
10 18 -1.8414645646633657e-05 -4.7693080090840917e-06
10 19 -4.9478887876004377e-06 -1.2160118848707849e-07
10 20 -7.1357493750373078e-06 4.5922788760167298e-06
10 21 -5.7460224685656142e-06 4.1731144872096293e-06
10 22 1.9428960865875174e-06 -1.0104429870179313e-06
10 23 -3.6079266382645691e-06 1.5901734362310376e-06
10 24 -4.3695532349569770e-06 -2.2047874489946609e-06
10 25 -4.0448603207686884e-06 -3.2447682961901009e-06
10 26 -4.7365898267243113e-06 7.1748966681085683e-06
10 27 -4.2960576552084121e-06 -9.0173178958905773e-07
10 28 -2.0323052428925599e-06 5.2133044898419078e-06
10 29 -9.1435521627686247e-06 -2.1501091023426872e-06
10 30 -1.6986232741280045e-06 1.9752423663404305e-06
10 31 -2.9159301090313031e-06 -5.7107869153172442e-07
10 32 -3.0633437918441142e-06 -4.6443622198875987e-07
10 33 -1.2507006595718767e-06 -3.6521361659431330e-06
10 34 -2.8341731864330768e-06 9.0931902227540460e-07
10 35 -4.5100353166004106e-06 1.0895365992725123e-06
10 36 3.4225112646302536e-07 5.5324486528778523e-07
10 37 -1.4043006281187648e-06 2.1668373875529930e-06
10 38 -2.2910394248151875e-06 -1.3210847528909187e-06
10 39 1.5214219563936185e-06 1.2830099730588841e-06
10 40 -8.5862500212885783e-06 -5.5597624930883183e-06
10 41 2.2080389354429369e-07 4.6345517506752400e-07
10 42 -2.7701766270253510e-06 4.3151667321776209e-06
10 43 -4.8865447621066111e-06 6.5493247969938592e-06
10 44 -5.3239308850696694e-06 -7.7659929938606890e-06
10 45 -1.0783508346301815e-05 5.1911672385245873e-06
10 46 -4.5364256305686533e-06 -3.8624201064868173e-06
10 47 -1.5444440909771150e-06 6.5005772858300395e-06
10 48 -4.3865386581199921e-07 -4.3188946972768281e-06
10 49 -2.2264593950018426e-05 5.5112049847925037e-06
10 50 -4.2137053519425846e-06 1.1824084679055116e-08
10 51 -1.5824168076691077e-05 9.9372910852650090e-06
10 52 -1.7446894737504673e-05 -1.6804959908860217e-05
10 53 -1.8888863343447239e-05 4.4537563186726354e-06
10 54 -1.5746817965338652e-05 1.6076997755208346e-05
10 55 2.9402726899808717e-06 1.6892879318547826e-05
10 56 -2.4318976952269754e-06 -2.0365956642735464e-06
10 57 -3.0469380099726027e-06 2.6651632197379847e-05
10 58 -1.9810862276462335e-05 -2.5063184010827871e-06
10 59 -1.9539041327356915e-06 -4.7026540924278048e-06
10 60 -3.8337133398914435e-05 -2.7465562282824921e-05
10 61 -5.8410442877167033e-05 -4.5678974853349846e-06
10 62 -1.2330304368703317e-04 -4.1131384410526756e-05
10 63 -7.6859873371530523e-05 -1.6396255082293270e-05
10 64 -2.6344684767976999e-05 2.4891169200494527e-05
10 65 -1.1079461537045992e-04 8.6007443510845662e-05
10 66 -6.2412793961263337e-05 3.5416163428798482e-06
10 67 -1.2929869588202401e-04 -1.8015515717322531e-05
10 68 -1.2698813470445841e-04 1.0562123644966326e-04
10 69 -6.7384189154344142e-05 2.1398698125285856e-05
10 70 -7.7302782846088599e-05 1.5354508958204769e-04
10 71 -1.6707338304125258e-05 3.2636160537125366e-05
