0 0 -1.2729100065259578e+00 -1.2587993990931329e-19
0 1 -2.6444359991502364e-01 2.2855993686106119e-20
0 2 -1.5534189178248087e-01 -1.7977300213075262e-20
0 3 -1.2365745394512627e-01 -1.5579111261779548e-20
0 4 -1.0975934102404018e-01 3.9013606218577063e-21
0 5 -9.6147302409867977e-02 6.9444063420208399e-21
0 6 -8.0836829967031537e-02 3.4904639163192207e-21
0 7 -6.6814897097768278e-02 1.0896675932505880e-21
0 8 -5.2309626095308134e-02 5.6500493734857447e-21
0 9 -4.2481668115351479e-02 -6.0702791434786290e-22
0 10 -3.5519138300546177e-02 1.3870688580773448e-21
0 11 -3.0380608189466210e-02 -2.0574762835161726e-21
0 12 -2.5577677392917934e-02 -5.3372168127508724e-22
0 13 -2.1403881419625900e-02 -1.4738710634192827e-21
0 14 -1.7515917710183522e-02 -2.0246636205068308e-22
0 15 -1.3896171576004193e-02 -5.4889412109149645e-22
0 16 -1.1574434508900368e-02 -2.5372082314631998e-22
0 17 -1.0150114764591574e-02 4.6182731714539237e-23
0 18 -9.0450407690282602e-03 7.2200018549729497e-23
0 19 -8.6850421177751616e-03 5.8443824438252636e-22
0 20 -8.5757566541626914e-03 2.6302418218272072e-22
0 21 -8.4180749873710194e-03 -3.6181091287961574e-22
0 22 -7.7905117195973027e-03 2.5833058572261261e-23
0 23 -6.3369493820839813e-03 -3.3228884337286069e-22
0 24 -5.0150149806428021e-03 2.3078743236929387e-22
0 25 -4.1415367106476027e-03 1.3126764714428833e-22
0 26 -3.4264933363506410e-03 2.3030795544873873e-23
0 27 -2.8059687058655828e-03 4.7204681460400211e-23
0 28 -2.4114993259826386e-03 -2.8196143052082395e-24
0 29 -2.1733500597752625e-03 3.9448403385012435e-26
0 30 -1.9360028957538177e-03 1.5786978721688705e-23
0 31 -1.7171891823023464e-03 3.5106678746371574e-23
0 32 -1.4268599254962540e-03 -2.2921852162177275e-23
0 33 -1.1878518646579103e-03 1.2658325649316263e-24
0 34 -1.0163882563596325e-03 4.4531844785056641e-23
0 35 -8.8382480159860072e-04 4.3571988631799033e-23
0 36 -7.9377660720553460e-04 -4.7630462942841423e-24
0 37 -7.6456673956038336e-04 2.0003492054450044e-23
0 38 -7.8679580424857807e-04 -6.5502809988278402e-23
0 39 -8.2017564488381250e-04 2.7854587114036398e-23
0 40 -8.2230609395584644e-04 4.1262263865074883e-23
0 41 -8.3404383867444307e-04 1.4037088099190199e-23
0 42 -9.1611778311801719e-04 -3.2758177584710911e-24
0 43 -9.9897559384440988e-04 -4.1497541329335544e-23
0 44 -1.1100359573600715e-03 1.5711028505198320e-23
0 45 -1.2956530533353250e-03 -2.9668485418933765e-23
0 46 -1.5304587572093483e-03 8.6295139638480787e-23
0 47 -1.8462213078978100e-03 -5.7422613417417608e-24
0 48 -2.2222887521645171e-03 7.0746474825568146e-23
0 49 -2.5886479433734079e-03 -7.7774089548231146e-23
0 50 -3.1879876242949801e-03 -9.0702569455466214e-23
0 51 -4.1399736657474276e-03 2.9277242062420783e-23
0 52 -5.4346064112393696e-03 5.3610538860788292e-23
0 53 -7.0407243294515545e-03 -5.2789912081430590e-22
0 54 -8.8828217930792836e-03 1.3772090262557470e-22
0 55 -1.1470418926980122e-02 -5.0050001394719908e-22
0 56 -1.4586181312285042e-02 1.8974498469817912e-22
0 57 -1.7088566416833505e-02 -5.0438992311644594e-22
0 58 -1.9723065995934375e-02 5.1812430741741478e-22
0 59 -2.2718557240031367e-02 -3.8471049390751951e-22
0 60 -2.5500247104708100e-02 1.0985889127042315e-21
0 61 -2.9597940619227655e-02 6.7032146926570480e-22
0 62 -3.3650509253720047e-02 -1.0111084527278166e-21
0 63 -3.6972633722931976e-02 -6.4448138512403601e-22
0 64 -3.9340762020393952e-02 1.9220239588956760e-21
0 65 -4.3233254708807796e-02 1.4834673548385419e-22
0 66 -5.2654701024364349e-02 -2.0736659377427969e-21
0 67 -6.6409830297932015e-02 -2.4815577890864828e-22
0 68 -8.1221573673561906e-02 1.0627700941884704e-20
0 69 -9.7360352167974604e-02 7.8486085259084576e-21
0 70 -1.4199920274967123e-01 -1.4895710905852166e-20
0 71 -2.6379807244691622e-01 2.2603418536333356e-20
1 0 -4.3749282307506715e-01 -5.9977028596011812e-04
1 1 -1.8026043743003928e-01 -7.8080569417778782e-04
1 2 -1.1530819951260052e-01 2.8504855611103508e-04
1 3 -9.4089806261560854e-02 -4.3610613811111891e-04
1 4 -8.3692791332851707e-02 5.3816361890587519e-05
1 5 -7.3772326438843239e-02 -8.0923920734828801e-06
1 6 -6.2219442098281980e-02 4.1725372614216118e-04
1 7 -5.1026655790603559e-02 4.3101796954791522e-04
1 8 -3.9990986384155755e-02 3.1623541640784473e-04
1 9 -3.2548013644697213e-02 -2.3393978647105118e-05
1 10 -2.7281355137301410e-02 -7.0065536422444008e-05
1 11 -2.3300408572781529e-02 -1.9941366585908172e-04
1 12 -1.9593756766183190e-02 -1.7792849038294114e-04
1 13 -1.6444850915271890e-02 -1.0481643663331550e-04
1 14 -1.3414704224214789e-02 -9.1860196699960347e-05
1 15 -1.0673043305228226e-02 -4.7033942892680548e-05
1 16 -8.8736606239071380e-03 3.1307677930332514e-05
1 17 -7.7484873891281838e-03 1.5077247026122807e-05
1 18 -6.8955069594425168e-03 -1.5148517467552931e-05
1 19 -6.6464080038246762e-03 2.4634446870703061e-05
1 20 -6.5885618937010313e-03 7.4191940596409581e-06
1 21 -6.4617699967740288e-03 1.0763437954707861e-05
1 22 -5.9492555014277696e-03 -2.4141208367515047e-05
1 23 -4.8332914897963909e-03 -3.9132943897204381e-06
1 24 -3.8412488595009698e-03 -1.4386539008137190e-05
1 25 -3.1701323652851706e-03 -1.4741946259663152e-05
1 26 -2.6155731341091018e-03 -3.5774988941973799e-06
1 27 -2.1355787017854808e-03 -4.8524173884998666e-06
1 28 -1.8419273356209004e-03 6.2765222541043075e-06
1 29 -1.6561976773917172e-03 1.2629871691714394e-05
1 30 -1.4823932760842711e-03 1.5649822296655740e-05
1 31 -1.3137138187609885e-03 5.6711044485440042e-06
1 32 -1.0900132959152607e-03 9.8629606653814759e-06
1 33 -9.0809335706492408e-04 2.4267023478356756e-06
1 34 -7.7325529696205112e-04 -4.6526019904193137e-07
1 35 -6.7342407543609871e-04 -2.1352893958783040e-06
1 36 -6.0635331256865912e-04 -1.6772513506727671e-06
1 37 -5.8351893896338035e-04 -1.4463185637794743e-07
1 38 -5.9958933077199007e-04 5.0512721120909934e-08
1 39 -6.2416983249628398e-04 -2.2506874717810989e-06
1 40 -6.2664541439291994e-04 -2.7303407335217603e-07
1 41 -6.3759647328337911e-04 1.2700568479834715e-06
1 42 -7.0002109203825993e-04 -1.9682125360400369e-06
1 43 -7.6217932083165354e-04 7.7836597504035727e-07
1 44 -8.4782333912783784e-04 -5.7786357912880200e-06
1 45 -9.9043998370968605e-04 -4.8478765441763288e-06
1 46 -1.1681849517795734e-03 3.0438714526765078e-06
1 47 -1.4067382178034474e-03 -3.6232050728242457e-06
1 48 -1.6899094968815830e-03 -3.8377699549959947e-06
1 49 -1.9662712473673656e-03 -1.2959503636457067e-05
1 50 -2.4294209180445825e-03 -1.0362567095235188e-05
1 51 -3.1472094138618343e-03 7.0478760032027684e-07
1 52 -4.1210850147830741e-03 -1.2752439121901323e-05
1 53 -5.3348391877923087e-03 -1.4377270731989605e-05
1 54 -6.7466726780929962e-03 8.6375779253284874e-06
1 55 -8.7568991182516310e-03 4.5012414820610555e-05
1 56 -1.1125637246630685e-02 3.5856183112029124e-05
1 57 -1.3049338954083514e-02 -2.5866964902130678e-05
1 58 -1.5115332521014669e-02 7.8025159511113844e-05
1 59 -1.7362402912840205e-02 1.3823012731521521e-04
1 60 -1.9468526648989997e-02 7.4069751746154460e-05
1 61 -2.2708131695981491e-02 2.1217672395740036e-04
1 62 -2.5777458250052895e-02 1.7173901864858373e-04
1 63 -2.8359804830919436e-02 2.0404621083068154e-04
1 64 -3.0222071773904020e-02 1.8634586151428288e-04
1 65 -3.3079423520416491e-02 2.5344001370837418e-04
1 66 -4.0171619661059303e-02 3.3562534900329549e-04
1 67 -5.0034893479146823e-02 8.2289613325358356e-04
1 68 -6.1579988414980184e-02 8.0210911442616441e-05
1 69 -7.3841492472214831e-02 -2.0480097775485290e-05
1 70 -1.0520985401439747e-01 3.6485320453457889e-04
1 71 -1.7694009325084314e-01 -9.5677651709449776e-04
2 0 -1.6974976101906647e-01 -1.1177972976550947e-04
2 1 -1.0060384714551596e-01 -1.1611985277452937e-03
2 2 -6.8434085403204961e-02 1.9386740110195557e-04
2 3 -5.7554262576643270e-02 -8.7368397493344625e-04
2 4 -5.1673107566887096e-02 -2.3422014658765851e-04
2 5 -4.6430145159767129e-02 2.1181639843377852e-04
2 6 -3.9171616714013799e-02 5.1299178128023720e-04
2 7 -3.1518929268199283e-02 5.3932351506264659e-04
2 8 -2.4779657318265810e-02 4.4914763222756739e-04
2 9 -2.0262263889218583e-02 -3.2267145210843487e-05
2 10 -1.7043358040299415e-02 -3.6805917964680978e-05
2 11 -1.4524437058908450e-02 -3.0304631015955728e-04
2 12 -1.2196816958632752e-02 -2.0365186413040599e-04
2 13 -1.0367469938454497e-02 -1.4293776636805400e-04
2 14 -8.3653212542968858e-03 -1.3076160335682134e-04
2 15 -6.7102268589836877e-03 -5.9210123519923467e-05
2 16 -5.5619937458913776e-03 5.2865916714676055e-05
2 17 -4.8160870547218184e-03 8.4559062209137951e-06
2 18 -4.2746914032802102e-03 -1.9490503363676961e-05
2 19 -4.1445600571259102e-03 3.1101500005543465e-05
2 20 -4.1144935913855563e-03 1.4743820158456809e-05
2 21 -4.0352477935091174e-03 2.7974013584924147e-05
2 22 -3.6704515640279762e-03 -2.3147843608186678e-05
2 23 -2.9784134906396999e-03 -3.8399175160021031e-06
2 24 -2.3808792725511334e-03 -2.7839369738593203e-05
2 25 -1.9646608431809526e-03 -1.7891899640425543e-05
2 26 -1.6230441095011401e-03 -3.7326542226868989e-06
2 27 -1.3115313932273820e-03 -6.6638679718722142e-06
2 28 -1.1413186512250072e-03 1.2301035146441429e-05
2 29 -1.0207406850580095e-03 1.9046640369603464e-05
2 30 -9.2116343127566548e-04 2.0889888257754906e-05
2 31 -8.1143345042691503e-04 9.4708777981777875e-06
2 32 -6.7545712694691627e-04 1.0570503429011905e-05
2 33 -5.6359551946502250e-04 4.2136684844784919e-06
2 34 -4.7605455773554178e-04 -2.5896651288785240e-06
2 35 -4.1577697414068812e-04 -3.2070717491852195e-06
2 36 -3.7717871219523875e-04 -2.1095311534093063e-06
2 37 -3.6087733814782133e-04 2.5684698481111948e-07
2 38 -3.6969167047832077e-04 2.8904481906144373e-07
2 39 -3.8353205468503126e-04 -3.0293560350333905e-06
2 40 -3.8348608045805677e-04 -6.2254922060874638e-07
2 41 -3.9561768843521906e-04 2.1871256347846623e-06
2 42 -4.3490908832585122e-04 -1.1261628559318186e-06
2 43 -4.7010095755493702e-04 2.2012746051530971e-06
2 44 -5.2530315540009228e-04 -7.6061779173708653e-06
2 45 -6.1497382281768171e-04 -4.3226324005756340e-06
2 46 -7.2340083415975258e-04 3.7542449018233530e-06
2 47 -8.6368520246996906e-04 -4.0219648103513372e-06
2 48 -1.0341790916645833e-03 -2.2171398779998924e-06
2 49 -1.2098037108696220e-03 -9.9186985792447650e-06
2 50 -1.5021729736500288e-03 -7.9515749423661302e-06
2 51 -1.9360229818336213e-03 -3.5444530336928182e-06
2 52 -2.5129294578042321e-03 -1.6948175667947238e-05
2 53 -3.2501351426161736e-03 -1.9551613932737774e-05
2 54 -4.1068645802974126e-03 2.6992589959537262e-05
2 55 -5.4061269069703641e-03 7.3237376952735577e-05
2 56 -6.8875363258414880e-03 1.7780521817427578e-05
2 57 -8.0986227736926965e-03 -4.4434470607502093e-05
2 58 -9.4314207119790688e-03 1.0132480844234782e-04
2 59 -1.0799780761314656e-02 2.2854333631476268e-04
2 60 -1.2018237154727881e-02 1.1540754319012911e-04
2 61 -1.4227587485548407e-02 3.0532806455632302e-04
2 62 -1.5988673392153815e-02 2.3110108071697710e-04
2 63 -1.7823884387444453e-02 2.8660177056579774e-04
2 64 -1.8953597192478685e-02 2.7551191837964808e-04
2 65 -2.0595468469247522e-02 3.8657948980106192e-04
2 66 -2.4762745655585582e-02 6.6748054448349543e-04
2 67 -2.9489143764221334e-02 1.0420094562459280e-03
2 68 -3.7586641105451783e-02 5.4830210657872813e-04
2 69 -4.5434353031026845e-02 -5.5162290764562687e-05
2 70 -6.2734404888934434e-02 5.7602389245600433e-04
2 71 -9.6266722240338942e-02 -6.0241208766787912e-04
3 0 -7.1503369456399901e-02 6.4306952791740089e-04
3 1 -5.2749223028368500e-02 -1.0741524166203488e-03
3 2 -3.7170575316907963e-02 -3.2467506426441434e-04
3 3 -3.2280563712334891e-02 -1.4081885706792522e-03
3 4 -2.9838976413296411e-02 -1.7925506151940127e-04
3 5 -2.7657238927216748e-02 4.3580115431645673e-04
3 6 -2.2886144512875645e-02 2.7896736093725754e-04
3 7 -1.7905610836000355e-02 4.1759911257535003e-04
3 8 -1.4068984009986222e-02 4.2805423095680276e-04
3 9 -1.1741267923547578e-02 1.3901197618997680e-06
3 10 -9.8933867762709092e-03 -7.4010947939362427e-06
3 11 -8.3758048908468153e-03 -3.6364213467194055e-04
3 12 -6.9918621294282187e-03 -1.6346850281698212e-04
3 13 -6.0989434222411838e-03 -1.3142787656828859e-04
3 14 -4.8203958483467512e-03 -1.4078752769157771e-04
3 15 -3.9183933142176060e-03 -5.1252830621673564e-05
3 16 -3.2603681440346905e-03 6.5441733768318322e-05
3 17 -2.7792231698380702e-03 -6.5278416976639870e-06
3 18 -2.4702990720374533e-03 -2.3547953347372135e-05
3 19 -2.4019056031736727e-03 3.6238760719968505e-05
3 20 -2.3732006005889321e-03 1.3047902812027000e-05
3 21 -2.3166804164976899e-03 3.6339740970003378e-05
3 22 -2.0716009455744146e-03 -5.6919321807979211e-06
3 23 -1.6766757590132447e-03 -1.4521844079184083e-05
3 24 -1.3533905695117616e-03 -2.7763504526269956e-05
3 25 -1.1197803281757708e-03 -1.2953229525243102e-05
3 26 -9.3205108389934519e-04 -3.0479214096046326e-06
3 27 -7.4307608100432105e-04 -6.2405947092970945e-06
3 28 -6.5363478226009703e-04 1.6654600740513704e-05
3 29 -5.7832492867077045e-04 1.7364645000375720e-05
3 30 -5.2683663347628264e-04 2.1302971589080356e-05
3 31 -4.6001725060017419e-04 1.2246799415215112e-05
3 32 -3.8667118038749075e-04 6.2185672805947391e-06
3 33 -3.2204254055360945e-04 4.5564752239941083e-06
3 34 -2.7005183450127770e-04 -5.4029130496407912e-06
3 35 -2.3816952073791017e-04 -3.2462837491773509e-06
3 36 -2.1772283630157183e-04 -1.5828604738602365e-06
3 37 -2.0645112486273223e-04 1.0398463408111606e-06
3 38 -2.1075917260595457e-04 7.7683111647500964e-07
3 39 -2.1676130662926421e-04 -1.7025680043343252e-06
3 40 -2.1516186697417933e-04 5.2940622371166203e-07
3 41 -2.2783427358536565e-04 1.2479728781646205e-06
3 42 -2.5067381650636911e-04 1.6638835198249506e-07
3 43 -2.6860491760330013e-04 3.8305393330806107e-06
3 44 -3.0236032081515948e-04 -5.7177048299107323e-06
3 45 -3.5496038505147153e-04 -1.7940917462977114e-06
3 46 -4.1715112610620300e-04 3.8456927522966083e-06
3 47 -4.8834654490106878e-04 -8.0464482163077789e-06
3 48 -5.8554027077240781e-04 8.3861720881492813e-07
3 49 -6.8894930436470575e-04 -3.4896280580931969e-06
3 50 -8.6046198981453543e-04 6.0709900866968265e-07
3 51 -1.0983644101227208e-03 -7.7353887359819450e-06
3 52 -1.4111094007954229e-03 -1.0903445979365001e-05
3 53 -1.8329468014360879e-03 -1.8079850955518633e-05
3 54 -2.2828823133134047e-03 2.4637950169574123e-05
3 55 -3.0644044113932942e-03 8.1834949881965703e-05
3 56 -3.9482755458751656e-03 -3.2690777642291978e-05
3 57 -4.6932849507294655e-03 -4.6611643741025253e-05
3 58 -5.4873505898008785e-03 6.5320986039002406e-05
3 59 -6.2647448166878068e-03 2.7090522342591475e-04
3 60 -6.8239368565120783e-03 1.7051481708968191e-04
3 61 -8.2806541047737853e-03 2.8197065131295147e-04
3 62 -9.0950167460624540e-03 1.8253243408783844e-04
3 63 -1.0430120018768103e-02 1.8527669133080318e-04
3 64 -1.0982230877524457e-02 2.6332927984388420e-04
3 65 -1.1977283553746779e-02 2.8306784882098672e-04
3 66 -1.4106555335152430e-02 9.2358901673772822e-04
3 67 -1.5560214427717758e-02 8.9427400547347250e-04
3 68 -2.1190511711206148e-02 8.2088847606473210e-04
3 69 -2.5946448313469112e-02 4.7892180022228354e-05
3 70 -3.4334468426871462e-02 4.4204582035043338e-04
3 71 -4.7986097941666382e-02 -2.3229579242740604e-04
4 0 -3.1575700500357871e-02 1.7717658103870147e-03
4 1 -2.6848828744968564e-02 -9.9458519105679851e-04
4 2 -1.9369744279344868e-02 -4.8198577315930024e-04
4 3 -1.7241452384890256e-02 -1.4936694278309022e-03
4 4 -1.6728020629791607e-02 5.8780105107520624e-05
4 5 -1.6284756810557178e-02 5.1148672501725707e-04
4 6 -1.2859184191055653e-02 -1.5617727093013102e-04
4 7 -9.7454845640191565e-03 1.8222602270894588e-04
4 8 -7.5973208099276929e-03 3.4458680211278626e-04
4 9 -6.5938986062542690e-03 3.0918282810872320e-05
4 10 -5.5529833700663448e-03 -2.9043241900728946e-05
4 11 -4.7005977358768455e-03 -3.8205755628217499e-04
4 12 -3.8444642080088212e-03 -1.0090239785469845e-04
4 13 -3.4627054109538182e-03 -1.1627516685995758e-04
4 14 -2.6378502963072376e-03 -1.0746402080722408e-04
4 15 -2.2147850201035364e-03 -3.4301767238538221e-05
4 16 -1.8563559212872323e-03 6.5734863479543256e-05
4 17 -1.5255943581530462e-03 -2.7809289057441066e-05
4 18 -1.3883605288108293e-03 -2.3948250747521320e-05
4 19 -1.3476324792271782e-03 3.6617234492147845e-05
4 20 -1.3158668922700291e-03 8.3851101237013941e-06
4 21 -1.2671675483408983e-03 3.4286827964204986e-05
4 22 -1.1161000750999170e-03 6.1696190338287244e-06
4 23 -8.9659311933713620e-04 -2.4730500867020736e-05
4 24 -7.2576947940130926e-04 -1.7240076297201288e-05
4 25 -6.0645869076421182e-04 -1.0063704347262122e-05
4 26 -5.1295228025656286e-04 1.0562917931275588e-07
4 27 -4.0475923282946727e-04 -5.5881859832948875e-06
4 28 -3.5900814813181163e-04 1.7431355431592419e-05
4 29 -3.1501745097461053e-04 1.1302015813125253e-05
4 30 -2.8705594280401680e-04 1.7371799840587771e-05
4 31 -2.5134825995544587e-04 1.4402415906047197e-05
4 32 -2.1430046593253380e-04 7.5771423264069935e-07
4 33 -1.7670955640160526e-04 2.4769503816042636e-06
4 34 -1.4641701702842330e-04 -7.5279863975079964e-06
4 35 -1.3159748577497462e-04 -3.3250695384373286e-06
4 36 -1.2041437814024115e-04 -8.1621058349293588e-07
4 37 -1.1266140406538603e-04 1.7760021711789971e-06
4 38 -1.1547409580601115e-04 1.1003261203469497e-06
4 39 -1.1693569144721885e-04 -4.2883387154500701e-07
4 40 -1.1552188166302290e-04 2.0961403598934708e-06
4 41 -1.2628847617247909e-04 -3.2941409279983900e-08
4 42 -1.3902839422489627e-04 2.1714793054061644e-07
4 43 -1.4774237442609950e-04 4.3233041620114208e-06
4 44 -1.6656109103308444e-04 -9.6183877451773458e-07
4 45 -1.9668550568943932e-04 -3.6524276460311809e-08
4 46 -2.3276801097782643e-04 3.7788342165091415e-06
4 47 -2.6423602884425841e-04 -1.1430001676944688e-05
4 48 -3.2021651428603098e-04 1.5756822528427360e-06
4 49 -3.7761963597959672e-04 8.8295052693123083e-07
4 50 -4.7802008976638449e-04 9.7068109173502198e-06
4 51 -6.0616060935871118e-04 -5.1908680370146602e-06
4 52 -7.5663754801235132e-04 -7.7603361522817053e-06
4 53 -9.9079121228938115e-04 -1.0319604550211452e-05
4 54 -1.1824023719624295e-03 6.9656943306693488e-06
4 55 -1.6608544180861252e-03 7.1663872903223954e-05
4 56 -2.1840676865344786e-03 -6.7104915633956567e-05
4 57 -2.6484729139425794e-03 -5.1234820981521397e-05
4 58 -3.1117438901223917e-03 2.6597144776581931e-05
4 59 -3.4932104806622215e-03 2.5432651725185211e-04
4 60 -3.7141816116032186e-03 1.9998650167802741e-04
4 61 -4.6474761527630143e-03 1.8333507266010159e-04
4 62 -4.9450507576885025e-03 1.3657474895503410e-04
4 63 -5.8820041187706432e-03 7.8578675327245709e-05
4 64 -6.0564505194149482e-03 2.1811842595809508e-04
4 65 -6.6836549892610800e-03 1.1232350162134551e-04
4 66 -7.8222510400482587e-03 1.0004837862757486e-03
4 67 -7.7426894260168170e-03 5.4660216811109252e-04
4 68 -1.1295560566552346e-02 6.8284154336538318e-04
4 69 -1.4140079659181331e-02 1.3444054537729318e-04
4 70 -1.7835322646264005e-02 7.1116405203240835e-05
4 71 -2.3413330924133797e-02 7.2619544890874111e-05
5 0 -1.4326015221310578e-02 9.8172802392890363e-04
5 1 -1.3512458374511462e-02 -7.3388384294308432e-04
5 2 -1.0009750989723860e-02 -4.2586177121534780e-04
5 3 -9.0874654716619346e-03 -1.1959919654725292e-03
5 4 -9.1439271834963341e-03 3.1492864675638122e-04
5 5 -9.3280822477336354e-03 3.9822026386700167e-04
5 6 -7.1000617345920100e-03 -4.5782650640601000e-04
5 7 -5.0460794131499407e-03 4.8129764900556090e-06
5 8 -3.9664903947262435e-03 1.8830242770367491e-04
5 9 -3.6712659073519578e-03 4.9741021102481433e-05
5 10 -3.0478902677502531e-03 3.4781953907183140e-06
5 11 -2.6207277958170947e-03 -3.4762254699065580e-04
5 12 -2.0206493953780968e-03 -3.4157985796958006e-05
5 13 -1.9421933226505133e-03 -8.8789451141404527e-05
5 14 -1.3894500325990341e-03 -6.7221237569234629e-05
5 15 -1.2249089851607254e-03 -3.1162885850597010e-05
5 16 -1.0301823227804928e-03 5.9656742619077485e-05
5 17 -7.9422946649252042e-04 -4.6576324304514398e-05
5 18 -7.8361951654480025e-04 -2.2770313733354078e-05
5 19 -7.3254194162023412e-04 2.0215667458539202e-05
5 20 -7.1452559398076196e-04 1.8994479860862023e-07
5 21 -6.6991096297012824e-04 3.2375252449113610e-05
5 22 -5.8333783856318554e-04 1.3114819305184054e-05
5 23 -4.7075040120370880e-04 -2.8719274958097561e-05
5 24 -3.7190107148071490e-04 -8.1018566824286424e-06
5 25 -3.1542752980827046e-04 -9.3415766688454720e-06
5 26 -2.7733409234383853e-04 3.4777145685622624e-08
5 27 -2.1582900288317925e-04 -4.5788453623080465e-06
5 28 -1.9119997969124260e-04 1.4173937315665191e-05
5 29 -1.6729526391604728e-04 5.0249246674016602e-06
5 30 -1.4923060278205602e-04 1.3277405514785959e-05
5 31 -1.3269197879376448e-04 1.2494099165437224e-05
5 32 -1.1729794542940577e-04 -2.6999159066528511e-06
5 33 -9.5061662327535377e-05 -2.1592113108436990e-07
5 34 -7.7525134539056762e-05 -9.6155704607405405e-06
5 35 -7.1176724704235056e-05 -2.6683252186276812e-06
5 36 -6.3175776642165947e-05 1.9749445840868225e-08
5 37 -5.9454366034025528e-05 1.6122873996737549e-06
5 38 -6.2250572623768954e-05 1.1112653435902994e-06
5 39 -6.0299543343592598e-05 -6.8309076815493719e-08
5 40 -6.0037932881734834e-05 3.4739747127992449e-06
5 41 -6.8995117013585412e-05 -1.6032323936019616e-06
5 42 -7.6046827718762979e-05 4.0269043159062923e-07
5 43 -8.0154219516989566e-05 3.2994228908570105e-06
5 44 -8.8891961332288771e-05 2.7142311445050122e-06
5 45 -1.0708747430021587e-04 4.3525352640045528e-07
5 46 -1.2837143312532441e-04 2.0036179990091805e-06
5 47 -1.3758704488585073e-04 -1.0422557179942734e-05
5 48 -1.7116966535087884e-04 7.7614504088726731e-07
5 49 -2.0063065388129859e-04 1.7410375705273505e-06
5 50 -2.6079501055109551e-04 1.2760114017133876e-05
5 51 -3.2958228260041391e-04 -1.6556474708415953e-06
5 52 -3.9077045436418693e-04 -1.1436141878232721e-05
5 53 -5.1695559510227631e-04 -1.0598041317615820e-05
5 54 -5.6196149235753314e-04 -1.4260489660855299e-06
5 55 -8.8358713554829375e-04 6.2382474346583863e-05
5 56 -1.1836719037110908e-03 -6.3539297400334424e-05
5 57 -1.4537335668342083e-03 -6.0331177350406234e-05
5 58 -1.7338572220269681e-03 1.0662431444055303e-05
5 59 -1.8651167202876494e-03 1.9161016053687160e-04
5 60 -2.0061011174762034e-03 1.6445336899827606e-04
5 61 -2.5465001672306336e-03 1.1204141740859617e-04
5 62 -2.5985964420705472e-03 1.1681884981273028e-04
5 63 -3.2529902958179755e-03 7.1220582096969136e-05
5 64 -3.1949080036747742e-03 1.6304030700586982e-04
5 65 -3.5801181180987042e-03 2.2565322460767220e-05
5 66 -4.2486157094094330e-03 7.8124965265059158e-04
5 67 -3.6375061973659968e-03 2.6242251366943468e-04
5 68 -5.6354794842704576e-03 3.3325535162355039e-04
5 69 -7.4040711121013151e-03 3.7816679059864002e-05
5 70 -8.7452057457140797e-03 -1.5594828648345146e-04
5 71 -1.1371007885238848e-02 -2.5863156969021649e-05
6 0 -6.6044110531529743e-03 4.8689854878915083e-04
6 1 -6.7822979161979331e-03 -4.0688812747782896e-04
6 2 -4.9429373314316977e-03 -8.2518137713573331e-05
6 3 -4.7641693256311431e-03 -7.5472410484796301e-04
6 4 -4.8150838696910652e-03 2.9007855582160227e-04
6 5 -5.2527648489786218e-03 2.7897056003973439e-04
6 6 -3.8240947506635384e-03 -5.6552183423646694e-04
6 7 -2.4144841852759211e-03 -3.2750093700070391e-05
6 8 -2.0682674184295670e-03 4.7414665808522529e-05
6 9 -2.0444399823029646e-03 5.2392582235762305e-05
6 10 -1.6190987340022143e-03 2.3389215187334564e-05
6 11 -1.4306092428968910e-03 -2.7028278256802660e-04
6 12 -1.0234938150769550e-03 4.3525774584789349e-05
6 13 -1.0687632637574518e-03 -5.1468336734810394e-05
6 14 -7.1229902770766440e-04 -2.8819301973431110e-05
6 15 -6.7029251112088537e-04 -2.8942380260521999e-05
6 16 -5.6001965918278977e-04 4.1651764851186493e-05
6 17 -3.8625275069755069e-04 -5.2993611131552616e-05
6 18 -4.5021779953690526e-04 -1.9301199146443531e-05
6 19 -3.8972984073141348e-04 -1.8955826578331126e-06
6 20 -3.8012764359909228e-04 1.5105746580260003e-06
6 21 -3.4237244512958458e-04 2.0188637633823079e-05
6 22 -2.9145066342214790e-04 2.0493547848127092e-05
6 23 -2.4626951407760202e-04 -4.0872383729939891e-05
6 24 -1.8370625518474940e-04 -2.9731646958791034e-06
6 25 -1.6373428992839400e-04 -9.1796468080944278e-06
6 26 -1.4998742383408057e-04 2.6646239022532319e-06
6 27 -1.1304635173085310e-04 -2.0045031035818781e-06
6 28 -1.0064254244725540e-04 7.7697281887311882e-06
6 29 -8.5014963245700701e-05 1.4942654975653635e-06
6 30 -7.5191514781856281e-05 1.0546763948846357e-05
6 31 -6.6715116675594859e-05 8.7381747868284840e-06
6 32 -6.5649041778238659e-05 -5.9238321514760014e-06
6 33 -5.1055058032862978e-05 -1.2856204298935699e-06
6 34 -4.0204588371184174e-05 -1.0288182260944457e-05
6 35 -3.7314133081783036e-05 -1.4929309357169016e-06
6 36 -3.1326976811841548e-05 6.8177459577043273e-07
6 37 -3.0543997554995668e-05 7.9930115426952119e-07
6 38 -3.3896142981945161e-05 1.3773472250238294e-06
6 39 -3.0940288585844158e-05 -6.2476660878585391e-07
6 40 -2.9830646183768929e-05 3.2974515289452304e-06
6 41 -3.7753700731195904e-05 -2.6335976165656070e-06
6 42 -4.2081409003418115e-05 1.1994999920877915e-06
6 43 -4.3296360034788875e-05 1.4723224386335804e-06
6 44 -4.7185614647801192e-05 3.8099703259428605e-06
6 45 -6.0032571598942011e-05 -1.2816873341094491e-06
6 46 -6.8835325592981274e-05 -9.4924838456556043e-07
6 47 -6.8818222085384714e-05 -7.6442622381133146e-06
6 48 -8.9842079242193466e-05 2.2041559448643639e-06
6 49 -1.0312349893107092e-04 1.5100980563907663e-06
6 50 -1.4218621402553884e-04 6.2998288939365803e-06
6 51 -1.7875638170240248e-04 5.1875428802508223e-07
6 52 -1.9755953639250204e-04 -1.3143490056144234e-05
6 53 -2.5675478237277474e-04 -1.4597833979112217e-05
6 54 -2.3843329611512266e-04 -1.1794730391932070e-05
6 55 -4.6746711893960638e-04 4.3605854085289289e-05
6 56 -6.4160633798326309e-04 -3.0445149440509976e-05
6 57 -8.0735285259231067e-04 -4.5211199248830344e-05
6 58 -9.3487325833625020e-04 1.3736862467752693e-05
6 59 -9.5387714292412935e-04 1.2585467791265850e-04
6 60 -1.0769758076037915e-03 1.2769921129745203e-04
6 61 -1.3785413283806396e-03 3.5412597859942379e-05
6 62 -1.2883400819882721e-03 7.1219588870204901e-05
6 63 -1.8181290568817714e-03 1.1071104840784336e-04
6 64 -1.6811389672790869e-03 1.2612415091301860e-04
6 65 -1.8603020050240472e-03 -1.3286130604288375e-05
6 66 -2.1654050571376722e-03 5.7056533264115375e-04
6 67 -1.6145221711411889e-03 1.0547941421141236e-04
6 68 -2.7346610866624405e-03 -1.5550653521276187e-06
6 69 -3.7080604997694372e-03 -2.3502893619224447e-04
6 70 -3.9816536841902747e-03 -1.1699960635632191e-04
6 71 -5.3318100556515617e-03 -3.5924566402419301e-04
7 0 -3.5157199793786563e-03 8.4311119769413028e-04
7 1 -3.4063366833703541e-03 -1.0563765374304211e-04
7 2 -2.2234170304112270e-03 3.7440843249670491e-04
7 3 -2.4557311782306022e-03 -5.1157754856887569e-04
7 4 -2.5882421687698763e-03 3.3629605882599597e-04
7 5 -2.8388202038567272e-03 2.1354235522406156e-04
7 6 -2.0365109165394585e-03 -6.1428535291325440e-04
7 7 -1.0624484787552168e-03 -2.4602689844317324e-06
7 8 -1.1030650258103457e-03 4.0793164845311474e-05
7 9 -1.1362115087018116e-03 2.3602112007429944e-05
7 10 -8.4639001893825009e-04 -2.3419178528068689e-05
7 11 -7.5624943448032646e-04 -1.7287579908015189e-04
7 12 -5.1925030682448625e-04 1.0881170901580943e-04
7 13 -5.8999557506809845e-04 -2.3015290046966655e-05
7 14 -3.6085543156099022e-04 -9.2231699116568790e-06
7 15 -3.7541390629142115e-04 -2.7334982989836159e-05
7 16 -3.0049128063377366e-04 2.5207220284538001e-05
7 17 -1.7768020793308527e-04 -4.8193256138205858e-05
7 18 -2.6145185178153089e-04 -6.2008551217315158e-06
7 19 -2.1850289384447256e-04 -1.4275367695906274e-05
7 20 -1.9431910885667013e-04 1.4417080219183759e-05
7 21 -1.6813209511902771e-04 5.9791364523656850e-06
7 22 -1.4160519508257233e-04 3.3028510141092390e-05
7 23 -1.2796908384637512e-04 -4.9244887596552218e-05
7 24 -9.2448136499665622e-05 -3.9446016671447940e-06
7 25 -8.0503527093926894e-05 -7.3583811760473187e-06
7 26 -8.4678800612665375e-05 3.9098429802328950e-06
7 27 -5.7973150900236041e-05 -3.8011510001462269e-06
7 28 -5.3123279941494837e-05 4.1911121044593750e-06
7 29 -4.0278039335414215e-05 4.6099903957590190e-07
7 30 -3.4756329213636228e-05 9.2732833250895206e-06
7 31 -3.1581916980363543e-05 4.6193137442866078e-06
7 32 -3.8765195163862290e-05 -6.1410484068924371e-06
7 33 -2.8079079625624850e-05 -1.0031157106559421e-06
7 34 -1.9954494288035685e-05 -8.9304141248570848e-06
7 35 -1.8136364396366574e-05 -1.3348885742460542e-06
7 36 -1.4007500872482353e-05 1.4103772488124858e-08
7 37 -1.6396987446104207e-05 9.6494283616985449e-07
7 38 -1.8464509211588895e-05 2.1962471540400066e-06
7 39 -1.6105410285873146e-05 -1.8433740818299603e-06
7 40 -1.3999970640639562e-05 3.5922626055429275e-06
7 41 -2.1641436794722463e-05 -3.2611923063015133e-06
7 42 -2.3547156956051888e-05 2.1955984577200276e-06
7 43 -2.3143392990166398e-05 1.1400814798144976e-08
7 44 -2.4771338314077894e-05 3.7285194600378664e-06
7 45 -3.4738630780262047e-05 -2.0733353023752208e-06
7 46 -3.4993249351867952e-05 -8.2894681239132988e-08
7 47 -3.4207644868423553e-05 -4.1140225526238054e-06
7 48 -4.7886132464674797e-05 4.4930927183077816e-06
7 49 -5.0831557486336603e-05 -6.6762605203775324e-07
7 50 -7.7803853012665657e-05 -3.1354974837596401e-06
7 51 -9.4430093064995369e-05 2.7277749894247864e-06
7 52 -1.0066006167016755e-04 -1.4656432518175409e-05
7 53 -1.2183186647460740e-04 -1.8776978755719143e-05
7 54 -8.4228234149453442e-05 -2.4548639310062073e-05
7 55 -2.4133808966028043e-04 3.8548512143236773e-05
7 56 -3.3904573668290441e-04 -2.5881109014546673e-06
7 57 -4.5185888825252082e-04 -2.4611851266978527e-05
7 58 -4.8676652969378560e-04 1.6702230566912622e-05
7 59 -4.7374730401540335e-04 5.9191553325513998e-05
7 60 -5.8120570344277734e-04 1.2144896676007192e-04
7 61 -7.7052681029184350e-04 -4.4906607561062726e-05
7 62 -6.0262495680094810e-04 3.9917971869737320e-05
7 63 -1.0528723415015510e-03 1.1271418235030650e-04
7 64 -8.5310345691428507e-04 8.5516218501287267e-05
7 65 -9.6454466655581501e-04 -9.6180897830876910e-05
7 66 -9.0370898559978942e-04 4.1630541433344901e-04
7 67 -7.4340928213748568e-04 -2.5826666597569281e-05
7 68 -1.2812598360912584e-03 -2.7519338586649264e-04
7 69 -1.8034769934064450e-03 -4.5995593836256854e-04
7 70 -1.4952946581892159e-03 5.6252597973417537e-05
7 71 -2.4689834185472664e-03 -5.0595239206289435e-04
8 0 -2.2661999276600213e-03 5.5808713943186750e-04
8 1 -1.7268487320704468e-03 -9.1340113854648125e-05
8 2 -9.0935977376977275e-04 5.9833299304084392e-04
8 3 -1.1595600351425718e-03 -3.8084007133900476e-04
8 4 -1.4093757222601970e-03 4.4744973832501928e-04
8 5 -1.4501395312864736e-03 1.2183200460930524e-04
8 6 -1.0457661568977806e-03 -5.9256019196972636e-04
8 7 -3.7630530367456337e-04 3.4355159848847906e-06
8 8 -5.8056033519446543e-04 1.2470225744083262e-04
8 9 -6.1183474887447958e-04 6.1364989554823998e-06
8 10 -4.3411866162924753e-04 -4.4292491611528337e-05
8 11 -3.9252346235032636e-04 -1.2238346054536123e-04
8 12 -2.7863170082373791e-04 1.5762315060543320e-04
8 13 -3.3814602802935672e-04 -1.1559627439329699e-05
8 14 -1.9246751799793910e-04 -1.0519988662451058e-05
8 15 -2.1318221766569769e-04 -2.3946842542316962e-05
8 16 -1.5064105342782558e-04 8.0336281624974522e-06
8 17 -8.5955494018345925e-05 -3.3944912857411608e-05
8 18 -1.5865912359510048e-04 1.4139061667462723e-06
8 19 -1.3911150071056804e-04 -1.3468564325601256e-05
8 20 -9.9323456395196738e-05 2.5902490852495704e-05
8 21 -7.7970504049376619e-05 -5.2759707897950961e-06
8 22 -6.8066244899102457e-05 4.1602245747811016e-05
8 23 -6.6041755138685537e-05 -5.3116919986060759e-05
8 24 -4.3724140624359193e-05 -2.5375680910616153e-06
8 25 -3.2908524577579635e-05 -2.0226446031600732e-06
8 26 -4.8977700756202606e-05 6.2031480106190831e-06
8 27 -2.9992984918071644e-05 -5.6453698989601373e-06
8 28 -2.8503454003666738e-05 4.6182918129666864e-06
8 29 -2.1029589318092343e-05 -3.3493468886310636e-07
8 30 -1.4501222979180431e-05 6.8697106945784495e-06
8 31 -1.5724968896987707e-05 1.8690297802981991e-06
8 32 -2.2525669120154922e-05 -5.7128790807507798e-06
8 33 -1.6389527220911546e-05 -5.0036398531311274e-07
8 34 -9.0022083265433241e-06 -7.4971191999156761e-06
8 35 -7.5909218042363310e-06 -1.4108923720793164e-06
8 36 -5.1193943328358604e-06 -5.0166782746779022e-07
8 37 -9.7436664464333938e-06 7.6499457387875517e-07
8 38 -9.4898640819058789e-06 1.6961548472816439e-06
8 39 -8.9528331689399560e-06 -2.6929059570265155e-06
8 40 -6.4458816864428621e-06 4.3290469341514687e-06
8 41 -1.3509557266990708e-05 -3.5409849327728638e-06
8 42 -1.3428322603058114e-05 2.3626007307219058e-06
8 43 -1.2097385768991295e-05 -7.4585520488254994e-07
8 44 -1.2650778012654454e-05 3.8752936043270361e-06
8 45 -2.0510691559451003e-05 -2.7196004742340509e-06
8 46 -1.5887704747775771e-05 4.5251000337912564e-06
8 47 -1.6356260222092491e-05 -1.5816920338162387e-06
8 48 -2.6392813654071156e-05 5.8103273717409924e-06
8 49 -2.4584761200376952e-05 -2.8689866942230244e-06
8 50 -4.1323427813922509e-05 -1.0201175404079900e-05
8 51 -5.1220503869150933e-05 5.3549995752022471e-06
8 52 -5.5310285755289112e-05 -1.9972121273191123e-05
8 53 -5.4967351186123439e-05 -2.4454443115547961e-05
8 54 -1.1277630325848769e-05 -4.3323414889113440e-05
8 55 -1.1859273918306811e-04 3.6565067407417843e-05
8 56 -1.8526274039386311e-04 1.1776349909405237e-05
8 57 -2.3300239060693699e-04 -5.7820434142527140e-06
8 58 -2.3879329457802747e-04 1.6200860949923222e-05
8 59 -2.1514060386907785e-04 -1.9029828658227472e-05
8 60 -3.1928568005039755e-04 9.9405453709266650e-05
8 61 -4.4831108975434855e-04 -8.4512104009802364e-05
8 62 -2.5724154015005805e-04 2.2596250273806045e-05
8 63 -5.9345233119606391e-04 8.6638555848934392e-05
8 64 -4.4145004560861370e-04 4.9970833954880702e-05
8 65 -5.1809506392505133e-04 -1.4767501634756631e-04
8 66 -2.1156412135562720e-04 3.2055587397682785e-04
8 67 -4.2203696590328778e-04 -1.5676309014477083e-04
8 68 -5.7119733931798762e-04 -4.6169281477834899e-04
8 69 -8.4484768858722633e-04 -4.3949826614552860e-04
8 70 -3.9317661844923005e-04 1.4339451047192862e-04
8 71 -1.2010838100643226e-03 -5.2145379624769935e-04
9 0 -1.7210866105140108e-03 5.6099125271958153e-04
9 1 -8.9744811936597741e-04 -2.9344150976813506e-04
9 2 -3.3488363999273498e-04 5.6160390635005006e-04
9 3 -5.3775847079885926e-04 -2.6308750486308164e-04
9 4 -7.8815738171446000e-04 5.2801845913874178e-04
9 5 -6.3619262361424048e-04 3.5127991337710852e-06
9 6 -4.6678173761208826e-04 -4.7377052153282077e-04
9 7 -1.1131879880576182e-04 -4.7392632725074106e-05
9 8 -2.9910657146551352e-04 2.0410763299233561e-04
9 9 -3.0034055260311232e-04 2.3942053708062193e-05
9 10 -2.2235269269618146e-04 -4.7572266858879644e-05
9 11 -1.7348914884473727e-04 -8.4619635664150126e-05
9 12 -1.6253836612034492e-04 1.7781988826888820e-04
9 13 -1.9695282631288920e-04 -3.5559664316713912e-06
9 14 -1.0472371929170101e-04 -3.0862792101964102e-05
9 15 -1.2832884611624877e-04 -1.6262011317451592e-05
9 16 -5.4769401596974029e-05 -9.8858391143075920e-06
9 17 -5.8164231569281228e-05 -1.5764680698309385e-05
9 18 -9.9762694638638071e-05 -6.8169530001163651e-07
9 19 -1.0513773152054057e-04 -1.8704834737651985e-05
9 20 -5.7344725162085530e-05 3.6656067098967492e-05
9 21 -3.6179098778848965e-05 -1.6547252756212823e-05
9 22 -3.7519874056615928e-05 4.3509665457937581e-05
9 23 -3.1337504054542397e-05 -5.7604963277165769e-05
9 24 -1.5948364765374173e-05 2.8941387536424142e-06
9 25 -9.2405088569915993e-06 1.7378378271773842e-06
9 26 -2.7317491790294157e-05 6.3449386287609498e-06
9 27 -1.5493875309168695e-05 -5.9866193293669691e-06
9 28 -1.5592877907099877e-05 4.9575913595983164e-06
9 29 -1.3892352407375568e-05 -2.3234220376173386e-06
9 30 -5.0716430171829874e-06 2.8365539675699626e-06
9 31 -9.3548490180778105e-06 5.4982593312482159e-07
9 32 -1.3065839738686288e-05 -3.0605395544482963e-06
9 33 -8.7703809422376093e-06 -1.0530306056003656e-06
9 34 -4.9011344329594206e-06 -5.3927381979432800e-06
9 35 -1.9481190819178831e-06 -9.3505137000933594e-07
9 36 -7.8541113593818638e-07 -9.2314857254274950e-07
9 37 -5.9345994506345219e-06 3.7223205263223195e-08
9 38 -4.5331187858508113e-06 2.8605986671694732e-07
9 39 -5.1097740029122724e-06 -2.2387660061585436e-06
9 40 -4.0958242997406041e-06 4.2533268735521833e-06
9 41 -9.4700008048474733e-06 -3.4460422335798744e-06
9 42 -7.2898530148864830e-06 2.7297892095442291e-06
9 43 -5.4373127233051141e-06 -4.4509939521421009e-07
9 44 -6.5571610136952840e-06 3.2655516285087441e-06
9 45 -1.0444964436789191e-05 -2.7048240340078563e-06
9 46 -6.4137022655752202e-06 7.4434232279567790e-06
9 47 -8.9551099522252469e-06 -1.0871629263543445e-06
9 48 -1.6785788770066626e-05 5.4379486720893201e-06
9 49 -1.3626308668133647e-05 -3.0332880003979724e-06
9 50 -2.2727771523957505e-05 -1.2835919097132574e-05
9 51 -3.3496934973419073e-05 6.9311876969177958e-06
9 52 -3.7903132979176762e-05 -2.3263529442262842e-05
9 53 -2.8864221460418414e-05 -2.5279142456566183e-05
9 54 2.3484100209267778e-05 -5.2346008093946801e-05
9 55 -4.6620992565306649e-05 3.1222792916315424e-05
9 56 -9.2012976680929613e-05 -1.4675065752145031e-07
9 57 -1.0090681361013766e-04 -1.2905712865968179e-05
9 58 -1.1158597639818832e-04 5.3294060862911028e-06
9 59 -8.4610655885282112e-05 -6.5174584723333510e-05
9 60 -2.0083916422121336e-04 4.9935137135757437e-05
9 61 -2.8124336048811996e-04 -7.3548746055445525e-05
9 62 -9.5477717814712693e-05 2.2265993669605275e-05
9 63 -3.2346473275605573e-04 5.6793257767953199e-05
9 64 -1.7943359140150790e-04 2.0309802437974681e-05
9 65 -2.7778192197076455e-04 -1.4471560162865061e-04
9 66 8.3891513074998639e-05 2.8182569464253710e-04
9 67 -3.0546240468820845e-04 -1.9492912778019928e-04
9 68 -2.7272620715496261e-04 -4.9722785024927186e-04
9 69 -3.7872601048302522e-04 -2.3630233443664239e-04
9 70 1.1031273727389771e-05 1.0051440218801685e-04
9 71 -6.2307272787919768e-04 -3.4774271773268167e-04
10 0 -1.2640825566226442e-03 5.1685289820586216e-04
10 1 -4.9329548557164543e-04 -4.7647540935936495e-04
10 2 -1.1340491097027223e-04 3.5835799542698483e-04
10 3 -3.3814253402990151e-04 -1.7082724924839365e-04
10 4 -5.3631265042775544e-04 5.4075342008971664e-04
10 5 -1.2581517652108368e-04 -8.5804753322123953e-05
10 6 -1.5778282758507504e-04 -3.4693103837172320e-04
10 7 -6.4355500508364100e-05 -1.2838089226574787e-04
10 8 -1.6552914719486440e-04 2.1168588916759944e-04
10 9 -1.3375265023435473e-04 1.0997416327859587e-05
10 10 -1.2481352080142183e-04 -7.5661203733972556e-05
10 11 -5.4609426865111060e-05 -4.7223121224405797e-05
10 12 -1.4455690642235227e-04 1.7538801727004665e-04
10 13 -9.9010557342596610e-05 -9.9861117752913497e-06
10 14 -5.7248947695747938e-05 -6.1702088829923641e-05
10 15 -7.8093956499831690e-05 -1.7089326350323235e-05
10 16 2.1737402739644659e-06 -8.2605013425681261e-06
10 17 -4.6758730987303920e-05 -1.1654280832671447e-06
10 18 -6.3872206160213766e-05 -5.7823302530940851e-06
10 19 -8.0245469002212529e-05 -2.3697571062914862e-05
10 20 -2.7355189685414997e-05 3.9276483264089988e-05
10 21 -1.9937559104399052e-05 -2.0220369529841943e-05
10 22 -3.1158956870839700e-05 3.9713444756720795e-05
10 23 -1.5734577356177589e-05 -5.2010149506937461e-05
10 24 2.5303245108197889e-06 1.4172607926125029e-05
10 25 -1.6823029473779802e-06 2.5238252572297839e-06
10 26 -1.2135025446019495e-05 4.2478027838182506e-06
10 27 -8.4353292310083968e-06 -6.2153066997289348e-06
10 28 -7.0306401006739293e-06 4.7726109174896735e-06
10 29 -1.1125900198723345e-05 -3.1734727692934033e-06
10 30 -2.4084725389169424e-06 -1.5267996724401518e-06
10 31 -5.3611195923260706e-06 3.7657961074946774e-07
10 32 -7.7535734089652752e-06 1.3695579130917331e-06
10 33 -4.4011058453367981e-06 -2.3143661405955643e-06
10 34 -3.6831446809739094e-06 -4.3865112068450217e-06
10 35 1.0732777385535407e-07 -4.8631197548688675e-07
10 36 5.0740789143501287e-07 -1.6671085748184728e-06
10 37 -2.8748272440001776e-06 -2.4594265818256117e-07
10 38 -2.0588545681552525e-06 -6.2975617367884456e-08
10 39 -2.7058064235590351e-06 -5.4021665142351179e-07
10 40 -3.6841679555574634e-06 2.5425728407107510e-06
10 41 -6.5604146031446212e-06 -2.9289784362105050e-06
10 42 -3.8830883418776558e-06 1.9319110757779952e-06
10 43 -2.1404446106044051e-06 6.0179185082786298e-07
10 44 -4.2031199228059829e-06 -3.5450162278949893e-07
10 45 -4.0646553070802877e-06 -2.5684890165023126e-06
10 46 -1.9488217438386914e-06 7.3974529758792957e-06
10 47 -7.2620009144015502e-06 -9.6368529753063026e-07
10 48 -1.2394396656142914e-05 6.8470595711275454e-06
10 49 -8.8049185385137055e-06 -3.1775202898584229e-06
10 50 -1.0259448493391515e-05 -1.3925115958686394e-05
10 51 -1.9752316365185622e-05 3.5575322425668252e-06
10 52 -3.5584615308560651e-05 -1.8026199445778638e-05
10 53 -1.0210827868995600e-05 -1.9829143121068476e-05
10 54 4.2692207620080657e-05 -4.1215057087565358e-05
10 55 -2.3399315515197998e-05 2.7043634484761709e-05
10 56 -3.5541237669653385e-05 -1.3061522432674826e-05
10 57 -3.9060558414334821e-05 -3.1632580181373482e-05
10 58 -4.8114337985099754e-05 -6.0130902418280219e-06
10 59 -2.2152923784996799e-05 -6.5360749960580370e-05
10 60 -1.4124361926185413e-04 1.8252983184991541e-05
10 61 -1.7780357405227439e-04 -5.4287247439810426e-05
10 62 -5.3927139099135409e-05 1.6243742826959574e-05
10 63 -1.7630889037266697e-04 2.3635353031711174e-05
10 64 -3.5537174921182311e-05 3.9022818812418530e-05
10 65 -1.5009416436423455e-04 -8.5283117360135231e-05
10 66 1.1060380501418674e-04 2.6704806513178065e-04
10 67 -2.0674061552291903e-04 -1.7561443088214349e-04
10 68 -2.2044709224030957e-04 -4.3218554611201403e-04
10 69 -1.4724972548421173e-04 -1.2087390120018072e-06
10 70 1.2920938852254088e-04 -9.9473682818069110e-06
10 71 -3.8928968441048057e-04 -3.7441471587478279e-04
