0 0 -1.1413401850346445e+00 -2.0714297245113142e-19
0 1 -1.5171217368723700e-01 -1.7726633572431548e-19
0 2 -5.5399506735217048e-02 1.1175085569831361e-20
0 3 -2.5709574411429036e-02 2.3161084793611270e-21
0 4 -1.5167575790998805e-02 -1.5412040285722339e-21
0 5 -1.0729674907947037e-02 9.7413524442483175e-22
0 6 -8.3545407691248113e-03 7.4911111463077083e-22
0 7 -6.9230559973738233e-03 -7.6844368242743926e-23
0 8 -6.1934055799261669e-03 1.3960018715386462e-22
0 9 -5.4167404853295220e-03 3.8543453569376408e-23
0 10 -4.5808816911625952e-03 -2.7906329907829370e-24
0 11 -3.8428688079889441e-03 -4.8200164436891516e-23
0 12 -3.1911099588027526e-03 -1.0182406928531906e-22
0 13 -2.6539960932575233e-03 -4.7700452936586635e-23
0 14 -2.2324308060204107e-03 1.4829441526710676e-23
0 15 -1.9032203179954110e-03 4.3187198173930119e-24
0 16 -1.6743491730260957e-03 -4.8376518271053733e-24
0 17 -1.4349406432197893e-03 -1.2035442197944006e-23
0 18 -1.2337203119762239e-03 3.2990718320785769e-23
0 19 -1.0729514755456573e-03 2.4387762252735326e-24
0 20 -9.5310364810609978e-04 1.8185657240790922e-23
0 21 -8.5623573830013891e-04 6.3837709649757579e-24
0 22 -7.8382872903322808e-04 3.2025728702718350e-24
0 23 -7.1323329208676013e-04 -1.1771813954460146e-23
0 24 -5.7183335294494898e-04 3.8443511851361800e-24
0 25 -4.2369674376589977e-04 1.2363907988649369e-24
0 26 -3.2161303779922799e-04 -1.0480219105611609e-23
0 27 -2.5359937381958154e-04 -6.4137424319299649e-24
0 28 -2.0250596798218371e-04 -1.3223707669580470e-23
0 29 -1.6873874246677297e-04 1.4391173485637977e-24
0 30 -1.4688956585507973e-04 -5.9022001564007981e-24
0 31 -1.3368230941309273e-04 -1.6036604349388819e-24
0 32 -1.2886795512578598e-04 5.5951154357978838e-24
0 33 -1.2502726592105443e-04 -2.0164492467215839e-24
0 34 -1.2252951531146374e-04 -2.2129311685469126e-24
0 35 -1.2572859768924166e-04 -5.2956947651157032e-24
0 36 -1.3405027824013325e-04 4.4611216649959286e-25
0 37 -1.4038808735694668e-04 3.1091268919235836e-24
0 38 -1.4160411230734426e-04 -7.1409200649001807e-24
0 39 -1.4566707736839667e-04 3.9281026574129584e-24
0 40 -1.5475161158384532e-04 1.8844754865687072e-24
0 41 -1.7050260118910395e-04 1.0524968121925138e-23
0 42 -1.8332017441169364e-04 1.0717515067684602e-23
0 43 -1.9219517794861468e-04 -1.4435839041682537e-24
0 44 -2.0887306680383662e-04 -6.8439177870362429e-24
0 45 -2.3479368057918056e-04 -1.6823250844321536e-24
0 46 -2.6570929492611856e-04 -5.4261026008529411e-24
0 47 -3.1247546430649304e-04 -2.1348402429758652e-23
0 48 -3.7617965707942508e-04 -3.1895993817711773e-24
0 49 -4.5610833074381595e-04 -2.0541458243167752e-23
0 50 -5.4305621069002542e-04 -3.7960555910425987e-24
0 51 -6.2331987009576117e-04 1.5247300699378490e-23
0 52 -7.4333485399420197e-04 1.9084261814272801e-23
0 53 -8.9795217297149144e-04 5.7755998233584839e-24
0 54 -1.1041739072003578e-03 3.3493953162624084e-23
0 55 -1.4104483080804942e-03 -2.3842400379645563e-23
0 56 -1.7602770026659230e-03 -1.2848898755118780e-23
0 57 -2.0769824425662191e-03 8.8561544475245618e-23
0 58 -2.4459952151270731e-03 -1.0667232368744081e-22
0 59 -2.8668228170494327e-03 8.6086134355636929e-23
0 60 -3.2898266387853029e-03 -5.0349321472549498e-23
0 61 -3.7944823968958539e-03 6.6159364362885503e-24
0 62 -4.6101887304450268e-03 -8.2253639865352797e-23
0 63 -5.6892499858910003e-03 -2.0095546910375883e-22
0 64 -7.0601422487606537e-03 1.3769416075245852e-22
0 65 -8.3925686632579516e-03 -3.3304009425214534e-22
0 66 -1.0133083032398139e-02 -2.4315212108909981e-22
0 67 -1.2557999395558576e-02 -7.5585884534210543e-22
0 68 -1.6179510118305342e-02 3.9442925220174618e-22
0 69 -2.2246526797107116e-02 -2.5297458282036276e-21
0 70 -4.1941030669601156e-02 4.6441550360706208e-21
0 71 -1.2965106567303666e-01 4.3858700274006229e-21
1 0 -3.3217398850979679e-01 2.1987176574225526e-04
1 1 -8.8689685622778819e-02 6.3553865916420905e-04
1 2 -3.8734041182932014e-02 1.5794831241172966e-04
1 3 -1.9008893404112385e-02 -1.3617522307046934e-04
1 4 -1.1544220620406170e-02 -3.5687740257848291e-05
1 5 -8.2160606334476527e-03 -2.1111935902288497e-06
1 6 -6.3645694111375828e-03 1.7955457719245357e-06
1 7 -5.2819122620212499e-03 -2.0896195125889175e-05
1 8 -4.7195747187022173e-03 2.2980252634640420e-06
1 9 -4.1229950719765488e-03 7.7536738036893882e-07
1 10 -3.4965418892055748e-03 2.0091234818809543e-05
1 11 -2.9359160913215326e-03 2.4706500191457569e-05
1 12 -2.4352118991156093e-03 3.4634344392576169e-06
1 13 -2.0264251703675977e-03 1.2137618727419845e-08
1 14 -1.7000121036046200e-03 -1.0902381276644830e-06
1 15 -1.4502668526312167e-03 8.2894835643243339e-07
1 16 -1.2760086155994606e-03 -4.3399936084050389e-06
1 17 -1.0927598226651116e-03 -2.1984177430602377e-06
1 18 -9.4303071966275926e-04 -2.1156795937887849e-06
1 19 -8.2420199973118596e-04 3.4695896325187396e-07
1 20 -7.3155649698447654e-04 -2.1587654829226670e-06
1 21 -6.5555653406553817e-04 -2.7328607177119844e-06
1 22 -5.9828330067787606e-04 4.7377193896863006e-07
1 23 -5.4301279979956625e-04 1.8741990556867932e-06
1 24 -4.3555467457456710e-04 1.9116898317998112e-06
1 25 -3.2205652619311917e-04 -1.2511542881088808e-06
1 26 -2.4525729610330450e-04 -9.0529357031313194e-08
1 27 -1.9316288704537824e-04 -2.5139646484638134e-07
1 28 -1.5463033309663413e-04 -6.5956130342731785e-08
1 29 -1.2923591865639339e-04 -9.2900411798539914e-08
1 30 -1.1213522479666212e-04 -2.0207263409519584e-07
1 31 -1.0228201929166674e-04 -3.2022414128631215e-07
1 32 -9.8555186748061291e-05 -1.4321416928310044e-07
1 33 -9.5363949455992277e-05 9.4812625123380069e-08
1 34 -9.3682652611617919e-05 2.4627807934868686e-07
1 35 -9.6211187998491426e-05 -5.1682188938161331e-08
1 36 -1.0276226415540154e-04 1.2908991084475675e-07
1 37 -1.0726852598333622e-04 -7.0276062561320311e-07
1 38 -1.0837180503124803e-04 -4.0367581186882554e-07
1 39 -1.1151195644443717e-04 7.1556317757272611e-07
1 40 -1.1821853144943590e-04 4.3045595446193714e-07
1 41 -1.3060612458136195e-04 2.8378917060060346e-07
1 42 -1.3998273024701149e-04 2.7314745789305195e-07
1 43 -1.4710993627852759e-04 5.8330826765484838e-07
1 44 -1.5953898949136518e-04 1.9920526426588702e-07
1 45 -1.7843276814705122e-04 2.0997382630840862e-07
1 46 -2.0256406094528381e-04 7.6173363700082172e-07
1 47 -2.3892105733904504e-04 -2.2472144907634451e-07
1 48 -2.8705671442676953e-04 -4.2266268225564374e-07
1 49 -3.4713793949013637e-04 -4.1180053764858246e-07
1 50 -4.1438794994714319e-04 -1.8876447188976162e-06
1 51 -4.7705845967255754e-04 -8.3928382148076650e-07
1 52 -5.6747892530129940e-04 1.7605474856372529e-06
1 53 -6.8773077389045021e-04 1.1308814144310847e-06
1 54 -8.4230000443924339e-04 2.2753514537029076e-06
1 55 -1.0743996639799012e-03 -2.7356146869273556e-06
1 56 -1.3488431487916226e-03 -5.3122406225052805e-06
1 57 -1.5918680739301638e-03 -5.9334347352566678e-07
1 58 -1.8692993060534203e-03 3.1320343179631151e-06
1 59 -2.1814849181689216e-03 1.1447678895999914e-05
1 60 -2.5094433651920794e-03 9.1098112995159430e-06
1 61 -2.8985236961777965e-03 -7.3658332631748241e-06
1 62 -3.5172803289758425e-03 1.9627681960692249e-06
1 63 -4.3299914873381638e-03 -2.5651003929444984e-05
1 64 -5.3731029152366445e-03 1.0719218438819495e-06
1 65 -6.3924369076102522e-03 1.5237453344758564e-06
1 66 -7.7314826022013769e-03 9.4103673767520051e-06
1 67 -9.5654295503713512e-03 7.1337911363435807e-07
1 68 -1.2268210332339938e-02 -3.3904522095629336e-05
1 69 -1.6590501569715112e-02 2.1154322515069096e-05
1 70 -2.9590717361860489e-02 -2.6554927477984134e-05
1 71 -7.5468089460039453e-02 3.0381273605983069e-04
2 0 -1.0398757403786674e-01 -1.1574544009697455e-03
2 1 -4.1562317037775534e-02 1.6160093306924716e-04
2 2 -2.1324687702781495e-02 1.3682070039969948e-04
2 3 -1.1103750598519214e-02 -1.4560806327068031e-04
2 4 -7.0936822325301180e-03 -2.2668396619559986e-05
2 5 -5.1132856018733536e-03 1.7224955068543304e-05
2 6 -3.9418154332353924e-03 6.8871970891226680e-06
2 7 -3.2635996773115322e-03 -3.4474319214654373e-05
2 8 -2.8927911570609749e-03 9.2213578753128043e-06
2 9 -2.5488325278222395e-03 5.9892366514574870e-06
2 10 -2.1645376103419539e-03 2.7970746134391615e-05
2 11 -1.8241722437388171e-03 2.9527810782482924e-05
2 12 -1.5051886052736413e-03 1.9032156825528819e-06
2 13 -1.2559279683183548e-03 1.7533734182085058e-06
2 14 -1.0477678056189817e-03 -4.0808657004577644e-06
2 15 -8.9383678869414044e-04 2.8134468608228902e-06
2 16 -7.8718654300060991e-04 -5.0009885181846974e-06
2 17 -6.7522996797220538e-04 -3.5129234777004799e-06
2 18 -5.8541507536647125e-04 -2.7941569827617400e-06
2 19 -5.1534262006730134e-04 -8.3189742206502185e-07
2 20 -4.5740491892223720e-04 -2.1836793213536991e-06
2 21 -4.0736127375271344e-04 -4.7330408468357805e-06
2 22 -3.6952902936496012e-04 5.1654619955746545e-07
2 23 -3.3528180130189245e-04 3.4824151297431037e-06
2 24 -2.6881638529109982e-04 2.6417886750514847e-06
2 25 -1.9738808657421224e-04 -1.7555156657237350e-06
2 26 -1.5172426040712382e-04 1.3447532499210005e-07
2 27 -1.1879136103647424e-04 -7.5403336777692553e-07
2 28 -9.5835071073633137e-05 -4.7612856797557306e-07
2 29 -8.0320692713810727e-05 -2.3653609715295136e-08
2 30 -6.9284620895693850e-05 -2.6593699994255712e-07
2 31 -6.3475424963310701e-05 -3.8197268439588247e-07
2 32 -6.1135892417498857e-05 -1.7588031203398450e-07
2 33 -5.8813244860544859e-05 1.7043302942999839e-07
2 34 -5.7831122961081742e-05 4.6240310670548173e-07
2 35 -5.9490765931514198e-05 -1.6424497020633415e-07
2 36 -6.3723033750450080e-05 2.3218164565858399e-07
2 37 -6.6368116049156530e-05 -8.9088094083348954e-07
2 38 -6.7362442684053649e-05 -4.7996084979863319e-07
2 39 -6.9489651265567474e-05 9.9033807263151781e-07
2 40 -7.3078673958620202e-05 5.3163040304466890e-07
2 41 -8.1514388219334927e-05 6.3542606900842883e-07
2 42 -8.7336386237945807e-05 5.9260992971225366e-07
2 43 -9.1884770943206413e-05 1.1002282343956567e-06
2 44 -9.9315428188742947e-05 1.3097669107058181e-07
2 45 -1.1019315379156880e-04 2.1933964931896032e-07
2 46 -1.2545896818337327e-04 1.0463414018973437e-06
2 47 -1.4861696099328347e-04 -2.5363304175994784e-07
2 48 -1.7709574820213149e-04 -3.1659632749183919e-07
2 49 -2.1359423471176511e-04 -4.9283712166056473e-07
2 50 -2.5652114873091556e-04 -2.6090959103210025e-06
2 51 -2.9776596122861723e-04 -1.5712002225454609e-06
2 52 -3.5128719312868366e-04 2.4889857538349167e-06
2 53 -4.2693949550014264e-04 1.1507180547093731e-06
2 54 -5.2186636470705693e-04 3.0158128674131727e-06
2 55 -6.6440032554671187e-04 -4.7728835377651515e-06
2 56 -8.4142134977574295e-04 -9.6852661049901782e-06
2 57 -9.9551299699733348e-04 -1.9212849661509282e-06
2 58 -1.1570410770823081e-03 2.1501694936232997e-06
2 59 -1.3431672613235673e-03 1.5995703074140209e-05
2 60 -1.5523441969565789e-03 1.5640070474632199e-05
2 61 -1.7945571525642297e-03 -9.1851915026838762e-06
2 62 -2.1644498438755828e-03 6.1897836697033732e-06
2 63 -2.6647677650601109e-03 -3.3694144936368991e-05
2 64 -3.3153880384757806e-03 1.1066338909259879e-05
2 65 -3.9295662212631057e-03 3.7465310955412315e-06
2 66 -4.7652205662289055e-03 2.0350846021148543e-05
2 67 -5.8841160342450729e-03 1.2864091822593934e-05
2 68 -7.4893208950596738e-03 -9.4691328588976129e-05
2 69 -9.8448559714564340e-03 9.4599109488181451e-06
2 70 -1.6585487151723741e-02 -2.0731634767125622e-06
2 71 -3.4587302293607965e-02 1.5705892931423810e-04
3 0 -3.5476973562308070e-02 -1.3306198092000769e-03
3 1 -1.9117404460207939e-02 -5.4574238728741968e-04
3 2 -1.0914519473473137e-02 2.5673070399983368e-04
3 3 -5.8982074638842885e-03 -1.1233027649449835e-04
3 4 -3.9838495571813074e-03 1.2366865309031557e-05
3 5 -2.9510420512447624e-03 5.6377460413706325e-05
3 6 -2.2678492991823306e-03 1.4818703307691920e-05
3 7 -1.8566020916573967e-03 -3.6753975459456060e-05
3 8 -1.6342263789615773e-03 1.7518754308594445e-05
3 9 -1.4739720782989106e-03 8.7340493692959537e-06
3 10 -1.2407470312242083e-03 2.9302933328478358e-05
3 11 -1.0495941315781447e-03 2.8227974707351512e-05
3 12 -8.5806604424955746e-04 8.7655690737069874e-07
3 13 -7.1875125135112904e-04 3.0590186123293921e-06
3 14 -5.9738932259715909e-04 -5.6674874076388222e-06
3 15 -5.0797012518356062e-04 3.3961678752487264e-06
3 16 -4.4837408953935876e-04 -3.8159854604293701e-06
3 17 -3.8830590815615274e-04 -2.9098584977782992e-06
3 18 -3.3431939487074355e-04 -4.0039248302871725e-06
3 19 -2.9868159144295160e-04 -2.0933433053087281e-06
3 20 -2.6414043845315004e-04 -2.3114574460235778e-06
3 21 -2.3166504019779042e-04 -5.3597417469987604e-06
3 22 -2.1041237771774309e-04 1.5365409455960847e-07
3 23 -1.9227584461913518e-04 5.1489377728015170e-06
3 24 -1.5409531718708298e-04 3.2239466264921186e-06
3 25 -1.1169042505039613e-04 -1.6652197174345133e-06
3 26 -8.6606607590292698e-05 7.0900171638681452e-07
3 27 -6.7507025931676920e-05 -1.3084135606667224e-06
3 28 -5.5067275186083074e-05 -8.7893361535834802e-07
3 29 -4.5995929204536722e-05 -1.0522894954719434e-07
3 30 -3.9422648443847930e-05 -2.0234059381556581e-07
3 31 -3.6496147210858240e-05 -4.6579315579388142e-07
3 32 -3.4882869470891704e-05 -2.1302230910421644e-07
3 33 -3.3543080564345377e-05 5.9496370434460124e-08
3 34 -3.2902911005282114e-05 5.4810111803105469e-07
3 35 -3.3957361609300887e-05 -1.4531564029731613e-07
3 36 -3.6296912518900407e-05 3.8430864668211901e-07
3 37 -3.7852419792679896e-05 -9.8887759757252409e-07
3 38 -3.8632091506420841e-05 -4.6328299037521563e-07
3 39 -3.9980639477904312e-05 8.3074297821235920e-07
3 40 -4.1615947979992899e-05 4.5403044465118275e-07
3 41 -4.7312972139610548e-05 9.1115742750713927e-07
3 42 -5.0834450260536959e-05 9.9082781669947748e-07
3 43 -5.3339152077833052e-05 1.6191271384926501e-06
3 44 -5.7627198964077990e-05 -3.7590681865415034e-08
3 45 -6.3565850186074081e-05 1.2707226547387213e-07
3 46 -7.2030530618407692e-05 1.0749538045790999e-06
3 47 -8.5777556110635056e-05 -7.5669565656104613e-08
3 48 -1.0106174710648604e-04 -9.4898286388000196e-08
3 49 -1.2107480016777006e-04 -1.7846296291606003e-08
3 50 -1.4646848689686990e-04 -2.5942964191812715e-06
3 51 -1.7310350456992417e-04 -1.4465035985677973e-06
3 52 -2.0131384811180092e-04 3.0750015671950438e-06
3 53 -2.4482664698086983e-04 4.3647712635348046e-07
3 54 -2.9959922237388813e-04 2.1676472900488154e-06
3 55 -3.8178740678518965e-04 -5.8919450309584732e-06
3 56 -4.8833590807362888e-04 -1.5560992819359741e-05
3 57 -5.7824996338738286e-04 -2.5194900485606008e-06
3 58 -6.6302199993219842e-04 7.0916865237690758e-08
3 59 -7.6558355966081034e-04 1.2325086200872820e-05
3 60 -8.8770141342925260e-04 1.9251185418728730e-05
3 61 -1.0304135452201772e-03 -7.9363293205739014e-06
3 62 -1.2261364331020142e-03 1.1403941722425890e-05
3 63 -1.5225296404728710e-03 -3.3542359041348246e-05
3 64 -1.8982729149136389e-03 1.6480926557555309e-05
3 65 -2.2259052222636730e-03 1.0300941531715609e-05
3 66 -2.6969336496099577e-03 2.4908324085832761e-05
3 67 -3.3490620832695222e-03 2.2163208810443757e-05
3 68 -4.2028026253889137e-03 -1.4058457669526822e-04
3 69 -5.3187010885985854e-03 -3.4967848710801601e-05
3 70 -8.4888135464379570e-03 4.0464715202525212e-05
3 71 -1.4530812682844245e-02 -8.3021833132821036e-05
4 0 -1.2479203777272166e-02 -6.3610060202519999e-04
4 1 -8.6974303388612523e-03 -4.4440963423108344e-04
4 2 -5.2331256446791060e-03 3.7313311324992690e-04
4 3 -2.9402128604001524e-03 -9.1914060539145638e-05
4 4 -2.1399932782568622e-03 3.2518515861847850e-05
4 5 -1.6344304190374537e-03 7.8090426832536552e-05
4 6 -1.2489095616617988e-03 2.1286788005880738e-05
4 7 -1.0031127507382251e-03 -2.8358800347237305e-05
4 8 -8.9240945387760427e-04 1.8408668502135024e-05
4 9 -8.2171594337022730e-04 2.6639544068180295e-06
4 10 -6.8244234474328200e-04 2.9096287531341849e-05
4 11 -5.7889935693614016e-04 2.2681984048632353e-05
4 12 -4.7088583198124425e-04 5.5763874010305178e-06
4 13 -3.9400590360009715e-04 5.6145419002474049e-06
4 14 -3.2818820352903275e-04 -4.6997327500600899e-06
4 15 -2.7628694596716906e-04 3.9366569160270703e-06
4 16 -2.4556082501201246e-04 -2.3048892156123465e-06
4 17 -2.1597371907074875e-04 -1.5533609493219578e-06
4 18 -1.8175233567971276e-04 -5.2919807656085338e-06
4 19 -1.6819951629875807e-04 -6.2818441658278936e-07
4 20 -1.4649169930736332e-04 -2.3420374757511860e-06
4 21 -1.2428460786210340e-04 -4.8173356723210046e-06
4 22 -1.1445257569813326e-04 -1.1402520507345656e-06
4 23 -1.0636636840027053e-04 5.6044518671084061e-06
4 24 -8.5691969733153061e-05 3.0917692631125628e-06
4 25 -6.1202581867414102e-05 -1.4220897105330104e-06
4 26 -4.7246224444453740e-05 8.3399615592928906e-07
4 27 -3.6905895289905573e-05 -1.7563625550597182e-06
4 28 -3.0459832578824922e-05 -1.1053435450552453e-06
4 29 -2.5135777474708503e-05 -4.0335418334370252e-07
4 30 -2.1242074170551460e-05 -1.7792567889206770e-07
4 31 -2.0068464743006731e-05 -5.3573869396952320e-07
4 32 -1.8927673843252681e-05 -2.4708939772963223e-07
4 33 -1.8463818440858792e-05 -2.2464096500072313e-08
4 34 -1.7844851437132544e-05 4.6876756427868759e-07
4 35 -1.8601766739142352e-05 -1.5058293023255171e-07
4 36 -1.9749876113378789e-05 4.0284518822329943e-07
4 37 -2.0764293299675596e-05 -9.8983267626232672e-07
4 38 -2.1113383716170193e-05 -2.8008838070311232e-07
4 39 -2.1963598615764725e-05 4.8745792503483131e-07
4 40 -2.2717596590856438e-05 3.5797020084228560e-07
4 41 -2.6437665229847612e-05 1.0189577643468829e-06
4 42 -2.8619586005613749e-05 1.2167697033007459e-06
4 43 -3.0175639205973201e-05 1.7219778092992020e-06
4 44 -3.2492478416055449e-05 -1.9031276379396393e-07
4 45 -3.5560233640458737e-05 -1.7823352055605290e-07
4 46 -3.9823748524615908e-05 9.7932969450007366e-07
4 47 -4.7822084330176052e-05 1.6948451989598911e-07
4 48 -5.6057536866925274e-05 1.1724583045980160e-08
4 49 -6.5764152586877679e-05 3.5444198449369044e-07
4 50 -8.0548599822119466e-05 -2.1180883538432375e-06
4 51 -9.6918516806317125e-05 -1.2568681088188243e-06
4 52 -1.1064762209030363e-04 2.7900834676434744e-06
4 53 -1.3483714919041061e-04 -6.4318716146998423e-07
4 54 -1.6640248633440798e-04 9.8536346417503253e-07
4 55 -2.1074031705800206e-04 -4.6491594601831728e-06
4 56 -2.7479431326016696e-04 -1.9008494614870632e-05
4 57 -3.2315207421458061e-04 -2.3483299776859267e-06
4 58 -3.6807658254615195e-04 -3.5030258362876565e-06
4 59 -4.1964173683268114e-04 5.7374207773966399e-06
4 60 -4.8534058398850909e-04 1.8941442772227944e-05
4 61 -5.6980188911451724e-04 -3.6370874094000192e-06
4 62 -6.6934100149026456e-04 9.8683884302925127e-06
4 63 -8.4234032411352716e-04 -2.6334399728048966e-05
4 64 -1.0465883255374605e-03 1.5318339276589365e-05
4 65 -1.1987259680533622e-03 1.8409070853207649e-05
4 66 -1.4484863574898009e-03 2.8853118872815593e-05
4 67 -1.8279853890788116e-03 2.9444991696089137e-05
4 68 -2.2433562110817490e-03 -1.4783752598304344e-04
4 69 -2.7312480055900522e-03 -7.0391855080687447e-05
4 70 -4.0180473421757412e-03 2.6124511803906021e-05
4 71 -6.0117465364512559e-03 -1.4581916812932347e-04
5 0 -4.6129763721531082e-03 9.7609265310938387e-05
5 1 -4.1149647039709185e-03 -2.6171630596161959e-04
5 2 -2.2871647134227288e-03 2.5328077165337047e-04
5 3 -1.3813000326101069e-03 -8.5397532245508649e-05
5 4 -1.1346884242291664e-03 4.5186400991713139e-05
5 5 -8.8551591549499342e-04 7.5087689647133110e-05
5 6 -6.7093427208193140e-04 2.1284367299491655e-05
5 7 -5.1427006602342885e-04 -1.5823861788811402e-05
5 8 -4.7623436682429226e-04 1.3991493485693350e-05
5 9 -4.4348477166505343e-04 -1.1509225215866615e-06
5 10 -3.6374235765374599e-04 2.7293664118509109e-05
5 11 -3.0798008166524121e-04 1.6594549963513475e-05
5 12 -2.5547417327691891e-04 9.9758529390672198e-06
5 13 -2.1215537766257038e-04 9.7214390641394386e-06
5 14 -1.7614806715483692e-04 -2.5361861572752718e-06
5 15 -1.4770158516755970e-04 4.8080034336051996e-06
5 16 -1.3107406122184258e-04 -2.1148812046032728e-06
5 17 -1.1725667828480630e-04 -3.2298161044978245e-07
5 18 -9.4741774640580989e-05 -4.9015197720056316e-06
5 19 -9.4190575968036670e-05 1.6102630939792327e-06
5 20 -7.8842016779447286e-05 3.5318450991185723e-08
5 21 -6.3908546916806953e-05 -3.2897190374260745e-06
5 22 -6.0744602190393674e-05 -2.8840166790826072e-06
5 23 -5.7880836616111235e-05 5.4853720109392231e-06
5 24 -4.6584419397178641e-05 2.3485234135328250e-06
5 25 -3.2317959702827227e-05 -8.1130721416348878e-07
5 26 -2.4975976715610887e-05 9.1880973295495293e-07
5 27 -1.9579916760550073e-05 -1.7277446377555358e-06
5 28 -1.6450376296640102e-05 -1.0394494525991805e-06
5 29 -1.3432250154382300e-05 -4.9945802109177879e-07
5 30 -1.0883141071692967e-05 -1.8409537688615512e-07
5 31 -1.0654977677014935e-05 -5.4042102594351781e-07
5 32 -9.9005945250620647e-06 -2.3367011610191185e-07
5 33 -9.8699680324395352e-06 5.8382069732402475e-08
5 34 -9.2220725617117974e-06 3.5294206385310808e-07
5 35 -9.8056150679463106e-06 -1.9653586704097207e-07
5 36 -1.0547198935351923e-05 3.1689599710956935e-07
5 37 -1.1208953726088078e-05 -8.2248286962950024e-07
5 38 -1.1145525633575249e-05 -3.8111063006678252e-08
5 39 -1.1665553206350067e-05 2.0814337252698458e-07
5 40 -1.2026116817802925e-05 4.4585780666595629e-08
5 41 -1.4488236647951864e-05 9.7944231042215132e-07
5 42 -1.5774011368604092e-05 1.0816550167257978e-06
5 43 -1.6918638628869364e-05 1.5655249532036725e-06
5 44 -1.8165477498252357e-05 -2.7096234706745588e-07
5 45 -1.9484376537496534e-05 -3.0066042049638749e-07
5 46 -2.1491943210129309e-05 7.8846354167487185e-07
5 47 -2.6165364890439835e-05 3.4235506960840308e-07
5 48 -3.0673523500524216e-05 3.4307881972541826e-07
5 49 -3.4661230016913467e-05 3.0990893845667761e-07
5 50 -4.3623274276776637e-05 -1.9735130485159258e-06
5 51 -5.2532968900096958e-05 -8.0813411686906621e-07
5 52 -5.9555374093666168e-05 2.5706234191459564e-06
5 53 -7.2296907929829315e-05 -1.5975165048404095e-06
5 54 -9.1107659574670482e-05 -4.9876880208926076e-07
5 55 -1.1389391938181355e-04 -2.7913867475167222e-06
5 56 -1.5255080150532505e-04 -1.7868271340303341e-05
5 57 -1.7652621649641954e-04 -2.1744118572143370e-06
5 58 -2.0046535710014030e-04 -5.9572422740021779e-06
5 59 -2.2514326316164980e-04 1.0845167838384999e-06
5 60 -2.5508268336579804e-04 1.5144451738523375e-05
5 61 -3.0507981922086778e-04 3.6874021427001083e-06
5 62 -3.5873231506168758e-04 3.6083564862424885e-06
5 63 -4.6078159346635983e-04 -2.1375547771148388e-05
5 64 -5.5716763070496245e-04 1.8651160766881363e-05
5 65 -6.1935488526047378e-04 3.0550099560416393e-05
5 66 -7.3869062035504106e-04 4.2189716812129861e-05
5 67 -9.6748118215594329e-04 2.9753858684633470e-05
5 68 -1.1397986345123708e-03 -1.1312207686977596e-04
5 69 -1.3749240616344959e-03 -7.6512974417014879e-05
5 70 -1.8328771230693482e-03 -3.3826503206655846e-05
5 71 -2.4587591034062372e-03 -1.4032724008817182e-04
6 0 -1.9162440447964830e-03 2.9890590594389117e-04
6 1 -1.9200734735461296e-03 -1.0776139561642500e-04
6 2 -9.4557450584749131e-04 1.4888478364880720e-04
6 3 -6.4828365870074698e-04 -8.1811580115924976e-05
6 4 -5.9434417725171885e-04 4.4224241236453145e-05
6 5 -4.6449397733376520e-04 5.7660152782591164e-05
6 6 -3.6604819526692411e-04 1.2243583807773295e-05
6 7 -2.5087962406599243e-04 -8.6377583888315779e-06
6 8 -2.4712046973200306e-04 5.3920818257509735e-06
6 9 -2.3321836271481339e-04 -6.8195873832492081e-07
6 10 -1.8779543744839943e-04 1.9431593689911032e-05
6 11 -1.5767187733048009e-04 1.0348754085739847e-05
6 12 -1.3864081442764887e-04 1.1753824781185746e-05
6 13 -1.1436769708607961e-04 1.2122811441045206e-05
6 14 -9.3123646395455725e-05 1.7474919762808146e-06
6 15 -7.9741098860724722e-05 5.3994761132573792e-06
6 16 -7.0124069452510158e-05 -3.0241056933929252e-06
6 17 -6.2293949589688330e-05 6.9119413692137666e-07
6 18 -4.7935508745834618e-05 -3.5335681611087259e-06
6 19 -5.3830137849660470e-05 2.3264141528712470e-06
6 20 -4.1451588420445974e-05 2.2422252383755568e-06
6 21 -3.1230238264552854e-05 -1.3271006762963528e-06
6 22 -3.1525897415702650e-05 -3.8855091628737394e-06
6 23 -3.0668481997045675e-05 5.3337998404948044e-06
6 24 -2.5153412886101923e-05 1.3832630774942968e-06
6 25 -1.6290025266072476e-05 -6.2194577388275955e-08
6 26 -1.2983880038352583e-05 9.4660575319695536e-07
6 27 -9.8912774924042369e-06 -1.3900994646044499e-06
6 28 -8.7570266352191269e-06 -7.1350106896825235e-07
6 29 -7.0684731947302560e-06 -5.3145368089892686e-07
6 30 -5.3594059054158123e-06 -2.2375424354974621e-07
6 31 -5.5198989684052806e-06 -4.9510358691406683e-07
6 32 -5.0869376984734445e-06 -7.9693928465539250e-08
6 33 -5.0025294229572524e-06 1.1872476216432846e-07
6 34 -4.5061694217456661e-06 2.3279654801275512e-07
6 35 -5.0276766483853104e-06 -2.0921455244088838e-07
6 36 -5.5485225595992653e-06 3.4005250797105092e-07
6 37 -6.0697408429264535e-06 -5.1007734980889210e-07
6 38 -5.6587335305451267e-06 2.1992429067515574e-08
6 39 -5.9834944221902723e-06 -3.1184529584801549e-08
6 40 -6.2831243620706164e-06 -8.4978135901535489e-08
6 41 -7.7045528453156585e-06 7.2998862214637324e-07
6 42 -8.6717277715046381e-06 6.9763731094805627e-07
6 43 -9.5086279658801515e-06 1.4544878808414024e-06
6 44 -1.0020488592786353e-05 -3.0078865654754283e-07
6 45 -1.0890305899222960e-05 -4.3974090550394812e-07
6 46 -1.1311077933582223e-05 7.0444474098224181e-07
6 47 -1.4066749211063586e-05 4.9439724420457512e-07
6 48 -1.6940887159412563e-05 6.5779804679142786e-07
6 49 -1.7425728422208409e-05 4.4114871679258970e-07
6 50 -2.3414139079487510e-05 -1.7731816104311832e-06
6 51 -2.7710873006900627e-05 1.4361973502620366e-07
6 52 -3.1709210286278215e-05 1.5568272350084374e-06
6 53 -3.7844377149365360e-05 -2.3467951926472366e-06
6 54 -4.9270679882620527e-05 -1.6206230255795988e-06
6 55 -6.1606557518191355e-05 -2.1299724240971456e-06
6 56 -8.5866683944220602e-05 -1.2531407871390622e-05
6 57 -9.4730176523612292e-05 -1.8508607945582993e-06
6 58 -1.0734838131781964e-04 -6.6504107833669649e-06
6 59 -1.1762376836143818e-04 -1.3055809851475574e-06
6 60 -1.3106419935484978e-04 8.1060078682506711e-06
6 61 -1.5822199155313024e-04 9.4942830028965868e-06
6 62 -1.8703255539157762e-04 -2.4265192711803046e-06
6 63 -2.5101172332004322e-04 -1.4693633032112110e-05
6 64 -2.9652471997965255e-04 2.4813362773024698e-05
6 65 -3.1282392231774393e-04 2.9616638610780480e-05
6 66 -3.5809634534500999e-04 4.4957813265686047e-05
6 67 -4.9854540115417626e-04 3.0718358381960169e-05
6 68 -5.5755841188971850e-04 -6.8067645928927909e-05
6 69 -6.9413656910910775e-04 -3.5607319812029567e-05
6 70 -9.0099978101402210e-04 -6.0035496706280128e-05
6 71 -1.1150095820963936e-03 -1.4273186868756844e-04
7 0 -7.0585896653830042e-04 3.5978050562428715e-04
7 1 -8.4904679361486133e-04 3.8898886200139624e-05
7 2 -3.7814818638783461e-04 6.4820492063706844e-05
7 3 -3.2307734551346870e-04 -8.0924331899497889e-05
7 4 -3.1099298451979144e-04 2.8456737501869111e-05
7 5 -2.3065887422735315e-04 4.2640710893031269e-05
7 6 -1.9693152520671486e-04 2.3516959253085235e-06
7 7 -1.2331945153573411e-04 -2.8238645168237224e-06
7 8 -1.1850875653566655e-04 -2.5073489597097835e-06
7 9 -1.1739525549039017e-04 -3.5049527442894663e-06
7 10 -9.7452747061244749e-05 8.9385060901314620e-06
7 11 -7.9400851027853079e-05 3.4119450626498654e-06
7 12 -7.5812706813689959e-05 1.2215250320421613e-05
7 13 -6.3378096547116902e-05 1.2812933879730432e-05
7 14 -4.8879047856983951e-05 2.6893562264670894e-06
7 15 -4.3976221382356383e-05 4.3617823987500098e-06
7 16 -3.7821005416806695e-05 -3.4665135807670725e-06
7 17 -3.3515108466881378e-05 8.4996343396317888e-07
7 18 -2.2562560942109313e-05 -1.6418914775412153e-06
7 19 -3.2282903304430326e-05 2.6590493666234785e-06
7 20 -2.1718046582836151e-05 3.0242579545614996e-06
7 21 -1.3982380820977115e-05 3.4410974914184749e-07
7 22 -1.5733308956011291e-05 -3.7317489603550715e-06
7 23 -1.5817419260867121e-05 4.9480249297436585e-06
7 24 -1.3998967004226126e-05 8.1320978936130713e-07
7 25 -7.7817065678944729e-06 5.5199439053780721e-07
7 26 -6.8002878218179506e-06 1.1802212887230240e-06
7 27 -4.6537209092318858e-06 -1.1436711122706901e-06
7 28 -4.8114691771838967e-06 -2.9341096019179009e-07
7 29 -3.6889617094297842e-06 -4.7232513262015228e-07
7 30 -2.5183316752323360e-06 -1.9485104821023852e-07
7 31 -2.7668923371559186e-06 -4.3664827514206323e-07
7 32 -2.6653123015073212e-06 7.0417812078612078e-08
7 33 -2.3976871185534183e-06 1.9858784293195678e-07
7 34 -2.0834635747526242e-06 1.0283180949119668e-07
7 35 -2.6116470355544434e-06 -6.0523412688655168e-08
7 36 -2.9728032735570466e-06 4.8381705780836141e-07
7 37 -3.2281354047847516e-06 -1.9910867807303090e-07
7 38 -2.8634356139721404e-06 -4.9497734776329002e-08
7 39 -2.8708544559679744e-06 -3.0980715638770371e-07
7 40 -3.2864168078314133e-06 -1.0554827148193903e-07
7 41 -3.9735431339433429e-06 5.0978046137915898e-07
7 42 -4.8989478416976248e-06 3.8591265295267969e-07
7 43 -5.3514075029545981e-06 1.3313984052112694e-06
7 44 -5.5705424750990108e-06 -2.2450549590774409e-07
7 45 -6.1285535011093145e-06 -5.6845941478003951e-07
7 46 -5.8993911662022835e-06 7.5701078149341686e-07
7 47 -7.5500983371575745e-06 4.5505349492161844e-07
7 48 -9.5605190009397607e-06 7.7408623418733527e-07
7 49 -8.2074949931985425e-06 8.6623609240761175e-07
7 50 -1.2297045546842561e-05 -1.6842040986769758e-06
7 51 -1.4490251879511972e-05 5.2019858253071363e-07
7 52 -1.6606363761182915e-05 1.0110500160852395e-07
7 53 -1.9704183439455865e-05 -2.5589522503497049e-06
7 54 -2.7262290724949215e-05 -2.7641707546693925e-06
7 55 -3.4303640367424160e-05 -1.8858068778762089e-06
7 56 -4.9286824264297423e-05 -6.7171404635207063e-06
7 57 -4.8897482300972234e-05 -1.4315244195622864e-06
7 58 -5.7532403560945184e-05 -6.4352954510931115e-06
7 59 -5.9419130150467533e-05 -2.8033437019110330e-06
7 60 -6.7111911008114515e-05 3.1664825552455002e-06
7 61 -7.9103701514654612e-05 1.0880166884719662e-05
7 62 -9.4770003880955835e-05 -6.5330033104673558e-06
7 63 -1.3669348991137532e-04 -3.9415383502586558e-06
7 64 -1.5792637910778262e-04 2.1090986909670065e-05
7 65 -1.5374503215368664e-04 2.3124591565512888e-05
7 66 -1.6686851489131115e-04 3.3139821502073739e-05
7 67 -2.4855269469403621e-04 2.4626511843605990e-05
7 68 -2.6490308949104628e-04 -3.8131128150608558e-05
7 69 -3.5556104378691621e-04 -1.1259362572087286e-05
7 70 -5.0043847041696761e-04 -5.0290100548429806e-05
7 71 -5.1801164716056480e-04 -9.1389054067689591e-05
8 0 -1.8498979575499734e-04 2.5981743449957827e-04
8 1 -3.5008406444376089e-04 1.1878868022603808e-04
8 2 -1.7386465084801158e-04 1.8893636570263000e-05
8 3 -1.6158525857225129e-04 -8.8576275212453061e-05
8 4 -1.5766538271372801e-04 1.5337903406043823e-05
8 5 -1.0792043441888266e-04 3.1174148411095428e-05
8 6 -1.0798998003843703e-04 2.8785445801096916e-06
8 7 -6.4529159515442432e-05 4.6513282419658847e-10
8 8 -4.7987488080470056e-05 -2.7362155675845730e-06
8 9 -5.6035292357214895e-05 -7.1822317761228635e-06
8 10 -4.7612525898031643e-05 1.0737647036376921e-06
8 11 -4.0366064787077802e-05 2.7540838630246681e-07
8 12 -4.2029402878960851e-05 9.5980853759135806e-06
8 13 -3.5931736031991457e-05 1.3014379107406584e-05
8 14 -2.5737265502916986e-05 9.2999710275683300e-07
8 15 -2.5000852101706768e-05 3.1531972204526398e-06
8 16 -2.1049786138605769e-05 -3.4155068598546069e-06
8 17 -1.8656057354517385e-05 1.2846422119732208e-07
8 18 -1.0699784237314236e-05 7.4901105391396932e-08
8 19 -1.9425039828757091e-05 3.1966727524568452e-06
8 20 -1.1782139653284479e-05 2.5547242193979633e-06
8 21 -5.2032080071479440e-06 1.4282345881400529e-06
8 22 -7.7185625255095255e-06 -2.6587677423141886e-06
8 23 -9.0802719668760534e-06 4.4458878989593665e-06
8 24 -8.0507764730620263e-06 6.1747276296792826e-07
8 25 -3.1758404401970748e-06 8.5330985777317911e-07
8 26 -3.5317411330731934e-06 1.3554478461544201e-06
8 27 -2.0384004437559831e-06 -9.3186299917876435e-07
8 28 -2.7476281722797859e-06 1.3365066765920773e-07
8 29 -1.8437438485487874e-06 -2.5800782060709503e-07
8 30 -1.0660374388382758e-06 -1.5701455218191364e-07
8 31 -1.3027102982323548e-06 -3.3081662459484289e-07
8 32 -1.3823175084944337e-06 1.8656223971831625e-07
8 33 -1.0996145435840431e-06 1.9522597946632187e-07
8 34 -8.5484065823664655e-07 1.2294485304542002e-08
8 35 -1.3739358797105725e-06 1.4118311032462014e-07
8 36 -1.7259875232060965e-06 5.3480936973735441e-07
8 37 -1.7779322853783530e-06 -1.8661800104993674e-09
8 38 -1.4185230427671944e-06 -1.7815411169540174e-07
8 39 -1.1697407249636913e-06 -5.7576567930764594e-07
8 40 -1.7100467402893550e-06 -1.1503989999787796e-07
8 41 -2.1886568484567418e-06 2.7553283704186942e-07
8 42 -2.7546649771159008e-06 2.7367898167016639e-07
8 43 -2.9122967254525836e-06 1.2507080637382325e-06
8 44 -3.2349236658501499e-06 -9.4617144922566487e-08
8 45 -3.4342826386687310e-06 -6.0044123944885376e-07
8 46 -3.1507168248732700e-06 7.7637452104137893e-07
8 47 -4.2150412195008709e-06 2.2545631197738835e-07
8 48 -5.3084475306436740e-06 7.9396263393212526e-07
8 49 -3.5396919868728714e-06 1.0972063753047896e-06
8 50 -5.9936282221228246e-06 -1.3955010568824794e-06
8 51 -7.8693429722742809e-06 5.2856214459856262e-07
8 52 -8.5386708606869605e-06 -3.2222110611301391e-07
8 53 -1.0125389271176236e-05 -2.5293980702410697e-06
8 54 -1.5786952525968116e-05 -3.1291608239986454e-06
8 55 -2.0052056598824654e-05 -1.0571717646756656e-06
8 56 -2.8536496537952186e-05 -2.7214208453771838e-06
8 57 -2.3309208336708226e-05 -4.4990912054353709e-07
8 58 -2.9985470342562026e-05 -6.0184489425814285e-06
8 59 -2.9637469726734015e-05 -3.2350963505087689e-06
8 60 -3.3997173847841199e-05 2.1768146752527606e-06
8 61 -3.9843298188250402e-05 1.1271979614727528e-05
8 62 -4.6545888988288402e-05 -9.3876890201083570e-06
8 63 -7.5462703575481692e-05 1.3405223842891648e-06
8 64 -8.2864000382669711e-05 1.4106334868158817e-05
8 65 -7.1870735390457488e-05 1.5357607805269564e-05
8 66 -7.3718762283215284e-05 2.9168561044987835e-05
8 67 -1.1796561040855104e-04 1.3471040611938188e-05
8 68 -1.1470737367025210e-04 -2.2047388050165376e-05
8 69 -1.9157783360312578e-04 1.4616571472699560e-07
8 70 -2.8439495649068759e-04 -3.2389987800104718e-05
8 71 -2.2742165735920665e-04 -5.0664494156155382e-05
9 0 5.3223455335495784e-05 1.3581284731353199e-04
9 1 -1.0694979195664806e-04 1.2472390862515342e-04
9 2 -9.8522298273297503e-05 4.0419405677519491e-05
9 3 -6.8962360022731647e-05 -7.6968945994763548e-05
9 4 -7.3261304863209847e-05 1.2474679512138414e-05
9 5 -5.5830862600226442e-05 1.7971402210538978e-05
9 6 -5.8513555502389680e-05 4.4736059904164054e-06
9 7 -3.5100216393206535e-05 2.0529987904520059e-07
9 8 -1.2919129600694959e-05 9.9119636067233289e-07
9 9 -2.3820352889153235e-05 -6.9267851649967853e-06
9 10 -2.3720815082283792e-05 -1.8092734509179373e-06
9 11 -2.0752727668096196e-05 -1.7321228064171979e-06
9 12 -2.2477749298373797e-05 3.9661775698620480e-06
9 13 -2.0978627405428729e-05 1.0269465979294013e-05
9 14 -1.4735760829503647e-05 -8.9449704360732637e-07
9 15 -1.6015205411691557e-05 2.3707490504168959e-06
9 16 -1.2841814428501708e-05 -3.0639192032461930e-06
9 17 -1.0304072363254760e-05 -7.1015357489168655e-07
9 18 -6.5484622057702969e-06 -1.3809782782569193e-07
9 19 -1.1475860395458880e-05 3.5872141500078249e-06
9 20 -6.3303098019253213e-06 2.2177510339768013e-06
9 21 -1.4375853176629077e-06 1.5850922081880385e-06
9 22 -3.6867952900926490e-06 -1.8477028826624985e-06
9 23 -5.7147717795680272e-06 3.3961059730130472e-06
9 24 -4.3953621444584915e-06 8.9108900506289512e-07
9 25 -6.5624055569418808e-07 1.1002776514873271e-06
9 26 -1.8641211245712389e-06 1.4083455716792503e-06
9 27 -9.4623481711847961e-07 -8.0536448617421782e-07
9 28 -1.5572675365237743e-06 3.8730643307636391e-07
9 29 -9.1214441783998711e-07 -1.8379195645664338e-07
9 30 -3.2609578400705318e-07 -1.4371002130165578e-07
9 31 -4.9826887456816865e-07 -2.5240440606864176e-07
9 32 -6.4788202079214275e-07 1.9233039007441019e-07
9 33 -5.4389297156620469e-07 1.2451825736156685e-07
9 34 -3.4395945133479029e-07 -1.1344025132734890e-07
9 35 -7.4162890190891446e-07 3.3564750550149249e-07
9 36 -1.1399854807738696e-06 4.5869013109896647e-07
9 37 -1.1007516340460902e-06 1.9180553019223840e-07
9 38 -6.6597239780984141e-07 -1.6406579639595027e-07
9 39 -3.0559608286695380e-07 -6.5225981327799844e-07
9 40 -8.8619853896037302e-07 -2.2707772593612895e-07
9 41 -1.4470543473301427e-06 1.2099142280738230e-07
9 42 -1.5860462379137260e-06 1.4641410312783435e-07
9 43 -1.3174815535099805e-06 1.1461769902808997e-06
9 44 -2.0418817734044791e-06 -2.5774869418539373e-08
9 45 -2.0234391457849848e-06 -6.5130281855662661e-07
9 46 -1.6558348973816872e-06 6.6747707652273497e-07
9 47 -2.5593700507878935e-06 6.4397474181915178e-08
9 48 -3.0549472475436928e-06 7.9425997705458719e-07
9 49 -1.5612967556403734e-06 9.8094737125628040e-07
9 50 -2.7970130513686602e-06 -1.2812014524484987e-06
9 51 -4.6738402031787632e-06 5.6058364328303091e-07
9 52 -3.9080304262322511e-06 -1.2180430578445309e-07
9 53 -5.4434729330764926e-06 -2.1406693531523573e-06
9 54 -1.0112018050786439e-05 -2.3656393679862835e-06
9 55 -1.3059615691724986e-05 -2.8032019044240940e-07
9 56 -1.6302851424867476e-05 -1.1791669464933440e-07
9 57 -9.3208498140280946e-06 -1.5069846661597527e-06
9 58 -1.2377918072823049e-05 -5.0427564292236256e-06
9 59 -1.4804416607887332e-05 -1.4110387075728023e-06
9 60 -1.7058063116185447e-05 8.3618617193143867e-07
9 61 -2.1074608263798110e-05 6.9520379444986103e-06
9 62 -2.0973723820548214e-05 -8.1313189266564419e-06
9 63 -3.9374296844815770e-05 -7.5712165082803558e-07
9 64 -4.2810997724136638e-05 3.8762277816690859e-06
9 65 -3.0957986776344198e-05 8.3404446687989897e-06
9 66 -3.2864712962559341e-05 2.2909858845529729e-05
9 67 -5.5462586358111139e-05 9.8676414507885631e-07
9 68 -3.1960187584363501e-05 -1.0875736717722724e-05
9 69 -1.0476576730085827e-04 7.1354220875410055e-06
9 70 -1.4510583738301712e-04 -1.8736098261206275e-05
9 71 -6.6184642101000559e-05 -3.8980708526006884e-05
10 0 1.7551026601987718e-05 1.7808012515533622e-05
10 1 6.5640010298553453e-06 8.0577751687938671e-05
10 2 -6.2417762473270986e-05 6.9525856941345273e-05
10 3 -1.9476977061850922e-05 -6.3300250126461962e-05
10 4 -3.0616060934469187e-05 7.2053416745656923e-06
10 5 -3.2292436245107267e-05 3.7407931280416113e-07
10 6 -3.1951726525829718e-05 4.3656546970196027e-06
10 7 -1.8635952022023441e-05 3.9446920186951610e-06
10 8 6.1621504631826716e-06 4.5258699438157648e-06
10 9 -6.8358548339206969e-06 -1.0447237388794879e-05
10 10 -1.4257631887370413e-05 -2.9349716360403635e-06
10 11 -9.5257209286133457e-06 -1.3005079184377039e-06
10 12 -1.2400275570072519e-05 -2.7520285875723943e-07
10 13 -1.2577898706220669e-05 6.1758820719430402e-06
10 14 -7.7138012598075309e-06 -1.9414285129878617e-06
10 15 -1.0863277215643504e-05 1.1598566341693256e-06
10 16 -8.8316749556993845e-06 -1.6424501148578119e-06
10 17 -6.7361699587366134e-06 -1.5288498925700354e-06
10 18 -5.7661313242076030e-06 -1.5757580037287177e-06
10 19 -7.0331586118517380e-06 2.7170333256688740e-06
10 20 -3.5567370788704841e-06 2.3337990683058568e-06
10 21 -7.0693732044262217e-07 1.0681406725692368e-06
10 22 -1.7624324062751890e-06 -1.8285071190812191e-06
10 23 -3.6548338016948099e-06 1.9315309459302162e-06
10 24 -1.7432104387254594e-06 8.3271795359697336e-07
10 25 7.9866997840119770e-07 1.0550008066633149e-06
10 26 -8.8378183125675058e-07 1.4911789375422660e-06
10 27 -5.1227762365503163e-07 -7.1620121762300479e-07
10 28 -8.8048610799557138e-07 4.7742952708822318e-07
10 29 -5.3681232223503831e-07 -1.9799669974025218e-07
10 30 1.0471189205195458e-07 -2.7574805308715128e-08
10 31 5.7570529735398606e-09 -2.0099557156378941e-07
10 32 -2.8537682996750307e-07 9.6092541873125322e-08
10 33 -3.7751255033764717e-07 5.8370952098294863e-08
10 34 -4.9731869022882747e-08 -2.1303693559172031e-07
10 35 -4.2745345138066349e-07 4.1668776463403857e-07
10 36 -8.2351123691381761e-07 2.8899928113737984e-07
10 37 -7.3014699531755817e-07 2.2050733910591267e-07
10 38 -1.7302015100249882e-07 -1.1328931196262795e-07
10 39 8.8698994073386601e-08 -6.6391514765778758e-07
10 40 -4.6671999022356434e-07 -2.7130447965019519e-07
10 41 -1.0711365943451415e-06 -1.2730676262725636e-08
10 42 -8.5260134353667298e-07 -6.0286974585416645e-08
10 43 -3.8863185842359490e-07 9.7916604578753338e-07
10 44 -1.3563054125952721e-06 -1.0410567422333473e-07
10 45 -1.2821058469570962e-06 -5.7287429139095141e-07
10 46 -9.6525853108841724e-07 5.6319684820015893e-07
10 47 -1.4711732224398755e-06 4.7469747991432460e-08
10 48 -1.7853342694029655e-06 7.5283346234075814e-07
10 49 -9.8451562307872354e-07 7.4224324035999663e-07
10 50 -1.3274869803872387e-06 -1.0266804185865906e-06
10 51 -3.5966819448263179e-06 5.4590100385007038e-07
10 52 -1.1332186511733654e-06 -5.3036576515677028e-07
10 53 -2.4393861551135174e-06 -2.0471334721976167e-06
10 54 -6.2284216034449185e-06 -1.8345270208598358e-06
10 55 -9.3061749461452428e-06 -8.9225138591873233e-07
10 56 -9.2784062528536417e-06 1.4556340199074320e-06
10 57 -2.0139300674932114e-06 -3.5977357574438494e-06
10 58 -1.9709947980622470e-06 -5.8814365735345436e-06
10 59 -8.0663773324112886e-06 -7.7639444871092880e-07
10 60 -9.8253378500406022e-06 -5.0452390655550782e-07
10 61 -1.0772370681159309e-05 1.1838442293535200e-06
10 62 -9.8642669208585721e-06 -6.8816513412768842e-06
10 63 -1.6626666510661573e-05 -5.6312399297201490e-06
10 64 -1.8405818322194791e-05 -4.8490529052161819e-06
10 65 -1.5665376974764210e-05 -4.0148933916211000e-07
10 66 -2.1543430814807758e-05 2.1172664790118191e-05
10 67 -2.6222776939827060e-05 -5.2047452456668682e-06
10 68 4.2027641599799081e-07 -4.7656190637056665e-06
10 69 -5.9760325128823472e-05 1.4448642899393677e-05
10 70 -6.0931691551584853e-05 -6.3713508092763033e-06
10 71 4.1518153542270643e-06 -2.0322749731092214e-05
