0 0 -1.1454533860189173e+00 -1.3406721405603525e-19
0 1 -1.4813341040764086e-01 -8.4518952231617653e-20
0 2 -5.5610046623057470e-02 3.3030057418706622e-21
0 3 -3.3720616305145563e-02 -2.2806361226641804e-22
0 4 -2.7455499098823288e-02 -5.3985366964555536e-22
0 5 -2.5306210409037622e-02 1.3684845328576363e-21
0 6 -2.4445682778468099e-02 -9.4043957372239014e-23
0 7 -2.3312233527274535e-02 -7.4026348601297172e-22
0 8 -2.2526512815449564e-02 9.5001209536711283e-22
0 9 -2.0363248005377445e-02 -5.2083471638709416e-22
0 10 -1.8067270359681070e-02 2.1728422519043873e-21
0 11 -1.6425416376694816e-02 4.2290980786642109e-22
0 12 -1.4103489317584676e-02 -6.1001233005235401e-22
0 13 -1.1602718399343860e-02 6.0513861092208158e-22
0 14 -1.0167493550401360e-02 2.3589064363164820e-22
0 15 -9.4229783366612564e-03 2.1721924308509310e-22
0 16 -8.5319407506369415e-03 4.4491260445940167e-22
0 17 -7.6700048566972030e-03 -2.2634000852191962e-22
0 18 -6.9194365740840071e-03 -6.5481763826268871e-22
0 19 -6.5819062283500951e-03 -1.8342024888641301e-22
0 20 -6.6198197759017420e-03 -6.7013505167757882e-22
0 21 -6.2423512413939536e-03 -8.6285370051360534e-23
0 22 -5.7061076737186210e-03 -1.5067185680983418e-22
0 23 -5.5174875326285981e-03 2.2027993151761540e-22
0 24 -5.1890832944417060e-03 2.2470459412390408e-22
0 25 -4.8836371191067407e-03 7.9748496634809298e-23
0 26 -4.6770893717044369e-03 2.2228132154475951e-22
0 27 -4.1274394522646885e-03 6.0558758501085595e-24
0 28 -3.6344971951937891e-03 8.2923325846662909e-23
0 29 -3.0064053298766900e-03 -1.0972365506275097e-22
0 30 -2.4204538833500211e-03 1.5698784642785886e-22
0 31 -1.9269699133058810e-03 1.5378549644687364e-22
0 32 -1.6125054475971219e-03 -1.0622105158744306e-22
0 33 -1.3707942054662070e-03 -1.0501306877816196e-22
0 34 -1.1247722953227084e-03 2.7263830789112815e-23
0 35 -9.3677696125709069e-04 9.1159071220814040e-24
0 36 -7.8255632714351432e-04 1.3307146487814608e-23
0 37 -6.6688723471473421e-04 4.3286767247264136e-23
0 38 -5.6613028742285383e-04 2.6348568201274178e-24
0 39 -5.0038677116967772e-04 -7.6294148901662432e-24
0 40 -4.4668040820446798e-04 -3.1361012243283200e-24
0 41 -4.2193439330741019e-04 -1.3897821759473444e-23
0 42 -4.2407794696028365e-04 -2.1162948522661050e-24
0 43 -3.9807864743259907e-04 -1.2559173743243587e-23
0 44 -3.8187966198495308e-04 -6.4383454470388749e-24
0 45 -3.8802490405228458e-04 2.9911270406332195e-24
0 46 -4.0980235548519772e-04 -1.3132661663311865e-23
0 47 -4.4165009475870102e-04 6.4551915037257341e-24
0 48 -4.9258449404597168e-04 -9.0102714408393450e-25
0 49 -5.7768637576832986e-04 3.0097290574017049e-23
0 50 -7.1451606899382855e-04 -1.8463723115036314e-23
0 51 -8.7535286296603807e-04 2.4199475578695371e-25
0 52 -1.0393153289764605e-03 3.7583331627307859e-23
0 53 -1.2346303968838082e-03 -3.8362252338568306e-23
0 54 -1.4986860419313446e-03 -3.3435117637920732e-23
0 55 -1.8724801162536984e-03 -2.8574319458895481e-23
0 56 -2.2644898656258368e-03 3.3058596360525121e-23
0 57 -2.6930944467166923e-03 -1.1937052627028961e-24
0 58 -3.2607531301013632e-03 2.0612280784236806e-23
0 59 -4.1712755682681959e-03 8.3735662322680617e-23
0 60 -5.2552624807609954e-03 -9.4154751090929973e-23
0 61 -6.2481219266273917e-03 1.4096499009777410e-22
0 62 -7.9437177027625230e-03 3.5794797932771473e-23
0 63 -1.0401064046542969e-02 1.5608384813478041e-22
0 64 -1.2719938300626234e-02 4.0663552480321360e-22
0 65 -1.5520350519589094e-02 6.7156979521533979e-22
0 66 -1.8526110502170026e-02 1.0427247421923252e-21
0 67 -2.1464441608614809e-02 6.0131065847681616e-22
0 68 -2.5737037241654843e-02 7.3166317021987928e-22
0 69 -3.3568748212605838e-02 -1.3426396869617468e-21
0 70 -5.5863451424998926e-02 1.8649563081243524e-21
0 71 -1.5244230217439661e-01 -3.2073230666744472e-20
1 0 -3.3628367498143047e-01 6.0070054130915659e-04
1 1 -9.1219837948403881e-02 -3.9844020956922039e-04
1 2 -4.0287676482372747e-02 -1.8749982469515729e-05
1 3 -2.5512346768479684e-02 -1.8356429547416352e-05
1 4 -2.0941901941620621e-02 -5.0893240186727700e-05
1 5 -1.9355952105885883e-02 -2.5058120453686769e-05
1 6 -1.8754683133387306e-02 -4.1428879563705348e-05
1 7 -1.7901571706152530e-02 -1.0639969969597344e-04
1 8 -1.7272853326282769e-02 -1.8544994679769646e-05
1 9 -1.5612794521839011e-02 -1.2837739514253056e-04
1 10 -1.3879504375910970e-02 1.0710513395382656e-04
1 11 -1.2678665091194705e-02 8.5480498721929763e-05
1 12 -1.0771107339410016e-02 4.1633424207701748e-05
1 13 -8.8630352203792218e-03 9.6001629560301204e-06
1 14 -7.8054079888021620e-03 1.3438804069372249e-05
1 15 -7.1957325203864178e-03 5.4722523806562316e-05
1 16 -6.5015518744050782e-03 4.9698643961258237e-05
1 17 -5.8788991634364605e-03 -5.8622235129164330e-06
1 18 -5.2971643824659322e-03 -2.5041529315656894e-05
1 19 -5.0673766972369333e-03 -3.4845515674981268e-05
1 20 -5.1053183806906181e-03 9.3306637902813357e-06
1 21 -4.7742493298514061e-03 2.0901663538463295e-05
1 22 -4.3526279285357981e-03 2.1115748174454956e-05
1 23 -4.2173478761127498e-03 -3.1391546560018244e-05
1 24 -3.9825829491420732e-03 -2.9194572203732959e-05
1 25 -3.7346601640014382e-03 1.6273214463879837e-05
1 26 -3.5935998343140443e-03 1.5580472329032186e-05
1 27 -3.1531552546947023e-03 -1.2095158478544852e-05
1 28 -2.7823850143488247e-03 -1.3853250615395996e-05
1 29 -2.2911880327570731e-03 -2.7033050343354618e-05
1 30 -1.8527697456658101e-03 -1.5348518426067293e-05
1 31 -1.4728715253217168e-03 -5.5612440587906914e-06
1 32 -1.2380066120777145e-03 -2.0065677816301246e-06
1 33 -1.0501054642759993e-03 -2.4788149484097534e-06
1 34 -8.5874982076054266e-04 5.4610050653886712e-06
1 35 -7.1478028431603570e-04 5.1102583511088321e-06
1 36 -5.9898784561683593e-04 1.1145292427105690e-06
1 37 -5.0973405966487013e-04 3.7934361018532488e-06
1 38 -4.3199327936052054e-04 2.4186177219614220e-06
1 39 -3.8281190090859202e-04 -1.3300149797009723e-06
1 40 -3.4170832977496165e-04 1.5951523225587267e-07
1 41 -3.2211458875401117e-04 -3.6847253123607326e-07
1 42 -3.2238159953430377e-04 -9.2723050016371346e-07
1 43 -3.0281861693052912e-04 5.3946599495024737e-08
1 44 -2.9030232024308198e-04 -1.1916857090161115e-06
1 45 -2.9398240850258081e-04 1.2112741287325281e-07
1 46 -3.1173501669253532e-04 -1.0269169337851277e-06
1 47 -3.3586131522046823e-04 1.5372712015991992e-07
1 48 -3.7404985960419327e-04 -2.0566440375952294e-07
1 49 -4.4121927975247018e-04 5.9533790286159598e-07
1 50 -5.4615368550858117e-04 1.8548362022042642e-06
1 51 -6.7058430889719895e-04 1.8845503725464875e-06
1 52 -7.9563148319796557e-04 2.8366400370817852e-06
1 53 -9.4445817904345304e-04 3.2129256035056338e-06
1 54 -1.1449796106166494e-03 -1.1596720088374022e-06
1 55 -1.4293483136818589e-03 -8.1845221648775800e-06
1 56 -1.7246487906591112e-03 -1.1974733885273374e-05
1 57 -2.0522887840376072e-03 -1.0968536572945559e-05
1 58 -2.4908202698291034e-03 -1.1766638661808645e-05
1 59 -3.1758438100882996e-03 -2.5479361744268749e-06
1 60 -4.0064739677827766e-03 1.5361127322213333e-06
1 61 -4.7632585362636110e-03 1.5909428942187992e-05
1 62 -6.0646741148891181e-03 -7.8523667504171064e-06
1 63 -7.9659971370740802e-03 -1.3756048660584168e-05
1 64 -9.7320148037865744e-03 3.3000568811546037e-05
1 65 -1.1892425129196757e-02 6.3372682910625648e-05
1 66 -1.4098998278393638e-02 -2.9888816757905299e-05
1 67 -1.6353693673726206e-02 -9.0577666877059878e-05
1 68 -1.9540124770387968e-02 -1.9444298791555838e-04
1 69 -2.5294350310254780e-02 -5.2396220200124280e-05
1 70 -3.9720832295701072e-02 -9.1113364429078948e-05
1 71 -9.2101417112092618e-02 5.5602763426611192e-04
2 0 -1.0516926779019618e-01 2.2380637361097319e-04
2 1 -4.5972351224432037e-02 -4.5192214217762845e-04
2 2 -2.3242340950357654e-02 -1.7470614994034156e-04
2 3 -1.5583756764207672e-02 -1.0135725595027515e-04
2 4 -1.2949842406701120e-02 -4.2257265819743887e-05
2 5 -1.2010687304011326e-02 -2.6549229502162818e-05
2 6 -1.1731402462562792e-02 -5.8625343245749798e-05
2 7 -1.1208994554393103e-02 -1.2739109917128731e-04
2 8 -1.0772559531215822e-02 -1.3540902324088836e-05
2 9 -9.7499831274852049e-03 -1.9101193483598994e-04
2 10 -8.7147105054069512e-03 1.5729133900101814e-04
2 11 -8.0198881056583200e-03 1.1482210173495150e-04
2 12 -6.6758273508373709e-03 6.5543725097204087e-05
2 13 -5.5097975261181060e-03 2.2471013989265853e-05
2 14 -4.9054633761375843e-03 3.4744214981188326e-05
2 15 -4.4371008739186191e-03 8.0086986217896565e-05
2 16 -4.0174101477388679e-03 5.9287186208954773e-05
2 17 -3.6697513502121780e-03 -2.0545456855190012e-06
2 18 -3.2995190261222618e-03 -4.3687112342041950e-05
2 19 -3.1871086770277881e-03 -3.9361824969956393e-05
2 20 -3.2124842736508132e-03 5.5372153735702275e-06
2 21 -2.9455941928992085e-03 3.4489424799972428e-05
2 22 -2.6748111666742578e-03 3.3497431124996510e-05
2 23 -2.6059750595950151e-03 -4.0870986947839433e-05
2 24 -2.4718769526666674e-03 -2.8643134814797187e-05
2 25 -2.3095850147912974e-03 2.8863326672179268e-05
2 26 -2.2452087464635965e-03 1.4757099282483383e-05
2 27 -1.9529179402876426e-03 -2.6020320263715563e-05
2 28 -1.7367723182355481e-03 -2.2913166723351283e-05
2 29 -1.4142575903030225e-03 -3.5625989237419097e-05
2 30 -1.1522385536624628e-03 -2.2973326844620052e-05
2 31 -9.1331976962090390e-04 -7.9096686858559815e-06
2 32 -7.7443548434533789e-04 -4.8296587189319269e-07
2 33 -6.5198729527626679e-04 -2.3474424345348828e-06
2 34 -5.3024054232867586e-04 7.2245773436301696e-06
2 35 -4.3952191717557204e-04 7.1814505589880624e-06
2 36 -3.7398613454846881e-04 2.1906718966445372e-06
2 37 -3.1551459307905107e-04 6.0303641451087080e-06
2 38 -2.6807838769024605e-04 3.4318559511953170e-06
2 39 -2.3841013412221227e-04 -1.6988090126769498e-06
2 40 -2.1287118593990201e-04 6.1106469825982293e-07
2 41 -1.9972054660806810e-04 -6.8053724854441010e-07
2 42 -1.9724226870044306e-04 -7.4533469323967744e-07
2 43 -1.8621679732923902e-04 1.9654871054260026e-07
2 44 -1.7774642882842728e-04 -1.9099930448149568e-06
2 45 -1.7863915825078411e-04 2.1377113510844048e-08
2 46 -1.9094388000268601e-04 -1.5227071378983481e-06
2 47 -2.0639384793897251e-04 -3.8624055221034680e-07
2 48 -2.2948238701728485e-04 -3.8168118712597712e-07
2 49 -2.7482103544765655e-04 1.5142281516223034e-06
2 50 -3.3733496871466329e-04 1.4760023203975732e-06
2 51 -4.1710413846614931e-04 1.7305666276037955e-06
2 52 -4.9578711655239754e-04 3.8170167094792872e-06
2 53 -5.8793385414220446e-04 4.7971137326859650e-06
2 54 -7.0515088466901121e-04 -1.8841311570476934e-06
2 55 -8.8154479455454027e-04 -1.0121034231476374e-05
2 56 -1.0620295337468335e-03 -1.5752415182407549e-05
2 57 -1.2695907211241928e-03 -1.7260319291313875e-05
2 58 -1.5453997159959895e-03 -1.5172240126231148e-05
2 59 -1.9614329361395343e-03 -2.1527120060856404e-06
2 60 -2.4810870111389629e-03 2.5731342767042552e-06
2 61 -2.9355155456069859e-03 2.4904651699635914e-05
2 62 -3.7605628069324560e-03 -2.5366067005806456e-05
2 63 -4.9200560748169616e-03 -1.3323130489278921e-05
2 64 -6.0357998686607810e-03 6.3940356608745735e-05
2 65 -7.4022772632489882e-03 9.2774296217393973e-05
2 66 -8.6277623605114564e-03 -3.2044846126726735e-05
2 67 -1.0066445142490750e-02 -1.2346707688231918e-04
2 68 -1.1978064231988453e-02 -2.5452045481624938e-04
2 69 -1.5435919186977171e-02 -1.1118743126072923e-04
2 70 -2.2166563269977770e-02 -7.9242112422780091e-06
2 71 -4.4048858111106828e-02 5.1812213487834611e-04
3 0 -3.4413448460909934e-02 2.3422392703663106e-04
3 1 -2.2298755616237783e-02 -1.1206635463424380e-04
3 2 -1.2431744613042573e-02 -1.4248447762215064e-04
3 3 -8.8172029188030385e-03 -1.6947991293808585e-04
3 4 -7.3849382957085563e-03 5.6404774302142285e-05
3 5 -6.9126320525218637e-03 7.9622172949303768e-06
3 6 -6.7948948338316679e-03 -4.3110966610705722e-05
3 7 -6.5229946966210133e-03 -1.1737728144016055e-04
3 8 -6.2167581867663031e-03 -1.7051596631508846e-05
3 9 -5.6599471058635040e-03 -1.9347546140611633e-04
3 10 -5.0905467559665850e-03 2.0229740341866232e-04
3 11 -4.6917662048970958e-03 9.5742005641599295e-05
3 12 -3.8252845364789706e-03 8.3522712866464268e-05
3 13 -3.1662107930314873e-03 4.3276676239368041e-05
3 14 -2.8808338159787119e-03 5.8259153702830329e-05
3 15 -2.5197174529731524e-03 8.1599116367445237e-05
3 16 -2.2940460785706622e-03 5.2551291118970258e-05
3 17 -2.1290559286503232e-03 1.0569611858084828e-05
3 18 -1.9029312086728614e-03 -4.8378462433239775e-05
3 19 -1.8505365201885397e-03 -2.8240265312678464e-05
3 20 -1.8591508564333560e-03 -3.0793037169489766e-06
3 21 -1.6525103405152450e-03 4.1908620395566550e-05
3 22 -1.5128899634623712e-03 4.1265655418215305e-05
3 23 -1.4831775072061213e-03 -2.8827470122601933e-05
3 24 -1.4121182590018505e-03 -1.2867761190799666e-05
3 25 -1.3200326430402823e-03 3.3500492825124251e-05
3 26 -1.2902183770979077e-03 2.5768293927748205e-07
3 27 -1.1151589010634422e-03 -3.2094351015601027e-05
3 28 -1.0064306333034414e-03 -2.6525930846445830e-05
3 29 -8.0249114004898815e-04 -3.5705764651959790e-05
3 30 -6.7016679582368975e-04 -2.0039614709857200e-05
3 31 -5.2226867142668833e-04 -7.9027656298249251e-06
3 32 -4.4875078206565549e-04 -1.0186117711671619e-06
3 33 -3.7317380576908549e-04 -1.9381548705538608e-06
3 34 -3.0052879395969762e-04 7.1313053240045020e-06
3 35 -2.4667784827066172e-04 6.9764983408006684e-06
3 36 -2.1648141466032881e-04 1.1505236039910804e-06
3 37 -1.8064242067384020e-04 6.1818106921625474e-06
3 38 -1.5353452321969507e-04 3.2237817413923237e-06
3 39 -1.3925382330978622e-04 -7.7409477876815029e-07
3 40 -1.2345363078162047e-04 8.5192922501833178e-07
3 41 -1.1448689246392813e-04 -4.5363813683749032e-07
3 42 -1.1135191033067315e-04 -1.6177058577071102e-07
3 43 -1.0577304458283556e-04 1.7428826852797721e-07
3 44 -9.9464938266296833e-05 -2.2997094081493624e-06
3 45 -9.8946942730328139e-05 -2.2717865354267091e-07
3 46 -1.0778295708325600e-04 -1.9323635733699016e-06
3 47 -1.1731926767691276e-04 -1.1762993098650644e-06
3 48 -1.3020736988019499e-04 -1.8883345314471924e-07
3 49 -1.5886236355613809e-04 2.3816622693473896e-06
3 50 -1.9252730026489309e-04 3.4555161966560290e-07
3 51 -2.4012592222319947e-04 3.2252973447053877e-07
3 52 -2.8645134378527776e-04 2.6749235739334704e-06
3 53 -3.3816142811407210e-04 4.8537706244850976e-06
3 54 -3.9996297176580933e-04 -2.5925288988721129e-06
3 55 -5.0046133573276104e-04 -8.4285845370433344e-06
3 56 -6.0376294941660912e-04 -1.2898970454112714e-05
3 57 -7.2878849023343269e-04 -1.7941923338501872e-05
3 58 -8.8682561409801739e-04 -1.1203440784217366e-05
3 59 -1.1195546383211226e-03 3.8824936425440943e-06
3 60 -1.4179265111082990e-03 2.4792694567609957e-08
3 61 -1.6687105342166623e-03 2.9916020501266940e-05
3 62 -2.1552564267509930e-03 -3.0525840630580753e-05
3 63 -2.7838986826475608e-03 9.7385954004328403e-06
3 64 -3.4458590838955176e-03 8.4851746704462007e-05
3 65 -4.2514228260454876e-03 9.1970812087580289e-05
3 66 -4.8420684281495008e-03 -3.1950803940892296e-05
3 67 -5.7414095329625962e-03 -1.0156030249432907e-04
3 68 -6.7323208982945221e-03 -2.5508944090674358e-04
3 69 -8.7293996981780385e-03 -1.6959640916123090e-04
3 70 -1.1256463707456929e-02 7.2589381858059664e-05
3 71 -1.9729944439794606e-02 3.0183212935746547e-04
4 0 -1.2478961642507832e-02 6.3922963003680306e-04
4 1 -1.0689213615753198e-02 1.3569666885600840e-04
4 2 -6.4716394477193811e-03 1.4381706653869199e-05
4 3 -4.8439217521070374e-03 -1.4359234946660952e-04
4 4 -4.0546537395443321e-03 1.5706477647079451e-04
4 5 -3.9005568475368219e-03 4.5312721376991429e-05
4 6 -3.7634935078227762e-03 -1.6761420966016062e-05
4 7 -3.6703329209183924e-03 -9.6347705756879171e-05
4 8 -3.4083807332903511e-03 -3.8551907293601666e-06
4 9 -3.1627193616232860e-03 -1.4217201569239018e-04
4 10 -2.8632821719313715e-03 2.0892310300750348e-04
4 11 -2.6244148972740457e-03 4.7187394525682008e-05
4 12 -2.1203227038111604e-03 7.2447453751959623e-05
4 13 -1.7453664648151496e-03 4.2508166843785505e-05
4 14 -1.6314510304454087e-03 6.2105823037921062e-05
4 15 -1.3694288978300692e-03 6.9505579983587421e-05
4 16 -1.2411576968435094e-03 5.1163557640621916e-05
4 17 -1.1936694135654688e-03 2.9156647127655766e-05
4 18 -1.0513769462987353e-03 -3.8341874003944905e-05
4 19 -1.0167256466853431e-03 -1.4723124215187352e-05
4 20 -1.0069857411888353e-03 -9.4463264399188033e-06
4 21 -8.6568922894152394e-04 4.2746485461582677e-05
4 22 -8.1647219658517180e-04 3.9694479112824938e-05
4 23 -8.0080544277665879e-04 -1.4028598046764897e-05
4 24 -7.6515030396871124e-04 4.1123047319281490e-06
4 25 -7.2259712627193524e-04 3.4236617844592032e-05
4 26 -7.0914810083365907e-04 -1.1399271077835382e-05
4 27 -6.0887294264927525e-04 -3.0138670878304544e-05
4 28 -5.5486425111509884e-04 -2.2005712100701411e-05
4 29 -4.3118161301455821e-04 -3.3164337405308231e-05
4 30 -3.7900367054693855e-04 -1.3877571576217676e-05
4 31 -2.8463232740797204e-04 -7.9003479887135393e-06
4 32 -2.4938262009436250e-04 -1.3587011325549414e-06
4 33 -2.0361752643035467e-04 -1.6108284687263441e-06
4 34 -1.6103785340109228e-04 4.9490675178149062e-06
4 35 -1.2998356273499038e-04 4.8800172790930808e-06
4 36 -1.1923813439192656e-04 -9.2072011021744472e-07
4 37 -1.0021863078699808e-04 4.9741591961373815e-06
4 38 -8.4216791562824884e-05 2.3406095527556199e-06
4 39 -7.9253804683675929e-05 3.4796776776275736e-07
4 40 -6.9482644384131093e-05 8.7960745608180375e-07
4 41 -6.3025623925361084e-05 1.0248468703159175e-07
4 42 -6.0144450756150666e-05 -2.6520161198749725e-07
4 43 -5.7848650409004228e-05 -8.8659908013984658e-08
4 44 -5.2690618741976050e-05 -1.8875114879264988e-06
4 45 -5.1710864206207035e-05 9.2854423056312502e-08
4 46 -5.7961755634380428e-05 -1.5962644256438667e-06
4 47 -6.3934264619932671e-05 -1.9478857449948940e-06
4 48 -7.1535233571048542e-05 -8.0226512011078950e-08
4 49 -8.7387604055692573e-05 2.6951911659268523e-06
4 50 -1.0496977941451813e-04 -1.2144434046150709e-07
4 51 -1.3255744598352433e-04 2.3891887287443119e-07
4 52 -1.5831542968096484e-04 1.0645047908912393e-06
4 53 -1.8653924363417663e-04 5.0280062652779006e-06
4 54 -2.1730402297430738e-04 -1.6546779444320999e-06
4 55 -2.7213367824751320e-04 -6.3042457038755763e-06
4 56 -3.2978284233146145e-04 -9.0243399166030914e-06
4 57 -4.0290800414930671e-04 -1.4560917745344239e-05
4 58 -4.8926941390531179e-04 -4.4383890758716105e-06
4 59 -6.1578591157044162e-04 9.2475448190371373e-06
4 60 -7.7447042199669440e-04 1.7312382438814637e-06
4 61 -9.1814309521197736e-04 2.8274321997620788e-05
4 62 -1.1853538585261502e-03 -1.4755526051687388e-05
4 63 -1.5027219538719572e-03 4.4409938701965728e-05
4 64 -1.8731000488216541e-03 1.0230361378001893e-04
4 65 -2.3345454675824250e-03 8.0712852785140473e-05
4 66 -2.5855981579276455e-03 -4.0658671997582054e-05
4 67 -3.1527305661274417e-03 -6.7672830541214591e-05
4 68 -3.6259012611686422e-03 -1.9402481078969458e-04
4 69 -4.7422434994779956e-03 -2.1613234715318655e-04
4 70 -5.4839857750406187e-03 7.0966830615303925e-05
4 71 -8.7271354102766031e-03 1.4685257237321338e-04
5 0 -4.4010521893283307e-03 4.1704707614906837e-04
5 1 -5.2210706131974967e-03 1.3046762537400109e-04
5 2 -3.2982824405468382e-03 4.1747385076857403e-05
5 3 -2.6578353447785606e-03 -6.3466966448801364e-05
5 4 -2.1533080662442484e-03 2.0248094369060838e-04
5 5 -2.2114556736545971e-03 5.2868054824071738e-05
5 6 -2.0400156537467599e-03 5.6926306865479787e-06
5 7 -2.0159219611733722e-03 -6.8030160905789124e-05
5 8 -1.7781140384532242e-03 5.6456198734702112e-05
5 9 -1.7152767723532581e-03 -8.7027189935401261e-05
5 10 -1.5738074623698173e-03 1.6950122957696081e-04
5 11 -1.4194601420653035e-03 -1.6826020460709313e-05
5 12 -1.1371115453615800e-03 7.1169046273942139e-05
5 13 -9.2426705833044051e-04 2.8532517065446260e-05
5 14 -9.0693926970689858e-04 5.0698816356012563e-05
5 15 -7.3116088342460009e-04 5.3216613374043004e-05
5 16 -6.4669459847768631e-04 4.3324275124191570e-05
5 17 -6.6109258499558047e-04 5.1228884917193740e-05
5 18 -5.6576506910129508e-04 -2.6301007177058912e-05
5 19 -5.3429098194919230e-04 -1.0159131396647901e-05
5 20 -5.0602803587151556e-04 -1.8466396607966001e-05
5 21 -4.2606044615511000e-04 4.0550972802914906e-05
5 22 -4.3002775500359299e-04 3.3533512749853250e-05
5 23 -4.1135473243230622e-04 -1.1366372619262227e-05
5 24 -4.0072618318876284e-04 1.0333251957513378e-05
5 25 -3.8169738449598059e-04 2.6499137823085743e-05
5 26 -3.7190672231423265e-04 -1.5881878828341272e-05
5 27 -3.2012493733015303e-04 -1.7626190303999413e-05
5 28 -2.9147274375791781e-04 -1.1524178497013250e-05
5 29 -2.2160647855100219e-04 -2.8283399144917103e-05
5 30 -2.0868154379866257e-04 -6.8047302461710736e-06
5 31 -1.4670785926185586e-04 -6.7810401700462469e-06
5 32 -1.3393883666046910e-04 -3.3806583674264560e-07
5 33 -1.0686180680018706e-04 -2.5392324436403190e-06
5 34 -8.2335995894276568e-05 2.1065317258847152e-06
5 35 -6.3861339254560578e-05 2.9623346336815889e-06
5 36 -6.2889842477280986e-05 -1.9695805764967925e-06
5 37 -5.4705129372749329e-05 3.4869671204491964e-06
5 38 -4.5051372837576587e-05 1.7257916076902950e-06
5 39 -4.4104293614486541e-05 1.2415401614044030e-06
5 40 -3.8162866318136821e-05 3.6259072162443109e-07
5 41 -3.3598234841416996e-05 4.2843899647386597e-07
5 42 -3.1753219684527255e-05 -4.4699279337243464e-07
5 43 -3.0906696959496828e-05 -1.1019702711116107e-07
5 44 -2.6948026601271065e-05 -1.4435241605353369e-06
5 45 -2.5477144575887087e-05 3.5550227592330289e-07
5 46 -3.0434537912062502e-05 -1.2430767982892132e-06
5 47 -3.3886455556381532e-05 -2.2244725106130651e-06
5 48 -3.8581014355260255e-05 -1.6872235214223761e-07
5 49 -4.5625471587283720e-05 2.3486025979927788e-06
5 50 -5.5137305275683785e-05 -5.7355929691517404e-07
5 51 -7.0911368848660652e-05 1.3448668402237453e-06
5 52 -8.6052361067817554e-05 1.5005805099204367e-07
5 53 -9.9287093193182555e-05 4.1127117081165476e-06
5 54 -1.1546497540536418e-04 1.4286328858797730e-07
5 55 -1.4367833774482405e-04 -4.1524599955723379e-06
5 56 -1.7525496677233261e-04 -3.2392561639524618e-06
5 57 -2.1635645104505725e-04 -8.9643433121424992e-06
5 58 -2.6342909200569394e-04 3.0434088314704462e-06
5 59 -3.3468116835072174e-04 1.0043730384822527e-05
5 60 -4.1163326986734078e-04 7.0035536561142374e-06
5 61 -5.0173382406262204e-04 2.1223290304854347e-05
5 62 -6.2738951351765570e-04 1.0578181635087470e-05
5 63 -7.8953329150452704e-04 6.3203485907508604e-05
5 64 -9.7347473667528143e-04 9.8803061632183700e-05
5 65 -1.2318587464311436e-03 7.2640378049226834e-05
5 66 -1.3233316146362150e-03 -2.8172827654168552e-05
5 67 -1.6695412713194468e-03 -4.7707116134557418e-05
5 68 -1.9095773177840135e-03 -9.0506380865491804e-05
5 69 -2.4896176301756725e-03 -1.7939426853912153e-04
5 70 -2.6243066588545029e-03 2.4973895551712851e-05
5 71 -3.9391143386782691e-03 -3.3135997772939141e-05
6 0 -1.6804838062962504e-03 2.0829307675194941e-04
6 1 -2.5607540496254346e-03 1.1343721904225095e-04
6 2 -1.5852490283357308e-03 3.5646983333159376e-05
6 3 -1.4734046643757243e-03 -9.1115903809910035e-06
6 4 -1.1020771384823126e-03 1.7648870730850791e-04
6 5 -1.2693863639851304e-03 4.3224505087235442e-05
6 6 -1.0691100883794221e-03 -9.6560395887078006e-06
6 7 -1.0893229379659742e-03 -5.2742182390151719e-05
6 8 -9.0220447152728573e-04 1.2392853214894791e-04
6 9 -8.8836717412755172e-04 -4.8335438737695849e-05
6 10 -8.3574844299171306e-04 1.1441627349279277e-04
6 11 -7.4998385326632941e-04 -7.9561053655291858e-05
6 12 -5.9977297879076777e-04 7.4221276388127222e-05
6 13 -4.6383588155216303e-04 3.0382581296975116e-05
6 14 -5.0574142395608604e-04 4.0907276882241574e-05
6 15 -3.8117591004418929e-04 3.6476794616032168e-05
6 16 -3.2241267329818885e-04 2.2807574977199767e-05
6 17 -3.5878954870206218e-04 5.8049215888561801e-05
6 18 -3.0448000158375151e-04 -2.2448397562855083e-05
6 19 -2.6757460893765580e-04 -4.2388673674542334e-06
6 20 -2.2810289694433274e-04 -1.5084207390957985e-05
6 21 -1.9454742486054650e-04 3.3999774274317212e-05
6 22 -2.2650121438471033e-04 2.7060936789874621e-05
6 23 -1.9748881489015224e-04 -1.2072500104181737e-05
6 24 -2.0592775623526607e-04 6.0447292405271341e-06
6 25 -1.9873807061917488e-04 1.8168880360141157e-05
6 26 -1.8165770400913679e-04 -1.7916513122663797e-05
6 27 -1.5922123864183156e-04 -2.1907732449350615e-06
6 28 -1.4295956759449014e-04 -5.9613868687131895e-06
6 29 -1.0694131876513381e-04 -1.7206573110018082e-05
6 30 -1.1163526160115312e-04 -4.4164942679946365e-07
6 31 -7.2495212001289939e-05 -4.8743085451002235e-06
6 32 -6.8330636404383461e-05 -1.0007116382633333e-06
6 33 -5.4240711142179041e-05 -3.9625928126743032e-06
6 34 -4.1120409801621646e-05 2.6052381839074661e-07
6 35 -2.9245517294324992e-05 2.9363035686214274e-06
6 36 -3.1812085885512372e-05 -1.5930346895452541e-06
6 37 -3.0058286857037174e-05 2.3143597339358725e-06
6 38 -2.3081695552066262e-05 1.7326561288956302e-06
6 39 -2.3861557128561774e-05 1.7595934212488896e-06
6 40 -2.0696127479443603e-05 -9.5589597213777269e-07
6 41 -1.6873504870561128e-05 1.5015958715871796e-07
6 42 -1.6505568532004395e-05 -4.3358245434463643e-07
6 43 -1.6020288804760681e-05 -1.7626494553529360e-07
6 44 -1.3083890060237374e-05 -7.0524173565347186e-07
6 45 -1.1737551382039222e-05 5.4406236002539527e-07
6 46 -1.5560642354402542e-05 -1.2644824759187658e-06
6 47 -1.7435876143732216e-05 -1.3871662399998640e-06
6 48 -2.0523099976926785e-05 -5.2644624389097050e-08
6 49 -2.2858405040088130e-05 1.8270600096001044e-06
6 50 -2.7833949163362811e-05 -1.1790942524936770e-06
6 51 -3.7022262604104930e-05 2.0006367935895340e-06
6 52 -4.6943210328399338e-05 -1.7084550882574739e-07
6 53 -5.1608396525865350e-05 2.1816608581882885e-06
6 54 -6.0174194510944369e-05 8.4629137134284271e-07
6 55 -7.3902008697401237e-05 -2.7029353454503223e-06
6 56 -9.0288206541458267e-05 -7.6574466201800363e-07
6 57 -1.1620811571920510e-04 -4.1167149756773271e-06
6 58 -1.4030011849693370e-04 5.1497428506368072e-06
6 59 -1.7761345957432916e-04 7.9822077375332055e-06
6 60 -2.1431941836578050e-04 8.3850162886524237e-06
6 61 -2.7792141849136308e-04 2.1154663263245725e-05
6 62 -3.1416016470805082e-04 2.9921288258086631e-05
6 63 -4.0888066542283394e-04 6.8102272880701115e-05
6 64 -4.8696460439854548e-04 8.1143429725178719e-05
6 65 -6.1394654389749614e-04 6.6425128087406731e-05
6 66 -6.5567837778243362e-04 1.3371235497531492e-05
6 67 -8.3645860879072052e-04 -4.1686912739711008e-05
6 68 -9.7875990050428794e-04 -1.5894300455561717e-05
6 69 -1.2730977778598700e-03 -8.9567033222851748e-05
6 70 -1.2667826814223746e-03 4.5469784751955219e-05
6 71 -1.9112524509252505e-03 -1.2148150891752661e-04
7 0 -6.9155864043890600e-04 9.6062662886605067e-05
7 1 -1.1679371881920344e-03 9.2245468604781981e-05
7 2 -6.9615392194988278e-04 -1.5624098902057993e-05
7 3 -7.7196235401749854e-04 2.1302180007045121e-05
7 4 -5.2524815602387239e-04 1.5129571878780076e-04
7 5 -7.3085938201401400e-04 3.3674839065713038e-05
7 6 -5.0771745383654168e-04 -3.2925918560894144e-05
7 7 -5.9228023362224182e-04 -5.2842741363259770e-05
7 8 -4.5299346904109199e-04 1.3480004214125568e-04
7 9 -4.3342858850012084e-04 -2.4206214234572124e-05
7 10 -4.1138633856121359e-04 6.7029731264425313e-05
7 11 -3.8534550178015436e-04 -1.2081839321201160e-04
7 12 -3.2139372389327833e-04 6.9248193663588962e-05
7 13 -2.1297681528413017e-04 3.8474468747647514e-05
7 14 -2.9324852957688329e-04 2.9189661536201732e-05
7 15 -2.0093090398869945e-04 1.9605902156155644e-05
7 16 -1.5339782198099935e-04 -3.7716434175277734e-06
7 17 -1.9202769824925155e-04 5.2911413618222262e-05
7 18 -1.6419813203092171e-04 -1.8884428865794369e-05
7 19 -1.3394048772110589e-04 6.7635752292923506e-06
7 20 -8.2139164773177206e-05 -1.0674574551983372e-05
7 21 -7.8785470391558806e-05 1.9866949269805227e-05
7 22 -1.2452948364874398e-04 2.2559508153715868e-05
7 23 -9.2688510766482824e-05 -1.1954144808101097e-05
7 24 -1.0375840416592591e-04 -4.6893317916210590e-07
7 25 -1.0288426418548787e-04 1.5725801394975370e-05
7 26 -7.8542308377071120e-05 -1.2543707524122372e-05
7 27 -7.0362303305052625e-05 -1.4072698773714921e-06
7 28 -6.2086494194350971e-05 -4.4374320574091413e-06
7 29 -4.5447611057731894e-05 -7.9889555751429397e-06
7 30 -5.7052963262506708e-05 3.1268385297711009e-06
7 31 -3.3331197615471950e-05 -3.3224730074952483e-06
7 32 -3.2314075841659764e-05 -1.9159768043307648e-06
7 33 -2.7267986106515547e-05 -5.0707661805353108e-06
7 34 -2.0429874336209120e-05 6.6528676598773313e-07
7 35 -1.3018136427719922e-05 4.5328055276141144e-06
7 36 -1.5806810819274488e-05 -8.3786410264093243e-07
7 37 -1.6573970295987927e-05 1.5190236051968379e-06
7 38 -1.1207401399906941e-05 1.1636650430123211e-06
7 39 -1.2472436069927091e-05 1.2307626783131213e-06
7 40 -1.1600391192189357e-05 -2.3835307113155349e-06
7 41 -8.0599972063226070e-06 -6.4296723089712918e-07
7 42 -8.3997737897452104e-06 -4.2717137605152369e-07
7 43 -7.7824557966758109e-06 -1.4903195016082211e-07
7 44 -5.9764782836129405e-06 -1.5179297088567206e-07
7 45 -5.0135732981728236e-06 6.2743042232009602e-07
7 46 -7.8395090965170120e-06 -1.4436254292300762e-06
7 47 -8.3577195166227315e-06 -4.7837546194186916e-07
7 48 -1.0536296513968979e-05 3.2651782111615937e-07
7 49 -1.0693941006482870e-05 1.4700027813303377e-06
7 50 -1.3867931480957425e-05 -1.4774966199358960e-06
7 51 -1.8406317626405256e-05 2.4796216965093957e-06
7 52 -2.5900218704927330e-05 3.2985502986260886e-07
7 53 -2.6253474303320626e-05 2.3812372878094147e-07
7 54 -3.0855095854883393e-05 4.7065134258260212e-07
7 55 -3.6221950338020725e-05 -2.1873938298514108e-06
7 56 -4.5647722175343830e-05 -8.7149360065586556e-09
7 57 -6.3310890799541297e-05 -2.5913816282293347e-06
7 58 -7.1828527839160825e-05 4.4427828389353927e-06
7 59 -8.9788840169355950e-05 6.3801223039146849e-06
7 60 -1.1284415371100353e-04 9.0296102637884026e-06
7 61 -1.5291454611050695e-04 2.1169632815347138e-05
7 62 -1.4835633126120769e-04 3.8533104347689803e-05
7 63 -1.9713902793980293e-04 6.4398228199994236e-05
7 64 -2.4249437468901021e-04 6.1892841317881243e-05
7 65 -2.9624950589345880e-04 6.6169067584892065e-05
7 66 -3.1768320006672304e-04 3.0321210875033974e-05
7 67 -3.9491086904030348e-04 -5.8036886703988363e-05
7 68 -4.8629511230332200e-04 1.4621482744966171e-05
7 69 -6.4170683995061896e-04 -3.9130003101589548e-05
7 70 -6.5842284632535396e-04 9.2340555497128643e-05
7 71 -9.4689647576553864e-04 -8.1537055681480492e-05
8 0 -4.9130066412569678e-04 1.3879916152118737e-04
8 1 -5.0903170413756408e-04 3.6455987417900288e-05
8 2 -3.1590812893991067e-04 -4.3518482315762062e-05
8 3 -3.4592692911650398e-04 3.7970396491159990e-05
8 4 -2.1356404730072753e-04 1.1843770951143295e-04
8 5 -4.0533697643397036e-04 1.8749545709476627e-05
8 6 -2.2992868615994097e-04 -2.8029784225077647e-05
8 7 -3.3685964743410406e-04 -2.0347648571701492e-05
8 8 -2.2743561157385287e-04 1.0146784410128177e-04
8 9 -1.9829693379770972e-04 -6.6819820040493169e-06
8 10 -1.8457090528379506e-04 3.9576689840477231e-05
8 11 -2.0912475107002452e-04 -1.3435187498022388e-04
8 12 -1.7589082356779523e-04 5.5482464657289901e-05
8 13 -7.9107520146808735e-05 3.2120101565225628e-05
8 14 -1.8229892826017715e-04 1.7462737912218613e-05
8 15 -1.1219264411937080e-04 1.2438462390214936e-06
8 16 -6.8428987659713877e-05 -2.6597131203355512e-05
8 17 -1.0398178595515795e-04 4.2152924427666732e-05
8 18 -9.2772523201017449e-05 -1.5075482467285902e-05
8 19 -7.6127936389114398e-05 1.7531925749999935e-05
8 20 -1.5888347580844167e-05 -3.2465560815486988e-06
8 21 -1.8763010676830466e-05 1.3936605433023604e-05
8 22 -7.2055669267896542e-05 2.1651204589984836e-05
8 23 -4.0753295949764005e-05 -6.8001087066533948e-06
8 24 -5.1986849748843210e-05 -1.6188106922870333e-06
8 25 -5.2530409670433265e-05 1.1991228909640364e-05
8 26 -2.6344393215258416e-05 -1.4781120000708441e-05
8 27 -2.8031256239161254e-05 -9.3579720533823449e-06
8 28 -2.1849808515152148e-05 -4.8065385113627352e-06
8 29 -1.1949656681362921e-05 -3.7144636735899945e-06
8 30 -2.5363810602368077e-05 2.9636590950072176e-06
8 31 -1.3318856422522560e-05 -1.9971517339466849e-06
8 32 -1.4741336763066687e-05 -3.2087182650192971e-06
8 33 -1.5419181064769809e-05 -4.2395721614225163e-06
8 34 -1.1651932956908515e-05 1.3194437992740403e-06
8 35 -6.3717703974338458e-06 4.6960692742096211e-06
8 36 -7.2302644719112334e-06 1.9936712723839869e-07
8 37 -8.9346821518356348e-06 2.0419361753151131e-06
8 38 -5.2254895240215916e-06 1.0116381375991512e-07
8 39 -6.6294186478596817e-06 3.2896530307101256e-07
8 40 -6.8281902720009609e-06 -3.2743391804599401e-06
8 41 -3.6072311063959501e-06 -8.4101514245235927e-07
8 42 -4.1195850597192957e-06 -8.2827486769883232e-07
8 43 -3.4000243735227115e-06 5.5018745965658111e-08
8 44 -2.3227601061726905e-06 1.9401337841952581e-07
8 45 -1.8957805758640429e-06 5.6575723004625193e-07
8 46 -3.8594083973747931e-06 -1.6091307284107039e-06
8 47 -3.7655481473558259e-06 1.8107048769097188e-07
8 48 -5.0529908654570200e-06 5.7269557429423307e-07
8 49 -4.3934113604710925e-06 1.3091255874598591e-06
8 50 -6.8011469527854766e-06 -1.8328897396359290e-06
8 51 -8.9543129788705638e-06 2.2291446253686778e-06
8 52 -1.5408359001559209e-05 1.3692577743688459e-06
8 53 -1.2555094761107633e-05 -6.4585417776434711e-07
8 54 -1.5811390632207223e-05 8.4064091919640358e-07
8 55 -1.6520202104639005e-05 -5.7002467191591723e-07
8 56 -2.1606307700925177e-05 4.1827067746116091e-07
8 57 -3.5191705272695377e-05 -8.0410040530139502e-07
8 58 -3.2290410887410749e-05 3.8161897091087639e-06
8 59 -4.3282951180702768e-05 3.7955164889311497e-06
8 60 -5.8586538128413003e-05 6.5494761540962215e-06
8 61 -7.5083823066726129e-05 1.7619189469562654e-05
8 62 -7.0144141756731107e-05 4.0643379854294846e-05
8 63 -9.3477781713053717e-05 5.9748662867977160e-05
8 64 -1.3379559483595258e-04 4.7858381105105795e-05
8 65 -1.3989734818883263e-04 5.6003454565571137e-05
8 66 -1.5674753809981004e-04 2.5862545955316757e-05
8 67 -1.7758183085757236e-04 -7.9162684780003018e-05
8 68 -2.2277060203960302e-04 1.7322788260697229e-05
8 69 -3.2809728653573992e-04 -2.3983719521152360e-05
8 70 -3.5015044959556567e-04 1.1414959455828628e-04
8 71 -4.2842303512590304e-04 -2.9030246767124833e-05
9 0 -3.3845948973088436e-04 1.9025540888056383e-04
9 1 -2.0597724823940666e-04 -1.3976484660200617e-05
9 2 -1.9180003423580153e-04 -4.2269913777738336e-05
9 3 -9.1815719271840575e-05 1.4487269018996821e-05
9 4 -6.8988922827413373e-05 8.7681074021357853e-05
9 5 -1.9441432344487287e-04 2.1609908242132638e-05
9 6 -1.0500854146568930e-04 -1.0951350960697992e-05
9 7 -2.0915255789411702e-04 1.5846363968938048e-05
9 8 -1.0968770080021142e-04 6.8638384208588178e-05
9 9 -7.0338275637913742e-05 -5.9233188001408481e-06
9 10 -6.5960209592779234e-05 3.1868766113800919e-05
9 11 -1.4573081297582669e-04 -1.0958001083585274e-04
9 12 -8.1734017234564538e-05 4.9495405766856001e-05
9 13 -1.6222930474389834e-05 1.7360812824598606e-05
9 14 -1.1244258473262912e-04 9.8636727543069395e-06
9 15 -6.4864709544854303e-05 -9.9518843056802840e-06
9 16 -2.6797180830350024e-05 -3.5263128773059345e-05
9 17 -6.0830489104045824e-05 3.3237410927633515e-05
9 18 -4.9514033126302544e-05 -1.0983867971879544e-05
9 19 -4.6985156460853108e-05 2.1230849645336650e-05
9 20 3.8822163157706321e-06 -1.9287038320907450e-06
9 21 1.0293870434576607e-05 1.6744258588327936e-05
9 22 -4.3055617112068803e-05 1.9413368831757435e-05
9 23 -2.2419685278825971e-05 1.0235678564375101e-05
9 24 -3.5373569690096246e-05 -4.6896700474821096e-06
9 25 -2.6570527787587185e-05 8.8615622288358180e-06
9 26 -2.5241193954941889e-06 -1.6559679407738675e-05
9 27 -1.0806862615045979e-05 -1.6309428958953504e-05
9 28 4.5195345057455538e-08 -6.7194681875850623e-07
9 29 5.5856723123969985e-06 -2.7491195221674325e-06
9 30 -8.1098470016329712e-06 2.1403335224599638e-06
9 31 -3.5509050471445334e-06 -1.6074191631398263e-06
9 32 -5.3382867842475239e-06 -4.9857923611813162e-06
9 33 -1.0351316475593036e-05 -4.2436295947568238e-06
9 34 -7.2683552548755943e-06 1.7039543962397883e-06
9 35 -3.2503252654516745e-06 3.0163616194422810e-06
9 36 -2.3625815604863240e-06 8.7049625188352389e-07
9 37 -4.9906244401914208e-06 3.1638613232915867e-06
9 38 -2.5783530546708869e-06 -1.0102317809724880e-06
9 39 -3.3984065701864157e-06 -2.1065855851164868e-07
9 40 -4.1577351564911013e-06 -3.5876354748753885e-06
9 41 -1.2171549008756850e-06 -3.9542032993717409e-07
9 42 -2.1207697755843712e-06 -6.7435565349644095e-07
9 43 -1.3701031317420375e-06 3.6006055216492129e-07
9 44 -5.9891989409525495e-07 4.1457879588357032e-07
9 45 -3.6746009746798006e-07 4.5710681284677066e-07
9 46 -1.7607283538104887e-06 -1.5923256255573107e-06
9 47 -1.6815559644320540e-06 7.5923792201019838e-07
9 48 -2.3948783150971203e-06 8.8230225518262912e-07
9 49 -1.2984276077775246e-06 1.6463518722908787e-06
9 50 -3.2045611153890112e-06 -2.0730835949996345e-06
9 51 -4.4042495129341377e-06 1.2020088075380461e-06
9 52 -9.7141655025429588e-06 1.7533465087223507e-06
9 53 -5.2698504590291982e-06 -9.2871263996547145e-07
9 54 -7.9395760100618099e-06 2.3730100444275860e-06
9 55 -8.0447342083613695e-06 -3.6577929615042302e-07
9 56 -8.2240183456501532e-06 7.6300515076454892e-08
9 57 -2.4447924054697165e-05 2.5254047992329270e-06
9 58 -9.7740846800534220e-06 2.7205038361426645e-06
9 59 -2.1060808625692351e-05 8.3386380518214582e-07
9 60 -3.1206207501573831e-05 5.4660087043287776e-06
9 61 -2.7047809655940465e-05 1.3416320679045746e-05
9 62 -3.0881622155469299e-05 4.7875376726152760e-05
9 63 -4.6779302657823527e-05 5.7040300390446508e-05
9 64 -7.8467941642856536e-05 4.0593834273647360e-05
9 65 -5.5125963159202389e-05 3.6684768177287117e-05
9 66 -6.4062685720017509e-05 2.8794477030440420e-05
9 67 -7.2662943563122224e-05 -7.7690665978051281e-05
9 68 -7.6186334321039865e-05 8.0206669718399279e-06
9 69 -1.8047058180734569e-04 -3.2002023414786484e-05
9 70 -2.0849473804634749e-04 9.8937773424781134e-05
9 71 -1.5795460640386305e-04 -1.7306424170500587e-05
10 0 -2.1250456159159712e-04 6.5354011951574656e-05
10 1 -5.6760594198846240e-05 -3.8103362738688910e-05
10 2 -9.5727051325744422e-05 -3.4907770330421172e-05
10 3 -4.6949056191072571e-06 -2.8286503380061490e-05
10 4 -2.4105689841600297e-05 3.9525679245989999e-05
10 5 -5.8946593389978295e-05 2.2431283624224769e-05
10 6 -2.5645630137291517e-05 -5.6591980930494283e-06
10 7 -1.2347120295353055e-04 5.0177546934344898e-05
10 8 -5.8157278871190394e-05 4.0509702674824706e-05
10 9 -8.4929106520884791e-06 -9.8952153576113886e-06
10 10 8.2745626454005469e-06 3.4258523048838782e-05
10 11 -1.1720865150687611e-04 -9.0691391004160584e-05
10 12 -2.7351474597315860e-05 3.8440103041576544e-05
10 13 2.4056772878832011e-05 1.2363765609709155e-05
10 14 -6.2304077071419117e-05 -4.9079390164685887e-07
10 15 -2.7546145853046458e-05 -1.7653764006887318e-05
10 16 -1.4820314167082347e-06 -3.7863589452174442e-05
10 17 -4.5315539008296766e-05 2.6491041050075124e-05
10 18 -2.3884133293198036e-05 -1.0642137794481342e-05
10 19 -3.2900911464491183e-05 1.7669821214947311e-05
10 20 -5.4460933914483469e-06 -6.5234500409384781e-06
10 21 1.9162151185994100e-05 1.4536547227038753e-05
10 22 -2.0967969727031596e-05 1.5978949307691631e-05
10 23 -2.2156943221141521e-05 2.7695184470657061e-05
10 24 -3.7750659928225093e-05 -3.3662167989161193e-06
10 25 -1.1666084916440726e-05 1.1126231382190172e-05
10 26 -1.3893935010100376e-06 -6.6221393397275286e-06
10 27 -6.5528019004207864e-06 -2.2209458653271640e-05
10 28 9.2182641248577956e-06 7.5981419618147053e-06
10 29 1.2290412976078686e-05 1.6686569521364986e-06
10 30 6.2906233325002982e-07 8.8892172036928602e-07
10 31 4.8797448537701332e-07 1.0053594035400497e-06
10 32 -1.3081797864658484e-06 -6.6685474344556187e-06
10 33 -7.9092937776327459e-06 -6.2048409995972976e-06
10 34 -4.7100438722362753e-06 2.8348835048901978e-06
10 35 -1.0975073756884843e-06 1.2939124080333063e-06
10 36 1.2341321793432537e-07 6.7079197155310361e-07
10 37 -2.9328751468615818e-06 4.4719236708525006e-06
10 38 -1.4776734974863824e-06 -6.8273242222237508e-07
10 39 -1.2914140793252814e-06 -7.6731456956848638e-08
10 40 -2.6321454702062091e-06 -3.2123828948533568e-06
10 41 -1.0382449885286209e-07 1.0375504125574959e-07
10 42 -8.6095626572838825e-07 -2.3691319542893610e-07
10 43 -7.9396383762757745e-07 3.9330684635169889e-07
10 44 3.2383825620573366e-07 6.4350486144719275e-07
10 45 2.6730899444979554e-07 6.3221794103290726e-07
10 46 -4.4997034382665860e-07 -1.5164370157118885e-06
10 47 -6.5573647972869451e-07 1.0998178742012659e-06
10 48 -1.3155646049150424e-06 6.6866643792678847e-07
10 49 2.6633547595219308e-07 1.9958156568857356e-06
10 50 -1.2067429700425855e-06 -1.9366647961104876e-06
10 51 -1.6846937880540422e-06 3.7222910073750286e-07
10 52 -6.0593679684683836e-06 1.5636581214637931e-06
10 53 -2.0658928162878914e-06 -8.4641527903542017e-07
10 54 -4.1633849983141482e-06 3.7249035122422952e-06
10 55 -5.4654667037456182e-06 8.9603910290509001e-07
10 56 -3.1267637786623264e-06 1.0990757475453490e-06
10 57 -2.0128315476031296e-05 5.6557058747001505e-06
10 58 2.1700293172604498e-06 3.9302583720132811e-06
10 59 -6.7539488391187791e-06 -3.2115899639805702e-06
10 60 -1.3710767094385941e-05 7.8260649444441208e-06
10 61 -2.9691320468710530e-07 1.0311780319800734e-05
10 62 -1.5681007384164380e-05 5.0398480471681424e-05
10 63 -2.7553924346336190e-05 4.8967684327525454e-05
10 64 -4.2221434381690849e-05 3.0826984695361613e-05
10 65 -2.1391065876475582e-05 2.4864429040748371e-05
10 66 -1.3168118862474550e-05 3.0409368351581452e-05
10 67 -1.7264741576325466e-05 -5.2478245205282743e-05
10 68 8.2527143688392210e-06 5.1841002760772128e-06
10 69 -1.1367495398524713e-04 -5.0569049105672873e-05
10 70 -1.3360364246942143e-04 5.0286369730060152e-05
10 71 -5.5359242358530295e-05 -3.7382594991078056e-05
