0 0 -1.1470796677576729e+00 1.6306639815571562e-19
0 1 -1.4976700146805499e-01 -4.7161963930302116e-20
0 2 -5.9605494081319939e-02 7.9117373731795483e-21
0 3 -3.7393471009001658e-02 1.2305189848310966e-22
0 4 -3.0355684782570631e-02 1.3470166211331832e-21
0 5 -2.6650896175075624e-02 -1.2309292639272790e-22
0 6 -2.2795014159560659e-02 7.3534867374148097e-22
0 7 -1.8455666553684538e-02 -5.0108272769748303e-22
0 8 -1.5375741501913995e-02 5.0021552022024579e-22
0 9 -1.3551305711309906e-02 -1.4236021837630058e-21
0 10 -1.1644787665282175e-02 -3.4949810859852960e-22
0 11 -9.5313801213551454e-03 1.3390492345440101e-22
0 12 -7.5040106888174911e-03 4.6386362979783479e-22
0 13 -6.0947066414144876e-03 1.3924238469961236e-22
0 14 -4.9838312232488372e-03 2.3903329461977188e-22
0 15 -4.0821851158074724e-03 1.3780445839049481e-22
0 16 -3.4752399522895152e-03 2.0364701783632605e-23
0 17 -3.0791803922478175e-03 1.0065034187669099e-22
0 18 -2.7340331692140788e-03 -1.2855287934008571e-22
0 19 -2.4003655247729250e-03 1.3787346199817880e-22
0 20 -2.0247239223662858e-03 3.5661229307419304e-24
0 21 -1.7186216096985252e-03 -2.4393275856098844e-23
0 22 -1.4922256173726610e-03 -4.9868369955427681e-23
0 23 -1.2690445677729313e-03 2.2996207725780659e-23
0 24 -1.1071410396279969e-03 6.9646181466812146e-24
0 25 -9.7450884994415782e-04 2.2149046871174623e-23
0 26 -8.4000385089069989e-04 -4.1005732387053841e-24
0 27 -7.0101917067112111e-04 -1.0281095104496460e-23
0 28 -6.0780805885645003e-04 -8.9345262448104529e-25
0 29 -5.6203036695571097e-04 2.6165930011827967e-23
0 30 -5.5468823506742875e-04 2.3853903445316528e-23
0 31 -5.4273782765822196e-04 -1.9600437294483768e-23
0 32 -5.0191807113351701e-04 -5.8319980774956853e-24
0 33 -4.5613877633509037e-04 1.8578870804291202e-24
0 34 -3.9459820939372297e-04 -8.7220762920893364e-24
0 35 -3.8457682106638955e-04 3.1874501038242461e-24
0 36 -3.8997144886634077e-04 -9.3089016010167449e-24
0 37 -3.7674988639902011e-04 -4.8321308592139273e-24
0 38 -3.7364966236351911e-04 1.0678715127042797e-23
0 39 -3.8872103869228540e-04 -9.5433829952235727e-24
0 40 -4.0073946370784702e-04 -2.7191198286343388e-23
0 41 -4.0348742810546640e-04 6.5054334675893384e-27
0 42 -4.2426956011916211e-04 8.3362008213168840e-24
0 43 -4.5864254541716460e-04 -5.5999419567278995e-23
0 44 -5.1066995818561836e-04 3.5413507357788458e-23
0 45 -5.6598766245116771e-04 -5.3901005210794786e-24
0 46 -6.1561767111439696e-04 4.5096495601126708e-23
0 47 -6.7902937236791812e-04 -9.7914845084478160e-24
0 48 -7.4730883422705855e-04 6.7352700677700773e-24
0 49 -8.1746288559632319e-04 -1.8349952561981998e-23
0 50 -8.7618583429506264e-04 -5.3205872187648326e-24
0 51 -9.9824057689797911e-04 8.6255218005055020e-24
0 52 -1.1891222976141060e-03 7.2001841937743322e-23
0 53 -1.4194187081823634e-03 -4.5226038594146079e-23
0 54 -1.7650375650270580e-03 9.2330726447734617e-23
0 55 -2.2090444817589455e-03 -6.1771880647302303e-23
0 56 -2.6098006722577519e-03 -1.1868838300110444e-23
0 57 -3.0334649203636157e-03 -1.9280750481181810e-22
0 58 -3.3990074972770801e-03 2.4213984510959011e-23
0 59 -3.8500411658473678e-03 -1.9871967239748954e-22
0 60 -4.2794485539874808e-03 -1.5211374465676189e-22
0 61 -4.8167202217783700e-03 4.0941008658076318e-23
0 62 -5.5814872857798551e-03 -2.4373398035232860e-22
0 63 -6.5264283641917791e-03 -3.7142776020622634e-22
0 64 -7.7284666871011995e-03 -4.2797191074149527e-23
0 65 -9.7012522050128371e-03 -5.3359180657452228e-22
0 66 -1.2251740752843573e-02 2.1587575918815954e-22
0 67 -1.5602260614329094e-02 1.2815561359112477e-22
0 68 -2.0724908179049720e-02 1.0679862585037297e-21
0 69 -3.0060121885977478e-02 -4.5191249017850073e-21
0 70 -5.3190947718030034e-02 -8.2773393243145627e-21
0 71 -1.4152874120330444e-01 1.2490104571143977e-19
1 0 -3.4221224711282644e-01 -1.0929462420327975e-03
1 1 -8.8268878031230902e-02 -8.2900229663051498e-05
1 2 -4.2496866577967141e-02 -1.2023002135741544e-04
1 3 -2.8128797084315846e-02 -1.4351604988539180e-04
1 4 -2.2990734853360811e-02 -1.0927879029410166e-04
1 5 -2.0142852376374028e-02 -1.0003546108643452e-04
1 6 -1.7321646013900065e-02 1.1157604612269161e-05
1 7 -1.4087371311806382e-02 1.7624114002103719e-05
1 8 -1.1720579426227786e-02 4.5087691581128103e-05
1 9 -1.0360446734155891e-02 1.0184757357888890e-05
1 10 -8.9019579899420019e-03 1.2489311500422392e-05
1 11 -7.2969428586098931e-03 -3.3115844099413786e-07
1 12 -5.7382976704588385e-03 3.4245611388072481e-05
1 13 -4.6664002143513850e-03 2.8010338858115634e-05
1 14 -3.8071761874781990e-03 -1.2444819591719722e-05
1 15 -3.1351263553863044e-03 -2.8846098789144431e-06
1 16 -2.6648998013527867e-03 -8.0029800091043672e-06
1 17 -2.3584404389030509e-03 -5.8592061279149765e-06
1 18 -2.0949747070904746e-03 1.9980184250354775e-06
1 19 -1.8402475712332807e-03 6.5144778282884745e-06
1 20 -1.5443789386207362e-03 1.3253892600479517e-05
1 21 -1.3122958280490367e-03 1.9250495134329648e-06
1 22 -1.1406300492048597e-03 7.0761878478547509e-06
1 23 -9.7202607467676214e-04 -1.9893731633529676e-06
1 24 -8.4688535073843690e-04 -5.2786514737254765e-06
1 25 -7.4702383633242192e-04 1.0970003371776591e-06
1 26 -6.4427230857594386e-04 -5.0180895558727154e-07
1 27 -5.3537648269382670e-04 -1.2392325892055107e-07
1 28 -4.6411662556127486e-04 2.7021440882882040e-06
1 29 -4.2856831414668934e-04 2.8668970421546450e-06
1 30 -4.2385499386839853e-04 3.0487632896181152e-06
1 31 -4.1429757763002779e-04 -1.0805852240896568e-06
1 32 -3.8273790826292106e-04 -3.3110842531056101e-06
1 33 -3.4972093882162139e-04 -1.4737569400071710e-06
1 34 -3.0107816588488328e-04 6.5988715444714407e-08
1 35 -2.9363920025158772e-04 1.0566288267912727e-06
1 36 -2.9774341004000786e-04 1.0140435133040826e-06
1 37 -2.8783258139296813e-04 2.8497225169176429e-07
1 38 -2.8662205108078846e-04 -2.9840430180171167e-07
1 39 -2.9951149085170306e-04 -2.8691742168295151e-06
1 40 -3.0777045865523994e-04 -1.1784923109302841e-06
1 41 -3.0906966017703411e-04 -1.8012778890428095e-07
1 42 -3.2459086667307855e-04 -6.4867404827069867e-08
1 43 -3.5046306708146925e-04 7.8316367187172132e-07
1 44 -3.9125867946115142e-04 -8.6070948857201880e-07
1 45 -4.3238337469627016e-04 -2.4623760276329193e-07
1 46 -4.7029611975006808e-04 -2.7675002943910863e-06
1 47 -5.1951847831513409e-04 3.0381378577983082e-07
1 48 -5.6918154929759903e-04 2.0189124391708459e-06
1 49 -6.2190683141137364e-04 1.7785446846010494e-06
1 50 -6.6917496011606058e-04 1.1719455765713842e-06
1 51 -7.6235851302187138e-04 3.0046429800063075e-06
1 52 -9.0456282967867454e-04 3.8839110586422435e-06
1 53 -1.0813130236018665e-03 8.2935996690598870e-06
1 54 -1.3414899257115586e-03 2.1232112757526313e-06
1 55 -1.6804075887170600e-03 8.2501244519144693e-06
1 56 -1.9835294980937446e-03 -5.4174475172347733e-06
1 57 -2.3122109855874739e-03 -1.7849769525390314e-05
1 58 -2.6019385244366059e-03 -1.5315728114518095e-05
1 59 -2.9463554928547755e-03 -1.1531242816798688e-05
1 60 -3.2667801782780819e-03 -1.1148802446764182e-05
1 61 -3.6801402536608451e-03 1.9027671451113300e-05
1 62 -4.2647052141310659e-03 1.0791410977258714e-05
1 63 -4.9662220581864697e-03 1.8553034346679320e-05
1 64 -5.9014221096958053e-03 -4.3851465182572283e-05
1 65 -7.3966538766427363e-03 -4.3592396177952198e-05
1 66 -9.3541974405682085e-03 -1.6106681512517123e-05
1 67 -1.1840874124069407e-02 2.7528200026870421e-05
1 68 -1.5616506672805369e-02 5.1350832350708927e-05
1 69 -2.2489959884632326e-02 3.8909288242139395e-05
1 70 -3.7852913869959606e-02 -4.9083074455718640e-05
1 71 -8.0155566584154028e-02 -1.0096008319896971e-04
2 0 -1.1143911885526307e-01 -1.1028432791708228e-03
2 1 -4.0179783106832789e-02 -2.0775061345925080e-04
2 2 -2.3861364389158046e-02 -2.4672513689230172e-06
2 3 -1.6992609047301925e-02 -2.1222559808608746e-04
2 4 -1.4005772829423009e-02 -7.9161941725215370e-05
2 5 -1.2127661637404094e-02 -1.4088555412121879e-04
2 6 -1.0577179850949896e-02 2.9826428451252697e-06
2 7 -8.6662466896523863e-03 4.9165958918039216e-06
2 8 -7.1945118159020176e-03 8.2543045390569720e-05
2 9 -6.3820190852995947e-03 1.3683173325206209e-05
2 10 -5.5012348620241203e-03 2.1135180919124517e-05
2 11 -4.5527288532089122e-03 7.5274402438624740e-06
2 12 -3.5642437128472044e-03 5.8039897305410907e-05
2 13 -2.9064809785922696e-03 3.4143985574511124e-05
2 14 -2.3686372124481167e-03 -1.4535098807345688e-05
2 15 -1.9719650788098792e-03 4.6583009171309612e-07
2 16 -1.6664756793145598e-03 -1.0561602608550331e-05
2 17 -1.4755220774271527e-03 -6.0783479327804830e-06
2 18 -1.3068140720232822e-03 1.7408111071076118e-06
2 19 -1.1467066668042227e-03 7.4260260958941322e-06
2 20 -9.5165300189326105e-04 1.4793751751648223e-05
2 21 -8.1034570633725894e-04 1.5520628172889118e-06
2 22 -7.0724598116509243e-04 9.6722717470282966e-06
2 23 -6.0683187466588123e-04 -3.5072522196028976e-06
2 24 -5.2691229771685165e-04 -7.5998931949690357e-06
2 25 -4.6470535458658876e-04 2.2026949052794363e-06
2 26 -3.9991447748330200e-04 3.8708868620938629e-07
2 27 -3.3189678850419210e-04 -4.5264597345980480e-09
2 28 -2.8787659856090630e-04 3.2325669920699826e-06
2 29 -2.6565527945396117e-04 4.3732581322717810e-06
2 30 -2.6339761688216613e-04 5.0963817375781688e-06
2 31 -2.5664632595283527e-04 -1.8045776872360951e-06
2 32 -2.3517204452355205e-04 -4.7329254301575424e-06
2 33 -2.1768638415904626e-04 -2.4203437542088741e-06
2 34 -1.8565727589320714e-04 -1.3670488367074536e-07
2 35 -1.8173735720299479e-04 5.9924768687138927e-07
2 36 -1.8384524496975328e-04 1.6300825410896018e-06
2 37 -1.7779384534825134e-04 1.1988594107445816e-07
2 38 -1.7887915609565404e-04 -1.2773698962455698e-07
2 39 -1.8841908996607937e-04 -3.9303767908582362e-06
2 40 -1.9258599379534482e-04 -9.7084053777396309e-07
2 41 -1.9377441201451503e-04 6.2967100692037154e-07
2 42 -2.0200267199960294e-04 -7.9751669960831662e-07
2 43 -2.1780817926281802e-04 2.2543723543562474e-07
2 44 -2.4392953376226896e-04 -2.0603261629444424e-06
2 45 -2.6814728508560014e-04 -5.4057348729957154e-07
2 46 -2.9057227088416114e-04 -3.9223963415535725e-06
2 47 -3.2296384504216597e-04 1.9717856419669683e-07
2 48 -3.4991653879070029e-04 2.3847944308828120e-06
2 49 -3.8315821286838902e-04 2.7737545681974844e-06
2 50 -4.1559203281784360e-04 -1.9703630998302875e-07
2 51 -4.7394057255128140e-04 3.7821263221629185e-06
2 52 -5.5339010129843932e-04 4.3159621700605413e-06
2 53 -6.6272793938755732e-04 1.0598559982510470e-05
2 54 -8.1895576888704074e-04 4.4118227322068231e-06
2 55 -1.0317457788711890e-03 1.0131957378797794e-05
2 56 -1.2104747863960644e-03 -8.2156301176811759e-06
2 57 -1.4234770860633624e-03 -2.2472664391915864e-05
2 58 -1.6163699011311999e-03 -1.9700831548091369e-05
2 59 -1.8265610045420080e-03 -1.6040587263036390e-05
2 60 -2.0243397854355113e-03 -1.6045161327398102e-05
2 61 -2.2825201084742822e-03 2.8002566734706609e-05
2 62 -2.6417852239845798e-03 1.2755971894568045e-05
2 63 -3.0423175770567966e-03 3.0933831277722334e-05
2 64 -3.6558985414503016e-03 -4.9607476148980495e-05
2 65 -4.5560433865556001e-03 -5.1044594522951751e-05
2 66 -5.7924742175342239e-03 -4.0362424116017443e-05
2 67 -7.2553651063301779e-03 4.1308432786253265e-05
2 68 -9.4255289367899571e-03 1.0307461126622935e-04
2 69 -1.3321171146873208e-02 7.2313683539325737e-05
2 70 -2.1515136254811718e-02 -7.7466860911054434e-05
2 71 -3.7608301744543889e-02 -4.0673367121332309e-04
3 0 -3.8410167944061914e-02 -5.2704155313368947e-04
3 1 -1.7859351467609978e-02 -5.6775158807424362e-04
3 2 -1.2219574146866223e-02 2.9937410881424866e-04
3 3 -9.3776757160172509e-03 -1.5459660562420523e-04
3 4 -7.8402758578238613e-03 2.2251562481315388e-05
3 5 -6.6739223967248618e-03 -1.3020444587766812e-04
3 6 -5.9404759195643593e-03 2.9789044862267369e-05
3 7 -4.8853339872572633e-03 -9.6623246108573370e-06
3 8 -4.0763050783552421e-03 9.8571740011590690e-05
3 9 -3.6239634286459395e-03 1.2913575390918527e-05
3 10 -3.1314233081730148e-03 2.5590558775473653e-05
3 11 -2.6347915110352242e-03 2.1289126414740372e-05
3 12 -2.0497399651654776e-03 7.1209364864855115e-05
3 13 -1.6790101756275226e-03 3.6093968483602432e-05
3 14 -1.3729978660572695e-03 -1.1472265946189436e-05
3 15 -1.1584469989444231e-03 5.0383530463567466e-06
3 16 -9.6617303401428680e-04 -7.6009785329217118e-06
3 17 -8.6042411880521636e-04 -3.1304444702373381e-06
3 18 -7.4932515062365679e-04 2.2246881933409122e-07
3 19 -6.6109099591058406e-04 4.7590953908979289e-06
3 20 -5.3923211500715316e-04 1.1794033965769554e-05
3 21 -4.6123087676439972e-04 3.3942830902108598e-08
3 22 -4.0510784500681976e-04 6.7960682375257050e-06
3 23 -3.5036028119655934e-04 -3.8313140033935477e-06
3 24 -3.0372099631042316e-04 -7.2559822276853772e-06
3 25 -2.6805051451834154e-04 3.4065699084849147e-06
3 26 -2.2844167951576111e-04 7.1113368384580883e-07
3 27 -1.9085652753516124e-04 1.1183687372230475e-07
3 28 -1.6451544024934724e-04 2.6328417152336924e-06
3 29 -1.5283380035314908e-04 4.5490167953929386e-06
3 30 -1.5129447526877708e-04 5.4989183835724379e-06
3 31 -1.4842618041388569e-04 -1.8208754672933077e-06
3 32 -1.3250684865225931e-04 -4.5586887114079127e-06
3 33 -1.2479118123148963e-04 -3.0117055453494396e-06
3 34 -1.0565274176584635e-04 -1.6962156549997612e-07
3 35 -1.0434825252493885e-04 -8.1380296809695850e-07
3 36 -1.0486755154287630e-04 1.9100918288850416e-06
3 37 -1.0104889047188966e-04 -7.6957515853657239e-07
3 38 -1.0292310225893121e-04 -1.2101636389022082e-07
3 39 -1.0886332215945999e-04 -3.7202823591341834e-06
3 40 -1.1071631660682106e-04 -1.4852964491448919e-07
3 41 -1.1319122154439086e-04 2.5724863382611253e-07
3 42 -1.1661304280870517e-04 -1.1014093075478653e-06
3 43 -1.2501572898540058e-04 -2.7134726985673846e-07
3 44 -1.4083713901926449e-04 -2.8191802372548822e-06
3 45 -1.5284120497741801e-04 -1.0235002319835007e-06
3 46 -1.6656028576416380e-04 -4.0675686751296551e-06
3 47 -1.8672472405041780e-04 4.3987000791606868e-07
3 48 -1.9770881471429405e-04 2.0811203684622522e-06
3 49 -2.1791767189034868e-04 3.1085566724197096e-06
3 50 -2.3881089485993374e-04 -8.2363397754263074e-07
3 51 -2.7401085653147036e-04 3.9403775718630856e-06
3 52 -3.1036839896674023e-04 2.5076804558784783e-06
3 53 -3.7349518540548345e-04 9.9405812380924580e-06
3 54 -4.5638019500141930e-04 6.0370846553485618e-06
3 55 -5.8359382634090237e-04 8.0466980704785537e-06
3 56 -6.7677571875890017e-04 -1.0625464994313244e-05
3 57 -8.1091034325139787e-04 -1.7831785978922980e-05
3 58 -9.3078145490426865e-04 -1.7605771864730095e-05
3 59 -1.0470952899260073e-03 -1.6546436807938277e-05
3 60 -1.1555536568340723e-03 -1.6677720728935778e-05
3 61 -1.3126539900826068e-03 3.0364600931907194e-05
3 62 -1.5063162208078635e-03 7.6253171893312857e-06
3 63 -1.7128614232477274e-03 3.4225844436079152e-05
3 64 -2.0810443015901077e-03 -4.4684228942022981e-05
3 65 -2.5886307153857972e-03 -4.2409678107892009e-05
3 66 -3.3086931250146069e-03 -5.1493052075128338e-05
3 67 -4.1044459015843332e-03 3.5072696198719509e-05
3 68 -5.2285505097912190e-03 1.5215454257072901e-04
3 69 -7.2234763623749455e-03 3.8006311178550235e-05
3 70 -1.1123986358664273e-02 -1.7821571159811234e-05
3 71 -1.7266730449542033e-02 -9.5898317142666882e-04
4 0 -1.4768860550869529e-02 -3.2228213271960724e-04
4 1 -7.8502711226010949e-03 -6.1097979204516068e-04
4 2 -5.9591087778305511e-03 3.2481252301655737e-04
4 3 -4.8476965708394437e-03 -5.8750978176662748e-05
4 4 -4.1015364798542122e-03 5.6743637804354445e-05
4 5 -3.4755704638800670e-03 -1.0284013707722464e-04
4 6 -3.1807915101087912e-03 4.6089420731946046e-05
4 7 -2.6157791219825429e-03 -1.5630991345819993e-05
4 8 -2.2166655476001788e-03 9.1793318204609736e-05
4 9 -1.9851879617205762e-03 2.4404731077467887e-05
4 10 -1.7035296692907756e-03 3.2412785863301545e-05
4 11 -1.4655417342728815e-03 2.9175939676930706e-05
4 12 -1.1257463154810887e-03 7.3002657103363994e-05
4 13 -9.2938842084484830e-04 3.5187822536484772e-05
4 14 -7.6534045724284416e-04 -8.3829149303573899e-06
4 15 -6.5997331083172571e-04 3.7608583590933465e-06
4 16 -5.4188304014251242e-04 -6.0576377877477406e-06
4 17 -4.8585800217454601e-04 -3.2525666044195516e-07
4 18 -4.1062906553492935e-04 -8.0569600337277198e-07
4 19 -3.6924189790917531e-04 1.9771825707875195e-06
4 20 -2.9246643390650259e-04 6.6769304952817415e-06
4 21 -2.5228183800512062e-04 -1.7324212644563733e-06
4 22 -2.2164289064759802e-04 4.6614601973044216e-06
4 23 -1.9163798722372885e-04 -3.8240208865507932e-06
4 24 -1.6843601646557047e-04 -6.6762297416585181e-06
4 25 -1.4888982917886674e-04 4.5508222197314324e-06
4 26 -1.2562879472402161e-04 1.2722570610846182e-06
4 27 -1.0565380795974705e-04 6.1449423238333815e-07
4 28 -8.9488534725993920e-05 1.2915363911417741e-06
4 29 -8.3912254412233297e-05 3.6075423582044487e-06
4 30 -8.3112970933341349e-05 4.8014887126593095e-06
4 31 -8.2768625757339694e-05 -2.0636479004487485e-06
4 32 -7.1012141059288846e-05 -3.7337045416859525e-06
4 33 -6.8136145388384044e-05 -3.1781437601430893e-06
4 34 -5.7286949379287811e-05 -3.2468227911078765e-07
4 35 -5.7818732028499891e-05 -1.9445123222698602e-06
4 36 -5.6974561798893119e-05 1.7931703036490771e-06
4 37 -5.4952049076661421e-05 -1.9152395519041707e-06
4 38 -5.6922146838596893e-05 -5.8364377844386506e-07
4 39 -6.0121161628055031e-05 -2.7456624782521417e-06
4 40 -5.9865850459616017e-05 1.1067425514846780e-07
4 41 -6.3649581893685593e-05 2.7555626478986406e-07
4 42 -6.5078653597811550e-05 -9.0275968635905445e-07
4 43 -6.9227965666979722e-05 -4.9388992079997054e-07
4 44 -7.7923911236418128e-05 -3.3323433816211826e-06
4 45 -8.3317062661588946e-05 -1.3320957133852343e-06
4 46 -9.2114310537570165e-05 -3.6736455554262766e-06
4 47 -1.0398840862383161e-04 4.9455493610017721e-07
4 48 -1.0789737060379910e-04 2.9860513223461111e-06
4 49 -1.1755057360517185e-04 3.3075554770940067e-06
4 50 -1.3183049779410484e-04 -2.4147804910155076e-07
4 51 -1.5308192258218890e-04 3.4183520316925544e-06
4 52 -1.6651316709245491e-04 1.5286487098040440e-06
4 53 -2.0010301817014538e-04 8.5674089595163516e-06
4 54 -2.4140015729799897e-04 5.3900193534222496e-06
4 55 -3.1742520374908057e-04 4.6122557133203407e-06
4 56 -3.5999150561487456e-04 -1.1787130641466758e-05
4 57 -4.4155475779229965e-04 -8.6751011324291328e-06
4 58 -5.1733273782217099e-04 -1.2348015286516086e-05
4 59 -5.7893872725099226e-04 -1.1265871594699370e-05
4 60 -6.3063124741381360e-04 -1.5504662985335508e-05
4 61 -7.2668475527477752e-04 2.6462488384012903e-05
4 62 -8.2008013927964039e-04 2.4358746840367103e-06
4 63 -9.2559931160232016e-04 3.5116685747034583e-05
4 64 -1.1206658065621344e-03 -3.9105465604220068e-05
4 65 -1.3947585652565322e-03 -3.1764791158708536e-05
4 66 -1.8080973827425168e-03 -5.7339155106929004e-05
4 67 -2.2648164156954236e-03 3.9621823234181696e-05
4 68 -2.7742097890393965e-03 1.7154158404609235e-04
4 69 -3.7789405446734914e-03 -2.3813397800671324e-05
4 70 -5.4378316397696710e-03 4.0365452027833557e-05
4 71 -7.5987289403509906e-03 -8.8708833164598527e-04
5 0 -5.8633529566385137e-03 -6.2130655173042395e-05
5 1 -3.4978364323177804e-03 -4.1740900938849111e-04
5 2 -2.8759461954773022e-03 2.9873365371863568e-04
5 3 -2.3828459448019782e-03 -4.0141564797926453e-05
5 4 -2.0282479075447286e-03 4.7691086965528299e-05
5 5 -1.7352370830989825e-03 -7.4959167033472000e-05
5 6 -1.6276231329756727e-03 6.1280416100572803e-05
5 7 -1.3570948127193806e-03 -5.7088706655109958e-06
5 8 -1.1644673783397738e-03 7.8225577157501374e-05
5 9 -1.0487947928062317e-03 2.4458015247419930e-05
5 10 -8.9626529987378827e-04 3.5672887207611529e-05
5 11 -7.8861794268607832e-04 3.2135527927407034e-05
5 12 -6.0136712445862700e-04 6.0916544693435393e-05
5 13 -4.9862166100682478e-04 3.0718894672976403e-05
5 14 -4.1986624610474788e-04 -7.8381388229879201e-07
5 15 -3.7128472176324167e-04 -4.2325076051938258e-06
5 16 -2.9781024573944520e-04 -4.4883772397801430e-06
5 17 -2.6891594835607840e-04 2.2722587455936808e-07
5 18 -2.1960993233288549e-04 -1.1743112079131469e-06
5 19 -2.0402311039841888e-04 -3.2591939770181188e-07
5 20 -1.5548307167199745e-04 3.3643118795902221e-07
5 21 -1.3535909851369017e-04 -3.1301162302358175e-06
5 22 -1.1820988983838778e-04 3.5241030764700173e-06
5 23 -1.0087207420929335e-04 -3.3979227774668990e-06
5 24 -9.2063327441599526e-05 -5.8828827487707277e-06
5 25 -7.9698531881731280e-05 4.3002610880966935e-06
5 26 -6.7102133740342987e-05 1.9734028191155994e-06
5 27 -5.6444613982915552e-05 1.0193046965058587e-06
5 28 -4.6396291187562040e-05 2.7454978768910472e-09
5 29 -4.4341862803924526e-05 1.8631976699070068e-06
5 30 -4.4464215455554066e-05 3.5682373629675833e-06
5 31 -4.4310792689168938e-05 -2.5910181235637716e-06
5 32 -3.6569691643930024e-05 -2.6213732138042367e-06
5 33 -3.5533820973605897e-05 -3.1094207398173146e-06
5 34 -3.0230597646382196e-05 -5.1004734284737196e-07
5 35 -3.1569166735158804e-05 -2.3833424145597147e-06
5 36 -2.9273569914207514e-05 1.3459598815747514e-06
5 37 -2.9246790368740596e-05 -2.0288992460119827e-06
5 38 -3.1104418477729356e-05 -1.0425621573880184e-06
5 39 -3.2625093631644952e-05 -2.1476034274616883e-06
5 40 -3.0504491549736656e-05 -2.3235836459571612e-07
5 41 -3.4954795310277892e-05 3.9725192709085994e-07
5 42 -3.5863001951318358e-05 -8.1507449535163996e-07
5 43 -3.7828298412125716e-05 -1.0812232829930566e-06
5 44 -4.2354945580586821e-05 -3.0791131458375305e-06
5 45 -4.3928248352993813e-05 -1.0162467315797131e-06
5 46 -4.9393931577376979e-05 -3.1785216471927110e-06
5 47 -5.5643691438242032e-05 1.3642028745489545e-06
5 48 -5.7233677272060082e-05 3.8240233915773698e-06
5 49 -6.1127918497019259e-05 1.9907227185572815e-06
5 50 -7.1421120305754473e-05 8.6922670964055735e-08
5 51 -8.3144024798778186e-05 1.7216270434155039e-06
5 52 -8.6120794087063136e-05 1.2508608539153812e-06
5 53 -1.0353544454257719e-04 6.7400640381478499e-06
5 54 -1.2319033268455803e-04 4.3683870821280535e-06
5 55 -1.6877657727743290e-04 4.9351140092484702e-06
5 56 -1.8480759473666930e-04 -9.4242443898669961e-06
5 57 -2.3105085725621852e-04 -1.5462491124979514e-06
5 58 -2.8074605346654083e-04 -6.0875838266311221e-06
5 59 -3.1793931550336713e-04 -7.1035789592695145e-06
5 60 -3.3320778813460930e-04 -1.0434448347638806e-05
5 61 -3.8920715404438470e-04 1.6917470323476048e-05
5 62 -4.3017689349638018e-04 -4.6605277595159263e-07
5 63 -4.8833390225618749e-04 3.3067856086801824e-05
5 64 -5.7207103839189768e-04 -3.2878328758936821e-05
5 65 -7.2400494225568395e-04 -2.1720691391803003e-05
5 66 -9.6381523039393237e-04 -6.7486293412523659e-05
5 67 -1.2448132713060269e-03 3.5681515381284388e-05
5 68 -1.3996113928474536e-03 1.5965858948920351e-04
5 69 -1.9533856474225992e-03 -3.8661108644270014e-05
5 70 -2.6031041446082999e-03 5.0543567411533273e-05
5 71 -3.2739323156573130e-03 -6.1390811312720815e-04
6 0 -2.3304704366031753e-03 -6.0616774336520601e-05
6 1 -1.4448678458453450e-03 -2.3478131734123691e-04
6 2 -1.4145680674485046e-03 2.6605461181136112e-04
6 3 -1.1335037082082747e-03 -2.8132525354969323e-05
6 4 -9.5514136912140961e-04 5.4607549453027335e-05
6 5 -8.6235872635546300e-04 -9.4610875819378057e-06
6 6 -8.0332596864518199e-04 4.4587253168717048e-05
6 7 -6.8197584043456930e-04 7.3203799582670091e-06
6 8 -5.8895094172798420e-04 6.9317330454008911e-05
6 9 -5.3692841440083200e-04 2.2398605648783330e-05
6 10 -4.5790728223027476e-04 2.9414210647731103e-05
6 11 -4.1641225528697820e-04 3.2700804652263624e-05
6 12 -3.0667243902003953e-04 4.8268806316048400e-05
6 13 -2.6007843414509966e-04 2.7305546708450253e-05
6 14 -2.2601004073948612e-04 8.0653363363687323e-06
6 15 -2.0840857295305326e-04 -8.0278040603287144e-06
6 16 -1.6407128057009755e-04 -7.6585615297956472e-06
6 17 -1.4827952902371098e-04 -4.2298479895970524e-08
6 18 -1.1642778834956631e-04 -3.7340710359870750e-06
6 19 -1.1136262236979823e-04 -5.6777913669507757e-07
6 20 -8.2147538373399340e-05 -3.4711939870679255e-06
6 21 -7.3600952608118174e-05 -3.6490356001163799e-06
6 22 -6.2076374314780635e-05 1.9756723374953723e-06
6 23 -5.1343936998351826e-05 -3.3819535727884849e-06
6 24 -5.0069158212629078e-05 -4.7012828680976446e-06
6 25 -4.2359548332728261e-05 3.2050287968768219e-06
6 26 -3.4829615403500479e-05 2.3372491573395575e-06
6 27 -2.8746851172965914e-05 1.0778718199438097e-06
6 28 -2.3224663621437282e-05 -1.0895755399662149e-06
6 29 -2.3126091948388006e-05 2.1947122971746608e-07
6 30 -2.3916701165577347e-05 2.5422958984175406e-06
6 31 -2.2602414736929266e-05 -2.9783684387823453e-06
6 32 -1.8735989829634668e-05 -1.5573436855450711e-06
6 33 -1.7634394788707047e-05 -2.4097166140235436e-06
6 34 -1.5785822745184446e-05 -4.5510041272407654e-07
6 35 -1.7205578091770609e-05 -2.5380639357422622e-06
6 36 -1.4315540072015359e-05 5.8126986756713823e-07
6 37 -1.5473281547453234e-05 -1.5492411490424796e-06
6 38 -1.7302583962327446e-05 -1.1094053456202015e-06
6 39 -1.7645910866022058e-05 -1.5682358101099476e-06
6 40 -1.4804955995469298e-05 -5.5860052304560555e-07
6 41 -1.9174690563975567e-05 4.4533664884785812e-07
6 42 -1.9962762899600236e-05 -6.6811401093926214e-07
6 43 -2.0444731399017569e-05 -1.2965247704412570e-06
6 44 -2.3084498112073457e-05 -2.6534409058573455e-06
6 45 -2.3175977380370252e-05 9.4449967442035279e-09
6 46 -2.6236682243578798e-05 -2.8605362500070159e-06
6 47 -2.8132583434872071e-05 2.5051447911051027e-06
6 48 -2.9061109312558793e-05 4.0435213034549323e-06
6 49 -3.1197885020904591e-05 -4.7838819219139892e-08
6 50 -3.9301636847920104e-05 -1.0320698153081526e-06
6 51 -4.3358824974275973e-05 -9.3422958346329387e-08
6 52 -4.2830816876010229e-05 1.4688659069802759e-06
6 53 -5.3081665820129766e-05 5.4473954386424274e-06
6 54 -6.3106827500027527e-05 2.8332336500347026e-06
6 55 -8.8723636483832474e-05 5.7139629702285820e-06
6 56 -9.0869312931650252e-05 -5.0267937844033056e-06
6 57 -1.2116832130419473e-04 3.7064169968142308e-06
6 58 -1.5109046607371244e-04 2.2932930374179254e-06
6 59 -1.7380451451328834e-04 -5.2434055261905193e-06
6 60 -1.7261483720977736e-04 -9.2525258332186733e-06
6 61 -2.0325422103579306e-04 1.2100684953043265e-05
6 62 -2.2338426316138965e-04 2.1307757357799573e-07
6 63 -2.5049502344915613e-04 1.9928106560000684e-05
6 64 -2.7069217495909019e-04 -3.1244551874879211e-05
6 65 -3.6769373807119606e-04 -2.7127146383970883e-05
6 66 -5.1674326734756667e-04 -5.1081845311421772e-05
6 67 -7.0920209940240583e-04 1.3717190553467652e-05
6 68 -6.9490233673452585e-04 1.0987491011335347e-04
6 69 -1.0058165670817809e-03 -6.7406049640461549e-06
6 70 -1.2327507693121584e-03 4.6198765085519997e-05
6 71 -1.3937764910565604e-03 -3.6393275089970111e-04
7 0 -7.3195444388270386e-04 -9.2351289420645636e-05
7 1 -5.8589095312415256e-04 -1.2690594821970435e-04
7 2 -7.1326393139873223e-04 2.4863717355888044e-04
7 3 -5.2840002825334947e-04 8.2755566672392102e-06
7 4 -4.2825506730058356e-04 6.9759684898677127e-05
7 5 -4.4893690419066167e-04 2.2442308568265140e-05
7 6 -4.1098955175402491e-04 2.8757502621016231e-05
7 7 -3.3699857773176925e-04 2.1363766541600169e-05
7 8 -2.8151886256091649e-04 6.5731615393243388e-05
7 9 -2.6351496520609659e-04 1.4926594522083654e-05
7 10 -2.2900285024357470e-04 1.9827358437117374e-05
7 11 -2.1472082147833631e-04 3.0872699771287315e-05
7 12 -1.5236074933539157e-04 3.5800101786391079e-05
7 13 -1.4059242296318139e-04 2.7884456116139998e-05
7 14 -1.1795249648200794e-04 1.1460913395101325e-05
7 15 -1.1770687415427205e-04 -1.0708041252649296e-05
7 16 -9.3059786386878377e-05 -1.0333068477988676e-05
7 17 -8.0909055294172785e-05 1.4226591824199082e-06
7 18 -6.1489378617441171e-05 -7.4172628690230181e-06
7 19 -6.2290110866387090e-05 -6.5363055010511991e-07
7 20 -4.4034382165103666e-05 -5.0667571521267923e-06
7 21 -4.2103650566555583e-05 -4.6008478536655696e-06
7 22 -3.1312845169817284e-05 1.4889824415160222e-06
7 23 -2.4397487079419221e-05 -3.9471676934713676e-06
7 24 -2.6202540084245685e-05 -4.0595425884207041e-06
7 25 -2.2499586816243227e-05 2.0563855822302197e-06
7 26 -1.7965672845634336e-05 1.8021411326282988e-06
7 27 -1.3722736085325430e-05 1.3308215515562173e-06
7 28 -1.1241071907591970e-05 -1.3095315350853693e-06
7 29 -1.2336458700576251e-05 -4.3720829471184161e-07
7 30 -1.3043487430445390e-05 1.9982901369795887e-06
7 31 -1.1091359784659711e-05 -3.0424302764247540e-06
7 32 -9.8307676943683169e-06 -7.1409213297511811e-07
7 33 -8.1351890204315726e-06 -1.2562994648906254e-06
7 34 -8.2514960153202980e-06 -1.5370122832556107e-07
7 35 -9.2468977034278348e-06 -2.6031323840062565e-06
7 36 -7.2214761748534903e-06 -4.1118425001002508e-07
7 37 -8.0493605589067384e-06 -1.4739843733802705e-06
7 38 -9.1874760566931610e-06 -6.7462346769798603e-07
7 39 -9.3410290717852598e-06 -3.0272917725662932e-07
7 40 -6.4552908334824835e-06 -9.8202096789965425e-07
7 41 -1.0646493570196625e-05 8.2955418803773787e-07
7 42 -1.1687367296805036e-05 -7.2570984901157305e-07
7 43 -1.1009570623678562e-05 -8.4830994984287452e-07
7 44 -1.2539056866437116e-05 -2.4830541023769527e-06
7 45 -1.2426288157322194e-05 5.2370830514496759e-07
7 46 -1.3628847269287425e-05 -2.9004027716220222e-06
7 47 -1.4311442852027582e-05 3.3538740126293492e-06
7 48 -1.3946979623519765e-05 3.2330362867181615e-06
7 49 -1.5649758088459065e-05 -1.6822072789711816e-06
7 50 -2.3054114518553752e-05 -2.2135378890182173e-06
7 51 -2.1877381530588004e-05 -2.0081960714564334e-06
7 52 -2.0090828907545236e-05 2.6930269980420503e-06
7 53 -2.7491292893200431e-05 4.4071728188880304e-06
7 54 -3.5248775243276643e-05 1.2191509371666204e-06
7 55 -4.6705203646299565e-05 4.8601219261312168e-06
7 56 -4.1355396730423341e-05 -3.8640437249769530e-06
7 57 -6.5856227281694619e-05 5.3592822235677900e-06
7 58 -8.3463240332375376e-05 5.7576568885306613e-06
7 59 -9.0924116304109259e-05 -6.8737833281360884e-06
7 60 -8.9758328238842414e-05 -1.0148092732201345e-05
7 61 -1.0172264160330411e-04 8.8489027709057507e-06
7 62 -1.1932890132723910e-04 -8.9309909903255601e-07
7 63 -1.2201408151495393e-04 5.8964928095187228e-06
7 64 -1.1797908698069914e-04 -2.6323603208121157e-05
7 65 -1.7968494915618144e-04 -3.5069885627438599e-05
7 66 -2.7764431503775691e-04 -4.1017041115921266e-05
7 67 -4.0862591596531751e-04 -2.1439355266836233e-05
7 68 -3.3370884063648896e-04 4.7432542327527304e-05
7 69 -4.9711777256479289e-04 8.3873037255740740e-06
7 70 -5.5222963155476411e-04 2.6761126015409726e-05
7 71 -4.9916221097804627e-04 -1.4472515395054918e-04
8 0 -1.5017726927519580e-05 -1.4806069345311160e-04
8 1 -2.3922921625188921e-04 -7.2126606640237291e-05
8 2 -4.1339021621480547e-04 1.7567762565602992e-04
8 3 -2.4799627008274865e-04 2.2077190721777325e-05
8 4 -1.6504318052826147e-04 4.5796389772362925e-05
8 5 -2.5867694677782433e-04 2.2042147497917288e-05
8 6 -2.1915900665361163e-04 1.1939889463977041e-05
8 7 -1.6975564238842344e-04 2.8865038080725014e-05
8 8 -1.2708645712145256e-04 4.9772150383717662e-05
8 9 -1.2099182644612873e-04 1.1245891317664795e-05
8 10 -9.5746401820976355e-05 8.9976921143655805e-06
8 11 -1.0495818602797965e-04 2.3972395767599384e-05
8 12 -7.2767837768985061e-05 2.0110282661373283e-05
8 13 -8.4980996994475167e-05 2.4258701199721795e-05
8 14 -6.0610526674962625e-05 9.0576458859866890e-06
8 15 -6.9149286317513736e-05 -1.3737084982609177e-05
8 16 -5.4578182351132246e-05 -1.0269390701782375e-05
8 17 -4.5004928072223311e-05 3.5777485903152474e-06
8 18 -3.2773071323280160e-05 -9.0891217171729419e-06
8 19 -3.4046285333020550e-05 4.2836691066693521e-08
8 20 -2.2975074795493180e-05 -4.7893892777293854e-06
8 21 -2.5938476763915210e-05 -4.5814382643394779e-06
8 22 -1.6037457187796938e-05 3.2791000527823233e-06
8 23 -1.0068191247725180e-05 -3.6675120971109649e-06
8 24 -1.3935595883070508e-05 -4.0647011199654157e-06
8 25 -1.2214932636941502e-05 1.1001201479978603e-06
8 26 -9.5244706981128081e-06 1.1303338115967450e-06
8 27 -6.3147607435342098e-06 1.3043928051057019e-06
8 28 -5.3264567531405472e-06 -4.3358192992257749e-07
8 29 -6.7948576431153664e-06 -3.9391326704435054e-07
8 30 -7.1570997290431934e-06 1.4960431688281211e-06
8 31 -5.0487011756070678e-06 -3.1355411117755222e-06
8 32 -5.1191866896316277e-06 -2.9495403914391679e-07
8 33 -3.3365794085976438e-06 -1.0141995173145542e-07
8 34 -4.3566103926709385e-06 -1.9706520903046615e-07
8 35 -5.0751253093729437e-06 -2.4192609605556830e-06
8 36 -3.8751250501050088e-06 -1.3956967162845918e-06
8 37 -4.2111355617719061e-06 -1.2758950507019061e-06
8 38 -4.6227902725134886e-06 -1.0544686640892516e-07
8 39 -4.8604635059008131e-06 9.7653692600862174e-07
8 40 -2.1557516534262029e-06 -1.7653073409702953e-06
8 41 -6.0175994341723619e-06 9.0748849452611628e-07
8 42 -7.3760792050168113e-06 -7.0555070291863335e-07
8 43 -6.3227417308032862e-06 -2.5759313142035751e-07
8 44 -7.1263085982910370e-06 -1.7962418061722209e-06
8 45 -7.0186471435514765e-06 8.7357981262876550e-07
8 46 -6.4597571683197440e-06 -2.5518366657220488e-06
8 47 -7.9559905337149576e-06 3.3815702196084771e-06
8 48 -6.3122421880220174e-06 2.1643029055376351e-06
8 49 -7.8084269079860810e-06 -2.3244511150175858e-06
8 50 -1.4519178222688258e-05 -2.5729428442100057e-06
8 51 -1.0794348836605376e-05 -3.2060308415309040e-06
8 52 -8.6738846090458775e-06 3.4988145231079939e-06
8 53 -1.5325218473853554e-05 2.4605667019779275e-06
8 54 -2.1911560711924761e-05 -2.9256382013565101e-07
8 55 -2.5053064182695388e-05 2.1924204900978742e-06
8 56 -1.6465328265419285e-05 -4.4757177021641069e-06
8 57 -3.6266560936771724e-05 6.7098744060309290e-06
8 58 -4.8487043791997553e-05 3.8480710676598131e-06
8 59 -4.6589027075617875e-05 -6.7273775861129577e-06
8 60 -4.7628489033162813e-05 -1.2290553321689781e-05
8 61 -4.5007450596696014e-05 6.5238851925988480e-06
8 62 -7.1952557201576320e-05 -1.0257538669636570e-06
8 63 -5.5857299807207872e-05 1.8967338368900276e-06
8 64 -4.5381074394048781e-05 -1.7640967009349562e-05
8 65 -8.3043974467596660e-05 -3.9957263866709871e-05
8 66 -1.4650410830492462e-04 -3.5004720364157423e-05
8 67 -2.3009541207946635e-04 -4.1124252830129975e-05
8 68 -1.4903445413838134e-04 8.0511440934113116e-08
8 69 -2.2130025402269064e-04 7.9327361539235654e-06
8 70 -2.0767331524259010e-04 5.3400363634752372e-05
8 71 -1.2678138211475259e-04 -6.6749913618181048e-05
9 0 1.8111999921196278e-04 -1.2707646245320702e-04
9 1 -1.2429453627435955e-04 1.1197294070008173e-05
9 2 -2.4764294598329518e-04 1.1752246501203062e-04
9 3 -1.3795648178788905e-04 1.8868294680830630e-05
9 4 -5.2434562128683750e-05 -1.6060398068706689e-06
9 5 -1.5989762681817003e-04 6.9034555589671001e-07
9 6 -1.2420789394221410e-04 1.4251859381521116e-05
9 7 -8.2612108541963559e-05 2.8940552160460963e-05
9 8 -5.7884009636567576e-05 4.0336964748870358e-05
9 9 -5.0446031153514262e-05 9.8815715767399237e-06
9 10 -2.3123056372854402e-05 -1.4976813294791934e-06
9 11 -4.9675950055567076e-05 2.3230428346471231e-05
9 12 -2.6318109617091863e-05 7.6800067426378093e-06
9 13 -5.5102855297144193e-05 2.0363365738508582e-05
9 14 -2.9078861855887464e-05 8.1996235427886803e-06
9 15 -4.5572381667242702e-05 -1.1748024387378093e-05
9 16 -3.2506161003046958e-05 -1.0275276048578723e-05
9 17 -2.4004400832623616e-05 3.9987450992158830e-06
9 18 -1.9334228422276084e-05 -8.4403345522265782e-06
9 19 -1.6701713407678847e-05 -1.0887742133697299e-07
9 20 -1.0634885414480071e-05 -4.0919722341710124e-06
9 21 -1.5461459963949449e-05 -4.8487376139518632e-06
9 22 -9.2360473367051405e-06 3.8985865943339069e-06
9 23 -2.8965370084875095e-06 -3.0281931500019219e-06
9 24 -7.3741334412672617e-06 -5.0410225731439991e-06
9 25 -6.7662187378090624e-06 1.0031992963571652e-06
9 26 -4.3110273593677170e-06 6.8010432427401089e-07
9 27 -2.7367583884531817e-06 1.2894884290915790e-06
9 28 -2.3712836679872637e-06 5.4203301894423006e-07
9 29 -4.0137475752728620e-06 -3.5728898629589600e-07
9 30 -4.2141637807032234e-06 1.0822398210753933e-06
9 31 -2.1266617382560397e-06 -2.6199729344970120e-06
9 32 -2.9915482301636200e-06 -2.7572308536435588e-07
9 33 -1.0262893126475531e-06 5.3496750121146349e-07
9 34 -1.8625773603196141e-06 -4.4377474356845049e-07
9 35 -2.9378795777946620e-06 -2.1372506028042972e-06
9 36 -2.4205939975714507e-06 -1.9158663793959098e-06
9 37 -2.5758947622405663e-06 -8.5693954150188065e-07
9 38 -2.0582090899075089e-06 4.2463979785643478e-07
9 39 -2.3827543825914126e-06 1.6222562740412297e-06
9 40 -2.4872753831077620e-08 -2.3662119506513677e-06
9 41 -3.4906351334726604e-06 6.3712412435711000e-07
9 42 -4.5582665652214684e-06 -7.2263774502196535e-07
9 43 -4.0532785490985639e-06 2.9770755749762404e-07
9 44 -4.1645175566241721e-06 -1.3880318452706506e-06
9 45 -4.4255863753353529e-06 1.2974379536324769e-06
9 46 -2.1281483618697690e-06 -1.7414288770241775e-06
9 47 -4.6452243430111206e-06 2.5488317945935143e-06
9 48 -2.8686537209678868e-06 1.6310562238429456e-06
9 49 -3.7308199792021102e-06 -2.1781718698241318e-06
9 50 -9.0666610039951011e-06 -1.6548075860754478e-06
9 51 -4.8892868893565561e-06 -4.6481425068567902e-06
9 52 -3.2823188594666798e-06 4.8720825718747833e-06
9 53 -1.0543600958831549e-05 -8.2573740920092347e-07
9 54 -1.3066963484630307e-05 -1.0082953132622433e-06
9 55 -1.3455960608846078e-05 -1.2423730814460603e-06
9 56 -5.3247447869955776e-06 -4.0807247892330609e-06
9 57 -1.9708708518750185e-05 6.7282498958701439e-06
9 58 -2.9032871327958159e-05 3.9087702612377844e-06
9 59 -2.2055165109345282e-05 -6.3381219082901103e-06
9 60 -2.3026430305069249e-05 -1.0313311306246078e-05
9 61 -1.5191551169235702e-05 6.2951734496177513e-06
9 62 -5.1101506037302635e-05 -3.4340378549193208e-06
9 63 -2.7378203416729754e-05 2.9044383402492266e-06
9 64 -1.8008231068596248e-05 -1.3708680462358149e-05
9 65 -2.8370930122358265e-05 -3.6328377819613833e-05
9 66 -6.9615614771180540e-05 -4.4037495718103128e-05
9 67 -1.2413327352500057e-04 -4.0732368838334240e-05
9 68 -5.5767300398331572e-05 -9.1365217638983462e-06
9 69 -9.0391541680402826e-05 2.0374723601751635e-06
9 70 -4.0009673619769498e-05 6.4089122557808942e-05
9 71 -3.8589369907491491e-06 -4.0321292767794060e-05
10 0 -4.0812766238615797e-06 1.6254452189227699e-05
10 1 -3.4037821821454645e-05 6.0574226362286195e-05
10 2 -1.2395934185962631e-04 7.6459039464166494e-05
10 3 -9.0064339907969606e-05 1.4676165773517361e-05
10 4 -2.2232303545320718e-05 -2.4636367312470935e-05
10 5 -9.9941386720786359e-05 -1.0801414348585033e-05
10 6 -8.8144181587601823e-05 3.0222507143848312e-05
10 7 -5.4513485454666786e-05 2.5702460721771334e-05
10 8 -2.6378320304539670e-05 3.5880329612946660e-05
10 9 -3.0829555052723699e-05 1.9632619376793582e-05
10 10 1.7248055582165957e-05 -9.1901002040447638e-06
10 11 -2.3333299184996840e-05 2.4683106643647652e-05
10 12 -9.4769663110765429e-07 5.8089044791298165e-07
10 13 -3.5498590056973562e-05 1.7330863214030134e-05
10 14 -1.1207332537129400e-05 9.6375970809876466e-06
10 15 -3.5374480849392283e-05 -8.0827761180409895e-06
10 16 -2.0885261541332409e-05 -9.3006330153256930e-06
10 17 -9.5878836355435234e-06 2.6071928839718436e-06
10 18 -1.1797052675175047e-05 -6.7187125685316576e-06
10 19 -6.7492669898438535e-06 -5.3161603721852282e-07
10 20 -3.3362890077912687e-06 -2.7464803599880901e-06
10 21 -6.8334030168898331e-06 -5.3567956512681186e-06
10 22 -5.7304434564773982e-06 3.2789255156724374e-06
10 23 5.2999804677143156e-07 -1.8957622077302192e-06
10 24 -4.3168448518873340e-06 -5.6184171615352843e-06
10 25 -3.4728397237619970e-06 8.9203009073712289e-07
10 26 -1.8177001404449914e-06 4.8577019000345054e-07
10 27 -1.1038115987902289e-06 1.4054259249618745e-06
10 28 -5.9910933478095431e-07 1.0610053989506452e-06
10 29 -2.4237899609130858e-06 -3.8320890484419512e-07
10 30 -2.5193180278809609e-06 8.3393782852298183e-07
10 31 -4.8081879794919901e-07 -1.7981637121575230e-06
10 32 -1.8658470966431834e-06 -3.1459403353870081e-07
10 33 1.1457565111826404e-08 4.2650064417306039e-07
10 34 -2.7644251095371146e-07 -6.7472448062669791e-07
10 35 -1.7223548502354668e-06 -1.9329203912403538e-06
10 36 -1.9626798635158449e-06 -1.9171560505790720e-06
10 37 -2.3281411699945454e-06 -8.4392833741293520e-07
10 38 -1.0070040869142796e-06 1.0352745752388413e-06
10 39 -1.1025360883893597e-06 1.7149717311737406e-06
10 40 5.0531210542889082e-07 -2.1729830396112433e-06
10 41 -2.2612026505065360e-06 5.2765703207106006e-07
10 42 -2.5644355779276173e-06 -7.9529572477968100e-07
10 43 -2.2909491311031864e-06 5.4218990863713553e-07
10 44 -2.4361481188042037e-06 -1.2456986223001011e-06
10 45 -2.5496535478833385e-06 1.3750434544017200e-06
10 46 8.8264892517340167e-07 -1.3777847013622553e-06
10 47 -2.6944069055191892e-06 1.9376522712680413e-06
10 48 -2.0497068485092149e-06 2.0208861075530817e-06
10 49 -9.6640591019632235e-07 -1.1167492175041862e-06
10 50 -5.4049534369849223e-06 -1.4228440048883166e-07
10 51 -1.1343163520613861e-06 -5.8052573376745413e-06
10 52 -3.8273104873974631e-08 5.7258484581150835e-06
10 53 -9.1010411779972504e-06 -3.1203947442816141e-06
10 54 -6.8011196571801593e-06 -1.7139865931913524e-06
10 55 -6.2999889418346242e-06 -4.9842817697273473e-06
10 56 -3.1664965104331222e-06 -3.5081151422283122e-06
10 57 -1.0911781538742220e-05 6.2706513985920684e-06
10 58 -1.6867214797394691e-05 5.6899253676846726e-06
10 59 -1.1056573124474598e-05 -5.7859719430540243e-06
10 60 -5.9442839968804509e-06 -8.8347535107607591e-06
10 61 -2.5833627020448886e-06 9.9702746119289126e-06
10 62 -3.8679503599671045e-05 -3.9503694796872836e-06
10 63 -1.3914182205475433e-05 9.6752504264027996e-06
10 64 -5.0265156615252985e-06 -1.0874878035305912e-05
10 65 1.6217694485853999e-06 -2.8156559907332279e-05
10 66 -3.0198525922216138e-05 -4.4554002974614764e-05
10 67 -7.7183505255836541e-05 -2.4940448549512747e-05
10 68 -1.6811141866680647e-05 -1.4914879428778062e-05
10 69 -2.8019542136789038e-05 -1.1578819348799996e-05
10 70 2.1642934120160953e-05 6.8741791965806450e-05
10 71 1.8330700017469598e-05 -6.1398982159979374e-05
