0 0 -1.2004399962498871e+00 3.3119133442821975e-21
0 1 -1.8754143918045335e-01 3.2818293332070841e-20
0 2 -9.3488408851162191e-02 -2.1778352738793147e-20
0 3 -6.4510277094812496e-02 2.8105932567725274e-21
0 4 -5.0223886779339720e-02 -8.4777755043989345e-22
0 5 -3.9819680608517587e-02 -8.9582240666835472e-22
0 6 -3.2245880244358503e-02 -9.9100787732541994e-23
0 7 -2.6340011118426838e-02 4.8330593932643812e-22
0 8 -2.1249839317522442e-02 -1.9619045466628138e-21
0 9 -1.7464672491439168e-02 1.7145373771774478e-22
0 10 -1.5041757052008664e-02 1.1159846217416935e-21
0 11 -1.3168518761145260e-02 1.0359048907301603e-21
0 12 -1.2030437748135730e-02 2.1579561341863635e-22
0 13 -1.1112204157221615e-02 6.9588484477937939e-22
0 14 -9.8204496153205412e-03 2.6789072719107850e-22
0 15 -8.6171239728951143e-03 2.1907905790598060e-22
0 16 -7.7365635195502250e-03 -7.8883553128394358e-23
0 17 -7.1073321387641391e-03 1.1738386945443792e-22
0 18 -6.6904820846509757e-03 -8.3560225234791845e-23
0 19 -6.2308164153842662e-03 2.5810540685278835e-23
0 20 -5.5876136217844373e-03 3.3957934518320611e-22
0 21 -4.9285058762532146e-03 1.5640986186154603e-22
0 22 -4.2993565901189839e-03 3.0191638501208866e-22
0 23 -3.7212401974030130e-03 3.6009953341694811e-23
0 24 -3.2042136358405491e-03 -5.7655246187152578e-23
0 25 -2.7803309227136530e-03 -3.4368956256320510e-22
0 26 -2.4100618253716831e-03 2.3762758863784159e-23
0 27 -2.1864221531584117e-03 -1.2165251794215336e-22
0 28 -1.9598280683223745e-03 8.1141855772151014e-23
0 29 -1.7410729786377273e-03 -1.8817845320945827e-22
0 30 -1.5136958700232288e-03 8.5624866093813781e-23
0 31 -1.2856879070117179e-03 -9.9582630090160916e-23
0 32 -1.0876796722064451e-03 6.1326893070969858e-23
0 33 -9.4975639791708682e-04 2.5086199022027719e-23
0 34 -8.5801789466140397e-04 -5.9884487933108270e-23
0 35 -8.4827045288957429e-04 1.7288878015604659e-23
0 36 -8.7857379928899914e-04 3.9343165797284263e-23
0 37 -9.1665694963049833e-04 3.2458617967373902e-23
0 38 -9.7104443684397929e-04 4.0863823365579447e-23
0 39 -1.0833469141534756e-03 1.9510671427754500e-23
0 40 -1.2473431788092772e-03 -5.3457459160186719e-23
0 41 -1.4201493212328590e-03 7.4321264759295980e-23
0 42 -1.5250363268361406e-03 -1.1434665321060727e-22
0 43 -1.5311639278688090e-03 7.7462288783081327e-23
0 44 -1.6542583204084361e-03 8.5259399529847949e-23
0 45 -1.9466352889550729e-03 9.1866811914393023e-23
0 46 -2.3456385489076530e-03 -5.4832701472317359e-25
0 47 -2.7429099486682550e-03 -4.7270208531574183e-23
0 48 -3.3251490387446415e-03 -1.5293776488904327e-22
0 49 -4.1021063597815530e-03 6.8372101375237135e-23
0 50 -4.8077923016913845e-03 1.0817972318696837e-24
0 51 -5.8179650563004960e-03 1.1184143648847287e-22
0 52 -7.2297841543474944e-03 -2.5122158209253142e-22
0 53 -8.7957694103785559e-03 -6.5808423785342491e-24
0 54 -1.0206422725496827e-02 -4.5387585762848072e-22
0 55 -1.1820310484419944e-02 6.7317349945602828e-22
0 56 -1.3638477562426666e-02 -7.6616638570372485e-22
0 57 -1.4877720531354806e-02 3.9031243533244823e-22
0 58 -1.5628230411490043e-02 -7.2820206268335889e-23
0 59 -1.6388461265280888e-02 -3.8425320500082056e-22
0 60 -1.8175387848432412e-02 -1.0476744738972547e-21
0 61 -2.0419204173374665e-02 -4.1078486799407148e-22
0 62 -2.3365923645360141e-02 6.6588875431517091e-22
0 63 -2.8241047468830650e-02 -1.5721514343558359e-21
0 64 -3.3252475586832420e-02 -2.4592122331690699e-21
0 65 -3.8258199794545270e-02 -2.0580911409512163e-21
0 66 -4.4438543697992570e-02 -3.5965994911099521e-21
0 67 -5.2140776986530954e-02 -5.0602640132163260e-21
0 68 -6.3731065752272054e-02 -1.8978343079079441e-21
0 69 -7.6599464801326275e-02 4.7137681932432965e-21
0 70 -1.0029083052157912e-01 3.1618621405909132e-21
0 71 -1.9480970446906007e-01 3.1968334549001793e-20
1 0 -3.7430113571601531e-01 -5.1851496342616337e-04
1 1 -1.1947335921328120e-01 -6.2465433823223745e-04
1 2 -6.9028145886238110e-02 -4.9939926462680992e-04
1 3 -4.9140643025233806e-02 6.0589386601412639e-05
1 4 -3.8461815362622671e-02 1.9545714333409791e-04
1 5 -3.0505435035146772e-02 8.2361339074305478e-05
1 6 -2.4696275385600399e-02 5.1408025339075837e-06
1 7 -2.0160041009358313e-02 9.9780279616241711e-06
1 8 -1.6260599890314652e-02 3.2770004272094078e-05
1 9 -1.3333729192502855e-02 2.7340803277002592e-05
1 10 -1.1478287059468810e-02 -5.8262802759178205e-06
1 11 -1.0061770514994251e-02 1.3807958556475102e-05
1 12 -9.2122828255626361e-03 -8.4554578452100432e-05
1 13 -8.4761395197104610e-03 3.4523034169969710e-06
1 14 -7.4957130835690711e-03 -3.5003159392361241e-06
1 15 -6.5904370450108789e-03 4.4260567200740897e-05
1 16 -5.9100521247762560e-03 4.0495703862268794e-05
1 17 -5.4461194873429526e-03 2.9895343287378336e-05
1 18 -5.1331733854346516e-03 -1.0815707618442611e-06
1 19 -4.7555344664951460e-03 -2.5937577494543989e-05
1 20 -4.2478125013471653e-03 -1.0736809010175671e-05
1 21 -3.7649315033005306e-03 9.8568231006270493e-07
1 22 -3.2873585830231660e-03 -1.8899925117400820e-05
1 23 -2.8438178662373906e-03 3.7663873124378434e-06
1 24 -2.4403473689290161e-03 9.1579795849258137e-06
1 25 -2.1071235912022892e-03 2.2197974133593488e-06
1 26 -1.8381587702910656e-03 -4.9398015426446204e-06
1 27 -1.6673760974190842e-03 -1.1283117126319520e-05
1 28 -1.4980483888700821e-03 -1.4762217890019723e-05
1 29 -1.3328614328719332e-03 -6.2258487241008078e-06
1 30 -1.1556945690729555e-03 7.6820936801920605e-07
1 31 -9.8416121036057781e-04 7.9337114286413635e-06
1 32 -8.3193558410491462e-04 1.2347230563619105e-06
1 33 -7.2620702818499284e-04 1.9602475883762289e-06
1 34 -6.5219705240593666e-04 2.0476634280192554e-06
1 35 -6.4656101878124471e-04 2.4858608929850313e-06
1 36 -6.7178224114369973e-04 2.2890690564347628e-06
1 37 -6.9973683326491232e-04 4.2087596169530784e-06
1 38 -7.3968129430408691e-04 5.6250655636481380e-06
1 39 -8.2694285608827351e-04 4.1311164289093720e-06
1 40 -9.5140267936220393e-04 6.3608500182348629e-06
1 41 -1.0832387127590118e-03 -1.7587743347725477e-06
1 42 -1.1667548539315657e-03 -5.0507899046446105e-06
1 43 -1.1664144243518674e-03 -4.5016336747959782e-06
1 44 -1.2556448063824070e-03 1.2266043887638296e-06
1 45 -1.4785891731673394e-03 9.6348716160337003e-07
1 46 -1.7934440038961503e-03 -3.5867471555866918e-06
1 47 -2.0954669939340790e-03 -1.4448601888040599e-06
1 48 -2.5499149865928295e-03 -5.8683746740093477e-06
1 49 -3.1337312513612715e-03 -8.1081648995074782e-06
1 50 -3.6642357034583212e-03 -3.3010590342298921e-05
1 51 -4.4379448196252298e-03 -1.3251606679674773e-05
1 52 -5.5121603289091338e-03 -2.4520917935752114e-05
1 53 -6.7489364051091412e-03 9.5903734514105984e-06
1 54 -7.8232212523186417e-03 4.9114274205601370e-06
1 55 -9.0654990329159749e-03 2.5000010576753294e-05
1 56 -1.0450532563316415e-02 3.4657440853563592e-05
1 57 -1.1416955125739599e-02 -6.8552530647983268e-05
1 58 -1.1991087947327428e-02 1.7002716446605073e-05
1 59 -1.2581834251124031e-02 8.0994714829813781e-05
1 60 -1.3962659432804312e-02 9.4528061237231825e-05
1 61 -1.5645885446275883e-02 1.3383588131132167e-04
1 62 -1.7814098745332897e-02 9.3394689476078966e-05
1 63 -2.1467492795618354e-02 7.0900479070995680e-06
1 64 -2.5315100481057236e-02 4.2386855227159650e-05
1 65 -2.9256460412552414e-02 -7.1658451559666243e-05
1 66 -3.3927309348942364e-02 1.3146919411432285e-05
1 67 -3.9806263146442783e-02 -2.8299568279966529e-05
1 68 -4.8583028836431556e-02 -2.3139820225712921e-04
1 69 -5.8146650182081962e-02 -2.2594640187128794e-04
1 70 -7.4641959766964472e-02 -4.8067892399829474e-05
1 71 -1.2554788136766465e-01 5.3326988774261516e-04
2 0 -1.2808632071656745e-01 -5.1068629557080437e-04
2 1 -6.1675541223139840e-02 -1.0214284375475746e-03
2 2 -4.1250362002223193e-02 -6.3496038658233760e-04
2 3 -3.0317984790868585e-02 2.1710008306892765e-04
2 4 -2.3958223701587015e-02 2.8869986394602562e-04
2 5 -1.9053381877269553e-02 1.0944865769559434e-04
2 6 -1.5428043444144732e-02 2.9167518053862097e-05
2 7 -1.2533352410091039e-02 5.7535804847963255e-06
2 8 -1.0128485758584608e-02 3.4160427221909533e-05
2 9 -8.2691301026295884e-03 2.9405399188953100e-05
2 10 -7.0997620694815047e-03 -1.0081268612387604e-05
2 11 -6.2104500893448858e-03 1.3915326065250746e-05
2 12 -5.7202450891434015e-03 -1.0800879243795583e-04
2 13 -5.2296340319265009e-03 -4.6816198846292836e-06
2 14 -4.6280794461169969e-03 -1.5798518284260141e-05
2 15 -4.1033048918692420e-03 5.6210036953287041e-05
2 16 -3.6679186369057764e-03 4.2102431343476864e-05
2 17 -3.3942605674102517e-03 2.9451198923898661e-05
2 18 -3.2079905892335174e-03 -4.3169919097702144e-06
2 19 -2.9339120190049008e-03 -3.4539805249505980e-05
2 20 -2.5906417199984015e-03 -8.8363779353745833e-06
2 21 -2.3190173344659970e-03 5.0282661417363923e-06
2 22 -2.0354497761362212e-03 -1.6919753747203574e-05
2 23 -1.7535411077820038e-03 2.3797457387674906e-06
2 24 -1.5024472434515869e-03 1.2735152487832959e-05
2 25 -1.2824800819423283e-03 2.2864871005324659e-06
2 26 -1.1340009885198853e-03 -4.7627729687211348e-06
2 27 -1.0299258527399532e-03 -1.3135137565804795e-05
2 28 -9.2708361010012525e-04 -1.8449655380931961e-05
2 29 -8.2942436958199613e-04 -3.9050985513598395e-06
2 30 -7.1219057768614417e-04 -2.4933444763129252e-06
2 31 -6.1084313560586445e-04 1.1038995380082149e-05
2 32 -5.1863126643734547e-04 7.7979772208573247e-07
2 33 -4.5191997475788227e-04 3.2947282701485156e-06
2 34 -4.0175650545823432e-04 1.7327484252448225e-06
2 35 -3.9960997810546299e-04 3.2622879331019555e-06
2 36 -4.1508322733103595e-04 4.1768488365626578e-06
2 37 -4.3037616587492128e-04 5.2799863668494294e-06
2 38 -4.5458362570337582e-04 5.0824534244375989e-06
2 39 -5.1005563095586225e-04 4.8626378384714654e-06
2 40 -5.8533202010354116e-04 8.2081342700804684e-06
2 41 -6.6931857890875656e-04 -3.5603833842116741e-06
2 42 -7.2279005843262263e-04 -5.6182432043132415e-06
2 43 -7.1879824888554530e-04 -5.9740135025599709e-06
2 44 -7.6584939622059180e-04 1.3951614067860266e-06
2 45 -9.0792059265260190e-04 1.9633559203563543e-06
2 46 -1.1147447281020229e-03 -8.8613855195512161e-06
2 47 -1.2996296813442721e-03 2.2146360495961871e-07
2 48 -1.5959755600401374e-03 -6.1257037256922761e-06
2 49 -1.9423761879859189e-03 -1.7048362407568368e-05
2 50 -2.2542849668021670e-03 -4.8942870784963904e-05
2 51 -2.7370308256799668e-03 -1.5216166779560421e-05
2 52 -3.3973497073318103e-03 -2.5061118576925035e-05
2 53 -4.2302983424951403e-03 1.8544790234699109e-05
2 54 -4.8702821443280114e-03 6.1489046251914174e-06
2 55 -5.6519022413530013e-03 2.9950923845616398e-05
2 56 -6.4992913329801260e-03 6.0718156766550171e-05
2 57 -7.1535996687866147e-03 -9.3614536203252130e-05
2 58 -7.5134959790688818e-03 -7.8638299590499429e-07
2 59 -7.8911222228265441e-03 9.9717851982985227e-05
2 60 -8.7702523545665281e-03 1.2196332960401578e-04
2 61 -9.7627153399784516e-03 1.8746545860035731e-04
2 62 -1.1016601807584587e-02 1.4661834140804479e-04
2 63 -1.3222710720485439e-02 2.5380452228584876e-05
2 64 -1.5616297680715242e-02 4.2637444989255566e-05
2 65 -1.8177842455638735e-02 -1.5407290637602829e-04
2 66 -2.1065123136060980e-02 3.1590891347282632e-05
2 67 -2.4597246255036939e-02 -1.7335003940708636e-05
2 68 -2.9995601639852192e-02 -3.8942524156569631e-04
2 69 -3.5448691767804047e-02 -2.5285893291608933e-04
2 70 -4.4946586551181958e-02 -6.1927304779444011e-05
2 71 -6.6075156434836135e-02 6.7012306893523329e-04
3 0 -4.7543766034340393e-02 -1.6575652773842271e-04
3 1 -3.0573490320864625e-02 -5.8922438713095051e-04
3 2 -2.2864019171752958e-02 -4.8560361978304751e-04
3 3 -1.7284245949509346e-02 3.4218992832849092e-04
3 4 -1.3815750010374894e-02 3.0882004301441366e-04
3 5 -1.1041097360842066e-02 7.8294585047545314e-05
3 6 -8.9897399341274942e-03 7.0536574471064689e-05
3 7 -7.2605121768819347e-03 3.0935655674298467e-05
3 8 -5.8505229310084764e-03 4.6558074106500122e-05
3 9 -4.7373392220467917e-03 2.4574208906598348e-05
3 10 -4.0617456239922991e-03 -2.5202770249995218e-05
3 11 -3.5433714840004838e-03 7.1699435597769146e-06
3 12 -3.2772061181067947e-03 -8.8504879231412033e-05
3 13 -2.9760487167250281e-03 -1.2187386937977978e-05
3 14 -2.6294198145136701e-03 -1.2523752542904294e-05
3 15 -2.3652074755532693e-03 5.9251684753153931e-05
3 16 -2.1094825439061868e-03 1.6629081212739726e-05
3 17 -1.9647325642024108e-03 1.7935265351182237e-05
3 18 -1.8609651265439390e-03 -3.4781502615785619e-06
3 19 -1.6658926522716700e-03 -3.3532798482919104e-05
3 20 -1.4428759710036702e-03 -7.6109848481222952e-06
3 21 -1.3071885148034344e-03 4.9318149522701222e-06
3 22 -1.1576561660002079e-03 -6.0549524394800055e-06
3 23 -9.8550392868879209e-04 1.0944590606728311e-06
3 24 -8.4816874122691714e-04 1.3997527600111705e-05
3 25 -7.1562052951257824e-04 2.7986544938592670e-06
3 26 -6.4598642724406888e-04 -2.0017739062677162e-06
3 27 -5.8967842533141327e-04 -7.5535284483040599e-06
3 28 -5.2829015310227592e-04 -1.3052790994883919e-05
3 29 -4.7874054648693184e-04 1.9814368602795651e-07
3 30 -4.0203990262525419e-04 -5.6617846992197104e-06
3 31 -3.5080860821321610e-04 1.1832248292316718e-05
3 32 -3.0155701670096341e-04 8.3414542104902775e-07
3 33 -2.6103442840097994e-04 2.7816701787632733e-06
3 34 -2.2940878325498261e-04 -1.4706390817088004e-07
3 35 -2.2773894935332692e-04 2.1826802070227176e-06
3 36 -2.3387000187685491e-04 4.1944741649571126e-06
3 37 -2.4207547931497049e-04 5.1932635270599211e-06
3 38 -2.5531703577388740e-04 2.0243930696349852e-06
3 39 -2.8821681476604754e-04 4.1689961054051418e-06
3 40 -3.2934183351930049e-04 6.9274345237076096e-06
3 41 -3.8199231115519124e-04 -3.5284974263974570e-06
3 42 -4.1477883991079432e-04 -3.6042637086000030e-06
3 43 -4.0871123508296934e-04 -4.2223755816692855e-06
3 44 -4.3063070422770712e-04 2.5557181361721333e-06
3 45 -5.1256736971590222e-04 4.6062254581176824e-06
3 46 -6.4326297493521797e-04 -1.3737997250641103e-05
3 47 -7.4622440925725317e-04 3.9544769555353879e-06
3 48 -9.3155588709563667e-04 -2.7524181302923145e-06
3 49 -1.1072488845091568e-03 -2.1682713280215403e-05
3 50 -1.2788177009895696e-03 -5.4459093568438677e-05
3 51 -1.5563707611762373e-03 -1.0279449497644277e-05
3 52 -1.9308772608203782e-03 -1.6737335060954848e-05
3 53 -2.4648474439861816e-03 1.4573689223779632e-05
3 54 -2.7937872956370719e-03 1.4627280473580271e-05
3 55 -3.2618321194565541e-03 2.6790341066759900e-05
3 56 -3.7074810038272552e-03 7.1808283263204519e-05
3 57 -4.1715608450791850e-03 -8.8375417792948898e-05
3 58 -4.3490535380667373e-03 -1.8507359594469094e-05
3 59 -4.6021675818749934e-03 1.0863470218204312e-04
3 60 -5.1304455917900319e-03 1.1499994372058127e-04
3 61 -5.6783861252338178e-03 1.4435324714700510e-04
3 62 -6.3194408756449419e-03 1.8111940654131641e-04
3 63 -7.5049545210364443e-03 2.4612303882697811e-05
3 64 -8.8926903268240626e-03 3.0894908631706774e-05
3 65 -1.0470254479353826e-02 -1.5769591781066486e-04
3 66 -1.2131970384483635e-02 5.5654867446172563e-05
3 67 -1.3974394303112665e-02 4.0039774785990127e-05
3 68 -1.7102583472301498e-02 -4.5089729329775079e-04
3 69 -1.9861914284022373e-02 -2.2541122004653662e-04
3 70 -2.5108156754080603e-02 -1.1647052150022218e-04
3 71 -3.3555333043831050e-02 4.7519655536896945e-04
4 0 -1.9142465435602572e-02 5.8398999285761083e-04
4 1 -1.5220054647372390e-02 -2.7243145351572948e-04
4 2 -1.2171542065117882e-02 -1.9863096944318714e-04
4 3 -9.4898331045054542e-03 3.6730820302911300e-04
4 4 -7.6883663441210184e-03 2.8108715679278065e-04
4 5 -6.1649970409729344e-03 7.8452463379371847e-05
4 6 -5.0952297459662772e-03 8.8644118797149730e-05
4 7 -4.0462222997788401e-03 3.6039590481000059e-05
4 8 -3.2758311793782626e-03 4.9373274709732287e-05
4 9 -2.5903030628607782e-03 2.2180868334721788e-05
4 10 -2.2200381115003382e-03 -3.7780915925916730e-05
4 11 -1.9353135078558745e-03 1.6743389728581779e-05
4 12 -1.7894335104020759e-03 -5.1098237971674129e-05
4 13 -1.6328212365361572e-03 -3.7924137056945255e-06
4 14 -1.4450729833515462e-03 1.7771367791695830e-06
4 15 -1.3119964408043190e-03 6.2596030638842017e-05
4 16 -1.1662188059386519e-03 -3.6616478538876669e-06
4 17 -1.0989974095951059e-03 8.9176514348284600e-06
4 18 -1.0422760378675177e-03 -5.1378602701294059e-06
4 19 -9.0489731002771118e-04 -2.7486986832800569e-05
4 20 -7.6132994204498817e-04 -9.2930301314650557e-06
4 21 -7.0083627650887909e-04 1.1277585016597651e-07
4 22 -6.2678627416253572e-04 7.8369692186570168e-06
4 23 -5.1825750877301140e-04 2.2139495599675700e-06
4 24 -4.5231669065416398e-04 1.8053402125986123e-05
4 25 -3.7683965752472972e-04 4.2853689212307351e-06
4 26 -3.5425891930395087e-04 3.3380046354892619e-06
4 27 -3.2475146303551539e-04 -3.6133273985120995e-06
4 28 -2.8601660752257066e-04 -7.8760414406215223e-06
4 29 -2.6184357418491028e-04 2.3855428242099530e-06
4 30 -2.1681544995455368e-04 -4.6991979193776026e-06
4 31 -1.9382287372866501e-04 1.0560357194417133e-05
4 32 -1.6984140935552767e-04 1.8374322865828548e-06
4 33 -1.4589150023305630e-04 1.0767185048786726e-06
4 34 -1.2643885714030907e-04 -2.4351547149013937e-06
4 35 -1.2347847945491262e-04 -3.7741849484278819e-07
4 36 -1.2449695451571195e-04 3.8816282404253285e-06
4 37 -1.2867788623823934e-04 5.2142463750938735e-06
4 38 -1.3587798917976199e-04 -7.5796529106840593e-07
4 39 -1.5543644642639786e-04 6.1050125047571022e-06
4 40 -1.7669859662067597e-04 6.0319026999879999e-06
4 41 -2.0806145683580806e-04 -5.8554598202056330e-06
4 42 -2.3058329363562691e-04 -2.4067534991569357e-06
4 43 -2.2474040397322512e-04 -3.0470157013006720e-06
4 44 -2.3323928409759177e-04 1.7380540789532007e-06
4 45 -2.7447354875952357e-04 7.4727937167583642e-06
4 46 -3.5778782667465146e-04 -1.5503851974800720e-05
4 47 -4.1083381763054691e-04 4.9544093854583126e-06
4 48 -5.2164476142431025e-04 1.8443098478324812e-06
4 49 -6.0663514064153055e-04 -1.9528070454760753e-05
4 50 -6.9950860018842570e-04 -4.9670681597560467e-05
4 51 -8.4441504454768222e-04 -2.8262802345646131e-06
4 52 -1.0544569689892455e-03 -9.0587863502191963e-06
4 53 -1.3847403903758776e-03 5.5362216509170885e-06
4 54 -1.5371855329882839e-03 2.6261807216511900e-05
4 55 -1.8069094249694401e-03 8.6462968104165121e-06
4 56 -1.9795095644755882e-03 6.6360851274950347e-05
4 57 -2.3396944432975911e-03 -7.3124326740333506e-05
4 58 -2.4151899061135851e-03 -1.7848829253523843e-05
4 59 -2.5685236070459431e-03 1.3155624238798242e-04
4 60 -2.9271141186120648e-03 1.0926514050777479e-04
4 61 -3.2054532422810672e-03 8.6044613273523468e-05
4 62 -3.4902008974531744e-03 1.6882348774637854e-04
4 63 -4.0550801196260478e-03 -5.5862868973287339e-06
4 64 -4.8404857583254236e-03 6.6734118237492769e-05
4 65 -5.7607732677924925e-03 -1.0406109972699174e-04
4 66 -6.7225282611177717e-03 7.2885969272942308e-05
4 67 -7.6553793814559219e-03 1.1973482249279302e-04
4 68 -9.3497917454540003e-03 -3.5575045655494896e-04
4 69 -1.0687797030993255e-02 -2.3453245013846499e-04
4 70 -1.3597133184505809e-02 -1.8413280335601221e-04
4 71 -1.7092041207624756e-02 3.8253237917957092e-04
5 0 -8.2467010024522020e-03 8.2124920898789830e-04
5 1 -7.7213213433829295e-03 -2.1599303762841616e-04
5 2 -6.2423573634331053e-03 -1.1799496100824356e-04
5 3 -5.1169665739635561e-03 2.7212875667909016e-04
5 4 -4.1572313678433720e-03 1.9493083120667134e-04
5 5 -3.3820430296300366e-03 1.1985373441863578e-04
5 6 -2.8511443778583999e-03 9.3565323050350186e-05
5 7 -2.1933990339510659e-03 4.1398223153794331e-05
5 8 -1.7819537101681482e-03 5.4356474068371520e-05
5 9 -1.3539361042617945e-03 2.9213501744420212e-05
5 10 -1.1825356362782729e-03 -3.2526616676168294e-05
5 11 -1.0194303534611442e-03 3.6594036550867790e-05
5 12 -9.2819704762210750e-04 -7.5999227677990163e-06
5 13 -8.7567997068213165e-04 1.4127457136467147e-05
5 14 -7.7299487183585323e-04 1.0895043228582169e-05
5 15 -7.1767681681732959e-04 5.0553993098931780e-05
5 16 -6.3489440412019455e-04 -1.6221968579950910e-05
5 17 -5.9482558966316465e-04 4.3155778028854759e-06
5 18 -5.7073096507971512e-04 -1.3346913549307023e-06
5 19 -4.7142763449498391e-04 -1.2319619686012521e-05
5 20 -3.8032756140580874e-04 -2.5629544010861279e-06
5 21 -3.6476557632161421e-04 -1.1466566138404549e-06
5 22 -3.2741834042351653e-04 1.1653227360038713e-05
5 23 -2.5989878183972046e-04 1.7655952538886897e-06
5 24 -2.2916638404444487e-04 2.1392263065670689e-05
5 25 -1.8804084584071214e-04 4.8352223174745242e-06
5 26 -1.9114590202759941e-04 6.0542230415812819e-06
5 27 -1.7366434649531638e-04 -5.0494744637880868e-07
5 28 -1.4795229986854709e-04 -4.0574626930457336e-06
5 29 -1.3557055250106289e-04 2.1323657405898885e-06
5 30 -1.1579948959715010e-04 -2.5653512924484171e-07
5 31 -1.0597959836093092e-04 7.9968316942911898e-06
5 32 -9.3002312803972342e-05 2.7690635451460387e-06
5 33 -7.8807909560769170e-05 -1.1111523504257425e-07
5 34 -6.8675118249745325e-05 -3.8256750560639965e-06
5 35 -6.4874061864761932e-05 -1.2367032835947269e-06
5 36 -6.4216590032118917e-05 4.3669985135870589e-06
5 37 -6.5940500946968676e-05 5.0508034591380976e-06
5 38 -6.9785730849671550e-05 -6.3937040458626451e-07
5 39 -8.1821535364024313e-05 7.9711316460776285e-06
5 40 -9.1836667744776363e-05 5.0842154024073374e-06
5 41 -1.1076270833738654e-04 -9.1193882286635236e-06
5 42 -1.2760902565905620e-04 -2.5518541316441040e-06
5 43 -1.2254746661582725e-04 -3.6589542059339066e-06
5 44 -1.2351230317226433e-04 1.8305787066662144e-07
5 45 -1.4230424195579066e-04 8.0543029113220794e-06
5 46 -1.9703246359783819e-04 -1.1045208031810442e-05
5 47 -2.2023315414703689e-04 3.6765299081231276e-06
5 48 -2.8483157975731121e-04 2.2260976213812113e-06
5 49 -3.2659747874288581e-04 -1.4146550852430596e-05
5 50 -3.7594989322723045e-04 -4.1862922784800002e-05
5 51 -4.3833540953368917e-04 3.1978393611222794e-06
5 52 -5.5717685656263218e-04 -3.8009508296433477e-06
5 53 -7.5869984835029176e-04 -2.0124944690663375e-06
5 54 -8.1318657872588062e-04 2.5176427203719876e-05
5 55 -9.6670528025042670e-04 -1.0688582831114483e-05
5 56 -9.8950551236679039e-04 3.8347890689127065e-05
5 57 -1.2658540281579227e-03 -3.6524075336019877e-05
5 58 -1.3053100674183360e-03 -2.4791322602693898e-05
5 59 -1.3843864033375288e-03 1.3590015028134135e-04
5 60 -1.6462236278262207e-03 1.1011193625130319e-04
5 61 -1.7743324343039149e-03 3.8620111023428426e-05
5 62 -1.8712030781541733e-03 1.1995748017039844e-04
5 63 -2.1104244615737216e-03 -2.7885941029891002e-05
5 64 -2.5673169157516191e-03 1.2523029377172582e-04
5 65 -3.0751282239558477e-03 -9.6523043481808415e-05
5 66 -3.6363508417119957e-03 1.0716678623832522e-04
5 67 -4.1294795242319479e-03 1.9042041240615031e-04
5 68 -5.0067658550944499e-03 -3.2455349979320633e-04
5 69 -5.6095758542201576e-03 -2.7203137730087424e-04
5 70 -7.1530691366955184e-03 -3.2353407439111311e-04
5 71 -8.7345074814982569e-03 2.6824089896978917e-04
6 0 -3.9502828764848485e-03 6.1291360541324111e-04
6 1 -4.1087507717391947e-03 -1.1523375748958034e-04
6 2 -3.1348616440348299e-03 -1.5670799938005814e-04
6 3 -2.7651080407957080e-03 1.2146876570869725e-04
6 4 -2.1781697249544430e-03 4.4947631988329184e-05
6 5 -1.7830185848793738e-03 1.2163482815906409e-04
6 6 -1.6215272011213596e-03 5.9952892549888488e-05
6 7 -1.1607110621699470e-03 4.4250127733866844e-05
6 8 -9.1875589236079978e-04 3.0054246200549636e-05
6 9 -6.7650877062504081e-04 4.3079353731071871e-05
6 10 -6.2063297750075458e-04 -1.4711001324607199e-05
6 11 -5.2836233916419520e-04 4.0942004266875971e-05
6 12 -4.5558474093654528e-04 2.9905838035757253e-05
6 13 -4.6271110520431898e-04 2.4344451860697333e-05
6 14 -4.0645571968184023e-04 1.6910370312283217e-05
6 15 -4.0057923518885225e-04 2.6451590638838671e-05
6 16 -3.4417545214381865e-04 -1.7745047711295913e-05
6 17 -3.0883147741218219e-04 3.1894866468071294e-06
6 18 -3.0387518083907391e-04 4.4339241210004631e-06
6 19 -2.3283360408738423e-04 3.8897081136178143e-06
6 20 -1.8311956778682193e-04 1.0249393197021920e-07
6 21 -1.8945953203610476e-04 -6.0557932734166730e-07
6 22 -1.6722055288150494e-04 7.7317340998024995e-06
6 23 -1.2849420563182306e-04 -3.0992590252497274e-07
6 24 -1.1229987517677035e-04 1.8130615879836721e-05
6 25 -8.8182705429832513e-05 4.6266456811497053e-06
6 26 -1.0120145304760052e-04 7.1240814989604131e-06
6 27 -9.1866995786268931e-05 7.3146966862493401e-07
6 28 -7.5559271044457169e-05 -8.5622466263894464e-07
6 29 -6.3779103910838986e-05 -9.8861109502798984e-07
6 30 -6.2255637549066186e-05 3.0913332259211133e-06
6 31 -5.6792662822110038e-05 5.3137615796379102e-06
6 32 -5.0439709387622886e-05 2.4243725520291650e-06
6 33 -4.0173520812589869e-05 -6.3330296981884307e-07
6 34 -3.7090095947825835e-05 -3.0541305945853950e-06
6 35 -3.4462616438950906e-05 -9.8523373812122619e-07
6 36 -3.2818345508656763e-05 5.7504111139565467e-06
6 37 -3.3228867346245804e-05 4.6441345135372877e-06
6 38 -3.5025734870716482e-05 4.8785733704146941e-07
6 39 -4.2524823397502777e-05 8.0817568046941535e-06
6 40 -4.6022106571866499e-05 3.7241909808438978e-06
6 41 -6.0153679050604617e-05 -1.0028419953540233e-05
6 42 -7.0560207725237200e-05 -2.1942457937877471e-06
6 43 -6.5848148706254949e-05 -5.6462013346241957e-06
6 44 -6.5397717509639022e-05 -4.3299723990623093e-07
6 45 -7.2067633332239381e-05 5.6593833237961933e-06
6 46 -1.0855246274422811e-04 -8.4837060223197971e-06
6 47 -1.1882236901049161e-04 -1.8174276978768831e-07
6 48 -1.4702475168262537e-04 3.0281624833781964e-06
6 49 -1.7187308826097680e-04 -1.0612279098245426e-05
6 50 -1.9916432945652366e-04 -3.5135292950555376e-05
6 51 -2.1895723297927819e-04 1.5349178208031402e-05
6 52 -2.9085539107097386e-04 -5.5203492377657848e-06
6 53 -4.0737161350886878e-04 -1.5821464529594505e-05
6 54 -4.0984523305113068e-04 2.3187359537206614e-05
6 55 -5.0053310430798310e-04 -1.4104766350238382e-05
6 56 -4.6253491559787840e-04 8.5612480236124968e-06
6 57 -6.5350064893505999e-04 5.4061930262967410e-06
6 58 -6.8624870190833666e-04 -2.3281478787236708e-05
6 59 -7.2293937893226005e-04 1.0211635467005452e-04
6 60 -8.9286517665139984e-04 8.9666198455107699e-05
6 61 -9.6594120405773523e-04 1.8580687123371065e-05
6 62 -9.7282878990787817e-04 6.5207248929808720e-05
6 63 -1.0707897596900786e-03 -4.7564573989062381e-07
6 64 -1.3302506453341642e-03 1.6067031799853987e-04
6 65 -1.6540659804708618e-03 -1.1028862096771578e-04
6 66 -1.9408485040695131e-03 1.6151732928534337e-04
6 67 -2.2038102383005543e-03 2.2411809546159898e-04
6 68 -2.6342883707887836e-03 -2.0110455596387530e-04
6 69 -2.9265923661355008e-03 -3.0658086485012103e-04
6 70 -3.7002144859903294e-03 -4.3067228119708976e-04
6 71 -4.4893855000620051e-03 2.3625073065994859e-05
7 0 -2.1733285546340379e-03 2.9788046608557247e-04
7 1 -2.2660356888011377e-03 -1.7441982955545003e-04
7 2 -1.5038295274716819e-03 -1.9033192693878440e-04
7 3 -1.5121935386943773e-03 8.0467116367162863e-07
7 4 -1.1140241735815677e-03 -9.2641408135231472e-05
7 5 -8.6969980473309845e-04 1.3760895501401682e-04
7 6 -9.7962648165742352e-04 -4.7799369843180067e-06
7 7 -6.0937116833649225e-04 5.4932545300565141e-05
7 8 -4.2516371229311842e-04 -7.3200084507966440e-06
7 9 -3.3075150967034700e-04 4.3216362977137633e-05
7 10 -3.1800557584339597e-04 -1.0391101324892108e-05
7 11 -2.6498504301988445e-04 2.7057691361224717e-05
7 12 -2.1635380366546186e-04 6.4720016416944536e-05
7 13 -2.4936780719034675e-04 3.5761023463817320e-05
7 14 -1.9689729116556201e-04 1.9323644284089517e-05
7 15 -2.1621584440450120e-04 -1.5099711327559787e-08
7 16 -1.6898142932349750e-04 -1.0513778820821320e-05
7 17 -1.4452263855162015e-04 3.9724586300568526e-06
7 18 -1.6424411768047842e-04 8.1096183477579810e-06
7 19 -1.0814036002003733e-04 9.1831883248557371e-06
7 20 -9.0887229146335898e-05 -7.0804250520019260e-07
7 21 -9.4969359256054977e-05 2.4048412099939535e-06
7 22 -8.2294889865821636e-05 9.8998190045628165e-07
7 23 -6.4668852958928340e-05 -1.7214344874596748e-06
7 24 -5.6329382527599002e-05 1.1727629112791853e-05
7 25 -3.9791926719747672e-05 5.0295986154509593e-06
7 26 -5.4137867350612102e-05 8.0977464940862744e-06
7 27 -4.8007114454873011e-05 3.9635638058522897e-07
7 28 -3.7177793248238241e-05 1.3004213205206385e-06
7 29 -2.6149636353081374e-05 -4.2504599434787696e-06
7 30 -3.4414060872167752e-05 5.4124895332396861e-06
7 31 -2.9487608912280194e-05 1.8765912521990280e-06
7 32 -2.8206275786229730e-05 2.2540630722935905e-06
7 33 -1.9974216651972078e-05 -1.2074080762939526e-06
7 34 -1.8874112237702059e-05 -1.9825981219610370e-06
7 35 -1.8702757468754513e-05 -8.4449853760657238e-07
7 36 -1.6711033010804580e-05 5.2340725059173029e-06
7 37 -1.7195209506220153e-05 3.9317385609972687e-06
7 38 -1.6582921744556297e-05 1.1821159762734294e-06
7 39 -2.1653164637894583e-05 7.4531644553471272e-06
7 40 -2.0480356501614681e-05 3.1854729975312477e-06
7 41 -3.4569907382963045e-05 -7.0957198943602711e-06
7 42 -3.8908683060561727e-05 -7.7434968008104311e-07
7 43 -3.6631377803724478e-05 -7.3147090650282102e-06
7 44 -3.6134706801590864e-05 4.6966030803341899e-07
7 45 -3.5843252203766635e-05 2.8250696797159928e-06
7 46 -6.1548683418819611e-05 -7.3633151424164805e-06
7 47 -6.8532423598656613e-05 -2.4699757736796052e-06
7 48 -6.8204131364101115e-05 2.2888360264993734e-06
7 49 -8.5216103406384087e-05 -7.1796318974676467e-06
7 50 -1.0312542791365859e-04 -3.0252428021556492e-05
7 51 -1.0779692110471409e-04 2.2919459979876761e-05
7 52 -1.5663632721726840e-04 -9.5022065161792963e-06
7 53 -2.2082023260356837e-04 -2.9745068598211747e-05
7 54 -1.8748406011064438e-04 2.0272352670746432e-05
7 55 -2.4936764817871682e-04 1.7258300242376700e-07
7 56 -2.0698834232127874e-04 3.6478835047341901e-06
7 57 -3.2115209664718977e-04 3.5710595661042994e-05
7 58 -3.5089343217940757e-04 -1.9267407606829745e-05
7 59 -3.5368766527028514e-04 4.7764805903057991e-05
7 60 -4.7064733874575148e-04 6.4684839919886618e-05
7 61 -5.0645931569666674e-04 1.3351574811080983e-05
7 62 -4.7053524729627683e-04 3.4629322406990513e-05
7 63 -5.1178172840861185e-04 2.5565504799314745e-05
7 64 -6.9368927977601176e-04 1.7746317505520323e-04
7 65 -8.7646827243972045e-04 -6.3386796514294008e-05
7 66 -1.0381815695312715e-03 1.7020032926026534e-04
7 67 -1.1610404951502998e-03 1.8042310398444644e-04
7 68 -1.3595281342550598e-03 -1.2466887780762312e-04
7 69 -1.5002741117162298e-03 -3.0167051861789768e-04
7 70 -1.9405730669257259e-03 -5.6551919719439190e-04
7 71 -2.3414311112037512e-03 -1.6700277012745134e-04
8 0 -1.3909585566511020e-03 2.2201594837973910e-04
8 1 -1.2591406512595350e-03 -2.6269734615281713e-04
8 2 -6.7630078225503279e-04 -1.9472130662801323e-04
8 3 -8.2473567511106823e-04 -8.0411288337504358e-05
8 4 -5.8655857007857066e-04 -1.5076112373614732e-04
8 5 -3.7764800419639742e-04 1.6850030481989836e-04
8 6 -6.0563553378573630e-04 -5.0932833654484555e-05
8 7 -3.1531702879359697e-04 4.8358827050903572e-05
8 8 -1.5236473141643081e-04 -2.8917025183503951e-05
8 9 -1.6917864650416371e-04 2.7825901294961904e-05
8 10 -1.5254796266435440e-04 -6.6157384958975208e-06
8 11 -1.3391618834059844e-04 5.6663130317784595e-06
8 12 -1.0237490619489617e-04 8.0018304698734822e-05
8 13 -1.3617467661475123e-04 2.4649120829450782e-05
8 14 -8.7018213434131587e-05 2.0947621655729326e-05
8 15 -1.2062160942359802e-04 -2.0839810169738969e-05
8 16 -5.5544998927655798e-05 3.1222213513699061e-06
8 17 -5.2152498296824970e-05 2.9523954865903729e-06
8 18 -9.5336737923226128e-05 1.0385248905207073e-05
8 19 -4.7823893114467825e-05 1.7099495399594539e-05
8 20 -5.2885289678091342e-05 -3.2512172406517145e-06
8 21 -4.9506451640652303e-05 2.0770736038938299e-06
8 22 -3.7445609669764019e-05 -4.1736591621638960e-06
8 23 -3.5455730160066088e-05 2.9059513567269071e-06
8 24 -2.9119327843663387e-05 4.7277724765779123e-06
8 25 -1.5153676994845648e-05 6.0178023692799713e-06
8 26 -2.8380680568502757e-05 9.0287551724338980e-06
8 27 -2.3427242506652730e-05 3.5031096278579423e-07
8 28 -1.5804411340471684e-05 4.0843833383459822e-06
8 29 -9.9716332094274052e-06 -5.4512687843165625e-06
8 30 -1.9720809929377168e-05 4.6604311877669316e-06
8 31 -1.5715329391840224e-05 7.4557154702461006e-08
8 32 -1.5946017976771452e-05 3.2537021986596354e-06
8 33 -9.4492173545392815e-06 -1.4334509956995697e-06
8 34 -9.2586874497065674e-06 -1.5683085918445872e-06
8 35 -1.0307894980987800e-05 -5.6057616579368048e-07
8 36 -8.1409756598313327e-06 4.0223175992958563e-06
8 37 -1.0403264918491910e-05 2.2606132067428787e-06
8 38 -7.4551766962898711e-06 2.1748916978620466e-06
8 39 -1.0154765859101743e-05 6.0038259026933881e-06
8 40 -6.5467716139156274e-06 3.9618599269121654e-06
8 41 -2.1176597830877967e-05 -3.1489428351735686e-06
8 42 -1.9327721129540132e-05 -3.1747277368675134e-07
8 43 -2.3069534063592469e-05 -6.3038681547444033e-06
8 44 -2.1449447684258985e-05 2.1018155826722472e-06
8 45 -1.7720716237688943e-05 1.9715728505143627e-06
8 46 -3.3653314676005086e-05 -5.8263937058165247e-06
8 47 -4.4404179952734074e-05 -4.8682628990648089e-06
8 48 -2.4011162873000634e-05 7.1662789444827039e-07
8 49 -3.0270891467093910e-05 -6.5929558959746156e-06
8 50 -5.0583968148900601e-05 -2.6481264907129753e-05
8 51 -5.2900099462564011e-05 2.1095986312469717e-05
8 52 -9.2832720777777166e-05 -3.7710744846434502e-06
8 53 -1.2026241766989423e-04 -3.5542795795724842e-05
8 54 -6.7783077925948691e-05 1.6841314534021523e-05
8 55 -1.3380826740480050e-04 2.5596517291119682e-05
8 56 -8.7094195094703606e-05 1.2537221568564078e-05
8 57 -1.6549341016350639e-04 4.9542862312996237e-05
8 58 -1.7451397965137009e-04 -8.5484816841473689e-06
8 59 -1.5961249056367234e-04 -1.7243794363496775e-06
8 60 -2.5172015065588895e-04 2.9272622878118824e-05
8 61 -2.5500610652354867e-04 1.1178429088384606e-05
8 62 -2.0407625989113113e-04 3.4693735751530435e-05
8 63 -2.4184062312372634e-04 4.1060814746421923e-05
8 64 -3.7194471489746482e-04 1.8900736137449818e-04
8 65 -4.8388560139336196e-04 -1.8267321389607225e-05
8 66 -5.5390777593584864e-04 1.4940815199262510e-04
8 67 -6.2281294086156383e-04 7.5858206460786975e-05
8 68 -6.9977430482560379e-04 -1.2533685592443862e-04
8 69 -7.5080418703955137e-04 -1.7021728208526011e-04
8 70 -9.7723813199193090e-04 -6.6659776730288714e-04
8 71 -1.1880695114602202e-03 -7.4131243600271843e-05
9 0 -9.1996441972612571e-04 1.5630965664551889e-04
9 1 -6.9721041005720897e-04 -2.5592614503913501e-04
9 2 -2.4275957430254570e-04 -1.3577343502489404e-04
9 3 -4.3517762895033991e-04 -1.4617296123212343e-04
9 4 -3.3881032979152909e-04 -1.7536105591065153e-04
9 5 -1.2758828780799869e-04 1.8095400107245770e-04
9 6 -3.7473474784771333e-04 -5.2530157518793589e-05
9 7 -1.6448500042231306e-04 4.2379367288497476e-05
9 8 -2.4604931156547779e-05 -3.9322499465420087e-05
9 9 -9.3664596650137747e-05 1.3563802806044915e-06
9 10 -5.8222504356795944e-05 7.2358315134991486e-06
9 11 -6.7894889344043420e-05 6.5513625958958936e-06
9 12 -4.4454409594325638e-05 6.6417274323061104e-05
9 13 -7.2343479406019611e-05 1.2601345260773891e-05
9 14 -4.4078446471042822e-05 1.9044686194796045e-05
9 15 -7.1133208516626246e-05 -2.4724874994007343e-05
9 16 3.3875594967426416e-06 1.2715817367927286e-05
9 17 -2.4316881497526727e-06 -4.0145331175714982e-06
9 18 -5.7594632697743478e-05 3.5014303075088648e-06
9 19 -2.2263741747645930e-05 2.3176896097598061e-05
9 20 -3.2024073905842950e-05 -5.1196475686820375e-06
9 21 -3.0764516347424025e-05 -4.5268414709934031e-06
9 22 -1.3206716385615556e-05 -4.3696984726205264e-06
9 23 -2.2307945925586248e-05 7.7826899268878092e-06
9 24 -1.2891783692661294e-05 -6.9583977667386886e-07
9 25 -2.2738352741671649e-06 8.9014816797545356e-06
9 26 -1.4514409644424363e-05 7.4309055915185772e-06
9 27 -1.0242013773829387e-05 -8.2726422826796390e-07
9 28 -5.2869463583851137e-06 6.2121600699688061e-06
9 29 -3.4584334605055580e-06 -5.7542513366413909e-06
9 30 -9.9874705615065976e-06 2.9842345008783998e-06
9 31 -8.9504499844183292e-06 -2.0903606570714733e-07
9 32 -9.6189716546414949e-06 4.4144023645836719e-06
9 33 -4.1249850299953629e-06 -2.0239703878944912e-06
9 34 -4.4412983557814923e-06 -1.3038868946076572e-06
9 35 -4.4538676821013900e-06 5.6326828663687636e-07
9 36 -4.3891990969426261e-06 3.4411660827576534e-06
9 37 -7.6086680674318386e-06 1.3931607558339940e-06
9 38 -2.4135665493176269e-06 2.3372803629657931e-06
9 39 -4.5565385649580519e-06 5.0038904949235557e-06
9 40 6.7028658661372217e-07 3.9691974447176263e-06
9 41 -1.2756905654489645e-05 4.9641623658329881e-07
9 42 -8.6185265433210390e-06 -1.0234858898937529e-06
9 43 -1.6295483255095939e-05 -5.8320629308237832e-06
9 44 -1.4508349776737919e-05 2.5724631853688156e-06
9 45 -8.9637459427538740e-06 3.6607944581962399e-06
9 46 -1.6459034547205072e-05 -4.1080522514518084e-06
9 47 -2.9775247223741182e-05 -2.3662346176375888e-06
9 48 -3.3754106973687961e-06 -8.9811181393427565e-08
9 49 4.8672776978074031e-07 -7.2874678999151410e-06
9 50 -1.9409917709835509e-05 -1.7867318876608532e-05
9 51 -2.3254403527414437e-05 1.0508282071864523e-05
9 52 -6.0839052662988463e-05 5.3178665011939501e-07
9 53 -6.5363239024195826e-05 -3.6831664186860079e-05
9 54 -1.3509227426732459e-05 1.1648947144084250e-05
9 55 -7.7861895587173465e-05 5.1286370373398532e-05
9 56 -4.4945322596557849e-05 2.2507205520627094e-05
9 57 -9.9816165111210411e-05 5.7513341341865089e-05
9 58 -9.0351687792324372e-05 -9.3481909539571475e-06
9 59 -6.8470387952974745e-05 -2.0437352574015550e-05
9 60 -1.3187976134031610e-04 -5.6195717402906008e-06
9 61 -1.1616913138306078e-04 -6.8225693847062743e-06
9 62 -5.6200041686861215e-05 6.0427575090182096e-05
9 63 -1.2894821287802541e-04 3.8370253391056144e-05
9 64 -2.0075159267806110e-04 1.6532807132118413e-04
9 65 -3.0984701257103826e-04 2.5647506702968223e-05
9 66 -2.8635851609158831e-04 3.9164162646958435e-05
9 67 -3.5573926044482612e-04 -1.0188295302608195e-06
9 68 -2.9369539067008142e-04 -8.5598234585507665e-05
9 69 -4.4086942476148996e-04 -2.7755027130058367e-05
9 70 -4.3830717897244453e-04 -5.4076199857019036e-04
9 71 -5.5193939693586502e-04 8.5185863955977796e-05
10 0 -6.5071698238588192e-04 3.7961692077905889e-04
10 1 -3.7754570021712486e-04 -2.2783551026392399e-04
10 2 1.4481002759508173e-05 -7.9156255740731705e-05
10 3 -1.8105316344264026e-04 -1.5076595463896794e-04
10 4 -2.6444207054024524e-04 -1.6866484924210140e-04
10 5 -4.2594106863659337e-06 1.4689040281636650e-04
10 6 -2.4521327253952441e-04 -3.4500128512747703e-05
10 7 -8.4998410628405493e-05 4.4168320954222029e-05
10 8 2.2563517955922388e-05 -3.1021669774720433e-05
10 9 -4.7217295930950249e-05 -3.5179732416083806e-05
10 10 -7.2573218825633823e-06 1.3002464864610112e-05
10 11 -4.2953716850299478e-05 1.3361278191869197e-05
10 12 -1.2258664124198444e-05 4.4033084439414320e-05
10 13 -4.2385725841052534e-05 1.3623213416922867e-05
10 14 -2.3793011265483023e-05 1.5526221279944753e-05
10 15 -3.5956633948873254e-05 -1.7098786062834528e-05
10 16 2.3950789101287408e-05 2.5046874670669752e-05
10 17 1.5595455966887588e-05 -8.5017306153359757e-06
10 18 -3.9325364417940418e-05 -1.4814781957597197e-05
10 19 -7.2307527332383566e-06 2.3276472004394437e-05
10 20 -9.7315563079331052e-06 -4.6707375027032524e-06
10 21 -2.1002241884459443e-05 -1.0422098304685021e-05
10 22 -1.7096380593436648e-06 -2.5464137624629993e-06
10 23 -1.7053842254642371e-05 1.0474782699223847e-05
10 24 -4.2531775209027567e-06 -6.3331539376888731e-06
10 25 3.1222991007094128e-06 1.1393036023395070e-05
10 26 -7.4812806714073904e-06 6.6400356425480408e-06
10 27 -4.1448476159557498e-06 -1.4410281819711954e-06
10 28 -1.4872196618351059e-06 6.6451330353184579e-06
10 29 -3.7931378400205230e-07 -7.4962891582447980e-06
10 30 -4.6870702737587548e-06 2.3073503304785945e-06
10 31 -6.9190870173667570e-06 -3.7559182058609309e-07
10 32 -6.4033054225151381e-06 4.7641653679021226e-06
10 33 -1.5941857783559256e-06 -1.9835953903471128e-06
10 34 -1.6341672519760097e-06 -1.3412802034732240e-06
10 35 -1.2207214727441519e-06 2.7615597686963285e-06
10 36 -2.7447067321881349e-06 3.9156387336189914e-06
10 37 -6.9422853442655861e-06 1.2470840242899090e-06
10 38 -3.4107218177151953e-07 1.7637526508456592e-06
10 39 -1.4054064351452097e-06 3.8854981027546678e-06
10 40 3.7337794352811796e-06 4.1602135034523206e-06
10 41 -6.5551545519501528e-06 3.1413359321782075e-06
10 42 -3.7470177553651241e-06 2.9475417343650717e-07
10 43 -1.1851372787172099e-05 -5.5071445730693347e-06
10 44 -1.0090581534906796e-05 1.1953290167187223e-06
10 45 -3.5579506805667890e-06 4.0127520660336402e-06
10 46 -7.1925737681101855e-06 -2.8700721324245240e-06
10 47 -1.6292006865122128e-05 1.3395912298884132e-06
10 48 4.7148322941622600e-06 3.2113986327485339e-08
10 49 1.2909812655266510e-05 -4.9075353164901642e-06
10 50 -4.9825507193719932e-06 -5.3362042540656597e-06
10 51 -3.3679579127656767e-06 7.5030243485105294e-06
10 52 -4.0012238433406966e-05 5.6657679534869221e-06
10 53 -3.4566661312219803e-05 -3.3393630741867200e-05
10 54 7.7951909555250086e-06 -2.9168057876880695e-06
10 55 -4.0054606678819608e-05 5.8322452028477788e-05
10 56 -3.7159903116757269e-05 2.3855658470548830e-05
10 57 -5.4323911507380047e-05 5.6730898331074242e-05
10 58 -4.9106431511897592e-05 -7.9949849004594641e-06
10 59 -3.2240283792098250e-05 -2.6567421868407017e-05
10 60 -6.8580228204545115e-05 -1.5553078559443027e-05
10 61 -4.6579622748406908e-05 -2.1972464115890060e-05
10 62 -8.0087938809673973e-06 8.2405328757568635e-05
10 63 -6.9611035966539176e-05 -2.3077889814289340e-06
10 64 -1.2152659652910732e-04 1.7610695412640089e-04
10 65 -2.5076775503681215e-04 9.3833447404023749e-05
10 66 -1.3668066005994252e-04 -8.5171415982409666e-05
10 67 -1.8959456043215775e-04 2.6631285022139079e-05
10 68 -6.3699144701120445e-05 -6.5687838329546187e-05
10 69 -3.5345827323932864e-04 7.0369744937042854e-05
10 70 -1.5487490658830437e-04 -3.3122253804500264e-04
10 71 -2.8974076115846479e-04 1.9903064071110781e-04
