0 0 -1.1749999311661741e+00 -8.7286613377217081e-20
0 1 -1.4744347352177822e-01 -4.6903986857694892e-20
0 2 -5.1300580229638806e-02 -1.4883733337088430e-20
0 3 -2.6704318978033457e-02 4.7453931859433209e-21
0 4 -1.8847301628085414e-02 -4.7159589470266575e-22
0 5 -1.5417715052084852e-02 1.4365232270548843e-21
0 6 -1.2306000854521524e-02 1.2992381098181196e-22
0 7 -1.0360477668840020e-02 1.3674160565402890e-22
0 8 -9.1459703368287192e-03 7.8411752111264166e-23
0 9 -7.8146086884521276e-03 4.6789599813076895e-22
0 10 -6.8024638124057893e-03 -2.5727307833011830e-22
0 11 -5.9465402516264247e-03 4.2286910547992574e-23
0 12 -5.2217220960316928e-03 -1.0855221909795363e-22
0 13 -4.6343195548769140e-03 -2.3973955116412599e-23
0 14 -3.9948760977855588e-03 9.6308308871226698e-23
0 15 -3.3551529998771955e-03 1.5713097401870357e-22
0 16 -2.7769741372404839e-03 3.3729718697458353e-23
0 17 -2.2514298321000300e-03 2.8895324056358297e-23
0 18 -1.8314924987522317e-03 2.4185959110584058e-23
0 19 -1.5114150067362475e-03 9.7321952682016812e-23
0 20 -1.2721407985390035e-03 -9.5586848766631082e-23
0 21 -1.0068006995288172e-03 -1.1838490955486137e-23
0 22 -8.0453079903027686e-04 5.6610675238350102e-24
0 23 -6.4988342749043213e-04 5.7637900813414734e-24
0 24 -5.2042529408507913e-04 -1.6653726966680461e-23
0 25 -4.3059097384779343e-04 -1.2828073852556698e-23
0 26 -3.7061611581187842e-04 -7.3112107732613238e-24
0 27 -3.2151917122118061e-04 1.3706284675856900e-24
0 28 -2.7709686850934398e-04 -5.5097425730218228e-24
0 29 -2.4287388985959059e-04 -1.1058657170820399e-24
0 30 -2.1343411594243599e-04 -2.7571442880337323e-24
0 31 -1.7775083090553048e-04 -5.5896330140969800e-24
0 32 -1.4237136837588901e-04 3.4799533950077039e-24
0 33 -1.1453669731506294e-04 4.4067661028948466e-24
0 34 -1.0087280916359762e-04 2.7605741707161283e-24
0 35 -9.9128328509986131e-05 -3.6237616391439676e-24
0 36 -1.0944982116585668e-04 -2.8489276640037216e-24
0 37 -1.2502417853814063e-04 -1.3846593849656878e-25
0 38 -1.4634369034911997e-04 1.0303167928419527e-23
0 39 -1.6976552368284042e-04 -5.4256705973732907e-24
0 40 -1.9316210114345272e-04 2.3869319613693457e-24
0 41 -2.2089797392553688e-04 -1.0839165323078864e-23
0 42 -2.5065488162429923e-04 -1.0600921153573750e-23
0 43 -2.7803740390567363e-04 -3.3944364491985324e-24
0 44 -3.2604501954716235e-04 -6.4527183010124841e-24
0 45 -3.6323275787427636e-04 -8.7518592158645527e-24
0 46 -4.1578039275376374e-04 -2.3761027048278371e-23
0 47 -5.0475983775647240e-04 -6.5764780834954400e-24
0 48 -6.4476667763670810e-04 3.0780067727537441e-23
0 49 -8.1393251106277398e-04 3.6207689847403505e-23
0 50 -9.4971171882305555e-04 -4.7023602747848071e-24
0 51 -1.0937421815645403e-03 -2.9468212024112252e-23
0 52 -1.2860143204293897e-03 -3.4876765398326104e-23
0 53 -1.5648662041714877e-03 -5.5168511262634785e-23
0 54 -1.8447672721960151e-03 -6.1584064916555864e-23
0 55 -2.0989320708467802e-03 -1.1476004905169531e-24
0 56 -2.4177699431953709e-03 1.7905613438598951e-24
0 57 -2.8821043639170717e-03 9.0018509277528828e-23
0 58 -3.6627254003957148e-03 2.9473420930636194e-22
0 59 -4.3372639217908581e-03 2.2174242260542606e-23
0 60 -4.8341521834836887e-03 -8.1341175238990348e-23
0 61 -5.3348227344234452e-03 -6.9291937057256249e-23
0 62 -5.8667017168269799e-03 3.1446425082252319e-23
0 63 -6.6916020693297629e-03 9.5889623392404970e-23
0 64 -7.6729538588423130e-03 -6.9687625196991447e-24
0 65 -9.0876061984669701e-03 3.1989810860131440e-22
0 66 -1.0374997901576139e-02 5.4468106283557552e-22
0 67 -1.1674014987295884e-02 7.3703990277335148e-22
0 68 -1.4391175574530377e-02 9.5694124410473436e-22
0 69 -2.1121059732714231e-02 5.3497032154281416e-22
0 70 -4.2930746521957719e-02 -8.3990708758914952e-21
0 71 -1.4181064000327298e-01 -1.3805878221482178e-21
1 0 -3.5499231756962585e-01 -2.7232013938225216e-03
1 1 -8.6516227883338154e-02 3.9977000514654094e-04
1 2 -3.6020052902415445e-02 -3.2041480755176427e-04
1 3 -1.9941809747736763e-02 4.5417622037452657e-05
1 4 -1.4315528878460134e-02 3.6853815621905993e-05
1 5 -1.1801381150131447e-02 -1.1709540554876281e-05
1 6 -9.3364638117477868e-03 3.3499779882420531e-06
1 7 -7.9068915263929684e-03 3.9464993008566624e-05
1 8 -6.9740309923984481e-03 5.2102612331668027e-05
1 9 -5.9395957362285874e-03 3.0221118147746385e-05
1 10 -5.1953003050206996e-03 9.8838948389956996e-06
1 11 -4.5309413971245790e-03 2.0509146893202690e-05
1 12 -3.9907262781799834e-03 -1.4388670391750966e-05
1 13 -3.5445478904655224e-03 -1.5988815146363108e-05
1 14 -3.0529333781926515e-03 -2.8540120186209405e-05
1 15 -2.5525036383812465e-03 -2.3664825468410811e-05
1 16 -2.1155143269240163e-03 -8.7851071507982928e-06
1 17 -1.7112634258725095e-03 6.1503263892385255e-06
1 18 -1.3951171234466678e-03 2.3463820634404206e-06
1 19 -1.1536791485688917e-03 4.8527120866473688e-06
1 20 -9.7111516734273292e-04 2.1314527913039118e-06
1 21 -7.6724684049017070e-04 -9.4400961072927812e-07
1 22 -6.1557013007474456e-04 -3.5369375888731181e-06
1 23 -4.9477126515231490e-04 4.7807544103403091e-07
1 24 -3.9729298911281806e-04 5.3616358861015033e-07
1 25 -3.2922061674996650e-04 -7.3182567172490814e-08
1 26 -2.8391730359730481e-04 3.7755126874915208e-07
1 27 -2.4482326764964146e-04 -2.9563571847574055e-07
1 28 -2.1114700629455579e-04 -2.6500762158412368e-07
1 29 -1.8564048552889589e-04 -2.1507218601290129e-07
1 30 -1.6296089269418745e-04 -8.4596383145302891e-07
1 31 -1.3549011286069235e-04 3.1301339786306385e-07
1 32 -1.0860188514332964e-04 -1.0158915263514409e-07
1 33 -8.7691190433874383e-05 -1.9722122214590095e-07
1 34 -7.7304301077028072e-05 3.0250039636381507e-07
1 35 -7.5817592984443418e-05 6.3383951726158462e-08
1 36 -8.3764277700961584e-05 -3.4923985843456808e-08
1 37 -9.5710486263941836e-05 -7.0125424198186576e-07
1 38 -1.1202191948466431e-04 -3.8678657349722083e-07
1 39 -1.2967148782113357e-04 2.9619644698786503e-07
1 40 -1.4696387594680176e-04 -1.2989165369804146e-07
1 41 -1.6853035055555972e-04 -5.9221383449235052e-07
1 42 -1.9100094522428153e-04 -6.6394451044027227e-07
1 43 -2.1196492009811917e-04 -1.6163963739697631e-06
1 44 -2.4843189766803042e-04 -9.8694777133846589e-07
1 45 -2.7708815018098873e-04 -1.5948392070808127e-07
1 46 -3.1738801290998308e-04 9.7297283054838983e-07
1 47 -3.8475974955823680e-04 -1.9643262301870162e-07
1 48 -4.9104833474887901e-04 -1.1668970663432780e-06
1 49 -6.2112803940528153e-04 -1.6375486257915981e-06
1 50 -7.2709643476268136e-04 2.1055241821069250e-06
1 51 -8.3433055410966602e-04 -2.1842434229972453e-06
1 52 -9.7996697351535609e-04 -3.4256274044533720e-06
1 53 -1.1899261516011867e-03 -5.3860979439882300e-07
1 54 -1.4095650231387186e-03 7.6639653406747889e-07
1 55 -1.6068525429804828e-03 4.9536563176897571e-06
1 56 -1.8471129082347772e-03 2.0144924476659887e-06
1 57 -2.1992880052931064e-03 -1.0571342950824734e-05
1 58 -2.8004937260978982e-03 -1.7705214684100576e-05
1 59 -3.3156337861146418e-03 -2.2295589047389867e-05
1 60 -3.7029778570279322e-03 4.9643517939995626e-06
1 61 -4.0918048966418390e-03 -1.3378640697334077e-05
1 62 -4.4943101818805979e-03 6.9666859631807278e-06
1 63 -5.1301831969270814e-03 -8.9348821173495426e-06
1 64 -5.8716529311552620e-03 -2.0969104748711395e-05
1 65 -6.9397734330446546e-03 -8.8786593797281937e-06
1 66 -7.9322845166495941e-03 -1.3044872444643118e-06
1 67 -8.9128890888262226e-03 8.1661873884675997e-06
1 68 -1.0965729629549132e-02 4.5953468658199487e-05
1 69 -1.5702737221254592e-02 4.9348304674098941e-05
1 70 -2.9820004056712771e-02 1.9666407447851793e-04
1 71 -8.1506475458570454e-02 -7.9431265968531045e-05
2 0 -1.1209053350385902e-01 -3.3141136765281543e-03
2 1 -3.9125966256429695e-02 5.4287344559317242e-04
2 2 -1.9906775373848658e-02 -3.5397275833559075e-04
2 3 -1.1792526855314104e-02 1.0603409258725074e-04
2 4 -8.7229172439448992e-03 3.7998212872957215e-05
2 5 -7.3433714678137630e-03 -1.7327364032502567e-06
2 6 -5.6723680692793623e-03 2.3258175699952552e-05
2 7 -4.8995848966068749e-03 5.6503531096127171e-05
2 8 -4.3319667244318700e-03 4.0314449422211801e-05
2 9 -3.6409881185518870e-03 2.1228352903529700e-05
2 10 -3.2089233274224223e-03 3.6616620692180982e-06
2 11 -2.7869735234224559e-03 2.5820352997406872e-05
2 12 -2.4798350692365042e-03 -2.2402139161417355e-05
2 13 -2.2015450821579476e-03 -2.1816065509688771e-05
2 14 -1.8912892125428069e-03 -4.0108213232502303e-05
2 15 -1.5703925525454468e-03 -3.6190581181482989e-05
2 16 -1.3028913345000314e-03 -5.3007985334145021e-06
2 17 -1.0514324981673142e-03 9.6914252942131573e-06
2 18 -8.5717357987806389e-04 3.4101693139420971e-06
2 19 -7.1651483730312128e-04 6.7225090693137073e-06
2 20 -5.9945852018635903e-04 2.4973440994778318e-06
2 21 -4.7289452492585871e-04 -2.1680438590236587e-06
2 22 -3.8218731205723431e-04 -4.3717722451242871e-06
2 23 -3.0387456321147131e-04 3.9233099650327541e-07
2 24 -2.4596953138271904e-04 4.2598450034932107e-07
2 25 -2.0396197133312071e-04 -4.9825821772502632e-09
2 26 -1.7681664806682625e-04 5.7121613291693656e-07
2 27 -1.5089430422571523e-04 -1.6380060050466811e-07
2 28 -1.3031582668875788e-04 1.6744761333706642e-07
2 29 -1.1530411012452170e-04 6.5174789384472227e-08
2 30 -1.0118228603966504e-04 -9.5668468481450033e-07
2 31 -8.3769504292511901e-05 6.4028506355045850e-07
2 32 -6.6960854570882356e-05 -1.9617588071983910e-07
2 33 -5.4749634052120446e-05 -2.5560802148082330e-07
2 34 -4.8393308124160473e-05 5.1454140485398620e-07
2 35 -4.7213816899140878e-05 7.3776193922718462e-08
2 36 -5.1952489823240677e-05 -1.0218770293509033e-07
2 37 -5.9522625245622485e-05 -1.0817450748373590e-06
2 38 -6.9913165354008853e-05 -6.4366568084345539e-07
2 39 -8.0523877052864160e-05 3.8117274398739336e-07
2 40 -9.0569144181867854e-05 -3.3958568729297637e-07
2 41 -1.0390909284788297e-04 -9.8158728533115387e-07
2 42 -1.1755950079397087e-04 -5.5119307676011825e-07
2 43 -1.3080518545607430e-04 -1.8748033874934580e-06
2 44 -1.5295692840944407e-04 -1.1857118692439428e-06
2 45 -1.7057058698339534e-04 -1.8052054989229753e-07
2 46 -1.9651521203215182e-04 1.5312928435869443e-06
2 47 -2.3761264988709683e-04 -4.9657009802999967e-07
2 48 -3.0302379707177461e-04 -1.7311869593443234e-06
2 49 -3.8298867557481670e-04 -3.1242985517701268e-06
2 50 -4.5278242170775361e-04 3.4393948306219023e-06
2 51 -5.1447919774179460e-04 -1.7608885106418233e-06
2 52 -6.0576612579137904e-04 -4.8210994024818470e-06
2 53 -7.3341174290905004e-04 2.9696301140195001e-07
2 54 -8.7321449044170697e-04 3.9661397963404437e-06
2 55 -1.0033294679392458e-03 6.9343070619486590e-06
2 56 -1.1490851203781066e-03 2.0350954874988593e-06
2 57 -1.3622972856444744e-03 -1.4815854431841756e-05
2 58 -1.7398351375557430e-03 -2.1208439555816940e-05
2 59 -2.0520616947482377e-03 -3.3049143666303085e-05
2 60 -2.3113310222800782e-03 1.9234260408514363e-06
2 61 -2.5606586611510757e-03 -1.3996812327874898e-05
2 62 -2.8092102091445441e-03 2.4116521388511825e-06
2 63 -3.1953259246082838e-03 -1.9769048416958722e-05
2 64 -3.6720120852538406e-03 -3.0648010454394710e-05
2 65 -4.3029403169171790e-03 -9.2026614794303801e-07
2 66 -4.9153862580103092e-03 8.2945193028276298e-06
2 67 -5.5354309354867029e-03 4.9052048647304735e-06
2 68 -6.7922257266569671e-03 6.7422359282080370e-05
2 69 -9.4174533874671860e-03 -6.3636661855174137e-07
2 70 -1.6522177983634301e-02 1.6917184146928951e-04
2 71 -3.8035112348599201e-02 3.9536907246667395e-04
3 0 -3.9165519369287569e-02 -1.4327139603104823e-03
3 1 -1.6950068830020804e-02 2.5403731242227759e-04
3 2 -1.0157470909035703e-02 -2.4327243011950693e-04
3 3 -6.4006440910188353e-03 7.2730208836441551e-05
3 4 -4.8768485087567932e-03 1.4039231446386877e-05
3 5 -4.2226071952348636e-03 1.1073913416631464e-05
3 6 -3.1318217715083263e-03 2.9518523311837292e-05
3 7 -2.7906841434996044e-03 6.8947663089442813e-05
3 8 -2.4959458058131947e-03 1.5664621621723501e-05
3 9 -2.0437569792979503e-03 -2.3470610410276484e-06
3 10 -1.8279520518342479e-03 -1.3163372024810856e-05
3 11 -1.5750941991362942e-03 1.5340492112503009e-05
3 12 -1.4204364366099461e-03 -1.9780105202147219e-05
3 13 -1.2687461007074199e-03 -2.4950937720720545e-05
3 14 -1.0830444999675233e-03 -3.7784280391355814e-05
3 15 -8.9196714017067587e-04 -3.5227410374134827e-05
3 16 -7.3788292477323057e-04 3.7456673001309076e-06
3 17 -5.9824087898589535e-04 9.9084737028613222e-06
3 18 -4.8455844495839240e-04 3.8568799538500466e-06
3 19 -4.1354933996264081e-04 6.8341537742697461e-06
3 20 -3.4082357349282173e-04 9.8680465705176713e-07
3 21 -2.6877657124071324e-04 -2.1132457162584062e-06
3 22 -2.1906985033021286e-04 -4.6820113074852320e-06
3 23 -1.7148051708364828e-04 5.2271248654320632e-07
3 24 -1.4045067550390837e-04 6.6617741891056370e-07
3 25 -1.1680896623682860e-04 5.9111402070477713e-07
3 26 -1.0189096924186923e-04 1.2173453732318583e-06
3 27 -8.5631370847628790e-05 -1.6349728146779037e-07
3 28 -7.4490794070960285e-05 4.4348165808480147e-07
3 29 -6.6216506409822135e-05 1.5540055627080843e-07
3 30 -5.8457213928904681e-05 -7.4286236659396552e-07
3 31 -4.7967507142524315e-05 8.5810485632941389e-07
3 32 -3.8007789075475557e-05 -2.9463221665969698e-07
3 33 -3.1890375263577267e-05 -2.2775635352732526e-07
3 34 -2.8209835592405043e-05 5.5054720167672964e-07
3 35 -2.7190578463669969e-05 1.2243603283948833e-07
3 36 -2.9752567187908130e-05 -3.4359780673762627e-07
3 37 -3.4195591515005367e-05 -1.1862640840604281e-06
3 38 -4.0731461609309649e-05 -7.9247761732464554e-07
3 39 -4.6629315209651136e-05 4.4484495836199593e-07
3 40 -5.1787065957113758e-05 -2.8127708254674525e-07
3 41 -5.9053379638551077e-05 -9.4139225117744541e-07
3 42 -6.6686007495425062e-05 -6.4578563373218891e-08
3 43 -7.4326780099850460e-05 -1.3526541376979172e-06
3 44 -8.6589319053650830e-05 -9.7482137035754699e-07
3 45 -9.6378351212120697e-05 -1.2879062007735171e-07
3 46 -1.1235591405984278e-04 1.7662225972029807e-06
3 47 -1.3578504700987747e-04 -5.0449308972336955e-07
3 48 -1.7287333857380591e-04 -1.4500071078269457e-06
3 49 -2.1801065355580489e-04 -3.6709527056481656e-06
3 50 -2.6094537472745518e-04 3.0686554452259507e-06
3 51 -2.9125787440291326e-04 -2.4354576905931490e-07
3 52 -3.4786929356225149e-04 -5.5340456122810512e-06
3 53 -4.1965552946623063e-04 -4.2680374235838965e-07
3 54 -4.9825337477906590e-04 5.9477825629106113e-06
3 55 -5.8309939376910826e-04 8.8107442530804297e-06
3 56 -6.6187016172676041e-04 4.8681410300091232e-07
3 57 -7.8090346351574369e-04 -1.5408316730583735e-05
3 58 -1.0015555761121011e-03 -1.9223920693166836e-05
3 59 -1.1822083488687665e-03 -3.7370086699104401e-05
3 60 -1.3417975224255582e-03 -5.4236980492202907e-06
3 61 -1.4827732151156958e-03 -5.0910693840979943e-06
3 62 -1.6268250185744206e-03 -3.0711378081050220e-06
3 63 -1.8453314420902071e-03 -3.1464788349126643e-05
3 64 -2.1299945008041248e-03 -3.2126159213870214e-05
3 65 -2.4722477654584903e-03 -1.3012771289847093e-05
3 66 -2.8280033622530561e-03 2.6260449165318454e-05
3 67 -3.1940099408423730e-03 -6.8506713627945614e-06
3 68 -3.9082011342457838e-03 7.6844116434094433e-05
3 69 -5.1707803316061538e-03 -2.7911345563725259e-05
3 70 -8.4911588160326568e-03 1.9143256061607218e-04
3 71 -1.6544180928463596e-02 2.8277999885220769e-04
4 0 -1.4564576775417854e-02 -4.7856343799222245e-04
4 1 -7.1157317596940543e-03 6.6282110737257309e-05
4 2 -4.8000872123160959e-03 -2.0487862583670437e-04
4 3 -3.3616465003756999e-03 1.0686221335762365e-05
4 4 -2.5917262476433125e-03 5.6862252502293483e-06
4 5 -2.3264801445881736e-03 2.0759051399598230e-05
4 6 -1.6225669039522160e-03 3.5034029951900101e-05
4 7 -1.5136834739666702e-03 6.7089637550148248e-05
4 8 -1.3798013708655919e-03 -9.6962084535560590e-06
4 9 -1.0873719517403063e-03 -1.5539385317546199e-05
4 10 -9.9219469763636692e-04 -2.7099525605759985e-05
4 11 -8.4836152803058806e-04 4.7918088191252968e-06
4 12 -7.7430078567073389e-04 -1.0565409070961171e-05
4 13 -7.0444594619772775e-04 -2.9314100546794761e-05
4 14 -5.8995883116169916e-04 -3.0506704138763416e-05
4 15 -4.8187802786186346e-04 -2.7427246095908138e-05
4 16 -3.9983044505223877e-04 9.2453451679136015e-06
4 17 -3.2732924523439275e-04 7.5884038700118211e-06
4 18 -2.6154918793408531e-04 5.9491248991057293e-06
4 19 -2.3170160731295590e-04 7.1040717878637023e-06
4 20 -1.8511782798339227e-04 -6.2292406892829057e-07
4 21 -1.4658619962926704e-04 -1.5299239936329171e-06
4 22 -1.2080676520118212e-04 -4.9092220277905163e-06
4 23 -9.1854169537864330e-05 -2.8746053719453467e-07
4 24 -7.6838790260235138e-05 4.7235044845235615e-07
4 25 -6.4476228695982776e-05 1.0022345602402163e-06
4 26 -5.6057542935421477e-05 1.6129878575124045e-06
4 27 -4.6526442852905566e-05 -2.4748698704239228e-07
4 28 -4.0848615814495622e-05 4.0642045698169284e-07
4 29 -3.6401422929937890e-05 3.8230566022370710e-08
4 30 -3.2631204638874497e-05 -6.3821930499830776e-07
4 31 -2.6502299331888799e-05 8.0978139432237292e-07
4 32 -2.0715680804791473e-05 -4.2869359771175213e-07
4 33 -1.7916618527229251e-05 -2.1332425242404415e-07
4 34 -1.5833445289823791e-05 5.0691886001072077e-07
4 35 -1.5008512224481635e-05 2.3612380065019972e-07
4 36 -1.6370506408890161e-05 -5.1716758498597466e-07
4 37 -1.8743901690270769e-05 -1.2467015867077463e-06
4 38 -2.3266743707283647e-05 -7.5850825713626612e-07
4 39 -2.6125413386938868e-05 4.7774261378073165e-07
4 40 -2.8596106355452665e-05 -9.3137048189283512e-08
4 41 -3.1773128522043298e-05 -5.2961196820872086e-07
4 42 -3.6180264068113604e-05 1.2272373816160805e-07
4 43 -4.0435012256697964e-05 -4.6492824402655269e-07
4 44 -4.7118911105361023e-05 -3.9031911239373344e-07
4 45 -5.2531461859302006e-05 -1.0015427543883697e-07
4 46 -6.1232973990443676e-05 1.6610913179459804e-06
4 47 -7.4371858315824322e-05 -2.5122693651900034e-07
4 48 -9.4141723018493104e-05 -9.1950882724302570e-07
4 49 -1.1918287652626659e-04 -2.8273329444278076e-06
4 50 -1.4308621121470740e-04 1.1721462371733005e-06
4 51 -1.5652397801150372e-04 8.2246458340772738e-07
4 52 -1.9194301043268819e-04 -5.7778849929976032e-06
4 53 -2.3156029636426032e-04 -1.3036346329790648e-06
4 54 -2.7080321969203867e-04 3.4055098085767429e-06
4 55 -3.2495182385076753e-04 8.5392498402317710e-06
4 56 -3.6628243012301679e-04 -4.3750994276572912e-07
4 57 -4.3115175268605206e-04 -1.5355904758201432e-05
4 58 -5.6215409066794303e-04 -1.3689053447158505e-05
4 59 -6.5922787433574277e-04 -3.1431399484478007e-05
4 60 -7.5044788008370058e-04 -1.5793022104204259e-05
4 61 -8.1766041714511706e-04 -2.8023108808014879e-06
4 62 -9.0504237855124493e-04 -6.9005453387287102e-06
4 63 -1.0324139874158588e-03 -3.6440889154734354e-05
4 64 -1.1864163569791353e-03 -2.8074600373234098e-05
4 65 -1.3707725473595851e-03 -2.8147135684051292e-05
4 66 -1.5683529202464839e-03 2.1817811773552537e-05
4 67 -1.7834398347580205e-03 -1.8504681887007536e-05
4 68 -2.1510895610306609e-03 7.8685868411375168e-05
4 69 -2.6648748679249309e-03 -2.5351707174863849e-05
4 70 -4.1004860701783661e-03 2.4558299750913003e-04
4 71 -6.9657224021496093e-03 2.7805675429961624e-05
5 0 -5.8797657991622818e-03 -1.4405062401138277e-04
5 1 -3.1184286142637010e-03 9.9233521581320293e-05
5 2 -2.1769609651478700e-03 -1.2570544679757205e-04
5 3 -1.6945640646649869e-03 -6.4036094219952766e-06
5 4 -1.3276424844245989e-03 2.7449988074364371e-06
5 5 -1.2453153753432002e-03 1.8087546844727640e-05
5 6 -7.9288821452613921e-04 1.5452754023998801e-05
5 7 -7.8911844709191558e-04 5.6766697552796678e-05
5 8 -7.4181649761910983e-04 -2.3520488198886921e-05
5 9 -5.5610241673248386e-04 -2.6956180079073541e-05
5 10 -5.2644316953827993e-04 -3.6037294354797929e-05
5 11 -4.3981182523455329e-04 2.2338363115516423e-06
5 12 -4.0579542827308412e-04 -4.8627267991492798e-06
5 13 -3.8146374365494352e-04 -2.4921840720179259e-05
5 14 -3.0340761017513731e-04 -2.5609012285004934e-05
5 15 -2.4942301583690565e-04 -2.1738898636986822e-05
5 16 -2.0994346970190241e-04 8.4993455209229754e-06
5 17 -1.7332196247441439e-04 4.8972707068664740e-06
5 18 -1.3547186607688964e-04 6.9116206090512571e-06
5 19 -1.2839992538301472e-04 6.1523631581644728e-06
5 20 -9.7065480147565960e-05 8.6850252248996202e-08
5 21 -7.7774616210389089e-05 -8.3189511505569177e-07
5 22 -6.4678635104784335e-05 -4.9332215486718846e-06
5 23 -4.7456099543295774e-05 -7.7028597987711047e-07
5 24 -4.0638482410571830e-05 -2.0344807995464420e-07
5 25 -3.4502088284475551e-05 1.3591655307492800e-06
5 26 -2.9851682933512909e-05 1.0455479458161363e-06
5 27 -2.4496771039035100e-05 1.9070531717739435e-07
5 28 -2.1461682312976244e-05 3.0777710004550021e-07
5 29 -1.9427077494616483e-05 2.4853055089978598e-08
5 30 -1.7896740816290812e-05 -6.4987030029700645e-07
5 31 -1.4383138626156935e-05 7.4543452272805697e-07
5 32 -1.0989538283441737e-05 -3.5839933717846133e-07
5 33 -9.8759880178577234e-06 -2.5942658099115886e-07
5 34 -8.6802898544690754e-06 4.2313623707275618e-07
5 35 -7.9743806099258584e-06 2.3839687666943773e-07
5 36 -8.8301022598475710e-06 -5.9497602911377145e-07
5 37 -9.9145914012115316e-06 -1.2548644541305662e-06
5 38 -1.3244050883131410e-05 -7.1224972611860865e-07
5 39 -1.4331104605640721e-05 4.7739768000875835e-07
5 40 -1.5535011496028467e-05 3.0767523938911005e-07
5 41 -1.6397376737650197e-05 -4.3341395073120669e-08
5 42 -1.8999395198674860e-05 -5.2418440588028160e-08
5 43 -2.1676712442908912e-05 1.6454474457913410e-07
5 44 -2.4856184805770957e-05 8.7421147976324708e-08
5 45 -2.8290557398767932e-05 -2.0722246748953224e-07
5 46 -3.2329442556740937e-05 1.3945212335165230e-06
5 47 -3.9059103124360078e-05 -8.5990679732761922e-08
5 48 -4.9243421772583062e-05 -2.9402608096595014e-07
5 49 -6.3974133873256794e-05 -9.4398719410596447e-07
5 50 -7.4636537008495270e-05 -9.0607895566769055e-07
5 51 -8.1475273463226729e-05 4.4460108224898068e-07
5 52 -1.0183258981237835e-04 -4.3377601958140884e-06
5 53 -1.2484411284799162e-04 -3.0300455440437178e-07
5 54 -1.4144079999394164e-04 -1.6528919000722643e-07
5 55 -1.7452182511415229e-04 5.7661196434744112e-06
5 56 -1.9599971554029247e-04 -5.2739671836992055e-07
5 57 -2.3176475821750012e-04 -1.3709084579262802e-05
5 58 -3.1498619937922500e-04 -7.4019099530102104e-06
5 59 -3.6271616240419818e-04 -2.0345028565192806e-05
5 60 -4.0929608576877144e-04 -2.0758943831463807e-05
5 61 -4.3400766417960019e-04 -3.1602246962850720e-06
5 62 -4.8844990864502127e-04 -6.5274970713890514e-06
5 63 -5.6875998872491743e-04 -3.1621448830448577e-05
5 64 -6.4395888424392084e-04 -2.1317120143536154e-05
5 65 -7.4037088323228133e-04 -3.2431205795404103e-05
5 66 -8.5459467568178827e-04 1.1264583918621696e-05
5 67 -9.7058381750853994e-04 -2.3859589680861899e-05
5 68 -1.1355048732908583e-03 5.9584385116915907e-05
5 69 -1.2993723238855059e-03 -3.8108412484003078e-05
5 70 -1.9602209645319911e-03 2.0477613044486885e-04
5 71 -2.7847829252363268e-03 4.9903084189226743e-05
6 0 -2.3103442361192246e-03 2.0760244141614740e-04
6 1 -1.4664698211262603e-03 4.7771098114114259e-05
6 2 -1.0118247620517762e-03 -8.5992924780656756e-05
6 3 -8.1163410924402549e-04 7.0206564698537092e-07
6 4 -6.7633470916065132e-04 1.4204357232770853e-06
6 5 -6.5265617902170408e-04 1.4416661738700442e-05
6 6 -3.6517091143625557e-04 -3.0138811751840925e-06
6 7 -3.8580103029805878e-04 4.4503288372147170e-05
6 8 -3.9118035577072704e-04 -2.7516963735206180e-05
6 9 -2.7064595427773422e-04 -3.8882662615572232e-05
6 10 -2.7715101561188131e-04 -3.8827038961430815e-05
6 11 -2.2460771855050264e-04 2.4642660047512430e-06
6 12 -2.0933864405191683e-04 -4.1318024421564649e-06
6 13 -2.0051991292856748e-04 -1.8517993719406301e-05
6 14 -1.4481894067973447e-04 -1.7278830801098154e-05
6 15 -1.2573033242081917e-04 -1.8303664492507386e-05
6 16 -1.0536384294785370e-04 4.8596997241733619e-06
6 17 -8.8533923107914328e-05 3.0622467117500636e-06
6 18 -6.9185096894408264e-05 7.9128549479258344e-06
6 19 -7.0855230869786245e-05 5.6566125112910451e-06
6 20 -4.7941886013992169e-05 2.1685273726010244e-06
6 21 -4.0400990931198689e-05 7.7656551020564895e-07
6 22 -3.3533237392764970e-05 -4.4289561158895824e-06
6 23 -2.3803437564089676e-05 -5.0261832920955591e-07
6 24 -2.0846930813639907e-05 -8.5524840419453776e-07
6 25 -1.8248734502250700e-05 1.6002221935155458e-06
6 26 -1.5607995426040134e-05 4.0962654677123008e-07
6 27 -1.2405354631460435e-05 7.2849420435331622e-07
6 28 -1.0866983743325348e-05 2.2228484547444970e-07
6 29 -1.0028072020830525e-05 2.1446739000893529e-07
6 30 -9.8354998034222463e-06 -5.8753924552013905e-07
6 31 -7.8326495411095199e-06 7.5247355110952737e-07
6 32 -5.6795403703396188e-06 -2.2141216246648328e-07
6 33 -5.4270986645876616e-06 -2.4148254429669037e-07
6 34 -4.7895277502134054e-06 2.8643266569709259e-07
6 35 -4.0836659367092805e-06 6.7796630226501616e-08
6 36 -4.6552719167527822e-06 -6.1547373784529642e-07
6 37 -5.1366107381753653e-06 -1.2005361263538181e-06
6 38 -7.4972190584276740e-06 -6.5466164831368188e-07
6 39 -7.7040195348702927e-06 2.6972711874909200e-07
6 40 -8.3193579966654469e-06 8.8085321187862072e-07
6 41 -8.3379637285205909e-06 9.2612059036544507e-08
6 42 -9.6248792705477351e-06 -1.8322049596989141e-07
6 43 -1.1645779772554831e-05 3.9412439645152976e-07
6 44 -1.2882280255657453e-05 1.5630802211304713e-07
6 45 -1.5623249087618305e-05 -3.5921951793722867e-08
6 46 -1.6693715060321363e-05 9.0846633398851013e-07
6 47 -1.9659841542020571e-05 1.8668928996748569e-07
6 48 -2.4604025426653279e-05 -2.7422564949729297e-07
6 49 -3.3431047415688142e-05 8.3224698599255726e-07
6 50 -3.6897938681484940e-05 -1.4882424868495939e-06
6 51 -4.1107081472250039e-05 -3.0196012756834219e-07
6 52 -5.2002542131401384e-05 -2.8684602589023393e-06
6 53 -6.5432335951847877e-05 2.1279779281917875e-06
6 54 -7.2754990168140787e-05 -2.1670635940627230e-06
6 55 -9.0195001776463226e-05 3.6333088816924087e-06
6 56 -1.0157783818972881e-04 -7.3645596326562052e-07
6 57 -1.2035575685425773e-04 -1.0411791479328059e-05
6 58 -1.7502015095990854e-04 -4.3691816548800039e-06
6 59 -1.9869303428445093e-04 -1.0039926045217766e-05
6 60 -2.2380990208556944e-04 -2.2216682127229740e-05
6 61 -2.2232867724425033e-04 -1.9842253005577257e-06
6 62 -2.5832098931176828e-04 -5.3619310306022772e-06
6 63 -3.1484589386256709e-04 -2.2187061048339055e-05
6 64 -3.4528792967626523e-04 -1.5218580955337476e-05
6 65 -3.9086826103031569e-04 -3.0309092359671520e-05
6 66 -4.5552870544896462e-04 7.0986439379182681e-06
6 67 -5.1844780948546662e-04 -3.3940978882116543e-05
6 68 -5.7452618497730670e-04 3.2930439521633612e-05
6 69 -5.9792408737374908e-04 -6.0579689892684197e-05
6 70 -9.3242936794686398e-04 1.5942634093546790e-04
6 71 -1.0676726392176707e-03 9.9044724659391490e-05
7 0 -9.3330923486488362e-04 1.6952931592013004e-05
7 1 -7.6844810843169019e-04 -5.9164311112665813e-05
7 2 -5.0226925749390560e-04 -5.8266088711470665e-05
7 3 -3.5988615041864094e-04 -1.5650021646977509e-05
7 4 -3.5458464471850592e-04 2.1138698618149139e-06
7 5 -3.2170096917272337e-04 -2.4909376561844185e-06
7 6 -1.4928554323718083e-04 -9.3284218665633902e-06
7 7 -1.7214354477002229e-04 2.6093061049530417e-05
7 8 -1.9644552088224484e-04 -3.1391910859954043e-05
7 9 -1.2547422875550354e-04 -4.3583871094955607e-05
7 10 -1.4546228275066694e-04 -3.2827836016315369e-05
7 11 -1.1392825934370199e-04 -3.6878739933336703e-06
7 12 -1.0975828176233913e-04 -6.4950185561114895e-06
7 13 -9.8185760003899965e-05 -1.3681610611419939e-05
7 14 -5.9261032391774735e-05 -6.3730671139331580e-06
7 15 -6.1465409670745944e-05 -1.4880336860538329e-05
7 16 -5.2784358955766798e-05 1.3487867773470486e-06
7 17 -4.5392617532424775e-05 2.4419716248655644e-06
7 18 -3.5476862008592114e-05 8.3331017929156270e-06
7 19 -3.9292397864452168e-05 4.4007498613732387e-06
7 20 -2.1286237226953670e-05 3.7148707628658153e-06
7 21 -2.1010791569705454e-05 2.3354720488431355e-06
7 22 -1.6682914970881904e-05 -3.7822673118603168e-06
7 23 -1.1441927015930056e-05 2.4731880813908719e-07
7 24 -9.8443500475324668e-06 -1.0526984975908976e-06
7 25 -9.3086160600578781e-06 1.5569603326402311e-06
7 26 -8.2635693019117178e-06 1.3941656313728817e-07
7 27 -6.0319584832964779e-06 1.1738598673693681e-06
7 28 -5.3779021700715648e-06 4.1170347076062886e-07
7 29 -5.0698835239893701e-06 4.2880010891865043e-07
7 30 -5.5831034907803491e-06 -4.7977960965829356e-07
7 31 -4.2068815878593070e-06 7.9014705793970659e-07
7 32 -2.9659175362951846e-06 -2.4666239345948844e-07
7 33 -2.9122432754807211e-06 -2.0723621356413281e-07
7 34 -2.7188556885037645e-06 1.0297329985136331e-07
7 35 -2.0378578300286917e-06 -4.7927219554606188e-08
7 36 -2.2922893177787030e-06 -4.8074164582760316e-07
7 37 -2.5971703289010387e-06 -1.1555156172454725e-06
7 38 -4.0745421667893707e-06 -3.5051423744004399e-07
7 39 -4.0411036370594140e-06 -7.3748027980173369e-08
7 40 -4.5102532112242321e-06 1.4595972917483034e-06
7 41 -4.4331431562502443e-06 3.1764539271724294e-07
7 42 -4.5909858136344080e-06 -1.9670971033137633e-07
7 43 -6.3178956159881401e-06 5.2790661848090468e-07
7 44 -6.4495733798676507e-06 -3.3457514011807207e-07
7 45 -9.2707367153589848e-06 3.8042645900078212e-07
7 46 -8.3043058703270900e-06 5.4225793985208929e-07
7 47 -9.7503364444848562e-06 3.0269446815735800e-07
7 48 -1.1331902222573431e-05 -5.5542947622716057e-07
7 49 -1.6941265264141476e-05 2.0258598903833120e-06
7 50 -1.7229732539847148e-05 -1.4574690126641755e-06
7 51 -1.9405306210134734e-05 -2.4771353683093953e-07
7 52 -2.5101192781164539e-05 -2.4745204866088894e-06
7 53 -3.3884246635151439e-05 2.5038193065823225e-06
7 54 -3.6118884224162215e-05 -3.1882255640029983e-06
7 55 -4.6204199056399998e-05 2.4145236012136199e-06
7 56 -5.2258264049783252e-05 -3.3111486976091192e-07
7 57 -5.9271115122111810e-05 -6.7377576912154937e-06
7 58 -9.9413402363031584e-05 -3.0716466130405046e-06
7 59 -1.0810882039782250e-04 -4.4193212756399761e-06
7 60 -1.2541465241425970e-04 -1.9480124742516030e-05
7 61 -1.1236035657209339e-04 -3.4238029399626067e-06
7 62 -1.3639657134249979e-04 -5.5605096435439382e-06
7 63 -1.7453134733511709e-04 -9.7229586367444803e-06
7 64 -1.8824763315708099e-04 -1.0824676474809895e-05
7 65 -2.0146522262303674e-04 -3.3219145514613103e-05
7 66 -2.4265254378356071e-04 3.0258467235922874e-06
7 67 -2.7193438479214144e-04 -3.7662400772223845e-05
7 68 -2.7759201953882640e-04 2.3430968890062925e-05
7 69 -2.5425937320043535e-04 -6.4474101782703881e-05
7 70 -4.3834426809164769e-04 1.4034678904520904e-04
7 71 -4.2179647542985488e-04 7.5580989173674738e-05
8 0 -4.2869594130310305e-04 -1.2424843526002366e-05
8 1 -4.0952835459684433e-04 -1.3517702517754239e-04
8 2 -2.6844293901670448e-04 -5.4306741260071145e-05
8 3 -1.4426396297683396e-04 -3.2858441499702882e-05
8 4 -1.9636993683628506e-04 1.8590234235899026e-06
8 5 -1.4653352616802860e-04 -1.8752602238431558e-05
8 6 -5.8825076933424217e-05 -2.0943234785007228e-05
8 7 -5.5770073217617634e-05 1.0338806233613260e-05
8 8 -8.3319878079680872e-05 -3.3847158632867519e-05
8 9 -5.6906427963685933e-05 -3.6560378965879872e-05
8 10 -7.6863455806461814e-05 -2.1377344970864624e-05
8 11 -5.1221334902817497e-05 -4.1299505210653272e-06
8 12 -5.4979661764650934e-05 -6.8675721244171716e-06
8 13 -4.3485824590358879e-05 -1.3804137508207868e-05
8 14 -1.4313368851722428e-05 8.1809367860313838e-07
8 15 -2.6555225013399117e-05 -1.1536565135789056e-05
8 16 -2.7978793885261131e-05 7.4695176107056402e-07
8 17 -2.4449222342694758e-05 2.0605635140041295e-06
8 18 -1.8179577472222862e-05 8.1999369333024662e-06
8 19 -2.2013739847129701e-05 3.1799463003287683e-06
8 20 -8.0536448837469777e-06 4.2829954437046857e-06
8 21 -1.0750497144016189e-05 2.9495656463504160e-06
8 22 -7.6864071835527806e-06 -3.0076292512510471e-06
8 23 -5.3861726474595041e-06 7.9105242157387247e-07
8 24 -4.3190662353478437e-06 -8.6256854202623254e-07
8 25 -4.2586901352118157e-06 1.4995325225390128e-06
8 26 -4.2799356560025996e-06 1.2287986516511490e-07
8 27 -2.7792929080903131e-06 1.3521295393588314e-06
8 28 -2.4586914978980631e-06 4.6282090847086278e-07
8 29 -2.5069102805376157e-06 3.9090254852657600e-07
8 30 -3.0196260268166698e-06 -3.8681940724878367e-07
8 31 -2.2032003207969803e-06 6.3226768660635654e-07
8 32 -1.7486718433536711e-06 -2.4112907899678507e-07
8 33 -1.4002081500376299e-06 -1.0638397390882804e-07
8 34 -1.6039374654890796e-06 -9.4606040830111975e-08
8 35 -9.8621439944922436e-07 -9.0683792978947112e-08
8 36 -9.9468853463131303e-07 -3.7553546641699025e-07
8 37 -1.2050147820589765e-06 -9.4840869394012703e-07
8 38 -2.0032653108798247e-06 -2.5110202605525027e-07
8 39 -1.9262657648036382e-06 -2.6701710304290253e-07
8 40 -2.6841853395886235e-06 1.8041238246306692e-06
8 41 -2.3009694758204746e-06 5.0304187950323548e-07
8 42 -2.0180124871241700e-06 -4.0356827489641205e-07
8 43 -3.3877709682162061e-06 5.3429219717113970e-07
8 44 -2.8031742809508275e-06 -7.7613684294673285e-07
8 45 -5.7167468038062359e-06 7.1869645125411119e-07
8 46 -4.1331699405085403e-06 3.6648133318989457e-07
8 47 -5.2175874233831694e-06 2.8373343286253208e-07
8 48 -4.7068057553521296e-06 -7.7977004443323660e-07
8 49 -8.1020231231553677e-06 2.7963543701133193e-06
8 50 -7.8707973392895140e-06 -1.1512399150409108e-06
8 51 -8.0763201378795511e-06 4.9127036836987188e-08
8 52 -1.2178254957576692e-05 -1.6631814940383818e-06
8 53 -1.6772777577352575e-05 2.6310405614034983e-07
8 54 -1.6747667208351886e-05 -4.2952484183290961e-06
8 55 -2.5268777606532699e-05 -1.2568091032619884e-07
8 56 -2.6556275592323493e-05 6.4723542016835338e-07
8 57 -2.5765443867622089e-05 -5.6227899139265913e-06
8 58 -6.5106380040687406e-05 -3.0571352856639810e-06
8 59 -5.9353028504139403e-05 -1.6090633628786976e-06
8 60 -7.1342164883610125e-05 -1.4317259211025722e-05
8 61 -5.3086126994742569e-05 -3.6323328581558955e-06
8 62 -7.3156111488677044e-05 -9.8460881534275121e-06
8 63 -9.8363755638475423e-05 -2.6677617979774511e-08
8 64 -1.0610376649381865e-04 -5.9818484106768269e-06
8 65 -1.0391907641430783e-04 -3.1102362209571840e-05
8 66 -1.2164019440208669e-04 2.7697407054136313e-06
8 67 -1.4112063446504577e-04 -3.5161260070898117e-05
8 68 -1.2908837561463835e-04 2.5274174119829339e-05
8 69 -8.6065642743540368e-05 -6.2592583617560231e-05
8 70 -1.9514579336246289e-04 1.4265423074303834e-04
8 71 -2.2878270663256027e-04 5.2321827014901551e-05
9 0 -1.3091758989516067e-04 5.6357254336750746e-05
9 1 -2.4502120240862442e-04 -1.6799584088913918e-04
9 2 -1.7619625274488716e-04 -5.7204054356985333e-05
9 3 -2.9993673787685015e-05 -1.8453065612935252e-05
9 4 -1.1350467309723788e-04 -3.5065958555091811e-06
9 5 -6.7473932861630170e-05 -2.4888700473283753e-05
9 6 -2.5166923429538984e-05 -2.8433351977475208e-05
9 7 -3.7605542409889547e-06 2.5025235489259722e-06
9 8 -1.9050710584488398e-05 -2.7266368701813271e-05
9 9 -2.7700887741858796e-05 -2.8597419058975913e-05
9 10 -3.8033393844166020e-05 -8.8088213829780106e-06
9 11 -1.2722035921576207e-05 2.1025476258115584e-06
9 12 -2.1566118795436284e-05 -6.9873922831747779e-06
9 13 -1.6128569005822022e-05 -1.2288245373412222e-05
9 14 7.1618206202833635e-06 7.7450353837903949e-06
9 15 -1.1159397997666876e-05 -7.3892601630591476e-06
9 16 -1.5745133057191698e-05 4.8261682623085056e-07
9 17 -1.3851775299632870e-05 2.7205709238765024e-06
9 18 -9.0912410411824310e-06 6.7854906986099548e-06
9 19 -1.3332759271341346e-05 1.5049470610850907e-06
9 20 -2.4803529413869711e-06 4.5265605870870211e-06
9 21 -5.4519410689575231e-06 2.8599843121818965e-06
9 22 -3.1030458233049324e-06 -2.0354364203873795e-06
9 23 -2.5035154474327810e-06 1.8393888208421081e-06
9 24 -2.3641290846693860e-06 -7.7795860588113056e-07
9 25 -1.5127501853349896e-06 1.6003144994345645e-06
9 26 -2.1133833929310585e-06 3.5166015783493155e-07
9 27 -1.2578320693064593e-06 1.3144796936295238e-06
9 28 -1.1801563342293021e-06 4.9546328133868978e-07
9 29 -1.4062972263374673e-06 3.7974631695237873e-07
9 30 -1.3906920723425989e-06 -3.0910054900908910e-07
9 31 -1.1340369113701871e-06 2.0946532457704190e-07
9 32 -1.2001762371996699e-06 -2.2911614462700186e-07
9 33 -4.9904729069918422e-07 -3.0698656716222577e-08
9 34 -9.7307168047127476e-07 -2.2427557720687503e-07
9 35 -3.0835044538952409e-07 -1.3458462027886107e-07
9 36 -3.0202354219477775e-07 -2.9500320941918356e-07
9 37 -4.6573140913130716e-07 -7.0374424930512258e-07
9 38 -8.1147110607036259e-07 -4.3858153176570529e-07
9 39 -5.3694288120966057e-07 -3.1488910473051485e-07
9 40 -1.7539007945716958e-06 1.6595244483005399e-06
9 41 -1.1902607628484767e-06 6.8913635868255023e-07
9 42 -7.9083213354481964e-07 -5.9132465760368148e-07
9 43 -1.8925601518084248e-06 3.3646562965592307e-07
9 44 -9.1550342408857814e-07 -8.1341709455659772e-07
9 45 -3.5631002375966455e-06 8.3167011282298845e-07
9 46 -2.2866524380452592e-06 1.9312714667040956e-07
9 47 -3.1595643037894893e-06 5.0553099814483530e-07
9 48 -1.3415356651102317e-06 -3.9321196674010843e-07
9 49 -3.9892080918811613e-06 2.0999004887570231e-06
9 50 -2.6796066373040704e-06 -4.3831467040684301e-07
9 51 -2.9497969714527478e-06 6.6566701774698166e-07
9 52 -6.8882796677204056e-06 -1.3355017726991997e-06
9 53 -7.3637642155521664e-06 -1.0350953725899620e-06
9 54 -6.4578765543611934e-06 -5.6435820116942762e-06
9 55 -1.6161567928332749e-05 -1.9345542538754738e-06
9 56 -1.3623794269892133e-05 1.2925199893494567e-06
9 57 -7.5603990231214061e-06 -5.6078531703339202e-06
9 58 -4.8084620294835565e-05 -5.0821463170751498e-06
9 59 -3.1378491813563443e-05 -9.9447182331412167e-07
9 60 -4.0238321550784158e-05 -1.0057393862402245e-05
9 61 -2.8032664670294879e-05 -3.8976970297314351e-06
9 62 -3.6915973982831495e-05 -9.4674831194561271e-06
9 63 -5.7240063882491908e-05 4.8274524679343692e-06
9 64 -6.4686750584914287e-05 -2.9507647579007858e-06
9 65 -5.6875952818933311e-05 -2.1928833925134365e-05
9 66 -4.8896073517330543e-05 6.6238954719922411e-06
9 67 -7.7600780006854017e-05 -2.2854918395903880e-05
9 68 -6.7041198704893208e-05 3.1037618772024661e-05
9 69 -1.1239150785601052e-05 -4.8997487891085150e-05
9 70 -8.6505014832753230e-05 1.3768210577861769e-04
9 71 -1.5652760679750344e-04 2.5109513059897870e-05
10 0 -5.1421469337324343e-05 3.4497996195820543e-05
10 1 -1.8985102605804713e-04 -1.2617187564169371e-04
10 2 -1.4720292651334904e-04 -3.3294005721365991e-05
10 3 1.8326899428296968e-05 3.4681812416081232e-06
10 4 -6.7990613702379230e-05 -8.8908935921603005e-06
10 5 -3.3227840633528599e-05 -3.0932552873137010e-05
10 6 -1.9314037484811104e-05 -3.3248147238035807e-05
10 7 2.3971174309888021e-05 4.8474222212400665e-10
10 8 9.7448864639660853e-06 -2.4171363970736369e-05
10 9 -1.5882699498111660e-05 -2.4838106520234987e-05
10 10 -1.7637604936582395e-05 -2.0462903793733994e-06
10 11 1.0024263032051768e-05 1.0043199029115087e-05
10 12 -6.4735785391218232e-06 -4.4924913230825744e-06
10 13 -7.1761353436449061e-06 -8.1453072243189008e-06
10 14 1.2136593424776267e-05 1.3082504130271517e-05
10 15 -7.0435981144320532e-06 -5.3865706302399532e-06
10 16 -9.2814039612927626e-06 -2.3623122607479247e-07
10 17 -8.4156952784386349e-06 2.5735518798825243e-06
10 18 -4.2184656127400083e-06 5.8028995662175438e-06
10 19 -8.3580511684524507e-06 2.7213882767314982e-07
10 20 -1.9894216413013740e-07 3.5420513582455975e-06
10 21 -3.5520167155161990e-06 1.8566007169214151e-06
10 22 -1.1814330990404481e-06 -9.6300039724244263e-07
10 23 -1.3136893245713405e-06 2.7242127361030595e-06
10 24 -1.9361238492436770e-06 -7.5350471972853445e-07
10 25 -1.4611276421828563e-07 1.8541464610406538e-06
10 26 -1.1054109546742733e-06 8.8299483247829669e-07
10 27 -6.0873457378421787e-07 1.0289420542076381e-06
10 28 -4.9638935400768084e-07 5.3296737894971595e-07
10 29 -7.6188026280964411e-07 4.7200108735548058e-07
10 30 -3.0984853098086833e-07 -4.4191003744780747e-07
10 31 -5.9960155067416608e-07 -1.0373417789614848e-07
10 32 -9.1380398937384965e-07 -1.9658269612836373e-07
10 33 4.6647028129131049e-08 -6.0286165558509879e-08
10 34 -6.6223124269973479e-07 -2.2395484744435653e-07
10 35 1.1336997176148561e-07 -2.1243636115204860e-07
10 36 3.1969323639002695e-08 -1.7896514155581934e-07
10 37 -1.7713949700562659e-07 -6.4128181041788157e-07
10 38 -2.1725498310100824e-07 -4.8660154361333975e-07
10 39 2.8669297549046794e-07 -3.1319835561898662e-07
10 40 -1.2939921164462494e-06 1.3587210747741085e-06
10 41 -5.5624989105882103e-07 7.1528066116439342e-07
10 42 -3.0902537785799417e-08 -6.3684338858200601e-07
10 43 -7.6652391245147186e-07 1.1207713702392201e-07
10 44 -3.7172571452984063e-07 -3.3716099783648405e-07
10 45 -1.9867784052989714e-06 7.2783227614486754e-07
10 46 -1.1883968395146176e-06 5.0011306083084205e-07
10 47 -1.7489108792860204e-06 5.2720571520033366e-07
10 48 1.1419326046021523e-07 4.3210446332005399e-07
10 49 -3.1563753325538459e-06 1.3532724008714670e-06
10 50 1.8086084230257825e-07 -1.5711171516784671e-07
10 51 -9.8036733660782752e-07 9.8131103176840682e-07
10 52 -4.4431786044314938e-06 -1.4416775186897998e-06
10 53 -3.8211774812735238e-06 -7.0759975430148345e-07
10 54 -1.2521629385060409e-06 -5.5052946054130169e-06
10 55 -1.2014319156854301e-05 -2.6995715738049338e-06
10 56 -7.5348071880554956e-06 2.0155468142909565e-06
10 57 1.6767180114443109e-06 -4.3730252775246967e-06
10 58 -3.5629235578381910e-05 -7.1024806337247719e-06
10 59 -1.5988016614361620e-05 -2.7309606597853964e-06
10 60 -1.9640998460253622e-05 -5.3132305212710110e-06
10 61 -1.8274892046679445e-05 -1.1279232690201141e-06
10 62 -1.6045720268955745e-05 -8.0386673746236359e-06
10 63 -3.3246123730521075e-05 9.7988981308288515e-06
10 64 -3.9961632694807785e-05 2.0905088882787918e-07
10 65 -3.2800865837527947e-05 -5.7971583392676005e-06
10 66 -2.2925638805528200e-06 1.1932738526456356e-05
10 67 -4.3550747151906040e-05 -7.1799318345963914e-06
10 68 -4.1776746325665291e-05 2.5815606316169915e-05
10 69 9.2441050991869776e-06 -2.7695605390268631e-05
10 70 -3.8856098952793058e-05 1.4427623928155593e-04
10 71 -1.2305578687725569e-04 -1.8236537893194303e-05
