0 0 -1.1973609863752264e+00 -1.1535122092722589e-19
0 1 -1.7902723336546722e-01 7.6564825695288283e-20
0 2 -6.2187904798786733e-02 1.3977179758925028e-20
0 3 -3.3984135077940035e-02 1.9368907177615976e-21
0 4 -2.4678961300433785e-02 1.7930766868374783e-21
0 5 -1.8812799332006507e-02 -3.6417338270403310e-22
0 6 -1.3353601335491284e-02 1.2672436997001126e-22
0 7 -1.0031692317234414e-02 6.3601332719194106e-22
0 8 -7.5521221146133957e-03 5.1410378432579045e-23
0 9 -6.0023093183618204e-03 6.5143911755073038e-23
0 10 -4.7829783236304456e-03 1.1048819798934054e-22
0 11 -3.8433149631210760e-03 -9.9831866007122128e-23
0 12 -3.2315435004375628e-03 4.7095881419056441e-23
0 13 -2.8063595425719032e-03 4.3314879482037272e-23
0 14 -2.4317698537626091e-03 -2.2178028570811734e-23
0 15 -2.1008068717927354e-03 -2.8715980423559254e-23
0 16 -1.8050202187700299e-03 3.1208572139958953e-23
0 17 -1.5587901431268710e-03 -6.2242490344583923e-23
0 18 -1.3520846662430435e-03 -3.0075356948718210e-24
0 19 -1.1637660848448246e-03 -6.3953878452723282e-23
0 20 -1.0036696918775288e-03 1.9811028609166638e-24
0 21 -8.6092449133846232e-04 9.2321260190767042e-24
0 22 -7.5723713011159371e-04 1.2065951187096996e-24
0 23 -6.4903106195230982e-04 9.9451218440957554e-24
0 24 -5.6385971545637654e-04 1.2177731712854834e-23
0 25 -4.7834599807632924e-04 -1.6223233418402828e-23
0 26 -4.1081178135603258e-04 5.2715187341372389e-24
0 27 -3.5946375983883586e-04 -1.9633718896499075e-24
0 28 -3.1467083027563218e-04 9.0996243917960464e-25
0 29 -2.7634332362212039e-04 6.7123116730802824e-24
0 30 -2.4663152527135243e-04 -7.4460853894220016e-24
0 31 -2.2231167901066561e-04 3.1047082884124066e-25
0 32 -2.0923899710576847e-04 -3.8198656632642420e-24
0 33 -2.0126635760158243e-04 -1.8096567651029182e-24
0 34 -1.9800371069747145e-04 -6.0266971709716843e-24
0 35 -1.9883236122664703e-04 6.3234713592822049e-24
0 36 -2.0069523301513705e-04 2.6138931690803726e-24
0 37 -2.1139422183901244e-04 3.9394479262948392e-25
0 38 -2.2442375109317855e-04 5.7107837107385800e-24
0 39 -2.3662978781664664e-04 -4.3248749780054714e-24
0 40 -2.6115000789213246e-04 2.5672765956326205e-24
0 41 -2.9539747984893519e-04 -1.1124224854062045e-23
0 42 -3.3361133064824635e-04 -1.8532349111850109e-23
0 43 -3.8085056276775515e-04 3.6878669961311548e-25
0 44 -4.3925324785681099e-04 -2.9991835157285800e-24
0 45 -5.1170338245731177e-04 4.7971192582788741e-24
0 46 -6.3433729341490859e-04 -3.1760235793160083e-24
0 47 -7.8895177945844275e-04 -4.0562134233989446e-23
0 48 -9.9890857524866810e-04 -2.4475959321046356e-23
0 49 -1.2702084296840172e-03 -9.2478538823847629e-23
0 50 -1.5794856859954339e-03 5.3595647220669692e-23
0 51 -1.9581609719135631e-03 6.1087050233808066e-23
0 52 -2.4017599879807370e-03 6.9660429033701051e-23
0 53 -2.8501124745469461e-03 1.3806203639785575e-22
0 54 -3.4444188617219623e-03 -7.7270898717709648e-23
0 55 -4.1083335038492310e-03 8.2912266227638270e-23
0 56 -4.8830432442631003e-03 1.5895261336423196e-22
0 57 -5.8395802383527859e-03 1.8918891105663134e-22
0 58 -6.6884160021589457e-03 -2.3552252142835515e-23
0 59 -7.7080081701210047e-03 -1.0198386208273790e-23
0 60 -9.0329822170529626e-03 2.5727472922394359e-25
0 61 -1.0529900990440729e-02 2.8401747121404523e-22
0 62 -1.1845068782836561e-02 3.8163759512501952e-22
0 63 -1.3052589421377060e-02 -8.9530741954313281e-22
0 64 -1.4370359239375295e-02 6.6741406518919717e-22
0 65 -1.6177981874786928e-02 1.0681222282856478e-21
0 66 -1.8350885013225370e-02 1.8552511118780230e-22
0 67 -2.1484875047454617e-02 -7.0576511003518535e-24
0 68 -2.4301935139368225e-02 2.1068935960025637e-21
0 69 -3.0910359735853203e-02 -9.5304954685616352e-22
0 70 -5.2992175775606561e-02 4.3755848888119212e-21
0 71 -1.5582619350164328e-01 -1.2041263776963130e-19
1 0 -3.6703039714291946e-01 -2.6932757813811830e-03
1 1 -1.1087519622013255e-01 -1.1267188844646739e-03
1 2 -4.4026310695611880e-02 -5.0355015001696116e-04
1 3 -2.5321496041374791e-02 -3.0950779166825122e-05
1 4 -1.8725856447013418e-02 7.9223190251116710e-05
1 5 -1.4327844452032236e-02 -1.1164977856030544e-05
1 6 -1.0157223008349111e-02 -7.3786490561336203e-06
1 7 -7.6402477380813211e-03 9.5685555552473311e-06
1 8 -5.7535373635850453e-03 3.1186584589138684e-07
1 9 -4.5909376393145412e-03 8.8987160663277150e-06
1 10 -3.6441464436581883e-03 1.3107890934443742e-05
1 11 -2.9389935119303805e-03 -1.3485734854170882e-05
1 12 -2.4765696776664807e-03 5.3977959845468191e-06
1 13 -2.1410056870816777e-03 6.0150665129483083e-06
1 14 -1.8535152924922418e-03 4.9619444302204982e-07
1 15 -1.6051326223845926e-03 5.6960585441044112e-06
1 16 -1.3814544690525018e-03 8.5667023778656746e-06
1 17 -1.1915397144606067e-03 5.0769684811206787e-06
1 18 -1.0300380613889766e-03 8.4599950745054720e-06
1 19 -8.8878147669946696e-04 4.8120266412690171e-06
1 20 -7.6933642669627707e-04 2.6815172408229704e-06
1 21 -6.6070563866472054e-04 4.4372752103501917e-06
1 22 -5.8142365635811680e-04 7.2296079881829978e-07
1 23 -4.9806271655194090e-04 -7.0162130764271005e-07
1 24 -4.3177151243157266e-04 -3.0271672518224409e-07
1 25 -3.6545687123602159e-04 2.6578675522280730e-06
1 26 -3.1501360501869617e-04 -4.2454745439355353e-07
1 27 -2.7500047889189545e-04 -6.1029599085136316e-07
1 28 -2.4005954330994560e-04 -8.7193040844871025e-07
1 29 -2.1029321107746225e-04 1.1239177540992360e-07
1 30 -1.8835383614720528e-04 -1.4484531565898184e-07
1 31 -1.6980073353611876e-04 -6.5582738566573397e-07
1 32 -1.6034739013428575e-04 2.3383416339421859e-07
1 33 -1.5375117202830844e-04 -3.4722862901588892e-08
1 34 -1.5184154410624720e-04 1.1315133056451879e-07
1 35 -1.5200842223613112e-04 -4.8159658522406083e-07
1 36 -1.5325992736713853e-04 -2.7027965765458482e-07
1 37 -1.6133737841535990e-04 -1.1480448946191170e-07
1 38 -1.7134288102253265e-04 1.5763503238122546e-06
1 39 -1.8086277373407486e-04 8.8712336006691357e-07
1 40 -1.9984407346247484e-04 5.3585770023781064e-07
1 41 -2.2496859385008025e-04 1.4396153174566494e-07
1 42 -2.5411044471835361e-04 -1.3352716127910030e-07
1 43 -2.9127041488074596e-04 7.2128400893389860e-07
1 44 -3.3679103490876324e-04 1.8889898061469770e-07
1 45 -3.9233455721578880e-04 2.1471976960400491e-06
1 46 -4.8479836850666240e-04 4.0212064661602528e-06
1 47 -6.0079892868962188e-04 4.6732405377804845e-06
1 48 -7.6037281684917005e-04 7.7866460803396284e-07
1 49 -9.6966202466550861e-04 2.6522342751142505e-06
1 50 -1.2018610233238847e-03 8.0192037100104205e-06
1 51 -1.4917923195947886e-03 -2.1959178507255529e-07
1 52 -1.8273980546925006e-03 4.4468453872732765e-06
1 53 -2.1644510444556509e-03 -1.7778588733067896e-06
1 54 -2.6319589087272165e-03 -2.3735428812520495e-05
1 55 -3.1377423077630158e-03 -1.3864561771022046e-05
1 56 -3.7274851322313301e-03 -1.5496322637108136e-05
1 57 -4.4588820970858324e-03 9.9695103583631456e-06
1 58 -5.1188525459455302e-03 -3.0088923496331531e-05
1 59 -5.8943027310619407e-03 1.6757744826316044e-05
1 60 -6.8614447842948092e-03 2.3822984901878495e-05
1 61 -8.0271751631295282e-03 6.5280737893938347e-05
1 62 -9.0349450483583893e-03 6.5891742806016250e-05
1 63 -9.9868485472886827e-03 8.4707786992570925e-05
1 64 -1.0949039537521410e-02 -3.6530263512140219e-06
1 65 -1.2361329331653136e-02 -1.3366836063288885e-04
1 66 -1.4030212028471439e-02 1.0280829312146763e-05
1 67 -1.6432204081976348e-02 -1.4994468222422557e-05
1 68 -1.8522678331151714e-02 -2.0529711934847419e-05
1 69 -2.3393681367780375e-02 -1.0789218407999645e-04
1 70 -3.8141795871584255e-02 -4.4320514266909733e-05
1 71 -9.2573609315622668e-02 1.4921484373183272e-04
2 0 -1.1968441564513257e-01 -1.3426593881762528e-03
2 1 -5.3121207204516574e-02 -6.3578082111168392e-04
2 2 -2.4367037311436475e-02 -6.0895687755781072e-04
2 3 -1.5114835170444435e-02 -1.1075481835209417e-04
2 4 -1.1410724378680863e-02 1.1387479824424015e-04
2 5 -8.7650163972588374e-03 -4.1056009037598125e-05
2 6 -6.1760198816768475e-03 -8.0872131322977101e-06
2 7 -4.6946148846131325e-03 -6.5682440450261696e-06
2 8 -3.5516385853319832e-03 1.4334467995146448e-07
2 9 -2.8503172503018723e-03 1.4820089487679049e-05
2 10 -2.2377869271490488e-03 2.3530647731625277e-05
2 11 -1.8298241112483468e-03 -1.6134078456720370e-05
2 12 -1.5488158439386404e-03 6.8700454509747814e-06
2 13 -1.3212864390878864e-03 2.9708172599246407e-06
2 14 -1.1467510660344840e-03 -1.9993852412262464e-07
2 15 -9.9468100551858437e-04 1.0100709043062550e-05
2 16 -8.5980965090740567e-04 1.2273590887415927e-05
2 17 -7.3705464553968964e-04 8.6280159781949967e-06
2 18 -6.3331512064176336e-04 1.1552560785757710e-05
2 19 -5.4909779648820592e-04 6.9127632274082290e-06
2 20 -4.7881321796954988e-04 2.9552981871382516e-06
2 21 -4.1238642518628981e-04 5.3673158522407621e-06
2 22 -3.6474154886221520e-04 -3.2231152988008268e-08
2 23 -3.1225576025763121e-04 -1.7150956573878303e-07
2 24 -2.6888206278511437e-04 -1.4385651818928982e-08
2 25 -2.2607232344921827e-04 4.1272886009068771e-06
2 26 -1.9605824474847736e-04 -8.8785654321264065e-07
2 27 -1.7061442300246327e-04 -1.0737482535511982e-06
2 28 -1.4833269531077330e-04 -1.2563436223355555e-06
2 29 -1.2964287075028391e-04 -4.3572382926123025e-08
2 30 -1.1694704654682407e-04 -3.2693199255957956e-07
2 31 -1.0513527592162022e-04 -6.3749688650465637e-07
2 32 -1.0032971034657462e-04 1.5647589129694466e-07
2 33 -9.5492348228043230e-05 2.2301230809667736e-08
2 34 -9.4612330113109342e-05 3.9492216179749295e-08
2 35 -9.4105151590672125e-05 -3.4200159568977629e-07
2 36 -9.4649389570583713e-05 -1.5935681102552345e-07
2 37 -9.9673353533346213e-05 6.0819464575399274e-08
2 38 -1.0593075213014255e-04 2.1464713576281532e-06
2 39 -1.1193052454069805e-04 1.6092889788926106e-06
2 40 -1.2402748242510857e-04 9.6792047359663468e-07
2 41 -1.3897242117522795e-04 2.8576726282858109e-07
2 42 -1.5690835937197584e-04 -1.5629140204800552e-07
2 43 -1.8042859445108929e-04 1.4322668996995689e-06
2 44 -2.0945396151762972e-04 7.5076240220620558e-07
2 45 -2.4522740071609576e-04 2.9457189549062202e-06
2 46 -3.0068937128518270e-04 4.7413983791362048e-06
2 47 -3.7039292457019475e-04 5.8220648185908764e-06
2 48 -4.6827187930521352e-04 2.7140037817827730e-06
2 49 -5.9965593286027930e-04 3.2210872111987637e-06
2 50 -7.3856187177080809e-04 1.3234824766497995e-05
2 51 -9.1813035648474154e-04 -1.8064301276562586e-06
2 52 -1.1244075463463642e-03 6.2969563207807272e-06
2 53 -1.3223489948992419e-03 -3.7976738805885183e-06
2 54 -1.6337881023318901e-03 -3.5100962725364448e-05
2 55 -1.9399300030467543e-03 -2.1293052646890110e-05
2 56 -2.3061262111954877e-03 -1.0700406061281194e-05
2 57 -2.7679057503021882e-03 3.0159986995217778e-05
2 58 -3.1844636311341504e-03 -3.6079628899459878e-05
2 59 -3.6710810318944134e-03 1.9335817908355184e-05
2 60 -4.2050367862958874e-03 3.3487818539123044e-05
2 61 -4.9426937502868541e-03 8.7489029908841288e-05
2 62 -5.5695012000315279e-03 8.4250708274609320e-05
2 63 -6.2231205434757865e-03 1.2561606466090778e-04
2 64 -6.7761110879651096e-03 -4.6436977627333809e-06
2 65 -7.6623034329797949e-03 -1.9134077969216754e-04
2 66 -8.7381377123837648e-03 1.8552562074035483e-05
2 67 -1.0181258730533408e-02 -3.0163156439045314e-05
2 68 -1.1468831138505237e-02 -3.7956179494457987e-05
2 69 -1.4331439526804414e-02 -1.8126914305592435e-04
2 70 -2.2221679173801905e-02 1.1452866087734444e-04
2 71 -4.4064123883526485e-02 2.4246857914671059e-04
3 0 -4.2890431098571505e-02 1.5267965318178031e-03
3 1 -2.3592922447058115e-02 -4.5314501005276836e-04
3 2 -1.2203268536509158e-02 -6.8219770646666853e-04
3 3 -8.2411256791130108e-03 -1.6637444843365274e-04
3 4 -6.3668682396046490e-03 1.2308890163843480e-04
3 5 -4.9299843189654956e-03 -3.3442636002357417e-05
3 6 -3.4009932958537770e-03 5.0157013960112525e-06
3 7 -2.6392845760528079e-03 -1.7413556370939213e-05
3 8 -2.0225451603647186e-03 1.0192892329410668e-05
3 9 -1.6340977002610878e-03 2.5255407964803325e-05
3 10 -1.2637427888490141e-03 2.5025254485762272e-05
3 11 -1.0573955700339836e-03 -8.5124626481457840e-06
3 12 -9.0147796087084212e-04 6.2714866512668696e-06
3 13 -7.5348350141361256e-04 -6.3347910137827163e-06
3 14 -6.5608798367584582e-04 6.7580732014062794e-07
3 15 -5.6920374761566220e-04 1.5582661019598143e-05
3 16 -4.9714638156570315e-04 9.8061762028049855e-06
3 17 -4.2051798898756803e-04 8.5242715565338904e-06
3 18 -3.5930310637242389e-04 9.7864328097305353e-06
3 19 -3.1360494276024410e-04 7.0642951905116545e-06
3 20 -2.7636322414682188e-04 1.7469222673976449e-06
3 21 -2.3843834798372037e-04 4.0256339366058381e-06
3 22 -2.1265805046426708e-04 -1.4083728349430211e-06
3 23 -1.8248097269539046e-04 6.3436757540411098e-07
3 24 -1.5509215647662158e-04 7.2051000669713809e-07
3 25 -1.2924550382172758e-04 4.8103674925138305e-06
3 26 -1.1221551614924466e-04 -9.2597491542256659e-07
3 27 -9.8051222731292313e-05 -1.2266661290798520e-06
3 28 -8.4917752319149605e-05 -1.4484473594921415e-06
3 29 -7.4263999148815825e-05 -2.8066327685575474e-07
3 30 -6.7726160371302577e-05 -6.0326911687910447e-07
3 31 -6.0396843165882101e-05 -5.1120204312384963e-07
3 32 -5.8578494483500113e-05 6.0622850120350251e-08
3 33 -5.4975593105674025e-05 2.3549125305447242e-07
3 34 -5.4339104795805276e-05 1.7981136281943801e-08
3 35 -5.3610226047089782e-05 -2.4926007303138649e-08
3 36 -5.4166389528070690e-05 2.2350719204653932e-07
3 37 -5.6966314271305773e-05 1.6198691323962145e-07
3 38 -6.0825603359250360e-05 2.2999193250404597e-06
3 39 -6.4272920305545689e-05 2.0768662923413679e-06
3 40 -7.0721162833953070e-05 9.0273325040209360e-07
3 41 -7.9775327172757136e-05 1.2348729221142069e-07
3 42 -8.9754123994623876e-05 8.2125181767508472e-09
3 43 -1.0365898223829685e-04 2.0709854032450609e-06
3 44 -1.1990796404842822e-04 1.1222178185142979e-06
3 45 -1.4194947530588267e-04 2.5273693738546070e-06
3 46 -1.7355063109974645e-04 3.9422688502046226e-06
3 47 -2.1131201170049730e-04 3.5946133124541434e-06
3 48 -2.6816943494627335e-04 4.0017569243088168e-06
3 49 -3.4185696977595965e-04 2.6915030730399330e-06
3 50 -4.1695633186542117e-04 1.6207761068676541e-05
3 51 -5.2240614646338330e-04 -1.6308556480149895e-06
3 52 -6.3604695773531242e-04 7.9969555372926582e-06
3 53 -7.4158280044579728e-04 -7.2784176368908606e-06
3 54 -9.3734755682246048e-04 -3.8884225520385118e-05
3 55 -1.1083145637174191e-03 -2.6789202586998952e-05
3 56 -1.3191795898390185e-03 -2.9921015508296756e-06
3 57 -1.5889324878355267e-03 4.9925382645105048e-05
3 58 -1.8468116306155575e-03 -2.8699906809303768e-05
3 59 -2.1256867674260813e-03 1.1573778835827048e-05
3 60 -2.3733308853512774e-03 4.0827507048802658e-05
3 61 -2.8206805134985804e-03 6.2765967756388846e-05
3 62 -3.1748886257719588e-03 8.8085645088841578e-05
3 63 -3.6232202922222615e-03 1.4715010971031836e-04
3 64 -3.8838808847495511e-03 1.6002656041585538e-05
3 65 -4.3844789796639531e-03 -1.7258464343256882e-04
3 66 -5.0464455931433392e-03 3.3474753728905100e-05
3 67 -5.8123530040684254e-03 -3.4767597394354512e-05
3 68 -6.5920019166569466e-03 -8.4458759863152011e-05
3 69 -8.1394218852540393e-03 -1.9563021138076155e-04
3 70 -1.1922086325562216e-02 1.5038359656565229e-04
3 71 -2.0322723464209592e-02 -2.8651160451909721e-05
4 0 -1.6038774382642933e-02 1.8828555019977675e-03
4 1 -1.0085793212820111e-02 -4.1824577691186961e-04
4 2 -5.8164960283205464e-03 -5.9930357812447660e-04
4 3 -4.2486126601969567e-03 -1.4895984936982867e-04
4 4 -3.3451769530195227e-03 9.0596911690707952e-05
4 5 -2.6456478701629405e-03 -2.3534024233574588e-05
4 6 -1.7569115818199298e-03 1.4350684681109617e-05
4 7 -1.3998865789282030e-03 -8.6116826030891559e-06
4 8 -1.1029645698763821e-03 2.7156306182339823e-05
4 9 -9.0287387100763028e-04 3.0765854541225211e-05
4 10 -6.8640168278843116e-04 2.0491743535292408e-05
4 11 -5.8889272847976006e-04 -1.5777553401836663e-06
4 12 -5.0564618576363516e-04 5.4289536406240494e-06
4 13 -4.1657559720799641e-04 -1.3825141191335098e-05
4 14 -3.6116230606511558e-04 1.8718425120363837e-06
4 15 -3.1065869559964939e-04 1.7174318463945443e-05
4 16 -2.7637973421400767e-04 5.3986178967746768e-06
4 17 -2.3121024154471167e-04 5.1398655674395168e-06
4 18 -1.9395046025079559e-04 6.7048109158665770e-06
4 19 -1.7260373817369428e-04 6.6263113344136801e-06
4 20 -1.5273732387994699e-04 -2.6743092888048586e-07
4 21 -1.3336583585910888e-04 1.7827689460730315e-06
4 22 -1.1937969139747031e-04 -2.1289383207835827e-06
4 23 -1.0338516602090919e-04 1.1681905343313623e-06
4 24 -8.6092881622046216e-05 1.0113026630063565e-06
4 25 -7.0922560461665572e-05 4.6329059265595583e-06
4 26 -6.1386809063876250e-05 -9.3439961411436001e-07
4 27 -5.4340093295198022e-05 -9.9059765906372289e-07
4 28 -4.6276567884064895e-05 -1.5524347997094827e-06
4 29 -4.1612340554536097e-05 -2.4483800868933822e-07
4 30 -3.8139529833871420e-05 -4.6593092955401405e-07
4 31 -3.3793987707235594e-05 -5.6138048286115295e-07
4 32 -3.3220065549127233e-05 5.1934289478577873e-08
4 33 -3.0435932789110627e-05 5.9264099282981636e-07
4 34 -2.9769294252715045e-05 -1.6127361014045101e-07
4 35 -2.9145189184264405e-05 1.4584153774384409e-07
4 36 -2.9981038381483314e-05 4.1712383174103614e-07
4 37 -3.1101910025157429e-05 1.0143909745693455e-07
4 38 -3.3538293220668940e-05 2.1712130266388006e-06
4 39 -3.5622496806021417e-05 2.0535394058725562e-06
4 40 -3.8297914248561401e-05 4.4650445602659133e-07
4 41 -4.4014356664378982e-05 7.6551090928099589e-08
4 42 -4.8890999228466674e-05 2.4223626921688071e-08
4 43 -5.6846777048651692e-05 2.3241242569338278e-06
4 44 -6.5320116240072883e-05 1.3856641052839602e-06
4 45 -7.8549170295005565e-05 1.8663320461679688e-06
4 46 -9.6608861450657899e-05 2.7653959744480714e-06
4 47 -1.1643416553336949e-04 6.3821162563878356e-07
4 48 -1.4835788048540367e-04 3.9902807234711758e-06
4 49 -1.8505299806240494e-04 2.4481874277480232e-06
4 50 -2.2282094545578494e-04 1.7559539828179275e-05
4 51 -2.8415553218926615e-04 -1.6785571052799984e-06
4 52 -3.4555501449768668e-04 1.2547483055505576e-05
4 53 -3.8884325451604359e-04 -7.0740873868903955e-06
4 54 -5.1492680690373444e-04 -3.4191850538221184e-05
4 55 -6.1291806887641786e-04 -2.9970229520144450e-05
4 56 -7.2275103604240169e-04 -2.0737318283046574e-06
4 57 -8.7115232750222958e-04 5.6932559114866571e-05
4 58 -1.0389813130146702e-03 -1.4590793310794947e-05
4 59 -1.1852205872642412e-03 -8.8117413346231012e-06
4 60 -1.2731549461412286e-03 4.2724889715458554e-05
4 61 -1.5603446545154876e-03 3.3650565461461676e-05
4 62 -1.7487890075804581e-03 7.2282715608880174e-05
4 63 -2.0669758790721818e-03 1.4214279586854343e-04
4 64 -2.1440528229320754e-03 3.6232108776453287e-05
4 65 -2.4152778922563842e-03 -1.0559126207582828e-04
4 66 -2.7884661575699665e-03 3.8274282009674090e-05
4 67 -3.1970518678199954e-03 -3.5558194679516656e-05
4 68 -3.6614081298121334e-03 -1.1911024307216400e-04
4 69 -4.4906501422933851e-03 -1.6255464237113694e-04
4 70 -6.1289007806866226e-03 1.1225858549188872e-04
4 71 -9.5456330294838819e-03 -4.5500917206448678e-05
5 0 -6.3582135012363273e-03 1.1803038587577888e-03
5 1 -4.3155965840951781e-03 -3.9036964379298247e-04
5 2 -2.6824784591651181e-03 -3.4312237477228809e-04
5 3 -2.0929752567313410e-03 -6.5352767438924767e-05
5 4 -1.6318163228189867e-03 4.3139497608101908e-05
5 5 -1.3472146089693960e-03 -9.6541682759024993e-06
5 6 -8.6461836496993225e-04 1.4529726972786159e-05
5 7 -7.1078888620444822e-04 3.8453705809899478e-06
5 8 -5.7619874603801445e-04 3.2629780867781699e-05
5 9 -4.8511099051060829e-04 2.7242023699260180e-05
5 10 -3.6449928056305977e-04 1.4736414231196012e-05
5 11 -3.2025137287391796e-04 -2.9094281296581870e-07
5 12 -2.7670233671816689e-04 3.2734511598837692e-06
5 13 -2.2496671547172091e-04 -1.7309439746169843e-05
5 14 -1.9470587378169670e-04 3.1682968711900293e-06
5 15 -1.6426475569140874e-04 1.4608569974999156e-05
5 16 -1.4928336151615406e-04 1.3667762959661885e-06
5 17 -1.2522136757825984e-04 1.3918188754443555e-06
5 18 -1.0071557151961299e-04 3.5501038252217536e-06
5 19 -9.2769950185140468e-05 5.5163465007192357e-06
5 20 -8.2231751358603935e-05 -1.4813855874456942e-06
5 21 -7.3141628508908705e-05 2.4891367158802118e-07
5 22 -6.5366295394578668e-05 -2.6045060376316164e-06
5 23 -5.7164596793281518e-05 1.1853533619088380e-06
5 24 -4.6814345455830326e-05 9.5650034913630302e-07
5 25 -3.7574672887089740e-05 4.3063152022946477e-06
5 26 -3.2407513889087713e-05 -1.2674665156171288e-06
5 27 -3.0007836246335348e-05 -5.7799374464127454e-07
5 28 -2.4184779346270350e-05 -1.3185863647673679e-06
5 29 -2.3160332804731932e-05 2.8084967415016181e-09
5 30 -2.1200030537537421e-05 -1.8942215921992023e-07
5 31 -1.8697587720717848e-05 -6.4097250128517076e-07
5 32 -1.8614756501870497e-05 2.2892165230062552e-07
5 33 -1.6394879531466114e-05 8.7268974231177322e-07
5 34 -1.5960338779743360e-05 -3.9727797676086263e-07
5 35 -1.5179139330143077e-05 8.7162405084708982e-08
5 36 -1.6286549649256915e-05 4.4884145218695427e-07
5 37 -1.6403449990899156e-05 1.0772705484604092e-07
5 38 -1.7887015352598472e-05 2.0016373122415300e-06
5 39 -1.9454064090031886e-05 1.5551632609913520e-06
5 40 -2.0094313551538802e-05 1.0711787815210365e-07
5 41 -2.3270393683097365e-05 1.8465049488506536e-07
5 42 -2.5659176944392131e-05 1.9052149070412747e-07
5 43 -2.9848611532407632e-05 2.1167973121792557e-06
5 44 -3.3947990003509529e-05 1.8343541562401793e-06
5 45 -4.2137502295869611e-05 7.8059962658634480e-07
5 46 -5.1885906601188397e-05 1.7703087423885848e-06
5 47 -6.3815772162970240e-05 -1.0659893894094555e-06
5 48 -8.0307725581676937e-05 3.2855848601848460e-06
5 49 -9.5618673561112584e-05 5.8028037695123223e-07
5 50 -1.1531004732835244e-04 1.6396439953277243e-05
5 51 -1.4716278835618990e-04 -3.1122517999119517e-06
5 52 -1.8346331087049634e-04 1.5700166541519032e-05
5 53 -1.9569538378741460e-04 -3.5765442704422264e-06
5 54 -2.7826118011440117e-04 -2.4281204865666129e-05
5 55 -3.3158314803008514e-04 -2.7882484273622737e-05
5 56 -3.9158496865689390e-04 -9.7891139573934524e-06
5 57 -4.5975577487822593e-04 5.3294959870942131e-05
5 58 -5.7557667294068934e-04 -2.5085077041886671e-06
5 59 -6.3785995981322104e-04 -1.6323503458091205e-05
5 60 -6.5726550619102885e-04 2.8480695546348079e-05
5 61 -8.5847676773518993e-04 1.1340753006390443e-05
5 62 -9.5260689667553834e-04 3.4575361947828351e-05
5 63 -1.1697466597838059e-03 1.0693829506899707e-04
5 64 -1.1517214945769630e-03 3.8946311531384819e-05
5 65 -1.3157113035857605e-03 -5.3574444402260894e-05
5 66 -1.4826116564057796e-03 4.2086525549027999e-05
5 67 -1.7190624440742400e-03 -1.9165774556730376e-05
5 68 -1.9831435698822479e-03 -1.2413218305419891e-04
5 69 -2.4560077919895278e-03 -1.1405950963631590e-04
5 70 -3.0361441226533035e-03 7.6401245073946531e-05
5 71 -4.6656948094312804e-03 -8.1855680495217177e-05
6 0 -2.6269984704737357e-03 7.0512698436932361e-04
6 1 -1.9296337227011932e-03 -6.8507383939227389e-05
6 2 -1.2655566124732112e-03 -1.4189813959332469e-04
6 3 -1.0413854885305330e-03 3.7547669270169840e-05
6 4 -7.5926140470315587e-04 1.3432031175992006e-05
6 5 -6.6384117871598665e-04 -2.6924575319135630e-06
6 6 -4.0697723971877542e-04 1.5348107545694490e-05
6 7 -3.4958818457526139e-04 2.2169586303787977e-05
6 8 -2.9214010698556698e-04 2.7994315785522812e-05
6 9 -2.5482076022947318e-04 2.0375972978055245e-05
6 10 -1.8951050270193766e-04 1.2007257159920544e-05
6 11 -1.7470312608952544e-04 -1.3810487245219552e-06
6 12 -1.5019600545815182e-04 5.2301704796941194e-06
6 13 -1.1761523354249799e-04 -1.8716352448045729e-05
6 14 -1.0373699367567759e-04 3.3564434509376367e-06
6 15 -8.4427231524130674e-05 9.3217279986963510e-06
6 16 -7.8572720312908650e-05 -6.8927044455932661e-07
6 17 -6.8743994498109815e-05 -1.7030741877917055e-07
6 18 -5.0620405389554695e-05 2.1814993435892605e-06
6 19 -4.8895357162672578e-05 4.6443490804267190e-06
6 20 -4.3184533888518436e-05 -8.5618887054035252e-07
6 21 -3.9912480432042043e-05 5.5766118784835089e-08
6 22 -3.5284490644474596e-05 -2.3910751341782908e-06
6 23 -3.1166033812768482e-05 5.3269932343318184e-07
6 24 -2.5306177560051970e-05 1.0681581910437182e-06
6 25 -1.9244402607995147e-05 3.9444780322814716e-06
6 26 -1.6844403260008763e-05 -1.4261763841282506e-06
6 27 -1.6740738118291303e-05 -6.8488403068945886e-07
6 28 -1.2430356314765095e-05 -8.9671825669087191e-07
6 29 -1.3082708031556878e-05 2.3999684332936396e-07
6 30 -1.1775363009355873e-05 1.2634367884328798e-08
6 31 -1.0438616053833757e-05 -5.1430024890149266e-07
6 32 -1.0461346548465975e-05 3.6762890225606659e-07
6 33 -8.3807135945854887e-06 8.6805297564352332e-07
6 34 -8.4177191970190599e-06 -5.7996389124703339e-07
6 35 -7.4281047019519567e-06 7.0724938007194307e-08
6 36 -8.8402574711299233e-06 3.1963602057744029e-07
6 37 -8.3365542384209281e-06 2.2471337957068636e-07
6 38 -9.0682993147289793e-06 1.7403812199117340e-06
6 39 -1.0561980328784915e-05 9.8539326587355328e-07
6 40 -1.0238842131758907e-05 -7.7686599131171073e-08
6 41 -1.1708799154550017e-05 2.0109202188400258e-07
6 42 -1.3084927559677936e-05 1.9239364206109653e-07
6 43 -1.5570758819720690e-05 1.7960905870030977e-06
6 44 -1.6974596132690050e-05 2.1709806498340061e-06
6 45 -2.1807726421728444e-05 -1.5342918935300944e-07
6 46 -2.6968760349341221e-05 1.3088689398709493e-06
6 47 -3.6042721401959089e-05 -2.0280525970539810e-06
6 48 -4.2903245190820635e-05 1.6009601270143709e-06
6 49 -4.7553339215108080e-05 -2.5149593554286577e-06
6 50 -6.0224288925845601e-05 1.2749091789880045e-05
6 51 -7.2917572700582412e-05 -5.3109368649324411e-06
6 52 -9.7049836425454342e-05 1.4117252121686733e-05
6 53 -9.7270533378609152e-05 6.7466094415200013e-07
6 54 -1.5214875738602540e-04 -1.6980167679532169e-05
6 55 -1.7592924079799124e-04 -1.8965371641827869e-05
6 56 -2.1339991335750331e-04 -1.6309547549295949e-05
6 57 -2.3269255892098044e-04 4.5547930157775167e-05
6 58 -3.0880730093492528e-04 6.0512032248801227e-06
6 59 -3.3496186348697788e-04 -1.4306524685398463e-05
6 60 -3.2309566876133848e-04 9.8663394558721047e-06
6 61 -4.8151452781082662e-04 8.3391875485154016e-06
6 62 -5.1072192428965328e-04 8.9759299015008276e-06
6 63 -6.4717606579968272e-04 6.5429807084605311e-05
6 64 -6.0999153776567091e-04 3.3343961803509560e-05
6 65 -7.1752201913558131e-04 -2.8060476405507206e-05
6 66 -7.4577567490210345e-04 4.5693996621853422e-05
6 67 -8.9800962045179179e-04 6.4224616521193488e-07
6 68 -1.0870853758449357e-03 -1.2357550125702979e-04
6 69 -1.3438481926071088e-03 -7.6325106609417758e-05
6 70 -1.4920224708917993e-03 3.4810599588489129e-05
6 71 -2.2115544742214838e-03 -5.0835740508302664e-05
7 0 -1.2139640527945499e-03 5.2428609905275547e-04
7 1 -9.0196475267548433e-04 1.7890972466631870e-04
7 2 -6.2822500430802252e-04 -1.8394575432962920e-05
7 3 -5.0319468748550634e-04 8.2319026157584178e-05
7 4 -3.5933640339827402e-04 8.3013580191039251e-06
7 5 -3.4440658189187112e-04 1.2824054140244620e-05
7 6 -1.8468929438448489e-04 1.2797189983700687e-05
7 7 -1.6524108635599408e-04 3.9849903654025642e-05
7 8 -1.4714801912963987e-04 2.0410252170364294e-05
7 9 -1.2681327900763731e-04 1.4710447184711966e-05
7 10 -9.2174807048481973e-05 1.1120636983825565e-05
7 11 -9.5829581569993654e-05 -1.0385036103423403e-06
7 12 -8.2885302240054737e-05 5.8043199823611337e-06
7 13 -5.9649852905321182e-05 -1.8289086068155980e-05
7 14 -5.5194399083722023e-05 3.7179123282524936e-06
7 15 -4.1873973653369949e-05 5.3376682056439122e-06
7 16 -3.8192087422684072e-05 -2.5437500786728847e-06
7 17 -3.8424386527568202e-05 -8.8736209186348856e-07
7 18 -2.4526193324892457e-05 1.8272175844043829e-06
7 19 -2.3987853876097930e-05 4.1282832664945758e-06
7 20 -2.1821807790503894e-05 -1.1861403909618278e-08
7 21 -2.2009740502108368e-05 8.6464385044464781e-07
7 22 -1.8870000830480545e-05 -1.6362397161072782e-06
7 23 -1.6353050230697955e-05 1.0128008859109332e-07
7 24 -1.3289376694353647e-05 1.0910152173175811e-06
7 25 -9.7058246483210034e-06 3.7657694391534208e-06
7 26 -8.9609013441803289e-06 -1.2091840252061595e-06
7 27 -9.4090618422234461e-06 -8.5908190184964387e-07
7 28 -6.3024009995626907e-06 -3.6844134122533515e-07
7 29 -7.5900865653187993e-06 1.8376621974445030e-07
7 30 -6.6493475492613847e-06 -1.2339462813028431e-07
7 31 -5.8651377151576571e-06 -3.6479500844357372e-07
7 32 -5.7256701360046174e-06 4.7553782447558357e-07
7 33 -4.0645830388020899e-06 9.4524468776312424e-07
7 34 -4.3751767264904013e-06 -5.6850544490278994e-07
7 35 -3.3745596036157548e-06 2.4258888902187521e-07
7 36 -4.8346297232827970e-06 1.6474907353687263e-07
7 37 -4.0265670389149512e-06 2.4398734043997013e-07
7 38 -4.1158100517889432e-06 1.3142220053703598e-06
7 39 -5.8363530574952703e-06 7.8162824784773952e-07
7 40 -5.2033429602338546e-06 -7.5772375171193626e-08
7 41 -5.8517054401647281e-06 6.5046158089598121e-07
7 42 -6.2630890300335336e-06 1.3853855006936864e-07
7 43 -8.7008595138843481e-06 1.4093796855018911e-06
7 44 -8.6045360323110125e-06 2.2868479402908513e-06
7 45 -1.0679795594062223e-05 -1.1833972655349369e-07
7 46 -1.3432087155522443e-05 1.0724350741324817e-06
7 47 -2.1719656611395213e-05 -2.4565306786900293e-06
7 48 -2.2836585163143997e-05 9.3685604218447528e-07
7 49 -2.2918884203550330e-05 -3.3720964438040687e-06
7 50 -3.3189345727304881e-05 1.0033087568432125e-05
7 51 -3.5899915389629409e-05 -5.4788676040560541e-06
7 52 -5.2797172633998516e-05 9.7142764083201796e-06
7 53 -4.7856587919957452e-05 3.8159136684117429e-06
7 54 -8.3926186574028670e-05 -1.3807244088788741e-05
7 55 -8.5476635348530453e-05 -9.0922743824776019e-06
7 56 -1.1726805763137552e-04 -1.8192223517912510e-05
7 57 -1.0998008290729500e-04 3.5110650659518859e-05
7 58 -1.5740322842938651e-04 1.4179436416328886e-06
7 59 -1.7352093040062306e-04 -1.3926879728951526e-05
7 60 -1.4695884792463712e-04 -7.4879897271319845e-06
7 61 -2.6912892726623124e-04 6.9907459982819638e-06
7 62 -2.5798673767613261e-04 7.4945189574744715e-06
7 63 -3.3930364571001481e-04 5.2041919638630315e-05
7 64 -3.0677882757437265e-04 3.0480091311739921e-05
7 65 -4.0148380707365363e-04 -1.5379345009941893e-05
7 66 -3.3963100313953493e-04 4.5843234948085924e-05
7 67 -4.6716105523523913e-04 -9.9217715959519388e-06
7 68 -6.3205561351955305e-04 -1.4455183909126978e-04
7 69 -7.4500537017503480e-04 -5.3886833898169286e-05
7 70 -7.5167808225174153e-04 -4.0271663570248501e-05
7 71 -1.0573715764846893e-03 -1.4376381690807402e-04
8 0 -6.0350768855675348e-04 2.2821480118245991e-04
8 1 -4.3580912129323620e-04 1.1094713658914881e-04
8 2 -3.1953442451651608e-04 7.4374978714038297e-05
8 3 -2.2385287146499768e-04 4.8536762977728690e-05
8 4 -1.7657824001112460e-04 6.9428104476410592e-06
8 5 -2.0687594414028264e-04 7.7983650033412018e-06
8 6 -7.5049884300811700e-05 9.3092792522318343e-06
8 7 -7.6504065947639058e-05 5.1703117116863296e-05
8 8 -7.1200260616839398e-05 1.5883414527796427e-05
8 9 -5.4177957875231620e-05 8.4294887401792734e-06
8 10 -4.1063551954302762e-05 7.7979937160545042e-06
8 11 -5.4655197304417512e-05 -1.3158581284552727e-06
8 12 -4.7617649537268035e-05 5.2868079148671310e-06
8 13 -2.7606672557873871e-05 -1.3368295808272178e-05
8 14 -3.0615808501206648e-05 3.4870801966242021e-06
8 15 -1.9521974821694989e-05 3.0328769115423272e-06
8 16 -1.6378997913182777e-05 -3.8611248538196734e-06
8 17 -2.1887244945037542e-05 -1.6939136164598512e-07
8 18 -1.2037648353047835e-05 1.2072401909873992e-06
8 19 -1.1027156887049004e-05 3.3895919003287182e-06
8 20 -1.0753624183231376e-05 1.1271239302364143e-06
8 21 -1.2376686615048332e-05 1.7477701087205489e-06
8 22 -9.5396288012179796e-06 -1.0837973947177496e-06
8 23 -8.0559823586707647e-06 1.0980931384219997e-07
8 24 -6.5171377013175909e-06 8.0382168554712455e-07
8 25 -5.2303328555114393e-06 3.3314302399758464e-06
8 26 -4.7769247504738016e-06 -5.0937176015846768e-07
8 27 -5.1395634158934536e-06 -1.1732691646134056e-06
8 28 -3.2379599469615471e-06 1.5458821944385845e-07
8 29 -4.6948156836216686e-06 -5.6304487647944622e-08
8 30 -3.8694730783703719e-06 -1.9201025527577962e-07
8 31 -3.1144043250939852e-06 -2.9489283211683927e-07
8 32 -2.8773673958882459e-06 3.5846759452867319e-07
8 33 -1.8903453461350584e-06 9.6590111066008212e-07
8 34 -2.3400498621143442e-06 -6.2464175414337734e-07
8 35 -1.4026414060235744e-06 4.4576454204571109e-07
8 36 -2.8375682720440650e-06 9.2215325862629666e-08
8 37 -1.6768050123350462e-06 1.8659973167137766e-07
8 38 -1.4348306415253606e-06 7.9702018783058252e-07
8 39 -3.5351861121798468e-06 8.9809438915797027e-07
8 40 -2.6458121118378504e-06 2.0112627053213294e-07
8 41 -3.1783016376449648e-06 9.2653002282752588e-07
8 42 -2.5049006467224619e-06 1.4080755169606892e-07
8 43 -5.5246267500637302e-06 9.9038227133064655e-07
8 44 -5.0484068581519161e-06 1.5672909568765572e-06
8 45 -4.6368181091346178e-06 5.9739547220806345e-07
8 46 -6.2091455113456996e-06 1.1793754946738085e-06
8 47 -1.3242028947195350e-05 -1.6145015735114038e-06
8 48 -1.1825154676573680e-05 6.7578764629606430e-07
8 49 -1.1207554596012321e-05 -3.1036630688073798e-06
8 50 -1.7956747652287153e-05 7.3871192129258246e-06
8 51 -1.7626409731961752e-05 -2.2742278808312227e-06
8 52 -2.8662831799910147e-05 3.7856651292345045e-06
8 53 -2.4018630103611268e-05 4.5390048897129632e-06
8 54 -4.6119442198682826e-05 -1.2106294435190393e-05
8 55 -3.5709856755203667e-05 -4.6786984512270508e-06
8 56 -6.9692734226407574e-05 -1.7355642729508388e-05
8 57 -4.6244091547712980e-05 2.4307642129970232e-05
8 58 -8.1382556702667486e-05 -8.6190670442995910e-06
8 59 -8.8561227305694430e-05 -9.7309050895591608e-06
8 60 -5.6013290809104439e-05 -1.6660096305112918e-05
8 61 -1.4223219417141934e-04 -3.0689235330418139e-06
8 62 -1.1213851569608744e-04 8.6971424148315941e-06
8 63 -1.6641739427151231e-04 4.8335889457201540e-05
8 64 -1.3557124478736358e-04 5.0748029777045714e-05
8 65 -2.6032030069087913e-04 -1.0283253095668024e-05
8 66 -1.4030020608902160e-04 3.4063883789068136e-05
8 67 -2.3937018759668860e-04 -6.2383966598014115e-05
8 68 -3.9111926908700045e-04 -1.3724642148542015e-04
8 69 -4.3767880282418782e-04 -6.6628540152264754e-06
8 70 -3.9337792243881482e-04 -8.8906963737054508e-05
8 71 -5.1867311248389003e-04 -1.6592314166710763e-04
9 0 -1.4004249853781799e-04 3.7414000112006925e-05
9 1 -2.2878706672082121e-04 6.7825963955388447e-05
9 2 -1.5674000133338611e-04 9.9021509511313307e-05
9 3 -9.2588337597749820e-05 4.2923065011112266e-06
9 4 -9.7238960114471576e-05 4.0635793663456482e-07
9 5 -1.3118026812507222e-04 3.1615932531479910e-06
9 6 -1.8327927095985291e-05 4.2024357154332386e-06
9 7 -3.9683354047828245e-05 5.1207237838644436e-05
9 8 -3.3987248367413562e-05 1.2194101107365671e-05
9 9 -1.6145241205866694e-05 -2.1511054672039647e-08
9 10 -1.7016214889373034e-05 3.4756072256295416e-06
9 11 -3.4176852158689586e-05 -1.7724660412120296e-06
9 12 -2.9767166774940908e-05 2.8030276104272367e-06
9 13 -8.2420873455523320e-06 -6.5677292475362080e-06
9 14 -1.6875877356068635e-05 1.8607821972568498e-06
9 15 -7.9878601682588996e-06 1.9063994932785788e-06
9 16 -5.7679489146000615e-06 -4.6825200008599250e-06
9 17 -1.3097457564561207e-05 -1.7381157785508899e-07
9 18 -6.5468243104545823e-06 -1.0907698689999581e-06
9 19 -4.9273424722262367e-06 2.1280899430447628e-06
9 20 -5.4550720717329195e-06 2.8318317704012988e-06
9 21 -7.7272451285710151e-06 1.4042959649488088e-06
9 22 -3.6520761221050873e-06 -1.0540073766615201e-06
9 23 -3.6684813423863630e-06 -6.1212567245022436e-08
9 24 -2.3823850590352670e-06 5.3546124709239322e-07
9 25 -3.2192103476178144e-06 2.8630922177119098e-06
9 26 -2.6363319136273716e-06 2.6861282980994376e-08
9 27 -2.3993154586782248e-06 -1.2075245560201765e-06
9 28 -1.6583250066677300e-06 2.9489171792792332e-07
9 29 -2.9029805652509747e-06 -3.5355938384788790e-07
9 30 -2.4321905039853519e-06 -2.2160717843910571e-07
9 31 -1.6092721312375195e-06 -2.6131962847978380e-07
9 32 -1.3534437296859272e-06 1.0330083517494542e-07
9 33 -9.4586060721634138e-07 9.1641890972591466e-07
9 34 -1.2907195531006926e-06 -6.0957540912652460e-07
9 35 -5.7891931048906670e-07 5.7301255595875540e-07
9 36 -1.7686830946414716e-06 1.1575359949504776e-07
9 37 -6.1073320832012393e-07 1.4389336507573674e-07
9 38 -2.9316612595424376e-07 2.8819904182944798e-07
9 39 -2.5181684785408793e-06 1.2483662946379332e-06
9 40 -1.2894140257242583e-06 5.7270602163009454e-07
9 41 -1.9382235055969858e-06 7.8175203873036152e-07
9 42 -4.9513442910497945e-07 1.4967093545383143e-07
9 43 -3.8421419669655981e-06 1.0061107106326297e-06
9 44 -3.2821801489571812e-06 5.9233233769977184e-07
9 45 -1.5989161992811945e-06 7.7744329189553837e-07
9 46 -2.4717543885062448e-06 9.4854479731168449e-07
9 47 -8.0316997908754611e-06 -1.1802855785313367e-06
9 48 -5.2323359728213885e-06 -9.5836359617530563e-07
9 49 -5.2026560460271230e-06 -3.6547347462617954e-06
9 50 -1.0382421495276820e-05 4.4127972593833525e-06
9 51 -8.5742365130417170e-06 9.4344184141451865e-07
9 52 -1.6311430420324830e-05 -6.2498935882099715e-07
9 53 -1.3141498976993535e-05 4.1139075053263992e-06
9 54 -2.5624441526168227e-05 -9.5188111703685084e-06
9 55 -1.3014340862152885e-05 -7.9200146207678452e-06
9 56 -4.4317226702526790e-05 -1.5343865388629085e-05
9 57 -1.4721637901629978e-05 1.6128006806348591e-05
9 58 -4.7469642673980469e-05 -1.5918741150269733e-05
9 59 -4.3770682799067038e-05 -5.7892319072912457e-06
9 60 -1.2265875465544284e-05 -1.5334164085557268e-05
9 61 -6.3758490378303931e-05 -5.2014417448444881e-06
9 62 -4.5218559674093731e-05 -3.4126694561388123e-06
9 63 -6.8834523819639830e-05 3.4836603220994080e-05
9 64 -5.8479539222265045e-05 6.0782374274738502e-05
9 65 -1.8551014032921294e-04 -1.1284805611059951e-05
9 66 -4.8862402272023479e-05 2.9390707232381472e-05
9 67 -1.1145660300759444e-04 -9.5875422280725618e-05
9 68 -2.4054561875702860e-04 -9.2799643556745496e-05
9 69 -2.7284080068526765e-04 3.9320642488133391e-05
9 70 -1.7724434669792369e-04 -6.7381927001735313e-05
9 71 -3.0602538798365293e-04 -1.0628977630730037e-04
10 0 2.1947434469450493e-05 -1.3920794154242031e-05
10 1 -1.8475331976900352e-04 1.9413734620305362e-06
10 2 -7.3386059883351687e-05 7.3571807512380941e-05
10 3 -3.7443989697228055e-05 -1.3382208092379142e-05
10 4 -5.4786159925394651e-05 -4.5548905985668000e-07
10 5 -8.5561966129068053e-05 7.2919430952418633e-08
10 6 3.8787661276173605e-06 -3.2434918659762186e-06
10 7 -2.2997309638756882e-05 3.9903960153899076e-05
10 8 -1.9003711303487767e-05 9.9564130199422428e-06
10 9 -1.2868570345470989e-06 -5.2643903718312949e-06
10 10 -3.2652262929823064e-06 3.5910702025335930e-06
10 11 -1.9136130710169872e-05 -1.1429595028907866e-06
10 12 -1.8078575475294474e-05 3.1562550172302893e-07
10 13 1.8181582757991647e-06 -2.1405542933018631e-06
10 14 -8.6618879727038666e-06 1.1498029608048460e-07
10 15 -3.9626462457158800e-06 1.2752039179346134e-06
10 16 -1.4019608694431722e-06 -5.2419330684958758e-06
10 17 -7.6119701951721075e-06 -3.5381933316937423e-07
10 18 -5.1164511229334926e-06 -3.3283431114033827e-06
10 19 -2.3958134182366286e-06 1.3351693746045888e-06
10 20 -3.6113686891161287e-06 3.6182671900621620e-06
10 21 -5.5868871594461699e-06 -1.2972405929906730e-07
10 22 -8.5098971911030948e-07 -1.1512945136097002e-06
10 23 -1.4749135852684003e-06 6.1459650748110903e-09
10 24 -1.2927496899058803e-07 7.9208657655575252e-07
10 25 -2.1462530006695887e-06 2.7997043397003915e-06
10 26 -1.4136787992820359e-06 3.8255262913857888e-07
10 27 -7.2356893422237263e-07 -1.1141140483083649e-06
10 28 -7.5491659694378383e-07 1.7661327102338021e-08
10 29 -1.6575609861545612e-06 -6.3393451072301326e-07
10 30 -1.5523775367250335e-06 -3.0737879227933670e-07
10 31 -7.5824631863699185e-07 -2.3601303251023541e-07
10 32 -7.1032643714299597e-07 -1.6560008383757827e-07
10 33 -6.3510174059256840e-07 8.1987025421678174e-07
10 34 -8.1669304122618449e-07 -6.5285476871482027e-07
10 35 -8.5662965615820822e-08 6.0295722788371746e-07
10 36 -1.2369730171885854e-06 1.5105262417641527e-07
10 37 -2.7791428428062869e-07 5.3762906403710818e-08
10 38 1.4573670733185510e-08 -1.0835127082271687e-07
10 39 -2.0459569676296718e-06 1.4670833181413168e-06
10 40 -6.6930819326717257e-07 6.8165014373093348e-07
10 41 -1.0308007048123613e-06 8.9561674267581552e-07
10 42 6.0867863427195358e-07 4.2934517695860213e-08
10 43 -2.6601578500553500e-06 9.7341850139837818e-07
10 44 -2.4316858286351673e-06 -5.9748525358085308e-08
10 45 -1.7987871860686464e-07 2.9502594262362685e-07
10 46 -5.8128295344720856e-07 1.4196543160857080e-07
10 47 -4.4453001831074833e-06 -5.7493799990119052e-07
10 48 -1.3123016703162610e-06 -3.9620181017140418e-06
10 49 -7.6771364337589535e-07 -4.0002694967400196e-06
10 50 -6.1846104415170900e-06 2.6130579139731711e-06
10 51 -4.4590709280678793e-06 2.2735027807939052e-06
10 52 -8.7517667460779195e-06 1.0919308712858797e-07
10 53 -6.0809697990345354e-06 1.7978675140549973e-06
10 54 -1.5111956535270931e-05 -1.0073071845395522e-05
10 55 -1.9679641090157186e-06 -1.3210774761393572e-05
10 56 -2.3692439603029630e-05 -7.9975092521366469e-06
10 57 2.2225092250894554e-06 1.2666763289658411e-05
10 58 -2.6958352651544419e-05 -2.4755356484215325e-05
10 59 -2.0908853038319679e-05 -1.6635642156615500e-06
10 60 4.8567535320049376e-06 -1.1045616400004164e-05
10 61 -1.4016499127471175e-05 2.3454073717368346e-06
10 62 -7.3601872110185430e-06 -1.4023285030525425e-05
10 63 -1.7530555577203309e-05 1.4017443710029817e-05
10 64 -3.2553620377393220e-05 4.5322144561646058e-05
10 65 -1.3043055586191234e-04 -3.3071569898022303e-05
10 66 1.4797986104099952e-05 3.4630685877552668e-05
10 67 -4.3561009561349751e-05 -9.2410203912342365e-05
10 68 -1.3753025365985188e-04 -3.4179768155217134e-05
10 69 -1.9110069100193049e-04 6.1589807413600927e-05
10 70 -7.6450483801532271e-05 -3.5848458158181220e-05
10 71 -2.5129824426651972e-04 -1.2003411208476510e-04
