0 0 -1.1961932926958714e+00 2.3528667785020756e-19
0 1 -1.5285693362913266e-01 6.9044653008862598e-20
0 2 -5.9479583403446813e-02 1.6400645574345762e-20
0 3 -3.5601094139980791e-02 -6.3548012830731914e-22
0 4 -2.5127909746889419e-02 8.8312856786425877e-22
0 5 -1.9899467000488117e-02 5.5849150886780208e-22
0 6 -1.6875387933988500e-02 9.3346850717250937e-22
0 7 -1.3743471255554618e-02 9.8364996133654424e-23
0 8 -1.1053034287524483e-02 -3.1367046156969685e-22
0 9 -9.5006205780541978e-03 5.6622110815886748e-22
0 10 -8.2093359859493446e-03 3.1137895788647786e-22
0 11 -6.7587642206523944e-03 -6.0216025898965557e-22
0 12 -5.4782448593019232e-03 1.5922324816793978e-22
0 13 -4.6367612655907288e-03 1.2297417255711378e-22
0 14 -3.8629088984210099e-03 -3.0364145500103189e-23
0 15 -3.2158133196316025e-03 6.1006728798041709e-23
0 16 -2.6092086846445338e-03 -3.2120990328457186e-23
0 17 -2.1446113075354175e-03 -2.1766372366025317e-24
0 18 -1.8945406604455723e-03 9.6849455356219885e-23
0 19 -1.6081464862429575e-03 -1.3343690947012628e-23
0 20 -1.2662651041454160e-03 3.4172044631021179e-23
0 21 -1.0353638527439445e-03 3.6025527987556909e-23
0 22 -9.3027382768948532e-04 9.5930987647763868e-23
0 23 -8.4069324540313119e-04 -2.1915134092471692e-23
0 24 -7.2150421203133507e-04 -2.6232558874225141e-23
0 25 -6.2277474073457956e-04 -2.7920114612931114e-24
0 26 -5.7401328519230820e-04 2.0846732206376970e-23
0 27 -5.2568243797439902e-04 -8.0659472054428803e-26
0 28 -4.8610763451795261e-04 -2.4247483948828950e-24
0 29 -4.5203393611744318e-04 4.7967575468894551e-24
0 30 -4.1109447773213329e-04 -1.0504584875514268e-23
0 31 -3.7673413749295326e-04 -2.3184405725548737e-23
0 32 -3.4882849706755707e-04 -7.6284698639630159e-24
0 33 -3.2496198857082738e-04 -4.7461105386826914e-24
0 34 -3.1586753592073146e-04 1.3850449813019056e-23
0 35 -3.1930113059112599e-04 1.2062985515455723e-23
0 36 -3.2992469719484113e-04 -9.1391522506704819e-24
0 37 -3.5656354097033955e-04 7.7318804428148298e-25
0 38 -3.9270285188060250e-04 1.2504097085815069e-24
0 39 -4.4978737093919515e-04 1.5989169563515738e-23
0 40 -5.1358556053399140e-04 -1.4913917518357770e-24
0 41 -5.7480647004358920e-04 7.1862879641470578e-24
0 42 -6.3606725008912295e-04 4.3347986369295579e-24
0 43 -6.9116790609536011e-04 -2.1889083286054642e-23
0 44 -7.3584767260636002e-04 2.1690887543682952e-23
0 45 -7.9191127214169597e-04 2.2765913972297034e-23
0 46 -8.8520555781943443e-04 -4.2215891455586430e-24
0 47 -1.0084804552731831e-03 -5.9670775003709642e-25
0 48 -1.1687716304858182e-03 6.1653983523433970e-24
0 49 -1.3447888170267154e-03 1.6341152120935596e-24
0 50 -1.5716184943340081e-03 -7.2732603513970253e-23
0 51 -1.8143892666959659e-03 4.8683977993531325e-24
0 52 -2.0473155414111720e-03 -8.7711617854840487e-23
0 53 -2.3187541950246541e-03 4.7073071223878213e-23
0 54 -2.6573158796586015e-03 -1.5548459816065150e-22
0 55 -3.2112497672153076e-03 -7.8553732582112346e-23
0 56 -4.0713879005711499e-03 6.9723160666673863e-23
0 57 -4.9836055175262435e-03 -7.9877643465639315e-23
0 58 -6.0095618688358497e-03 -1.6303302514476682e-22
0 59 -6.9660360161576899e-03 9.8708326968893207e-23
0 60 -8.0125968217954081e-03 -3.5693913844765261e-23
0 61 -8.9007132507053638e-03 -1.9119552002467100e-22
0 62 -9.9149234342464729e-03 6.4674062088846618e-22
0 63 -1.0957455781122057e-02 -1.5003438000308436e-22
0 64 -1.2045368300374767e-02 3.2128193743381921e-22
0 65 -1.3857981942172699e-02 -3.4712323235734850e-22
0 66 -1.6914052480856572e-02 2.1735821210517122e-22
0 67 -2.0351148109768173e-02 1.4989981697147947e-21
0 68 -2.5041525109345420e-02 1.4926266993248601e-21
0 69 -3.4153776777690346e-02 -5.1488948726147471e-21
0 70 -5.8040024007773978e-02 -2.7915034214936996e-22
0 71 -1.5856265473276468e-01 5.5590170699242410e-20
1 0 -3.6132666548516801e-01 9.8635981065072300e-04
1 1 -9.2498366294700360e-02 8.6127890641441926e-04
1 2 -4.2743294730833534e-02 4.8077912965688280e-04
1 3 -2.6854270687738369e-02 6.9779731757829458e-05
1 4 -1.9032981479284023e-02 2.7266685007808637e-05
1 5 -1.5166156033052196e-02 3.9390077136098928e-05
1 6 -1.2869104462035470e-02 -3.4095594319900745e-05
1 7 -1.0490401529224378e-02 -8.7565504715992984e-06
1 8 -8.4627275870545644e-03 -5.0720660003781265e-05
1 9 -7.2854653387913566e-03 -7.1746100246255945e-05
1 10 -6.2659009652512717e-03 1.8010826202231777e-05
1 11 -5.1656457240702907e-03 2.8855039468705533e-05
1 12 -4.1738612036045907e-03 1.6333010327508005e-05
1 13 -3.5436876732868284e-03 2.3724601316795448e-05
1 14 -2.9526101292124060e-03 5.0720576773465760e-06
1 15 -2.4630770662938803e-03 1.4876897202039824e-06
1 16 -1.9952522492899514e-03 5.5481971621372458e-06
1 17 -1.6344839469047785e-03 -1.1999508530125984e-06
1 18 -1.4438395717041774e-03 2.4636404896264065e-06
1 19 -1.2256546969353123e-03 7.9593679615052642e-06
1 20 -9.6451491858588387e-04 -1.1543468177348595e-06
1 21 -7.8874363322400064e-04 -2.4966332380646926e-06
1 22 -7.0878278288209772e-04 1.0999689927500663e-06
1 23 -6.4178746021726035e-04 2.3083407576382918e-06
1 24 -5.5285538835349042e-04 -1.3965327445069665e-07
1 25 -4.7694381506647353e-04 3.4727710933074410e-07
1 26 -4.3933490502709791e-04 6.5456954347847716e-07
1 27 -4.0375614772812798e-04 1.3993095306804492e-06
1 28 -3.7286496009284430e-04 1.6803081105868831e-06
1 29 -3.4642461812850310e-04 -3.5307993139839464e-07
1 30 -3.1450480647196149e-04 2.0619553744410124e-07
1 31 -2.8915296850175789e-04 5.0359408206810606e-07
1 32 -2.6661987034122818e-04 -6.2760818864037722e-07
1 33 -2.4866490252560552e-04 -1.2430506591939653e-06
1 34 -2.4150414201314449e-04 -1.2973387849766475e-06
1 35 -2.4400313762428267e-04 1.5416295419660365e-07
1 36 -2.5247797225811709e-04 -4.0288796439258966e-07
1 37 -2.7176444171560227e-04 -1.5925887326996969e-06
1 38 -2.9939363074114330e-04 -3.6938809341307607e-07
1 39 -3.4377308211712448e-04 1.5656352074435109e-06
1 40 -3.9224028239937225e-04 1.9571266671079948e-07
1 41 -4.3981715900643921e-04 -4.6017253330242316e-07
1 42 -4.8596305834142214e-04 4.5287721461859745e-07
1 43 -5.2646688377604698e-04 1.6886039736156264e-06
1 44 -5.6084752851715631e-04 -5.7880533955688474e-07
1 45 -6.0594719314468776e-04 -2.7817957398651511e-06
1 46 -6.7904361472983989e-04 -2.0706737399626365e-07
1 47 -7.7043496369661249e-04 2.4061537062458351e-06
1 48 -8.9269662620650278e-04 7.9132517375957486e-08
1 49 -1.0273215834490268e-03 3.8110320691039040e-06
1 50 -1.2057258013213814e-03 -3.2504541171312049e-06
1 51 -1.3911208769208973e-03 -3.2647032211549871e-06
1 52 -1.5704211898504685e-03 1.1400554617377385e-05
1 53 -1.7889704781319329e-03 1.6583478436657371e-05
1 54 -2.0379731551629730e-03 1.1473013955906648e-05
1 55 -2.4499134209790799e-03 -2.9747757643618923e-07
1 56 -3.1023643592458182e-03 -3.2243955289498198e-06
1 57 -3.7991487211100168e-03 1.1570893830808506e-05
1 58 -4.6015113380888572e-03 2.9447690285969648e-05
1 59 -5.3220078666370001e-03 1.9220182858117999e-06
1 60 -6.1198228967107660e-03 2.7412784620763907e-05
1 61 -6.8164673689767559e-03 3.2912644741193188e-06
1 62 -7.6128165178016762e-03 -2.3277024212386701e-05
1 63 -8.3962534596174684e-03 9.6453693545034404e-06
1 64 -9.1928097133387506e-03 -3.6953225320699683e-05
1 65 -1.0548598928172869e-02 -3.4291112401173520e-05
1 66 -1.2931629510903476e-02 -6.3227916512145131e-05
1 67 -1.5536231015263106e-02 -6.0158173423129782e-05
1 68 -1.9076897833772651e-02 7.1658465374035254e-06
1 69 -2.5704253107874078e-02 1.8367292478342382e-04
1 70 -4.1758673313123947e-02 3.9200276573212151e-05
1 71 -9.6351723416506996e-02 9.4197649907105290e-04
2 0 -1.1499767248321087e-01 9.1908110644687072e-04
2 1 -4.3605103803805320e-02 8.9849959543438613e-04
2 2 -2.4273505993693330e-02 4.4648850471536194e-04
2 3 -1.6361206984392373e-02 1.1407735764549362e-04
2 4 -1.1626778420044708e-02 4.4580332657905952e-05
2 5 -9.3588441173083192e-03 5.5492174038056112e-05
2 6 -7.9341363512744137e-03 -7.7562877324334939e-05
2 7 -6.4812805783511169e-03 -2.7049621590171812e-05
2 8 -5.2662860613024521e-03 -6.8184122544665953e-05
2 9 -4.5439873512079770e-03 -8.9695848670919796e-05
2 10 -3.8696131202572231e-03 2.8591888349107374e-05
2 11 -3.2005218243278200e-03 4.7144085022704102e-05
2 12 -2.5756058445475308e-03 1.5460562029809239e-05
2 13 -2.2020165537287193e-03 2.8732054275892447e-05
2 14 -1.8328824178505531e-03 2.2125412906944303e-06
2 15 -1.5383911773131627e-03 9.2680930658787956e-07
2 16 -1.2418664215268914e-03 1.0057714125794422e-05
2 17 -1.0094724067735302e-03 -2.0254194216326359e-06
2 18 -8.9073593634446358e-04 -2.9770061114786555e-07
2 19 -7.5604660082746614e-04 1.0023284832571678e-05
2 20 -5.9241645072369623e-04 -2.9414484284351665e-07
2 21 -4.8539789016470398e-04 -4.3978608831566930e-06
2 22 -4.3644524718865619e-04 1.3948209343662133e-06
2 23 -3.9676560345638332e-04 3.3998501355522891e-06
2 24 -3.4421495678654867e-04 3.6503834620323568e-07
2 25 -2.9695231589763461e-04 1.1123204688803735e-06
2 26 -2.7291619199506281e-04 1.4155314573967578e-06
2 27 -2.5360138049806502e-04 1.8285991704767624e-06
2 28 -2.3409253933873140e-04 2.1808636546743977e-06
2 29 -2.1705482300065550e-04 -4.9470299614412389e-07
2 30 -1.9618210385286192e-04 6.8133663453682283e-09
2 31 -1.8102859699834932e-04 1.0671881899832693e-06
2 32 -1.6501798698353713e-04 -7.3345949306077320e-07
2 33 -1.5422655398885168e-04 -1.8789420068224750e-06
2 34 -1.4996336299074654e-04 -1.4744584724516117e-06
2 35 -1.5112622306063788e-04 3.6146587233556997e-07
2 36 -1.5717426166279286e-04 -4.0265694482579345e-07
2 37 -1.6809194739152359e-04 -1.5250425634402874e-06
2 38 -1.8474536095891444e-04 5.6080383620817125e-08
2 39 -2.1342540608018857e-04 2.4463336325178901e-06
2 40 -2.4248718470518352e-04 7.7978774102012808e-07
2 41 -2.7232159598609865e-04 -1.4298602046941146e-06
2 42 -3.0067079306176871e-04 7.1149504007703256e-07
2 43 -3.2378694559636890e-04 1.7510432896036542e-06
2 44 -3.4663239012786679e-04 -9.5291910212515924e-07
2 45 -3.7814680218440559e-04 -2.9231618498944437e-06
2 46 -4.2481455193955919e-04 4.1751142553229299e-07
2 47 -4.7598993535295022e-04 3.5928442707536565e-06
2 48 -5.5227378253463880e-04 -3.5229907390485673e-07
2 49 -6.3758043054372980e-04 3.7540341002655215e-06
2 50 -7.5777544991352031e-04 -5.4771452353392726e-06
2 51 -8.6555560302506863e-04 -4.2862648673051365e-06
2 52 -9.8036547732886260e-04 1.6222790510298346e-05
2 53 -1.1319800292991092e-03 2.4816357895972181e-05
2 54 -1.2731069148698376e-03 1.5365805201319777e-05
2 55 -1.5138294047351206e-03 2.1826203688872974e-06
2 56 -1.9129521614609458e-03 3.2630413379215382e-06
2 57 -2.3473620958432964e-03 1.9333314299343983e-05
2 58 -2.8765594766414506e-03 4.3810785458488407e-05
2 59 -3.3100848743912383e-03 2.8768604303495165e-07
2 60 -3.7930474927524382e-03 3.5403491174929593e-05
2 61 -4.2339014096744350e-03 -7.0232284579876956e-06
2 62 -4.7647703621010659e-03 -2.8287836890477446e-05
2 63 -5.2120400818167073e-03 6.1783038436392679e-06
2 64 -5.6823986406328254e-03 -7.4393747038966661e-05
2 65 -6.4952469612790300e-03 -6.7065958178076619e-05
2 66 -8.0016385493177928e-03 -6.0183417070308394e-05
2 67 -9.6400945178515066e-03 -4.6274146649035950e-05
2 68 -1.1785620178089968e-02 2.0440296569727639e-05
2 69 -1.5619375365645881e-02 3.0033840278600321e-04
2 70 -2.3854395425052469e-02 4.6727274278656355e-05
2 71 -4.4854381077264104e-02 1.3728346673367556e-03
3 0 -3.9398435897865118e-02 1.3278503779219533e-03
3 1 -1.8512371079008043e-02 7.8289535620763514e-04
3 2 -1.2702130535030848e-02 5.3995089732272175e-04
3 3 -9.2187120701111673e-03 1.6730022909456797e-04
3 4 -6.5205045263460153e-03 5.5798156084621509e-05
3 5 -5.3258016813540563e-03 4.2470592576988013e-05
3 6 -4.5179105498744272e-03 -9.1241983402114328e-05
3 7 -3.6771701903376406e-03 -2.6393231857856078e-05
3 8 -3.0357088389102293e-03 -6.1575238830154877e-05
3 9 -2.6122747633417062e-03 -8.4033168026331238e-05
3 10 -2.2123375359526308e-03 3.3375040750303276e-05
3 11 -1.8372550581130128e-03 4.4886659963705406e-05
3 12 -1.4670987378918299e-03 5.6553021416544980e-06
3 13 -1.2681001489104260e-03 2.6796653961687373e-05
3 14 -1.0547864253271516e-03 -5.9973810336130406e-06
3 15 -8.8939111485296645e-04 -3.9158064536650804e-06
3 16 -7.1325018878293288e-04 1.3431150624627126e-05
3 17 -5.7926899348863129e-04 -2.1625661228225020e-06
3 18 -5.0779528325793730e-04 -3.4735427235930573e-06
3 19 -4.3087507936283097e-04 7.8371847459372912e-06
3 20 -3.3309309858599925e-04 1.0885899468712805e-06
3 21 -2.7502914689432259e-04 -4.8732902736723521e-06
3 22 -2.4789944372876054e-04 1.6674333035964191e-06
3 23 -2.2620567539130773e-04 3.2834161002503242e-06
3 24 -1.9761826517967189e-04 1.2292438675772392e-06
3 25 -1.7142660154021336e-04 1.4401799954787246e-06
3 26 -1.5781633361229569e-04 1.6679447083346525e-06
3 27 -1.4828393372716837e-04 2.0277608353455888e-06
3 28 -1.3700718264011600e-04 2.3745691864762476e-06
3 29 -1.2692921995366123e-04 -8.8327233699592778e-07
3 30 -1.1365288843572760e-04 -6.0607861301836075e-07
3 31 -1.0524590690076945e-04 1.7364081280956320e-06
3 32 -9.4470798988980577e-05 -4.9178031866512602e-07
3 33 -8.8300342614842860e-05 -2.0111564283355456e-06
3 34 -8.6274828738330193e-05 -1.1534553243896741e-06
3 35 -8.6540414413831805e-05 2.1581705557332954e-07
3 36 -9.0528854229327815e-05 -2.9391386875275878e-07
3 37 -9.6915208097395994e-05 -9.2154432549850636e-07
3 38 -1.0472902112845212e-04 1.8081621467464062e-07
3 39 -1.2239897229147760e-04 2.7383191960931040e-06
3 40 -1.3843587310110881e-04 1.2399256539377213e-06
3 41 -1.5531986678379335e-04 -2.3370382202573870e-06
3 42 -1.7167624580725929e-04 -1.3181385186287557e-07
3 43 -1.8235519674779914e-04 9.6810332374166457e-07
3 44 -1.9715518770972227e-04 -1.4052893420962890e-06
3 45 -2.1839125250062202e-04 -1.9671439856635372e-06
3 46 -2.4638861583933775e-04 2.2764959779349903e-07
3 47 -2.7211597766308170e-04 3.0948786843834717e-06
3 48 -3.1545858299248893e-04 -1.7970572762952000e-06
3 49 -3.6817552499529647e-04 1.4316727314662433e-07
3 50 -4.4437323721955386e-04 -7.0308281058320306e-06
3 51 -4.9449703584959759e-04 -1.6620008373834386e-06
3 52 -5.6777793806443320e-04 1.5795736260926277e-05
3 53 -6.6883503408694171e-04 2.4468596374898169e-05
3 54 -7.3361825681605194e-04 1.1653590144302716e-05
3 55 -8.6477760665959588e-04 5.9026011402497667e-06
3 56 -1.0870344986938149e-03 8.2022097780683942e-06
3 57 -1.3464816410189550e-03 2.3293480831638312e-05
3 58 -1.6763334877733340e-03 3.9775714200252268e-05
3 59 -1.9187698778737492e-03 5.8174583588966366e-08
3 60 -2.1741150698962376e-03 4.1083722063939130e-05
3 61 -2.4219009597030595e-03 -1.0127261292289796e-05
3 62 -2.7730468417464849e-03 -2.9883613156201094e-05
3 63 -2.9797802579589376e-03 -3.4471268930644753e-06
3 64 -3.2297295015087059e-03 -9.2808760467340748e-05
3 65 -3.6904081100313604e-03 -1.0223115074950689e-04
3 66 -4.5789484777645937e-03 -1.8432851770946868e-05
3 67 -5.5519435776500113e-03 -8.0937015230688568e-06
3 68 -6.6735640357747598e-03 1.1600805131906008e-05
3 69 -8.7848786911423268e-03 3.1289648305920777e-04
3 70 -1.2677435350184290e-02 8.5360645282572543e-05
3 71 -2.0593671839738033e-02 1.1863856324347689e-03
4 0 -1.4980823137874346e-02 1.9063717497136733e-03
4 1 -7.5263180482544505e-03 3.9291596798012160e-04
4 2 -6.3872820649361738e-03 4.8233931294838284e-04
4 3 -4.9310712521326242e-03 1.4603947595895800e-04
4 4 -3.4335247311981158e-03 5.8323105323282597e-05
4 5 -2.8927782604379333e-03 2.2341926540744537e-05
4 6 -2.4871442815646567e-03 -6.8259297054772258e-05
4 7 -1.9680697505819020e-03 -9.5134440483719914e-06
4 8 -1.6849093677915800e-03 -4.4846836489885189e-05
4 9 -1.4406825933886459e-03 -6.9588343606015208e-05
4 10 -1.2140295056618723e-03 3.5658317256255646e-05
4 11 -1.0157972978291315e-03 3.2451643244896338e-05
4 12 -8.0019004008130275e-04 2.7680202360377024e-06
4 13 -6.9236191386526542e-04 1.8965495348649359e-05
4 14 -5.8241053690280954e-04 -1.2092941376954459e-05
4 15 -4.9316487726595490e-04 -6.9398035830826255e-06
4 16 -3.9002646792290899e-04 1.4228142477109334e-05
4 17 -3.2014355154434508e-04 4.1878321770562590e-07
4 18 -2.7531532728138926e-04 -3.2971149319993111e-06
4 19 -2.3602501174498658e-04 4.2871360967907447e-06
4 20 -1.7701840498450067e-04 2.6214831669142433e-06
4 21 -1.4955709368358894e-04 -4.4960730362986834e-06
4 22 -1.3418829458454064e-04 2.2588628066139732e-06
4 23 -1.2416214982289065e-04 2.3828137657652643e-06
4 24 -1.0833008173673843e-04 1.5919926067571765e-06
4 25 -9.5656893612396896e-05 1.5211186467087553e-06
4 26 -8.8831699648968417e-05 1.1558926512590290e-06
4 27 -8.4246860160278202e-05 1.9323981349436677e-06
4 28 -7.7680154305355143e-05 2.9446884338785534e-06
4 29 -7.2013601016532186e-05 -1.1156431968983798e-06
4 30 -6.3865871712623999e-05 -9.7113915597404867e-07
4 31 -5.9285259594677154e-05 2.0867664797558131e-06
4 32 -5.2077617461966732e-05 -3.2831191148881536e-07
4 33 -4.8253756147197692e-05 -1.4349881390749155e-06
4 34 -4.7415607774817107e-05 -5.6514796454460484e-07
4 35 -4.7527396812798902e-05 -7.1551919361169871e-09
4 36 -4.9721089308319204e-05 1.8977719230171799e-08
4 37 -5.4185543107519017e-05 -3.5511272518296239e-07
4 38 -5.6612193906225453e-05 -1.5135471189986060e-07
4 39 -6.7094655611843967e-05 2.4772922782912295e-06
4 40 -7.5441715983308366e-05 1.7466672329501222e-06
4 41 -8.4600572552794763e-05 -2.6717461255839603e-06
4 42 -9.4530824383186787e-05 -5.5616576339440000e-07
4 43 -9.7953059455860566e-05 5.7563217542608021e-07
4 44 -1.0712708785357943e-04 -1.7797012282622472e-06
4 45 -1.2023835177970801e-04 -1.2195788435114607e-06
4 46 -1.3699717367192426e-04 -7.7093828533761290e-07
4 47 -1.5098551289578120e-04 1.4576817252857092e-06
4 48 -1.7286813649475450e-04 -3.6351883959957074e-06
4 49 -2.0547730541532749e-04 -4.1395736552377418e-06
4 50 -2.5152044766009067e-04 -7.3560815619967961e-06
4 51 -2.6911506838103104e-04 1.4930203019716245e-06
4 52 -3.1751684007103482e-04 1.3448488426955748e-05
4 53 -3.8129402191449687e-04 2.0649732476406675e-05
4 54 -4.0600661675752742e-04 7.5547500143195383e-06
4 55 -4.7441106564253622e-04 4.1439403537004026e-06
4 56 -5.9180243528392338e-04 1.1654834058176185e-05
4 57 -7.4219891075245285e-04 2.2207875783305251e-05
4 58 -9.3339764791441145e-04 2.8748675468699399e-05
4 59 -1.0746835289391899e-03 4.8945746952883248e-06
4 60 -1.1892868880135933e-03 4.0189740794018505e-05
4 61 -1.3234035293117289e-03 -3.2175287370670830e-06
4 62 -1.5564228396319438e-03 -2.2922493229981639e-05
4 63 -1.6297086068604142e-03 -2.3020796740159758e-05
4 64 -1.7689603467484472e-03 -8.5273104927090422e-05
4 65 -2.0018106206021870e-03 -1.1024065120477896e-04
4 66 -2.5391311781904962e-03 7.3794835580710086e-06
4 67 -3.0828435651429468e-03 1.6560416657342157e-05
4 68 -3.6193248654194797e-03 1.0502165227423959e-05
4 69 -4.7022959236011170e-03 2.5456774885333793e-04
4 70 -6.5304723558753629e-03 1.4027293331543231e-04
4 71 -9.1592806171525987e-03 6.2621315373606471e-04
5 0 -5.8156261264697036e-03 1.1506528876416772e-03
5 1 -3.1687902492543709e-03 5.8557803532418468e-05
5 2 -3.1044406541501958e-03 2.2570870259328222e-04
5 3 -2.4908179390459033e-03 8.5534137194558446e-05
5 4 -1.7150744525592722e-03 4.8910863120254099e-05
5 5 -1.5220789599756071e-03 2.1043227164945439e-05
5 6 -1.3343891161806882e-03 -3.5567057803486390e-05
5 7 -1.0124456933632902e-03 9.1013616385432283e-06
5 8 -9.2132879921262784e-04 -2.9233740022883114e-05
5 9 -7.8086432802380651e-04 -5.5080938853681004e-05
5 10 -6.4535704244379169e-04 2.2610799990508227e-05
5 11 -5.5432046723319893e-04 1.9290642522696787e-05
5 12 -4.2133131976274807e-04 5.2902975734306286e-06
5 13 -3.6012939887555048e-04 9.2224555417030371e-06
5 14 -3.1531503664274996e-04 -1.6926619765251859e-05
5 15 -2.6574840429749398e-04 -9.0304687902440893e-06
5 16 -2.0547864507922432e-04 1.1927725282454291e-05
5 17 -1.7317375900443519e-04 3.5598640922562484e-06
5 18 -1.4334209002461032e-04 -1.0364361434394077e-06
5 19 -1.2712268529394683e-04 4.1485763048478218e-07
5 20 -9.0779569501401325e-05 4.3045621819671399e-06
5 21 -7.9526194408913132e-05 -4.1227961868052328e-06
5 22 -6.9274118283790993e-05 1.9512708014286212e-06
5 23 -6.7704078290502839e-05 1.2695982397677045e-06
5 24 -5.7153462359453370e-05 1.3388833055057129e-06
5 25 -5.2485103490637307e-05 1.7873825953202620e-06
5 26 -4.9140926223669824e-05 8.1060064970218718e-07
5 27 -4.6624479644469480e-05 1.3399684700708592e-06
5 28 -4.2674647859051072e-05 3.5624963062235529e-06
5 29 -4.0289095360415351e-05 -1.0148052547599021e-06
5 30 -3.5212126358200718e-05 -1.1285702212322416e-06
5 31 -3.2823561047085534e-05 1.8946043556623292e-06
5 32 -2.7848391384851945e-05 -3.1618612876564765e-07
5 33 -2.5363923007644102e-05 -7.2974975208255748e-07
5 34 -2.5183231076056865e-05 -2.1589358865407005e-08
5 35 -2.5378571135576072e-05 -1.2288699920206067e-07
5 36 -2.6388139164870632e-05 4.0305969934083746e-07
5 37 -2.9345646173054108e-05 -3.2495865414942011e-07
5 38 -2.9649355781395546e-05 -2.6428957877959901e-07
5 39 -3.5057051275275069e-05 1.9974318502993447e-06
5 40 -3.9920743457740823e-05 1.9130785828401796e-06
5 41 -4.5006998954586147e-05 -2.7194231707663486e-06
5 42 -5.0895978162844044e-05 -8.2084197418499988e-07
5 43 -5.1484865318706511e-05 8.3732984378730120e-07
5 44 -5.6720457868523822e-05 -2.2088929910193304e-06
5 45 -6.4310991832664907e-05 -9.0663571665630272e-07
5 46 -7.3961690695528826e-05 -1.6256407834898451e-06
5 47 -8.3789498785821518e-05 2.2163491630268659e-08
5 48 -9.1591153895497865e-05 -3.8596940076603211e-06
5 49 -1.1169246413863788e-04 -7.1090204668441390e-06
5 50 -1.3972105914658434e-04 -6.8449015604273188e-06
5 51 -1.4125476327045723e-04 3.5901790160431911e-06
5 52 -1.7360268700730811e-04 1.0383205364259439e-05
5 53 -2.1076425253371868e-04 1.5388039855165096e-05
5 54 -2.1748579447618060e-04 5.7264813266723607e-06
5 55 -2.5552456012826281e-04 8.2583502734345312e-07
5 56 -3.1527235365869262e-04 1.1155373754328304e-05
5 57 -4.0531079437474343e-04 1.9729782470410328e-05
5 58 -5.0657210714252776e-04 2.3380713995055641e-05
5 59 -5.8080896469877381e-04 7.8534096168002236e-06
5 60 -6.2684341221998631e-04 3.3779004610240049e-05
5 61 -7.0381579502981292e-04 1.2324922707912344e-06
5 62 -8.5164925679532730e-04 -2.3936391450401285e-05
5 63 -8.5598693707965930e-04 -3.9627437785890952e-05
5 64 -9.5542251461911158e-04 -6.6079465781505761e-05
5 65 -1.0638767463039831e-03 -9.9210148505876318e-05
5 66 -1.3761204746857139e-03 1.6559347266349420e-05
5 67 -1.6786890442641196e-03 -5.9650591860989536e-06
5 68 -1.9297100955078814e-03 1.4106422433945031e-05
5 69 -2.4082742970080494e-03 1.9054437821446968e-04
5 70 -3.3103027042357424e-03 1.0465840413525103e-04
5 71 -3.9371447090979471e-03 3.4828198820699153e-04
6 0 -2.0368293594844860e-03 5.9747641891268546e-04
6 1 -1.3995900018585648e-03 -6.8872124741398025e-05
6 2 -1.4305751691861147e-03 8.0231610483931553e-05
6 3 -1.1892327686677182e-03 3.0005963412106156e-05
6 4 -8.2019711653651052e-04 3.6648136931947984e-05
6 5 -7.8172798047844157e-04 2.2650140497259248e-05
6 6 -7.0234123727208912e-04 -1.5632908864137828e-05
6 7 -5.0186694852413533e-04 1.6370255451742690e-05
6 8 -5.0127837849055256e-04 -2.7997077175829024e-05
6 9 -4.2422414773036750e-04 -3.4579206394358786e-05
6 10 -3.3256831730340403e-04 4.8818123232556467e-06
6 11 -2.9714240643107371e-04 1.1657118214578457e-05
6 12 -2.2352634137475709e-04 -8.7611964037318647e-07
6 13 -1.8016464557992133e-04 2.6965552740837109e-06
6 14 -1.6545141133980567e-04 -1.5798427158270781e-05
6 15 -1.3631834510971009e-04 -9.5845559473675268e-06
6 16 -1.0497894987238279e-04 8.7868516919345313e-06
6 17 -9.2218084266203895e-05 5.7433091063819385e-06
6 18 -7.2001634752675650e-05 1.5800560390018410e-06
6 19 -6.8496828414328119e-05 -2.8393569863984065e-06
6 20 -4.5064369081424258e-05 4.5932014277017860e-06
6 21 -4.1439414172563183e-05 -3.2283169577345403e-06
6 22 -3.4468368579213079e-05 1.2145224048448785e-06
6 23 -3.6350848086830820e-05 4.3357889107558858e-07
6 24 -2.8946148878377522e-05 5.3167005733626556e-07
6 25 -2.8808585755643167e-05 1.6974965136998356e-06
6 26 -2.7350256771108001e-05 3.4700200865219240e-07
6 27 -2.5135868778810274e-05 2.7038262176082246e-07
6 28 -2.2736736896271942e-05 4.0071401903204296e-06
6 29 -2.2337518220683836e-05 -7.4448135021375886e-07
6 30 -1.8988389880783083e-05 -8.0543689190842001e-07
6 31 -1.8221171296970935e-05 1.3442711955004717e-06
6 32 -1.4420200853404596e-05 -2.7928747321058176e-07
6 33 -1.2760713446446369e-05 -4.3796079292556688e-07
6 34 -1.3040631058303566e-05 9.6704650615384966e-08
6 35 -1.2920291562855427e-05 -5.0519333998067529e-07
6 36 -1.3670923957893444e-05 7.2765172201964040e-07
6 37 -1.5287637029763136e-05 -7.3698718938620626e-07
6 38 -1.5266728846265140e-05 -1.8336527072522450e-07
6 39 -1.7280298543345773e-05 1.3967744220616571e-06
6 40 -2.0582781887889839e-05 1.1250663707524738e-06
6 41 -2.3841305207027716e-05 -2.3782917416062123e-06
6 42 -2.7171805643868016e-05 -8.2770451058322367e-07
6 43 -2.6525563854054933e-05 1.4098783343379319e-06
6 44 -2.9776752011188371e-05 -2.5206411441333859e-06
6 45 -3.3323807426131793e-05 -6.8903132149574551e-07
6 46 -3.9228461023068338e-05 -2.1162166802699008e-06
6 47 -4.6962753471210468e-05 -2.6489775111634081e-07
6 48 -4.6362953117567070e-05 -3.0092511832855676e-06
6 49 -5.8774937140052385e-05 -7.1582781672388140e-06
6 50 -7.7227889064912874e-05 -5.0879318631736529e-06
6 51 -7.5012279905096706e-05 5.2194072422508863e-06
6 52 -9.0285779845857331e-05 7.1787319253071571e-06
6 53 -1.1141096430501662e-04 1.1199330218185602e-05
6 54 -1.1324038005605701e-04 6.1321840641072498e-06
6 55 -1.3918367929214651e-04 -1.2646292092136872e-08
6 56 -1.6540112223028717e-04 4.7564663449918824e-06
6 57 -2.2065160839511132e-04 1.5644977066705932e-05
6 58 -2.6804919570031215e-04 1.9995241900775467e-05
6 59 -3.0217213645570439e-04 7.4942865635741952e-06
6 60 -3.1349926541551131e-04 2.8075049602602737e-05
6 61 -3.6951589400272786e-04 1.6903595066722856e-06
6 62 -4.5607163715730994e-04 -3.0892836927822525e-05
6 63 -4.3034778206676576e-04 -4.6799075249042508e-05
6 64 -5.0692927535989573e-04 -5.6004340240318675e-05
6 65 -5.5707934828099815e-04 -7.6247639810119968e-05
6 66 -7.1464709902069855e-04 1.3962903026376306e-05
6 67 -9.1112398050192706e-04 -2.6940922432408519e-05
6 68 -1.0301963093046727e-03 3.3674560812731991e-05
6 69 -1.1435360728115609e-03 1.7113029563498296e-04
6 70 -1.6686887652586574e-03 1.0436785157549691e-04
6 71 -1.5934479479128229e-03 1.4092932901699177e-04
7 0 -7.2530854893692069e-04 1.2260701121294491e-04
7 1 -6.2240519250499884e-04 -9.0893739271221400e-05
7 2 -6.7192164807316980e-04 8.3210479497129229e-06
7 3 -5.3332148374292702e-04 -5.2057610486374742e-07
7 4 -3.4705954665289611e-04 2.0693579360461942e-05
7 5 -3.9743278415869981e-04 6.2102410714233198e-06
7 6 -3.5077433979070614e-04 -1.5873581590041536e-05
7 7 -2.4718251294599772e-04 1.0951438434695344e-05
7 8 -2.8350376291592135e-04 -2.3784226792886809e-05
7 9 -2.3160625099358882e-04 -1.8181052027965064e-05
7 10 -1.6352888190275530e-04 -5.2813898875623767e-06
7 11 -1.5769280493396098e-04 1.2189608235420832e-05
7 12 -1.2556180824843527e-04 -6.1317618243923710e-06
7 13 -8.6489316363047797e-05 1.8127442818752741e-06
7 14 -8.5963922918178787e-05 -8.5849302817728403e-06
7 15 -6.5746929776597460e-05 -8.0365706171009476e-06
7 16 -5.0077435255474920e-05 6.7187428445455423e-06
7 17 -4.9125793385181420e-05 6.2457161412366722e-06
7 18 -3.4748034454779924e-05 4.5877286519118708e-06
7 19 -4.0163307085992677e-05 -4.5227263267076189e-06
7 20 -2.1623978185157399e-05 3.5419336352151011e-06
7 21 -2.2158342981846039e-05 -1.9933972760606032e-06
7 22 -1.7373252753278520e-05 1.4876743688557175e-06
7 23 -1.8345471712549252e-05 -2.3867061569149161e-07
7 24 -1.3830149491751937e-05 6.8448650476539288e-08
7 25 -1.5640038761077497e-05 1.2879761473700699e-06
7 26 -1.5641646380630876e-05 1.3346388032968367e-07
7 27 -1.3240862248037207e-05 -8.4659716764468743e-07
7 28 -1.1652140057227044e-05 4.0568739950160681e-06
7 29 -1.2156030570728051e-05 -7.3249863275515390e-07
7 30 -1.0074511930589563e-05 -2.9018962243630491e-07
7 31 -1.0048188863544752e-05 1.0361413267073808e-06
7 32 -7.3523654749075162e-06 -3.8476013328547426e-07
7 33 -6.1307881597075738e-06 -2.3847911229381001e-07
7 34 -6.8758323808997587e-06 1.0085251581378821e-07
7 35 -6.1374816498206851e-06 -8.7255158027371989e-07
7 36 -7.0358985985283284e-06 5.0347320140635200e-07
7 37 -7.5481887226008042e-06 -7.9264411331159163e-07
7 38 -8.0218063310884160e-06 -1.5813624008065070e-07
7 39 -8.0717653414716939e-06 9.1623298824052891e-07
7 40 -1.0366516883392198e-05 5.2522485915037560e-07
7 41 -1.2668684762864040e-05 -1.7843264632527542e-06
7 42 -1.4309891867587174e-05 -2.7218952978935047e-07
7 43 -1.2929336579223598e-05 1.6124787900169061e-06
7 44 -1.5051921597350323e-05 -2.8406987474156661e-06
7 45 -1.6266928216340782e-05 -5.4988811246934687e-07
7 46 -2.0846665614774791e-05 -1.8112981951669947e-06
7 47 -2.6782005363774619e-05 -7.1360419161460795e-07
7 48 -2.2550474136134636e-05 -2.1561693768210689e-06
7 49 -2.8584234856850740e-05 -5.3232260352363838e-06
7 50 -4.3489354992419978e-05 -4.1281974669597972e-06
7 51 -4.1354831368993651e-05 6.5349862740767201e-06
7 52 -4.2110774673396084e-05 5.0456124217953729e-06
7 53 -5.5692082260921986e-05 7.5734510430600487e-06
7 54 -5.9184350519696806e-05 5.4499464462686520e-06
7 55 -7.7601245508226736e-05 2.9664550000316005e-07
7 56 -8.9010228421676922e-05 -2.8264712747096477e-06
7 57 -1.1992698790268178e-04 1.2063336940151713e-05
7 58 -1.3731828427180324e-04 1.1244806041382500e-05
7 59 -1.4600973273430406e-04 4.4100468364416203e-06
7 60 -1.5032732223968316e-04 2.6576539561519776e-05
7 61 -1.9420554374139916e-04 -2.4829285450447078e-06
7 62 -2.4071045881804841e-04 -3.1454681170061397e-05
7 63 -1.9966375285133055e-04 -4.8002166059361695e-05
7 64 -2.6686469168455762e-04 -4.5603330581977696e-05
7 65 -2.8767082697085748e-04 -4.8519568273121784e-05
7 66 -3.5930896018563464e-04 6.4464207928063269e-06
7 67 -4.9740460065618192e-04 -2.7584017046318247e-05
7 68 -5.5241643595215482e-04 5.5469497938975690e-05
7 69 -4.9417024791692998e-04 1.3752662159418279e-04
7 70 -8.3544343540641335e-04 1.0299166614576774e-04
7 71 -5.9667668094470772e-04 8.2597363396971920e-05
8 0 -1.8104257101594359e-04 2.2696538731610640e-05
8 1 -2.9473509757280722e-04 -8.5550581347160196e-05
8 2 -3.3522105122580579e-04 -1.0863177633099261e-05
8 3 -2.3888522956503749e-04 -7.5093716478431466e-06
8 4 -1.0964192193740361e-04 3.6018873143364035e-06
8 5 -2.0422259399929923e-04 -3.6545274505960594e-06
8 6 -1.6102425909508706e-04 -4.2847821479821312e-05
8 7 -1.1223448641780897e-04 1.0796136754021008e-05
8 8 -1.7427349867342123e-04 -2.1315698693917466e-05
8 9 -1.2871462560581071e-04 -1.2842269699382383e-05
8 10 -7.1138756442138795e-05 -9.8178469085520611e-06
8 11 -7.8337967664549285e-05 1.5429657699613908e-05
8 12 -7.8586117870013740e-05 -8.5872740339188453e-06
8 13 -3.5123274263022492e-05 5.1780110083398643e-07
8 14 -4.5963600904549664e-05 1.2771729876085330e-06
8 15 -3.0664437898806872e-05 -6.6685195247185811e-06
8 16 -2.1790281594815076e-05 5.9742246470158298e-06
8 17 -2.6088465802013099e-05 5.7064617514348466e-06
8 18 -1.5418408771728347e-05 7.0002716722966888e-06
8 19 -2.8782813894289041e-05 -4.8273816984831527e-06
8 20 -1.0201589104191721e-05 2.3057306545552807e-06
8 21 -1.2908877602110323e-05 -9.4679080139473775e-07
8 22 -8.9576145096047489e-06 1.4178949476763361e-06
8 23 -8.7390543093004706e-06 -1.0265163778644853e-06
8 24 -6.2744919561331780e-06 -7.8487014798207606e-07
8 25 -8.0965516369514078e-06 9.0208816285449335e-07
8 26 -8.7966555044617968e-06 2.3003358807671879e-07
8 27 -6.7830997931656728e-06 -1.5968292651053390e-06
8 28 -5.6244447739293921e-06 3.3795921154948016e-06
8 29 -6.3155831315587707e-06 -1.0939077190338889e-06
8 30 -5.3371298368853742e-06 2.3597677538501835e-07
8 31 -5.5342492963662761e-06 8.8267349868201149e-07
8 32 -3.5512414893167048e-06 -6.2874507798981724e-07
8 33 -2.6896240080159190e-06 -1.1716188363907523e-07
8 34 -3.9087769565010289e-06 -5.5233598162802731e-08
8 35 -2.4083123167954500e-06 -1.0591674718884224e-06
8 36 -3.7217623341888575e-06 1.0248733674361144e-07
8 37 -3.5840442548862071e-06 -8.0469756250987365e-07
8 38 -4.1465455462198083e-06 1.1963503245520375e-08
8 39 -3.6629147427219741e-06 6.1534017560632546e-07
8 40 -5.2259702196812594e-06 9.3814643317626951e-08
8 41 -6.7278065975235149e-06 -1.8337323455709943e-06
8 42 -7.4049505687881816e-06 1.7326727239059137e-08
8 43 -5.7940621804820479e-06 1.8530999277533364e-06
8 44 -7.5307801715652566e-06 -2.4216057061268622e-06
8 45 -6.6061674368906589e-06 -4.7519470738043758e-07
8 46 -1.1127822407230365e-05 -1.3048311236574063e-06
8 47 -1.5716570968207274e-05 -8.1713991027067416e-07
8 48 -1.0870723883768941e-05 -1.4599786998597517e-06
8 49 -1.2007007681887208e-05 -3.7335353606611167e-06
8 50 -2.3360736967549747e-05 -3.4555947344859680e-06
8 51 -2.5298539093065443e-05 5.7760670683076602e-06
8 52 -1.6676509811822252e-05 2.5366905406787624e-06
8 53 -2.6924955871101996e-05 1.6422312901132711e-06
8 54 -3.0615645962981331e-05 2.7562515273788158e-06
8 55 -4.3803637949333910e-05 2.0195201655999023e-06
8 56 -5.2523567133136309e-05 -1.0979530320444040e-05
8 57 -6.2869955390826006e-05 1.2657257830238521e-05
8 58 -7.2835052076257860e-05 -1.7298707383798826e-07
8 59 -5.8375333654818641e-05 -5.5493270161251069e-06
8 60 -7.2625580574648270e-05 2.4160589194506012e-05
8 61 -9.6903331078396730e-05 -5.0565535398382536e-06
8 62 -1.3295597516581063e-04 -2.5350204025283491e-05
8 63 -8.4160261046779090e-05 -4.2060131643938738e-05
8 64 -1.3850846620569077e-04 -3.9464945791513053e-05
8 65 -1.5164704633996380e-04 -2.6722074324871974e-05
8 66 -1.8578422322281670e-04 4.1078613494197340e-06
8 67 -2.6363189410499296e-04 -6.8441236535301659e-06
8 68 -3.1838173616503259e-04 4.2166369375831411e-05
8 69 -1.8085793914793692e-04 8.5278861059009635e-05
8 70 -4.1422841003060820e-04 5.6312234586605836e-05
8 71 -8.8361609695540612e-05 1.5844004000177816e-04
9 0 -2.2432979525655548e-05 -8.5783699345340673e-05
9 1 -1.4350883803278825e-04 -4.0066598334340284e-05
9 2 -1.4261782872660876e-04 -8.2539758388247923e-06
9 3 -8.9474305305263307e-05 -1.2402426942553914e-05
9 4 -4.0350457317684311e-06 -1.1841674906435093e-05
9 5 -1.1531036684022175e-04 -3.0239213776156569e-06
9 6 -6.4646194300429537e-05 -6.2815015285467486e-05
9 7 -2.9662460856793735e-05 6.6952859239193009e-06
9 8 -1.1538141811850119e-04 -5.5147540107138759e-06
9 9 -6.9815780419916294e-05 2.0589707143714129e-06
9 10 -3.1149628645008095e-05 -1.2265026568853891e-05
9 11 -3.0897590304596171e-05 2.0162880484690411e-05
9 12 -5.3426598683827651e-05 -3.2104409141734276e-06
9 13 -8.6915851779013140e-06 3.5342533903417480e-06
9 14 -2.6562878025833342e-05 8.5455745402202247e-06
9 15 -1.2737451820104263e-05 -6.9946756429042158e-06
9 16 -8.3003787862823780e-06 5.5811296512671770e-06
9 17 -1.3379054306354071e-05 4.0589565511890858e-06
9 18 -5.2041800675347504e-06 6.5646688508785005e-06
9 19 -2.3233329863870816e-05 -4.0017256592110791e-06
9 20 -4.2573493492160129e-06 7.5427454724311616e-07
9 21 -8.5999797714559970e-06 -1.9794679550150657e-07
9 22 -4.1831100113038339e-06 6.8918912979092163e-07
9 23 -3.2841319649922558e-06 -5.2511269670339867e-07
9 24 -2.6611972995844088e-06 -1.3968231646525581e-06
9 25 -3.3751813634180876e-06 2.9640579531296924e-07
9 26 -5.1893905466791358e-06 5.2190338700443404e-07
9 27 -3.2051843608369904e-06 -1.7868248349620855e-06
9 28 -2.7572046963742367e-06 2.3863430742905726e-06
9 29 -3.3560342066144681e-06 -1.3748930280672712e-06
9 30 -2.6395979381730095e-06 4.6078777153055147e-07
9 31 -3.1384816184143924e-06 1.0842452137444095e-06
9 32 -1.4161324513434629e-06 -7.1694883198161607e-07
9 33 -1.1581742554385234e-06 5.9759130416383776e-08
9 34 -2.1678527753465707e-06 -1.3051887042984382e-07
9 35 -4.7672587928916931e-07 -9.4796071427046214e-07
9 36 -2.0359480385968739e-06 -1.8578086132832671e-07
9 37 -1.8177225055866760e-06 -8.5384186162728942e-07
9 38 -2.1845938567556681e-06 3.4660423081811089e-07
9 39 -1.4487199262794934e-06 6.9940860612253625e-07
9 40 -2.3342454353672872e-06 -1.6933624959385885e-07
9 41 -3.9017130546466677e-06 -1.9477568256102281e-06
9 42 -3.5149968847198882e-06 1.3684131724258882e-07
9 43 -2.4597106725316391e-06 2.0240731568258434e-06
9 44 -3.1585833283170684e-06 -2.3434242293196253e-06
9 45 -1.2529488778072324e-06 -7.0763563853738609e-07
9 46 -6.0865689685346120e-06 -7.1795849317562693e-07
9 47 -9.5961976308059152e-06 -5.2390127589686066e-07
9 48 -4.6936725655533708e-06 -1.0953103580011486e-06
9 49 -2.5498277008377074e-06 -1.7299186594232244e-06
9 50 -1.1242896336820523e-05 -3.3399435117742376e-06
9 51 -1.7385423679679404e-05 4.3829087125565543e-06
9 52 -5.5063575267631401e-06 6.3198977253375400e-07
9 53 -1.2542091210703622e-05 -4.2974852686743732e-06
9 54 -1.5401148041839526e-05 7.1412337777867714e-07
9 55 -2.6809814008728522e-05 4.8448224653462453e-06
9 56 -3.2667573346541391e-05 -1.8519130770233214e-05
9 57 -2.8118525698252169e-05 1.4997173696868712e-05
9 58 -4.5924761962511481e-05 -7.2226479601780036e-06
9 59 -1.5344276286287195e-05 -1.4878373190010638e-05
9 60 -4.0912318884686463e-05 2.2179433045810683e-05
9 61 -3.7736675344922515e-05 -4.1241391772490567e-06
9 62 -8.2617246751833767e-05 -1.2512158051488302e-05
9 63 -3.6135873653208499e-05 -2.8108931811968358e-05
9 64 -7.1304107519158961e-05 -2.1711832911234577e-05
9 65 -7.8949983419442619e-05 -1.6672440427884591e-05
9 66 -1.0111740651671805e-04 5.6158431114897272e-06
9 67 -1.3678630497000819e-04 1.8396753132946420e-05
9 68 -1.8682995859335905e-04 1.9068941908137733e-05
9 69 -2.9480079237106242e-05 4.6087018404131830e-05
9 70 -2.1200796862600843e-04 9.1251973838242018e-06
9 71 1.7269184162389632e-04 2.3219351378490045e-04
10 0 -1.2592145143184932e-04 -8.6754839374055657e-05
10 1 -3.3059998638064633e-05 7.4693275509962132e-06
10 2 -2.6536582304362652e-05 -7.8066916049627632e-07
10 3 -1.8320058251385321e-05 -1.6799547744535688e-05
10 4 4.4930856817713105e-05 -2.4321542490462152e-05
10 5 -7.3047962982773323e-05 1.1854306634474175e-05
10 6 -2.0006545171721838e-05 -6.8406586785895205e-05
10 7 5.1121808637400761e-06 1.5095971687709419e-05
10 8 -7.1918029809945336e-05 3.2433905112125415e-06
10 9 -4.3709905810546021e-05 1.9142796148891863e-05
10 10 -1.6268365180526881e-05 -1.2221121816018908e-05
10 11 -8.7389245909159788e-06 1.7572450179419140e-05
10 12 -3.1208845201815833e-05 -1.2936413435571926e-06
10 13 1.9564850444523670e-06 9.4021656307929562e-06
10 14 -1.6221337231415254e-05 9.3007771249087465e-06
10 15 -5.8620080342732927e-06 -5.5860155922173675e-06
10 16 -2.4088914683437445e-06 5.8198878394853156e-06
10 17 -6.0026817545414860e-06 2.3766707686071510e-06
10 18 -2.0052078694596940e-06 4.5322648681317194e-06
10 19 -1.9121256533884137e-05 -1.8690565326538303e-06
10 20 -1.6095633885588861e-06 -9.0454187567327689e-07
10 21 -6.2747571092774166e-06 -4.0292016693670619e-07
10 22 -1.4832115656881054e-06 -1.1910360936092699e-07
10 23 -1.2736946966845775e-06 2.6721917688820860e-07
10 24 -1.2521433517769942e-06 -1.6772084041499494e-06
10 25 -8.1578652862060085e-07 -5.5852727770538149e-07
10 26 -3.4269895404820762e-06 4.8602358776103888e-07
10 27 -1.2380017210315723e-06 -1.3814742856251618e-06
10 28 -1.2610840201922277e-06 1.4054232110553510e-06
10 29 -1.4046237368680470e-06 -1.3067706573984342e-06
10 30 -1.3847043801107320e-06 5.5126058111466779e-07
10 31 -2.1263274187511704e-06 1.2530634182721313e-06
10 32 -2.5565072024934020e-07 -6.8743011291988587e-07
10 33 -6.0683152397119491e-07 -9.8322679288159298e-08
10 34 -1.0450858488601114e-06 -2.0525735642994843e-08
10 35 5.2067764286019547e-07 -7.5236843975809667e-07
10 36 -1.1964523318874388e-06 -3.8851271740421708e-07
10 37 -1.0416615921475175e-06 -9.0319638284180548e-07
10 38 -1.1955857385819353e-06 5.1811961099558214e-07
10 39 -2.9623493931332069e-07 8.9980324110358520e-07
10 40 -1.3466399441772804e-06 8.1710861183962108e-09
10 41 -2.1415308138476877e-06 -1.8818022043872983e-06
10 42 -1.5120505000640906e-06 6.3821099628701366e-08
10 43 -1.2080447879361138e-06 1.7128727709385293e-06
10 44 -5.0248302027884111e-07 -2.0420930147497040e-06
10 45 1.3874072961974572e-06 -2.9764809448177851e-07
10 46 -3.5380879062767384e-06 -7.3643777904845906e-07
10 47 -6.0337046305624532e-06 -6.3430926291500873e-08
10 48 -1.6939165848298678e-06 -8.1397729412815817e-07
10 49 1.8046583949685022e-06 -6.9826318981063449e-07
10 50 -6.0477431017395556e-06 -3.2949312318317011e-06
10 51 -1.2346667386619701e-05 3.3823832368183907e-06
10 52 -1.5385274349734003e-06 6.1925665127624450e-08
10 53 -5.6941900649181287e-06 -5.5402117764142799e-06
10 54 -8.1314791030345658e-06 6.9010824858648776e-07
10 55 -1.6254137886636981e-05 4.9045449305268913e-06
10 56 -1.8815570043178919e-05 -2.2200130410570849e-05
10 57 -5.1715157079986754e-06 1.5566092951770145e-05
10 58 -3.3065868616886124e-05 -9.8369307238491738e-06
10 59 2.1424405370224426e-06 -1.9287611326825770e-05
10 60 -2.0687536454062142e-05 1.7204603530176573e-05
10 61 -4.2720771279268538e-06 -4.1334046247712294e-06
10 62 -5.7669476492456189e-05 -4.4174063481618959e-06
10 63 -9.3997928394793386e-06 -1.7790707586334056e-05
10 64 -4.1757813864346108e-05 -9.2909249104880496e-06
10 65 -4.4769269209375215e-05 -1.2883786464219148e-05
10 66 -4.4314338320574453e-05 3.6367154886449064e-06
10 67 -6.9496808193996509e-05 2.4621768231508990e-05
10 68 -1.1170161534318742e-04 -4.5091565797006514e-06
10 69 2.3778689074488690e-05 5.1400710169564976e-05
10 70 -1.2204178383755348e-04 -1.0310267748570239e-05
10 71 2.0331870383019377e-04 1.6746966359748979e-04
