0 0 -1.2168310244106402e+00 -7.7290002097066620e-20
0 1 -1.7184727480103434e-01 -5.0935596326073847e-20
0 2 -7.0020913125878242e-02 -8.5911040221168514e-21
0 3 -4.5072919071699698e-02 3.5812141464120203e-21
0 4 -3.6783806044355452e-02 -9.3620696998765328e-22
0 5 -3.2684447447938553e-02 -2.3855797229047593e-22
0 6 -2.8746948036069829e-02 7.3952095697132916e-22
0 7 -2.3837968958581920e-02 -3.7228325870517295e-22
0 8 -2.0457093093007379e-02 -5.2235012531177810e-23
0 9 -1.7655705377468380e-02 3.8816126453963843e-22
0 10 -1.4881519012147654e-02 -5.3512466202824176e-24
0 11 -1.1948123169805673e-02 -8.6673714169349932e-22
0 12 -9.6661003911286958e-03 -3.6612626080574603e-22
0 13 -7.9415871246530934e-03 -8.3238211751455111e-23
0 14 -6.2944295561781346e-03 2.2229096978892594e-22
0 15 -5.1569221505382941e-03 -1.3992193378353989e-22
0 16 -4.4028803301263816e-03 -1.6608783571404246e-22
0 17 -3.8237822176237432e-03 -4.5631767057638916e-23
0 18 -3.3114157425096851e-03 -1.0080240111697949e-22
0 19 -2.8631186278452497e-03 5.1819875563877525e-24
0 20 -2.5814176684820548e-03 -7.4552989950246696e-23
0 21 -2.3077805493882464e-03 2.1356242945800825e-23
0 22 -2.0777437473682449e-03 4.6683095277825121e-24
0 23 -1.9468518181668247e-03 -9.0874092834452337e-24
0 24 -1.8627744366340204e-03 -7.3930823558858507e-23
0 25 -1.6936992954740440e-03 5.1738594948133487e-24
0 26 -1.5060632677661959e-03 1.5551995133500787e-23
0 27 -1.2993968903598566e-03 -4.5707206599522255e-23
0 28 -1.0632499086571179e-03 -3.5744298607163624e-23
0 29 -8.5938165637441325e-04 2.3747457975787416e-23
0 30 -7.1310830502652168e-04 5.0421147408635427e-23
0 31 -6.0629887253142126e-04 -1.3775628293860003e-23
0 32 -5.4758278012106206e-04 7.0698492820415542e-24
0 33 -4.8681381356066139e-04 1.3592980834865851e-23
0 34 -4.3681359666049774e-04 1.3135399364880442e-23
0 35 -4.2215405006623447e-04 1.4867512995431989e-23
0 36 -4.0821570672016462e-04 3.3990002649279442e-24
0 37 -4.0630924107803887e-04 1.7744010472525840e-24
0 38 -4.0370390035587898e-04 9.1506179960002965e-24
0 39 -3.8098653955700372e-04 -1.3992640465346788e-23
0 40 -3.8720307880515064e-04 7.4595041044783753e-24
0 41 -4.2495925868478901e-04 -1.0371578946469684e-23
0 42 -4.8203115227818161e-04 -4.4897286092044929e-24
0 43 -5.4575730200369735e-04 -3.0870860015679195e-23
0 44 -6.1137404489856081e-04 1.7393933645457289e-23
0 45 -6.5901066735947890e-04 7.1665746439158482e-25
0 46 -7.1366120340212900e-04 -6.8544687416526253e-24
0 47 -7.8829019287802234e-04 -1.8297532130841744e-24
0 48 -8.7829451176408559e-04 -3.8793452899378615e-23
0 49 -1.0653403102987579e-03 -1.6435496385404635e-23
0 50 -1.4386006811369625e-03 -7.6978342532241058e-24
0 51 -1.9578116356842225e-03 -3.2805091023796284e-23
0 52 -2.5337154256553120e-03 -9.2085022490048447e-23
0 53 -3.1724450916525248e-03 9.6395580643209534e-24
0 54 -3.9562144762071531e-03 -8.3613362420771949e-23
0 55 -4.9332426735853923e-03 -1.2386968487260572e-22
0 56 -5.7868178954921965e-03 4.4815412601464834e-23
0 57 -6.7156784851469999e-03 1.5616833213231698e-23
0 58 -8.1217568301094039e-03 -6.1999307550139701e-23
0 59 -9.9590655857490183e-03 4.8483297351069184e-23
0 60 -1.2604986499659295e-02 2.2601342655361236e-22
0 61 -1.5245727315450248e-02 -1.9942113802294071e-22
0 62 -1.7561334581234451e-02 -1.8159284259694559e-22
0 63 -2.0348800982448560e-02 -3.3734821886092378e-22
0 64 -2.4286199452501257e-02 1.9221392633182811e-22
0 65 -3.0084267870753290e-02 -1.8085239296531842e-22
0 66 -3.7653021327247321e-02 -6.1658092397603653e-22
0 67 -4.5087517006245803e-02 2.3572958015581026e-23
0 68 -5.3685695856815485e-02 9.1385043202950355e-22
0 69 -6.6044008403692497e-02 3.0852617499528878e-22
0 70 -9.0820232424177680e-02 1.8471909540098823e-21
0 71 -1.8760363386224052e-01 5.6848986619565809e-20
1 0 -3.7632795657450896e-01 -8.7822742333616642e-05
1 1 -1.0585820010772455e-01 1.0501494041940983e-04
1 2 -5.0736671835345748e-02 1.8571493344811415e-04
1 3 -3.4155926435415318e-02 6.9024731120416428e-05
1 4 -2.8112922191646725e-02 1.9285585096475452e-04
1 5 -2.5031020062932091e-02 7.6539892864193381e-05
1 6 -2.1993871417950520e-02 1.0581908895103255e-04
1 7 -1.8209986243411608e-02 -2.8945303597097909e-05
1 8 -1.5626237324606870e-02 -1.1183152603316614e-04
1 9 -1.3529016606566680e-02 -3.9372575301862784e-05
1 10 -1.1379858377461145e-02 7.6559967930082585e-05
1 11 -9.1026478490954920e-03 8.2153219715558096e-05
1 12 -7.3605908365007890e-03 5.0258762476290973e-05
1 13 -6.0453208050069603e-03 2.7292604788026885e-05
1 14 -4.8109093965166419e-03 1.7215322396497540e-05
1 15 -3.9486621689259413e-03 3.5140902311360204e-05
1 16 -3.3737171536909788e-03 6.6984038012445238e-06
1 17 -2.9114638287769368e-03 3.4197378762305338e-06
1 18 -2.5265266462465622e-03 -5.0478515983367620e-06
1 19 -2.1819041101580378e-03 -4.5888531039957305e-06
1 20 -1.9679719613719194e-03 9.5922521551594339e-07
1 21 -1.7614344465005595e-03 -7.9646003872671429e-06
1 22 -1.5963133552742311e-03 -3.7007088240244786e-06
1 23 -1.4957190506964741e-03 -6.0722630377495834e-06
1 24 -1.4294918328751807e-03 7.7627109125237849e-06
1 25 -1.2975381502382660e-03 1.6101225657556411e-06
1 26 -1.1517579969887550e-03 7.2929056520932897e-07
1 27 -9.9089931889874048e-04 -3.4941918512527247e-06
1 28 -8.1133009060443408e-04 -5.9043119993876060e-06
1 29 -6.5557196479627106e-04 -8.3056282354064595e-07
1 30 -5.4419731864915422e-04 -1.0969034016286208e-06
1 31 -4.6535352670035597e-04 2.8145112744939205e-06
1 32 -4.2068722284325187e-04 1.7781145014895249e-06
1 33 -3.7188296003662401e-04 -4.9234268477651629e-08
1 34 -3.3137897588157147e-04 -2.3996281740036776e-06
1 35 -3.2120489777073016e-04 -1.4871331203969730e-06
1 36 -3.1213114190201113e-04 1.0084191452613629e-06
1 37 -3.1153950038764153e-04 2.8851072569405426e-06
1 38 -3.0909327225724862e-04 2.3639495171857004e-06
1 39 -2.9155456117535924e-04 3.0711564807247447e-06
1 40 -2.9744138414620352e-04 1.5403309455985683e-06
1 41 -3.2561764690827353e-04 4.5575993671329881e-07
1 42 -3.6838067356833519e-04 6.7279402682826479e-07
1 43 -4.1689882017614848e-04 3.3664643002250562e-07
1 44 -4.6681551689930361e-04 -8.2542426856889307e-07
1 45 -5.0264514752354559e-04 -6.0057554760320077e-06
1 46 -5.4515566252301764e-04 -3.4476927600941562e-06
1 47 -6.0431299920853901e-04 -2.7055213094845142e-06
1 48 -6.7162698785686004e-04 -3.6825147106103898e-06
1 49 -8.1174727423384899e-04 -2.9959152134489220e-06
1 50 -1.0941177906054124e-03 -3.2437390849044786e-06
1 51 -1.4918422052159642e-03 -4.1384467788230883e-07
1 52 -1.9430788267981761e-03 9.2975106213099859e-06
1 53 -2.4156076100263690e-03 7.4842595498773273e-06
1 54 -3.0029615183790920e-03 1.9293978700531753e-05
1 55 -3.7502027941331423e-03 -2.6148964642737064e-06
1 56 -4.4031893618044450e-03 -9.8273733391891442e-06
1 57 -5.1162754751245473e-03 1.2294712461244206e-05
1 58 -6.2045208652624275e-03 9.6734416411746846e-06
1 59 -7.6095622069033845e-03 1.0426531571782673e-05
1 60 -9.5857725290458447e-03 -1.8095628192659440e-05
1 61 -1.1624880257829387e-02 -2.9162324086907535e-05
1 62 -1.3422618297706367e-02 -8.2349246997637455e-06
1 63 -1.5568936975188522e-02 2.2759498849980845e-05
1 64 -1.8672235860674000e-02 7.1787554537612955e-05
1 65 -2.3081507566343362e-02 5.9599713065842744e-05
1 66 -2.8816037546410590e-02 3.2299896379087740e-05
1 67 -3.4398847756133340e-02 7.6900955669253218e-05
1 68 -4.1015613999609492e-02 3.3028564869483988e-05
1 69 -5.0081232682928987e-02 -4.1996181063453402e-06
1 70 -6.6225436994742981e-02 -4.3007858055373841e-04
1 71 -1.1861691971657501e-01 -9.1348436890156112e-05
2 0 -1.2450842476573545e-01 1.1501585821796184e-03
2 1 -5.4653006160661800e-02 4.8209588947261360e-05
2 2 -2.9491477509902088e-02 2.3875024778027300e-04
2 3 -2.0942917785851421e-02 9.8971077104201006e-05
2 4 -1.7314066691880403e-02 1.7637310036262266e-04
2 5 -1.5527053216908716e-02 9.8393129950703211e-05
2 6 -1.3533793617300833e-02 1.1081396945926085e-04
2 7 -1.1220731389254446e-02 -8.9206460694984168e-05
2 8 -9.6844977462690659e-03 -1.4454376988020713e-04
2 9 -8.4008880821069259e-03 -6.2233745469293742e-05
2 10 -7.0804206557109079e-03 1.2201965805071690e-04
2 11 -5.6202890274025226e-03 1.1983680566278237e-04
2 12 -4.5291719190179497e-03 5.4019063777293938e-05
2 13 -3.7167321193693559e-03 2.9480004228372093e-05
2 14 -2.9944489850270094e-03 2.2091218210209707e-05
2 15 -2.4514520931761055e-03 3.6369690846785889e-05
2 16 -2.1055150755964749e-03 -7.7863629900265832e-07
2 17 -1.7947315150912435e-03 5.4405383153662539e-08
2 18 -1.5628132103698295e-03 -4.6864066687310866e-06
2 19 -1.3458995682251364e-03 -8.2872422339796506e-06
2 20 -1.2136456710837278e-03 2.2708827044147565e-06
2 21 -1.0882015646569410e-03 -1.3030190435236081e-05
2 22 -9.9969841150205621e-04 -6.3235186148529601e-06
2 23 -9.3699858559506634e-04 -7.8801038499188063e-06
2 24 -8.9187715386946796e-04 8.9357294929566438e-06
2 25 -8.1032984575016309e-04 4.9482186055898796e-07
2 26 -7.1276113248857536e-04 6.3861806872119203e-07
2 27 -6.1111304071211157e-04 -6.0226702150484943e-06
2 28 -5.0230930083932398e-04 -5.5404116934677971e-06
2 29 -4.0697476323248752e-04 -2.0504628077646496e-06
2 30 -3.3674620658272344e-04 -7.8850413811908227e-07
2 31 -2.9145947433935674e-04 3.3696769695640243e-06
2 32 -2.6405702095589609e-04 2.0422829555234960e-06
2 33 -2.3029466913535712e-04 -3.4025021818636323e-07
2 34 -2.0276172530717823e-04 -2.3445057668786952e-06
2 35 -1.9713379341991194e-04 -2.3119931133071862e-06
2 36 -1.9244763405017618e-04 8.9894701436421258e-07
2 37 -1.9407482642020327e-04 3.8638342821286124e-06
2 38 -1.9161160092767606e-04 3.8054850429576338e-06
2 39 -1.8101307880599726e-04 4.3239437250190332e-06
2 40 -1.8625665124236780e-04 2.1589708695648216e-06
2 41 -2.0311416295888134e-04 8.3853354673454245e-07
2 42 -2.2892715947084752e-04 1.3316029367426310e-06
2 43 -2.5765130822989741e-04 1.0970808054979637e-06
2 44 -2.8747884984210964e-04 -1.0997611942748881e-06
2 45 -3.0964532582495669e-04 -7.5299713840320003e-06
2 46 -3.3724798484540395e-04 -5.8856401620524328e-06
2 47 -3.7559737757688038e-04 -5.3218014351546748e-06
2 48 -4.1746126001734337e-04 -4.7369944641834410e-06
2 49 -5.0154522216133799e-04 -2.5052937697570324e-06
2 50 -6.7011314167380828e-04 -4.9106417741082747e-06
2 51 -9.2040536938781310e-04 1.4470011926652791e-06
2 52 -1.2119288687364399e-03 1.2666434920829135e-05
2 53 -1.4866031397211218e-03 1.1246161354191146e-05
2 54 -1.8380197864060806e-03 3.2676586007735091e-05
2 55 -2.2956058034066763e-03 -1.0475497825505193e-05
2 56 -2.7040657378701975e-03 -1.8006915289260972e-05
2 57 -3.1605237190148999e-03 2.2853049241972187e-05
2 58 -3.8341416444721320e-03 2.5804530962267665e-05
2 59 -4.7090145571675466e-03 2.5959948440150629e-05
2 60 -5.9027540858273587e-03 -2.7272387332350519e-05
2 61 -7.1591694295652696e-03 -5.6100576177206208e-05
2 62 -8.3691503875302376e-03 -1.0878910422713596e-05
2 63 -9.6799141546418457e-03 3.0559537288207791e-05
2 64 -1.1756813266506332e-02 1.1896081726700415e-04
2 65 -1.4390583633408838e-02 6.7894957712096284e-05
2 66 -1.7932903912624417e-02 7.6316892876529026e-05
2 67 -2.1198121774957987e-02 1.0178727041762026e-04
2 68 -2.5492062711485994e-02 1.1170000109918420e-04
2 69 -3.0548445229922529e-02 -9.5235220360915081e-05
2 70 -3.8519312747488203e-02 -4.3101296545710612e-04
2 71 -6.0085029691119451e-02 -2.1790805372743128e-04
3 0 -4.6755516213794958e-02 4.9185634375958930e-04
3 1 -2.6799864238737835e-02 2.9975306938355629e-05
3 2 -1.5761217552389978e-02 2.2432856423568453e-04
3 3 -1.1919639104712368e-02 4.0584599981829081e-05
3 4 -9.7643982281094208e-03 1.0061224123469423e-04
3 5 -8.8993844150484294e-03 1.3627516409065122e-04
3 6 -7.5632180121011933e-03 7.1045657419463481e-05
3 7 -6.3911777981245010e-03 -1.6703963496579239e-04
3 8 -5.5466844171762212e-03 -1.4700861104818889e-04
3 9 -4.8025741866586603e-03 -4.5661630453820560e-05
3 10 -4.0826556771771660e-03 1.4323950257571241e-04
3 11 -3.2141544607929753e-03 1.1805390899856219e-04
3 12 -2.5721929678904796e-03 3.7087766037064767e-05
3 13 -2.1033531377155626e-03 2.3048649668487705e-05
3 14 -1.7261292851081908e-03 1.9191822443463986e-05
3 15 -1.4069305019698967e-03 1.8856970375801523e-05
3 16 -1.2153868031888175e-03 -9.4911455822952842e-06
3 17 -1.0228268981035305e-03 6.8439189208986909e-08
3 18 -8.9484643183782269e-04 -5.1243708058781532e-06
3 19 -7.7142738071478228e-04 -1.2607881033452953e-05
3 20 -6.9178507569094070e-04 4.1504016430037890e-06
3 21 -6.2344339273929996e-04 -1.3624916176328354e-05
3 22 -5.8046624174712695e-04 -8.0381337383654544e-06
3 23 -5.4224554888742847e-04 -7.0077543576478256e-06
3 24 -5.1275612410117178e-04 7.0002742391542794e-06
3 25 -4.6940714223422112e-04 1.5150287583625289e-06
3 26 -4.0737385277725592e-04 -1.0114849927641787e-06
3 27 -3.4698607669090263e-04 -7.2572439642834744e-06
3 28 -2.8638099871520958e-04 -2.6108428260063534e-06
3 29 -2.3715373677424107e-04 -2.5888420665303329e-06
3 30 -1.9371420999546847e-04 -3.2331047879765706e-07
3 31 -1.6906628631732266e-04 3.3758702267669662e-06
3 32 -1.5341490596147651e-04 1.0842957167165677e-06
3 33 -1.3173953740596838e-04 -1.0508348113064999e-06
3 34 -1.1436249078234971e-04 -1.7804565118436978e-06
3 35 -1.1139850839723104e-04 -2.4208273677438868e-06
3 36 -1.0834064699527887e-04 3.1661904869218725e-07
3 37 -1.1090718761439161e-04 3.9308652819168349e-06
3 38 -1.0879866922230806e-04 4.0473694449020665e-06
3 39 -1.0356695902760857e-04 4.1434590566012282e-06
3 40 -1.0840024916228882e-04 1.8462503412982168e-06
3 41 -1.1730037836312691e-04 4.8444427223427465e-07
3 42 -1.3230114823151583e-04 2.3514515802231339e-06
3 43 -1.4667579328132664e-04 1.7052540955903610e-06
3 44 -1.6378861695863023e-04 -1.2814009894680065e-06
3 45 -1.7506004114147634e-04 -6.9344056482076783e-06
3 46 -1.9293555786960108e-04 -6.0195055028648498e-06
3 47 -2.1563102338133396e-04 -6.1369438890261555e-06
3 48 -2.3879511219654311e-04 -4.4460116922564154e-06
3 49 -2.8546734569212241e-04 -1.1140867598447042e-06
3 50 -3.7653295337091228e-04 -3.7844046918988281e-06
3 51 -5.2586346792632952e-04 9.6962378839401209e-07
3 52 -6.9526106011178433e-04 1.1307230704097968e-05
3 53 -8.3984541662528124e-04 1.3312516242154243e-05
3 54 -1.0391224037153168e-03 2.9641916339143304e-05
3 55 -1.2895270268027895e-03 -1.0291585518908534e-05
3 56 -1.5395599976000807e-03 -2.3230172438266133e-05
3 57 -1.8187651109219840e-03 2.3954797996471516e-05
3 58 -2.1957562235804984e-03 3.0269845327188247e-05
3 59 -2.7096771962498104e-03 3.7863524617518176e-05
3 60 -3.3639958198833971e-03 -3.5519766330085160e-05
3 61 -4.0728475697188000e-03 -4.8004526840886309e-05
3 62 -4.8571433654486006e-03 1.3049139322435472e-05
3 63 -5.5682190067395804e-03 3.3270905595117319e-05
3 64 -6.8811463636731865e-03 1.8116215130296122e-04
3 65 -8.2939665810877541e-03 5.5184620212288095e-05
3 66 -1.0360634207607704e-02 1.0142147395375386e-04
3 67 -1.2077515151740650e-02 1.4896637288427914e-04
3 68 -1.4628328637870384e-02 1.9055040083906975e-04
3 69 -1.7126914426576476e-02 -2.6108225574142748e-04
3 70 -2.0732723611121866e-02 -3.8151744109166775e-04
3 71 -2.9237472203875993e-02 -1.3992822526583086e-04
4 0 -1.7589518388382977e-02 9.2855257826516256e-04
4 1 -1.2927648972740813e-02 2.1771508251332237e-04
4 2 -8.0276579959413473e-03 2.4426047050116542e-04
4 3 -6.5069304576202153e-03 7.3016487450954604e-06
4 4 -5.2264230204373090e-03 4.8990350029980434e-05
4 5 -4.9648150266812163e-03 1.7193099247632784e-04
4 6 -4.0098360830132570e-03 2.0752914335360724e-05
4 7 -3.5269448945596162e-03 -1.8936654651489324e-04
4 8 -3.0437408168733850e-03 -1.1742745145585513e-04
4 9 -2.6279025614575000e-03 2.7046929227328314e-06
4 10 -2.2483456740104929e-03 1.3679804017650688e-04
4 11 -1.7675634031171883e-03 1.0239424218037544e-04
4 12 -1.4163463878448617e-03 6.2067511424235550e-06
4 13 -1.1328162563514720e-03 1.4212314469875623e-05
4 14 -9.5656717915777105e-04 2.3756917611326828e-05
4 15 -7.8866500879145208e-04 -2.1596665711566759e-06
4 16 -6.7357558114249701e-04 -1.6568954398218897e-05
4 17 -5.6072745172058662e-04 -2.1445477206976369e-06
4 18 -4.9591389405672552e-04 -6.9798300174117957e-06
4 19 -4.2773988490200752e-04 -1.3289328266521558e-05
4 20 -3.7716984261543522e-04 7.0252746843450918e-06
4 21 -3.4653552010099399e-04 -1.2201203319627672e-05
4 22 -3.2298044868377975e-04 -8.5885564663013672e-06
4 23 -2.9795257517048306e-04 -4.2306185526355408e-06
4 24 -2.7850080032838179e-04 4.2320799301063420e-06
4 25 -2.6211981589087586e-04 2.9439279336416773e-06
4 26 -2.2326997052592219e-04 -1.5669848807633020e-06
4 27 -1.8898175626049903e-04 -8.1504706660643214e-06
4 28 -1.5528180186761124e-04 7.4073859002876351e-07
4 29 -1.3417752829840489e-04 -2.0926507230038569e-06
4 30 -1.0807962952234217e-04 -1.2264380406265805e-06
4 31 -9.3581363370062227e-05 2.6078262778452751e-06
4 32 -8.5080792856856373e-05 -1.0115596836816226e-07
4 33 -7.1993540700924803e-05 -1.6227879658328358e-06
4 34 -6.1642539276077695e-05 -1.2761320128372758e-06
4 35 -6.0023873519851719e-05 -2.0494333190344891e-06
4 36 -5.7873049998681092e-05 -2.9912424211835123e-07
4 37 -5.9943025829720028e-05 3.4014278556784959e-06
4 38 -5.8599976157110228e-05 3.6142963402200699e-06
4 39 -5.6736518246415360e-05 3.2417887215929380e-06
4 40 -6.0965438277459806e-05 1.3396569726990961e-06
4 41 -6.5350724209540484e-05 -3.0610704750176703e-07
4 42 -7.3919031552655408e-05 2.8840083184245140e-06
4 43 -7.9637739803758615e-05 1.3290242682407814e-06
4 44 -9.0380973798704771e-05 -1.0198885072445023e-06
4 45 -9.4430838113133449e-05 -4.7706507325542665e-06
4 46 -1.0658688827198049e-04 -4.6128508723803568e-06
4 47 -1.1790510114871820e-04 -5.9914877607930124e-06
4 48 -1.3126133320157340e-04 -3.0547938155891767e-06
4 49 -1.5557032352264273e-04 -3.7233004043812827e-08
4 50 -2.0159700924370780e-04 -5.2333904687756150e-08
4 51 -2.8691695112155138e-04 2.3273450824036568e-07
4 52 -3.7805675521436884e-04 8.6314322338818608e-06
4 53 -4.4907523834470108e-04 1.3274812528458772e-05
4 54 -5.6410368712006792e-04 2.3323014075528686e-05
4 55 -6.9064781922883111e-04 -7.6329370121729025e-06
4 56 -8.5681555841636873e-04 -2.5622980405916796e-05
4 57 -1.0157048035393244e-03 2.7230265808694606e-05
4 58 -1.1990645961588700e-03 1.8676850520828017e-05
4 59 -1.4991391577329203e-03 4.0635438071990582e-05
4 60 -1.8414137124956459e-03 -4.4658173269786660e-05
4 61 -2.2191607170030368e-03 -4.0594739141742398e-05
4 62 -2.7132671401190159e-03 2.5564867299482196e-05
4 63 -3.0879220225326770e-03 4.5668201992175011e-05
4 64 -3.8581809308072825e-03 1.9897357287789561e-04
4 65 -4.5840462456274763e-03 2.5109381623280705e-05
4 66 -5.7881981584336772e-03 1.3998682692575244e-04
4 67 -6.6007762204277187e-03 1.3128862311762246e-04
4 68 -7.9906766688585731e-03 2.5666589069489224e-04
4 69 -9.1464587398768123e-03 -3.7820781777547470e-04
4 70 -1.0763169664386405e-02 -4.6573083474222773e-04
4 71 -1.3986891679064613e-02 -1.4305855374112522e-04
5 0 -6.8914882724869604e-03 9.9795382596560818e-04
5 1 -6.1436004995476497e-03 3.2469233811241189e-04
5 2 -3.9858853777543840e-03 2.6191952062718719e-04
5 3 -3.4455691509309573e-03 3.6920889877365892e-05
5 4 -2.7316060457277650e-03 6.0302008103580090e-05
5 5 -2.7661920337353134e-03 1.4217230114685851e-04
5 6 -2.0639561281350382e-03 -1.3431768872079552e-05
5 7 -1.9201676789313542e-03 -1.7896156633551559e-04
5 8 -1.6118483814545042e-03 -9.0180620609810538e-05
5 9 -1.4013899279926505e-03 3.2097485120452152e-05
5 10 -1.2023911091859352e-03 1.1576808607754698e-04
5 11 -9.4393783394987178e-04 9.1588738523313946e-05
5 12 -7.8254703934032665e-04 -2.1616075195207426e-05
5 13 -5.9047138838103541e-04 5.3108792077701180e-06
5 14 -5.2687876455638960e-04 2.4241996670008470e-05
5 15 -4.4299835347382937e-04 -1.5557652767403533e-05
5 16 -3.6643830288750443e-04 -2.1207102141017455e-05
5 17 -3.0602207752637224e-04 -7.3673367561664865e-06
5 18 -2.7067720825462371e-04 -6.5938325470194393e-06
5 19 -2.3220137012945990e-04 -1.0205771787590667e-05
5 20 -1.9804912042856285e-04 8.0021606636286928e-06
5 21 -1.9266883574163728e-04 -1.1956852781845889e-05
5 22 -1.7137975811810105e-04 -9.3396612504850843e-06
5 23 -1.5827491535217312e-04 -1.4802107607498479e-06
5 24 -1.4585677824644169e-04 2.4904221827975845e-06
5 25 -1.4181250844321738e-04 4.1438628618343437e-06
5 26 -1.1698177529614359e-04 -2.0392830267054774e-06
5 27 -1.0129518842358413e-04 -7.3083013406372544e-06
5 28 -8.1294654151586507e-05 2.7458229736956511e-06
5 29 -7.4047219665518879e-05 -1.6177389074548713e-06
5 30 -5.9641257539241608e-05 -2.6587169402425454e-06
5 31 -4.9886838749016391e-05 9.5334605206576123e-07
5 32 -4.5321307182165028e-05 -9.1456656324869347e-07
5 33 -3.8207335394072970e-05 -1.5476732235599915e-06
5 34 -3.2560870169238104e-05 -9.5957327572861692e-07
5 35 -3.1006406674053137e-05 -1.3999380522213209e-06
5 36 -3.0079169996936742e-05 -4.3106992297596956e-07
5 37 -3.0825391816968834e-05 2.5762943910260288e-06
5 38 -3.0686922067383761e-05 2.7086965011573397e-06
5 39 -3.0075118130455253e-05 2.2251257121286598e-06
5 40 -3.3575618154637039e-05 8.7191922678038663e-07
5 41 -3.5619886004380478e-05 -1.3289383128218695e-06
5 42 -4.0657236106001551e-05 3.4370540532581703e-06
5 43 -4.2460924661633160e-05 8.5158963943783486e-07
5 44 -4.8924640952280110e-05 -1.7579702315708511e-06
5 45 -5.0218000683967232e-05 -2.5208300598878921e-06
5 46 -5.7632770725314915e-05 -3.1662195426098131e-06
5 47 -6.1831569626094677e-05 -5.0558990398728782e-06
5 48 -7.0758445350855737e-05 -2.5788251409914380e-06
5 49 -8.0930701179592849e-05 8.0670824472032316e-07
5 50 -1.0424451546342940e-04 2.2001046002575193e-06
5 51 -1.5073228192352618e-04 -3.1838907061554133e-07
5 52 -1.9427081264845081e-04 7.1936293692223827e-06
5 53 -2.2615529311127919e-04 1.3045483765207175e-05
5 54 -2.9905280222481209e-04 2.0062445669543200e-05
5 55 -3.5410700869793966e-04 -2.5567090440647936e-06
5 56 -4.7277603371060901e-04 -2.8256600767601226e-05
5 57 -5.6712763304705657e-04 2.4202619601730281e-05
5 58 -6.2765016560393269e-04 1.2098117900101339e-05
5 59 -8.0977662446245885e-04 4.4359029337570208e-05
5 60 -9.7278828270795962e-04 -5.6598798146772384e-05
5 61 -1.1692406476743978e-03 -3.9651955346317108e-05
5 62 -1.4921423982498718e-03 2.5161568805226883e-05
5 63 -1.6806805692396820e-03 5.6224055019760723e-05
5 64 -2.0729636193053212e-03 1.6478745410304567e-04
5 65 -2.4471829567923311e-03 -3.0038113038079161e-05
5 66 -3.1964508283548721e-03 1.7267758207716366e-04
5 67 -3.4538467081063800e-03 8.2782629993530686e-05
5 68 -4.2064506116347451e-03 1.7704951150188545e-04
5 69 -4.5718533716806939e-03 -4.0812723962521696e-04
5 70 -5.4576223238808974e-03 -5.5461468427299323e-04
5 71 -6.8844933577218688e-03 -4.0728207953932605e-05
6 0 -2.6809544176737360e-03 1.0381842642755805e-03
6 1 -2.8596161709550584e-03 3.1449133405640008e-04
6 2 -2.0279584407157094e-03 2.4077065224875554e-04
6 3 -1.7492945749976833e-03 7.2650854537034616e-05
6 4 -1.4045995370581515e-03 4.5428348098595175e-05
6 5 -1.5800131976508424e-03 8.8115856807706482e-05
6 6 -1.0537372271012136e-03 -2.1561551264242299e-05
6 7 -1.0216781240728644e-03 -1.3521661386339999e-04
6 8 -8.1677665997382002e-04 -5.7423155091952196e-05
6 9 -7.2771051526906874e-04 2.4785187474918884e-05
6 10 -6.2152216280690501e-04 8.5487971069776622e-05
6 11 -4.9153802670270680e-04 6.6609223806402351e-05
6 12 -4.5008828385697700e-04 -1.7343985274686433e-05
6 13 -3.0125926687097916e-04 -8.3981444196795317e-06
6 14 -3.0123075725735419e-04 1.4104497484167399e-05
6 15 -2.5513888355143169e-04 -2.1015317145501732e-05
6 16 -1.9933931398290241e-04 -2.0827932218388867e-05
6 17 -1.6887815709552037e-04 -1.2493714083533509e-05
6 18 -1.4535688530029477e-04 -7.6092882476011422e-06
6 19 -1.2283398776223914e-04 -8.1794660615010621e-06
6 20 -9.9865312996923430e-05 2.4729684450188927e-06
6 21 -1.0728371282433472e-04 -8.1382285250820202e-06
6 22 -8.5590219837067223e-05 -8.2955067629153625e-06
6 23 -8.3731715209232809e-05 1.3939665265606653e-06
6 24 -7.5632991265519683e-05 3.7611367991325001e-06
6 25 -7.4519372051243352e-05 5.1833232971245741e-06
6 26 -6.0346687226203808e-05 -1.4098352497660582e-06
6 27 -5.4927169936964983e-05 -5.8385774841979554e-06
6 28 -4.2628365472916429e-05 3.3260339566507944e-06
6 29 -3.9678324928096462e-05 -1.1987605052479728e-06
6 30 -3.3066574096219150e-05 -3.3223278886161363e-06
6 31 -2.5558045394230650e-05 -2.4364516491494002e-07
6 32 -2.3014284121552024e-05 -1.3476072112854539e-06
6 33 -2.0276536241241329e-05 -1.2002650380282744e-06
6 34 -1.6960704884823847e-05 -8.9317108809899118e-07
6 35 -1.4787016072932418e-05 -7.8329363607598677e-07
6 36 -1.5657257279353474e-05 -8.7006761410166201e-08
6 37 -1.5064063076041315e-05 1.8928784040707920e-06
6 38 -1.5734010730569257e-05 1.8930090986853529e-06
6 39 -1.5782490700642553e-05 1.9274036137512698e-06
6 40 -1.8417104683643966e-05 7.2137457767141018e-07
6 41 -1.9142769449635494e-05 -1.6134087757929341e-06
6 42 -2.2508751424759664e-05 3.5762234103650455e-06
6 43 -2.2259718067005374e-05 -2.2705892690108865e-07
6 44 -2.6048218636720330e-05 -1.9355805058029581e-06
6 45 -2.7423519675283171e-05 -1.4008904804457312e-06
6 46 -3.0906405682154060e-05 -2.2860039337840429e-06
6 47 -3.1321840966962816e-05 -4.0306991058849892e-06
6 48 -3.8218761583764754e-05 -1.9487808006637123e-06
6 49 -3.9847919761774521e-05 -3.3338028900564645e-07
6 50 -5.3525711721052143e-05 3.0317743069957788e-06
6 51 -7.6716660841310102e-05 1.3182592502191176e-06
6 52 -9.3480922435915852e-05 5.3353844123648853e-06
6 53 -1.0700333644374834e-04 1.2985034257227036e-05
6 54 -1.5584699567038277e-04 1.9079277659177017e-05
6 55 -1.7300668722418304e-04 2.6470738966667291e-06
6 56 -2.6017186215565705e-04 -3.5142716715632809e-05
6 57 -3.1758638579794445e-04 1.6747035271085027e-05
6 58 -3.1387630989461929e-04 7.3994058175882289e-06
6 59 -4.3600461375427715e-04 5.5026798142083510e-05
6 60 -4.8779769459520806e-04 -6.0611566753259605e-05
6 61 -6.0829142281457161e-04 -3.1694474303463968e-05
6 62 -8.1723481961568068e-04 3.3240694130100648e-05
6 63 -8.8853804668790433e-04 5.4339746981501071e-05
6 64 -1.0723821109327684e-03 1.1366917604188761e-04
6 65 -1.2645650237752628e-03 -7.1400019651346008e-05
6 66 -1.7651649232716710e-03 1.9372015228386088e-04
6 67 -1.8064423882673522e-03 5.2453122880805473e-05
6 68 -2.2003448178051165e-03 8.2587970283093536e-05
6 69 -2.0295272898794119e-03 -3.6786580530010063e-04
6 70 -2.6961437314980859e-03 -5.3450476971386208e-04
6 71 -3.4947884028842498e-03 1.0301638218113395e-04
7 0 -1.2958007346463968e-03 8.1600212132746546e-04
7 1 -1.2616164303803543e-03 3.2517933810173567e-04
7 2 -1.0559530438394649e-03 1.9972118934810708e-04
7 3 -8.6087471447960804e-04 1.1442191204722510e-04
7 4 -7.2901411193258250e-04 1.8949541920566497e-05
7 5 -9.2997658366771681e-04 4.5135026931845142e-05
7 6 -5.1483931398597872e-04 -2.0686977469409116e-05
7 7 -5.4744784071811031e-04 -6.9790997714911645e-05
7 8 -3.9290420346644868e-04 -3.2309294382466032e-06
7 9 -3.7106350524468949e-04 -5.5198188640798260e-06
7 10 -3.0461134016592612e-04 6.2311069839481305e-05
7 11 -2.4732232112466062e-04 3.6408245002136242e-05
7 12 -2.7366146717335563e-04 -1.2585482989065189e-05
7 13 -1.4853705008300710e-04 -1.7105464922968122e-05
7 14 -1.7518969545084716e-04 9.9635672297423551e-07
7 15 -1.4823548359310445e-04 -1.6494808478854436e-05
7 16 -1.0852195388900132e-04 -1.7955906829882466e-05
7 17 -9.5045426072396002e-05 -1.4397888181933196e-05
7 18 -7.5752011881779891e-05 -9.4379058433328060e-06
7 19 -6.5241063554929177e-05 -5.0958523575713572e-06
7 20 -4.7363112733754291e-05 -4.7506215706996890e-06
7 21 -5.8853893516261408e-05 -4.3145659300159539e-06
7 22 -3.9198244666810595e-05 -7.3255215225825752e-06
7 23 -4.6644300988112712e-05 3.1195885110344108e-06
7 24 -3.9516974937678229e-05 6.0948880943993380e-06
7 25 -3.7527378754281947e-05 4.6045759529056857e-06
7 26 -3.3107963166626452e-05 -2.7495886991443956e-07
7 27 -3.0518130399096382e-05 -3.2465649416668878e-06
7 28 -2.3262367577972182e-05 3.6212531027975030e-06
7 29 -2.0975848785064218e-05 -2.2708053386321767e-06
7 30 -1.7699116814137557e-05 -3.2652195524276677e-06
7 31 -1.2231905615266611e-05 -1.0020193515540100e-06
7 32 -1.1096964099336342e-05 -1.4708276960329122e-06
7 33 -1.0992321774096620e-05 -1.0470950226477012e-06
7 34 -8.4762078153245664e-06 -7.0405827095909942e-07
7 35 -5.8215322410763978e-06 -4.4977631519404489e-07
7 36 -8.2037057712532287e-06 5.6599195694746047e-08
7 37 -6.7004469729509308e-06 1.5126995071575618e-06
7 38 -8.0894980369095544e-06 1.2585795569042202e-06
7 39 -8.1801710454381176e-06 1.8823726372786860e-06
7 40 -1.0245921960355854e-05 4.4855732302161196e-07
7 41 -9.9100613116641536e-06 -1.1313872466754255e-06
7 42 -1.2036108373550781e-05 3.3832581433079585e-06
7 43 -1.1030860803930112e-05 -9.7170786729788942e-07
7 44 -1.2800713907204265e-05 -2.2521427829148053e-06
7 45 -1.5890834368949696e-05 -1.1329636234021912e-06
7 46 -1.6003926504005216e-05 -1.8851196596199835e-06
7 47 -1.5454408182509973e-05 -3.6538213833218503e-06
7 48 -2.1702135657724285e-05 -1.9308522115739000e-06
7 49 -1.9555762264786605e-05 -9.7002199795848395e-07
7 50 -2.8699956174915813e-05 2.4285355600561464e-06
7 51 -3.6685002193607009e-05 2.7698294302189783e-06
7 52 -4.2581007773967618e-05 5.0579251678033140e-06
7 53 -4.8941591513374073e-05 1.1978571270617186e-05
7 54 -8.2536921213982440e-05 2.0654604016630223e-05
7 55 -7.8499798253615276e-05 8.2979048869679434e-06
7 56 -1.4583504614670758e-04 -4.0901303568170235e-05
7 57 -1.7895644036525953e-04 8.7152398421250800e-06
7 58 -1.5106134846019133e-04 6.1499639210186141e-07
7 59 -2.3228605366478950e-04 5.3167689208236198e-05
7 60 -2.2808104255242793e-04 -5.7950925950482277e-05
7 61 -3.2415377414013750e-04 -1.1215912395102013e-05
7 62 -4.4543561436453401e-04 2.2469461952252826e-05
7 63 -4.5868036122743386e-04 5.8599381174380158e-05
7 64 -5.4798190764305556e-04 6.8350137861008641e-05
7 65 -6.2452417328892878e-04 -6.2796838362767093e-05
7 66 -9.8784461070039551e-04 1.7419821769574582e-04
7 67 -9.6652529853652296e-04 2.8849432328048447e-05
7 68 -1.1711440462587430e-03 -6.4210371552140615e-06
7 69 -7.2686340033051495e-04 -3.3907400558243867e-04
7 70 -1.2850070622259673e-03 -4.8595563951260584e-04
7 71 -1.8946691215921661e-03 5.2590620403806551e-05
8 0 -1.0556736002549961e-03 3.2579635235621511e-04
8 1 -4.5736664058608159e-04 2.9667985553354711e-04
8 2 -5.7585410857614579e-04 1.5098508740585490e-04
8 3 -4.3333476880411006e-04 9.8968173171462255e-05
8 4 -3.8769293877563023e-04 1.7404224454431324e-05
8 5 -5.7063778496907382e-04 2.7535827921432427e-05
8 6 -2.3093721447592827e-04 -1.7718353417532563e-05
8 7 -2.9988948060700852e-04 -2.7894614272805674e-05
8 8 -1.7110271937670075e-04 3.2101397579867896e-05
8 9 -1.8796906436437840e-04 -1.4914166262577284e-05
8 10 -1.5106964036631373e-04 5.5125624391743528e-05
8 11 -1.2442592769960122e-04 1.5053425894202495e-05
8 12 -1.6917784431353042e-04 -1.8752241152941514e-05
8 13 -6.1466103107463821e-05 -2.2046670238134563e-05
8 14 -1.0309218230972101e-04 -2.3170440334385911e-06
8 15 -8.4908293206917629e-05 -1.2571338347674973e-06
8 16 -5.7708225467053052e-05 -1.2181616026193819e-05
8 17 -5.2760097964665896e-05 -1.1335592564687237e-05
8 18 -4.1177073579180023e-05 -8.7041982568757771e-06
8 19 -3.0052552410673878e-05 -4.4613160989737251e-06
8 20 -1.9191301804954061e-05 -8.5504038532690581e-06
8 21 -3.0373693112993515e-05 -2.4384852119826673e-06
8 22 -1.6902897276362729e-05 -5.5385723478721496e-06
8 23 -2.7474251093661391e-05 3.5988009153642718e-06
8 24 -2.1756920684246554e-05 4.9051774449231033e-06
8 25 -1.7492071957998206e-05 2.7107691273288549e-06
8 26 -2.1408679020210043e-05 3.5546294449591960e-07
8 27 -1.8319069112163290e-05 -1.7168245731342802e-06
8 28 -1.3783730248463995e-05 4.2779102226700168e-06
8 29 -1.1342430545544001e-05 -4.6588985469636228e-06
8 30 -9.5567399455997653e-06 -3.1419558747080001e-06
8 31 -5.5881463475240987e-06 -9.8148388836716384e-07
8 32 -4.6194356660998192e-06 -1.6620295812816530e-06
8 33 -6.3402912885787156e-06 -8.2440058503361292e-07
8 34 -4.0166588935361937e-06 -7.2644033968479739e-07
8 35 -1.2662686953716292e-06 -1.9450181061825689e-07
8 36 -4.3203397984637240e-06 2.4648689099356756e-07
8 37 -2.5220568404774476e-06 1.2163927764093210e-06
8 38 -3.9188852480329671e-06 5.5116908380794988e-07
8 39 -4.2092639949133414e-06 1.8106527126099724e-06
8 40 -5.9911554486096559e-06 -4.4466767116602771e-07
8 41 -4.9161011570450656e-06 -9.4639513942639120e-07
8 42 -6.1479879846193681e-06 2.9750734167287819e-06
8 43 -4.8421164373477612e-06 -1.0363747929860234e-06
8 44 -4.7566744852905317e-06 -2.6587779200606554e-06
8 45 -9.5742613619225797e-06 -9.1850312153841985e-07
8 46 -7.9916474184265003e-06 -2.3784353159781814e-06
8 47 -7.8529619910926763e-06 -3.3395911683486925e-06
8 48 -1.2924823108607332e-05 -1.9167219787646235e-06
8 49 -1.0762734657848434e-05 -1.1750487438494286e-06
8 50 -1.6994749604839366e-05 4.3638140414646444e-07
8 51 -1.5179887125834760e-05 2.2254272925397123e-06
8 52 -2.1499986623575884e-05 1.7098521168156530e-06
8 53 -2.2399567487209930e-05 8.5016324656963403e-06
8 54 -4.5880361561815990e-05 2.6207654607661180e-05
8 55 -3.2002242015499237e-05 5.7446393322267253e-06
8 56 -8.2608102133804228e-05 -3.6122754063391783e-05
8 57 -1.0460985347447038e-04 9.1168982318403058e-06
8 58 -6.7365641526384806e-05 -8.7921437296529978e-06
8 59 -1.1748236787335950e-04 4.3855158253589215e-05
8 60 -9.4880125012005643e-05 -5.3712163762985577e-05
8 61 -1.7502608392324352e-04 1.6664366089505429e-05
8 62 -2.4066813054017980e-04 -1.0515217692912071e-06
8 63 -2.2529115427288046e-04 4.3048947880992344e-05
8 64 -2.6106657625386484e-04 2.9954886065612167e-05
8 65 -2.8296212743899804e-04 -3.4226456444547775e-05
8 66 -5.8103723737486983e-04 1.2289668248212019e-04
8 67 -5.4596238387727772e-04 3.0505292980715115e-05
8 68 -6.4350168895923546e-04 -5.6102715189759173e-05
8 69 -1.4196875216443617e-04 -2.7474990011225759e-04
8 70 -5.1416758994326638e-04 -4.0225250777482633e-04
8 71 -1.1260483345857776e-03 -5.5142679018556370e-05
9 0 -8.7241832176412871e-04 5.1273042241757918e-05
9 1 -7.9111500318986919e-05 2.1995377898973578e-04
9 2 -3.4804439397521762e-04 9.9694068167898665e-05
9 3 -2.3491919426443130e-04 7.4001187700645213e-05
9 4 -1.8939992875700309e-04 2.5212615761364534e-05
9 5 -3.8544323779535975e-04 -1.0502718160245863e-05
9 6 -1.0619392081597428e-04 -2.5062506690294809e-05
9 7 -1.7249507738232640e-04 -3.9966529760063985e-05
9 8 -6.8989308079825634e-05 2.2921326535920363e-05
9 9 -1.0796489097009752e-04 -2.5189989705998588e-06
9 10 -8.6065034980982842e-05 5.0759982518755706e-05
9 11 -6.8275016176284249e-05 5.4793323524492246e-06
9 12 -9.8102753329996288e-05 -1.5118778620087462e-05
9 13 -1.9083732925345181e-05 -2.7999568605584208e-05
9 14 -6.0201524162614404e-05 3.0962059260526730e-06
9 15 -4.5165326171906418e-05 1.0777266903982755e-05
9 16 -2.8484848616049109e-05 -6.1389213334334987e-06
9 17 -2.8134458483642380e-05 -6.7951848207316884e-06
9 18 -2.4466444934229087e-05 -6.1173913608703053e-06
9 19 -1.0268041024789549e-05 -3.4734827804805888e-06
9 20 -3.9805641167446456e-06 -6.3033456172726583e-06
9 21 -1.3918372765645438e-05 -2.0558112488164284e-06
9 22 -7.6508269109853925e-06 -1.1672908117645629e-06
9 23 -1.4846788632887530e-05 1.3821649410469831e-06
9 24 -1.1995122474974796e-05 2.0998545518654953e-06
9 25 -8.9113247805219140e-06 -3.2475538146348758e-06
9 26 -1.6472322611028380e-05 3.9898448220155816e-07
9 27 -1.2121592621382319e-05 -1.4525330796886514e-06
9 28 -7.9611530263895697e-06 4.9662895904268334e-06
9 29 -6.0008276097108901e-06 -6.1776308974312343e-06
9 30 -5.6463887181527994e-06 -2.5184674011475488e-06
9 31 -2.2903673799474001e-06 -7.5335551970827854e-07
9 32 -9.1586137026916446e-07 -1.6840893761847469e-06
9 33 -3.6484156803565198e-06 -9.9452542844760131e-07
9 34 -1.6429234982374029e-06 -5.6406267811070896e-07
9 35 7.3249460116743817e-07 1.8018746666603042e-07
9 36 -2.1710218026258639e-06 2.6973658838302427e-07
9 37 -5.3624360765432061e-07 5.5683117826290942e-07
9 38 -2.0367129194916326e-06 8.3188701356535178e-08
9 39 -2.1619392376804295e-06 1.7575493426599705e-06
9 40 -3.6611486331716577e-06 -1.3694759533049972e-06
9 41 -2.3623079088982815e-06 -9.6136958466858387e-07
9 42 -2.7428835326984401e-06 2.4730799694339500e-06
9 43 -1.9083453278458998e-06 -9.9547569830936690e-07
9 44 -3.3993374082896903e-07 -1.8266826505390253e-06
9 45 -5.8968154895863304e-06 -9.8569043184782287e-07
9 46 -4.2950191871212077e-06 -3.3705931970073346e-06
9 47 -3.7777209377196069e-06 -3.3312068604503588e-06
9 48 -7.1430517792888314e-06 -1.6876330929981550e-06
9 49 -6.9880857850682502e-06 -1.0887786675253092e-06
9 50 -1.0794361455257149e-05 -1.7017291132537685e-06
9 51 -3.6176361597525510e-06 3.5627466557774374e-07
9 52 -1.3381074827426484e-05 -4.2847882058569035e-07
9 53 -8.9615117935782402e-06 2.8514201097796874e-06
9 54 -3.0090487072362638e-05 2.5983544683601542e-05
9 55 -9.6096834233972866e-06 5.3709353571772382e-06
9 56 -4.8539590303902680e-05 -2.6188783922466607e-05
9 57 -5.8830403338361249e-05 9.3450553892143717e-06
9 58 -2.5234137402001482e-05 -1.0552018912447288e-05
9 59 -5.6997096916108375e-05 3.2191363862444329e-05
9 60 -1.9895100161475094e-05 -4.7809808174837093e-05
9 61 -8.8514410346349876e-05 2.3932417347327261e-05
9 62 -1.0985674235048362e-04 -1.7108762700661701e-05
9 63 -1.0986763883641550e-04 1.1722306898545050e-05
9 64 -1.2623913692034580e-04 2.0788869885942089e-05
9 65 -1.0413789076056013e-04 -2.8606827150905485e-05
9 66 -3.4630360427587083e-04 5.9539178773713464e-05
9 67 -3.4872305849016107e-04 2.7319985110283658e-05
9 68 -3.4862625410028621e-04 -3.4300685470149643e-05
9 69 6.3679746574059177e-05 -1.4460127597188367e-04
9 70 -1.9204429802881860e-04 -3.1461889709552700e-04
9 71 -6.3252849600290188e-04 -4.9864181830577337e-05
10 0 -6.4668987052758870e-04 -1.7026489556843741e-04
10 1 1.6201287887359096e-04 2.3004160222616694e-04
10 2 -2.2631450579306954e-04 4.4581692994179442e-05
10 3 -1.3184726951153059e-04 7.8706885155223805e-05
10 4 -9.6787971609791829e-05 5.1117937860369408e-05
10 5 -2.7038968654414597e-04 -4.2998455937362826e-05
10 6 -5.2867106793339390e-05 -4.1528053802965453e-05
10 7 -8.9233185145632228e-05 -7.3636278605201298e-05
10 8 -3.9145019215718649e-05 9.3744417048262256e-06
10 9 -8.3933501843063915e-05 1.1312154325905265e-05
10 10 -5.0168732899649882e-05 5.3120942020345321e-05
10 11 -4.8153619444211370e-05 1.3881322763835298e-05
10 12 -4.8700210411133901e-05 -2.0593601252116777e-05
10 13 -4.7522703343991681e-06 -3.3705307710408976e-05
10 14 -3.4400595342239966e-05 8.9298753015019152e-06
10 15 -2.2187258636581928e-05 1.5568606355334372e-05
10 16 -1.2686867907234588e-05 1.4360490807537297e-07
10 17 -1.6728540285075346e-05 -4.0508168098587510e-08
10 18 -1.6121458283682355e-05 -8.4316787233433661e-06
10 19 -7.2892984766727210e-07 -3.9892365088069045e-06
10 20 2.8972579423997795e-06 -9.3474881000449674e-07
10 21 -5.6729654372573070e-06 -2.3896603251268268e-06
10 22 -3.6274522184330614e-06 1.0859914563342858e-06
10 23 -6.3774672287641369e-06 -3.6765313180123246e-07
10 24 -5.6441080272484537e-06 2.0322903027750676e-07
10 25 -5.0352690687901021e-06 -7.9803560890724740e-06
10 26 -1.1642820853075453e-05 2.9389762528940905e-07
10 27 -7.5150588132858286e-06 -6.4370147273942961e-07
10 28 -3.9706075932427737e-06 4.6884261191870506e-06
10 29 -1.8154760532802350e-06 -6.5869926500327217e-06
10 30 -4.2044337339432824e-06 -1.8405289496729146e-06
10 31 -6.3802261335166875e-07 -9.1250965989685801e-07
10 32 6.9373603735870161e-07 -1.7713069802897376e-06
10 33 -1.8661391273961753e-06 -1.2269274515675244e-06
10 34 -4.9027129763149245e-07 -2.9453013148189634e-07
10 35 1.2271239148724086e-06 7.4931954780989313e-07
10 36 -6.0035170076096204e-07 3.1002439665706292e-07
10 37 4.6437493330860022e-07 -1.1291811765178462e-07
10 38 -1.2305466488356477e-06 6.6233168821512290e-08
10 39 -1.1314645921643265e-06 1.5515863657588364e-06
10 40 -2.2009441844347682e-06 -1.7498398127108139e-06
10 41 -7.3219149014276783e-07 -9.3715383523610168e-07
10 42 -6.7010037609705424e-07 1.7014324533449931e-06
10 43 -8.3972662873323292e-07 -9.2004565670088715e-07
10 44 1.3602005820977623e-06 -7.2816515023096648e-07
10 45 -3.7769767758516435e-06 -1.2799952172242765e-06
10 46 -2.4365660232640280e-06 -4.6294049443012848e-06
10 47 -1.2275962752614827e-06 -3.1375370406233575e-06
10 48 -3.4476602118529904e-06 -1.1863559795042621e-06
10 49 -4.3355595038244466e-06 -1.5744741442219204e-06
10 50 -6.1352521028573045e-06 -2.1959489766129336e-06
10 51 2.1323150682840321e-06 -2.2330642855191238e-06
10 52 -8.0513997500273031e-06 4.8121919736201205e-07
10 53 1.5576237307945222e-06 -9.1836297789080700e-07
10 54 -2.1764945748575523e-05 2.2806670342458867e-05
10 55 -7.3961120828260776e-07 7.8587458039612588e-06
10 56 -2.7283037882212591e-05 -1.9355288785050506e-05
10 57 -3.2693289156571280e-05 1.4775096729453611e-05
10 58 -5.8414874701802448e-06 -4.5566741624398710e-06
10 59 -2.3391283055688724e-05 3.7981796344936209e-05
10 60 9.7194459815068801e-06 -3.6539738452231896e-05
10 61 -3.8408408987429402e-05 2.7781620738560776e-05
10 62 -5.4494657074440739e-05 -3.4050842845316375e-05
10 63 -4.6818807102950918e-05 -1.4768440781611328e-05
10 64 -6.4325642787581088e-05 9.0674525309696295e-06
10 65 -2.8970229184310004e-05 -4.9150813801861547e-05
10 66 -2.1645948219567757e-04 3.2850709275033284e-05
10 67 -2.2881094275260686e-04 -6.9905855704450713e-06
10 68 -1.8244548820158283e-04 2.7851396076468354e-05
10 69 8.9074862544178004e-05 -2.9778083478209912e-05
10 70 -8.5781942821204095e-05 -2.4804723705953405e-04
10 71 -3.4029828935894203e-04 2.6288494440683254e-05
