0 0 -1.1999164686663248e+00 4.7773245739557982e-19
0 1 -1.7553789103412190e-01 1.8224680564198697e-19
0 2 -8.0529016038158499e-02 5.3233079327908040e-21
0 3 -5.1720227816046495e-02 2.5978761337101058e-21
0 4 -3.7231046950530547e-02 1.6726125455286740e-21
0 5 -2.8645830337492104e-02 -1.4268416135560601e-21
0 6 -2.2433955850881399e-02 5.3539660509687031e-22
0 7 -1.7863929145924783e-02 -3.9708694989493104e-22
0 8 -1.4787396741160459e-02 8.2527201966858128e-23
0 9 -1.2130282539716588e-02 1.3296204081231940e-22
0 10 -1.0101255892533960e-02 1.3474072924788981e-22
0 11 -8.7223155908096005e-03 1.0322396476589817e-22
0 12 -7.2984399170957295e-03 1.8895573313551986e-24
0 13 -5.8094184099205101e-03 1.8078465399474547e-23
0 14 -4.5024222845588460e-03 -9.2143403716773191e-23
0 15 -3.5514730128819697e-03 2.1976542705633076e-23
0 16 -2.8815418361674890e-03 -9.6682487279598552e-23
0 17 -2.3778710975766127e-03 -1.2455986179150352e-22
0 18 -2.0767163424693499e-03 -7.7117552826445856e-23
0 19 -1.7631795887396429e-03 -4.9447206967950115e-23
0 20 -1.4905315181423916e-03 -6.4572996562180186e-23
0 21 -1.2046671617131236e-03 -1.7883702819871672e-23
0 22 -9.7056073429662652e-04 2.5126573011161828e-24
0 23 -8.5220002288517683e-04 1.6270817567181246e-23
0 24 -7.4944935884438868e-04 2.3467455283248938e-23
0 25 -6.4579612230201261e-04 -4.5007361436994727e-23
0 26 -5.6586776876543386e-04 1.0233594662263846e-23
0 27 -5.0239335720536139e-04 3.7811269994738496e-23
0 28 -4.4857175808613183e-04 3.2713832793898334e-24
0 29 -4.1379597181848322e-04 2.9802007796278440e-24
0 30 -3.9678019930062159e-04 1.4629155587089250e-23
0 31 -3.9640838162433045e-04 1.7738236508598873e-23
0 32 -4.1132421459128888e-04 4.5415195170474415e-24
0 33 -4.5830228694346482e-04 -1.1278260298147501e-24
0 34 -5.6762465271248299e-04 5.2254019144859983e-23
0 35 -6.9682526622852001e-04 3.9165547559607734e-24
0 36 -7.7773457168931555e-04 -5.0868013830433898e-24
0 37 -8.3166315072006681e-04 -5.6407386616738555e-24
0 38 -9.1999486144992012e-04 -2.0462113818852427e-23
0 39 -9.7903239012209859e-04 2.9501647853671206e-23
0 40 -1.0079757098436603e-03 -2.4820984607328280e-24
0 41 -1.0263651809042428e-03 2.6935546245909932e-23
0 42 -1.0733802963591409e-03 -1.5299713205908841e-23
0 43 -1.1277405996974860e-03 2.2986873721833405e-23
0 44 -1.2454237565033162e-03 -5.6384647633555179e-23
0 45 -1.4091989554754795e-03 -5.2072911969317301e-23
0 46 -1.5539285921719265e-03 -2.0925670109563534e-23
0 47 -1.6963886966953558e-03 -1.9566015401560488e-23
0 48 -1.8899050063490882e-03 3.4401414143042471e-23
0 49 -2.1378990768047908e-03 -3.6161210948633812e-23
0 50 -2.4411267415862100e-03 -3.0495960191638944e-23
0 51 -2.8895065715245985e-03 6.7012036948485969e-23
0 52 -3.4896174197396666e-03 -3.1479446022304380e-23
0 53 -4.3917274397005726e-03 1.5406992319134655e-22
0 54 -5.5702403023936741e-03 1.3786616090844206e-22
0 55 -6.8388729369883959e-03 2.1499413571058562e-22
0 56 -8.0576435196654302e-03 5.3167094995994559e-23
0 57 -9.2527673906265071e-03 -7.4131829892563279e-23
0 58 -1.0552863452057599e-02 -2.4241248951735225e-22
0 59 -1.2129482724625537e-02 -1.1148070788035188e-21
0 60 -1.4000823360596265e-02 3.9095340531905220e-22
0 61 -1.5710560278979241e-02 -7.7590973295478582e-22
0 62 -1.7810528954371931e-02 3.2841511994989868e-22
0 63 -2.1035958977212086e-02 4.0131811947392162e-22
0 64 -2.3982819516914503e-02 1.3923056213657810e-21
0 65 -2.7226063661242330e-02 -7.6396645192845809e-22
0 66 -3.1133521299489500e-02 2.5345779717570410e-22
0 67 -3.6431374907359135e-02 3.6894479109013542e-22
0 68 -4.4344157974219464e-02 -8.7370625867420046e-22
0 69 -5.6225783360700866e-02 -2.2310053307427948e-21
0 70 -8.1739860243034354e-02 1.9275805498387643e-20
0 71 -1.7904413558380711e-01 -5.1993796871209042e-20
1 0 -3.7411835375137709e-01 1.9412266429735884e-04
1 1 -1.0745286159777923e-01 -3.3569158199964080e-04
1 2 -5.8533507590735848e-02 2.2048323713270290e-04
1 3 -3.8930966023946578e-02 1.8019950475333054e-05
1 4 -2.8215344780605868e-02 1.1990563971082041e-04
1 5 -2.1764193051473459e-02 8.8019272655406091e-07
1 6 -1.7090766406806526e-02 -3.8477264647832740e-05
1 7 -1.3577314818202102e-02 -4.5220495986383939e-05
1 8 -1.1264800702893166e-02 8.1705704166028463e-07
1 9 -9.2409730693626038e-03 3.5330871091888863e-05
1 10 -7.6959356681197038e-03 4.2434117092841006e-07
1 11 -6.6581928174875094e-03 7.9519428554537888e-06
1 12 -5.5635417127133891e-03 -2.6053901976549303e-05
1 13 -4.4323245063469909e-03 -1.4576247454533326e-05
1 14 -3.4256028944701336e-03 -2.3515256225983155e-06
1 15 -2.7114617494893747e-03 -9.0881959685497340e-06
1 16 -2.2079693086199076e-03 2.4452347553662311e-06
1 17 -1.8154940278759435e-03 5.7414467060757328e-06
1 18 -1.5839069736892728e-03 1.9804384158915824e-07
1 19 -1.3442442996589329e-03 -1.4676254989635880e-06
1 20 -1.1387799115263376e-03 -1.1488416342015472e-06
1 21 -9.1948350504994188e-04 -8.4476180026532965e-07
1 22 -7.3918084586643623e-04 1.9621307101661523e-06
1 23 -6.5067472874331413e-04 1.2082847732312826e-06
1 24 -5.7196605927226638e-04 -8.5564015400563317e-07
1 25 -4.9333190551096142e-04 -1.9734363795992338e-06
1 26 -4.3246575223712989e-04 -5.5451638294096538e-07
1 27 -3.8409866106629229e-04 -2.5900233443516474e-07
1 28 -3.4278014933119530e-04 7.7506375497147132e-07
1 29 -3.1449639749165997e-04 2.8500546104751824e-06
1 30 -3.0290356910020965e-04 7.9294723982816000e-07
1 31 -3.0287222676802340e-04 1.9760031764987583e-06
1 32 -3.1463446685188831e-04 3.0292302381018269e-06
1 33 -3.5039985699472008e-04 2.7270225028003203e-06
1 34 -4.3127869518886833e-04 -4.4272087629902083e-07
1 35 -5.3013095820670221e-04 -5.4005537134481708e-06
1 36 -5.8985755007378193e-04 -3.2295298959787392e-06
1 37 -6.3587611272482693e-04 -1.9831233696851426e-06
1 38 -7.0687178971144834e-04 -2.6707399891681151e-06
1 39 -7.5264315638928130e-04 -1.8214971793885210e-06
1 40 -7.7552178660390413e-04 -2.1328797392303271e-06
1 41 -7.8868563826213283e-04 9.3736267875920182e-07
1 42 -8.2652170611294913e-04 -2.5484104888861142e-06
1 43 -8.6886739537698858e-04 -6.1416527937272396e-07
1 44 -9.5275416410575491e-04 -8.1182725418141294e-07
1 45 -1.0803281094539142e-03 1.2906688957330540e-06
1 46 -1.1912594797716721e-03 6.5152910731341381e-06
1 47 -1.2995045102555626e-03 -5.5203872516268774e-06
1 48 -1.4401820462831983e-03 -4.2714369694294356e-06
1 49 -1.6329730754944679e-03 -4.9960629956991639e-06
1 50 -1.8658778286428385e-03 -1.5161316767313563e-06
1 51 -2.2024505835395837e-03 -2.9900440807275032e-08
1 52 -2.6660601523394935e-03 4.3689556170837320e-06
1 53 -3.3394555849833103e-03 1.7712799408328937e-05
1 54 -4.2353765883951728e-03 9.5126864920528025e-06
1 55 -5.2163089385625404e-03 -2.2378663985231189e-05
1 56 -6.1852275166507081e-03 -6.5299607109389980e-06
1 57 -7.0981834965611222e-03 7.1000722174553229e-06
1 58 -8.1306253350292967e-03 1.4856063639225605e-05
1 59 -9.3160049670296865e-03 2.7325710342969992e-05
1 60 -1.0750489537297030e-02 -2.5786042147006561e-05
1 61 -1.2025526022774293e-02 -7.3208171741643511e-05
1 62 -1.3599890467361092e-02 -7.1980201931456296e-05
1 63 -1.6081049987926341e-02 -1.1277512629124698e-04
1 64 -1.8300095958722288e-02 9.0476413028968495e-05
1 65 -2.0779499282718362e-02 7.4955643224243579e-05
1 66 -2.3753867727559379e-02 1.3820685786108239e-04
1 67 -2.7788519004699648e-02 1.1892601754184339e-04
1 68 -3.3656790268557113e-02 -1.0018456182865220e-05
1 69 -4.2424818304966153e-02 -4.3132008939967615e-05
1 70 -5.9802969454098118e-02 2.3935449354554972e-04
1 71 -1.1037257147355121e-01 -1.3314478865727430e-04
2 0 -1.2616716129450412e-01 -1.0896457699173054e-04
2 1 -5.3265353805095929e-02 -1.2270145310578631e-04
2 2 -3.4642058145051877e-02 6.5889166791266568e-05
2 3 -2.3439564981448099e-02 -7.3017403480251592e-05
2 4 -1.7154368398327610e-02 2.3897713476537413e-04
2 5 -1.3317803610215494e-02 7.2869198112698838e-06
2 6 -1.0549340437606969e-02 -4.3055014734499279e-05
2 7 -8.3158663981731055e-03 -5.1459803284545167e-05
2 8 -6.9182163653033254e-03 2.0978302850636511e-05
2 9 -5.6911007864553064e-03 3.8200050005143940e-05
2 10 -4.7661450335660998e-03 -9.6416360494572232e-06
2 11 -4.1015650098090656e-03 1.0801905432026574e-05
2 12 -3.4206647186072799e-03 -3.4253653457264521e-05
2 13 -2.7275263593939153e-03 -1.1255920406869655e-05
2 14 -2.1041409720608225e-03 -6.0930996851966181e-06
2 15 -1.6757272818450906e-03 -8.0546261408415589e-06
2 16 -1.3775923412377628e-03 5.5049583548970597e-06
2 17 -1.1263802579960817e-03 9.1176489732292861e-06
2 18 -9.7791879100552035e-04 2.3691592639465596e-06
2 19 -8.3185301818741286e-04 -1.1939896286269511e-06
2 20 -7.0654990407484927e-04 -3.5504585714142766e-07
2 21 -5.6953738378622324e-04 -4.0661289784529043e-07
2 22 -4.5506263824560285e-04 3.3579678961645928e-06
2 23 -4.0372325193937646e-04 9.6435746194307165e-07
2 24 -3.5403905920470397e-04 -1.0673781325826382e-06
2 25 -3.0570592722551385e-04 -2.4656255560316626e-06
2 26 -2.6841950344992546e-04 -1.9569142976851360e-07
2 27 -2.3781090857400981e-04 -4.2415636147138785e-07
2 28 -2.1262594940280491e-04 7.4248449023404510e-07
2 29 -1.9291666219489891e-04 4.0604818772495187e-06
2 30 -1.8762278021649994e-04 1.5346054483418074e-06
2 31 -1.8748808304673765e-04 2.0510614583630598e-06
2 32 -1.9537919601419983e-04 4.1522302701187859e-06
2 33 -2.1693767459637610e-04 3.7590763635193316e-06
2 34 -2.6317585895686656e-04 -1.1927916849390402e-06
2 35 -3.2499138281847159e-04 -5.6200884366536568e-06
2 36 -3.5781025359266826e-04 -4.0760365531549820e-06
2 37 -3.9430720959710409e-04 -4.2356760218816454e-06
2 38 -4.4211729008024635e-04 -4.7315374033470902e-06
2 39 -4.7242733609974264e-04 -3.3319582901839202e-06
2 40 -4.8689899018454459e-04 -5.6924300602280603e-06
2 41 -4.9422609314354459e-04 -1.0015199221632223e-07
2 42 -5.2034709810595738e-04 -5.0950964949951586e-06
2 43 -5.4980063357913981e-04 9.5148964853129999e-08
2 44 -5.9052152718326676e-04 1.0040739475619569e-07
2 45 -6.7071548240728329e-04 1.2235574176211354e-06
2 46 -7.4428588026479987e-04 1.0249885199430332e-05
2 47 -8.1307922276489808e-04 -8.7862464281866709e-06
2 48 -8.8946636582549652e-04 -5.5307706578771912e-07
2 49 -1.0128940065557443e-03 -6.3082430306114651e-06
2 50 -1.1654720193766965e-03 1.2737635978666615e-07
2 51 -1.3664384990345626e-03 -2.0779586109367302e-06
2 52 -1.6571901341847304e-03 1.1089919005296872e-05
2 53 -2.0483656271094615e-03 2.0668819150197247e-05
2 54 -2.5927635211280978e-03 1.6952035733501779e-05
2 55 -3.2103527618091393e-03 -1.5110327562083690e-05
2 56 -3.8753280944245428e-03 -2.6649723694299640e-06
2 57 -4.4384251531790798e-03 1.3218749051183074e-05
2 58 -5.1231898060055429e-03 2.6704680873383150e-05
2 59 -5.8152370750369975e-03 2.8166295642566917e-05
2 60 -6.7203543459482991e-03 -6.6556353593324316e-05
2 61 -7.5028594841248693e-03 -9.7270930866450364e-05
2 62 -8.3877297333856144e-03 -1.0720267004077794e-04
2 63 -1.0040799742916674e-02 -1.5319003124801794e-04
2 64 -1.1369605875724199e-02 8.3122071879860457e-05
2 65 -1.2910934731926406e-02 8.8780393947151200e-05
2 66 -1.4671878291233401e-02 1.7611376089337496e-04
2 67 -1.7184512900002676e-02 1.5119190320838399e-04
2 68 -2.0644763816864236e-02 2.8352354934468944e-05
2 69 -2.5781251291417815e-02 -2.1713201257661676e-05
2 70 -3.5096053363154175e-02 4.5463601942010199e-04
2 71 -5.5150277632293812e-02 -2.9945378197832956e-04
3 0 -4.6927079800997099e-02 6.6183402247936638e-04
3 1 -2.5278740117978388e-02 1.6092970867308327e-04
3 2 -1.8755194206173002e-02 2.2553885909767482e-07
3 3 -1.2773209790885724e-02 -1.3292054200130873e-05
3 4 -9.4984287145513640e-03 2.6124323714512708e-04
3 5 -7.4888912147152500e-03 2.3524282085402915e-05
3 6 -6.0198671361223408e-03 -2.3145120621923849e-05
3 7 -4.6706046259557188e-03 -4.7346660393435043e-05
3 8 -3.8987043641365970e-03 5.3357645265599197e-05
3 9 -3.2253113249035826e-03 3.7067831515420845e-05
3 10 -2.7292026399564763e-03 -4.8673764782036456e-07
3 11 -2.3283740799485172e-03 1.2959812853305377e-05
3 12 -1.9388957123974203e-03 -2.9542235674582693e-05
3 13 -1.5414893350755416e-03 -1.8936460470523090e-05
3 14 -1.1948899751459041e-03 -8.7055985365508483e-06
3 15 -9.5691849316666101e-04 -2.7680366231137023e-06
3 16 -7.9750009627467771e-04 2.9770187349808964e-06
3 17 -6.4928324470808405e-04 9.3256920583072435e-06
3 18 -5.5798507208999868e-04 2.9806858609811514e-06
3 19 -4.7915316851503869e-04 -2.5596529883982554e-06
3 20 -4.0555817498633422e-04 5.4668205056744304e-07
3 21 -3.2666697963946610e-04 -5.2596141380538860e-07
3 22 -2.5837229069807047e-04 3.9179102491149242e-06
3 23 -2.3324747142646873e-04 1.4056572050604598e-06
3 24 -2.0281573380992275e-04 -1.3082942632175844e-06
3 25 -1.7501076259417454e-04 -1.2000758268893015e-06
3 26 -1.5395356425056733e-04 1.0862628573538304e-07
3 27 -1.3580198711967656e-04 9.7554034308954241e-08
3 28 -1.2177591387090444e-04 6.3859840498262561e-07
3 29 -1.0869916274592913e-04 3.7518697492934053e-06
3 30 -1.0704591734054398e-04 1.6111651574815508e-06
3 31 -1.0713779957946228e-04 1.0885534867629707e-06
3 32 -1.1172110388998785e-04 4.4778576624833491e-06
3 33 -1.2304592691229744e-04 3.1011902064298251e-06
3 34 -1.4594170270510392e-04 -2.3754999070806529e-06
3 35 -1.8229160826821014e-04 -3.1999953876092007e-06
3 36 -1.9749801544384715e-04 -2.0594687289183442e-06
3 37 -2.2564613997254050e-04 -6.1223537569027232e-06
3 38 -2.5431720805804345e-04 -4.0819334319791071e-06
3 39 -2.7682725079752440e-04 -2.8351650635709349e-06
3 40 -2.8257646097990056e-04 -7.7946195701772979e-06
3 41 -2.8835940569585497e-04 2.0967160217198534e-07
3 42 -3.0586073371736749e-04 -6.9020151651758957e-06
3 43 -3.2438557249970200e-04 4.6954567802056168e-07
3 44 -3.3782711849398027e-04 2.3569796701070554e-06
3 45 -3.8310716361872571e-04 1.5985915087674423e-06
3 46 -4.2882624936748688e-04 1.1869691181082150e-05
3 47 -4.7336429424521152e-04 -1.0460723973629989e-05
3 48 -5.1113150341553241e-04 6.4309528389763208e-06
3 49 -5.8468410054287603e-04 -6.3701561066014826e-06
3 50 -6.7824097141350789e-04 2.4663676570551691e-06
3 51 -7.9352267101067612e-04 -1.2896894341744288e-06
3 52 -9.5165110996651113e-04 1.4749151725017753e-05
3 53 -1.1594162322966688e-03 1.2971985948586168e-05
3 54 -1.4645803385355453e-03 2.5632259953713863e-05
3 55 -1.8261766653214267e-03 -6.6959674842686908e-06
3 56 -2.2534169996822539e-03 -6.1150935854988059e-06
3 57 -2.5799398149270038e-03 2.2807340302029859e-05
3 58 -3.0073838858360974e-03 3.3508606584455372e-05
3 59 -3.3577276899651003e-03 6.9884272660666516e-06
3 60 -3.8898104307602648e-03 -9.0150413999875664e-05
3 61 -4.3442411254774466e-03 -7.9878465811635097e-05
3 62 -4.7355967064829562e-03 -1.0472931244507211e-04
3 63 -5.8317652803363011e-03 -1.3083670806856668e-04
3 64 -6.5679647770864446e-03 2.1229809690646694e-06
3 65 -7.4513958028548308e-03 5.1776552101129598e-05
3 66 -8.3353918779466990e-03 2.1841505541084403e-04
3 67 -9.8133961132910678e-03 1.3386838468975167e-04
3 68 -1.1749750895779296e-02 6.3953592284883670e-05
3 69 -1.4522763670489805e-02 2.0304178962242311e-05
3 70 -1.8846563091229038e-02 6.3771629710229847e-04
3 71 -2.5946217682799252e-02 1.1625422815272661e-04
4 0 -1.9819559536174491e-02 4.3788450993657613e-04
4 1 -1.2080476239460569e-02 2.7971343561160474e-04
4 2 -9.8111227391446607e-03 5.3436373239398936e-05
4 3 -6.5811379166172291e-03 7.9781640336461481e-05
4 4 -5.0228898048188175e-03 2.1747977892603299e-04
4 5 -4.0392396007046796e-03 -3.7073887986639189e-06
4 6 -3.2952622246615101e-03 4.1615075401785684e-07
4 7 -2.5103261829664148e-03 -4.3400219451372118e-05
4 8 -2.0867860370131944e-03 6.9009796897307030e-05
4 9 -1.7508038595365478e-03 3.0795404751205837e-05
4 10 -1.4926991147909804e-03 8.9126541654033841e-06
4 11 -1.2633397609499285e-03 2.0501929322933710e-05
4 12 -1.0569076659559303e-03 -1.5623816473520879e-05
4 13 -8.2738676684683218e-04 -2.4995993744787275e-05
4 14 -6.5348714991834056e-04 -7.4495183490362775e-06
4 15 -5.2912761818591154e-04 3.9788645098490235e-06
4 16 -4.4187848965790151e-04 1.2776006907708650e-06
4 17 -3.5915206595531760e-04 8.1206221390292724e-06
4 18 -3.0469325775711608e-04 5.3763613655387123e-06
4 19 -2.6608705633812571e-04 -3.9948768653021154e-06
4 20 -2.2291965207120080e-04 -1.4825346904568843e-06
4 21 -1.8059124004701091e-04 8.3551193544429332e-07
4 22 -1.4037552729060824e-04 3.2985247845299961e-06
4 23 -1.3022436203747725e-04 2.1645597156088084e-06
4 24 -1.1161362819909165e-04 -1.2022646129528067e-06
4 25 -9.5182134107437135e-05 -7.9944338450714992e-08
4 26 -8.4267133160557110e-05 8.9427610118359511e-07
4 27 -7.4010438322489190e-05 9.9568333221559185e-07
4 28 -6.6719030568163502e-05 5.6649658257265556e-07
4 29 -5.8449516221065591e-05 2.5651845417044131e-06
4 30 -5.8123755188080743e-05 1.2321857345412964e-06
4 31 -5.8461584856384326e-05 -8.4369582528423992e-08
4 32 -6.0653589674190577e-05 4.8338120579442700e-06
4 33 -6.6381166685551213e-05 2.4481102851773338e-06
4 34 -7.6364767379993496e-05 -2.1342397618806529e-06
4 35 -9.6201071351076492e-05 -7.8093811964008184e-07
4 36 -1.0409927677476217e-04 -3.6893518686670992e-07
4 37 -1.2390746532048029e-04 -7.3833063761278185e-06
4 38 -1.4070255918000250e-04 -2.3746381168458156e-06
4 39 -1.5655734083749295e-04 -6.9634566438840553e-07
4 40 -1.5496218233206709e-04 -7.9003271462659848e-06
4 41 -1.6308659178279774e-04 8.4212118839747470e-07
4 42 -1.7440566726273162e-04 -6.2204750549868132e-06
4 43 -1.8511450811229077e-04 -7.1453601991074560e-07
4 44 -1.8622830176349381e-04 3.6426753154862437e-06
4 45 -2.0912029006145102e-04 2.3304613196184166e-06
4 46 -2.3620364747701923e-04 1.1126240281924095e-05
4 47 -2.6599960104634534e-04 -8.9448149673060737e-06
4 48 -2.8398576567986998e-04 1.3229495801972066e-05
4 49 -3.2570812441399031e-04 -7.3642772763494563e-06
4 50 -3.7951412757810169e-04 3.3808873745242544e-06
4 51 -4.4748074688062418e-04 -5.0199995662400416e-07
4 52 -5.2149746217455286e-04 1.6293731695692748e-05
4 53 -6.3060874789773935e-04 1.0966071157884921e-05
4 54 -7.9631694914842515e-04 3.1094388150784359e-05
4 55 -9.9901572278604978e-04 -1.5676727748963933e-06
4 56 -1.2638156037071053e-03 -2.1601846473479200e-06
4 57 -1.4551810869886195e-03 2.1163444049700365e-05
4 58 -1.7160212837390666e-03 2.7379700588919468e-05
4 59 -1.8572383245373896e-03 -7.3280258951538309e-06
4 60 -2.1781578254098494e-03 -7.4408386053575402e-05
4 61 -2.4235515436154291e-03 -5.5320180478909479e-05
4 62 -2.5426059762387603e-03 -9.6598433189544117e-05
4 63 -3.2715190011805102e-03 -1.0602654908644673e-04
4 64 -3.6492744932396172e-03 -3.9629357570903784e-05
4 65 -4.1552059970500765e-03 -1.0532541108002977e-05
4 66 -4.5331884620025600e-03 2.6209322183413464e-04
4 67 -5.4127956774330625e-03 9.8291941682285221e-05
4 68 -6.5085419724602743e-03 8.1864053691527367e-05
4 69 -7.8099766166778387e-03 5.5916800960216491e-05
4 70 -9.7744186146302790e-03 5.3060663149236023e-04
4 71 -1.1834697517888619e-02 1.3753211649880160e-04
5 0 -8.8751387428236267e-03 4.0194287659431116e-04
5 1 -5.9564456348355117e-03 2.4869895975819213e-04
5 2 -5.0814865448413019e-03 8.9798454191098505e-05
5 3 -3.3283582087306738e-03 1.2643318637479980e-04
5 4 -2.5712129996499451e-03 1.9186260586050887e-04
5 5 -2.1266273674700052e-03 -3.5753769401396735e-05
5 6 -1.7490606667983205e-03 6.1450243294778021e-06
5 7 -1.3174487710433092e-03 -3.0882274034924384e-05
5 8 -1.0684418308791303e-03 6.5993918527344303e-05
5 9 -9.2516122383963354e-04 2.7613180814883751e-05
5 10 -7.9512128955602150e-04 7.2113503292398177e-06
5 11 -6.7279882950523203e-04 2.5340550032338050e-05
5 12 -5.6489803227570380e-04 -5.8019792830189312e-06
5 13 -4.2877743029167938e-04 -2.2663504493228740e-05
5 14 -3.4472206444500049e-04 -3.4625533268508679e-06
5 15 -2.9088665383954871e-04 7.6001613220896142e-06
5 16 -2.3804526917556654e-04 3.0739830399078001e-06
5 17 -1.9299952980714804e-04 5.5719452981636152e-06
5 18 -1.6191861169663043e-04 7.6548584286218413e-06
5 19 -1.4457987793047803e-04 -4.6280863857276731e-06
5 20 -1.1897777534233780e-04 -4.4882203851208024e-06
5 21 -9.7849607689241366e-05 2.2062794748855452e-06
5 22 -7.4282817687535552e-05 3.1263923005544176e-06
5 23 -7.1435469101151000e-05 2.3440777041147045e-06
5 24 -5.9955322199669774e-05 -1.0183426149433627e-06
5 25 -5.0269614698276237e-05 -4.1811403443476821e-08
5 26 -4.4653433842560395e-05 2.1126001478864332e-06
5 27 -3.8793739216140190e-05 1.3300029053427409e-06
5 28 -3.5370684005075191e-05 7.2162199788452693e-07
5 29 -3.0132078503342257e-05 1.3330480305000975e-06
5 30 -3.0785151545539332e-05 1.0643264855118046e-06
5 31 -3.1194135797508085e-05 -5.9009676461587732e-07
5 32 -3.1666707911017923e-05 4.3983827640997829e-06
5 33 -3.4793123756948954e-05 1.6919387890795254e-06
5 34 -3.9720455500900832e-05 -9.7964559950881823e-07
5 35 -4.8216177495324056e-05 -1.9691593213603519e-07
5 36 -5.2941536296990398e-05 -4.2647889957588962e-07
5 37 -6.5380459807004809e-05 -5.7002357054720907e-06
5 38 -7.6821620182728281e-05 -1.2579675440520536e-06
5 39 -8.4169786657887051e-05 1.0120074024390624e-07
5 40 -8.0879639634344510e-05 -7.4247792729558409e-06
5 41 -9.0679133488688897e-05 6.1382935407569756e-07
5 42 -9.7648838294365264e-05 -4.6458406016343911e-06
5 43 -1.0478756660265581e-04 -2.3808572562256719e-06
5 44 -9.9679663341754158e-05 3.6878501923562884e-06
5 45 -1.1085503725231066e-04 1.9576234461971501e-06
5 46 -1.2787840681632243e-04 8.0353117273363761e-06
5 47 -1.4699842844588626e-04 -6.0748768136309351e-06
5 48 -1.5286627604767773e-04 1.4994986469978792e-05
5 49 -1.7605077821019116e-04 -5.1112924751841259e-06
5 50 -2.0330373616655393e-04 2.0607135872296284e-06
5 51 -2.4529482726682130e-04 3.4447274150184554e-06
5 52 -2.7448824612289423e-04 1.5663193436875772e-05
5 53 -3.3494873023991585e-04 4.7555196008903049e-06
5 54 -4.2215187439020901e-04 3.1713546451301383e-05
5 55 -5.2920216516547840e-04 3.2086491255711205e-07
5 56 -6.9491379648449210e-04 1.3192181986931613e-05
5 57 -8.1086864685533022e-04 1.7143936201990394e-05
5 58 -9.5667745279547653e-04 2.5923279525657838e-05
5 59 -9.9321389243611910e-04 -1.6849735040923016e-05
5 60 -1.2012803011496316e-03 -5.1626921929251355e-05
5 61 -1.3107292583301928e-03 -5.1565577814410446e-05
5 62 -1.3188593365464451e-03 -1.0729575671764885e-04
5 63 -1.8060106647145148e-03 -1.1050506141624930e-04
5 64 -1.9749760706891562e-03 -1.2247705738077615e-05
5 65 -2.2994937479277108e-03 -7.5901607115496755e-05
5 66 -2.4065222707321736e-03 2.9888521776646077e-04
5 67 -2.9632583356753342e-03 2.1449027894870391e-05
5 68 -3.5508857485137399e-03 7.0580083224410712e-05
5 69 -4.0616723310696020e-03 8.3104924931944060e-05
5 70 -4.9808016460352947e-03 4.0557794952644365e-04
5 71 -5.2382944915847114e-03 -1.7300354933614946e-04
6 0 -4.2810041716904775e-03 1.8691333058129148e-04
6 1 -3.0827147858595140e-03 7.0872949103593713e-05
6 2 -2.6006998633637105e-03 9.0061576114808167e-05
6 3 -1.6630736481848271e-03 1.4870531834966548e-04
6 4 -1.2976704428161426e-03 1.6579231355533125e-04
6 5 -1.0957411360909058e-03 -6.5860706661535138e-05
6 6 -8.9922414732541154e-04 1.7014959651004556e-05
6 7 -7.0101823868095638e-04 -2.0216492968928944e-05
6 8 -5.1386052005250561e-04 4.8026443544007394e-05
6 9 -4.8603000514166680e-04 1.5167312818103854e-05
6 10 -4.1419597966006988e-04 1.0226347098430025e-06
6 11 -3.6133815824858329e-04 2.1097680089822130e-05
6 12 -3.0062366549021716e-04 -4.9016478486629874e-07
6 13 -2.0966638949752690e-04 -1.7498062167355733e-05
6 14 -1.7453084548015379e-04 -1.1792889864956580e-06
6 15 -1.5958252658564143e-04 8.3212768472444993e-06
6 16 -1.2539286783160865e-04 4.2959684401459250e-06
6 17 -1.0206034457229757e-04 1.6805291535139498e-06
6 18 -8.2620629493412452e-05 8.4076316305639642e-06
6 19 -7.7164073224815936e-05 -4.7236214396345627e-06
6 20 -6.2192899882948556e-05 -6.4929976693955807e-06
6 21 -5.2578838104397423e-05 2.8614467809704695e-06
6 22 -3.7705602412626529e-05 2.8122509200526414e-06
6 23 -3.8965231515882444e-05 2.4774681034195359e-06
6 24 -3.1486780296075261e-05 -4.9405263860672800e-07
6 25 -2.5740868907540592e-05 -1.0322493555731495e-07
6 26 -2.3544023931543379e-05 2.5211972154818824e-06
6 27 -1.9724550859699645e-05 1.1080553253484425e-06
6 28 -1.8272811320435196e-05 1.0757690105914312e-06
6 29 -1.4842153533541232e-05 3.8991451953868618e-07
6 30 -1.6177353351869118e-05 8.9096231914340578e-07
6 31 -1.6887277083715025e-05 -9.0639426503526470e-07
6 32 -1.6093358719556175e-05 3.5373447489803514e-06
6 33 -1.7696766321080849e-05 2.5991354346726344e-07
6 34 -2.0904094280949833e-05 -1.2956572823572308e-07
6 35 -2.3524802589051368e-05 -7.7413470616773151e-07
6 36 -2.5935214633983721e-05 -1.3343020559032317e-06
6 37 -3.3146996846849001e-05 -2.2991234159201286e-06
6 38 -4.0998000175305974e-05 -5.3945421329558434e-07
6 39 -4.3711186829652581e-05 8.5609936633028353e-07
6 40 -4.1751236653724544e-05 -7.0316425562342837e-06
6 41 -5.0340535673159336e-05 7.1256364918979057e-07
6 42 -5.3130258791039306e-05 -4.0122081183833344e-06
6 43 -5.9348288168234726e-05 -2.7341216258662540e-06
6 44 -5.2792227994762249e-05 2.6207881377691186e-06
6 45 -5.7276055553954441e-05 9.4311298737051647e-07
6 46 -6.9253699456292781e-05 3.4133696762132417e-06
6 47 -8.0202916312709780e-05 -3.9258462716183760e-06
6 48 -8.0852849190450059e-05 1.3558311648973673e-05
6 49 -9.1475002925810108e-05 -2.6833646726997498e-06
6 50 -1.0496692779094342e-04 -2.1519339094510965e-06
6 51 -1.2981181988565258e-04 4.1097374880819981e-06
6 52 -1.4232852220010713e-04 1.3038171445221096e-05
6 53 -1.6883509387284533e-04 -3.7108002128662903e-06
6 54 -2.0814621509541255e-04 2.8730926254327230e-05
6 55 -2.7066041504300310e-04 9.6028740892412175e-06
6 56 -3.7279611076973887e-04 2.6347309645714570e-05
6 57 -4.5757339728550020e-04 2.3454959205876782e-05
6 58 -5.2111950250732667e-04 1.8120208644122171e-05
6 59 -5.2127703167037141e-04 -3.9286991615429705e-05
6 60 -6.4623980437772096e-04 -2.7669377203278861e-05
6 61 -6.8584583864259550e-04 -4.1708984179364247e-05
6 62 -6.7628668261808067e-04 -1.1619096471348406e-04
6 63 -9.9264813185535438e-04 -1.4762275651507739e-04
6 64 -1.0302352876420103e-03 1.0961638703915994e-06
6 65 -1.2865206343542976e-03 -1.0166058476123977e-04
6 66 -1.2673848263411497e-03 2.9338643375183358e-04
6 67 -1.5967312549567906e-03 -3.4165868605756043e-05
6 68 -1.9468468542584384e-03 3.0734235585795196e-05
6 69 -2.0689280059102387e-03 3.0424979509739220e-05
6 70 -2.6066663214237883e-03 3.4993600525471069e-04
6 71 -2.4286126068726998e-03 -2.3134965871271659e-04
7 0 -2.1173704339135439e-03 -2.3030167666061274e-04
7 1 -1.5776446176686615e-03 -7.2300869956269683e-05
7 2 -1.2947608025463955e-03 5.8782948254309868e-06
7 3 -8.1418586528548892e-04 1.6713717876473639e-04
7 4 -6.7488162394319345e-04 1.4242712612505193e-04
7 5 -5.5157342756537403e-04 -9.8903549923361065e-05
7 6 -4.4989825476371789e-04 2.9218322237226676e-05
7 7 -3.8947028956727901e-04 8.6359950209899239e-07
7 8 -2.2885815890750561e-04 2.2170151259219694e-05
7 9 -2.5538347654345967e-04 4.7422044529617785e-06
7 10 -2.0521515502144579e-04 -6.3581252983407819e-06
7 11 -2.0275640752294625e-04 9.7685426343250930e-06
7 12 -1.5686827059756389e-04 4.0765330641952008e-06
7 13 -9.4374825861757766e-05 -1.5248396510435822e-05
7 14 -8.2460628911055781e-05 1.1543918729936091e-06
7 15 -8.5501079114770352e-05 7.1262870923480357e-06
7 16 -6.4289041963353020e-05 5.6813789219076928e-06
7 17 -5.5017676823491267e-05 -7.5954026729337891e-07
7 18 -3.9094758878756000e-05 7.3486495547338179e-06
7 19 -4.1906509358555702e-05 -4.6750718542119134e-06
7 20 -3.2795188563793181e-05 -6.5095156137267135e-06
7 21 -2.8555058323126571e-05 2.4651696293634881e-06
7 22 -1.8127787683199561e-05 1.9411742431426518e-06
7 23 -2.0841486562389289e-05 2.2712472509888632e-06
7 24 -1.6030919732507613e-05 -7.1673751177499043e-08
7 25 -1.2748659366697276e-05 -1.2873647290491835e-07
7 26 -1.2267610661940952e-05 2.3483362437151435e-06
7 27 -9.4785670949295598e-06 4.8381760339759339e-07
7 28 -9.1533522257734132e-06 1.1538208353074882e-06
7 29 -6.8574199079062229e-06 -2.8929993799992077e-07
7 30 -8.4234703178749932e-06 7.4600991989920300e-07
7 31 -9.1275679365856871e-06 -8.1248126157872706e-07
7 32 -8.0952696631782310e-06 2.6306160838603537e-06
7 33 -8.4883980749923392e-06 -4.3624108240834320e-07
7 34 -1.1374797242719459e-05 5.2985992771359583e-07
7 35 -1.1382596174625494e-05 -1.5283219448670117e-06
7 36 -1.2083827801280517e-05 -7.4118915044835860e-07
7 37 -1.5285665547513917e-05 8.1292723840823304e-07
7 38 -2.0855882253923529e-05 1.0567088617765298e-07
7 39 -2.3484086015110264e-05 6.6656121316861558e-07
7 40 -2.2181458475546187e-05 -5.2394420843096007e-06
7 41 -2.8606654225864960e-05 6.3815887548513451e-07
7 42 -2.8022141595385469e-05 -3.8203659416037133e-06
7 43 -3.4325302335306327e-05 -2.8590272838828722e-06
7 44 -2.8069711912507937e-05 1.7238079473061868e-06
7 45 -3.0375216836087493e-05 5.4049595758778041e-07
7 46 -3.6577937050029454e-05 -2.9607201605786578e-07
7 47 -4.3821356112722846e-05 2.5049132340436341e-07
7 48 -4.3208560858918441e-05 1.0639977669846474e-05
7 49 -4.4636703783170289e-05 -3.5385686809052229e-07
7 50 -5.2077569787206156e-05 -6.5379759392960643e-06
7 51 -6.3239863606157177e-05 1.9071550222886581e-06
7 52 -7.7446684090065902e-05 1.1079045220389533e-05
7 53 -7.9273375841490686e-05 -8.1659029635060318e-06
7 54 -8.3034818845335238e-05 2.4578691660031950e-05
7 55 -1.3341750707482640e-04 2.2617563624585569e-05
7 56 -1.8805554231022723e-04 2.8481991245773577e-05
7 57 -2.6350712121366054e-04 2.7468627399994410e-05
7 58 -2.8500190014630543e-04 -5.2802032474384136e-07
7 59 -2.8665876142400687e-04 -5.2506281411037514e-05
7 60 -3.3291798409159729e-04 4.3964920233297217e-06
7 61 -3.6062460689905465e-04 -2.6953443852292418e-05
7 62 -3.2651421563831121e-04 -1.2087890813455757e-04
7 63 -5.4853253309927990e-04 -1.5126045768346856e-04
7 64 -5.1017280889849781e-04 -1.7130659769331765e-05
7 65 -7.2793205793272419e-04 -1.0310662470712715e-04
7 66 -6.4561803919882467e-04 2.4945634986095911e-04
7 67 -8.3646447841539604e-04 -6.8409416268773684e-05
7 68 -1.0763872234914782e-03 3.9253644281068605e-05
7 69 -1.0032808801833913e-03 -3.7367940426830508e-05
7 70 -1.3728115629533545e-03 3.1979124331677248e-04
7 71 -1.2675800448325755e-03 -2.6889377332276067e-04
8 0 -8.4237904128611828e-04 -3.1848886946368640e-04
8 1 -7.4940075986976086e-04 -1.3112811528910682e-04
8 2 -6.1202772887497797e-04 -6.7862399204122350e-05
8 3 -3.7968448796342306e-04 1.6876484363115000e-04
8 4 -3.4376726982508261e-04 9.7951828794974461e-05
8 5 -2.7146389541777503e-04 -1.1280898058250205e-04
8 6 -2.1438634626840507e-04 3.9671179366628321e-05
8 7 -2.2365879903631588e-04 5.6983366319592501e-06
8 8 -8.9758591711854092e-05 -5.1124402962090816e-06
8 9 -1.2981374220361110e-04 1.0546452777768843e-06
8 10 -9.3801988702405000e-05 -7.7434100624376972e-06
8 11 -1.2583022402273711e-04 6.1390856233793004e-07
8 12 -7.3211692680252011e-05 1.5524227418789996e-05
8 13 -3.4435058575516472e-05 -1.0667000992938252e-05
8 14 -3.4477032572509775e-05 5.4363845919895715e-06
8 15 -4.6135209933215862e-05 5.9287730431540290e-07
8 16 -3.2229883120833364e-05 8.1402059929271937e-06
8 17 -2.9094373916311996e-05 -6.4534985584632112e-07
8 18 -1.8570528351929960e-05 5.6645655886820784e-06
8 19 -2.3297202715925041e-05 -3.7677128051786610e-06
8 20 -1.7640692026885344e-05 -5.3450194993246535e-06
8 21 -1.5348729328028444e-05 1.9348262921797596e-06
8 22 -8.1878857082468485e-06 9.3112342620464859e-07
8 23 -1.0611599955757396e-05 2.1488781737127238e-06
8 24 -8.2716074644358100e-06 1.6577905486052825e-07
8 25 -5.8468843743878421e-06 -3.4975408587662385e-07
8 26 -6.2477762547911984e-06 1.7014293236457520e-06
8 27 -3.7178393827506331e-06 4.9458917134853571e-08
8 28 -4.4483839526037997e-06 7.8195398919749976e-07
8 29 -2.6780273779418762e-06 -1.0478702726257641e-06
8 30 -4.2585699068203244e-06 1.0416965669797028e-06
8 31 -5.2677520722398937e-06 -7.4038198075428178e-07
8 32 -4.0218155850845757e-06 1.8160786442246250e-06
8 33 -4.0379615389720941e-06 -1.5769759549157480e-07
8 34 -6.1867251470289798e-06 8.9040808904450840e-07
8 35 -5.9994526092899430e-06 -1.2546628199149660e-06
8 36 -6.1530702210478708e-06 -3.5750312066479874e-07
8 37 -5.7812963802832089e-06 3.3574521272332188e-06
8 38 -1.0127125232757707e-05 9.8734776397239803e-08
8 39 -1.4099275480602405e-05 -3.6757850135980284e-07
8 40 -1.2337885185002594e-05 -3.2831284097625452e-06
8 41 -1.6566118385395949e-05 1.1091999824461257e-06
8 42 -1.4167628539970271e-05 -2.9770503214237769e-06
8 43 -2.0933762403682732e-05 -2.9656086408186819e-06
8 44 -1.4838970459548433e-05 8.0765854011218768e-07
8 45 -1.6393765865262241e-05 1.5181104573072979e-06
8 46 -1.8484970696287948e-05 -1.8262292296044866e-06
8 47 -2.4222120664862338e-05 4.0200628957545213e-06
8 48 -2.3635949450686102e-05 4.9252708794605894e-06
8 49 -1.8771485391097210e-05 3.0630326936536082e-08
8 50 -2.4252888812659801e-05 -6.7390575769770811e-06
8 51 -2.7901893037210187e-05 7.5971825677446152e-08
8 52 -4.7370170863272080e-05 9.5113369338481933e-06
8 53 -3.6371335819710298e-05 -6.9919084764365300e-06
8 54 -1.7263390334776580e-05 1.6701127229592704e-05
8 55 -6.2864768840695536e-05 2.7782020117916091e-05
8 56 -8.2731797281988467e-05 2.0873564995945115e-05
8 57 -1.5229721691833979e-04 1.6291840792060134e-05
8 58 -1.7340585630177361e-04 -7.4903468085140572e-06
8 59 -1.8236736957079287e-04 -6.8565220933764371e-05
8 60 -1.7764002177052138e-04 4.1370732661380673e-05
8 61 -2.0958580101943113e-04 -3.0981757791251407e-05
8 62 -1.5539722810162707e-04 -1.2071290648765654e-04
8 63 -3.0178833400639648e-04 -1.4022883675625801e-04
8 64 -2.4299093972959650e-04 -1.5505942269045191e-05
8 65 -4.3111344532850167e-04 -4.8743941408612365e-05
8 66 -3.4075692648753757e-04 1.8780428129026039e-04
8 67 -4.0721189858098695e-04 -7.3717381552901672e-05
8 68 -5.8821684266006425e-04 1.1502166406278513e-05
8 69 -4.5388568070637057e-04 -1.2232455754674615e-04
8 70 -7.0806406372838976e-04 2.4630427556993805e-04
8 71 -6.8764686718215148e-04 -1.5771928971048269e-04
9 0 -1.0911671950932258e-04 -2.9604985942876990e-04
9 1 -3.5997054356864028e-04 -1.1986814349987069e-04
9 2 -2.4091370272693436e-04 -1.5363096515341593e-04
9 3 -1.6448685680751807e-04 1.3874096737039664e-04
9 4 -1.3559618793104099e-04 3.7750254964329817e-05
9 5 -1.5238068256103859e-04 -1.0745232802278787e-04
9 6 -8.8747612289961770e-05 3.2020994508495536e-05
9 7 -1.2352401351911708e-04 7.2731950509417655e-08
9 8 -2.2205365222791563e-05 -2.5285416330321586e-05
9 9 -6.4313778719726403e-05 -1.0251553529884662e-05
9 10 -3.7556362527126995e-05 -3.3567840128297935e-06
9 11 -7.7968615841059053e-05 4.6234316884816035e-07
9 12 -2.6158434576093267e-05 2.3644371545051909e-05
9 13 -3.5170646260125140e-06 -5.1118820290229843e-06
9 14 -1.3029095344588522e-05 1.4909056181411783e-05
9 15 -2.3379943741119470e-05 -7.6888467080884129e-06
9 16 -1.5677375945176658e-05 1.1471462228670023e-05
9 17 -1.5697063761723473e-05 -2.9314040851666118e-07
9 18 -8.5354240806423734e-06 2.8786101970611044e-06
9 19 -1.3735323259112069e-05 -3.0833738099011437e-06
9 20 -8.7705687674086174e-06 -4.4869129582521998e-06
9 21 -7.6876688067076721e-06 4.9482657472800359e-07
9 22 -3.9993191617388926e-06 8.0673191641578252e-08
9 23 -5.3950303662974232e-06 2.0435114985109709e-06
9 24 -4.3138034944212044e-06 -2.2074880769915955e-07
9 25 -2.4012514469603783e-06 -1.1809019518612364e-07
9 26 -3.4768360370684348e-06 6.2811212739365329e-07
9 27 -5.5684097659041203e-07 -1.3345475844328434e-07
9 28 -1.7518787341972526e-06 4.4717783301336939e-07
9 29 -7.2063540000531165e-07 -1.4658363543886405e-06
9 30 -1.7148441526585098e-06 1.2744169003079424e-06
9 31 -3.6508183321120221e-06 -2.4759975856631134e-07
9 32 -2.1228365867649307e-06 7.2180502644587141e-07
9 33 -2.0474584121460926e-06 4.5577995842341078e-07
9 34 -3.1513386645971496e-06 9.3200746628081600e-07
9 35 -3.9301009114015575e-06 -3.1758972010530294e-07
9 36 -3.3553272495345806e-06 -8.5734418499750328e-07
9 37 -1.7691555282948805e-06 4.1058225965677729e-06
9 38 -4.9155583236283524e-06 7.7493124719469713e-07
9 39 -9.4898084379243198e-06 -1.2047886998947294e-06
9 40 -6.2916091541671010e-06 -1.0850537090815560e-06
9 41 -1.0572683255136219e-05 2.3892312087414326e-06
9 42 -5.7212660310288566e-06 -2.0283586292175677e-06
9 43 -1.3216105640889032e-05 -1.9927131702282869e-06
9 44 -7.0409464816869134e-06 1.0359309431483417e-06
9 45 -8.0301105270801329e-06 2.6512170016010023e-06
9 46 -1.0016627350857088e-05 -1.2403777918414381e-06
9 47 -1.2899183817895338e-05 5.3387790169175355e-06
9 48 -1.3772517236097748e-05 1.7847720046410345e-06
9 49 -5.5854626833111232e-06 1.0790762968600804e-06
9 50 -1.0057900674040777e-05 -6.8730984264499197e-06
9 51 -1.1198544145678191e-05 -6.6862984046861068e-07
9 52 -3.1054316677677866e-05 1.0871234333606979e-05
9 53 -1.8317700795680188e-05 -1.3747529078602269e-06
9 54 5.3543458743761452e-06 4.9107480464070741e-06
9 55 -2.8212897036508218e-05 2.4503012120607373e-05
9 56 -3.8686699272440728e-05 8.5927988038392793e-06
9 57 -8.6452573908708485e-05 9.2828574963606673e-07
9 58 -1.1182807676847705e-04 6.7810169070462018e-06
9 59 -1.3845769565817254e-04 -7.3187896576211632e-05
9 60 -1.0621440540821260e-04 8.9200331105820712e-05
9 61 -1.5064640017637912e-04 -5.0895377958418970e-05
9 62 -7.3905225869774495e-05 -9.8145665275062351e-05
9 63 -1.6387966542722555e-04 -9.3585930605469115e-05
9 64 -1.1831857320843543e-04 8.8878047799244250e-06
9 65 -2.4043553521199701e-04 -5.5604850985837949e-06
9 66 -1.9428057863366208e-04 1.1636208160988334e-04
9 67 -1.5290144710578921e-04 -5.3994862627939727e-05
9 68 -2.9588991862744248e-04 -6.2140888340268328e-05
9 69 -2.0407283868697896e-04 -1.3735726490865481e-04
9 70 -3.9495615588913376e-04 2.2178647469135295e-04
9 71 -4.4937103537058472e-04 -8.0001280470069528e-05
10 0 3.7774140920589997e-04 -1.4250682416866735e-04
10 1 -2.2072597884306963e-04 -1.1170758283693597e-04
10 2 -5.3533213440382831e-05 -2.1216270584064134e-04
10 3 -6.8957074392303906e-05 6.0287944517703430e-05
10 4 -3.6886676808953553e-05 -1.8742788439929085e-05
10 5 -9.3410853726180734e-05 -9.3816338037126906e-05
10 6 -3.7554763049393683e-05 2.5462829064236145e-05
10 7 -5.8460967031812909e-05 -1.0295064571888744e-05
10 8 1.8219604000564536e-05 -3.2158221323017353e-05
10 9 -3.6262035682374149e-05 -2.4399194435792141e-05
10 10 -8.3763426079791208e-06 4.1908073532349573e-06
10 11 -4.3363139814653600e-05 7.5370018922518766e-07
10 12 -4.3147245098316806e-07 2.7074706705577445e-05
10 13 1.0835675021716986e-05 -3.3057692948514739e-06
10 14 -6.7186602017847689e-06 2.2763404977131422e-05
10 15 -6.4308735914730435e-06 -1.1877335293726638e-05
10 16 -7.5445002859578177e-06 1.3018706385946404e-05
10 17 -8.3789684275748843e-06 1.0410459908982306e-06
10 18 -3.8345147750200503e-06 -1.2022331667641098e-06
10 19 -9.1077101521362787e-06 -2.2268500219601746e-06
10 20 -2.2574590634175066e-06 -4.1613291406846403e-06
10 21 -3.1096250625959888e-06 -1.1598630874990698e-06
10 22 -2.5480020325518599e-06 -6.0731607362484113e-07
10 23 -2.5341805026124595e-06 2.1399667310921330e-06
10 24 -2.0693395820190740e-06 -7.6164598409639869e-07
10 25 -5.0712168780802293e-07 -4.2339989382696752e-08
10 26 -2.0907671574025758e-06 -3.5108535958090679e-07
10 27 7.9931513550443519e-07 -4.3285863170449809e-07
10 28 -3.9770141154716243e-07 1.8405067121981549e-07
10 29 1.2318541244425434e-07 -1.5052714330419798e-06
10 30 -9.8166037221483997e-08 1.1287259911928485e-06
10 31 -2.9985409159649014e-06 8.0771625674755968e-08
10 32 -1.8315207717803124e-06 -3.5087729152684941e-09
10 33 -9.5224386952695409e-07 1.0221512079907190e-06
10 34 -1.0785894397416807e-06 9.6078759380653796e-07
10 35 -2.5979306490599418e-06 8.8815249403828681e-07
10 36 -2.1505933572333069e-06 -1.1672657860441071e-06
10 37 -5.0440748564116681e-07 4.3103552268575695e-06
10 38 -2.3662227075998744e-06 2.3223011695727693e-06
10 39 -6.9988539082612268e-06 -1.2274950683192042e-06
10 40 -2.3828091685134757e-06 3.2198535298250720e-07
10 41 -7.3147384876145012e-06 2.8138646977592028e-06
10 42 -1.2930486222144613e-07 -5.9451795587406134e-07
10 43 -8.6063035373118476e-06 -2.0385561359771517e-06
10 44 -2.6481055236921571e-06 2.8237757990105900e-06
10 45 -4.2090146592879181e-06 2.4182754350196746e-06
10 46 -5.8741695147156689e-06 1.2228106807201681e-06
10 47 -6.3861075206888749e-06 4.4716851180115141e-06
10 48 -9.4234320696475970e-06 1.2757444965921215e-06
10 49 -6.7953038795993198e-07 3.7772776124584396e-06
10 50 -4.2045717296914226e-06 -7.0927367595411447e-06
10 51 -6.3442088238350573e-06 -2.7672639691757469e-06
10 52 -1.9321656007338342e-05 8.5006766889060084e-06
10 53 -1.3735156874562605e-05 4.4538382286157436e-06
10 54 5.3217151209442224e-06 -9.2331740365130091e-06
10 55 -8.9986769583717708e-06 1.1019256286446755e-05
10 56 -2.0386093133263591e-05 4.0508664124218395e-08
10 57 -4.3347833785773839e-05 -3.8020176717294860e-06
10 58 -8.2929548638739818e-05 1.6961706510264367e-05
10 59 -1.0384426509551848e-04 -6.1288192143567360e-05
10 60 -7.7711270040914870e-05 1.0798984275770112e-04
10 61 -1.3045506809980864e-04 -8.3680280591896680e-05
10 62 -3.6483350517954305e-05 -7.4060846196605630e-05
10 63 -1.0179944577757029e-04 -3.6132544111781590e-05
10 64 -6.4589269037806709e-05 3.0716797750826039e-05
10 65 -1.3560242676867869e-04 4.1879428753708484e-05
10 66 -9.3298619924292117e-05 6.2505017253843670e-05
10 67 1.1187896228460421e-05 -1.1381139659451658e-05
10 68 -1.0329709698967998e-04 -9.3658902345594637e-05
10 69 -8.4872356913989028e-05 -9.1372550676259792e-05
10 70 -2.5201729157253114e-04 2.1297607381231648e-04
10 71 -2.5441863545709267e-04 5.1097350641278119e-06
