0 0 -1.1665237326905644e+00 -8.3420166023493656e-20
0 1 -1.4660265766464159e-01 -1.3570365046721397e-19
0 2 -5.5121581153794820e-02 1.7861515621543473e-20
0 3 -3.1095350833754191e-02 7.5427092499712862e-22
0 4 -2.1797538422319331e-02 1.1201526646455867e-22
0 5 -1.5870049088321455e-02 6.9699895440655542e-22
0 6 -1.2182140277200194e-02 4.6332864852576598e-22
0 7 -9.8188773106903469e-03 -4.1741258091811028e-22
0 8 -8.0383934295172633e-03 -1.5262022008419255e-22
0 9 -6.9378066452216352e-03 1.1024599498329309e-22
0 10 -6.0969949811581353e-03 -1.3106035289605934e-22
0 11 -5.2934793845622269e-03 6.1277799874547752e-24
0 12 -4.7243813216179594e-03 1.2336081757530930e-22
0 13 -4.4871981695908600e-03 1.2914015966299133e-22
0 14 -4.3532895142136653e-03 1.9493034200827539e-22
0 15 -3.9198432326318132e-03 -1.3148858984051462e-22
0 16 -3.4239528278605449e-03 -3.1856359161262648e-22
0 17 -3.0699360295739571e-03 4.7373125639301131e-24
0 18 -2.7300663527083241e-03 1.0750441967789411e-22
0 19 -2.4624987478671285e-03 -3.5691933905039455e-23
0 20 -2.1490873241510819e-03 -1.8257026066204898e-23
0 21 -1.7859618515836543e-03 9.0060727622890197e-23
0 22 -1.5569980944346879e-03 -6.7014508397457345e-23
0 23 -1.4408540019307211e-03 3.1282813654961808e-23
0 24 -1.3918242759315370e-03 -6.7484386245570871e-24
0 25 -1.2582274034355371e-03 -5.8036145893743930e-23
0 26 -9.9649232197313400e-04 -3.6895915023798238e-23
0 27 -7.8384693125601993e-04 -2.1248482813792537e-23
0 28 -6.3616069490558954e-04 -4.2525476024768235e-23
0 29 -5.2019941715256894e-04 2.2636672853581343e-24
0 30 -4.2627100649876072e-04 4.4738882195077323e-24
0 31 -3.7570630200749894e-04 -9.7808622390086389e-25
0 32 -3.3643883425817322e-04 -5.9608936725536447e-24
0 33 -2.9917326858824449e-04 1.8462101733825823e-23
0 34 -2.8785427419554619e-04 -2.6920916313442603e-24
0 35 -2.8958378753570114e-04 -1.8374701571233176e-23
0 36 -3.0716806395639836e-04 -1.6072402064827999e-23
0 37 -3.4218082912881490e-04 3.8722962572956247e-24
0 38 -3.8302245740958878e-04 7.9375691797280313e-24
0 39 -4.2836215682047241e-04 -2.2923389954314389e-24
0 40 -4.8860212726469106e-04 2.3770609072445178e-24
0 41 -5.8090652729307786e-04 -9.4160959276439705e-24
0 42 -7.1337150381449313e-04 1.8224788850941759e-23
0 43 -8.7201246214959542e-04 -7.6300732300374216e-24
0 44 -1.0228097579239666e-03 4.6821069107825142e-23
0 45 -1.1972426084201474e-03 8.5215450117246694e-23
0 46 -1.4006146194691968e-03 -1.7085415708420617e-23
0 47 -1.5701351719655072e-03 1.2800400428666416e-22
0 48 -1.8570893727066636e-03 2.3745744923794356e-23
0 49 -2.2323564772614673e-03 -3.3226907166545660e-24
0 50 -2.5486747468283499e-03 2.3546050970764368e-23
0 51 -2.9217972397019721e-03 -1.0073018568647776e-22
0 52 -3.4200526660313085e-03 7.1164625437324846e-23
0 53 -4.1591306829792344e-03 -1.8715767241498712e-24
0 54 -4.7459200572896997e-03 -1.3517610766350803e-22
0 55 -5.2875872392257441e-03 -5.9015782324486971e-24
0 56 -5.7459394366775095e-03 -9.7522823213816931e-23
0 57 -6.4037192286169132e-03 -9.5834310467441729e-24
0 58 -7.2601660921217644e-03 2.9943915273064433e-22
0 59 -7.9996017295437781e-03 -3.9653030925880623e-22
0 60 -8.4222229623189711e-03 3.7399768980826914e-22
0 61 -9.1352368910459555e-03 2.8706415111226130e-22
0 62 -1.0364394520718311e-02 8.4326143323456412e-23
0 63 -1.2097618894321566e-02 1.9187130563923254e-22
0 64 -1.4864743408957885e-02 2.4175102371612331e-22
0 65 -1.7789478500709433e-02 -1.2938104085085843e-22
0 66 -2.0415223023106527e-02 5.9291229240339614e-22
0 67 -2.4177400402481581e-02 1.5699810483427640e-21
0 68 -3.0329543966223470e-02 -1.8348241001647636e-21
0 69 -4.3341586667987812e-02 -4.0362879879662996e-21
0 70 -7.5738702632814070e-02 -1.1284464109910163e-20
0 71 -1.7379447539293988e-01 -1.5820966484431818e-19
1 0 -3.5052652444241383e-01 -1.6883208767695733e-03
1 1 -8.7938822245205897e-02 -1.7811393159514678e-03
1 2 -3.9658458959396688e-02 -2.0311265819757059e-04
1 3 -2.3197187681357739e-02 7.5125784356231098e-05
1 4 -1.6547615087506941e-02 -5.5219794195057993e-05
1 5 -1.2115919385352329e-02 7.1044637788043450e-06
1 6 -9.3074574445815971e-03 -2.3829536426679767e-05
1 7 -7.5294178513221214e-03 -2.0150994464838848e-05
1 8 -6.1336394869795233e-03 6.0156446377565026e-06
1 9 -5.3098010761715624e-03 -1.6573227608415946e-05
1 10 -4.6682812300642444e-03 -1.0356781542764003e-05
1 11 -4.0481187640168739e-03 3.3251551432844798e-06
1 12 -3.6172803809771162e-03 -1.7864879569618701e-05
1 13 -3.4265603559011722e-03 5.0623913793566019e-06
1 14 -3.3279743910520957e-03 1.9842357482904638e-05
1 15 -3.0002319998076120e-03 1.7018680774200937e-05
1 16 -2.6265984955283726e-03 8.3942005975203175e-06
1 17 -2.3511401987077267e-03 8.0600243195593252e-06
1 18 -2.0836985615333955e-03 4.7803614999126562e-06
1 19 -1.8882260085367813e-03 6.3123279602919328e-06
1 20 -1.6497576068003989e-03 5.6364620241151597e-06
1 21 -1.3683032695191698e-03 -1.5055878233701424e-06
1 22 -1.1895263862833391e-03 -6.1578279663244059e-07
1 23 -1.1013382691486837e-03 -1.5699535963364610e-06
1 24 -1.0585372276628686e-03 -2.8562484388860621e-06
1 25 -9.5626227613842163e-04 -3.1688478549352857e-07
1 26 -7.5888881600536082e-04 -2.4453787131907053e-06
1 27 -5.9714960229298583e-04 -3.4276843186678765e-06
1 28 -4.8551198236816261e-04 -1.2846384707325488e-06
1 29 -3.9619498642708525e-04 6.8792662844908288e-08
1 30 -3.2506789674891092e-04 -8.1919229670849693e-07
1 31 -2.8640474331823778e-04 3.8569040128358772e-07
1 32 -2.5634356970094860e-04 -2.0179387102764764e-06
1 33 -2.2798434082140024e-04 -2.0939860487753735e-06
1 34 -2.1936436766455846e-04 -1.1249139737383459e-06
1 35 -2.2113708879822999e-04 -6.5104579617584583e-07
1 36 -2.3492187438800742e-04 2.7541928498675152e-07
1 37 -2.6148699799110887e-04 1.1994394767745915e-06
1 38 -2.9230542674830756e-04 5.4689287707913797e-07
1 39 -3.2788479331744913e-04 -3.8603991530980547e-07
1 40 -3.7393099318440133e-04 7.5636515796970640e-07
1 41 -4.4455777846297355e-04 2.4913883683027136e-06
1 42 -5.4492960745623645e-04 3.5070342513801466e-06
1 43 -6.6489165519423028e-04 2.3700125785496768e-06
1 44 -7.7893311553156976e-04 1.3661291476156368e-06
1 45 -9.0966941694078354e-04 1.4510618288295040e-06
1 46 -1.0666397106173238e-03 3.3583962071951388e-06
1 47 -1.1949437013649743e-03 2.9454449766796146e-06
1 48 -1.4201201348438546e-03 -4.6278961873225925e-06
1 49 -1.7094589976621890e-03 -2.6981356288972930e-06
1 50 -1.9475831516945694e-03 -3.2560455443299459e-06
1 51 -2.2321632544290058e-03 -6.7458630093170377e-06
1 52 -2.6116697035235611e-03 -1.6451278563613964e-05
1 53 -3.1760006982401042e-03 2.4982720212458769e-09
1 54 -3.6329516516259330e-03 1.7188255637507526e-05
1 55 -4.0720230531382405e-03 5.9548737915536189e-06
1 56 -4.4301368474251234e-03 1.4273423856962526e-05
1 57 -4.9247909252402690e-03 2.1718097985422857e-05
1 58 -5.5669203523410066e-03 2.1211880382653459e-07
1 59 -6.1440233849518093e-03 9.0310753288589398e-06
1 60 -6.4759972754631218e-03 2.2504974179449501e-05
1 61 -6.9931404765475724e-03 8.7509621405834397e-06
1 62 -7.9306458455553099e-03 -9.4261821912815647e-06
1 63 -9.2810365607511880e-03 -5.3130996443969594e-06
1 64 -1.1418925687839636e-02 3.3614912157743632e-05
1 65 -1.3578671069294793e-02 2.9048065627544042e-05
1 66 -1.5560337995801150e-02 3.5850274766626305e-05
1 67 -1.8355359147635291e-02 -9.2295263562593093e-05
1 68 -2.2962676541242562e-02 1.2564866611912089e-05
1 69 -3.2583117068100562e-02 2.1059174346171018e-04
1 70 -5.5576963284409017e-02 7.2944015060396141e-04
1 71 -1.0652445101661392e-01 4.2637199011602475e-04
2 0 -1.1223612386859648e-01 -2.1136048293371058e-03
2 1 -4.1502309304373146e-02 -2.0441495713131429e-03
2 2 -2.2689183754964346e-02 -2.3448135601384002e-04
2 3 -1.3840779517173635e-02 1.5583421108251232e-04
2 4 -1.0153343895126612e-02 -6.5520303018400366e-05
2 5 -7.5123864452254401e-03 3.2112060382599081e-05
2 6 -5.7760879595411402e-03 -2.4276590142510383e-05
2 7 -4.7056600166999769e-03 -3.8065678043174039e-05
2 8 -3.7904689100083438e-03 3.7297787944628295e-07
2 9 -3.3101857959184568e-03 -1.3089927129389645e-05
2 10 -2.9094717670757838e-03 -5.9543929121612944e-06
2 11 -2.5113675582442135e-03 -1.9322997794159057e-06
2 12 -2.2543343146921393e-03 -2.7087384547691070e-05
2 13 -2.1119084908281017e-03 4.1238445183304116e-06
2 14 -2.0585774454544210e-03 2.8818727282849637e-05
2 15 -1.8583513358606781e-03 2.6790962601521885e-05
2 16 -1.6384864270962867e-03 8.1473024024337232e-06
2 17 -1.4645947257471334e-03 9.0588720842510019e-06
2 18 -1.2944071089690673e-03 8.7694455643699136e-06
2 19 -1.1798955848089209e-03 1.0507500813547642e-05
2 20 -1.0328046486787310e-03 7.2505917033865153e-06
2 21 -8.5596147419251178e-04 -2.1553248143219504e-06
2 22 -7.3798982534231943e-04 1.5026934137123142e-06
2 23 -6.8371621419459295e-04 -2.8599991780673869e-06
2 24 -6.4760978164507077e-04 -3.1519884688639755e-06
2 25 -5.8554422738576204e-04 2.5100324477984147e-06
2 26 -4.6637386927329106e-04 -3.1879717902291810e-06
2 27 -3.6773650261400507e-04 -3.6841510280490543e-06
2 28 -3.0094009801587951e-04 -8.9931354265156570e-07
2 29 -2.4330347312441413e-04 4.1477588007387435e-08
2 30 -2.0055308329792456e-04 -1.1885990531929340e-06
2 31 -1.7615212938327195e-04 7.1748038910506811e-07
2 32 -1.5722410750421018e-04 -3.0042237455644801e-06
2 33 -1.4033474551908488e-04 -2.7779029850202753e-06
2 34 -1.3535085925459094e-04 -1.6895563426659016e-06
2 35 -1.3721957812823561e-04 -5.6244209417096251e-07
2 36 -1.4624141613469032e-04 1.3655488142640823e-07
2 37 -1.6214569815341441e-04 1.6700028616580214e-06
2 38 -1.8089391349078980e-04 8.5954261820980996e-07
2 39 -2.0498854711139170e-04 -4.5880080605867187e-07
2 40 -2.3255927668621096e-04 6.5214448418016452e-07
2 41 -2.7583974814363428e-04 2.4422165168089536e-06
2 42 -3.3635263455867475e-04 3.6673298500976672e-06
2 43 -4.0955640258556075e-04 4.4310573590720340e-06
2 44 -4.7825817430323809e-04 1.6066408375384368e-06
2 45 -5.5623724015913228e-04 1.9545776163152686e-06
2 46 -6.5572836120013724e-04 5.2568167997801189e-06
2 47 -7.3276579237401560e-04 4.6458213322903785e-06
2 48 -8.8346134824430610e-04 -6.6562060198568753e-06
2 49 -1.0651057614186228e-03 -6.3919418783267407e-06
2 50 -1.2061968045467091e-03 -4.5834166517923658e-06
2 51 -1.3853267520856196e-03 -4.5561736113660493e-06
2 52 -1.6218740145381102e-03 -1.9553149791273088e-05
2 53 -1.9790832106519256e-03 -7.8135167490311116e-07
2 54 -2.2557061872297396e-03 1.6212364159983740e-05
2 55 -2.5706773125870825e-03 8.9073827680734769e-07
2 56 -2.8081323025869725e-03 2.3905973335705700e-05
2 57 -3.1046548423968186e-03 2.9660261821253253e-05
2 58 -3.4639613387866899e-03 8.4689587036450736e-06
2 59 -3.8432943806973657e-03 1.6607983566112269e-05
2 60 -4.0685004680419091e-03 3.8764198232235209e-05
2 61 -4.3474365020601622e-03 7.5942898696311004e-06
2 62 -4.9265321922016530e-03 -1.6514094559786177e-05
2 63 -5.8054158899723974e-03 -9.8010379435395133e-06
2 64 -7.1406531850148527e-03 4.3683118358519378e-05
2 65 -8.3687780722707678e-03 3.9994873089442456e-05
2 66 -9.5763899646550618e-03 7.6971587812799729e-05
2 67 -1.1225737621342297e-02 -1.0474612230318070e-04
2 68 -1.3990724386385781e-02 2.8965475255779048e-05
2 69 -1.9651810384984682e-02 9.8288792947041692e-05
2 70 -3.2760356032040812e-02 9.7247449109801184e-04
2 71 -5.3974052654412692e-02 6.6250467412906806e-04
3 0 -3.7787893075737156e-02 -1.7842006145328596e-03
3 1 -1.8796483422549640e-02 -1.8331389197504527e-03
3 2 -1.2007639731824062e-02 -2.4504526632123069e-04
3 3 -7.4918542490599377e-03 1.7338040935198774e-04
3 4 -5.7080256480191525e-03 -5.9165386902447268e-05
3 5 -4.2888799710341678e-03 6.9545481237867304e-05
3 6 -3.3378711181348262e-03 -1.1873566727207416e-05
3 7 -2.7340987160942147e-03 -4.6869273578959726e-05
3 8 -2.1611313182328066e-03 -4.6368312354434100e-06
3 9 -1.9117596202533073e-03 -3.7196052645734684e-06
3 10 -1.6833458059116171e-03 6.1950675650529490e-06
3 11 -1.4482543439815181e-03 -3.7134758241172536e-06
3 12 -1.3022520199116230e-03 -2.6805752774421233e-05
3 13 -1.2064105574241292e-03 3.6852726766951117e-06
3 14 -1.1775225097669813e-03 3.5354419633741954e-05
3 15 -1.0662722625611020e-03 2.8859731982122545e-05
3 16 -9.4042573228386511e-04 6.8468025160305724e-06
3 17 -8.5004507792678656e-04 9.6814250521970300e-06
3 18 -7.4483732890991844e-04 1.1412425810660320e-05
3 19 -6.8766597657385950e-04 9.6869355502348043e-06
3 20 -6.0112700956173933e-04 7.1232296824343523e-06
3 21 -4.9850273986507259e-04 -2.3234422670573570e-06
3 22 -4.2642887086861763e-04 4.3610358762016213e-06
3 23 -3.9562791543917294e-04 -1.1849230374435718e-06
3 24 -3.6436753212946857e-04 -2.9309572802275465e-06
3 25 -3.3180927947636118e-04 3.5739905392232216e-06
3 26 -2.6404667097234088e-04 -2.5913940090750751e-06
3 27 -2.0960941167288017e-04 -3.0031453989856853e-06
3 28 -1.7271977370536087e-04 3.6100441446134135e-07
3 29 -1.3672867307230156e-04 -2.3014527611605534e-07
3 30 -1.1418394668334089e-04 -1.2157791392919940e-06
3 31 -1.0011068993297924e-04 1.1681084327815820e-06
3 32 -8.8651192536202722e-05 -3.3385717339218310e-06
3 33 -7.9835818564177565e-05 -2.4433872779229272e-06
3 34 -7.6992036656131741e-05 -1.7697276366257334e-06
3 35 -7.8854290522048992e-05 -2.4628008071003810e-07
3 36 -8.4434137651599292e-05 1.3500506396681643e-07
3 37 -9.3177844538764936e-05 1.7424866053765414e-06
3 38 -1.0360530231216358e-04 1.1182281310417452e-06
3 39 -1.1957000827856041e-04 -6.4544433700408968e-07
3 40 -1.3350815739672376e-04 5.4117394126880159e-07
3 41 -1.5816880103447959e-04 1.4740785781835345e-06
3 42 -1.9156236114519092e-04 1.6415379874264812e-06
3 43 -2.3364288877738919e-04 7.3086464515669478e-06
3 44 -2.7013194418003169e-04 2.4178704339476160e-06
3 45 -3.1292782136423775e-04 2.0494140592827617e-06
3 46 -3.7039017478717259e-04 4.7285156340716974e-06
3 47 -4.1362875067114751e-04 2.6015526904463693e-06
3 48 -5.0969099824633556e-04 -7.9587703853103905e-06
3 49 -6.1479024355662532e-04 -4.3687555602830650e-06
3 50 -6.9290119480737683e-04 -1.2924464504864744e-06
3 51 -7.9893477178775952e-04 2.0881163251444939e-06
3 52 -9.3811491311710611e-04 -1.7551078732094251e-05
3 53 -1.1518145449668951e-03 -3.0004514067263562e-06
3 54 -1.2924437460103083e-03 9.9797293197461010e-06
3 55 -1.5129423872824262e-03 -5.8769580033351371e-06
3 56 -1.6564067418333409e-03 2.7345384488032266e-05
3 57 -1.8279218660146352e-03 2.5847180969028457e-05
3 58 -2.0002815256638844e-03 1.7663459764213656e-05
3 59 -2.2378327948086828e-03 1.7035501061759628e-05
3 60 -2.3723128551714312e-03 4.2804894039691772e-05
3 61 -2.5087534738273934e-03 3.5388887830088136e-06
3 62 -2.8275320282720546e-03 -2.9828931123247163e-05
3 63 -3.3595667622475468e-03 -3.0086181592637096e-05
3 64 -4.1422875843026121e-03 2.2247817726777597e-05
3 65 -4.7543361460129973e-03 2.6254694870362953e-05
3 66 -5.4764488053835967e-03 6.3809406948644201e-05
3 67 -6.3303401774779675e-03 -1.1999878308485956e-04
3 68 -7.8801664177287952e-03 2.3044580735461650e-05
3 69 -1.0949893753623346e-02 3.2425125583423552e-05
3 70 -1.7920352097139141e-02 9.3045212575780425e-04
3 71 -2.5729735597761243e-02 2.7535812781105380e-04
4 0 -1.2933178323944442e-02 -1.6325018549163803e-03
4 1 -8.1102210192485376e-03 -1.3715908684912756e-03
4 2 -6.2039927708760446e-03 -2.8625744144276732e-04
4 3 -3.7986159308644437e-03 8.7955911985426936e-05
4 4 -3.0630084027464892e-03 -6.3807408320801183e-05
4 5 -2.3547964580476282e-03 6.9047333440536119e-05
4 6 -1.8686582338483645e-03 4.2332291668949466e-07
4 7 -1.5123373546943558e-03 -5.2007665444306034e-05
4 8 -1.1848300001882396e-03 -6.5277475862886898e-06
4 9 -1.0610886429912303e-03 2.6821401873811080e-06
4 10 -9.3115416720030114e-04 1.3942153564213620e-05
4 11 -8.1280419095079021e-04 -9.0480563208029836e-06
4 12 -7.2011706313247748e-04 -1.9741094586167504e-05
4 13 -6.6976209518324341e-04 8.3577557629180542e-06
4 14 -6.4137886688347761e-04 3.6564586724053915e-05
4 15 -5.9471260092210402e-04 2.8957088558859113e-05
4 16 -5.1164983289529969e-04 2.9695072033450809e-06
4 17 -4.7938574531758687e-04 9.0348918582044826e-06
4 18 -4.0857857023528417e-04 9.7093906929153261e-06
4 19 -3.9005128112413155e-04 6.6467300514554734e-06
4 20 -3.3827888820947799e-04 5.0101808257954530e-06
4 21 -2.8229814126432104e-04 -2.6412362955814147e-06
4 22 -2.3723276070986964e-04 4.8474015686050129e-06
4 23 -2.2196481597823594e-04 -1.7340337500371923e-07
4 24 -1.9793191441740135e-04 -2.4454603933648712e-06
4 25 -1.8256524055729065e-04 2.5665181796527938e-06
4 26 -1.4417956506672109e-04 -1.6829396901781598e-06
4 27 -1.1374252772876772e-04 -2.4586692959576063e-06
4 28 -9.5528349275581518e-05 1.0960978693605264e-06
4 29 -7.2533658838334954e-05 -6.3554007332575848e-07
4 30 -6.2291902739790544e-05 -1.8447057306596095e-06
4 31 -5.4589764053497176e-05 1.4510100975911342e-06
4 32 -4.7649111994522682e-05 -3.0077510741260385e-06
4 33 -4.3856891334866851e-05 -1.5901818179395709e-06
4 34 -4.1763652885585554e-05 -1.5379898825233601e-06
4 35 -4.3679525667690264e-05 -9.9931633660423215e-09
4 36 -4.6899581391072363e-05 6.4477923936406843e-09
4 37 -5.1232149013243849e-05 1.3928979400669867e-06
4 38 -5.7287952480283957e-05 1.0335265638961567e-06
4 39 -6.7318465385188267e-05 -1.0922965545933177e-06
4 40 -7.3221913450924637e-05 2.2925414946078445e-07
4 41 -8.6903953526406655e-05 2.5575978264189767e-07
4 42 -1.0469968631977019e-04 6.8674222315622949e-07
4 43 -1.2970450441602107e-04 7.5977905429592031e-06
4 44 -1.4695219593118341e-04 3.9273654632026573e-06
4 45 -1.6796882963122559e-04 2.3447746969240927e-06
4 46 -1.9893567342476565e-04 3.5220381861639078e-06
4 47 -2.2396995935160510e-04 -9.0727321290355715e-07
4 48 -2.8572267752150008e-04 -1.0547185063890059e-05
4 49 -3.4269185525181571e-04 -1.1784683057724033e-06
4 50 -3.8410964919142392e-04 2.9550727246583327e-06
4 51 -4.4180965473940824e-04 9.1249522396282180e-06
4 52 -5.2571355018685313e-04 -1.0366972704472231e-05
4 53 -6.5027087234786180e-04 -1.9101343996858689e-06
4 54 -7.0336249444697958e-04 5.1634024626401208e-06
4 55 -8.5711744509000284e-04 -1.3154314204660125e-05
4 56 -9.4336428120696952e-04 2.7973593414694473e-05
4 57 -1.0457619010978815e-03 1.7913378107337208e-05
4 58 -1.1145546356315917e-03 1.3462789977804259e-05
4 59 -1.2578544793337676e-03 1.4044380312321113e-05
4 60 -1.3357959001228763e-03 4.0945509204010827e-05
4 61 -1.3870512382301984e-03 3.8024287850513030e-06
4 62 -1.5530266752235603e-03 -4.4483407212337710e-05
4 63 -1.8540453419574636e-03 -4.1982254895910096e-05
4 64 -2.3413643862982094e-03 -1.4592589581318966e-05
4 65 -2.5803247599993358e-03 1.9290795663157951e-06
4 66 -3.0167135184193299e-03 3.5445821364876379e-05
4 67 -3.4436081872675204e-03 -1.3117657270659519e-04
4 68 -4.3044798259797134e-03 1.5441581285298961e-05
4 69 -5.8276731574071821e-03 -3.0308151376806843e-05
4 70 -9.4962641574926170e-03 5.4947550207542833e-04
4 71 -1.1612622712922660e-02 2.6027424873385823e-04
5 0 -4.7915378734916265e-03 -1.4662673603254113e-03
5 1 -3.4413883786006778e-03 -8.7904252927695464e-04
5 2 -3.1486399540357271e-03 -1.9998607164516615e-04
5 3 -1.8693290823646636e-03 9.5282470127664483e-06
5 4 -1.5854723884737103e-03 -6.0090651468500323e-05
5 5 -1.2585382161792356e-03 5.9130223842023935e-05
5 6 -1.0370413361209152e-03 1.0246164437720019e-05
5 7 -7.9419097328073146e-04 -5.0396914400799833e-05
5 8 -6.2714529212526870e-04 -5.0052923262205789e-06
5 9 -5.7939998551977416e-04 1.0134474935515684e-05
5 10 -4.9189346726904624e-04 1.8141128671458384e-05
5 11 -4.4893771937266875e-04 -1.6184991076445449e-05
5 12 -3.8651363545690840e-04 -1.0087833236426634e-05
5 13 -3.6922059986593060e-04 1.1945793184403648e-05
5 14 -3.2873135725018269e-04 2.6845805425300518e-05
5 15 -3.3121732619154076e-04 2.7539023225547027e-05
5 16 -2.6743867973138451e-04 -5.3947940779198198e-07
5 17 -2.6761373512990653e-04 6.1866169954699586e-06
5 18 -2.1523794026199604e-04 7.9431283752805851e-06
5 19 -2.2016736101706524e-04 2.0405837226450791e-06
5 20 -1.8883255277333361e-04 3.0534110272123488e-06
5 21 -1.5755308354791110e-04 -3.8920890380537745e-06
5 22 -1.2658400557162959e-04 3.9088114361369510e-06
5 23 -1.2190637985026395e-04 2.1629297031136688e-06
5 24 -1.0497525492004177e-04 -1.8000753086147639e-06
5 25 -9.7669720053168582e-05 3.3441215944169331e-07
5 26 -7.7297123237482504e-05 -1.1632619905327644e-06
5 27 -5.8225910195028294e-05 -1.4404097624421006e-06
5 28 -5.2613386815828689e-05 1.3144547008852126e-06
5 29 -3.6629752695165478e-05 -6.7409836438132230e-07
5 30 -3.2990125744146846e-05 -2.4934697204257495e-06
5 31 -2.8728232303570240e-05 1.1310999594999328e-06
5 32 -2.4899896875141039e-05 -2.4735760367984868e-06
5 33 -2.3832362765272352e-05 -9.8150865755972954e-07
5 34 -2.1773297448120123e-05 -1.4632018407461902e-06
5 35 -2.3644342303672873e-05 4.3916634886753042e-07
5 36 -2.5365835682873259e-05 -1.2396189436282433e-07
5 37 -2.7289555618532129e-05 9.1206902748750029e-07
5 38 -3.0804054126949957e-05 1.3273536866497244e-07
5 39 -3.6913595120950319e-05 -1.5715307063999896e-06
5 40 -3.8965224544814820e-05 3.6603926022857907e-07
5 41 -4.5927750129648829e-05 -5.2910771028168860e-07
5 42 -5.5252779122192820e-05 6.4912854365240198e-07
5 43 -7.1354743643174865e-05 5.8066527104053159e-06
5 44 -7.8412569242034336e-05 3.7133247592376446e-06
5 45 -8.7210602508462339e-05 3.6102147573617396e-06
5 46 -1.0306998708404735e-04 2.3784695614995404e-06
5 47 -1.1839969532023074e-04 -3.7513873104123603e-06
5 48 -1.5533206948741224e-04 -1.1598763963066953e-05
5 49 -1.8721985970211752e-04 3.5981234258074751e-07
5 50 -2.0755049452844730e-04 7.1872260302582173e-06
5 51 -2.3837983020769051e-04 1.3715658431647256e-05
5 52 -2.9067262407581919e-04 -9.0198920775218199e-08
5 53 -3.6465018910295492e-04 9.1890005745611930e-07
5 54 -3.6365283141119440e-04 -1.5764332891621075e-06
5 55 -4.7192362767172760e-04 -1.4589581420130654e-05
5 56 -5.2257810478416160e-04 3.0748071643933663e-05
5 57 -5.9777405580832891e-04 6.7536732010438669e-06
5 58 -6.1272684594158920e-04 4.0002533568643737e-06
5 59 -6.9028823706617111e-04 8.5692296803051709e-06
5 60 -7.2878570829832908e-04 3.3964752878753375e-05
5 61 -7.4962451195448646e-04 6.7037724751830492e-06
5 62 -8.2086671596306147e-04 -5.0748637514033259e-05
5 63 -9.9715218647481634e-04 -2.8752135623398110e-05
5 64 -1.3093250509907026e-03 -3.1719595469254213e-05
5 65 -1.3553537484429772e-03 2.5738460519159527e-06
5 66 -1.6235101818100285e-03 1.2569352785856661e-05
5 67 -1.8319013280372973e-03 -1.3919539157338366e-04
5 68 -2.3502486004092402e-03 3.8058668745012316e-05
5 69 -3.0177151780964796e-03 -3.0105822779544597e-05
5 70 -4.9490249446693902e-03 2.1139638650345669e-04
5 71 -5.1722917040664231e-03 3.0204493946157376e-04
6 0 -1.8793096229431699e-03 -1.0370869900316285e-03
6 1 -1.4882084002988516e-03 -4.6994355508852577e-04
6 2 -1.5562191206327201e-03 -8.5815731255387180e-05
6 3 -9.2094138399427755e-04 -6.4991276142739268e-06
6 4 -8.1320591621975643e-04 -3.5413888254011388e-05
6 5 -6.6497548756349440e-04 4.4866458690246850e-05
6 6 -5.7661865047871981e-04 1.7665745963715973e-05
6 7 -3.9831596174185792e-04 -4.5060655708714870e-05
6 8 -3.1630609983217663e-04 -4.0597226865546090e-06
6 9 -3.1041896592857174e-04 1.2660868597432170e-05
6 10 -2.4327179385301372e-04 1.8041394730853661e-05
6 11 -2.4094735132722630e-04 -2.3549652526365828e-05
6 12 -2.0332291655058061e-04 7.3860335793396723e-07
6 13 -2.0316428963297617e-04 1.2531174176071279e-05
6 14 -1.5729059447434714e-04 1.3538949624701018e-05
6 15 -1.8705464790340318e-04 2.4449737938807512e-05
6 16 -1.3675956121354731e-04 -1.6444262361580055e-06
6 17 -1.4645670319626239e-04 5.9180404017658553e-06
6 18 -1.1115665803789315e-04 5.5962519869014398e-06
6 19 -1.2483320134866851e-04 -2.4472723432748469e-06
6 20 -1.0701258434079168e-04 1.6148525923680868e-06
6 21 -8.6947382881510981e-05 -7.0085753478269123e-06
6 22 -6.3559649375783539e-05 1.5406090781908677e-06
6 23 -6.6182681240389225e-05 4.9268865006910890e-06
6 24 -5.4815879485114160e-05 1.1113294903636294e-06
6 25 -4.9836885824231514e-05 -6.8049503723522124e-07
6 26 -4.2117954871377318e-05 -2.1752846929827942e-06
6 27 -2.8145788254141805e-05 2.2793574939748937e-07
6 28 -2.9144434607066075e-05 2.7658700590381831e-07
6 29 -1.7794865835080708e-05 -6.3650798813455408e-07
6 30 -1.6912760116316803e-05 -2.8417812297964956e-06
6 31 -1.4691428057409607e-05 6.8008028479385422e-07
6 32 -1.2640704000142856e-05 -2.2177101383511965e-06
6 33 -1.2874428439249717e-05 -5.9293765652791898e-07
6 34 -1.1013069737863926e-05 -1.3334967648119572e-06
6 35 -1.2387644525506091e-05 6.6375440464538710e-07
6 36 -1.3490324579802302e-05 -2.8198812359774476e-07
6 37 -1.4127388512597807e-05 7.7558393876625248e-07
6 38 -1.6249830235564057e-05 -9.4931055882073674e-07
6 39 -1.9683484261057548e-05 -1.4401083084997084e-06
6 40 -2.0993989429567154e-05 6.8587897887322347e-07
6 41 -2.3387369374161240e-05 -9.6578630757370147e-07
6 42 -2.8188490202661146e-05 9.2923551484618889e-07
6 43 -3.9143840056437140e-05 3.3428920512637397e-06
6 44 -4.0730599173727003e-05 3.0612099477760293e-06
6 45 -4.3693717263726132e-05 5.3555165053916857e-06
6 46 -5.2667165864513661e-05 2.8906286417780871e-07
6 47 -6.1535947980934230e-05 -5.3333334766219773e-06
6 48 -8.1354715989716199e-05 -8.7290013907739373e-06
6 49 -1.0217089432033673e-04 7.6750240898623859e-07
6 50 -1.0856351293696467e-04 8.2448041414690783e-06
6 51 -1.2555549972539245e-04 1.4298396691189945e-05
6 52 -1.5905460000968161e-04 6.2227193955164401e-06
6 53 -2.0196628531995523e-04 1.6057147620826701e-06
6 54 -1.7493042569304441e-04 -5.4792793777714347e-06
6 55 -2.5521859205206453e-04 -1.2782056514272319e-05
6 56 -2.9006538726508675e-04 3.5120115596354967e-05
6 57 -3.3999535335099430e-04 -3.2414847538745258e-06
6 58 -3.3642496499856141e-04 -5.4607783348266235e-06
6 59 -3.7443247889292928e-04 8.7347098198454775e-07
6 60 -3.8418618347666513e-04 2.6423962406678688e-05
6 61 -4.0240379398841794e-04 6.3601026369454481e-06
6 62 -4.1760631462092100e-04 -3.6427404835543217e-05
6 63 -5.3175200624351647e-04 -6.0962048972154289e-06
6 64 -7.3131308863752824e-04 -5.9856887057417128e-05
6 65 -6.7457049152926031e-04 3.8739013762791289e-06
6 66 -8.5005937934454841e-04 -1.9326047300638611e-06
6 67 -9.8947114188944639e-04 -1.3753163321947418e-04
6 68 -1.3053197532208888e-03 3.7143319746167131e-05
6 69 -1.5627569972187681e-03 -5.5644921839195618e-06
6 70 -2.5539044353982123e-03 7.8198678874188485e-05
6 71 -2.5600473390838454e-03 3.6017109423237619e-04
7 0 -6.5475460575314991e-04 -4.4221587728101198e-04
7 1 -7.3965942570184762e-04 -2.3599740701706640e-04
7 2 -7.9999182054554872e-04 -1.7379445006871844e-05
7 3 -4.6174664509533497e-04 2.3956228162941459e-06
7 4 -4.3124268193137994e-04 -2.0397883539671853e-05
7 5 -3.4490185811951555e-04 3.1957482584150584e-05
7 6 -3.2879447569731220e-04 1.4770509229196666e-05
7 7 -1.9238775907950935e-04 -4.6485934912607793e-05
7 8 -1.5461195247070886e-04 -8.3324065179005229e-06
7 9 -1.6353278062592347e-04 1.1434198633577566e-05
7 10 -1.0992211105360407e-04 1.4125262714566948e-05
7 11 -1.2566531950648281e-04 -2.7865864776201964e-05
7 12 -1.0708312400197919e-04 9.6894408149029718e-06
7 13 -1.1020591714828350e-04 1.0483986294704118e-05
7 14 -6.6941910387201086e-05 3.9232991192101405e-06
7 15 -1.0541127021313816e-04 1.8067247957859122e-05
7 16 -6.7480047535584665e-05 -2.4646634628274535e-06
7 17 -7.6474807211395098e-05 1.8325192939066594e-06
7 18 -5.7052356075951848e-05 3.2278143388023079e-06
7 19 -6.8566093732402855e-05 -4.6728549572690784e-06
7 20 -6.3044281612898164e-05 3.9350541100067494e-07
7 21 -4.6751080867344708e-05 -9.0613101522638096e-06
7 22 -2.7830516389909263e-05 -8.8827730031714085e-07
7 23 -3.5163834322359723e-05 4.4576316085342463e-06
7 24 -2.8506634954780436e-05 5.0572778791804991e-06
7 25 -2.5472751474715211e-05 -9.2398593267167052e-07
7 26 -2.2598645302746364e-05 -4.3123572008990486e-06
7 27 -1.2739595119416284e-05 8.7088241497678754e-07
7 28 -1.6605636645677086e-05 -9.2146472398984612e-07
7 29 -8.4871496337873590e-06 -9.7512474698701379e-07
7 30 -8.5013064372100987e-06 -2.6749258927110578e-06
7 31 -7.0419742115668618e-06 3.6405061291606336e-07
7 32 -6.3139504356609914e-06 -2.0608854878165999e-06
7 33 -6.8835177281587799e-06 -4.9152542995183697e-07
7 34 -5.4628713161407654e-06 -7.8838243115568196e-07
7 35 -6.1426599215499788e-06 7.9698537861325138e-07
7 36 -7.1041046730496012e-06 -5.5281615295448285e-07
7 37 -7.3025886984894525e-06 9.6325487816259598e-07
7 38 -8.5453786931861915e-06 -1.3832399387826309e-06
7 39 -9.9825360337790622e-06 -1.0367508767303813e-06
7 40 -1.1657871107566696e-05 8.8836353602212621e-07
7 41 -1.1307580820098999e-05 -8.4776916778526659e-07
7 42 -1.3455185629147151e-05 1.0630352255466628e-06
7 43 -2.0842421951295977e-05 1.4772853993020086e-06
7 44 -1.9747565827512556e-05 2.0938209947201884e-06
7 45 -2.0302378744437336e-05 4.4902221194221198e-06
7 46 -2.6911588824660854e-05 -2.3620537196644513e-06
7 47 -3.0390784106430913e-05 -4.9377708440069940e-06
7 48 -4.0857590064685100e-05 -2.9470807271898237e-06
7 49 -5.6811127505659455e-05 1.6413284851061988e-06
7 50 -5.7071207117685730e-05 5.5599146359409898e-06
7 51 -6.2196065627521266e-05 1.1513695534082446e-05
7 52 -8.6145263903022613e-05 6.4416283136643008e-06
7 53 -1.0839185293820493e-04 -4.7826807529901191e-07
7 54 -7.3644394220942377e-05 -6.6131381640159939e-06
7 55 -1.3621696318469380e-04 -1.2085318395695922e-05
7 56 -1.6704225231185723e-04 3.6751621494567311e-05
7 57 -1.8649964817683327e-04 -6.6576551992000459e-06
7 58 -1.8301251117905823e-04 -2.1530203973864615e-06
7 59 -2.0312821325895415e-04 -9.5897639120035063e-06
7 60 -1.9919439411307586e-04 2.0801945090152689e-05
7 61 -2.1067151616059116e-04 1.5473703657791610e-06
7 62 -2.0223193835520442e-04 -1.9433068372319516e-05
7 63 -2.8281529436687951e-04 2.0527780161660174e-05
7 64 -4.1601306001964167e-04 -7.7522106191312912e-05
7 65 -3.1624701109743175e-04 1.2528003637465621e-05
7 66 -4.3562275497562622e-04 1.6213126415059748e-05
7 67 -5.7852210652935580e-04 -1.2808125094628602e-04
7 68 -7.3074578920778862e-04 3.6043827988633182e-05
7 69 -8.8527337313861658e-04 -2.8372064360889430e-05
7 70 -1.2959874858905394e-03 1.0656443090312284e-04
7 71 -1.2721607720355488e-03 2.8494001038986846e-04
8 0 -3.0638305637729191e-04 -1.0047883912458526e-04
8 1 -3.6027555859931336e-04 -6.3137925011918857e-05
8 2 -4.6348841277746755e-04 -5.9495579847812251e-06
8 3 -2.2540113395033660e-04 8.0416885100525089e-06
8 4 -2.4949341761793193e-04 -2.3736713748521140e-05
8 5 -1.6439928020925467e-04 2.5345856651941151e-05
8 6 -2.0243851969017399e-04 1.7364614977405139e-05
8 7 -8.7050043421306266e-05 -4.5679370001980092e-05
8 8 -6.8523600293094957e-05 -7.2965399595306858e-06
8 9 -8.4871685875249791e-05 4.2840155478344746e-06
8 10 -5.1594724002009265e-05 4.8037292438383972e-06
8 11 -6.0395545142177703e-05 -2.8694854015077779e-05
8 12 -5.4291149104173933e-05 1.3971731091151636e-05
8 13 -5.6567733544169860e-05 5.4070655914634360e-06
8 14 -2.1673804960374538e-05 -2.6910648887475405e-06
8 15 -5.5431728029139265e-05 1.1923792468064476e-05
8 16 -3.2004605599495763e-05 -2.6806577332572849e-07
8 17 -3.7864214881761035e-05 -1.9959805880958811e-06
8 18 -2.9286196512291781e-05 4.0428884620022240e-06
8 19 -3.2783928948003624e-05 -3.9872000093159984e-06
8 20 -3.7187254147695159e-05 -6.5996655196432936e-07
8 21 -2.4320107622435033e-05 -7.2522249308071261e-06
8 22 -1.0442013246178186e-05 -1.3544157599939451e-06
8 23 -1.7101012856747304e-05 2.9721857110460609e-06
8 24 -1.4947803669589177e-05 7.1966598707014191e-06
8 25 -1.4038304588172240e-05 4.1396009271638463e-07
8 26 -1.1447393497210726e-05 -5.2308624598274822e-06
8 27 -5.5422067678726605e-06 7.0501826555146292e-07
8 28 -1.0317448798932750e-05 -1.7456720392478513e-06
8 29 -3.6465920389451779e-06 -1.0171688169701639e-06
8 30 -4.1638412361350390e-06 -1.7691220732339285e-06
8 31 -3.0377355398977296e-06 -1.9902304666224707e-07
8 32 -3.4076330673044579e-06 -1.9508583031441772e-06
8 33 -3.7246304273060324e-06 -5.3661985777348858e-07
8 34 -2.5060088306141657e-06 -1.7847358162622877e-07
8 35 -2.7418932109241461e-06 8.0381292256091126e-07
8 36 -3.6039188140480659e-06 -5.8084619122070827e-07
8 37 -3.8779930771570960e-06 1.0784699740898817e-06
8 38 -4.5189349363263149e-06 -1.4141081146491560e-06
8 39 -4.8020114804199200e-06 -8.7013467128808038e-07
8 40 -6.5956297569131548e-06 6.7572435207156558e-07
8 41 -5.0297654293230587e-06 -7.0279134302436947e-07
8 42 -4.8514685687146946e-06 2.4612362789994811e-07
8 43 -9.7418887132536354e-06 5.8333735535848623e-07
8 44 -9.3467063032944408e-06 1.4117536863179140e-06
8 45 -8.4592888165980126e-06 2.1255831162842657e-06
8 46 -1.3922405046758896e-05 -4.8603556402673432e-06
8 47 -1.4086292514240273e-05 -3.9524626611140596e-06
8 48 -2.0167408961766238e-05 2.3060628229936076e-06
8 49 -3.0334937953342363e-05 4.1435922556476482e-06
8 50 -3.1324820426302070e-05 2.3760110414298391e-06
8 51 -2.7689285463838062e-05 7.5381291821090395e-06
8 52 -4.8401017287309414e-05 2.7305517168902980e-06
8 53 -5.3534368974002440e-05 -4.7891294945114199e-06
8 54 -2.0683854927923795e-05 -4.1846666518138633e-06
8 55 -7.1625040432584777e-05 -1.0546811663468203e-05
8 56 -1.0203278553991603e-04 2.7397297972564153e-05
8 57 -9.8135087280049366e-05 -6.0542036739668666e-06
8 58 -9.9887656839143163e-05 -2.1655201642643261e-06
8 59 -1.1981457964469296e-04 -1.4796174395215347e-05
8 60 -9.8780525315302786e-05 1.7179416355418200e-05
8 61 -1.0449046811486631e-04 -5.8789813014603359e-06
8 62 -8.9121936827927533e-05 -1.6336961853247323e-05
8 63 -1.4305267056007452e-04 3.6943754209410449e-05
8 64 -2.4955277223404971e-04 -6.8047678881812441e-05
8 65 -1.3455573034118750e-04 3.5077342925045859e-05
8 66 -2.3725773140138989e-04 1.9032145493329468e-05
8 67 -3.5158094635254070e-04 -1.0983465956158699e-04
8 68 -3.6842773045651721e-04 2.2962102105077192e-05
8 69 -5.4968916025617369e-04 -3.5789120516173056e-05
8 70 -6.1877418808103089e-04 1.1784704721205013e-04
8 71 -5.9586545184437940e-04 1.8333746204400979e-04
9 0 -1.6763852546111267e-04 1.6922490295323972e-05
9 1 -1.9869937993083393e-04 2.6400644401600322e-05
9 2 -3.1007075133428224e-04 1.2325453582715149e-05
9 3 -1.0544464645423951e-04 9.3275984571700621e-07
9 4 -1.6148888130351709e-04 -1.9386847919086307e-05
9 5 -7.7807472915832955e-05 1.8036576575576313e-05
9 6 -1.3044594228026041e-04 2.9320395546789984e-05
9 7 -3.2568046785409447e-05 -4.4033097083193728e-05
9 8 -2.3984177165235867e-05 -1.2714516323846755e-06
9 9 -4.4922133902821646e-05 -1.6226030240407888e-06
9 10 -2.4461022857733127e-05 -1.2364817874505201e-06
9 11 -2.3296005373536291e-05 -2.5045332656476927e-05
9 12 -2.6085051417082121e-05 1.6197500561429587e-05
9 13 -2.4746232264258509e-05 2.8564420400574800e-06
9 14 -4.2514247777930397e-07 -4.3507066431224464e-06
9 15 -2.5525649045135064e-05 7.4753642285306440e-06
9 16 -1.7203460351228371e-05 1.5277396702922887e-06
9 17 -1.9528162750819342e-05 -4.4645412537599739e-06
9 18 -1.7309410629461941e-05 5.1728094504113141e-06
9 19 -1.3232579589177919e-05 -1.6202137005904513e-06
9 20 -2.0234706144215719e-05 -1.6112124327998468e-06
9 21 -1.0979273633730881e-05 -2.7609579395280754e-06
9 22 -2.0681299585284179e-06 -1.7283322619391273e-06
9 23 -6.3324612326464885e-06 3.0655620719298754e-06
9 24 -8.5559319005542033e-06 7.0719718257129468e-06
9 25 -8.2461617667677603e-06 3.0942230385129643e-06
9 26 -4.2950050513049109e-06 -5.5480983520811045e-06
9 27 -2.8149674654794869e-06 1.0228741697887693e-06
9 28 -6.7706373377270789e-06 -1.6603071010376240e-06
9 29 -1.2403985300305641e-06 -7.4384593407206329e-07
9 30 -1.9750300612795198e-06 -1.0523590916382504e-06
9 31 -7.6204571964920640e-07 -7.2624222558420307e-07
9 32 -2.4667254172737680e-06 -1.7321363008186854e-06
9 33 -2.0154577691330164e-06 -5.0080284560632056e-07
9 34 -1.0073608695789183e-06 3.2396550004544696e-07
9 35 -1.0204933969822878e-06 7.7176550576376387e-07
9 36 -1.5892269554124165e-06 -6.0767628485742823e-07
9 37 -2.0831630723146860e-06 7.2112199414962839e-07
9 38 -2.3990241968700281e-06 -1.2611727567663058e-06
9 39 -2.1808263927375611e-06 -7.0562552661239002e-07
9 40 -3.3608898634463326e-06 2.1970265946046085e-07
9 41 -2.0316266808301435e-06 -6.7660338028224566e-07
9 42 -5.3277619880585344e-07 -3.7742131823145833e-07
9 43 -3.1668952125543413e-06 -3.4781284661885873e-07
9 44 -4.1661427512885252e-06 1.1130053755188414e-06
9 45 -2.5902503457146902e-06 -5.1153426882198131e-07
9 46 -6.9741002047902480e-06 -6.0596035102661994e-06
9 47 -5.1328272489686033e-06 -1.5853117551410486e-06
9 48 -9.7111436874772851e-06 4.1582654862941373e-06
9 49 -1.4944891676902656e-05 5.7376853073236008e-06
9 50 -2.0517357182250943e-05 -5.6408060139977071e-07
9 51 -9.0917635696601252e-06 6.3706425703338628e-06
9 52 -2.8832736252264729e-05 -3.4595142841830538e-06
9 53 -2.6914930242962505e-05 -7.2925148543787541e-06
9 54 3.3179365142279350e-06 8.7408070954426391e-07
9 55 -3.9976301733762872e-05 -4.6333453531349881e-06
9 56 -6.5279921853501503e-05 1.5928462377011500e-05
9 57 -4.9279824071363943e-05 1.9812290869974820e-08
9 58 -5.5712601549177018e-05 -8.2977183195257858e-06
9 59 -8.1271050989491006e-05 -1.2769418913382343e-05
9 60 -4.8716391252550011e-05 1.1656756031835614e-05
9 61 -4.3840571232863088e-05 -1.0061236084208554e-05
9 62 -2.7634753167766950e-05 -1.7079019208613470e-05
9 63 -7.0288766074529186e-05 4.0898641234421410e-05
9 64 -1.4612897889144523e-04 -3.2997222628840374e-05
9 65 -3.7654061302790686e-05 2.8462124567389210e-05
9 66 -1.3421380867653578e-04 5.1847748848478739e-06
9 67 -2.2932053988492627e-04 -8.5513942643379362e-05
9 68 -1.4784931800826393e-04 5.9336965572363566e-06
9 69 -3.6958559791993141e-04 -5.7751229320993587e-05
9 70 -2.2610809097725146e-04 7.6037529720355325e-05
9 71 -3.5189810632272180e-04 4.2254005707939877e-05
10 0 -6.2659450598231468e-05 -2.2652626892476843e-05
10 1 -1.0306237383024701e-04 5.4344589228116182e-05
10 2 -2.1963309031512233e-04 2.8949361556641580e-05
10 3 -5.0683362444261462e-05 1.9621104778271180e-06
10 4 -1.2130096988164278e-04 -1.7035605337734822e-05
10 5 -3.6871468097367230e-05 1.7133099710452304e-05
10 6 -8.4192897027810765e-05 3.7879594984088705e-05
10 7 -5.4129328754306801e-06 -3.8350034565753834e-05
10 8 -3.5226948180028306e-06 8.6181689216609249e-07
10 9 -2.0638475778700974e-05 -2.3892864558019931e-06
10 10 -1.0220025180021300e-05 -5.2840443452410732e-06
10 11 -2.9039447607236440e-06 -1.8929360375705095e-05
10 12 -1.5049798930034691e-05 1.3996494379298185e-05
10 13 -8.1231584241983797e-06 7.7224985671494907e-07
10 14 4.2783017396483976e-06 -1.1253039000599356e-06
10 15 -9.4811864820507007e-06 1.4970597723564709e-06
10 16 -1.2916017945547642e-05 6.7427081724986801e-07
10 17 -9.1307181737483344e-06 -2.6025051985130937e-06
10 18 -1.2617573051173577e-05 5.2194723777539083e-06
10 19 -3.9093560986037143e-06 -4.7914429763910527e-07
10 20 -9.1951987094502759e-06 -1.8656065466618150e-06
10 21 -3.0696890734316341e-06 -3.2550860420710922e-07
10 22 2.0738245553991369e-06 -2.5655636080835926e-06
10 23 6.3802141133499460e-08 2.4688646429102191e-06
10 24 -5.6536914700800297e-06 5.3785622689043563e-06
10 25 -4.6681082000098437e-06 4.8131937642818025e-06
10 26 -5.0686246821159336e-07 -3.9213251523491002e-06
10 27 -2.4431086200681255e-06 1.0801395981387202e-06
10 28 -4.6112672424016806e-06 -1.2407753454043321e-06
10 29 -2.2235070630874030e-08 -2.5260620776222752e-07
10 30 -5.9661654826461312e-07 -9.8180177229544608e-07
10 31 7.9092814852643432e-07 -7.0477870529877430e-07
10 32 -2.3511222745323546e-06 -1.1996402180858386e-06
10 33 -1.2040195138760732e-06 -4.4173872552273168e-07
10 34 -3.0234933686623903e-07 5.4390797401987172e-07
10 35 4.3762467719357336e-10 8.4132877273980426e-07
10 36 -3.1024469831960565e-07 -7.8713650595989196e-07
10 37 -1.2035973044186888e-06 3.9760483640099035e-07
10 38 -1.3558777900791606e-06 -8.9639740254319832e-07
10 39 -7.4302772421956852e-07 -3.2219273013769379e-07
10 40 -1.2803278868074396e-06 -2.6359560993546219e-07
10 41 -9.6348552376276002e-07 -7.9942460109549334e-07
10 42 9.7281698538846786e-07 -8.2629615039402315e-07
10 43 9.1473493803952182e-07 -9.7590599051476307e-07
10 44 -1.3008431132542337e-06 1.4837241067782859e-06
10 45 4.1864218522633338e-07 -1.7421251522967946e-06
10 46 -3.7067450679005287e-06 -6.4256204056345041e-06
10 47 -5.8484640234172154e-07 -8.8511296690958517e-08
10 48 -4.7826606448651653e-06 2.6722985082170474e-06
10 49 -6.3605587724440177e-06 5.8317451207521972e-06
10 50 -1.5937993046120937e-05 -9.3976278428150100e-07
10 51 -1.1837010873600949e-06 4.8362346793800600e-06
10 52 -1.9343301626869749e-05 -5.8548761630452033e-06
10 53 -1.6905554032337936e-05 -6.3411537517584816e-06
10 54 9.7061861130060117e-06 2.2221799697884532e-06
10 55 -2.5154159491633391e-05 -3.2134392553113238e-06
10 56 -4.1936002143975325e-05 4.0134632941396950e-06
10 57 -2.1134502590717394e-05 7.5823749539700599e-06
10 58 -3.2520864675516362e-05 -1.3992137740234911e-05
10 59 -6.1400714135631098e-05 -5.7817314337785182e-06
10 60 -1.9126832739925755e-05 1.7005008646587824e-06
10 61 -8.0248569649690999e-06 -8.7064943940512559e-06
10 62 -2.6724812096862713e-06 -1.2029299220600298e-05
10 63 -3.8095480767598909e-05 3.2250049499378173e-05
10 64 -6.8407562667964139e-05 5.4193962254906154e-06
10 65 9.9563569786134709e-06 9.7689327483346961e-06
10 66 -8.3167601832253519e-05 2.4202497549465995e-06
10 67 -1.4202956041745415e-04 -5.4303635259039577e-05
10 68 -4.0163707791547853e-05 -9.1840534505771100e-06
10 69 -2.6418912669418760e-04 -8.1241789613088907e-05
10 70 1.8284575542506628e-06 -8.0678290391833605e-07
10 71 -2.6206624217208358e-04 -4.4855301218956479e-05
