0 0 -1.1440194096130789e+00 3.8697870798518365e-19
0 1 -1.5239639856532097e-01 -5.2279223576104239e-20
0 2 -5.9909396947003257e-02 -5.7293492557228038e-21
0 3 -3.9256314715624054e-02 1.8150635377028275e-21
0 4 -3.2945342371151536e-02 1.0619824858177728e-21
0 5 -2.7898410637385660e-02 1.5631005888872398e-21
0 6 -2.2999008093003849e-02 7.2253793143411451e-22
0 7 -1.9689317142898961e-02 1.0031686700634852e-21
0 8 -1.7839534298231242e-02 7.1021263837978672e-22
0 9 -1.6923036887167186e-02 -1.6310498441350168e-22
0 10 -1.6514441357037904e-02 -3.5316414103529173e-22
0 11 -1.5252328455409700e-02 -2.0373598107315792e-22
0 12 -1.3414943072417328e-02 -2.0144349895802927e-22
0 13 -1.1610110572261049e-02 -5.2362786260007951e-22
0 14 -1.0156298302138184e-02 -1.9606632917256907e-22
0 15 -8.9672866773292947e-03 -1.8551500603330000e-22
0 16 -8.3426367634767528e-03 4.7426999639136546e-22
0 17 -8.0037523721513786e-03 -2.8168334184017404e-22
0 18 -7.6205593698954162e-03 4.6820257405910225e-22
0 19 -7.0586887161981681e-03 3.3430118215600026e-22
0 20 -6.4149877182855643e-03 -3.3604978040955241e-22
0 21 -5.4192482327019512e-03 -3.2263120574658974e-22
0 22 -4.6679312909329576e-03 8.1692385413470659e-23
0 23 -4.1966679740310341e-03 2.4930553960596598e-22
0 24 -3.8963316156309423e-03 -1.1156986138365684e-22
0 25 -3.6651125688155579e-03 5.9754067741532838e-24
0 26 -3.4449709561277905e-03 1.0175569724197666e-22
0 27 -3.0711725184254433e-03 1.7950441271162118e-22
0 28 -2.6973572403192398e-03 1.2124226443294663e-22
0 29 -2.4190521549442546e-03 -6.1883253371991482e-23
0 30 -2.1164357874821293e-03 -7.4895344608879981e-23
0 31 -1.9099585970542097e-03 5.3965510410907043e-24
0 32 -1.8051576775951371e-03 1.2555798503152362e-23
0 33 -1.6738057791395940e-03 -3.6967317573239894e-23
0 34 -1.4948421168565179e-03 -2.7437990244510883e-24
0 35 -1.2942570521971815e-03 6.0578581395306621e-23
0 36 -1.1300036214215961e-03 4.0400752045260381e-23
0 37 -9.7281890295382507e-04 4.5559518007296362e-23
0 38 -8.6608381373330971e-04 -7.5312030268572879e-24
0 39 -7.7714041800410285e-04 1.8657319156668821e-23
0 40 -7.3247729826102519e-04 1.9453406018588369e-23
0 41 -7.0825718707550982e-04 2.0819807789854903e-23
0 42 -7.2012464943391706e-04 1.0836886457489063e-23
0 43 -7.4693962651022918e-04 1.4790117456610361e-23
0 44 -7.9145036218761082e-04 -1.5513137018800923e-23
0 45 -8.8855319657369031e-04 1.0984894512776550e-23
0 46 -1.0022740966600802e-03 3.1275223413314676e-23
0 47 -1.1730651438107080e-03 5.5886666632559311e-23
0 48 -1.4468638412589939e-03 8.3147953567198858e-23
0 49 -1.7197576481679710e-03 2.1971439103001043e-23
0 50 -1.8989034617073607e-03 -5.8158974607904670e-23
0 51 -2.2058601523123889e-03 4.4419162646931521e-23
0 52 -2.5886704406823157e-03 1.2751870531823517e-22
0 53 -2.9894176493780907e-03 1.9116910172588358e-22
0 54 -3.4484150976013786e-03 1.1285261311954026e-22
0 55 -3.9604375729240856e-03 -1.8601204358290254e-22
0 56 -4.5674315249338918e-03 1.5619387161066357e-22
0 57 -5.3101883597650584e-03 5.5549501360859139e-23
0 58 -5.9974388538706624e-03 -2.8862655796048141e-22
0 59 -6.9646787223186912e-03 2.2101523591907732e-22
0 60 -8.2151293634131362e-03 5.7218323576955889e-23
0 61 -9.7720469519384096e-03 2.9375469347642268e-22
0 62 -1.1626236832409452e-02 4.0112325179462920e-22
0 63 -1.3768483563622150e-02 4.3534937963803116e-22
0 64 -1.6049175766133419e-02 1.7823961227419881e-22
0 65 -1.8110365474540847e-02 -9.4927378476752774e-22
0 66 -2.0868130905621458e-02 8.8319240468904773e-22
0 67 -2.4543551750664132e-02 -1.3548882672021815e-21
0 68 -3.0197948877863829e-02 5.4046689061006485e-23
0 69 -3.9030619644518823e-02 -1.7990938959924814e-21
0 70 -6.1845915470931795e-02 2.3623430861665960e-20
0 71 -1.5620550314869228e-01 6.4894484881696745e-20
1 0 -3.3417161105384074e-01 -2.0483006075143056e-03
1 1 -9.1682618436002880e-02 2.7578608972566617e-04
1 2 -4.2527437814173903e-02 -7.7652522678769364e-06
1 3 -2.9559468713706589e-02 -6.7906817169697804e-05
1 4 -2.5122725729300199e-02 -1.0209814430816784e-04
1 5 -2.1345356652692146e-02 -4.1393381808720275e-06
1 6 -1.7614749565658658e-02 3.7807359646879907e-06
1 7 -1.5011076822321457e-02 -1.4173575319763490e-05
1 8 -1.3625652359532742e-02 -8.2581357947496988e-05
1 9 -1.2939897375962548e-02 -9.4514583901206801e-05
1 10 -1.2679420817287601e-02 -4.9536071250370473e-05
1 11 -1.1692021509112341e-02 4.1003140314965139e-05
1 12 -1.0284251138153006e-02 5.3846234476614278e-05
1 13 -8.8890875349182802e-03 2.4210617525933692e-05
1 14 -7.7904995610455236e-03 1.9842176517181173e-05
1 15 -6.8736516225445269e-03 1.7367413222261321e-05
1 16 -6.4069529941187765e-03 4.4552557527775169e-06
1 17 -6.1111488745550207e-03 7.2555532438814660e-06
1 18 -5.8076637006488638e-03 3.3725209191145871e-05
1 19 -5.3927726981131225e-03 5.9718612122625055e-05
1 20 -4.9288940188163891e-03 3.5989555526228656e-06
1 21 -4.1567337509941116e-03 -2.5808923058841846e-05
1 22 -3.5810536837374068e-03 -1.0426640976391662e-05
1 23 -3.2045764410193606e-03 -4.2273924467994215e-06
1 24 -2.9819540336585423e-03 3.4027708979380653e-06
1 25 -2.8015775309184520e-03 -2.2569342170700097e-06
1 26 -2.6458447526493049e-03 1.5413109218993329e-06
1 27 -2.3614725429313122e-03 5.8597170326358464e-06
1 28 -2.0694987397176586e-03 5.0968945390764524e-06
1 29 -1.8524504889900130e-03 -1.2441130317501946e-05
1 30 -1.6195467549864368e-03 2.7308541614557470e-07
1 31 -1.4575589445187543e-03 7.7372378915193419e-06
1 32 -1.3823147214392011e-03 1.0814218110531926e-06
1 33 -1.2793877242660025e-03 6.1265497974599709e-06
1 34 -1.1442240362490527e-03 -2.2708248344757390e-06
1 35 -9.9081798245135157e-04 -3.3610506591602177e-06
1 36 -8.6567824084857680e-04 -2.0344792643018099e-07
1 37 -7.4532200062084927e-04 4.2809271701270637e-07
1 38 -6.6209453843993240e-04 2.9962001934636010e-06
1 39 -5.9511411932318327e-04 -7.2028564065587192e-07
1 40 -5.5909496238218826e-04 -1.8264363787448338e-06
1 41 -5.4086268917409358e-04 -2.5033897719141471e-06
1 42 -5.5031217492605396e-04 -1.5317245918521967e-06
1 43 -5.7068634076735275e-04 3.1216353876923306e-07
1 44 -6.0242203562345376e-04 2.6663799142598063e-07
1 45 -6.7772358866748247e-04 -2.8787228158800007e-06
1 46 -7.6226997373567531e-04 -8.2946846858647982e-07
1 47 -8.9300222930640844e-04 5.4769574334730538e-06
1 48 -1.0970984725789743e-03 8.6073571341619947e-06
1 49 -1.3131117988448931e-03 6.0177654022343790e-06
1 50 -1.4481367116728372e-03 -9.9390838399768371e-06
1 51 -1.6816428495116964e-03 -1.2891270574328462e-05
1 52 -1.9747210878130039e-03 -9.2718575908050767e-06
1 53 -2.2872921826840066e-03 -1.6542838554954694e-05
1 54 -2.6494727608057842e-03 -1.0447108808435366e-05
1 55 -3.0345290615043465e-03 -1.4161888492995069e-05
1 56 -3.4862782972842738e-03 3.2456594824497807e-06
1 57 -4.0577579644422304e-03 5.5337956867563632e-06
1 58 -4.5965545698163661e-03 8.3505725696596719e-06
1 59 -5.3338549024126505e-03 -2.5792962432285096e-06
1 60 -6.2627286673845378e-03 3.3260459676680628e-05
1 61 -7.4312804122059657e-03 3.9987369827873737e-05
1 62 -8.8554907490429168e-03 -1.5925099167821230e-05
1 63 -1.0500778239800912e-02 -1.8864002762596211e-06
1 64 -1.2286372494674437e-02 1.0636331696117192e-05
1 65 -1.3826554838764635e-02 -5.0329202155942551e-05
1 66 -1.5935717985103941e-02 8.0857780439527933e-05
1 67 -1.8806929678041085e-02 1.0120216851118440e-04
1 68 -2.2974751504532352e-02 1.1970404509707734e-04
1 69 -2.9395827113223645e-02 1.8588406497594860e-04
1 70 -4.4427145888672470e-02 2.3286953581359892e-04
1 71 -9.4797972056502158e-02 -6.0077705208639275e-04
2 0 -1.0981146816063682e-01 -1.4546869086920105e-03
2 1 -4.4427802757926481e-02 2.9876280917045492e-04
2 2 -2.3929253800287993e-02 -4.3747403458040068e-05
2 3 -1.7926378815597919e-02 -1.3180190831242321e-04
2 4 -1.5499997281550158e-02 -1.2296637870281532e-04
2 5 -1.3249463032215842e-02 -1.5934859582518788e-05
2 6 -1.0979973842954644e-02 6.7072819126121208e-06
2 7 -9.2607225285261975e-03 -3.9059568014456942e-05
2 8 -8.3950019361362909e-03 -1.0538689053113783e-04
2 9 -8.0400122017758972e-03 -1.2739656738936406e-04
2 10 -7.9212120936863195e-03 -4.9443193501271098e-05
2 11 -7.3150520989553663e-03 6.9378940349680690e-05
2 12 -6.3969528725895093e-03 7.1786637523834390e-05
2 13 -5.5309236155361612e-03 4.7760243380187115e-05
2 14 -4.8891157340953603e-03 3.4614977440534020e-05
2 15 -4.2781833392682026e-03 1.9439841158811510e-05
2 16 -4.0107384090726063e-03 1.5160842473683073e-05
2 17 -3.7984974757839097e-03 1.8905258986328469e-05
2 18 -3.5930586614270768e-03 4.8755733232557837e-05
2 19 -3.3304587166527746e-03 8.0302183793062642e-05
2 20 -3.0996499007433483e-03 -8.2154117585658847e-06
2 21 -2.5988268145882344e-03 -3.5603953842047201e-05
2 22 -2.2360617876270735e-03 -2.7033512504188258e-06
2 23 -1.9807416489428806e-03 -5.2351432155538814e-06
2 24 -1.8578433404018450e-03 6.1550696560106563e-06
2 25 -1.7317634347721570e-03 -4.9091069037141245e-06
2 26 -1.6517555693503496e-03 2.6097048384740841e-06
2 27 -1.4847742051856208e-03 7.6086605406296573e-06
2 28 -1.2959190610287133e-03 5.2690495237638586e-06
2 29 -1.1494766668380557e-03 -1.6462800315318028e-05
2 30 -1.0055216257904287e-03 3.3538353941019534e-06
2 31 -8.9897698469985259e-04 1.1285749063577512e-05
2 32 -8.6389398465356378e-04 1.4556484316350140e-07
2 33 -7.9219451393795553e-04 9.1852571764940214e-06
2 34 -7.0841129287796552e-04 -1.8448977836784908e-06
2 35 -6.1462098862795648e-04 -3.1150771861719711e-06
2 36 -5.4359977806413056e-04 1.2384008453985467e-06
2 37 -4.6418135409337011e-04 7.6539635476695405e-07
2 38 -4.1153768883694876e-04 4.9034700168296741e-06
2 39 -3.7201931025001016e-04 -1.3322224299539402e-06
2 40 -3.4568900883405148e-04 -2.3808437331836811e-06
2 41 -3.3341236909947261e-04 -2.7394954815984595e-06
2 42 -3.4122939753618173e-04 -1.7255496021555578e-06
2 43 -3.5386666071421342e-04 8.3608452873877199e-07
2 44 -3.7132268989571260e-04 -3.0769275774537848e-07
2 45 -4.1947142930530673e-04 -3.1618942748448746e-06
2 46 -4.6945248381027757e-04 -2.1988397974581374e-07
2 47 -5.5038419841963154e-04 6.1354601101516912e-06
2 48 -6.6796916078893233e-04 1.2449541235358305e-05
2 49 -8.1294924185043669e-04 7.4003675529824942e-06
2 50 -8.9253076857262210e-04 -1.5851206458924336e-05
2 51 -1.0333225224769108e-03 -1.6975922327446798e-05
2 52 -1.2235137606784524e-03 -8.4465676903136928e-06
2 53 -1.4202022584885088e-03 -2.3689649979587683e-05
2 54 -1.6638283324781709e-03 -1.5076277048223653e-05
2 55 -1.8867034614203190e-03 -2.1640706716198104e-05
2 56 -2.1557751814670506e-03 4.5181664851141111e-06
2 57 -2.5204015205128943e-03 7.7984684229456165e-06
2 58 -2.8766064572675384e-03 1.0482915669937655e-05
2 59 -3.3250773922341216e-03 2.0259724862938651e-06
2 60 -3.8610502639773773e-03 4.2891191056194621e-05
2 61 -4.5558332620982576e-03 5.4498116824523754e-05
2 62 -5.4257740642504309e-03 -2.5566825189620057e-05
2 63 -6.5318323193093233e-03 2.4987460298984181e-06
2 64 -7.6623635629949494e-03 3.0837228312929445e-05
2 65 -8.5422767813909169e-03 -2.1789444992822678e-05
2 66 -9.8743236213289492e-03 1.1326667637097671e-04
2 67 -1.1734547816940924e-02 1.4501693907862038e-04
2 68 -1.4178341733936183e-02 1.3400943200283597e-04
2 69 -1.8035503011475270e-02 2.7707315706286756e-04
2 70 -2.5580358284910294e-02 4.2431986488736462e-04
2 71 -4.6146667450966267e-02 -8.5443046051601203e-04
3 0 -3.7061052255021321e-02 -3.5325388780552532e-04
3 1 -2.0382665693781183e-02 4.0918430179622196e-04
3 2 -1.2482466699524665e-02 -2.3943882960985205e-04
3 3 -1.0039509127181372e-02 -1.5176447619703423e-04
3 4 -8.7752322814680910e-03 -1.2021494669156924e-04
3 5 -7.6287670844014735e-03 -1.1810001125806603e-05
3 6 -6.3258146720319543e-03 1.7312540509192918e-05
3 7 -5.2874877445320311e-03 -6.4067780009657242e-05
3 8 -4.7626815746957584e-03 -8.1281338185322719e-05
3 9 -4.6443157344145383e-03 -1.2620654941682932e-04
3 10 -4.5793812890867445e-03 -2.5655582251451457e-05
3 11 -4.2586667584273968e-03 8.2639697327462896e-05
3 12 -3.6477555030278849e-03 7.4594124460534189e-05
3 13 -3.1913987772644115e-03 6.0774328125345360e-05
3 14 -2.8566178455878897e-03 4.2431291737526973e-05
3 15 -2.4630235600375978e-03 1.4693997684611619e-05
3 16 -2.3314517206086188e-03 3.3335894708043627e-05
3 17 -2.1978614009488025e-03 2.4717261158596868e-05
3 18 -2.0629565164524224e-03 5.4760500245568064e-05
3 19 -1.8974146130653212e-03 7.9046194663921825e-05
3 20 -1.8206683360426441e-03 -2.0804539544180112e-05
3 21 -1.5060702946711074e-03 -4.2755238267729155e-05
3 22 -1.2911215417719701e-03 2.8535654114460252e-06
3 23 -1.1244155089493698e-03 -8.8643180007458837e-06
3 24 -1.0713114997324186e-03 8.2212455280884914e-06
3 25 -9.8572807526886336e-04 -6.6981797634751584e-06
3 26 -9.5705524722887599e-04 9.0779056574499621e-06
3 27 -8.6763287338814416e-04 5.7790299916458636e-06
3 28 -7.5170192863728829e-04 -2.8991411439574398e-07
3 29 -6.5487908745120700e-04 -1.6977048313846773e-05
3 30 -5.7438036984326147e-04 5.5540222010596829e-06
3 31 -5.0972210026059355e-04 1.0622400935672440e-05
3 32 -4.9928459018861327e-04 -7.7248936855904904e-07
3 33 -4.5656856344063814e-04 9.8692056099316429e-06
3 34 -4.0435425944437896e-04 -1.9103039781122793e-06
3 35 -3.5219756026544044e-04 -4.0255357141226306e-07
3 36 -3.1930725141294814e-04 3.8434639030608378e-09
3 37 -2.6838508044332984e-04 6.1919577282726632e-07
3 38 -2.3827448767991676e-04 4.6106504973661216e-06
3 39 -2.1528958997571598e-04 -1.0228781159190311e-06
3 40 -1.9715299750100009e-04 -3.0829790254033927e-06
3 41 -1.8944424261921908e-04 -2.5335725688816425e-06
3 42 -1.9618670707594163e-04 -1.6570533194007581e-06
3 43 -2.0365775622358093e-04 1.1350762974570865e-06
3 44 -2.1125473640308279e-04 -1.1122340158678813e-06
3 45 -2.4166240167733071e-04 -1.9576305163747738e-06
3 46 -2.6536030913122579e-04 2.3466083790220812e-07
3 47 -3.1256215800233133e-04 4.1260143380443135e-06
3 48 -3.7233276751450558e-04 1.4179215965819356e-05
3 49 -4.6372629032083895e-04 5.6308029339979047e-06
3 50 -5.0632396955822639e-04 -1.7149763317509262e-05
3 51 -5.8312550463012565e-04 -1.8856703675379603e-05
3 52 -7.0763292847597127e-04 -6.3460197877411773e-06
3 53 -8.1176385187839287e-04 -2.2558960313491138e-05
3 54 -9.7508724985917699e-04 -1.2844682790775938e-05
3 55 -1.0770415365586653e-03 -2.0077732784063305e-05
3 56 -1.2245807393201572e-03 5.0841070335572741e-07
3 57 -1.4492431283712537e-03 1.0842163594608434e-06
3 58 -1.6754134443206963e-03 3.7679688682421565e-06
3 59 -1.9215883808875870e-03 -1.0264126109831029e-06
3 60 -2.1931013649271226e-03 4.2489553422401757e-05
3 61 -2.5704779715526580e-03 6.0232446310680920e-05
3 62 -3.0456257695452888e-03 -1.7198013776810408e-05
3 63 -3.7817260664386328e-03 4.1995390965431654e-05
3 64 -4.4414961972729381e-03 7.2479801879302591e-05
3 65 -4.8752185391306409e-03 3.6923261828388338e-06
3 66 -5.6620066236705438e-03 1.0742728436950016e-04
3 67 -6.7557718144026389e-03 1.4648801490753897e-04
3 68 -8.1267160187053402e-03 1.1097625986059997e-04
3 69 -1.0259334412029454e-02 2.8140511735292320e-04
3 70 -1.3759295821440722e-02 3.7547587682025286e-04
3 71 -2.0638661735161538e-02 -6.6941301769333052e-04
4 0 -1.3293573519574371e-02 -8.2633908613819038e-05
4 1 -9.4860081581281397e-03 2.8443402557881784e-04
4 2 -6.3838381684393651e-03 -2.5921583891652525e-04
4 3 -5.4313126602645659e-03 -1.3161898016336823e-04
4 4 -4.7314331671805630e-03 -1.4392297768330505e-04
4 5 -4.2071620280080164e-03 -3.6675070172676803e-05
4 6 -3.4874881662475881e-03 1.8292032985549514e-05
4 7 -2.9090432624532636e-03 -8.6320016209627838e-05
4 8 -2.6117544020274313e-03 -6.1514206385467426e-05
4 9 -2.6110558145918993e-03 -1.2609363826419413e-04
4 10 -2.5236692317043524e-03 -2.4522923515867054e-05
4 11 -2.3911943272022984e-03 7.1192925688152344e-05
4 12 -1.9862895845860736e-03 5.4766496407741184e-05
4 13 -1.7721004184111479e-03 6.2751317304450695e-05
4 14 -1.6179539646125655e-03 3.8937220495208677e-05
4 15 -1.3650936750512577e-03 4.3124815492857700e-06
4 16 -1.3111112941326850e-03 5.1499121535324810e-05
4 17 -1.2360827599572908e-03 1.5385568906158849e-05
4 18 -1.1399308478094400e-03 5.4555634482498877e-05
4 19 -1.0392484194142275e-03 6.9758742171555839e-05
4 20 -1.0400580405913900e-03 -2.4328868866167167e-05
4 21 -8.3689706541356407e-04 -4.5057086331952308e-05
4 22 -7.1691221607695255e-04 -1.4102119406673347e-06
4 23 -6.0824426283912305e-04 -9.9110383974221323e-06
4 24 -5.9466899047602934e-04 1.1028446140769810e-05
4 25 -5.3429727962678460e-04 -4.2522409723212225e-06
4 26 -5.3820768488166968e-04 1.8944106082838139e-05
4 27 -4.9234736256354762e-04 2.9442479571736103e-06
4 28 -4.1586168970837180e-04 -4.4808537524068881e-06
4 29 -3.5455736414917785e-04 -1.5470005112249605e-05
4 30 -3.1164337837008446e-04 6.6964370679824581e-06
4 31 -2.7653458812740674e-04 5.6327778038548499e-06
4 32 -2.7643147517476417e-04 -9.8108504912906971e-07
4 33 -2.5156867118312923e-04 8.6293088364373383e-06
4 34 -2.1992609468196754e-04 -2.3196013121370477e-06
4 35 -1.9236050447843473e-04 2.5537516565480083e-06
4 36 -1.8104418989381760e-04 -1.7985734033408494e-06
4 37 -1.5045904197177529e-04 5.5673653926313384e-07
4 38 -1.3278948283279948e-04 3.7119928151160199e-06
4 39 -1.1902323843286350e-04 -2.0430642585395766e-07
4 40 -1.0763648059340815e-04 -4.2074016393861482e-06
4 41 -1.0384800372981059e-04 -1.9259962701185949e-06
4 42 -1.0829059521899307e-04 -2.2205234200685885e-06
4 43 -1.1348578316954524e-04 1.4080402944963879e-06
4 44 -1.1463898028962589e-04 -1.4409084520161106e-06
4 45 -1.3506680727772997e-04 -1.6250653216702930e-06
4 46 -1.4227070032937907e-04 1.1872355369783525e-06
4 47 -1.7024873521769167e-04 1.6903694230454049e-06
4 48 -1.9711829449287741e-04 1.3240754861564475e-05
4 49 -2.5173590026724405e-04 3.9335247058673726e-06
4 50 -2.7405552563622654e-04 -1.4887889659899032e-05
4 51 -3.1822967192961916e-04 -1.7201594266493152e-05
4 52 -3.9713430205336506e-04 -6.1547020203184783e-06
4 53 -4.4381366326793150e-04 -1.9217558916736056e-05
4 54 -5.5549467337749040e-04 -9.8864995501887566e-06
4 55 -5.8551532165661659e-04 -1.2800862731550094e-05
4 56 -6.7139399372122407e-04 -1.9540664576992624e-06
4 57 -8.0079898081341803e-04 -4.0046281810234325e-06
4 58 -9.4096480877402353e-04 -2.4385001573682887e-06
4 59 -1.0684074194221315e-03 -9.5311772574267364e-06
4 60 -1.1934495886800245e-03 3.1330980629084391e-05
4 61 -1.3896043137715951e-03 5.5811649727543534e-05
4 62 -1.6226353782114798e-03 4.3591682504665156e-06
4 63 -2.1114065611599346e-03 6.5373926654764585e-05
4 64 -2.4826417343090201e-03 1.0609395452000950e-04
4 65 -2.6842550252831597e-03 -1.4863626251171598e-06
4 66 -3.1344467485116233e-03 1.0084964110061157e-04
4 67 -3.7137637202901298e-03 1.1895724115364631e-04
4 68 -4.4974308005843143e-03 1.1914336668414416e-04
4 69 -5.6401448651894484e-03 2.2456675638987802e-04
4 70 -7.1984294363475580e-03 2.9914406495562643e-04
4 71 -9.0606645191931446e-03 -2.7254841032911428e-04
5 0 -5.2656214289706956e-03 -1.9718191359286571e-04
5 1 -4.3884616435374037e-03 1.2593004346547149e-04
5 2 -3.2105254540900213e-03 -2.0410186094221779e-04
5 3 -2.9051351912111945e-03 -9.7312968118883663e-05
5 4 -2.4924568947165640e-03 -1.4498672012979504e-04
5 5 -2.2194833804170975e-03 -7.5632616534987489e-05
5 6 -1.8748633025939994e-03 2.5598268811169451e-05
5 7 -1.5769827427292108e-03 -9.0741703920201321e-05
5 8 -1.3841067273230514e-03 -3.8136225388357685e-05
5 9 -1.4557731974587859e-03 -1.1248842435587955e-04
5 10 -1.3301669905858582e-03 -2.8623143837019044e-05
5 11 -1.3013759900964159e-03 4.0314958860428117e-05
5 12 -1.0435380474278907e-03 2.9020222540951836e-05
5 13 -9.5967876906260304e-04 6.0034311241905717e-05
5 14 -9.0900604785876466e-04 3.0720120299113780e-05
5 15 -7.4058246139743842e-04 -8.3341771102640040e-06
5 16 -7.2968606282521758e-04 5.5076971682512202e-05
5 17 -6.8916493704989984e-04 3.7501061825492370e-06
5 18 -6.1161159584376481e-04 4.9847636543628428e-05
5 19 -5.5635039770583219e-04 5.0572256401451540e-05
5 20 -5.8973432856129012e-04 -2.7867926847635234e-05
5 21 -4.4908308144954884e-04 -4.4871342123122249e-05
5 22 -3.9363961367485729e-04 -5.3127751851225363e-06
5 23 -3.1272853009294444e-04 -8.7903544835722503e-06
5 24 -3.2506776125939201e-04 1.2962311801940142e-05
5 25 -2.8163451654382806e-04 4.4954888476362633e-07
5 26 -2.9506204547327083e-04 2.0745307086194420e-05
5 27 -2.7990666976879464e-04 1.0246563734411430e-06
5 28 -2.1952841994803081e-04 -7.3459373338299653e-06
5 29 -1.8446816840508913e-04 -9.6567313772387185e-06
5 30 -1.6211044362157706e-04 6.7352880605791817e-06
5 31 -1.4699217889140105e-04 2.3392414788275426e-06
5 32 -1.4827017130654665e-04 -1.0428859556242671e-06
5 33 -1.3337395325763561e-04 6.8857167713682255e-06
5 34 -1.1609331632653559e-04 -1.4437253074872068e-06
5 35 -1.0124817251853356e-04 3.9170068013195656e-06
5 36 -1.0043047424217171e-04 -2.7636886996867769e-06
5 37 -8.3210212746545828e-05 4.4068666375251019e-07
5 38 -7.0961948380773016e-05 3.1995860533894449e-06
5 39 -6.3798846134394458e-05 7.6412239981522989e-08
5 40 -5.6971157640549757e-05 -3.8211299459440193e-06
5 41 -5.6231233361670615e-05 -1.2824647510843727e-06
5 42 -5.8352508879790479e-05 -3.1439750339404097e-06
5 43 -6.1915833037067989e-05 1.4635277609130771e-06
5 44 -5.9226293340699365e-05 -1.0596059291501518e-06
5 45 -7.3554975889021144e-05 -2.3787970123641600e-06
5 46 -7.3385226875217333e-05 1.6441842109300883e-06
5 47 -9.0113087404232692e-05 -1.0495909223707954e-06
5 48 -9.9819835962885992e-05 9.6325503447030714e-06
5 49 -1.3313631746454110e-04 2.0728781661144425e-06
5 50 -1.4511116695567142e-04 -1.1206318541176574e-05
5 51 -1.7379326940106723e-04 -1.2970466392337869e-05
5 52 -2.1855701833341378e-04 -4.8421804880360331e-06
5 53 -2.3825291972700392e-04 -1.8280428190684472e-05
5 54 -3.1284817479049063e-04 -8.6484392100008943e-06
5 55 -3.0385445876334252e-04 -6.6124668414178677e-06
5 56 -3.6331168067199848e-04 -1.4057375631179749e-06
5 57 -4.3592618987883130e-04 -7.1390924468365296e-06
5 58 -5.1503539859581646e-04 -6.7010852251625755e-06
5 59 -5.7640082663628993e-04 -1.4630053102539007e-05
5 60 -6.3336702564872091e-04 1.6398769088562680e-05
5 61 -7.4100303344292958e-04 2.7396403735195615e-05
5 62 -8.2811204563268826e-04 3.0874084304102168e-05
5 63 -1.1517589888594625e-03 5.6684620986196236e-05
5 64 -1.3515657508022540e-03 1.1782712253158058e-04
5 65 -1.4360472032411916e-03 -3.0085517200660121e-05
5 66 -1.6991732611678634e-03 1.0155446305120163e-04
5 67 -1.9708817033000699e-03 9.1022625676493861e-05
5 68 -2.4423490936979386e-03 1.5068689736439156e-04
5 69 -3.0610750893140053e-03 1.4290686645029166e-04
5 70 -3.7444892348697709e-03 2.3684918655274222e-04
5 71 -4.0898471237716585e-03 -6.4024957476099432e-05
6 0 -2.2836310809335974e-03 -1.8718697813413258e-04
6 1 -2.1224189021872681e-03 1.0603214144906400e-06
6 2 -1.6122879231095916e-03 -1.9168542873690056e-04
6 3 -1.5170029573297484e-03 -7.2342300245113880e-05
6 4 -1.2950830221831629e-03 -1.2568111161625787e-04
6 5 -1.1195275416531721e-03 -6.0851643251800225e-05
6 6 -9.9163339369639125e-04 5.7507357528950215e-06
6 7 -8.4777335308049032e-04 -7.9248979359399077e-05
6 8 -6.9698017037727884e-04 -2.4107269677511962e-05
6 9 -8.0397840642783866e-04 -9.4982256931650997e-05
6 10 -6.6445222812170745e-04 -2.7751859570584601e-05
6 11 -6.8890260138613514e-04 1.1192636517751044e-05
6 12 -5.2194671011389728e-04 7.9624843302035430e-06
6 13 -5.1038079823319314e-04 5.2215146260770125e-05
6 14 -4.9883254636402027e-04 1.6479243100470915e-05
6 15 -3.8565064121389716e-04 -1.9314947197483294e-05
6 16 -4.0427253247346556e-04 4.7351620336519052e-05
6 17 -3.9063289436747377e-04 -2.2139087030496120e-06
6 18 -3.2451831623691896e-04 3.9458371970133474e-05
6 19 -2.8803644218339301e-04 3.2922767582164314e-05
6 20 -3.3716317306157410e-04 -2.8117031806003834e-05
6 21 -2.4387195256777644e-04 -4.2108473492104463e-05
6 22 -2.1075770855041729e-04 -9.5838656533383190e-06
6 23 -1.5570389746674790e-04 -1.0439468353492331e-05
6 24 -1.7796643394362276e-04 1.1816484499226010e-05
6 25 -1.4880741974898301e-04 5.3686051313087569e-06
6 26 -1.5696299187250258e-04 2.0456666493963808e-05
6 27 -1.5941251157633863e-04 -1.6152754268060552e-06
6 28 -1.1001457758796494e-04 -7.1600365312902830e-06
6 29 -9.3355198306156953e-05 -3.6852338342383229e-06
6 30 -8.1335949578926903e-05 5.6905899876942989e-06
6 31 -7.9182797998016477e-05 -7.4937001252687422e-07
6 32 -7.9771194337656772e-05 -1.4060824340063087e-06
6 33 -6.8649540709956830e-05 3.6580514622302829e-06
6 34 -6.0864952978263297e-05 -1.0401413540935534e-06
6 35 -5.1817220082618764e-05 3.6871040567729783e-06
6 36 -5.3678874045888817e-05 -1.9314296501139018e-06
6 37 -4.5293971481582992e-05 -2.3113355479322460e-07
6 38 -3.5954262287215623e-05 3.0841396104216925e-06
6 39 -3.3036497059966687e-05 1.4886133049366613e-07
6 40 -3.0164345892892143e-05 -2.7812630919667445e-06
6 41 -3.0575584143219762e-05 -6.4094862686068900e-07
6 42 -3.1193027564388954e-05 -3.4592923374718902e-06
6 43 -3.2907991235805800e-05 1.7075921028257641e-06
6 44 -2.9291670931398653e-05 2.0997597590251121e-07
6 45 -3.8626864320432187e-05 -2.5972386304855206e-06
6 46 -3.7361512977940572e-05 1.2710783849117081e-06
6 47 -4.7678267725926985e-05 -3.8258077240084410e-06
6 48 -4.9314885710146728e-05 5.4254763009395433e-06
6 49 -7.0790519044715999e-05 6.4967877395758692e-07
6 50 -7.7395910578332896e-05 -7.5623727351454073e-06
6 51 -9.6279825636882177e-05 -9.2486411415282181e-06
6 52 -1.1841087644437243e-04 -1.0952105544692476e-06
6 53 -1.2930404102931233e-04 -1.8819725768807094e-05
6 54 -1.7665486982192300e-04 -5.2093238718283831e-06
6 55 -1.4982414330668592e-04 -2.1588638526867543e-06
6 56 -1.9911363506864627e-04 -2.6178756770772466e-06
6 57 -2.3656603509650419e-04 -6.2843368258423228e-06
6 58 -2.7716550907295372e-04 -1.2969976946003169e-05
6 59 -2.9868748017397335e-04 -9.9634435350381371e-06
6 60 -3.3049015859150111e-04 4.6594718348025808e-06
6 61 -3.9668567573374525e-04 -7.0631144187956686e-06
6 62 -4.0397135306113126e-04 5.3947405913928192e-05
6 63 -6.1326893144099447e-04 3.4159338910815715e-05
6 64 -7.2322461177032977e-04 9.5500928447838336e-05
6 65 -7.4591216551304982e-04 -3.8925202807785381e-05
6 66 -9.2795836312733809e-04 1.0483195084874890e-04
6 67 -1.0052560540985505e-03 4.9365066357464946e-05
6 68 -1.3072243273176951e-03 1.5528074954257275e-04
6 69 -1.6205550776027733e-03 5.8791810937209324e-05
6 70 -1.9468606970516923e-03 2.0678313368049066e-04
6 71 -2.0407761786924712e-03 -6.0762904431634869e-05
7 0 -1.1901004688449786e-03 -2.6421860514432520e-04
7 1 -1.1025681993755252e-03 -4.9820834756821040e-05
7 2 -8.3830065151530313e-04 -2.4168295610702860e-04
7 3 -7.5039008789388453e-04 -4.8283472762627940e-05
7 4 -6.3148688629323900e-04 -8.2173611823537567e-05
7 5 -5.3321643895133230e-04 -5.0346044049721833e-05
7 6 -5.2317300609743813e-04 -8.2252205498004024e-06
7 7 -4.6460731712578268e-04 -6.9162597224969782e-05
7 8 -3.3359001130825905e-04 -9.9505115096571146e-06
7 9 -4.3534840294595699e-04 -8.1855210240081307e-05
7 10 -3.2886643143553479e-04 -3.4514141318044494e-05
7 11 -3.4706410828398688e-04 -4.9369461107422244e-06
7 12 -2.4426842380681973e-04 -7.1008769551328592e-06
7 13 -2.6231683145025680e-04 4.3109687389760120e-05
7 14 -2.7586925217391644e-04 1.8768480898859798e-06
7 15 -1.9209136139725086e-04 -2.3072181030521132e-05
7 16 -2.3101687539682061e-04 3.0606075749787388e-05
7 17 -2.2333536764257365e-04 2.2792874842041665e-06
7 18 -1.6707447461248784e-04 1.9163611732673522e-05
7 19 -1.3773061710646979e-04 1.4334262293308762e-05
7 20 -2.0579239525835114e-04 -2.4042252104635871e-05
7 21 -1.4260772250978467e-04 -3.6492566743873344e-05
7 22 -1.0342763108952616e-04 -1.3194379801377356e-05
7 23 -7.9120581641503964e-05 -1.4685272274409801e-05
7 24 -9.9333712101202121e-05 1.0173294614923441e-05
7 25 -7.9280459683292421e-05 7.0787011798608758e-06
7 26 -7.9406200470068692e-05 1.9939594843100710e-05
7 27 -9.2200326566589273e-05 -5.6355293589288289e-06
7 28 -5.4156726843880718e-05 -4.3392171549826286e-06
7 29 -4.5852186092156286e-05 8.6915884181144056e-08
7 30 -3.8987331699421305e-05 7.7917645387448202e-06
7 31 -4.3144986842895160e-05 -2.9668925790416010e-06
7 32 -4.4156436818136304e-05 2.1904645947454157e-07
7 33 -3.4156003194081064e-05 8.4333977873556068e-07
7 34 -3.1694042298963680e-05 -1.3155969718274535e-07
7 35 -2.6250192123456736e-05 2.5188247182005457e-06
7 36 -2.7197963817463523e-05 -1.2171232153757847e-06
7 37 -2.4348315956003122e-05 -1.6530420345022771e-06
7 38 -1.7399876130777425e-05 2.6726340925373874e-06
7 39 -1.6654776391405989e-05 3.0528770868933076e-07
7 40 -1.6058642562417054e-05 -2.0888849439305527e-06
7 41 -1.6974418526443805e-05 -7.3430219029971330e-07
7 42 -1.7048702192076979e-05 -3.1430616075649373e-06
7 43 -1.7049495876317220e-05 1.8120429008623917e-06
7 44 -1.3983991811402880e-05 9.9735216804527952e-07
7 45 -1.9092453609417026e-05 -2.3091243913900313e-06
7 46 -1.8397403816104921e-05 7.4630275813061026e-07
7 47 -2.5145711298092577e-05 -5.3257754974995727e-06
7 48 -2.3510276566626731e-05 3.1880102740339893e-06
7 49 -3.7662559306487056e-05 -2.4737221221545146e-07
7 50 -4.1943457471272094e-05 -5.0694533918588121e-06
7 51 -5.3673618955347146e-05 -8.4068201571581070e-06
7 52 -6.4015997712504454e-05 2.2169626287570540e-06
7 53 -7.0009348061883094e-05 -1.9759682761333549e-05
7 54 -1.0244844710306889e-04 -1.6340696376014553e-06
7 55 -6.9960081290410087e-05 -8.7208215181662524e-07
7 56 -1.1404593068565942e-04 -9.9434346549875338e-06
7 57 -1.2878280849633070e-04 -5.6800553435233659e-06
7 58 -1.4602704415005944e-04 -1.9831815336424271e-05
7 59 -1.4512845669657927e-04 -5.4225600799967300e-06
7 60 -1.7104436170151975e-04 -3.2466144096655168e-06
7 61 -2.2025798482664243e-04 -2.1989629939504096e-05
7 62 -1.8573255897871605e-04 4.8511694048850784e-05
7 63 -3.3142172788431568e-04 1.2464651059215701e-05
7 64 -3.8522272362103913e-04 7.3973782884938821e-05
7 65 -3.7099400451415124e-04 -3.5418832913818373e-05
7 66 -5.1297881751073888e-04 8.3547389540534057e-05
7 67 -4.9317893390038719e-04 1.6563264226608109e-05
7 68 -6.7689955389504204e-04 1.2824130276220958e-04
7 69 -8.1235532133457110e-04 -1.8303243654983550e-05
7 70 -9.8894599669170809e-04 1.7918463519589871e-04
7 71 -1.1127253949628356e-03 -7.8599890368344507e-05
8 0 -5.8955288662507004e-04 -1.4199726944125619e-04
8 1 -6.1748228428878114e-04 -6.3576722793685028e-05
8 2 -4.9499878007974263e-04 -2.5339997004577810e-04
8 3 -3.4807455860681941e-04 -4.6976190278489585e-05
8 4 -2.7824279819251501e-04 -6.4831898672554561e-05
8 5 -2.3461209296953865e-04 -5.1630899700758656e-05
8 6 -2.8157569513563227e-04 6.0483318642210925e-07
8 7 -2.5886994263337045e-04 -6.8055085405716622e-05
8 8 -1.5420897671392477e-04 4.5874922175445310e-06
8 9 -2.3187342239620602e-04 -6.5248043153573105e-05
8 10 -1.6485971800546010e-04 -3.6823449880809543e-05
8 11 -1.6811670896036400e-04 -1.5448372302372113e-05
8 12 -1.0761452038872203e-04 -2.4510275192562823e-05
8 13 -1.3265586249033037e-04 4.0167114614275377e-05
8 14 -1.6108993760018323e-04 -3.0276620664165899e-06
8 15 -9.3476933938421551e-05 -2.1510195762842232e-05
8 16 -1.3629104413333035e-04 1.9785611218207386e-05
8 17 -1.2662965902236515e-04 -5.9330229579514790e-07
8 18 -8.4636224857635028e-05 -2.8086850798802054e-06
8 19 -6.0349542869821824e-05 -1.3393355225750241e-07
8 20 -1.3545472036593226e-04 -2.2608329670274540e-05
8 21 -9.0306715473098179e-05 -3.2506442633741675e-05
8 22 -4.6126346521029094e-05 -1.3543147146891374e-05
8 23 -4.0585093020952938e-05 -1.7572915280311490e-05
8 24 -5.7211212942181457e-05 8.7219294806750646e-06
8 25 -4.0497819163026889e-05 1.1670823434640113e-05
8 26 -3.6132242912795834e-05 1.8518776989841995e-05
8 27 -5.4094178951839798e-05 -5.1279264264496131e-06
8 28 -2.5698209344628303e-05 -2.5377311792846742e-06
8 29 -2.0547884708061051e-05 2.6595948286624897e-06
8 30 -1.7402189487682629e-05 1.0865625944398649e-05
8 31 -2.3625394660395264e-05 -3.2433468052617897e-06
8 32 -2.4000418855859631e-05 2.5656673051480746e-06
8 33 -1.5413963861745659e-05 -4.7974643998265165e-07
8 34 -1.6221552553322619e-05 2.8119475984734006e-06
8 35 -1.3228207809611830e-05 8.0130238139332707e-07
8 36 -1.3040696924750427e-05 -1.8508476269692548e-06
8 37 -1.3067252688567323e-05 -2.7066933225868625e-06
8 38 -8.9900092609078961e-06 2.6754278365033620e-06
8 39 -8.9069756977873898e-06 2.0022995401464041e-07
8 40 -8.4949239876574200e-06 -1.5276111225075016e-06
8 41 -8.8412858453479719e-06 -1.0051295677703569e-06
8 42 -9.2296824001962622e-06 -2.6670770185531846e-06
8 43 -7.7007714417479869e-06 1.9493474025775146e-06
8 44 -6.5780023896001648e-06 1.1698356372364806e-06
8 45 -8.1509895362824547e-06 -2.8561807578891612e-06
8 46 -8.8044642183782550e-06 6.1280874135607489e-07
8 47 -1.2851669518121946e-05 -5.5956901477495839e-06
8 48 -9.4002667335215867e-06 1.7645357385370715e-06
8 49 -2.0161049988490315e-05 -9.4688173100194997e-07
8 50 -2.3093105780060340e-05 -5.4355722175012957e-06
8 51 -3.0578297698269266e-05 -7.2094409941985117e-06
8 52 -3.4779064242344334e-05 5.2187364873808968e-06
8 53 -3.5487102601041291e-05 -1.9572032427532104e-05
8 54 -5.9864099301289422e-05 3.6808725812907955e-06
8 55 -3.0293037122292307e-05 1.4899335233176154e-06
8 56 -6.6581193978498037e-05 -1.1353327844539088e-05
8 57 -7.3332794489115185e-05 -3.3294670586916564e-06
8 58 -7.1059984030520478e-05 -2.6206603289080828e-05
8 59 -6.8162848039578531e-05 -2.0110016807389825e-07
8 60 -9.0523309852843633e-05 -3.6911973912767713e-06
8 61 -1.2686462116977168e-04 -2.4689467034275254e-05
8 62 -8.1336863069477765e-05 3.4095518187069064e-05
8 63 -1.9571548990589968e-04 -2.0561493914366351e-05
8 64 -2.0681737111349501e-04 6.0275717443802875e-05
8 65 -1.7774201872266989e-04 -2.1012141438350305e-05
8 66 -2.8418688841597254e-04 4.1784212931019013e-05
8 67 -2.3169954914569480e-04 -4.8033823849553313e-06
8 68 -3.3851622384111651e-04 8.3438978533916422e-05
8 69 -3.5882857602342747e-04 -6.5906756011150250e-05
8 70 -4.8436179782762883e-04 1.4277250666449562e-04
8 71 -6.3927713604219015e-04 -7.3924079011307824e-05
9 0 -2.1995889789628152e-04 1.1345984480191794e-05
9 1 -3.4743194622501787e-04 -6.9482210119060426e-05
9 2 -3.2417571261521890e-04 -2.5929826518705058e-04
9 3 -1.5832927128767179e-04 -3.7834372671687100e-05
9 4 -1.2893568606934229e-04 -6.8138540875875870e-05
9 5 -1.0757241131849298e-04 -5.6527008273138911e-05
9 6 -1.7279343574737310e-04 3.2154082839594868e-05
9 7 -1.4353557145663196e-04 -4.2657122285247868e-05
9 8 -6.6194433588484178e-05 7.4464506680610812e-06
9 9 -1.1649817056004091e-04 -5.2784326691564895e-05
9 10 -7.9765558841436579e-05 -2.6888522890028155e-05
9 11 -7.3094044978773434e-05 -1.7520698708137414e-05
9 12 -4.7925023866273852e-05 -3.8845723615204017e-05
9 13 -7.4665539187480977e-05 3.4103956856982661e-05
9 14 -1.0300861464683202e-04 -1.5932729313250349e-06
9 15 -4.7959479283972650e-05 -1.7353174016730965e-05
9 16 -7.0965045783747069e-05 2.1004554685222871e-05
9 17 -7.0152787953111425e-05 -1.0706620898416901e-05
9 18 -4.6888453576232165e-05 -1.4367436912093867e-05
9 19 -3.1279035342223780e-05 -1.5151050823163502e-05
9 20 -9.4588347640202835e-05 -2.0026370766313509e-05
9 21 -6.1006332059623835e-05 -2.8351889608603339e-05
9 22 -1.7978458377621944e-05 -8.8280582933585021e-06
9 23 -1.7331051425342175e-05 -1.6779868295968488e-05
9 24 -3.0640690985015542e-05 8.3187211989781931e-06
9 25 -2.1777339782997845e-05 1.5236818321242677e-05
9 26 -1.4975784483887462e-05 1.6675379695106477e-05
9 27 -3.2583840894858915e-05 -1.7304736121166938e-06
9 28 -1.2063178791609291e-05 -3.6121744305541096e-06
9 29 -8.6508139822462811e-06 3.8040704157156709e-06
9 30 -5.5056231756172949e-06 1.2696991673878113e-05
9 31 -1.3502901928655824e-05 -3.3761754399543613e-06
9 32 -1.3948947641347306e-05 3.4357245042903976e-06
9 33 -4.0790033943369197e-06 -1.5799638741537572e-06
9 34 -7.5618666065379461e-06 5.2353960325824248e-06
9 35 -6.6329356623336662e-06 -1.1616030587834677e-06
9 36 -5.7414044819717766e-06 -2.1470395710201598e-06
9 37 -6.8391715072843242e-06 -3.5809588250685217e-06
9 38 -5.0064183897347390e-06 2.6900394205764202e-06
9 39 -5.5267196417497406e-06 8.8575424616316999e-07
9 40 -4.1305901927149025e-06 -9.7807983829065293e-07
9 41 -3.8817260477662114e-06 -1.3726180067700043e-06
9 42 -4.5151602853801105e-06 -1.9275956479051644e-06
9 43 -2.5299563399821076e-06 1.5988155074164171e-06
9 44 -2.8178210498365407e-06 1.0811288718032838e-06
9 45 -2.1750549557903918e-06 -3.6279718207828940e-06
9 46 -4.5037534016397858e-06 1.4435527193052520e-06
9 47 -6.3839833968040051e-06 -4.9245915659082709e-06
9 48 -2.8590423259607164e-06 1.2322356304657202e-06
9 49 -1.2995085129273770e-05 -1.0910650851553248e-06
9 50 -1.3765703544950616e-05 -6.1054320832953295e-06
9 51 -1.7174005604688275e-05 -5.5761906054319358e-06
9 52 -1.7460536765272928e-05 5.0730926860574658e-06
9 53 -1.6331767989799329e-05 -1.4035041979698355e-05
9 54 -3.5391387303514395e-05 7.2146858830522910e-06
9 55 -1.2966773224596990e-05 3.4952332017147443e-06
9 56 -3.5947863673080610e-05 -1.1240665361560035e-05
9 57 -4.1002478460442230e-05 1.7685163566678365e-06
9 58 -2.6800600295972498e-05 -2.9468813535718558e-05
9 59 -2.8388418752302927e-05 -6.1267861140916731e-07
9 60 -5.1438900049290792e-05 -4.2092690752538543e-06
9 61 -7.0634665950199013e-05 -2.7942341978272741e-05
9 62 -1.3388341497941990e-05 2.7711802065075492e-05
9 63 -1.4335328827292529e-04 -4.8364422812245935e-05
9 64 -1.1492947515081104e-04 4.3426536464184789e-05
9 65 -7.1034553156165185e-05 -5.2883637613705077e-06
9 66 -1.4546129628260392e-04 7.7980777033871110e-06
9 67 -1.1427962808831959e-04 -2.2013350273549526e-05
9 68 -1.7304079872317368e-04 4.0193758371541034e-05
9 69 -1.2697400205528844e-04 -6.8776846249501118e-05
9 70 -2.5394205664880658e-04 1.2352905126397973e-04
9 71 -3.3921248321304741e-04 -4.7810499317031911e-06
10 0 -6.6409102027385978e-05 1.0775930062693144e-04
10 1 -2.4149937093115745e-04 -1.1421672301630692e-04
10 2 -2.0921918689158057e-04 -2.4507583381180962e-04
10 3 -6.6342725401174468e-05 -1.2545890784196845e-05
10 4 -7.2248780418661285e-05 -6.4472550640097648e-05
10 5 -6.6330266769242191e-05 -6.6645841396006358e-05
10 6 -1.2484210547052154e-04 6.0233360067419366e-05
10 7 -7.1630766710534624e-05 5.8857642731089519e-07
10 8 -2.3806536892598294e-05 3.5236181171938088e-06
10 9 -6.7878283829123171e-05 -3.9294900537538257e-05
10 10 -3.4644788612584769e-05 -3.2100913310796245e-06
10 11 -2.3764474466604706e-05 -7.5223806565321369e-06
10 12 -1.3419520968332880e-05 -3.1621925786384099e-05
10 13 -4.8208825670741742e-05 2.7684117792274254e-05
10 14 -6.1326021790697599e-05 -1.5309102748103520e-06
10 15 -3.4933939441640954e-05 -1.4279804032293107e-05
10 16 -3.0327461760284587e-05 2.6905936410442406e-05
10 17 -3.1882216949114331e-05 -1.0050859287279439e-05
10 18 -2.8037465862806647e-05 -1.2980965575682669e-05
10 19 -2.3829538209803912e-05 -2.4292550642983268e-05
10 20 -6.7283690131629971e-05 -2.3343326488509669e-05
10 21 -4.3278432864105496e-05 -2.8198884278681797e-05
10 22 -2.2911852410683360e-06 -6.8908149765056120e-06
10 23 -2.3548830773942909e-06 -1.2179956502977598e-05
10 24 -1.0255090750818768e-05 8.5120204090057512e-06
10 25 -1.2756259925642145e-05 1.5527088957436051e-05
10 26 -5.8056378144824980e-06 1.4534949431205669e-05
10 27 -1.6328793326719886e-05 7.7057764912710990e-07
10 28 -6.8387328198286024e-06 -6.1576610198710435e-06
10 29 -1.9517580917184294e-06 1.8612523704751676e-06
10 30 1.4728845338012239e-06 1.3108651934995875e-05
10 31 -9.2589896716782880e-06 -3.0597890919976784e-06
10 32 -6.5930372063234902e-06 3.6013777317994599e-06
10 33 1.3688676210774678e-06 -2.6831531669139919e-06
10 34 -1.4426518303044371e-06 7.4958532899971661e-06
10 35 -2.8547930659755083e-06 -1.7946467745693222e-06
10 36 -2.2604531603988586e-06 -1.1266806011963731e-06
10 37 -3.4531394591678401e-06 -3.4499857487375484e-06
10 38 -2.1790687386079900e-06 2.6303058604572658e-06
10 39 -3.9868156126483190e-06 1.2556004772426218e-06
10 40 -8.9185361228232567e-07 -4.3160014018788928e-07
10 41 -1.1804208318230982e-06 -1.3916356892742012e-06
10 42 -1.8713909372081645e-06 -1.3385326450039045e-06
10 43 -2.3131671087759701e-07 8.5221449963066658e-07
10 44 -1.2675478136629295e-06 1.1651128276576670e-06
10 45 8.1580345705796726e-07 -4.4997624378906294e-06
10 46 -2.8450248689246714e-06 2.3021953059888372e-06
10 47 -3.0418364024881412e-06 -4.7264256823328314e-06
10 48 -1.7753700723520391e-07 1.5697255525330882e-06
10 49 -1.1035026538598666e-05 -1.4266369767047339e-06
10 50 -7.2364821939314493e-06 -5.2803944416472000e-06
10 51 -9.5676339921125946e-06 -4.8468438020419122e-06
10 52 -5.3401805657574438e-06 4.5109326540353479e-06
10 53 -6.6244441551551347e-06 -5.5791495821244691e-06
10 54 -2.1177729705027340e-05 5.6847901308031970e-06
10 55 -3.0193233178158662e-06 5.7446431349976371e-06
10 56 -1.7018291036894134e-05 -1.1302934982829016e-05
10 57 -1.8017447431041013e-05 7.6415643941037421e-06
10 58 -3.8014549177072100e-06 -2.3567300003507374e-05
10 59 -1.0878882642193985e-05 -1.9631176819873799e-06
10 60 -3.0465801568433370e-05 -9.4427550434766196e-06
10 61 -3.3540192716752503e-05 -3.0391225638279438e-05
10 62 3.5821196009150555e-05 1.8853171961315292e-05
10 63 -1.2151311749902653e-04 -5.2722735188955674e-05
10 64 -7.2133619558323992e-05 2.5008551600749975e-05
10 65 -1.5138825247168710e-06 -5.6938796674033070e-06
10 66 -6.2573880127821750e-05 1.2781017522412082e-06
10 67 -5.0855618578369489e-05 -1.1716971879417291e-05
10 68 -1.0496770770079001e-04 7.2146036411204001e-06
10 69 -3.3896895195484630e-05 -5.8809901704675796e-05
10 70 -1.4286127045771459e-04 1.3117450981293144e-04
10 71 -1.7758273401004426e-04 5.0239346017363150e-05
