0 0 -1.3091787561156472e+00 3.1658416140958276e-20
0 1 -2.2954497073974167e-01 -1.1818012905134369e-19
0 2 -1.1746545577536405e-01 -9.5285460577096911e-21
0 3 -8.5959382463841535e-02 -1.1595140898770177e-21
0 4 -7.0693333104586517e-02 -2.8124502175718806e-21
0 5 -6.1470921431094595e-02 -4.3637262328786312e-21
0 6 -5.4942561880945408e-02 1.1952565463821962e-21
0 7 -4.8296388535669289e-02 -2.2141857385983677e-21
0 8 -4.0290257739341868e-02 -9.7443607630374927e-22
0 9 -3.4095344079615938e-02 -1.1123558493079124e-21
0 10 -2.8940415830681784e-02 -5.5084119714318404e-22
0 11 -2.4151050041212527e-02 -1.5451132258755508e-22
0 12 -2.0705580875335496e-02 1.4964622612933634e-21
0 13 -1.7193036644996766e-02 4.8928458796651991e-22
0 14 -1.3903884976071774e-02 -1.0721565174505116e-21
0 15 -1.1748575870129769e-02 3.1598877541082321e-22
0 16 -1.0102544072541757e-02 6.3512373224998812e-22
0 17 -8.6582543957111954e-03 3.5796117927485680e-22
0 18 -7.2614708109352824e-03 -4.0194495824805522e-22
0 19 -6.0810159544565064e-03 -2.1463284147134769e-22
0 20 -5.2822119071612422e-03 5.6936874275261782e-23
0 21 -4.8043516212112752e-03 9.2014708615811745e-24
0 22 -4.3319305042821710e-03 2.7187999902271237e-23
0 23 -3.8009646488196816e-03 8.8715988972302507e-23
0 24 -3.4055499194095792e-03 3.4099821456341064e-23
0 25 -3.1183986186707384e-03 6.9292080621725728e-23
0 26 -2.9527474071405499e-03 -1.2454323934814836e-22
0 27 -2.6298413327812678e-03 -7.0253578047826968e-23
0 28 -2.2350406767231447e-03 -1.5096171837759535e-22
0 29 -2.0313599025321878e-03 -9.3748766067303938e-23
0 30 -1.9641920010967568e-03 1.9343198041946263e-22
0 31 -1.7797232120968448e-03 -2.7608711140032746e-23
0 32 -1.5902958164906748e-03 -2.2754556261541518e-24
0 33 -1.4487743235600729e-03 -2.3745250940407506e-23
0 34 -1.3675120180221749e-03 -6.7373010462241335e-23
0 35 -1.2606042470325138e-03 -4.4980540776175072e-23
0 36 -1.1835671994667413e-03 6.2520422788750393e-23
0 37 -1.0594038196460103e-03 6.3938952036506481e-23
0 38 -9.1511097992568737e-04 -1.5204478158078504e-23
0 39 -8.4259861819788076e-04 -4.3754022665851336e-24
0 40 -8.5437000313623511e-04 -2.3159663922479796e-23
0 41 -9.0246886097465693e-04 2.9781504206674494e-24
0 42 -9.5497531557876662e-04 1.0139193592392929e-22
0 43 -1.0155484058078615e-03 -8.5771227742603116e-24
0 44 -1.0521776651398716e-03 9.1949266842753208e-23
0 45 -1.1034005640069581e-03 -1.6105114790589905e-23
0 46 -1.2302333931047541e-03 2.5210175168324852e-24
0 47 -1.4315499509424195e-03 -7.9782082296405226e-23
0 48 -1.6966238180246898e-03 -3.6267791311975908e-23
0 49 -2.0861219561172837e-03 1.9902051681165518e-23
0 50 -2.5463751674298517e-03 2.3321818533234814e-22
0 51 -3.2250284125340404e-03 -5.4415998332334101e-23
0 52 -4.0639039123771658e-03 -1.2696708076257870e-22
0 53 -5.0510684207285368e-03 1.8717297129288648e-22
0 54 -6.2669799066702413e-03 1.3828943677924154e-22
0 55 -7.4906454422561889e-03 -3.9756694156475726e-22
0 56 -8.7693865362752262e-03 -3.0879342295359448e-23
0 57 -1.0310084145546241e-02 1.3247325137517528e-23
0 58 -1.2194571435993756e-02 7.5594623871389595e-23
0 59 -1.4188816158493224e-02 2.7501521208160094e-22
0 60 -1.6484601417418025e-02 4.6001571371488248e-22
0 61 -1.9293672727563438e-02 -6.2568201419794851e-22
0 62 -2.3575049537576040e-02 2.4754407325121116e-22
0 63 -2.8235181602083839e-02 -3.3503113499527779e-22
0 64 -3.2529741026614011e-02 -1.7002275267818460e-21
0 65 -3.5691602976296803e-02 1.2157349309147415e-21
0 66 -4.0404481659293723e-02 -3.3484974764810193e-22
0 67 -4.9332030356599138e-02 -1.6296040722990277e-21
0 68 -6.3253358190499667e-02 2.8382453978875845e-21
0 69 -8.7540320365061070e-02 8.2621697159881784e-21
0 70 -1.2532671734177550e-01 6.9433604916187521e-21
0 71 -2.3609691526402332e-01 4.7448244414255028e-20
1 0 -4.5565024097753304e-01 -3.5324849406346069e-03
1 1 -1.4959087262286069e-01 -7.3258314834652132e-05
1 2 -8.6188384985066563e-02 -3.7157171525472682e-04
1 3 -6.5230614720150390e-02 -1.6317212681765745e-04
1 4 -5.3965059911054082e-02 -1.6341541339971003e-04
1 5 -4.7031139336711318e-02 1.3405748394695503e-04
1 6 -4.1845398113786965e-02 3.6321736007532225e-04
1 7 -3.6839996826150745e-02 3.3278126139367953e-04
1 8 -3.0819890050176015e-02 1.4821133246859791e-04
1 9 -2.5979935899903751e-02 -1.7050864546134123e-05
1 10 -2.2078244995973776e-02 -1.4559990070636450e-04
1 11 -1.8464635833888823e-02 -7.5017362090292852e-05
1 12 -1.5864979256840769e-02 -7.6012331770394879e-05
1 13 -1.3145031114488035e-02 -2.6775510795629691e-05
1 14 -1.0630410334501314e-02 -4.9642130480242845e-05
1 15 -8.9612766813265167e-03 -4.4510741230228677e-05
1 16 -7.6888405846067872e-03 -5.6778597992827987e-06
1 17 -6.6132767409405793e-03 -1.0933316741485325e-05
1 18 -5.5603300804879666e-03 1.4439188317945446e-05
1 19 -4.6522136399783087e-03 5.0639458175948844e-06
1 20 -4.0538214093610633e-03 -1.1231174301173038e-05
1 21 -3.6780151763538800e-03 4.4962673497953484e-06
1 22 -3.3159965806698896e-03 1.1080730863594346e-05
1 23 -2.9113491456186128e-03 -6.7034503217160147e-06
1 24 -2.6115619019975288e-03 -7.0817998586305896e-06
1 25 -2.3840439869728660e-03 4.9467872876842450e-07
1 26 -2.2633454160782126e-03 6.6293286314657034e-06
1 27 -2.0263428972330613e-03 -3.7525389934777354e-06
1 28 -1.7113330229534007e-03 6.8772258794426649e-06
1 29 -1.5593211136121672e-03 1.6204605515733599e-05
1 30 -1.5008251498698239e-03 1.3209822137218318e-05
1 31 -1.3630556741837789e-03 6.8841489302902800e-06
1 32 -1.2147299735978147e-03 -2.6035035814231493e-08
1 33 -1.1076885104998641e-03 -9.7843397946276283e-07
1 34 -1.0491972868199638e-03 -2.7456941693496863e-07
1 35 -9.7042511199120257e-04 4.1311765692456849e-07
1 36 -9.0749705941606544e-04 -6.2751797134400362e-06
1 37 -8.0960195732877839e-04 -1.5419535281952305e-06
1 38 -7.0044600202146467e-04 1.0522594246136104e-06
1 39 -6.4278622128335612e-04 1.6235575989230310e-06
1 40 -6.5060416015012747e-04 3.1577816192992982e-06
1 41 -6.8423026812491688e-04 6.0163784276093677e-06
1 42 -7.2594337931087909e-04 2.9762593716095354e-06
1 43 -7.7152578905445026e-04 3.4600791050102042e-06
1 44 -8.0205816590053064e-04 1.0631573677749850e-06
1 45 -8.4051646130660438e-04 3.9794269013231247e-07
1 46 -9.3826336326870586e-04 -2.8319899247478268e-06
1 47 -1.0933722985150707e-03 -1.2667606921041321e-06
1 48 -1.2947850273681237e-03 2.2333428958680433e-06
1 49 -1.5909223094005126e-03 -1.1620631821142686e-05
1 50 -1.9369068656750735e-03 -7.9997861331470987e-06
1 51 -2.4519198310932401e-03 -1.3989401076873634e-05
1 52 -3.0827169526631789e-03 1.5725558670319745e-06
1 53 -3.8305520456547457e-03 2.1635357416544449e-05
1 54 -4.7651723783543069e-03 2.2391179319172334e-05
1 55 -5.7181533547716809e-03 2.1072653893670497e-05
1 56 -6.6842393490877394e-03 -1.2939539397763167e-05
1 57 -7.8916040689281288e-03 5.1933120514537366e-06
1 58 -9.3476449168757685e-03 -3.5412695405713678e-05
1 59 -1.0897565764008573e-02 2.9081386231242923e-05
1 60 -1.2611874477578193e-02 -2.1266569029651008e-05
1 61 -1.4783415569600568e-02 -8.8490345781841719e-05
1 62 -1.8084208328467168e-02 -9.2059415452048097e-05
1 63 -2.1626223949882256e-02 3.4735156584980854e-05
1 64 -2.4970650606173355e-02 3.2605640248843563e-06
1 65 -2.7285494033051756e-02 3.2445574820852211e-05
1 66 -3.0726159288748535e-02 1.6904210104463300e-04
1 67 -3.7572832168211293e-02 3.4989152652201491e-04
1 68 -4.7928728828254122e-02 3.7978717489725963e-04
1 69 -6.6534903534058068e-02 -7.2047890473062482e-04
1 70 -9.3328062402055600e-02 -1.5093710024847171e-03
1 71 -1.5311563636020675e-01 2.5453636101859602e-04
2 0 -1.6789919311346543e-01 -3.6364454911153995e-03
2 1 -7.9063924876141362e-02 -5.0417253155269986e-04
2 2 -5.0881433137738186e-02 -3.6201488454606353e-04
2 3 -3.9786899179180775e-02 -1.7867476526334385e-04
2 4 -3.3312282866387787e-02 -3.0224616384728550e-04
2 5 -2.9163530156315016e-02 1.2346954249508867e-04
2 6 -2.5682248203179558e-02 4.5519550936543170e-04
2 7 -2.2655569267788948e-02 4.5367553691969074e-04
2 8 -1.9180851018906292e-02 1.6125665646353715e-04
2 9 -1.5995098798807610e-02 -3.5190794269006665e-05
2 10 -1.3692944249936731e-02 -2.2292974452675570e-04
2 11 -1.1463455275256551e-02 -1.0471739916083375e-04
2 12 -9.8993859746096917e-03 -1.4661492074106029e-04
2 13 -8.1633861135162883e-03 -4.0724238742728900e-05
2 14 -6.5662042958124023e-03 -5.9130981127442729e-05
2 15 -5.5327237870908532e-03 -5.9521864995868100e-05
2 16 -4.7392707032865092e-03 -3.8883022715744289e-06
2 17 -4.0911116166994430e-03 -3.9133191324270323e-06
2 18 -3.4564453168089934e-03 1.9412879400874447e-05
2 19 -2.9029510850760395e-03 7.4161006554180569e-06
2 20 -2.5490523405768220e-03 -9.3054052568079579e-06
2 21 -2.2883670094690548e-03 1.4786476914074002e-06
2 22 -2.0627142369125011e-03 1.5709620352342688e-05
2 23 -1.8118780976990904e-03 -1.0394607765463713e-05
2 24 -1.6334390880342628e-03 -9.1754459089762160e-06
2 25 -1.4773187807531742e-03 -8.1830837140804740e-08
2 26 -1.4049613975186755e-03 7.1369579629219947e-06
2 27 -1.2769530603515078e-03 -3.1165319923722425e-07
2 28 -1.0651618866408545e-03 1.2746398015397634e-05
2 29 -9.7590560045693526e-04 2.1444586489430517e-05
2 30 -9.2751046134825928e-04 2.0686439316331978e-05
2 31 -8.4991054667566074e-04 9.0351153747954776e-06
2 32 -7.5173414614419516e-04 -1.3607225660593762e-06
2 33 -6.8754870861494695e-04 -1.7138034028578429e-07
2 34 -6.5484730875694532e-04 9.5454585425480999e-07
2 35 -6.1183967294575932e-04 1.2337019768023841e-06
2 36 -5.6448683052168441e-04 -8.5375786091068160e-06
2 37 -5.0036615878450207e-04 -9.8662906529157064e-07
2 38 -4.3615154095412553e-04 1.3119747169956814e-06
2 39 -3.9733072786639649e-04 2.1225862099347818e-06
2 40 -4.0111090814526020e-04 2.9497211959181132e-06
2 41 -4.1699197221946934e-04 8.5602230745324494e-06
2 42 -4.4673725652822531e-04 3.7215044490168049e-06
2 43 -4.7337048555201383e-04 4.4347519769947044e-06
2 44 -4.9563383563196335e-04 1.3811860980576603e-06
2 45 -5.1734953812833720e-04 2.7114291279694117e-06
2 46 -5.7955334533438350e-04 -4.1681980260523496e-06
2 47 -6.7683472052623228e-04 -3.5591973890236774e-06
2 48 -7.9972705227934640e-04 5.7849503897461405e-07
2 49 -9.8224124494756312e-04 -1.9533281559318254e-05
2 50 -1.1868544220552054e-03 -8.1739607649229987e-06
2 51 -1.5045373096238641e-03 -2.1170554629865532e-05
2 52 -1.8827277525506115e-03 -1.8487012519921341e-06
2 53 -2.3457402254825452e-03 2.3111338362553253e-05
2 54 -2.9198173254557972e-03 2.4403232677700722e-05
2 55 -3.5428171685877633e-03 2.3635574222545805e-05
2 56 -4.1175159539634815e-03 -1.8365807218284912e-05
2 57 -4.9236815013055362e-03 2.0661884565435461e-05
2 58 -5.8340770157658418e-03 -4.3839604597305710e-05
2 59 -6.8401566247238968e-03 5.7503258361807983e-05
2 60 -7.8470486526830072e-03 -2.6667291206014473e-05
2 61 -9.2277674506051881e-03 -1.1191916612529375e-04
2 62 -1.1276137781458471e-02 -1.2176313491766322e-04
2 63 -1.3564791861027560e-02 6.4078981097163911e-05
2 64 -1.5679265572941036e-02 6.8405343444590916e-05
2 65 -1.7020923289958537e-02 6.1380220247613603e-05
2 66 -1.8893476723351139e-02 2.0692240482371002e-04
2 67 -2.3111016885645878e-02 5.0318032025227163e-04
2 68 -2.9104660685388497e-02 5.6800962373422959e-04
2 69 -4.0823010770659571e-02 -1.2321950839672771e-03
2 70 -5.5347707305619921e-02 -2.2723206379128436e-03
2 71 -8.0472060058893832e-02 -3.0560585459002193e-04
3 0 -6.5860828813095851e-02 -1.2697582035047499e-03
3 1 -4.0094917624575226e-02 -9.3569232180962727e-05
3 2 -2.7727099757304516e-02 -2.2612449516705519e-04
3 3 -2.2286804613227688e-02 -1.0777629377223291e-04
3 4 -1.8903721103003850e-02 -4.4879659276876593e-04
3 5 -1.6642001313591712e-02 3.2754649742082022e-05
3 6 -1.4471462454508238e-02 3.9048224579617269e-04
3 7 -1.2794029543718775e-02 4.7374984556061966e-04
3 8 -1.1016681431837681e-02 1.0516492426025565e-04
3 9 -9.1411543263406839e-03 -9.3937874503131888e-05
3 10 -7.8569245074826734e-03 -2.1934006230345097e-04
3 11 -6.5824791176884384e-03 -9.5758701001157458e-05
3 12 -5.7099017496335886e-03 -1.9202585979598901e-04
3 13 -4.6751508372503544e-03 -3.4803364874700798e-05
3 14 -3.7149054235147447e-03 -4.1034624433330401e-05
3 15 -3.1810201993452691e-03 -5.8866607334678847e-05
3 16 -2.6950764773220007e-03 -8.4896997142824370e-06
3 17 -2.3397210322389046e-03 2.1091550717082125e-06
3 18 -1.9773931439792699e-03 2.3128779730277560e-05
3 19 -1.6861930900814676e-03 1.1143328370750582e-05
3 20 -1.4911692805626806e-03 6.0246851091798388e-06
3 21 -1.3183527465183570e-03 5.5036609153964234e-07
3 22 -1.1801816292675287e-03 1.7874938372797189e-05
3 23 -1.0429786717100461e-03 -1.0708957050484090e-05
3 24 -9.5164576329405924e-04 -6.7736520226021056e-06
3 25 -8.4486316260578816e-04 -9.0862621105535082e-07
3 26 -8.0202422658454586e-04 3.0685259479535271e-06
3 27 -7.4583754156785421e-04 3.4379527841656053e-06
3 28 -6.1616233135041842e-04 1.5742474110722300e-05
3 29 -5.6662463999080184e-04 2.3417051573350936e-05
3 30 -5.2764972343161565e-04 2.4492546938262525e-05
3 31 -4.8740768614587013e-04 1.1737233037947352e-05
3 32 -4.3169398100284436e-04 -1.4197291459540641e-06
3 33 -3.9423026091087621e-04 5.6905755601578463e-07
3 34 -3.7969547517774908e-04 4.0836240982658969e-07
3 35 -3.5997330901275427e-04 -1.0067097013463386e-06
3 36 -3.2192588840340009e-04 -6.4172530716462227e-06
3 37 -2.8464174578018921e-04 1.0448117529191874e-06
3 38 -2.5124409928152036e-04 1.0289156629624355e-06
3 39 -2.2731119343359261e-04 1.9326346035185788e-06
3 40 -2.2814512558561495e-04 9.1062419800058773e-08
3 41 -2.3359984504025446e-04 9.4098098826186603e-06
3 42 -2.5306536677148766e-04 3.5910019937047000e-06
3 43 -2.6869142400802351e-04 3.8980883876643105e-06
3 44 -2.8353095113883663e-04 1.5072116134423929e-06
3 45 -2.9376312350498001e-04 2.6140504554667834e-06
3 46 -3.2925468353544365e-04 -2.6715779832674039e-06
3 47 -3.9108909770278196e-04 -6.2148792764857668e-06
3 48 -4.5959617793332015e-04 -2.2557344956166969e-06
3 49 -5.6141177764007088e-04 -2.0042245465008046e-05
3 50 -6.7016368264614186e-04 -3.2604631208220323e-06
3 51 -8.4664372560872372e-04 -2.1861175201455933e-05
3 52 -1.0578996283081093e-03 -5.3921317470629952e-06
3 53 -1.3328457363735212e-03 1.6101521989079389e-05
3 54 -1.6452852583568294e-03 2.1229868900651485e-05
3 55 -2.0366233006696875e-03 1.6362844365735009e-05
3 56 -2.3416392011982924e-03 -1.4501670246369238e-05
3 57 -2.8485340724952648e-03 3.8976924780767691e-05
3 58 -3.4022510911831901e-03 -3.0461048802034606e-05
3 59 -4.0000284908247342e-03 7.8881406226492907e-05
3 60 -4.5127509648416669e-03 -2.0171828533975434e-05
3 61 -5.3260680758738556e-03 -1.0218721786578814e-04
3 62 -6.5091337081972320e-03 -1.2175052895920529e-04
3 63 -7.9591585640718873e-03 1.1562063106095281e-04
3 64 -9.1519770230877890e-03 8.6153927703837036e-05
3 65 -9.9212600431946817e-03 8.4002440082172865e-05
3 66 -1.0787390878640233e-02 2.0505075711310647e-04
3 67 -1.3114796307114963e-02 4.6786246099581101e-04
3 68 -1.6220896333345256e-02 5.2854504652777106e-04
3 69 -2.3098171202463751e-02 -1.3053258754122312e-03
3 70 -3.0369217999766818e-02 -2.1079898108336179e-03
3 71 -3.9672374498362979e-02 -7.2364665764353500e-04
4 0 -2.8648055805986755e-02 -7.3951644560159665e-05
4 1 -1.9486763917073029e-02 7.4711100306394011e-06
4 2 -1.4436635582357119e-02 -1.7901337411382209e-04
4 3 -1.1962248300333052e-02 7.4681350621982727e-05
4 4 -1.0248619840087753e-02 -4.8943082167092825e-04
4 5 -9.0124115841401509e-03 7.1220864135160342e-06
4 6 -7.7138918325309492e-03 2.8449884468334649e-04
4 7 -6.9385803081806665e-03 4.6506347377719368e-04
4 8 -6.0396178145521572e-03 8.1416830037121143e-05
4 9 -5.0789185914154851e-03 -1.2142235095278906e-04
4 10 -4.3584096587771879e-03 -1.9553281258890531e-04
4 11 -3.6527803562194879e-03 -4.7108731884245873e-05
4 12 -3.1225482674735990e-03 -1.8721599948278803e-04
4 13 -2.5585390754334684e-03 -5.8068414394428874e-06
4 14 -2.0076704223417128e-03 -2.2381324340383952e-05
4 15 -1.7783591676383630e-03 -5.4728202355956043e-05
4 16 -1.4609022028795775e-03 -5.3487552497126572e-06
4 17 -1.2871568983233057e-03 6.1151068464673815e-06
4 18 -1.0863521818957594e-03 2.1794117741331450e-05
4 19 -9.4612180140752928e-04 1.5610227287543710e-05
4 20 -8.3951922002340558e-04 1.6709531030111328e-05
4 21 -7.3412485198072236e-04 5.3162215175178855e-07
4 22 -6.4645463636559767e-04 1.8054633694095665e-05
4 23 -5.7238571587027345e-04 -7.5004695219334789e-06
4 24 -5.3631582656348854e-04 -5.0489158988188512e-06
4 25 -4.6112061298485653e-04 -3.8977720506386953e-06
4 26 -4.3347193587448441e-04 6.3054693435749400e-07
4 27 -4.1864551042792198e-04 6.3932289465480013e-06
4 28 -3.4571712377019006e-04 1.6073307855975243e-05
4 29 -3.1878729449926060e-04 2.4695222301459372e-05
4 30 -2.8727600494267853e-04 2.1106061332261272e-05
4 31 -2.6376958717497516e-04 1.0870907211780236e-05
4 32 -2.3758403027180627e-04 -1.0651741402144414e-06
4 33 -2.1518623595430077e-04 -1.8539595944283593e-06
4 34 -2.1225766695247264e-04 -1.7539021154589879e-06
4 35 -2.0510692935778147e-04 -2.4388664706042993e-06
4 36 -1.7365425542447056e-04 -3.9614108932361667e-06
4 37 -1.5505792567171159e-04 1.9084812174787311e-06
4 38 -1.3776673077282392e-04 8.4735538411438203e-07
4 39 -1.2328358424242079e-04 1.1925342426251926e-06
4 40 -1.2358615424125645e-04 -1.4389846366327803e-06
4 41 -1.2563702589648147e-04 7.3342500528651416e-06
4 42 -1.3691186750802579e-04 3.0122968720878797e-06
4 43 -1.4831602414184671e-04 2.6964244627676483e-06
4 44 -1.5553555750301787e-04 1.6793410999331341e-06
4 45 -1.6102202785458401e-04 1.1977689208770439e-06
4 46 -1.7826177814704496e-04 -1.4743926006487176e-06
4 47 -2.2024173237873175e-04 -8.5734107008806993e-06
4 48 -2.5457354424116116e-04 -4.6477325697202078e-06
4 49 -3.0721051893850901e-04 -1.5275621709908705e-05
4 50 -3.6451581468337614e-04 -2.9450926859797169e-06
4 51 -4.5521532370283090e-04 -1.8729572170118901e-05
4 52 -5.7097612316756984e-04 -1.0825985875183074e-05
4 53 -7.3003385271037523e-04 3.3369745442867194e-06
4 54 -8.7939064949837476e-04 1.9308167198135351e-05
4 55 -1.1250136537944548e-03 1.9949513755408629e-05
4 56 -1.2704272965422196e-03 -5.4606771618875606e-06
4 57 -1.5946678982062938e-03 4.8248670193363577e-05
4 58 -1.9137019060651021e-03 -1.6167380448012201e-05
4 59 -2.2486565133951523e-03 9.6733121039870953e-05
4 60 -2.4748129516091550e-03 -1.9860661801134134e-05
4 61 -2.9345376401443547e-03 -8.4417792726190546e-05
4 62 -3.6165698394306457e-03 -1.1957484497608123e-04
4 63 -4.5198400614687067e-03 1.2306669031381855e-04
4 64 -5.2000875827766090e-03 6.6878064140669439e-05
4 65 -5.6169756897302883e-03 7.3455709866613063e-05
4 66 -6.0045125792915635e-03 1.3120585053463671e-04
4 67 -7.1542300215024284e-03 3.7551792071585351e-04
4 68 -8.6252916111597706e-03 3.5207078031239479e-04
4 69 -1.2558009177684154e-02 -1.1090971856266628e-03
4 70 -1.6008827104910466e-02 -1.6643350850327563e-03
4 71 -1.8808207546719389e-02 -8.3588565973675727e-04
5 0 -1.2970946654475304e-02 7.1864807114129859e-04
5 1 -9.4833103631749502e-03 -1.0875669263608533e-04
5 2 -7.1151088414520853e-03 -1.1358502404750348e-04
5 3 -6.2275675063030505e-03 3.4040833785438254e-04
5 4 -5.3946138530917218e-03 -4.6455844028950544e-04
5 5 -4.7284987714144629e-03 5.6956608408434677e-05
5 6 -3.8872030130297375e-03 2.2154118943115787e-04
5 7 -3.7519670583637068e-03 4.1071215916482935e-04
5 8 -3.2007673449369741e-03 6.5445683301013869e-05
5 9 -2.7882214357498403e-03 -9.4858705916020590e-05
5 10 -2.3909947390307155e-03 -1.4794601310255982e-04
5 11 -1.9984435586101173e-03 2.2678258668776630e-05
5 12 -1.6123069742191843e-03 -1.5337238305180716e-04
5 13 -1.3634711465652107e-03 2.2300080143035854e-05
5 14 -1.0549866660702757e-03 -2.4907617620738985e-06
5 15 -9.7529999971045049e-04 -4.8740462587415162e-05
5 16 -7.6533299878525694e-04 4.2297397273741871e-06
5 17 -6.8379153283998871e-04 4.7865646073589777e-06
5 18 -5.8034381255213743e-04 1.7752978306328907e-05
5 19 -5.1724203045773627e-04 2.0771090682852606e-05
5 20 -4.6257075028824818e-04 1.9411445523551781e-05
5 21 -3.9931382666920346e-04 2.0295154793468640e-06
5 22 -3.4282101797432016e-04 1.4335515323387987e-05
5 23 -3.0331786189003606e-04 -1.1911915950129192e-06
5 24 -2.9487231543230311e-04 -4.6880311978688926e-06
5 25 -2.4507425256457447e-04 -5.8995888755497182e-06
5 26 -2.2451407858458446e-04 -3.9266786258731037e-06
5 27 -2.3056432804605530e-04 6.7132356821324370e-06
5 28 -1.9062324898681633e-04 1.4527416842557481e-05
5 29 -1.7426163586959506e-04 2.1068216786949353e-05
5 30 -1.5303860171041910e-04 1.3970475961423274e-05
5 31 -1.3770055765627607e-04 7.7133406788511545e-06
5 32 -1.2586160775999555e-04 -2.3911829787613938e-07
5 33 -1.1548173886145540e-04 -6.5041688750650261e-06
5 34 -1.1585193948133622e-04 -3.4818075027321022e-06
5 35 -1.1367004415369237e-04 -2.8408664169305431e-06
5 36 -8.9100513141586064e-05 -2.1809421584225271e-06
5 37 -8.2275036051458172e-05 1.0937552506600666e-06
5 38 -7.1717525530669957e-05 1.2999218839072952e-06
5 39 -6.3934127587493117e-05 3.7133598077226378e-07
5 40 -6.4830799469492426e-05 -2.2396693437394930e-06
5 41 -6.6017056037210057e-05 4.8693283346200897e-06
5 42 -7.2460033554342404e-05 1.2467319500997457e-06
5 43 -8.2205429009125171e-05 1.1065070259064695e-06
5 44 -8.2483272451054735e-05 -2.8235449214876686e-07
5 45 -8.6855123061526865e-05 1.2106088554215928e-06
5 46 -9.2251362154295235e-05 -2.5878847446152169e-06
5 47 -1.2170302413737254e-04 -8.4090053245622365e-06
5 48 -1.3503775060940771e-04 -6.4042755375098074e-06
5 49 -1.6370228465129665e-04 -8.8062212574957692e-06
5 50 -1.9466871999140940e-04 -6.6878322461852224e-06
5 51 -2.3861391903582009e-04 -1.4558271549471022e-05
5 52 -3.0102703542790572e-04 -1.7973111227726095e-05
5 53 -3.9291256777133411e-04 -6.4900815494064714e-06
5 54 -4.5065309361036666e-04 1.4878382407243545e-05
5 55 -6.0544456854261057e-04 2.2678538303941599e-05
5 56 -6.6106381427431403e-04 4.9074475428299437e-06
5 57 -8.8281257028152108e-04 5.8293107093645610e-05
5 58 -1.0342528830137741e-03 5.5711868535729820e-06
5 59 -1.2290274283030783e-03 8.3341827407102726e-05
5 60 -1.3158732101229099e-03 -9.2901514081365846e-07
5 61 -1.5756805009338260e-03 -7.3732741817762211e-05
5 62 -1.9896008141328265e-03 -1.1146242984244144e-04
5 63 -2.5031825884615764e-03 9.7777965150619943e-05
5 64 -2.8901262295793896e-03 4.8233825693894914e-05
5 65 -3.1806006781191724e-03 6.2646491951290817e-05
5 66 -3.2465697108356615e-03 1.5036361965128687e-05
5 67 -3.7760256660522109e-03 2.7383080115801398e-04
5 68 -4.4424124807375658e-03 2.5827963210439344e-04
5 69 -6.7051929424496448e-03 -7.8571057111312924e-04
5 70 -8.1704342800839967e-03 -1.1354352052284141e-03
5 71 -8.7184322256891687e-03 -7.2084440460306795e-04
6 0 -6.0729367739329500e-03 5.2217997256734285e-04
6 1 -4.5759158769691126e-03 -2.0855355809081428e-04
6 2 -3.2190332192339904e-03 5.0083712096946359e-05
6 3 -3.2608638762328468e-03 4.8536230384084092e-04
6 4 -2.7214763916756759e-03 -4.1091903369598067e-04
6 5 -2.5110811246934288e-03 1.7340410199628438e-04
6 6 -1.8412061254636631e-03 2.0716246328120511e-04
6 7 -1.9666999665320308e-03 2.7119361416876758e-04
6 8 -1.6325781684980310e-03 1.5596044933840635e-06
6 9 -1.5588775753964989e-03 -7.2031136963052867e-05
6 10 -1.3278918789426200e-03 -7.5811054083943036e-05
6 11 -1.0642739152895856e-03 6.0184022791777429e-05
6 12 -7.7923206499794239e-04 -1.0043428040999031e-04
6 13 -6.9546492424310308e-04 4.5206689873339763e-05
6 14 -5.4612670514739151e-04 1.7134809180627152e-05
6 15 -5.2046788023430693e-04 -4.2137851946357590e-05
6 16 -3.9269757809709023e-04 3.1477149043867013e-06
6 17 -3.5154879667805022e-04 7.1312460186155857e-06
6 18 -3.0171128131816150e-04 8.8157466519602483e-06
6 19 -2.7490813707262412e-04 2.7220578265695653e-05
6 20 -2.5605372517162859e-04 1.9505164266012526e-05
6 21 -2.1271124895475994e-04 1.9516433428240665e-06
6 22 -1.7294056616877471e-04 1.1092558719406776e-05
6 23 -1.5711817602570631e-04 2.1787624524283221e-06
6 24 -1.5593730072751858e-04 -4.4571856063629908e-06
6 25 -1.2664242610522182e-04 -7.7324858156642678e-06
6 26 -1.1125977718290920e-04 -7.1764894606433310e-06
6 27 -1.2659976202286576e-04 1.6124051437782815e-06
6 28 -1.0379486883132428e-04 1.0108811413162647e-05
6 29 -9.2750970577431947e-05 1.3419635522948162e-05
6 30 -8.1554368704808965e-05 7.5675265434769924e-06
6 31 -7.1078932175839976e-05 4.8313957112323922e-06
6 32 -6.2842759449056748e-05 4.0219232623800170e-07
6 33 -6.4172343396305879e-05 -9.5958642173173468e-06
6 34 -6.1627567580951678e-05 -8.3010930754354463e-07
6 35 -6.1777325287652379e-05 -1.7608826374306269e-06
6 36 -4.4824520830530982e-05 -5.2585735535775549e-07
6 37 -4.2729168824182570e-05 -9.1574187223793349e-07
6 38 -3.5882472062990043e-05 2.3793173687426951e-06
6 39 -3.2383962328030649e-05 6.7534236909883189e-07
6 40 -3.3263693902531311e-05 -2.9265481516056223e-06
6 41 -3.4860194554689167e-05 3.6781959409483867e-06
6 42 -3.8443420451525685e-05 -5.4452922277538280e-07
6 43 -4.6373227805668146e-05 -1.7071192022681232e-08
6 44 -4.1817848550876750e-05 -3.0728309407579815e-06
6 45 -4.7524884251456556e-05 2.2753283617254510e-06
6 46 -4.5919083951664012e-05 -4.3315125354736204e-06
6 47 -6.7513917290239496e-05 -6.7725472594412156e-06
6 48 -6.8452943606805392e-05 -6.5832829497968818e-06
6 49 -8.6182344446136350e-05 -1.6926825830723853e-06
6 50 -1.0296748270834409e-04 -1.1149996678585329e-05
6 51 -1.2430063037482405e-04 -1.2219906728573944e-05
6 52 -1.5387578191551155e-04 -2.1512296205097237e-05
6 53 -2.1077331666021875e-04 -6.9473353990630690e-06
6 54 -2.2044260282493952e-04 4.4786721732651685e-06
6 55 -3.1807053635480166e-04 1.8001256625723194e-05
6 56 -3.2881656431741127e-04 8.6135767565266258e-06
6 57 -4.8786330925901841e-04 5.3867669266837118e-05
6 58 -5.3712519681430265e-04 2.3442091782031960e-05
6 59 -6.6649374939304446e-04 4.9298720730771676e-05
6 60 -6.9227824942442865e-04 1.2887452072125742e-05
6 61 -8.4399081957358454e-04 -6.6522355293799858e-05
6 62 -1.0832904736608419e-03 -6.4416766447251167e-05
6 63 -1.3288425370975038e-03 4.8298591820895110e-05
6 64 -1.5568593864622236e-03 6.4231434184726789e-05
6 65 -1.8222106200973017e-03 5.5774665900851019e-05
6 66 -1.6446470508238557e-03 -9.7003973576466888e-05
6 67 -1.8712917185812344e-03 1.7944109384037207e-04
6 68 -2.1022631024938225e-03 2.3724093861496226e-04
6 69 -3.4823888823127093e-03 -5.2176319078998132e-04
6 70 -4.0436100187280838e-03 -5.9115016493828257e-04
6 71 -3.9364517288376305e-03 -8.1134993037713596e-04
7 0 -3.3266050356899699e-03 8.3598009169673492e-05
7 1 -2.1183267892635137e-03 -9.5195156658533896e-05
7 2 -1.2791999953142199e-03 2.7357870978896755e-05
7 3 -1.7088010160115391e-03 4.8852100399402387e-04
7 4 -1.3137499103683488e-03 -3.4659625352324917e-04
7 5 -1.3659053955311199e-03 2.3635190062732447e-04
7 6 -7.9468751347629596e-04 1.9991451850100966e-04
7 7 -9.6441161841503997e-04 1.3065470846300854e-04
7 8 -8.0100811061264239e-04 -3.9245909664071765e-05
7 9 -8.8989944242805663e-04 -7.6042725747015112e-05
7 10 -7.6886455276123323e-04 -2.9076215088037690e-05
7 11 -5.5971730835376813e-04 6.3590332464272603e-05
7 12 -3.6630204676343789e-04 -3.4615427419773064e-05
7 13 -3.2793978068245018e-04 4.0118226269623322e-05
7 14 -2.8388650240907746e-04 2.1608296485665314e-05
7 15 -2.8120611551672497e-04 -2.8198133890740129e-05
7 16 -1.9462590848270503e-04 -6.8169165865547792e-06
7 17 -1.7626962879222974e-04 1.7480066585384042e-05
7 18 -1.5681831570279830e-04 -3.4263051006315863e-06
7 19 -1.4091941909884532e-04 2.5973286010323833e-05
7 20 -1.5376405383477109e-04 1.8166445459336019e-05
7 21 -1.1392354350694376e-04 -9.9664684828796052e-07
7 22 -8.1594336416634328e-05 8.7119077541840665e-06
7 23 -8.3269772621392285e-05 1.2998222772917940e-06
7 24 -7.8368113878042879e-05 -3.5688915018349498e-06
7 25 -6.1776631783876896e-05 -8.0763215237482896e-06
7 26 -5.5964185155434938e-05 -8.2529231810339223e-06
7 27 -7.0592907688936225e-05 -4.9382131646092186e-06
7 28 -5.8019947751861909e-05 4.2488834579998865e-06
7 29 -4.7419090895757190e-05 3.4750510328915964e-06
7 30 -4.3638403048671272e-05 3.9214430212164173e-06
7 31 -3.8616525897047113e-05 3.0100707648257741e-06
7 32 -2.8347047571106866e-05 2.1647952299972165e-06
7 33 -3.6678209426559391e-05 -8.4383654719140182e-06
7 34 -3.1419205750411112e-05 1.7779511862999324e-06
7 35 -3.3880401965061884e-05 -7.6135082595263757e-07
7 36 -2.2765431352284949e-05 1.0781544982216657e-07
7 37 -2.0728851538435707e-05 -3.0685184807492744e-06
7 38 -1.7485596875310475e-05 2.9093611926837672e-06
7 39 -1.4881054416520434e-05 1.3314569101806910e-06
7 40 -1.6930217493645668e-05 -2.5718530001926823e-06
7 41 -2.0058391525428564e-05 4.2921791432895603e-06
7 42 -2.0582828440068306e-05 -1.6570115544257145e-06
7 43 -2.6685571895465591e-05 -8.0662049626660400e-07
7 44 -2.0533500165880018e-05 -5.2169156327431206e-06
7 45 -2.6647289670508016e-05 2.4661305722776234e-06
7 46 -2.2170399322273279e-05 -5.3625586671226514e-06
7 47 -3.7645694216250650e-05 -5.4463743956027101e-06
7 48 -3.3858390672446603e-05 -8.1466415466717587e-06
7 49 -4.5138918785576721e-05 3.6527906101183915e-06
7 50 -5.1345241899264946e-05 -1.2207362336358678e-05
7 51 -6.5546531340791663e-05 -8.9236298985891591e-06
7 52 -7.3909150195669541e-05 -1.8526915616488704e-05
7 53 -1.1218879560592110e-04 -2.9827082219355105e-06
7 54 -1.0368192513390389e-04 -8.0159740365167454e-06
7 55 -1.6572075321958209e-04 1.3690339796175275e-05
7 56 -1.5647656970207771e-04 1.2871446751274313e-05
7 57 -2.7886971125197014e-04 3.6567696036248654e-05
7 58 -2.6928927288006309e-04 3.7416968812267283e-05
7 59 -3.6000012620612744e-04 2.8463528506141901e-05
7 60 -3.7084193990198302e-04 6.4395537858730891e-06
7 61 -4.5643484684984511e-04 -5.6648086731545520e-05
7 62 -5.9114872987395229e-04 -2.0759010095989476e-05
7 63 -6.7902611803505959e-04 -1.6187105259146129e-05
7 64 -8.0324031210723598e-04 8.2055315834596635e-05
7 65 -1.0749450396404991e-03 3.6296817142443533e-05
7 66 -7.8255041548494432e-04 -1.5637685254829236e-04
7 67 -8.3159760150389281e-04 9.9409025245218943e-05
7 68 -8.7238699533020482e-04 2.2260366531323146e-04
7 69 -1.8096965320175144e-03 -2.4947184840818683e-04
7 70 -1.9705103758151281e-03 -2.9025531329001129e-04
7 71 -1.6316196095384622e-03 -6.9638947092666328e-04
8 0 -2.0909993245565332e-03 1.0936388303066415e-05
8 1 -1.0609773640615904e-03 2.6449102542158542e-05
8 2 -4.1379829943044794e-04 5.7339852034830810e-06
8 3 -8.4287302484103272e-04 3.9488969002697571e-04
8 4 -5.9601557329554394e-04 -2.8442367386917830e-04
8 5 -6.7430816456435052e-04 2.5838363988690225e-04
8 6 -2.5824230186784842e-04 1.6087545396394417e-04
8 7 -4.8002381609959496e-04 5.3417182091097246e-05
8 8 -4.0617146154022838e-04 -4.1785720827641290e-05
8 9 -5.0585326881186384e-04 -7.6130299415096318e-05
8 10 -4.3930669725545529e-04 -4.5709881746697618e-07
8 11 -2.9054450201613797e-04 5.1650680586345922e-05
8 12 -1.5408349277436058e-04 1.0916039721033131e-05
8 13 -1.3790635908596968e-04 1.1565356930101850e-05
8 14 -1.4593109465394979e-04 9.1050726797497698e-06
8 15 -1.5289666626898597e-04 -2.0257292534804248e-05
8 16 -9.2172006937431177e-05 -1.8241203715855867e-05
8 17 -8.8097681557090815e-05 2.6628680835337364e-05
8 18 -8.5824562719778743e-05 -8.8654737205807906e-06
8 19 -6.1022602663161555e-05 1.9134313237908139e-05
8 20 -1.0264087654270682e-04 1.8311468282413654e-05
8 21 -6.2943695538125288e-05 -3.1758381755100811e-07
8 22 -3.5621211988767425e-05 2.3433774534590835e-06
8 23 -4.4331881249316006e-05 -2.4914725296907220e-07
8 24 -4.0787304377461076e-05 -2.9108072234557128e-06
8 25 -2.7135406705623088e-05 -8.1250814808616367e-06
8 26 -2.9052664483679498e-05 -9.6773205483165592e-06
8 27 -4.1329790308466582e-05 -8.5568815692746019e-06
8 28 -3.2736582236910926e-05 -2.3977232887583987e-06
8 29 -2.1850171910875708e-05 -2.3206053990654486e-06
8 30 -2.2933203255078450e-05 1.8169023396348404e-06
8 31 -2.2799308952770437e-05 1.2967583735019290e-06
8 32 -1.2160533860317206e-05 2.9306919665372091e-06
8 33 -2.1729110084014734e-05 -5.5869508043273502e-06
8 34 -1.5109971298374257e-05 2.0414260485611967e-06
8 35 -1.9036338051778538e-05 -5.5661991907659035e-07
8 36 -1.2070725268360932e-05 2.8589039049555447e-07
8 37 -9.0560459110951612e-06 -2.7223323852347508e-06
8 38 -7.1849261255251920e-06 2.9283685616675538e-06
8 39 -5.0740226884120317e-06 1.9543502100044053e-06
8 40 -8.7901753012941112e-06 -1.8572298786091530e-06
8 41 -1.3521873408734271e-05 4.7130808522180917e-06
8 42 -1.0709224136181447e-05 -2.2583680804247642e-06
8 43 -1.6676749079235378e-05 -4.5089870296806082e-07
8 44 -9.2355270526614821e-06 -5.7639128067989918e-06
8 45 -1.5961835050733681e-05 2.4343739083128420e-06
8 46 -1.1095678000588550e-05 -4.3416791188251652e-06
8 47 -1.9574773572485246e-05 -3.5083868940013962e-06
8 48 -1.5491814219454712e-05 -9.5443582222735543e-06
8 49 -2.3160037616196713e-05 6.0917213552518035e-06
8 50 -2.3034800154506485e-05 -9.3339049511247938e-06
8 51 -3.3214914249950279e-05 -2.2905525911037071e-06
8 52 -3.5273229382877614e-05 -1.2980547744487507e-05
8 53 -6.2729571602681991e-05 1.4091072257117436e-07
8 54 -4.2466003089641481e-05 -6.9175345074711072e-06
8 55 -8.8803313881635700e-05 2.0089081883179152e-05
8 56 -7.0601527782216745e-05 1.5222749788124694e-05
8 57 -1.6249843831333050e-04 2.0391151792012904e-05
8 58 -1.3411230390044770e-04 3.7092305045562855e-05
8 59 -2.0190636387856914e-04 2.2605390890744860e-05
8 60 -1.9613528765722202e-04 -2.9924087500061682e-06
8 61 -2.6009901901567816e-04 -4.2164597462226108e-05
8 62 -3.3209129654771077e-04 4.6942283070499624e-06
8 63 -3.3807367681207951e-04 -5.2740232782767610e-05
8 64 -3.7897328994678685e-04 7.0512804752135067e-05
8 65 -6.5946525551118982e-04 5.3189683116103704e-05
8 66 -2.9400647875456998e-04 -1.3751175228190340e-04
8 67 -3.3512646783316169e-04 5.8993419197050989e-05
8 68 -3.1808963340190826e-04 1.4922958932158252e-04
8 69 -1.0106331647929353e-03 -7.3610961192111210e-06
8 70 -9.2861099947313507e-04 -2.4784139417338707e-04
8 71 -5.5448317633898945e-04 -4.9467291290452588e-04
9 0 -1.3456248014291499e-03 5.4842285881668131e-04
9 1 -6.4012586540056020e-04 1.0981506986637600e-05
9 2 -1.3182672961423671e-04 3.8689282282524695e-05
9 3 -3.8553716919401262e-04 2.5394626492019414e-04
9 4 -2.3687501334616095e-04 -2.7269710736230001e-04
9 5 -2.9506720135503392e-04 2.3789925225786550e-04
9 6 3.5333350526845013e-05 9.8302416658622516e-05
9 7 -2.5456620532839476e-04 -1.6407280253075362e-05
9 8 -2.5042815643620890e-04 -1.5204857707878573e-05
9 9 -2.7782776299218671e-04 -5.2275146909688736e-05
9 10 -2.0736932893998842e-04 2.7356723423654216e-06
9 11 -1.6550255448644820e-04 4.3327126755066167e-05
9 12 -4.7314435108660569e-05 4.4804941386887165e-05
9 13 -4.9465993977750099e-05 -3.3763686655023114e-06
9 14 -7.9080327969411796e-05 6.7247601829212714e-08
9 15 -7.0353641297476530e-05 -2.2156233986714748e-05
9 16 -4.4858269562357580e-05 -2.2720137323213675e-05
9 17 -3.9414357891817384e-05 3.2160879402079250e-05
9 18 -5.6428845179327880e-05 -5.1412881795991799e-06
9 19 -1.8454168333764669e-05 1.2347081548841992e-05
9 20 -7.4402026770917348e-05 1.8167722838745315e-05
9 21 -3.3239862132826939e-05 -3.4397397807379031e-06
9 22 -1.6695059470590082e-05 -6.6486617676855134e-06
9 23 -2.3948731565995680e-05 -4.2436793068949274e-06
9 24 -2.0548807513450046e-05 -1.7263610300920507e-06
9 25 -9.0429923498683152e-06 -9.8958403864768888e-06
9 26 -1.5927041522118177e-05 -7.3527633707949921e-06
9 27 -2.6086690049619059e-05 -9.4073630247615254e-06
9 28 -1.8739750460172386e-05 -6.7898543863655222e-06
9 29 -7.1710313805751993e-06 -4.1414757237111267e-06
9 30 -1.2876300024490242e-05 -2.5897185032519494e-07
9 31 -1.4760371696874462e-05 -1.4488340950028491e-06
9 32 -5.9053182371557219e-06 3.8749977592503865e-06
9 33 -1.3221269974848244e-05 -1.1929140872250514e-06
9 34 -6.6103921474399318e-06 2.7250587339783021e-07
9 35 -1.0150374059966393e-05 -1.3921419055607528e-06
9 36 -8.2214719255789577e-06 -7.7386095453014843e-07
9 37 -3.1808614370683997e-06 -1.1552802201990233e-06
9 38 -1.7193527789597983e-06 2.3694144162521866e-06
9 39 -5.6357510515485361e-07 2.2397417921763831e-06
9 40 -4.7944585784273373e-06 -1.3351049527405813e-06
9 41 -8.9029499560072204e-06 4.1465724096980784e-06
9 42 -4.8417753133060860e-06 -2.6977895648535061e-06
9 43 -1.2404282446686394e-05 7.3695844500128275e-07
9 44 -3.3214566036148825e-06 -6.1581967532482943e-06
9 45 -1.0467111614846597e-05 1.6937595466088947e-06
9 46 -6.1173496184249599e-06 -1.3287272900792022e-06
9 47 -9.0514890243172973e-06 -1.8994795786677633e-06
9 48 -6.4534999700542616e-06 -8.4577351036190289e-06
9 49 -1.0782433563076408e-05 6.5805636795348075e-06
9 50 -1.0582263505069032e-05 -5.2933863985662373e-06
9 51 -1.5798021956489504e-05 -5.3820326078678345e-07
9 52 -1.8468622283192128e-05 -8.7691514349054330e-06
9 53 -3.9797476155490754e-05 1.8980244814825636e-06
9 54 -1.0249367853433599e-05 -5.6274740507460188e-06
9 55 -5.4811642746960088e-05 2.1290419769879641e-05
9 56 -3.1604862817384188e-05 1.2492503856589379e-05
9 57 -8.8224216851325865e-05 4.6105924853903298e-06
9 58 -7.1738657527354975e-05 2.8710725000937589e-05
9 59 -1.0153992916935351e-04 2.8184174093214467e-05
9 60 -1.0203913871538376e-04 -1.6378006170620907e-05
9 61 -1.5580132822692595e-04 -3.1489423105907680e-05
9 62 -1.8487427000345337e-04 2.8153489985076479e-05
9 63 -1.4563508347697953e-04 -2.7374467475756553e-05
9 64 -1.6010484852826615e-04 4.4026658632368488e-05
9 65 -4.2302460727796455e-04 9.3216256460503465e-05
9 66 -2.8364954121441839e-05 -7.8809031905240572e-05
9 67 -1.4010325879488224e-04 6.3401810694365884e-05
9 68 -1.1424549450812815e-04 1.1515556897218564e-04
9 69 -5.0602444796503767e-04 1.7005684605430897e-04
9 70 -4.4212412544028295e-04 -2.4435596350285679e-04
9 71 -7.5250339217379039e-05 -1.7764430712951246e-04
10 0 -5.2987568272486044e-04 7.4871932944572202e-04
10 1 -3.8904303850643057e-04 -4.5053038828302760e-05
10 2 -1.8697886999299610e-04 7.7820407998480335e-05
10 3 -1.1008650211745484e-04 1.3729960011454100e-04
10 4 -3.4872271654603076e-05 -2.5401488264014218e-04
10 5 -1.6246782223409514e-04 1.6221734103786658e-04
10 6 1.4787104620155790e-04 5.5448411268797347e-05
10 7 -1.0622644888940908e-04 -7.0476753662182054e-05
10 8 -2.0331004327462952e-04 1.2544663168262912e-06
10 9 -1.6615515003604050e-04 -4.0797008420730810e-05
10 10 -7.5302346491849052e-05 2.5043062115763034e-05
10 11 -1.0121530332517728e-04 2.4460113813369990e-05
10 12 1.2050221716129424e-05 5.8822854548477472e-05
10 13 -1.6794090815729251e-05 -2.7045751563163411e-05
10 14 -3.6027456977103862e-05 -1.6872242436727053e-05
10 15 -3.2658567037395247e-05 -2.6982299439326592e-05
10 16 -2.0927240946235807e-05 -1.7678733236043486e-05
10 17 -1.7856076584866033e-05 2.5529120068416624e-05
10 18 -4.3829166418399891e-05 2.8581080329392707e-06
10 19 -3.0389097654568248e-06 5.7704682657857116e-06
10 20 -5.7075973045739630e-05 1.3696341995235817e-05
10 21 -1.7675866598157176e-05 -8.3840545054951030e-06
10 22 -6.5306410394665865e-06 -1.1606139142908791e-05
10 23 -1.5087945236367454e-05 -6.0778051045074366e-06
10 24 -7.8463168566482639e-06 -5.4273108986402680e-06
10 25 -1.1818609701618601e-06 -9.8238061671675074e-06
10 26 -1.1339376900925496e-05 -3.8446711190959457e-06
10 27 -2.1619616711976345e-05 -9.3989444597034807e-06
10 28 -8.1520104983940082e-06 -7.0278268753223113e-06
10 29 -1.6909155951225190e-06 -5.8535788760452419e-06
10 30 -9.5495514956787139e-06 -1.5395398279211576e-06
10 31 -1.0057619816483437e-05 -4.1030143686893696e-06
10 32 -4.0202566016803723e-06 4.3369200499254819e-06
10 33 -8.1741474735441509e-06 9.8981365294367285e-07
10 34 -2.8708612143432216e-06 -1.8124852298200561e-06
10 35 -5.2803914219558059e-06 -2.0412425435728224e-06
10 36 -7.1319192615851081e-06 -5.9033422242319072e-07
10 37 -5.4850958515785259e-07 6.6856582357891541e-07
10 38 1.6006743014538989e-06 1.3203849727301629e-06
10 39 1.4657318890913827e-06 2.8457203542900064e-06
10 40 -2.6000506397154545e-06 -1.3780114029239226e-06
10 41 -4.2674539041538321e-06 3.1973669270227598e-06
10 42 -8.5321039894971268e-07 -3.1959572404732630e-06
10 43 -9.1229220101552767e-06 2.1355113926399617e-06
10 44 -1.3848587883909769e-06 -4.4142851780822135e-06
10 45 -8.0552353951071490e-06 1.0862596836869008e-06
10 46 -3.4648279663850339e-06 9.4156537569326850e-07
10 47 -3.3707298215872219e-06 -9.0401011188705217e-07
10 48 -3.1228390573993291e-06 -5.4798029584006758e-06
10 49 -4.3660849103083125e-06 4.9195587030046359e-06
10 50 -6.0857084547906743e-06 -1.5015358149563218e-06
10 51 -5.6866063872796448e-06 -1.0464755358324135e-06
10 52 -1.0339460750069532e-05 -6.8838433315534511e-06
10 53 -2.7696464624267080e-05 3.9649548900803324e-06
10 54 9.0414659593972538e-06 -6.4808348511733150e-06
10 55 -3.3271037833024169e-05 1.2197088784004219e-05
10 56 -1.7452896539260361e-05 2.0625854524252581e-06
10 57 -4.6975739769568415e-05 -2.4162738470898523e-07
10 58 -4.6878853872363631e-05 3.1810281708635716e-05
10 59 -4.7699841996608577e-05 2.6486261515538584e-05
10 60 -6.2838299844969177e-05 -1.8497245923942945e-05
10 61 -9.2439575413245982e-05 -2.5617531872011910e-05
10 62 -1.2292674313039165e-04 5.0687984349993820e-05
10 63 -6.1608047030389955e-05 1.7421337068922115e-05
10 64 -4.3869670472307329e-05 9.3901249771668024e-06
10 65 -3.0648960737388964e-04 1.3318458687870444e-04
10 66 7.8284447093299745e-05 -3.3230771164666276e-05
10 67 -4.8627986313206977e-05 4.7759494744201893e-05
10 68 -4.7803480311411205e-05 9.6065550183058518e-05
10 69 -1.4406346093438446e-04 2.1604110453672166e-04
10 70 -2.2811348508421832e-04 -2.2542275595837443e-04
10 71 2.5541218655259818e-04 1.5281802482650325e-04
