0 0 -1.1203074974915066e+00 3.4571107670583175e-19
0 1 -1.2390986777275979e-01 -2.8152172655269657e-20
0 2 -4.0225691940601944e-02 -6.3392547816244671e-21
0 3 -2.2014593352652937e-02 1.6518201155006753e-22
0 4 -1.5358176117048320e-02 4.3129645225664019e-22
0 5 -1.1710901851327777e-02 -7.1172813398485603e-22
0 6 -9.6364369362808133e-03 -9.8658264183884103e-23
0 7 -7.9452740389200395e-03 1.1573349692441086e-22
0 8 -6.6272713140773940e-03 8.8245966158673316e-23
0 9 -5.7751389896959554e-03 -4.4652653800259807e-22
0 10 -4.9405704281549456e-03 -1.4108406892541345e-22
0 11 -4.1546495975654839e-03 -8.2184599286489460e-23
0 12 -3.4660701203525564e-03 1.9751461510145781e-23
0 13 -2.9444076065065551e-03 -9.3541726039947590e-24
0 14 -2.5428757044101834e-03 5.8925937162253251e-23
0 15 -2.1933293336076228e-03 9.3702436889541569e-23
0 16 -1.9517442964970036e-03 5.6586814720268102e-23
0 17 -1.7148142398229027e-03 3.3516637080924945e-23
0 18 -1.3758289083496001e-03 -1.0203039136144241e-23
0 19 -1.0696871456963943e-03 -2.0419335954314862e-23
0 20 -8.4557422937932118e-04 1.6313589746153727e-23
0 21 -7.0397011186788404e-04 -1.2448115161074638e-25
0 22 -5.7525235288364836e-04 -6.3277923114870127e-24
0 23 -4.7754275649618770e-04 4.7056766924077197e-24
0 24 -3.8932699893948181e-04 5.9569718879134181e-24
0 25 -3.0776359942299530e-04 4.3251124236045150e-24
0 26 -2.4096717186493624e-04 9.2566227619178757e-25
0 27 -1.9413103414076517e-04 -8.8004090271803280e-24
0 28 -1.6017956505885253e-04 1.0194149000756072e-23
0 29 -1.3763620079871607e-04 -1.0740659171735034e-24
0 30 -1.2142582839491344e-04 2.0488274930783196e-24
0 31 -1.1552384703549866e-04 4.6848154432198641e-24
0 32 -1.1655276239168356e-04 1.1257750727431430e-24
0 33 -1.1464884757910025e-04 1.5121488285391131e-24
0 34 -1.1026661080323948e-04 1.8120664029993553e-24
0 35 -1.0984689330517045e-04 3.0335376751869482e-24
0 36 -1.1078755544488703e-04 -4.1259186387424946e-24
0 37 -1.1618974517792351e-04 3.9941543136827775e-25
0 38 -1.2671861074281610e-04 -1.3728695391003032e-24
0 39 -1.4772094130510082e-04 -2.6733113627213414e-24
0 40 -1.7206800702530077e-04 -3.0311287077956406e-24
0 41 -2.0256965071718789e-04 -9.1338199005553066e-24
0 42 -2.3142501460180563e-04 5.4702818253519316e-24
0 43 -2.7056154019174572e-04 -2.2156080565528282e-24
0 44 -3.1511870599209804e-04 -1.2452829433620254e-23
0 45 -3.5876226805181495e-04 -1.6879243141538474e-23
0 46 -4.0894387849511248e-04 1.5253411207136455e-23
0 47 -4.8318496060378364e-04 6.3671363006660769e-24
0 48 -5.7432970798475410e-04 6.5133455873418497e-24
0 49 -6.6579875275097537e-04 -4.9786039863390502e-23
0 50 -7.8209237220356687e-04 -2.9749464808484797e-23
0 51 -9.2929256960888737e-04 -2.9555456413186851e-23
0 52 -1.0839103942731374e-03 3.0285447336640009e-23
0 53 -1.2630372727593980e-03 3.4114271030954756e-23
0 54 -1.4509437994148259e-03 2.5807157930623815e-23
0 55 -1.6207035104235394e-03 6.7000926251984465e-23
0 56 -1.8243008645410974e-03 -3.9293335203272215e-23
0 57 -2.0263868137997357e-03 -5.8822622600489114e-23
0 58 -2.3507900812824709e-03 8.8955670242899245e-23
0 59 -2.9016070555011077e-03 9.7895593688829442e-23
0 60 -3.4936307537037389e-03 7.6585690394643685e-24
0 61 -3.9117876072058619e-03 -7.4283026633986492e-23
0 62 -4.3691796766123416e-03 -3.6409280928124582e-22
0 63 -5.1693554314876924e-03 -7.5816448467905505e-23
0 64 -6.2444427180331089e-03 8.8102768860116599e-23
0 65 -7.5899233577147738e-03 2.0051914572959864e-22
0 66 -9.3654983654561826e-03 5.5990985951050895e-22
0 67 -1.2128920397874519e-02 -5.9952460491549655e-22
0 68 -1.6994723368861177e-02 4.7820731678506336e-22
0 69 -2.5081277005955319e-02 -3.7801116805064231e-21
0 70 -4.7445448747841908e-02 -3.2575643894476226e-21
0 71 -1.4093318834187157e-01 6.7847139251522917e-20
1 0 -3.2175155744993478e-01 1.0431166033021016e-03
1 1 -7.1534441947212021e-02 -1.6991833671212039e-04
1 2 -2.8332447719445115e-02 -4.9287972726735942e-05
1 3 -1.6435748068024354e-02 -2.6915477357362960e-05
1 4 -1.1684363008195354e-02 -6.7280206564307859e-06
1 5 -8.9469187250317619e-03 1.2006841375873769e-05
1 6 -7.3604185589245938e-03 -1.3216720819654498e-05
1 7 -6.0827854555632150e-03 2.5268690361939364e-05
1 8 -5.0692027236964310e-03 2.3496317234287054e-05
1 9 -4.4324031137102492e-03 3.2661733747985383e-05
1 10 -3.7812958773535965e-03 2.9630446918197372e-05
1 11 -3.1751959527786290e-03 4.9609051855686415e-07
1 12 -2.6487112639660020e-03 -9.2043656221771980e-06
1 13 -2.2443793711360402e-03 -1.6324788629971495e-07
1 14 -1.9374726708736511e-03 -8.7437404224500660e-06
1 15 -1.6709241398211142e-03 -2.5054391808360300e-06
1 16 -1.4834756527341241e-03 -4.7787371220653728e-07
1 17 -1.3115344484899817e-03 -5.3656341336989733e-06
1 18 -1.0480046273757108e-03 1.8807761642249679e-07
1 19 -8.1564042591929567e-04 2.6753752883167302e-06
1 20 -6.4467101600553791e-04 5.1716146979617602e-06
1 21 -5.3696429921046231e-04 1.4145672484315381e-06
1 22 -4.3780739051930420e-04 2.6054968839399792e-06
1 23 -3.6362949038570088e-04 8.0982126115100766e-07
1 24 -2.9674655692170967e-04 1.2925023211039581e-07
1 25 -2.3345426493076834e-04 -5.4069048688280936e-07
1 26 -1.8352736483497197e-04 -3.3852339744878662e-07
1 27 -1.4814317066556357e-04 -5.8105470904324385e-07
1 28 -1.2218365068576823e-04 -4.3399873847143056e-07
1 29 -1.0530073423758887e-04 -3.1144648370750390e-08
1 30 -9.2780942108286297e-05 4.8880469002470843e-07
1 31 -8.8316110527525445e-05 5.2576191843919378e-08
1 32 -8.9536849280004888e-05 -3.0421818220152690e-07
1 33 -8.7986515649729534e-05 -3.1560439931632630e-08
1 34 -8.4230501837317359e-05 -1.7829953186561118e-07
1 35 -8.3718951534203929e-05 -2.5896492266589056e-07
1 36 -8.4485821802641117e-05 -2.4022586553005290e-07
1 37 -8.8723778466422235e-05 -1.5936525167801042e-07
1 38 -9.6684880442192214e-05 -2.6584527656453076e-08
1 39 -1.1299665182738668e-04 3.2445617893547784e-07
1 40 -1.3176766766498653e-04 3.1019817289522790e-07
1 41 -1.5488833691511411e-04 2.6132926469101567e-07
1 42 -1.7649366976015628e-04 3.0323915852184829e-07
1 43 -2.0710152544253986e-04 -5.4459450229365977e-07
1 44 -2.4126048749887675e-04 -7.3164302758385793e-07
1 45 -2.7393360496502336e-04 7.0994338567366109e-07
1 46 -3.1206849224556889e-04 4.1415180126995693e-07
1 47 -3.6920388407823133e-04 -5.6414469367271012e-07
1 48 -4.3945711541858656e-04 -3.4986362673221832e-06
1 49 -5.0897432426386146e-04 -4.4145757938804855e-06
1 50 -5.9704417609386543e-04 -3.3002201336046179e-06
1 51 -7.0968835141686998e-04 1.1031565440530838e-06
1 52 -8.2921612104757184e-04 -3.6233277945589366e-06
1 53 -9.6983219314684781e-04 4.5493833489979830e-07
1 54 -1.1120345699580112e-03 -6.3187864183508106e-06
1 55 -1.2381963357544882e-03 5.9364815211885741e-06
1 56 -1.3954589007309950e-03 -5.5849874500953148e-07
1 57 -1.5504070162954331e-03 -1.0331423426148313e-06
1 58 -1.7946909016322682e-03 4.4109812567173018e-06
1 59 -2.2063687477595589e-03 3.8038660274884130e-06
1 60 -2.6583282405038995e-03 3.7124082176806570e-07
1 61 -2.9847670880408855e-03 -1.2174857174956405e-05
1 62 -3.3357070477356720e-03 -8.5607998933527577e-06
1 63 -3.9539541079530874e-03 -6.5179420493499384e-06
1 64 -4.7765254513679641e-03 1.3828242470726511e-05
1 65 -5.8102515848941719e-03 -1.8303554689814918e-05
1 66 -7.1263696708209218e-03 6.1663002324840226e-05
1 67 -9.1877237378354300e-03 6.8017199615536716e-05
1 68 -1.2809303553355297e-02 1.1564294999903006e-05
1 69 -1.8449243543096485e-02 -6.9308350321631683e-05
1 70 -3.3162158923627186e-02 -5.2437755033203534e-05
1 71 -8.2252227623729482e-02 -9.3523052971473391e-05
2 0 -9.9272498059107983e-02 -1.3078218956542569e-04
2 1 -3.3301213612828083e-02 -3.0287590845583067e-04
2 2 -1.5876857647077355e-02 -5.4622059546675025e-05
2 3 -9.8689981192127026e-03 -6.2168135523410427e-07
2 4 -7.1853752794755728e-03 -1.1272420211188806e-05
2 5 -5.5404595175980826e-03 -1.9154460057002343e-06
2 6 -4.5423039928584891e-03 -8.5039268693339639e-06
2 7 -3.7859514157301509e-03 4.0310691023381689e-05
2 8 -3.1498536404865121e-03 3.4108213974812423e-05
2 9 -2.7781450708285688e-03 4.1173828866820212e-05
2 10 -2.3550971749124170e-03 3.4688130676868066e-05
2 11 -1.9776909403429466e-03 9.1931917400774760e-08
2 12 -1.6436405455254005e-03 -1.7011126141623595e-05
2 13 -1.3861860930014954e-03 -2.7512649371520547e-06
2 14 -1.1970582007599765e-03 -1.0466953005151408e-05
2 15 -1.0305921752827220e-03 -3.4663228874797034e-06
2 16 -9.0927110272005340e-04 -1.5169479354404535e-06
2 17 -8.1044979593351764e-04 -5.0341039267212738e-06
2 18 -6.4381917343967778e-04 -1.7059436839579983e-06
2 19 -5.0201133009276217e-04 3.3592598261035857e-06
2 20 -3.9788916402286046e-04 6.9554127007526094e-06
2 21 -3.3095483513800650e-04 1.6629518210147808e-06
2 22 -2.6943337810778409e-04 4.0492978027824016e-06
2 23 -2.2296973935012100e-04 8.9424429588659977e-07
2 24 -1.8311309166210463e-04 1.0551607513996597e-06
2 25 -1.4244661476550072e-04 -2.2579431476337078e-07
2 26 -1.1305416807432077e-04 -5.6533521238012959e-07
2 27 -9.1521403526276040e-05 -1.0072705290223246e-06
2 28 -7.5503426099805313e-05 -6.8965101564074730e-07
2 29 -6.5533391102355428e-05 -1.0039831215372857e-07
2 30 -5.7631172057500779e-05 6.6324663248498960e-07
2 31 -5.4695883799668023e-05 -3.1594684633730124e-09
2 32 -5.6236868663272615e-05 -5.9148446451904405e-07
2 33 -5.5199718948776114e-05 9.1532611609364312e-08
2 34 -5.2116256093720530e-05 -2.0894968309721881e-07
2 35 -5.1631321266568999e-05 -2.7302725548640846e-07
2 36 -5.2203399252257409e-05 -4.1171544935300796e-07
2 37 -5.4968212045353457e-05 -4.1105090367981542e-07
2 38 -5.9684948564380905e-05 1.6967953915568919e-08
2 39 -7.0087016047889222e-05 5.5878267663463573e-07
2 40 -8.2211031022111694e-05 5.5820123774636302e-07
2 41 -9.5652434395389354e-05 3.3182642441040956e-07
2 42 -1.0876028534244268e-04 5.6333772397233528e-07
2 43 -1.2887154538191811e-04 -7.2913183733403550e-07
2 44 -1.5020996007586706e-04 -5.5895889516984709e-07
2 45 -1.6949989741994888e-04 8.4936314784841563e-07
2 46 -1.9403430898907745e-04 2.5615358775442479e-07
2 47 -2.2952873705468549e-04 -9.8618440846508751e-08
2 48 -2.7320640645962411e-04 -4.8943725048907622e-06
2 49 -3.1594609309197120e-04 -5.8885534028454634e-06
2 50 -3.7097067928565207e-04 -3.7570595032780658e-06
2 51 -4.4147462498074762e-04 1.0621530125500124e-06
2 52 -5.1682746878940766e-04 -5.5703283597689356e-06
2 53 -6.0702527401345155e-04 4.6738346308930989e-07
2 54 -6.9473285662200617e-04 -6.8337661313460364e-06
2 55 -7.6575795182756592e-04 8.9564279411258275e-06
2 56 -8.6394367155300899e-04 -1.3404086015210674e-06
2 57 -9.5995795446857362e-04 -1.8553641108921272e-06
2 58 -1.1090598349817475e-03 2.5563070289728847e-06
2 59 -1.3533054162506095e-03 3.9188233141037600e-06
2 60 -1.6260467964913626e-03 1.1013193982606977e-07
2 61 -1.8438547016838634e-03 -1.8041086673446895e-05
2 62 -2.0624371618901335e-03 -1.3598003360907213e-05
2 63 -2.4458178623772107e-03 -6.8655284740011777e-06
2 64 -2.9667065793197289e-03 2.5535986708820039e-05
2 65 -3.6106788306270619e-03 -2.1605712899941290e-05
2 66 -4.3757159351479813e-03 7.7732129091840117e-05
2 67 -5.6042456115448624e-03 8.7751031366012700e-05
2 68 -7.6870431828243739e-03 4.5562199704290853e-05
2 69 -1.0699145557057336e-02 -6.5928573741854370e-05
2 70 -1.8130583043613601e-02 1.5671689035848477e-04
2 71 -3.6764799195192821e-02 -1.4470884042251677e-04
3 0 -3.0021843718888788e-02 -3.1030286627713329e-04
3 1 -1.4999417244393687e-02 -2.7028542765094779e-04
3 2 -8.1462849186140322e-03 -6.6901431262433590e-05
3 3 -5.4902205116877994e-03 -1.6651737007273705e-05
3 4 -4.0569384326803373e-03 -7.9899955862194252e-06
3 5 -3.1718222572098835e-03 -4.6408047675908001e-06
3 6 -2.5667324253607882e-03 -4.1745239301268421e-06
3 7 -2.1872533649387876e-03 4.8370858119031676e-05
3 8 -1.8098052212803667e-03 2.5961103132467709e-05
3 9 -1.6143498257075168e-03 3.6418127675527752e-05
3 10 -1.3657653262444964e-03 3.0061409980426103e-05
3 11 -1.1524201213804789e-03 -1.9092101234243892e-06
3 12 -9.4710470779195346e-04 -1.6665331124732099e-05
3 13 -7.9102738518278403e-04 -2.7950272803369495e-06
3 14 -6.8609892312180903e-04 -8.8428549917913799e-06
3 15 -5.8820955722622579e-04 -4.0551603821470180e-06
3 16 -5.1418671826706727e-04 -1.8895026242766921e-06
3 17 -4.5917941949677471e-04 -2.6647045740091852e-06
3 18 -3.6296599518357664e-04 -4.1566638474025247e-06
3 19 -2.8354240941281730e-04 2.3382236953210848e-06
3 20 -2.2650902175089425e-04 5.7792391677133067e-06
3 21 -1.8785687075234859e-04 1.9523300811949638e-06
3 22 -1.5218016561063574e-04 3.5120954389394993e-06
3 23 -1.2600132303956609e-04 1.3357512500657418e-06
3 24 -1.0408417856904424e-04 1.3019294840600356e-06
3 25 -7.9824696846519128e-05 1.9366512648012995e-07
3 26 -6.4134720124819455e-05 -8.9052000735136180e-07
3 27 -5.2245495837100550e-05 -1.1344183403983875e-06
3 28 -4.3213200157805743e-05 -6.3334233525780219e-07
3 29 -3.7721344936697864e-05 -2.5669602254335129e-08
3 30 -3.3181067357554809e-05 6.0360649099448366e-07
3 31 -3.1024821447622508e-05 -1.6890021239843258e-07
3 32 -3.2960527541069608e-05 -6.4768482894953979e-07
3 33 -3.2161761839013369e-05 2.2414584189286474e-07
3 34 -2.9641404098657317e-05 -1.1761423155865915e-07
3 35 -2.9536245100390860e-05 -1.3375631872906861e-07
3 36 -2.9787977589280869e-05 -4.8027607893677982e-07
3 37 -3.1257229530417468e-05 -6.0018459247343530e-07
3 38 -3.3974538687613549e-05 -3.5016340104040061e-08
3 39 -4.0169385855147043e-05 6.3167146786332527e-07
3 40 -4.7534157159052796e-05 7.3995490850335570e-07
3 41 -5.4402606695030062e-05 5.0939954489900274e-07
3 42 -6.2225835488644978e-05 7.9205235927553377e-07
3 43 -7.3995006829796127e-05 -5.7526940271417286e-07
3 44 -8.6555653963334752e-05 -9.3037255862062660e-08
3 45 -9.6836012348127531e-05 6.4749631190603886e-07
3 46 -1.1215171382076269e-04 3.4090440980906353e-07
3 47 -1.3350338151184554e-04 7.7478531255782483e-07
3 48 -1.5755521134487737e-04 -5.0323721968256520e-06
3 49 -1.8209925219045373e-04 -6.0790356698845348e-06
3 50 -2.1441626651538253e-04 -2.8202183703156295e-06
3 51 -2.5466890101900360e-04 -5.6603582604380728e-07
3 52 -2.9841282414489861e-04 -6.5382550788080284e-06
3 53 -3.5076046595542998e-04 -1.0940213177678802e-06
3 54 -4.0377929359919649e-04 -6.5989568040757996e-06
3 55 -4.3743951883809057e-04 9.7679149698403411e-06
3 56 -4.9509443125869592e-04 -2.0924936462368557e-06
3 57 -5.4828234084222909e-04 -9.7805448563876466e-07
3 58 -6.3052857955549636e-04 1.1328716311757715e-06
3 59 -7.6247716257565358e-04 6.1914350259277357e-06
3 60 -9.1173519417942362e-04 -1.2476914435084467e-06
3 61 -1.0505312312989101e-03 -2.1993740830815924e-05
3 62 -1.1777131136520519e-03 -1.8103395076822947e-05
3 63 -1.3924861037837215e-03 -5.7715010719341934e-06
3 64 -1.6949386752999882e-03 2.8006160025714918e-05
3 65 -2.0776574289542949e-03 -1.6992130295534950e-05
3 66 -2.4670001744012170e-03 5.9557187178178548e-05
3 67 -3.1536411000544847e-03 8.3461810291909029e-05
3 68 -4.2098288961560761e-03 7.4001738270981239e-05
3 69 -5.7203459963991073e-03 -2.2185217177238082e-05
3 70 -9.2131903518714864e-03 3.0022642685481929e-04
3 71 -1.6203822817871059e-02 -4.8988622219541900e-04
4 0 -9.7765645179973028e-03 -3.0313279178549899e-04
4 1 -6.5894889543823207e-03 -2.5887533689017590e-04
4 2 -3.9715893218558226e-03 1.6605773262950800e-05
4 3 -2.9416007706377181e-03 -4.8410093011388636e-05
4 4 -2.1866632539131467e-03 -3.2715461850825489e-06
4 5 -1.7484493110673247e-03 -8.2437815134498464e-06
4 6 -1.3824078658094330e-03 -2.5276902735481397e-06
4 7 -1.2192076543406716e-03 3.6021059995456546e-05
4 8 -9.9687091073779135e-04 1.2112812462537103e-05
4 9 -8.9611216421687080e-04 2.9501125889210949e-05
4 10 -7.6681153171463765e-04 2.6085998336499453e-05
4 11 -6.5666355203964418e-04 -3.4343530864166334e-06
4 12 -5.2630334169083068e-04 -8.5792935045973695e-06
4 13 -4.3128788811845728e-04 -6.5443115100704785e-08
4 14 -3.7608879323296711e-04 -5.6125016894476380e-06
4 15 -3.2363343862686365e-04 -2.9346820575267923e-06
4 16 -2.7958178388461200e-04 -1.8577031450696520e-06
4 17 -2.4908076933145048e-04 -2.7921713241337866e-06
4 18 -1.9524547438899619e-04 -4.7844369738849255e-06
4 19 -1.5095832861162711e-04 1.3422134391716099e-06
4 20 -1.2265155276164886e-04 4.7216996623700821e-06
4 21 -1.0232330279901125e-04 2.3071092368887895e-06
4 22 -8.1767745040597757e-05 2.2502353878711185e-06
4 23 -6.8318979421703671e-05 1.2474080356375932e-06
4 24 -5.6636866792062068e-05 1.0903392849466357e-06
4 25 -4.2919642004529339e-05 5.0970837205415373e-07
4 26 -3.4769594076241290e-05 -1.0253218836111235e-06
4 27 -2.8537629548046307e-05 -1.1639514314311227e-06
4 28 -2.3702470864490012e-05 -5.1822594782012659e-07
4 29 -2.0917998486019871e-05 8.9654006816960431e-08
4 30 -1.8485061930044562e-05 3.5768844101927035e-07
4 31 -1.6618720345202245e-05 -3.2109144689961165e-07
4 32 -1.8575824462334704e-05 -4.3908056797157779e-07
4 33 -1.7993445309295815e-05 2.8249918351156978e-07
4 34 -1.6187104350206308e-05 -5.8287907946092411e-08
4 35 -1.6207282314707103e-05 -8.5278544005568718e-08
4 36 -1.6338878741272580e-05 -4.8026945076850422e-07
4 37 -1.6846450551667573e-05 -7.0637318920479019e-07
4 38 -1.8687250432357173e-05 -8.2485174343384109e-08
4 39 -2.2026725074429411e-05 6.8739057332041348e-07
4 40 -2.6448402822453259e-05 7.2180218807064860e-07
4 41 -2.9801288035358532e-05 7.6965111013999677e-07
4 42 -3.4591231460065566e-05 1.1120474338678701e-06
4 43 -4.0974192117053072e-05 -7.4434819507520142e-07
4 44 -4.8391730536112694e-05 1.6679508487800859e-07
4 45 -5.2893966563170894e-05 4.1601986581789907e-07
4 46 -6.2796044545287380e-05 6.1676248794729544e-07
4 47 -7.5005074338804173e-05 1.7165166060853836e-06
4 48 -8.7531468602979390e-05 -4.5728072662941758e-06
4 49 -1.0189232105327922e-04 -5.1025035100586986e-06
4 50 -1.1950107521203704e-04 -1.3915030159528470e-06
4 51 -1.4067180978676941e-04 -2.0685247190513033e-06
4 52 -1.6490042037556812e-04 -6.7957721230462819e-06
4 53 -1.9307891244957454e-04 -3.4368169345759211e-06
4 54 -2.2410063609589595e-04 -6.0197381526325613e-06
4 55 -2.4124383963991042e-04 8.3300155454712923e-06
4 56 -2.7413726882323275e-04 -2.2252146981482863e-06
4 57 -3.0070836234845333e-04 -4.3774091235669185e-07
4 58 -3.4009250810061731e-04 2.0696809003227196e-06
4 59 -4.0788351637346411e-04 1.1127847938200026e-05
4 60 -4.8772212987977388e-04 1.3041819468679414e-06
4 61 -5.7410765296030542e-04 -2.2892184305981972e-05
4 62 -6.3845079519992993e-04 -1.4483383358797738e-05
4 63 -7.5396741174240626e-04 -3.0206687950989209e-06
4 64 -9.2190827992795553e-04 2.0456098801620380e-05
4 65 -1.1466669310872095e-03 -1.4909126803360479e-05
4 66 -1.3238382885073766e-03 4.7071951229828931e-05
4 67 -1.7143018686248590e-03 7.0773903884068106e-05
4 68 -2.2020636343133256e-03 6.8806063498561327e-05
4 69 -2.9632047353225811e-03 3.8165707092907970e-06
4 70 -4.4679778689658946e-03 1.4969918558250736e-04
4 71 -6.9530093691518658e-03 -3.3892928704180186e-04
5 0 -3.8364322500042606e-03 -3.5227281211021435e-04
5 1 -2.7783685695734923e-03 -1.7136064882002829e-04
5 2 -1.8845093600834072e-03 9.0920542583961745e-05
5 3 -1.5345783758076851e-03 -7.6279245880629746e-05
5 4 -1.1534985086209225e-03 1.3186039826037683e-05
5 5 -9.4716984507136161e-04 -8.9637398263001610e-06
5 6 -7.2331262676731940e-04 -1.6976784625171810e-06
5 7 -6.6537266576769077e-04 1.7921953774414065e-05
5 8 -5.3993442561626754e-04 1.3086662973171532e-06
5 9 -4.7401230250598717e-04 1.5443518107466798e-05
5 10 -4.2416546850556849e-04 2.5120543249265315e-05
5 11 -3.6580209344673763e-04 -2.6785934009188756e-06
5 12 -2.8548814232804727e-04 2.1232567707545549e-06
5 13 -2.2730490868820802e-04 3.2529718135050364e-06
5 14 -1.9876794347479444e-04 -2.5267544244105539e-06
5 15 -1.7670102282645931e-04 -1.3667548837991232e-06
5 16 -1.5029643595991938e-04 5.7904015028999024e-07
5 17 -1.3100593580316964e-04 -1.4945702216041191e-06
5 18 -1.0330504788949821e-04 -4.3009734730718561e-06
5 19 -7.5795536232819746e-05 3.2285918102930799e-07
5 20 -6.3338096470811627e-05 3.7263612381744094e-06
5 21 -5.5285367000227439e-05 2.2040491487484074e-06
5 22 -4.2422674647865169e-05 1.5339072591862244e-06
5 23 -3.5839991168169709e-05 8.2835785422628272e-07
5 24 -3.0185671558440076e-05 5.4337520246634796e-07
5 25 -2.2430784515895722e-05 9.5222350427728904e-07
5 26 -1.8531546655688787e-05 -7.1502973521732071e-07
5 27 -1.5028092584159319e-05 -1.0160956115053148e-06
5 28 -1.2698341100413368e-05 -2.4564555429423336e-07
5 29 -1.1373976182912385e-05 2.8261597335759283e-07
5 30 -1.0161499480545863e-05 8.2729918727974533e-08
5 31 -8.4761477494102794e-06 -4.3139980978274903e-07
5 32 -1.0099397379945648e-05 -2.4470871419546616e-07
5 33 -9.7852839331041387e-06 1.9969189419711171e-07
5 34 -8.6699725936736004e-06 2.8382597317634150e-08
5 35 -8.6761657081000750e-06 -6.4950020786141048e-08
5 36 -8.6494117173948010e-06 -3.8437852761638038e-07
5 37 -8.6668961184453730e-06 -6.6381626698064809e-07
5 38 -1.0184965437176355e-05 4.0444600518579558e-08
5 39 -1.1756462934790386e-05 5.9560833099151655e-07
5 40 -1.4539390128814332e-05 6.1266322440308835e-07
5 41 -1.5835270134843307e-05 9.3587498563535349e-07
5 42 -1.8873628172504567e-05 1.3743214476579916e-06
5 43 -2.2486342657129905e-05 -9.7722226188401452e-07
5 44 -2.6515565134178142e-05 1.5209017962776600e-07
5 45 -2.8131202774585523e-05 -4.4170476115920883e-08
5 46 -3.4568469355662414e-05 7.9704205288078925e-07
5 47 -4.1587871646804702e-05 2.3354427684760671e-06
5 48 -4.7647618987125261e-05 -4.3556888679792099e-06
5 49 -5.6958178589884084e-05 -3.6010242243252603e-06
5 50 -6.5169163220019178e-05 4.4495491969533901e-07
5 51 -7.4829292501500449e-05 -1.6506474035007956e-06
5 52 -8.8261410179500907e-05 -6.5744693394408935e-06
5 53 -1.0194421289687583e-04 -5.3402787319755240e-06
5 54 -1.2117622836757631e-04 -3.5592462475704042e-06
5 55 -1.3064539480354937e-04 6.3397681698563248e-06
5 56 -1.4866791794100753e-04 -1.7957839497156375e-06
5 57 -1.5877811695502009e-04 -1.0655678392631218e-06
5 58 -1.7914107549081115e-04 3.8833021785346970e-06
5 59 -2.0852552696924102e-04 1.3039631102149256e-05
5 60 -2.5142017369157065e-04 3.9675408685386309e-06
5 61 -3.0601775953078073e-04 -2.3026654638756516e-05
5 62 -3.2716552484052946e-04 -5.4009735977388519e-06
5 63 -3.9657162521330541e-04 -1.5926773378035474e-06
5 64 -4.8500688256076081e-04 1.2726869819811804e-05
5 65 -6.1192023426583618e-04 -1.4509950010340946e-05
5 66 -6.8025004923401387e-04 4.5065488410245844e-05
5 67 -9.1048099313639384e-04 4.5383282381007678e-05
5 68 -1.1117030558481845e-03 4.2373790914172014e-05
5 69 -1.4724981365382044e-03 -2.6514212287556170e-06
5 70 -2.1072245140607631e-03 3.6423611008677234e-05
5 71 -2.8027043507065780e-03 -2.1258678021600976e-04
6 0 -1.8733626423605731e-03 -3.3827554685910289e-04
6 1 -1.0682829561798708e-03 -6.6407803329545723e-05
6 2 -8.8550022649635032e-04 1.2419521070263520e-04
6 3 -7.9898254945468949e-04 -9.5011172098660371e-05
6 4 -6.0375815105811201e-04 1.3609888666428103e-05
6 5 -5.1055837164519307e-04 -9.6717314278379280e-06
6 6 -3.6805057778707109e-04 4.2640032598916252e-06
6 7 -3.5143814862447913e-04 7.5660936976713233e-06
6 8 -2.7908112712593525e-04 -9.4834196418788739e-06
6 9 -2.3885636064598402e-04 4.0558668126579056e-06
6 10 -2.3440996092614574e-04 2.1398300678167220e-05
6 11 -1.9521539857001211e-04 -3.6010353601337641e-06
6 12 -1.5221751426780768e-04 7.9681686195151476e-06
6 13 -1.1517111828908558e-04 1.9920026732101188e-06
6 14 -1.0223778119291208e-04 -5.3154699958993922e-07
6 15 -9.7031916064754082e-05 -1.5223614020734117e-06
6 16 -7.9717824985707904e-05 1.3735173316204154e-06
6 17 -6.7881596357395645e-05 -1.2832390460992702e-06
6 18 -5.3038058532581989e-05 -3.5861900582438881e-06
6 19 -3.6124613282681110e-05 4.5088080224487815e-07
6 20 -3.1900083527662817e-05 2.8745489275431792e-06
6 21 -3.0507997756682177e-05 2.3223526116393101e-06
6 22 -2.1569648559490343e-05 9.3159129336998820e-07
6 23 -1.8659097424299672e-05 4.4205903966178688e-07
6 24 -1.5893654036197808e-05 1.7675771711884595e-07
6 25 -1.1556840103003796e-05 1.2450015470368783e-06
6 26 -9.8920025151286468e-06 -5.0614019127793026e-07
6 27 -7.5531634986473444e-06 -8.3225785356584624e-07
6 28 -6.6227651534034812e-06 -4.4275087800919040e-08
6 29 -5.9846256265241786e-06 4.1432163637142313e-07
6 30 -5.5110632532874314e-06 -8.9532318746946263e-08
6 31 -4.1798051711405622e-06 -4.3086527458668504e-07
6 32 -5.1945227880109666e-06 -1.2479227118431596e-07
6 33 -5.3806405107019544e-06 1.2246849888065980e-07
6 34 -4.6471272670389930e-06 9.8016569448332866e-08
6 35 -4.5815459044992079e-06 -9.1829270302842053e-08
6 36 -4.5500127441008529e-06 -1.5734759194520879e-07
6 37 -4.2725655185809079e-06 -4.6903007314937967e-07
6 38 -5.5213525872407575e-06 2.4077151059852309e-07
6 39 -6.1449465308595998e-06 4.6135128595841120e-07
6 40 -8.0578562839073251e-06 5.5142592550211070e-07
6 41 -8.1089633606391159e-06 7.2800256591926405e-07
6 42 -1.0139062530686372e-05 1.5000581583806832e-06
6 43 -1.2060522050839479e-05 -6.7945270169503454e-07
6 44 -1.4144490069758839e-05 3.5910126270925960e-07
6 45 -1.4442451800950971e-05 -6.0898750311208660e-07
6 46 -1.8717218466370849e-05 1.1720077724725808e-06
6 47 -2.2806592354085980e-05 2.4406979033239722e-06
6 48 -2.5842647847700508e-05 -3.5377729036187325e-06
6 49 -3.1408945858545683e-05 -2.4226512695596362e-06
6 50 -3.5053154634033583e-05 1.8312123942805930e-06
6 51 -3.7271496321248954e-05 -1.8269919194664465e-07
6 52 -4.6319553236083526e-05 -5.9050704649848656e-06
6 53 -5.1746681074444152e-05 -6.2836780811165154e-06
6 54 -6.2634497229028496e-05 -1.1519200288342101e-06
6 55 -6.9490157548083521e-05 5.5585683790864069e-06
6 56 -7.8407039940109281e-05 -2.5847483778535408e-06
6 57 -8.2383855494061185e-05 -1.1659852418661558e-06
6 58 -9.1490745461608790e-05 5.0830036005779516e-06
6 59 -1.0313295654586381e-04 1.1684601449050554e-05
6 60 -1.3090805683828237e-04 6.4306930140261339e-06
6 61 -1.6159963982108452e-04 -2.0705178059221660e-05
6 62 -1.5758812185121438e-04 1.2632714000692283e-06
6 63 -2.0696382989121830e-04 1.3672243020907628e-06
6 64 -2.5283680280044791e-04 4.3035982464601646e-06
6 65 -3.1893002570578080e-04 -1.4716624816827920e-05
6 66 -3.3608092153450820e-04 4.7603477893834204e-05
6 67 -4.7491945970705451e-04 3.2512982851056966e-05
6 68 -5.3874374243356314e-04 3.5623864705199074e-05
6 69 -6.9569286222334690e-04 -1.3480180940689455e-05
6 70 -9.3101321472660505e-04 4.2027036648118943e-05
6 71 -1.0474252795762251e-03 -1.4187461881470543e-04
7 0 -7.0972996476311378e-04 -1.0734969883459134e-04
7 1 -4.0057552648348216e-04 -3.9445049717871028e-05
7 2 -3.6894019298159582e-04 9.5774804611614093e-05
7 3 -4.0711939400201857e-04 -1.0842531737112979e-04
7 4 -3.3644503970817050e-04 6.8204779392235988e-06
7 5 -2.7635733348367917e-04 -1.2682498875752442e-05
7 6 -1.8223982591181149e-04 1.2083449517205789e-05
7 7 -1.8154444294861193e-04 5.1531957855423072e-06
7 8 -1.3317432102854601e-04 -1.6454979088816802e-05
7 9 -1.1148471421916058e-04 -3.6987472578645945e-06
7 10 -1.3108928806242291e-04 1.1597301544568228e-05
7 11 -9.5614416407568362e-05 -3.0710335731206717e-06
7 12 -7.9457762712899669e-05 9.6413415088116013e-06
7 13 -5.4359354092094302e-05 3.3443974428780718e-07
7 14 -5.0822580253302210e-05 -2.2890257392250206e-07
7 15 -5.3560574572605439e-05 -3.2320750630743379e-06
7 16 -4.0112258294178863e-05 -2.7840489572561805e-07
7 17 -3.5238453272711808e-05 -1.4720960189686881e-06
7 18 -2.5319636404142241e-05 -3.1251120596132376e-06
7 19 -1.5837284578160320e-05 9.6132290650041445e-07
7 20 -1.5947950019003079e-05 2.7081732840097856e-06
7 21 -1.6477857748002496e-05 1.8806299461396857e-06
7 22 -1.0704421226473140e-05 1.4072676479173271e-07
7 23 -9.3493522883323473e-06 2.7147191388115248e-07
7 24 -7.9743008142277805e-06 -2.6737332975993916e-07
7 25 -5.7754891517493677e-06 1.3053507098657825e-06
7 26 -5.2859060129262482e-06 -4.1881572527114350e-07
7 27 -3.5426198895782811e-06 -6.1380248672938862e-07
7 28 -3.4286586899288625e-06 2.3443287361910655e-07
7 29 -2.9846887922255903e-06 3.4286688046715313e-07
7 30 -2.9348590790841832e-06 -1.1950215748323544e-07
7 31 -1.9876466819815012e-06 -2.7764334153520421e-07
7 32 -2.3722198399089218e-06 -4.4801353265944677e-08
7 33 -3.0289893962521276e-06 3.6573161936544909e-08
7 34 -2.5158964451522953e-06 1.6160025880924996e-07
7 35 -2.4272354257299051e-06 -1.3134642155403010e-07
7 36 -2.4056297657994947e-06 4.1316153901269330e-08
7 37 -2.0567148767885113e-06 -2.2061375039888307e-07
7 38 -2.9351506362041362e-06 3.5905067162685422e-07
7 39 -3.2813469724955180e-06 3.1303077613448856e-07
7 40 -4.5504573728910167e-06 6.0853237217207039e-07
7 41 -3.8125124281023856e-06 3.6903103695364349e-07
7 42 -5.2467513251944057e-06 1.1487364959267523e-06
7 43 -6.2582873893204408e-06 -5.8197337137995004e-07
7 44 -7.3708699881748886e-06 3.2893261819295012e-07
7 45 -7.3209151946511849e-06 -1.3463751110350610e-06
7 46 -9.8003602451174275e-06 1.1740051454646232e-06
7 47 -1.2244876603162483e-05 2.2769077673965635e-06
7 48 -1.3967551773277951e-05 -1.9809764244899855e-06
7 49 -1.6859082027239113e-05 -1.7995939929060636e-06
7 50 -1.8899771903564664e-05 2.7188259243849521e-06
7 51 -1.6859569054270850e-05 2.4415664680056328e-07
7 52 -2.3432738000425421e-05 -4.8133728219218835e-06
7 53 -2.4838575592237659e-05 -6.3408636262965442e-06
7 54 -2.9401756386529960e-05 -8.5277666016518429e-07
7 55 -3.5221147674835326e-05 5.2870073310675873e-06
7 56 -4.1235832808283660e-05 -3.0027631540003962e-06
7 57 -4.3779326385516658e-05 -9.9729210842808699e-07
7 58 -4.5612931328352230e-05 4.1582836575605418e-06
7 59 -4.7806810083769206e-05 1.0591980597393904e-05
7 60 -7.2505251594965874e-05 8.2741758841124831e-06
7 61 -8.5766822087293847e-05 -1.4504561384592901e-05
7 62 -7.1994801939697918e-05 3.3908213064388353e-06
7 63 -1.0801939784388240e-04 9.1175122233171278e-06
7 64 -1.2960443257796514e-04 -2.2534200444676530e-06
7 65 -1.6582903470530982e-04 -1.5307423220354498e-05
7 66 -1.6200442901418064e-04 4.2723347886711338e-05
7 67 -2.3178703770260759e-04 2.6784646143055052e-05
7 68 -2.4079845060004097e-04 4.4443051439772006e-05
7 69 -3.4906516766674509e-04 -2.8676942391269151e-05
7 70 -3.6343472749249191e-04 6.7774803868985990e-05
7 71 -3.9083410364674760e-04 -7.5031446610965584e-05
8 0 -2.0671098579037970e-04 6.8026494335345040e-05
8 1 -1.4746861409247711e-04 -1.0746702770066643e-05
8 2 -1.0380671560384169e-04 6.4112224304946293e-05
8 3 -2.0373000653364949e-04 -1.0899492387310877e-04
8 4 -2.0220630628174979e-04 6.7291051497130158e-06
8 5 -1.6088677366453674e-04 -1.3996532937756357e-05
8 6 -9.1681036939845624e-05 1.8301713773393214e-05
8 7 -8.8047029173017469e-05 -3.1510404944408702e-06
8 8 -5.4128901001110716e-05 -1.9076416439783199e-05
8 9 -4.2963128448424228e-05 -9.6595142870468056e-06
8 10 -7.5583344342931689e-05 4.0852336641590597e-06
8 11 -4.1027174097073934e-05 4.8721245879156148e-08
8 12 -4.1367454348437927e-05 1.0521314534536283e-05
8 13 -2.2890832511639334e-05 -3.0725071694881476e-07
8 14 -2.3106055854980551e-05 -5.7566908199643359e-07
8 15 -2.8895803930708534e-05 -4.5150798687311855e-06
8 16 -1.8833217479589642e-05 -2.8019340078444504e-06
8 17 -1.7983195035790239e-05 -1.1673005736346882e-06
8 18 -1.0862635414327908e-05 -3.4297403153705839e-06
8 19 -5.9374517953735568e-06 5.4639655917147354e-07
8 20 -8.2193858405454392e-06 3.0038022221083098e-06
8 21 -8.6948727400615583e-06 1.1089755216626270e-06
8 22 -5.2328667368705813e-06 -5.8462261759786547e-07
8 23 -4.8400971171903309e-06 4.2377872767362745e-07
8 24 -3.6604858774298475e-06 -7.1327009027564542e-07
8 25 -2.9976826599561350e-06 8.7514759334973562e-07
8 26 -3.0524036004480903e-06 -1.8313225075697985e-07
8 27 -1.5286128068588285e-06 -3.8477643876424737e-07
8 28 -1.8211156085298224e-06 4.9625631526600005e-07
8 29 -1.2382980169046234e-06 1.8173247531803536e-07
8 30 -1.4637127595238311e-06 -2.5006310791212194e-08
8 31 -9.1536365086605584e-07 -1.5713625142698922e-07
8 32 -9.0009218371805078e-07 -1.0653670281740606e-07
8 33 -1.8539290024582697e-06 -1.1411058141685172e-08
8 34 -1.3603321220408716e-06 2.2213851510403046e-07
8 35 -1.3168744650722875e-06 -1.2365521019124267e-07
8 36 -1.1898240224853574e-06 2.3224949541361267e-07
8 37 -1.0143377835440087e-06 -4.1319315710857874e-08
8 38 -1.4795857077613053e-06 3.6638738194801470e-07
8 39 -1.9627176479545164e-06 2.6979704991784420e-07
8 40 -2.8402584530840804e-06 5.7033567061540446e-07
8 41 -1.4583131886301697e-06 6.8681044645157261e-08
8 42 -2.4739271459273671e-06 8.0844637963583509e-07
8 43 -3.1285480245892680e-06 -5.2223792856635460e-07
8 44 -3.8708617232283184e-06 2.8664641846758764e-08
8 45 -3.7133338855923607e-06 -1.9498385125906936e-06
8 46 -4.7946639463712083e-06 8.3131353077921286e-07
8 47 -6.3540744200953283e-06 1.8264897400729935e-06
8 48 -6.9958092369169878e-06 -1.0758951389335238e-07
8 49 -9.1374710181209426e-06 -1.4461299091966690e-06
8 50 -1.0030962184718615e-05 2.5748097234205693e-06
8 51 -7.1840957365138383e-06 2.9846347785488171e-07
8 52 -1.0763521599571872e-05 -4.4425833954804486e-06
8 53 -1.2027530843347861e-05 -5.5209179446400349e-06
8 54 -1.1597398810924342e-05 -9.2596395379265979e-07
8 55 -1.6506482442346324e-05 4.2212569792737844e-06
8 56 -2.1183644140725070e-05 -4.1389952692626804e-06
8 57 -2.4509014804840990e-05 -2.9259207758779673e-07
8 58 -2.3520360729142214e-05 2.0018508191697503e-06
8 59 -1.7858508884392247e-05 5.4028358235871186e-06
8 60 -4.1500306128281076e-05 9.9708961639619908e-06
8 61 -4.3616951443773130e-05 -8.7822913633047073e-06
8 62 -3.3145262931833466e-05 5.9483233305584429e-06
8 63 -5.3915268995909655e-05 1.4892305692316604e-05
8 64 -6.0176479008163634e-05 -6.6983735589829226e-06
8 65 -8.7599859341532137e-05 -1.2140965928077251e-05
8 66 -7.6455703619016389e-05 3.0276428376369661e-05
8 67 -9.3014865345688905e-05 1.7449835472664462e-05
8 68 -9.2431551530596716e-05 3.1289507331494447e-05
8 69 -1.7282498585009706e-04 -4.0765793298692971e-05
8 70 -1.1604122561257712e-04 6.5575183438988400e-05
8 71 -1.5151308049938817e-04 -4.2147822846570091e-05
9 0 2.6703988651185781e-05 5.4163823979022237e-05
9 1 -5.7503063523921612e-05 2.7689954206789452e-05
9 2 1.5415699328510961e-05 4.7919055903035991e-05
9 3 -1.0077723549858297e-04 -7.7639479322123015e-05
9 4 -1.1702289420868486e-04 7.7227492279758994e-06
9 5 -1.0435431971250512e-04 -1.7730519388037947e-05
9 6 -4.4912234580524669e-05 1.2993640496906330e-05
9 7 -3.1907914710450184e-05 -1.0013703226500427e-05
9 8 -1.5886187153658595e-05 -1.9506805764084774e-05
9 9 -1.1599793219197406e-05 -1.0367158858474975e-05
9 10 -4.5899073988457310e-05 1.9126052639315588e-07
9 11 -1.3388308932888019e-05 1.2147882682735506e-06
9 12 -2.0496062027825064e-05 8.1630059622921457e-06
9 13 -7.7555135690214936e-06 1.6819028320043434e-06
9 14 -1.0753645503473407e-05 -8.2451011381808745e-07
9 15 -1.5272777484920309e-05 -5.0934019720176498e-06
9 16 -6.3584319651546189e-06 -2.9840326423364662e-06
9 17 -7.5011130011173311e-06 -1.5612331485060301e-06
9 18 -3.6832400181530337e-06 -3.0345737092919332e-06
9 19 -2.5365109896184570e-06 2.6860577230527733e-07
9 20 -4.2669546980989612e-06 3.5626937829329292e-06
9 21 -4.3252668062744607e-06 5.8036089687919332e-07
9 22 -2.2042242249938684e-06 -5.3371281964541135e-07
9 23 -3.5477808156720255e-06 2.3686192310524427e-07
9 24 -1.3406520636893834e-06 -1.1356433890552184e-06
9 25 -1.8013146199695112e-06 3.8077869436559697e-07
9 26 -1.9166106559698275e-06 1.7184255111488983e-07
9 27 -5.6435691417718609e-07 -1.0516786079235386e-07
9 28 -9.4755413465012828e-07 6.2056244835651816e-07
9 29 -3.1173068590099408e-07 8.1753895346002988e-08
9 30 -6.2650345980849253e-07 1.0786022359124266e-07
9 31 -3.2614994701620137e-07 -1.0874611619330223e-07
9 32 -2.4841266234336588e-07 -7.9809673806210237e-08
9 33 -1.3093006067529341e-06 -3.8737171846898457e-08
9 34 -6.6591704998735503e-07 1.9891276855251018e-07
9 35 -7.4470896381800815e-07 -1.2999569074666601e-07
9 36 -5.4520147766089422e-07 3.7133887478388043e-07
9 37 -5.1934583654000212e-07 7.5114987252309662e-08
9 38 -7.2356704738980895e-07 3.1763589665307137e-07
9 39 -1.4133252445184157e-06 2.7783278628147984e-07
9 40 -1.9069790591937771e-06 3.2035716213294915e-07
9 41 -3.8773171304081054e-07 -1.3313404570431402e-07
9 42 -7.6943730660908944e-07 6.3638448422637845e-07
9 43 -1.5534738710076839e-06 -3.2730543816386382e-07
9 44 -2.0430297071593430e-06 -3.4248047535380917e-07
9 45 -1.9162943613155773e-06 -2.1088675213428655e-06
9 46 -2.1078135141661490e-06 8.4640300445329175e-07
9 47 -3.6120865468678901e-06 9.3743407124613141e-07
9 48 -3.1414211874355795e-06 8.7990408874988339e-07
9 49 -4.5499227115301073e-06 -1.3385402918977394e-06
9 50 -5.3121186071693377e-06 1.4948871419317550e-06
9 51 -3.3364789048527660e-06 -3.9195227317051461e-07
9 52 -4.3997071577508329e-06 -4.0857624258673756e-06
9 53 -6.2940955465631094e-06 -4.6178555655743628e-06
9 54 -2.7591818903463479e-06 -1.2481931402018273e-06
9 55 -9.4100428852233636e-06 1.6587471871821335e-06
9 56 -1.1695387424724960e-05 -6.0353649308018373e-06
9 57 -1.3858791616562459e-05 1.0621060608843398e-06
9 58 -1.2903096801409235e-05 -4.3036339235342965e-07
9 59 -2.0830498971456205e-06 9.5759267647126209e-07
9 60 -2.4572466970448703e-05 1.1133767357474783e-05
9 61 -2.0402773747892586e-05 -5.1386182130495922e-06
9 62 -1.5290144981397829e-05 5.3563776027978880e-06
9 63 -3.0626353544818578e-05 1.4824223168473290e-05
9 64 -2.1253043836771826e-05 -6.3864663351025784e-06
9 65 -4.4157309879235327e-05 -1.2902447161016239e-05
9 66 -3.5536650722285226e-05 2.0253140454984744e-05
9 67 -2.2250406342334975e-05 1.2647560781212314e-05
9 68 -3.0716931804838159e-05 2.0456809598314321e-05
9 69 -6.3120579987635100e-05 -6.5126351673880283e-05
9 70 -3.0345948135000289e-05 4.8397257260678659e-05
9 71 -5.5940451295440440e-05 -4.1190842821637599e-05
10 0 1.0189431941389157e-04 -1.6192349683224722e-05
10 1 -1.2503191768235240e-05 2.3259992296144957e-05
10 2 5.8716029663064917e-05 3.3422797095384021e-05
10 3 -6.3401965136536729e-05 -4.9334125346926556e-05
10 4 -6.9426522789962968e-05 5.7272337710370575e-06
10 5 -7.2149647101985335e-05 -2.0218348329423291e-05
10 6 -2.6759970523326824e-05 7.3826994422934918e-06
10 7 -3.0869075837960205e-06 -1.0314279457290616e-05
10 8 3.0106367459602493e-06 -1.3144652900217970e-05
10 9 1.2145662012369319e-06 -6.8560798256284403e-06
10 10 -2.8841719394330202e-05 -1.5133066315770463e-07
10 11 -2.1604934112676337e-07 5.4782730029747967e-07
10 12 -7.6382700709707907e-06 4.5491109415441941e-06
10 13 -1.6272753942576943e-06 3.5273606834323503e-06
10 14 -5.3586660264633806e-06 -1.5135138291735605e-06
10 15 -7.1573996931682952e-06 -4.7109816907815452e-06
10 16 2.2869413167248693e-07 -1.3185426783372654e-06
10 17 -6.6847567360115462e-07 -2.0460523350763005e-06
10 18 1.4649969080911335e-06 -1.8605497362088345e-06
10 19 -1.8968561234447560e-06 -6.8055921340924678e-07
10 20 -2.0240070923841755e-06 2.2549842558731205e-06
10 21 -1.3985938380973318e-06 3.2516452248450874e-08
10 22 -7.7475982484688345e-08 -2.2351930414648156e-07
10 23 -2.9654886114437454e-06 2.2879384594628723e-07
10 24 -3.0897157323972603e-07 -1.2459666093907057e-06
10 25 -1.3112085440803501e-06 -2.0751581429938960e-08
10 26 -1.2006592102549832e-06 3.6162573274934979e-07
10 27 -3.1855592604513252e-07 9.0611438580744295e-08
10 28 -5.0323785986390109e-07 6.3159653454504658e-07
10 29 4.9988041304365051e-08 7.4946341886182831e-08
10 30 -1.2359987910595748e-07 1.7532879454539656e-07
10 31 3.7729302185178386e-09 -9.6525708381812992e-08
10 32 -4.3688805696902600e-08 -2.0171218890638954e-08
10 33 -1.1264835329752353e-06 -6.0599502995141866e-08
10 34 -1.9115071562168898e-07 1.6714760920617271e-07
10 35 -4.1431262450966311e-07 -5.2830771108466428e-08
10 36 -3.2834157285853510e-07 4.6911930641909764e-07
10 37 -1.3524384574018393e-07 1.2634598227684957e-07
10 38 -2.9540481859611147e-07 2.8930046842518341e-07
10 39 -1.1580307488079052e-06 2.7719446221223765e-07
10 40 -1.2122644884256198e-06 7.2832566926646926e-08
10 41 1.8917511895233632e-08 -2.1609310315575324e-07
10 42 4.4888267122403660e-08 3.4720809229190361e-07
10 43 -8.6307822878649820e-07 -1.5046460899427469e-07
10 44 -1.1713150234486512e-06 -6.1749322543368045e-07
10 45 -1.4138831435748506e-06 -2.2603517633422026e-06
10 46 -6.9890639732616095e-07 1.0458592382927930e-06
10 47 -2.5868058019681698e-06 2.6897871964205185e-07
10 48 -1.9967349787518984e-06 1.1303354857191645e-06
10 49 -1.5744658138441860e-06 -1.1586541579659717e-06
10 50 -3.3587131819068263e-06 6.1632147643596527e-08
10 51 -1.6678399526844619e-06 -9.1145055812519018e-07
10 52 -1.1715918657446931e-06 -2.8806780684050053e-06
10 53 -2.2114100805862030e-06 -4.8467495050455797e-06
10 54 1.0466319621655395e-07 -1.8082310320824868e-06
10 55 -6.1006356174842593e-06 -1.8142640773583528e-07
10 56 -7.4236568604721840e-06 -8.5716301506682299e-06
10 57 -7.6683164693297426e-06 2.7484891629369229e-06
10 58 -8.1350774000837745e-06 -2.0702693904610939e-06
10 59 3.0883002754437245e-06 -3.1199732989700256e-06
10 60 -1.6897449077484530e-05 1.0080565898425157e-05
10 61 -9.3955048985022074e-06 -4.0858249110857817e-06
10 62 -6.6538624669334159e-06 6.5210565347355992e-06
10 63 -2.4941283702744694e-05 1.1924002438062677e-05
10 64 -4.3494441583251817e-08 -7.4287327750678335e-06
10 65 -1.9611738429303716e-05 -7.9786757831041269e-06
10 66 -1.5599094230596085e-05 1.5536024984858720e-05
10 67 4.1689476861377718e-08 1.6021555231601833e-05
10 68 -6.6007598346578873e-06 1.3052922857534733e-05
10 69 -1.2944896614744232e-05 -6.6898543949006235e-05
10 70 -1.1626016634759185e-05 4.7450253396681081e-05
10 71 -2.1211387071729009e-05 -7.7309870121954565e-05
