0 0 -1.1348888892860494e+00 3.3756557425298223e-19
0 1 -1.3404664738368180e-01 3.0624821829114926e-21
0 2 -4.2654592393727417e-02 -1.6659693979758714e-20
0 3 -2.3928583093052389e-02 -1.2252045054373063e-21
0 4 -1.8287554954119444e-02 -1.1869618169637761e-21
0 5 -1.3803482378515405e-02 8.8574084299800912e-22
0 6 -1.0092224606203678e-02 1.9726267040950436e-22
0 7 -7.6985885385201800e-03 -1.9357150286853155e-22
0 8 -6.3485782009710737e-03 2.1611393192889916e-22
0 9 -5.4779422668334776e-03 1.4661100847745271e-22
0 10 -4.7623610361057769e-03 -6.5943847753564305e-24
0 11 -3.9856488318190143e-03 -5.2553393696646415e-23
0 12 -3.2690632847252325e-03 7.1340865357951264e-23
0 13 -2.7685397330186067e-03 7.2857667138956298e-23
0 14 -2.4417513309798072e-03 1.6111310334769903e-22
0 15 -2.1415843156500545e-03 1.3520133365934592e-22
0 16 -1.8260590380213305e-03 -1.3331414434285699e-22
0 17 -1.5533701744438442e-03 2.1336238217209638e-23
0 18 -1.3013550716388037e-03 3.5672979905860707e-23
0 19 -1.0059128316209256e-03 4.2245503535220796e-23
0 20 -7.7151727408044963e-04 3.6692525824440646e-23
0 21 -6.3658296600401410e-04 8.3632210548295237e-24
0 22 -5.4029974173161715e-04 2.3929461000633374e-23
0 23 -4.5871159585007262e-04 -1.6517611408494395e-23
0 24 -4.1048069773942338e-04 -1.6513133089672403e-23
0 25 -3.4156001432057216e-04 -6.2243467579248410e-24
0 26 -2.8895412342397011e-04 6.4134530910324152e-24
0 27 -2.5573333904331525e-04 -1.2767281235793845e-24
0 28 -2.2861081024006129e-04 -5.3622238607974650e-24
0 29 -2.0974642768985111e-04 -8.0947021658721405e-24
0 30 -1.9163738687621393e-04 3.7263246744177820e-24
0 31 -1.7702296202815754e-04 4.7628868971759016e-24
0 32 -1.5985861182245468e-04 -9.7092371096770148e-24
0 33 -1.4784617080381801e-04 -4.8188453304895220e-24
0 34 -1.4153627041552509e-04 8.0170534611324514e-24
0 35 -1.3868022151555066e-04 5.1468078176058313e-24
0 36 -1.3991348365534535e-04 2.1072052052380006e-25
0 37 -1.4362856640566619e-04 9.3860495082647509e-24
0 38 -1.4879993807725538e-04 -1.6411592877667246e-24
0 39 -1.4437384044322244e-04 -1.2438335473959800e-24
0 40 -1.4619609505503380e-04 4.1119683243227948e-24
0 41 -1.5540715481766941e-04 -3.3125585250932315e-24
0 42 -1.6901056819227422e-04 -8.2596404118926837e-24
0 43 -1.8958858518510356e-04 4.4489566031750511e-24
0 44 -2.2321217991033078e-04 2.9722577030205821e-25
0 45 -2.8314566152742973e-04 -2.0174061765471456e-24
0 46 -3.7124934153952277e-04 -4.1807826240622023e-24
0 47 -4.9229951276799416e-04 2.4798221051922455e-24
0 48 -5.8342280235311776e-04 2.2760658341730730e-23
0 49 -6.4663130563186080e-04 3.1269430938675166e-23
0 50 -7.3378172416197591e-04 1.4782311665609756e-23
0 51 -8.6635815505211342e-04 2.0797843146045885e-23
0 52 -1.0432662612586301e-03 1.7073824663423106e-23
0 53 -1.2463216013782912e-03 -8.6850850985465214e-23
0 54 -1.4319074991527804e-03 -2.7473058811969582e-24
0 55 -1.6706161275091987e-03 -6.6103684415287034e-23
0 56 -2.0431227019740488e-03 -3.7719245653217228e-23
0 57 -2.4335831670178319e-03 -1.4727150428595499e-22
0 58 -2.8382299360073943e-03 4.3470464576364087e-23
0 59 -3.3565997687343861e-03 3.7447297331317643e-24
0 60 -4.0320306073330352e-03 -3.3053229294567306e-23
0 61 -4.7386505667338140e-03 -2.2552509697053524e-23
0 62 -5.4990598099619809e-03 -4.1896586650328650e-23
0 63 -6.8765448068242429e-03 -3.5788902176228671e-22
0 64 -8.7046611689234037e-03 2.3603193918084688e-22
0 65 -1.1203711270795445e-02 2.2624263457927867e-22
0 66 -1.4049793170999310e-02 -1.0383227933890669e-21
0 67 -1.8329274147549507e-02 -5.8682901611476308e-22
0 68 -2.5238052991819700e-02 1.7688807384080471e-21
0 69 -3.5893650118028725e-02 -9.2762323817197365e-21
0 70 -5.6193853357654748e-02 -2.8225264358384261e-22
0 71 -1.3605467394893889e-01 -3.5838489042754524e-20
1 0 -3.2834226608344785e-01 1.6602905959211308e-03
1 1 -7.8400519287601722e-02 8.1219195256313501e-04
1 2 -3.0127416357178680e-02 3.0821169992422233e-04
1 3 -1.8051570842199296e-02 1.6723396635757708e-04
1 4 -1.3864213518969389e-02 4.2876489497594287e-05
1 5 -1.0457479869102745e-02 -3.6821981559705374e-05
1 6 -7.6445035419800177e-03 -3.4861152925243077e-05
1 7 -5.8920680840714897e-03 -9.6188645270427956e-07
1 8 -4.8536178609871333e-03 1.0135896797517625e-05
1 9 -4.1833084770447693e-03 -2.0315484802692710e-06
1 10 -3.6465107981640430e-03 8.3776664591562147e-06
1 11 -3.0529925402135410e-03 2.0168014299854704e-05
1 12 -2.5045831106747189e-03 -5.6353552525588314e-07
1 13 -2.1141166255609577e-03 7.4978748950832770e-07
1 14 -1.8634059285940127e-03 1.4344600976430528e-06
1 15 -1.6302960266945427e-03 5.3886427523526609e-06
1 16 -1.3916248490025566e-03 -8.5177765834683489e-07
1 17 -1.1878115046650393e-03 -9.2019661212752548e-06
1 18 -9.9238849249918626e-04 1.1806136164944333e-06
1 19 -7.6556255831487915e-04 2.8845524420134949e-06
1 20 -5.8885862394642626e-04 1.8997328426163456e-06
1 21 -4.8479603893851312e-04 5.5156575240041567e-07
1 22 -4.1205384611511309e-04 -1.2176232149507703e-06
1 23 -3.4955495114746338e-04 -1.1759739145802204e-06
1 24 -3.1398733850948032e-04 1.3698693590267342e-06
1 25 -2.6047284585614027e-04 9.5790992723893863e-08
1 26 -2.2038342107592220e-04 1.0748107171613721e-07
1 27 -1.9464542722505884e-04 -4.8075169884242120e-07
1 28 -1.7488646847999502e-04 4.4047551706751025e-07
1 29 -1.6030739488927525e-04 1.3831654056053335e-07
1 30 -1.4650588552409481e-04 1.9110032660226676e-07
1 31 -1.3524524683775118e-04 -5.3822492811770987e-08
1 32 -1.2237614177316363e-04 -1.5472274927722000e-07
1 33 -1.1297609315943226e-04 -2.5002280958531987e-07
1 34 -1.0820413425606061e-04 1.3514304217916632e-08
1 35 -1.0581942087557537e-04 -2.9265789072346021e-07
1 36 -1.0686606744957176e-04 3.4753178605029725e-07
1 37 -1.0991503617813303e-04 7.9932392850628525e-07
1 38 -1.1382764321663998e-04 2.9212057107108096e-08
1 39 -1.1045047833702207e-04 1.7274038979782251e-07
1 40 -1.1153641682054676e-04 3.7902608801146768e-07
1 41 -1.1900779447275030e-04 3.9036317559802706e-07
1 42 -1.2896282773273827e-04 -9.6162230321727504e-08
1 43 -1.4474227249794183e-04 -5.2930416499132853e-07
1 44 -1.7056939180822535e-04 -5.2663759055694550e-07
1 45 -2.1516173254747305e-04 -4.8963061773055907e-07
1 46 -2.8182468706915777e-04 4.6126509104291956e-07
1 47 -3.7641869984534335e-04 -2.8382821323552333e-07
1 48 -4.4741080525294085e-04 1.8264262528775040e-06
1 49 -4.9711240120857458e-04 1.4274408807478131e-06
1 50 -5.6217563771130677e-04 4.8076608327819689e-06
1 51 -6.6525345624170640e-04 4.2899582485123996e-06
1 52 -7.9963384666972891e-04 1.7119299793996256e-06
1 53 -9.5533267041780833e-04 1.7740161168973508e-06
1 54 -1.0941992134471882e-03 3.6063443882867369e-06
1 55 -1.2749183425085750e-03 2.9384627950329027e-06
1 56 -1.5598104322983076e-03 -1.9626334208110418e-06
1 57 -1.8506872857989645e-03 -2.2766351225183194e-06
1 58 -2.1620587110976778e-03 5.4321901909528236e-06
1 59 -2.5610888886705950e-03 1.2283567543694569e-05
1 60 -3.0551344216784193e-03 -1.1568176536287706e-05
1 61 -3.6072406921396393e-03 -2.4182310536493262e-05
1 62 -4.1877695724658656e-03 -6.5948155504933635e-06
1 63 -5.2398729607523991e-03 1.9753765525725766e-05
1 64 -6.6268747361260651e-03 -2.0468972428844098e-05
1 65 -8.5463534836780902e-03 2.8274107417894480e-06
1 66 -1.0675301092558013e-02 -3.0848013445740852e-05
1 67 -1.4007126649163553e-02 -1.2063199660059665e-04
1 68 -1.9153557045773848e-02 -2.0424587748275682e-04
1 69 -2.6889886882585666e-02 2.3588701145725377e-04
1 70 -4.0116880883199389e-02 4.2348867617265061e-04
1 71 -8.1378881841941406e-02 5.3585644851126353e-04
2 0 -1.0016718616063450e-01 7.5799580837074244e-04
2 1 -3.5775326500494198e-02 9.9828963323845502e-04
2 2 -1.6922454191742174e-02 3.4893791063471337e-04
2 3 -1.1016337424056930e-02 2.1920429504025939e-04
2 4 -8.4296351244548106e-03 2.2102587964658473e-05
2 5 -6.3845347386503361e-03 -3.8473405779359891e-05
2 6 -4.6610581685183720e-03 -5.8042859249842946e-05
2 7 -3.6654886755217372e-03 -4.2285288869411750e-06
2 8 -3.0096878628070155e-03 1.5390911814598699e-05
2 9 -2.5806632113006493e-03 -7.9652396021081761e-06
2 10 -2.2654937194225358e-03 1.6788698854765405e-05
2 11 -1.9035793026208794e-03 2.0993619367679103e-05
2 12 -1.5613805132410551e-03 9.7709759515730079e-07
2 13 -1.3048246094703756e-03 3.3890176721103212e-06
2 14 -1.1530239127138602e-03 3.6657768093910321e-06
2 15 -1.0023353046937544e-03 6.2483681539963252e-06
2 16 -8.5719365719614951e-04 1.5941506596088516e-07
2 17 -7.3371605828398585e-04 -1.0798852713087275e-05
2 18 -6.0890926797711796e-04 3.3010626824451065e-06
2 19 -4.7091743096213165e-04 3.9512941492092320e-06
2 20 -3.6497087503561943e-04 2.7130884703250538e-06
2 21 -2.9753019424161932e-04 1.3945575835577199e-06
2 22 -2.5402151441583756e-04 -1.4574348593069541e-06
2 23 -2.1425330785224497e-04 -2.0411842603389408e-06
2 24 -1.9502625757380300e-04 1.2179401907982740e-06
2 25 -1.6012497825663825e-04 -1.0794803333084677e-06
2 26 -1.3530500960865435e-04 -1.7836373854662522e-07
2 27 -1.1957675447619081e-04 -8.7400746939517391e-07
2 28 -1.0862687183450837e-04 7.0115797125029237e-07
2 29 -9.9291624565193192e-05 2.1439469529511757e-07
2 30 -9.0889948544954066e-05 3.0996634060678150e-07
2 31 -8.3395960714977986e-05 -4.4930385433777430e-08
2 32 -7.5818169437931037e-05 -1.6548091462327059e-07
2 33 -7.0137061914613664e-05 -1.9013259585930390e-07
2 34 -6.7129719304362425e-05 -1.5241170219692400e-07
2 35 -6.5218659662008731e-05 -3.8754785284911341e-07
2 36 -6.6087965511212545e-05 3.6640669741388586e-07
2 37 -6.8029023938711604e-05 1.0849055820179523e-06
2 38 -7.0484178250490551e-05 6.8796978595022848e-08
2 39 -6.8472087176816890e-05 2.9313674639342048e-07
2 40 -6.8974839829852641e-05 4.1544790507337111e-07
2 41 -7.4155157748566878e-05 4.0745657445631405e-07
2 42 -7.9846760981140143e-05 -5.5630618761851497e-08
2 43 -8.9655144876939094e-05 -9.3705632276534917e-07
2 44 -1.0570223984458973e-04 -1.0088820484167738e-06
2 45 -1.3180120416060641e-04 -5.4688738012711611e-07
2 46 -1.7184961335144029e-04 6.6548515129398327e-07
2 47 -2.3430569145178990e-04 -8.3747568651704969e-07
2 48 -2.7907121048104474e-04 2.1122740234550434e-06
2 49 -3.1113953856531750e-04 1.7140091931606845e-06
2 50 -3.4977602771321328e-04 6.5834161429066656e-06
2 51 -4.1631347406920259e-04 5.5806838231555797e-06
2 52 -5.0003828355221693e-04 4.1985437965305100e-06
2 53 -5.9559190035814711e-04 3.2845388263593555e-06
2 54 -6.7807616236345732e-04 4.9807821924452255e-06
2 55 -7.8980200451263466e-04 5.0485522621583207e-06
2 56 -9.6528666180858340e-04 -1.8414320092348844e-06
2 57 -1.1296708439684278e-03 -4.8540117644985292e-06
2 58 -1.3242455524232791e-03 8.7855100821395867e-06
2 59 -1.5875613902785611e-03 2.1071499512425524e-05
2 60 -1.8725664205165595e-03 -1.0639164307219771e-05
2 61 -2.2260278437088617e-03 -3.4606066999472668e-05
2 62 -2.5856772988653433e-03 -8.3043484001512721e-06
2 63 -3.2300356979066891e-03 2.5886836910561895e-05
2 64 -4.0796981013393810e-03 -1.4426893666497327e-05
2 65 -5.2454059461806970e-03 2.3107899507370726e-05
2 66 -6.5170856770721524e-03 -3.2423409686156389e-05
2 67 -8.6639646920298862e-03 -1.7101363536111439e-04
2 68 -1.1583285802915970e-02 -2.3307180188594776e-04
2 69 -1.5863887826757520e-02 2.5413189573748234e-04
2 70 -2.2558086745987908e-02 5.6364587014341272e-04
2 71 -3.7245268802159587e-02 7.9006784006200649e-04
3 0 -3.1655007334784428e-02 6.6023889073784183e-04
3 1 -1.5234061041356096e-02 4.4644855974129065e-04
3 2 -8.6730308699668867e-03 2.8101566264390743e-04
3 3 -6.2426909209147502e-03 1.8789967986934168e-04
3 4 -4.6947579839466272e-03 -6.4220751961680970e-05
3 5 -3.6031964334363024e-03 -3.9510894977006567e-05
3 6 -2.6114732667345732e-03 -4.7642949668355160e-05
3 7 -2.1076838900665439e-03 -3.4042130579622308e-09
3 8 -1.7213677541626632e-03 1.2687306806609241e-05
3 9 -1.4645643650310135e-03 -1.5688986213648262e-05
3 10 -1.2999360116618228e-03 2.1371391591738601e-05
3 11 -1.0994771158684287e-03 1.4301431071319601e-05
3 12 -9.0534145636004875e-04 5.7519058944389862e-06
3 13 -7.4163278576337948e-04 5.2422101894414464e-06
3 14 -6.5627736409827695e-04 2.8030364081061235e-06
3 15 -5.6805047468665517e-04 6.9755056473119929e-06
3 16 -4.8576369921599896e-04 5.7538420506788511e-08
3 17 -4.1646696844846638e-04 -1.0363942027198571e-05
3 18 -3.4450781909261012e-04 4.0949517417124266e-06
3 19 -2.6898296616237354e-04 4.6726185153522449e-06
3 20 -2.0986277399499497e-04 2.5595053412221624e-06
3 21 -1.6862987785095613e-04 2.0249793133438572e-06
3 22 -1.4479013932663145e-04 -1.4894066582888297e-06
3 23 -1.2040493693390372e-04 -2.0155122117777926e-06
3 24 -1.1221321272461679e-04 5.0994725871953299e-07
3 25 -9.0256136981472021e-05 -1.6389444794985981e-06
3 26 -7.6751457815205882e-05 -5.1818443399861790e-07
3 27 -6.7578083949173902e-05 -1.2031388702429548e-06
3 28 -6.2299307506151640e-05 6.7129472994024953e-07
3 29 -5.7049456657221825e-05 2.4811159664586959e-07
3 30 -5.2336552450334653e-05 3.9520695256130720e-07
3 31 -4.7398155422879200e-05 -6.2687708623516263e-08
3 32 -4.3122324940274142e-05 -1.3105448098165816e-07
3 33 -4.0431396760835882e-05 7.2770604379685460e-08
3 34 -3.8463372126699742e-05 -2.8499286002174006e-07
3 35 -3.7081870231921551e-05 -2.9842330011008331e-07
3 36 -3.7860631957877203e-05 2.9417653278716876e-07
3 37 -3.8667212554294181e-05 8.8771707126080692e-07
3 38 -4.0171550897408162e-05 2.4800051562088744e-07
3 39 -3.9083519047564279e-05 3.3384639523140166e-07
3 40 -3.9530642752190552e-05 1.5400189949505035e-07
3 41 -4.2870821095723119e-05 3.2152264443456373e-07
3 42 -4.5820164998076893e-05 -4.1417168741624786e-08
3 43 -5.1615047883126012e-05 -1.0307773541276701e-06
3 44 -6.0467213638816980e-05 -1.0697732972031781e-06
3 45 -7.3953183551036459e-05 -4.9096978165950304e-07
3 46 -9.6103187030275623e-05 9.2394748671248076e-07
3 47 -1.3559658570047069e-04 -1.0820200014957546e-06
3 48 -1.6004584441774706e-04 1.8967565842349778e-06
3 49 -1.7987024417698589e-04 1.2191880487197992e-06
3 50 -1.9961948613154900e-04 5.8266650322404971e-06
3 51 -2.4012883075797190e-04 4.7497410846657662e-06
3 52 -2.8941881038769917e-04 6.3732638576812933e-06
3 53 -3.4438817352250523e-04 4.7760192145551718e-06
3 54 -3.8893507449191549e-04 5.7634611315915861e-06
3 55 -4.5499448121242685e-04 5.5831582033272193e-06
3 56 -5.5330419162043058e-04 -2.5605261971608257e-06
3 57 -6.3346055194655560e-04 -6.0484351042986687e-06
3 58 -7.4520890303551087e-04 9.5675215460924328e-06
3 59 -9.1370478487850528e-04 2.2549278688172942e-05
3 60 -1.0618129434085415e-03 -4.4951674785318026e-06
3 61 -1.2842796826606387e-03 -3.8743746208973218e-05
3 62 -1.4805550904198729e-03 -8.0777864433156375e-06
3 63 -1.8320110090087815e-03 1.8713583465252325e-05
3 64 -2.3165978012614839e-03 -9.0712324590313739e-06
3 65 -2.9521269295139526e-03 3.8676347697445732e-05
3 66 -3.6476676081732100e-03 -2.2589317364470244e-05
3 67 -4.9505020935413473e-03 -1.7288148731353653e-04
3 68 -6.3845792429034305e-03 -1.5500671947146102e-04
3 69 -8.4377703371175776e-03 2.1660439202508331e-04
3 70 -1.1847799328948968e-02 6.0701116825253882e-04
3 71 -1.5764189433693149e-02 7.8876893313781248e-04
4 0 -1.0519416487444767e-02 2.9579127884027467e-05
4 1 -6.4757076344576850e-03 -7.3013631680908997e-05
4 2 -4.2291062669970528e-03 1.8574964024128531e-04
4 3 -3.3648435067392406e-03 1.4245388566119110e-04
4 4 -2.5205178757709457e-03 -1.2456813527080837e-04
4 5 -1.9424107195920130e-03 -2.7200249698585688e-05
4 6 -1.3835734034085407e-03 -3.0353034961355583e-05
4 7 -1.1589507079029569e-03 1.0415273014906485e-05
4 8 -9.3961065972193974e-04 4.1605383776587036e-06
4 9 -7.9041775061229776e-04 -1.5908517307025061e-05
4 10 -7.1565401648156462e-04 2.0593265470205406e-05
4 11 -6.0707098188023654e-04 1.1086589299935352e-05
4 12 -5.0394850949503822e-04 1.0649500380169900e-05
4 13 -4.0364395012507478e-04 7.2179242662572885e-06
4 14 -3.5632502675093025e-04 1.7238101486442722e-06
4 15 -3.0957604223880923e-04 7.8097183521999790e-06
4 16 -2.6384581817851758e-04 -1.8302493701075803e-07
4 17 -2.2634571633314133e-04 -8.6017645603108405e-06
4 18 -1.8484479263788337e-04 3.1279902548098435e-06
4 19 -1.4777533460999046e-04 5.2747449818626955e-06
4 20 -1.1573771692575728e-04 2.4928398321785060e-06
4 21 -9.2033431524081894e-05 2.1097796768555135e-06
4 22 -7.9588828811977638e-05 -1.8977997459562366e-06
4 23 -6.5068142401100834e-05 -1.4819287276738133e-06
4 24 -6.2186030388800746e-05 2.0706313325293593e-07
4 25 -4.8977067258713575e-05 -1.6624403271160961e-06
4 26 -4.1985547138102883e-05 -7.0662591840541648e-07
4 27 -3.6688271688461725e-05 -1.0244432950383368e-06
4 28 -3.4149906522783815e-05 4.1729621450996295e-07
4 29 -3.1524735049537071e-05 3.3938597683867600e-07
4 30 -2.8839555841961749e-05 4.7092071382000050e-07
4 31 -2.5911944898205229e-05 5.9379069004536289e-08
4 32 -2.3362891289487345e-05 -2.4125154019718158e-08
4 33 -2.2495402675740646e-05 3.1626797606271768e-07
4 34 -2.1061347248505555e-05 -2.4073247672864765e-07
4 35 -2.0192246745241930e-05 -4.4487201901130660e-08
4 36 -2.0822408421409097e-05 1.2319957088632672e-07
4 37 -2.0916957784757502e-05 4.8356954105502830e-07
4 38 -2.1899647404300675e-05 3.9981100586735520e-07
4 39 -2.1411529606649682e-05 4.4783838194557313e-07
4 40 -2.1870291656296962e-05 -1.5332377977655803e-07
4 41 -2.4108470805120394e-05 2.3465075059236341e-07
4 42 -2.5405507012040975e-05 -7.4569388624536655e-11
4 43 -2.8515155511496259e-05 -9.0380456652501683e-07
4 44 -3.3322092070422416e-05 -7.4422481523647500e-07
4 45 -3.9180498116022328e-05 -4.4536116986429899e-07
4 46 -5.1683522354986271e-05 1.1742428231389559e-06
4 47 -7.5420122109247890e-05 -8.4035687152133879e-07
4 48 -8.7569322061119067e-05 1.6342990670367738e-06
4 49 -9.8602198702949279e-05 9.0574163293036204e-07
4 50 -1.0825479183615888e-04 4.2650424867647776e-06
4 51 -1.3194065616707699e-04 4.0885744208793084e-06
4 52 -1.5910751695296323e-04 5.8411502063559140e-06
4 53 -1.9245638419657598e-04 5.2622379588128484e-06
4 54 -2.1506283303905706e-04 4.8879404947988181e-06
4 55 -2.5431970777709396e-04 3.8526456388648053e-06
4 56 -3.0599553508982666e-04 -7.1911486535688375e-06
4 57 -3.4000050853277868e-04 -5.3677025948806815e-06
4 58 -3.9874945307635969e-04 7.5571296820227783e-06
4 59 -5.0488799482518326e-04 1.9385641270349334e-05
4 60 -5.7646345497718845e-04 -2.7593602889947743e-06
4 61 -7.2543313822867020e-04 -3.1341447320615638e-05
4 62 -8.2152332922937033e-04 -1.1478411159846476e-05
4 63 -9.9647197181169825e-04 7.8652003975301979e-06
4 64 -1.2614638412387327e-03 3.3317446887981611e-07
4 65 -1.5760994277708529e-03 5.0556824699906993e-05
4 66 -1.9474358051737388e-03 -4.2173104883218481e-06
4 67 -2.7554559031622242e-03 -1.4293512514579232e-04
4 68 -3.3468310095687128e-03 -9.1397952443556958e-05
4 69 -4.2208879098494930e-03 1.2097294545492527e-04
4 70 -5.9458687070433908e-03 5.6529720812292230e-04
4 71 -6.7719809198122797e-03 6.3648185864084012e-04
5 0 -3.8962639772008407e-03 -9.5264139976190420e-06
5 1 -2.9089523840553546e-03 -1.2885536177119727e-04
5 2 -2.0018719246855088e-03 1.1922018582330973e-04
5 3 -1.7439517983838639e-03 9.1358738670876204e-05
5 4 -1.3486639948597058e-03 -1.2520236600305359e-04
5 5 -9.9304671708559385e-04 -1.6448658672506432e-05
5 6 -6.9835481141547928e-04 -1.3611204938410852e-05
5 7 -6.1522493917286073e-04 1.6768029516290602e-05
5 8 -4.9869316924877215e-04 -4.4090235251124548e-06
5 9 -4.1706892062317138e-04 -1.5467195447187991e-05
5 10 -3.8542747052661646e-04 2.1588097545625207e-05
5 11 -3.3039561265792763e-04 9.5309255121239166e-06
5 12 -2.7277933994671147e-04 1.1126330412282310e-05
5 13 -2.1611774635274869e-04 6.7565693040867221e-06
5 14 -1.8857558820768169e-04 1.9997076856648348e-06
5 15 -1.6329390332041758e-04 6.7854678145101891e-06
5 16 -1.3733477127908104e-04 1.0498105697797995e-06
5 17 -1.2033954458564390e-04 -6.6058757949936245e-06
5 18 -9.6228015137951901e-05 2.2048985667768054e-06
5 19 -7.8235970252169581e-05 5.7244238967954140e-06
5 20 -6.1305722298490181e-05 2.6454563002577693e-06
5 21 -4.8968203821727538e-05 1.6199616118489620e-06
5 22 -4.3272753303366302e-05 -2.1428819613250840e-06
5 23 -3.4555596837683283e-05 -7.1256424429485350e-07
5 24 -3.3594746877483434e-05 -1.1370495841798627e-08
5 25 -2.6200041400151062e-05 -1.3088003158637930e-06
5 26 -2.2696394814573064e-05 -6.8679406682765305e-07
5 27 -1.9282359254539070e-05 -6.8257673193884879e-07
5 28 -1.8275775946550124e-05 3.3967057758075803e-07
5 29 -1.6942935082700003e-05 4.7186444453132949e-07
5 30 -1.5477312698357521e-05 5.3899249334727867e-07
5 31 -1.3881857962349653e-05 2.8609988593280648e-07
5 32 -1.2361109154236540e-05 1.5009159049698175e-07
5 33 -1.2279377832363470e-05 4.5598744518435152e-07
5 34 -1.1112538362254134e-05 -1.9044954063128393e-07
5 35 -1.0617686594814015e-05 1.2723499172840303e-07
5 36 -1.1097481913413203e-05 7.3658902894618146e-08
5 37 -1.1080631530617302e-05 3.2799353181490923e-07
5 38 -1.1487299585521638e-05 3.5889252728713682e-07
5 39 -1.1394078008584585e-05 5.5666429493876605e-07
5 40 -1.1854172960908972e-05 -4.0986976158252312e-07
5 41 -1.3434157331431990e-05 2.9069784546699043e-07
5 42 -1.3894646652528565e-05 -2.3016941169054817e-08
5 43 -1.5266313738052830e-05 -8.6274338236565221e-07
5 44 -1.8132804339111495e-05 -2.2155799418713934e-07
5 45 -1.9686319698107062e-05 -2.0853943668031763e-07
5 46 -2.7209104323366931e-05 1.0761252510047461e-06
5 47 -4.0540664957296272e-05 -6.0855976576008918e-07
5 48 -4.6528248729690760e-05 1.8135061371702032e-06
5 49 -5.1680042596141458e-05 2.1585003377392627e-08
5 50 -5.7242661492569439e-05 2.7548004062572615e-06
5 51 -7.0269356681490564e-05 4.1350646372321658e-06
5 52 -8.4975926391762339e-05 3.7295332090090176e-06
5 53 -1.0462150873235705e-04 4.4044138007610377e-06
5 54 -1.1611878847315457e-04 3.5913889924030127e-06
5 55 -1.3878752770134602e-04 1.2456486805307472e-06
5 56 -1.6536502511341707e-04 -9.4755359742135535e-06
5 57 -1.7719961796605364e-04 -3.2422732369782728e-06
5 58 -2.1142485676020693e-04 4.5151634588114506e-06
5 59 -2.7361139254019815e-04 1.4284503564255138e-05
5 60 -3.0388980308074514e-04 -1.5485418299285581e-06
5 61 -4.1171614415984158e-04 -1.7566370779228136e-05
5 62 -4.4910562326852977e-04 -1.7224515925361044e-05
5 63 -5.3140045600484566e-04 1.5907965986719739e-07
5 64 -6.6576576448610150e-04 5.7172654497317109e-06
5 65 -8.1921833933231109e-04 5.7079126663253081e-05
5 66 -1.0334396036769185e-03 -4.6260072127677673e-06
5 67 -1.5268405185453538e-03 -1.1052462309864724e-04
5 68 -1.6893333815894314e-03 -4.2048289791414567e-05
5 69 -2.1371265022330078e-03 2.4184483520311129e-05
5 70 -2.8663488439778268e-03 4.0315071395026568e-04
5 71 -3.0351334283545053e-03 4.5236036786741325e-04
6 0 -1.8076501701594111e-03 -9.7397655238963090e-06
6 1 -1.3550838689336889e-03 -8.4137579156112836e-05
6 2 -9.5467549355051837e-04 6.0879086036915383e-05
6 3 -8.8670562149317702e-04 5.0701558123734493e-05
6 4 -7.2528796632961553e-04 -9.8467930750105315e-05
6 5 -4.6865177148755905e-04 -7.3938151633986953e-06
6 6 -3.2900777545632337e-04 -4.2953425491275863e-06
6 7 -3.2036574469937625e-04 1.6550512455499692e-05
6 8 -2.6900718753208414e-04 -5.8339060026921061e-06
6 9 -2.2409861551664663e-04 -1.4409258614777739e-05
6 10 -2.0617579554607217e-04 2.0506792978641850e-05
6 11 -1.8025355234327746e-04 8.7906685251997528e-06
6 12 -1.4247988836067657e-04 7.4446786195343343e-06
6 13 -1.1828722152132669e-04 3.5970533097521650e-06
6 14 -9.8036375450251775e-05 3.0944752731961993e-06
6 15 -8.4169585277581405e-05 3.2391318456464041e-06
6 16 -6.8976023329766746e-05 1.5879081189906602e-06
6 17 -6.3628706201042585e-05 -4.9622748110766795e-06
6 18 -4.9255656163708378e-05 3.3369194734576477e-07
6 19 -4.0303495557629021e-05 6.0843691815533188e-06
6 20 -3.1480912649053421e-05 2.6954304199184547e-06
6 21 -2.5825748844700646e-05 1.1158979185198193e-06
6 22 -2.3834493531135724e-05 -1.9365703551990963e-06
6 23 -1.8817490558789133e-05 3.5654690380400446e-07
6 24 -1.7855640552498627e-05 1.3889966119318960e-07
6 25 -1.3726015880459449e-05 -5.1814500652523916e-07
6 26 -1.2243949927915409e-05 -5.3785359452761616e-07
6 27 -9.7843502412460293e-06 -5.4238832950654423e-07
6 28 -9.7222224499176368e-06 6.6184042078628146e-07
6 29 -8.8369508283586797e-06 5.7393082642467673e-07
6 30 -8.2314179460789140e-06 5.5809228627102849e-07
6 31 -7.3042351212843423e-06 4.0681970239400708e-07
6 32 -6.5703571429368671e-06 2.4565121555691373e-07
6 33 -6.5920118900979817e-06 4.5077144195528412e-07
6 34 -5.6111287460196768e-06 -7.4636602022381305e-08
6 35 -5.4066311719517988e-06 2.0776918189066063e-07
6 36 -5.6460808471882494e-06 7.6418710396433308e-08
6 37 -5.6577913897954066e-06 4.3310014424952317e-07
6 38 -5.8157240031170608e-06 1.8481010208109898e-07
6 39 -5.8829709380572277e-06 5.2484718283689670e-07
6 40 -6.2898112005036622e-06 -7.1945429772055279e-07
6 41 -7.4685281596358243e-06 5.9564636044974940e-07
6 42 -7.6181005676766684e-06 -1.2570064805302351e-07
6 43 -7.9816381170934913e-06 -7.2198621485787317e-07
6 44 -9.7136477441466163e-06 -5.4439475187624009e-08
6 45 -9.5211951032072335e-06 3.5137477134561125e-08
6 46 -1.3947609308987847e-05 9.1362348455954275e-07
6 47 -2.0846636452990811e-05 -5.7718549222631455e-07
6 48 -2.4458708790156781e-05 1.9116963300710342e-06
6 49 -2.6037128131783624e-05 -6.9340258850305283e-07
6 50 -2.9788496208275834e-05 1.2368424221226229e-06
6 51 -3.6429422348200825e-05 3.5940976398522888e-06
6 52 -4.5080056492095699e-05 1.9033418049876515e-06
6 53 -5.5235281406688305e-05 2.5950817667671794e-06
6 54 -6.1894194451513729e-05 2.8707368532235126e-06
6 55 -7.3097447081818176e-05 8.0247558628280079e-07
6 56 -8.8154820695907036e-05 -8.1841780637634631e-06
6 57 -9.1868287654575935e-05 8.9760743707090616e-07
6 58 -1.1350907906776243e-04 3.7815000547997775e-06
6 59 -1.4850740051253696e-04 9.2467822724225519e-06
6 60 -1.5628453044072460e-04 1.3060175707810727e-06
6 61 -2.3591325043179499e-04 -7.4024291478105703e-06
6 62 -2.3968541935532196e-04 -1.6148779629536621e-05
6 63 -2.8179809818744319e-04 6.1894589930969679e-06
6 64 -3.4813935934028802e-04 5.6721888864225739e-06
6 65 -4.3109817504394959e-04 5.8595912000912883e-05
6 66 -5.4251407232885278e-04 -2.4516321932553353e-05
6 67 -8.4767416944118632e-04 -7.7252973062404143e-05
6 68 -8.0224496738509675e-04 -1.1521388202051585e-05
6 69 -1.1758215579379442e-03 -5.8153821157129893e-05
6 70 -1.2713536542575139e-03 2.6630932055411326e-04
6 71 -1.4553549099548472e-03 3.0089029844999448e-04
7 0 -7.7618617568410767e-04 2.7360477450998041e-05
7 1 -6.4957890592895462e-04 -6.8979699129216763e-05
7 2 -4.5528258707669812e-04 1.2816894587597851e-05
7 3 -4.4845713222400169e-04 1.6819472941197208e-05
7 4 -4.0511415018853764e-04 -7.4789524810583451e-05
7 5 -1.9568423014291493e-04 7.3794048070826666e-07
7 6 -1.4388587158965547e-04 2.8994032886998451e-06
7 7 -1.6882899610860225e-04 1.4751276818154169e-05
7 8 -1.5278194343258767e-04 1.8934867358537887e-06
7 9 -1.2700743931318392e-04 -1.1934540692276003e-05
7 10 -1.1480714060536383e-04 1.9232154230854970e-05
7 11 -9.5689509412360993e-05 1.1006350001348324e-05
7 12 -7.2109150070368333e-05 3.1122837985028523e-06
7 13 -6.9343988885536083e-05 2.5916574803887420e-06
7 14 -4.8045185314690864e-05 3.8824635580828845e-06
7 15 -4.0685940443072688e-05 5.1258839778547157e-07
7 16 -3.4615522534425342e-05 5.8976258450143552e-07
7 17 -3.4088386239171556e-05 -5.3726841326325166e-06
7 18 -2.3926054197687321e-05 -3.8493145269426094e-07
7 19 -2.0621458369901467e-05 5.5304024375117797e-06
7 20 -1.5558872773059152e-05 2.4538055792271337e-06
7 21 -1.3765463309936306e-05 8.6148587909903250e-07
7 22 -1.3398335821446373e-05 -1.8294632066040676e-06
7 23 -1.0838035583513939e-05 1.2161564802978013e-06
7 24 -9.3070538921935939e-06 4.3614715622896974e-07
7 25 -6.8874039565995840e-06 -2.9358712152424514e-08
7 26 -6.7173714853910006e-06 -4.1124357511476764e-07
7 27 -4.7269534956823403e-06 -1.9441644753946511e-07
7 28 -5.0536669727366837e-06 7.9897991989149264e-07
7 29 -4.5502343823459914e-06 5.8412953718917702e-07
7 30 -4.3194525018041657e-06 5.8213159606818727e-07
7 31 -3.7375844878437462e-06 3.0636944452321946e-07
7 32 -3.5962335686198509e-06 1.5399052841589987e-07
7 33 -3.4131788674466450e-06 2.6143373922952739e-07
7 34 -2.7245762173317160e-06 -5.1807025528247432e-08
7 35 -2.6535181625883301e-06 2.6941954737478390e-07
7 36 -2.7806395877959008e-06 1.1949330651978073e-07
7 37 -2.6188029868087139e-06 4.5486090177169818e-07
7 38 -2.8651312063373574e-06 -3.3502395937167683e-08
7 39 -2.9653295158890092e-06 2.9654932555559086e-07
7 40 -3.3919371844507438e-06 -9.8328257276586481e-07
7 41 -4.3262154776524512e-06 9.2271238720963241e-07
7 42 -4.2506557038372571e-06 -1.4816821467277182e-07
7 43 -4.1202832643755681e-06 -5.5446433423639541e-07
7 44 -4.9797809197134127e-06 -2.6035451059177126e-08
7 45 -4.5053181534378898e-06 2.7946634995628147e-08
7 46 -6.8773748562419277e-06 8.2343733013346393e-07
7 47 -1.0279161876698812e-05 -8.3122708684427329e-07
7 48 -1.3267896989517729e-05 1.5399667688465315e-06
7 49 -1.3097688048491514e-05 -1.1599080844965451e-06
7 50 -1.4931752008046857e-05 3.9698347338224188e-07
7 51 -1.8546061267381564e-05 1.9448886339743873e-06
7 52 -2.4001823448288624e-05 -1.6679708249925751e-07
7 53 -2.7647773539517933e-05 1.8327550847065253e-07
7 54 -3.3533102599454600e-05 2.5620436577042254e-06
7 55 -3.6857484665370923e-05 1.5993530382302231e-06
7 56 -4.7483233736963628e-05 -5.8915816692207266e-06
7 57 -4.8045954269680980e-05 3.3260228202590296e-06
7 58 -6.0477330342171393e-05 3.5777172046736519e-06
7 59 -8.1770192014341450e-05 4.9721038760718710e-06
7 60 -8.0192965407377135e-05 4.3731324616021858e-06
7 61 -1.3748515034357756e-04 -3.8175425512746726e-06
7 62 -1.2652561986998013e-04 -1.2073633708034366e-05
7 63 -1.5354852301250295e-04 1.2702154361631123e-05
7 64 -1.8118717321956028e-04 5.5093267068937748e-06
7 65 -2.2912244203550391e-04 4.7768747839180231e-05
7 66 -2.6564686968411506e-04 -2.1641062042250645e-05
7 67 -4.7009169044886991e-04 -6.5941459090010891e-05
7 68 -3.3370960973373709e-04 2.9415423228016986e-05
7 69 -7.1599260716745925e-04 -6.1904058221200168e-05
7 70 -4.3952953524022337e-04 1.6326102015062725e-04
7 71 -6.6462576033300095e-04 2.5732901923030462e-04
8 0 -4.2281789697156384e-04 1.5513789872171469e-04
8 1 -3.2493263416737405e-04 -4.1046403858940505e-05
8 2 -2.1500564125149653e-04 -1.5493539859211153e-05
8 3 -2.1184590212217823e-04 -3.3345042391384660e-06
8 4 -2.2042568060784447e-04 -5.8874841737089270e-05
8 5 -6.4776688685717128e-05 4.9904808882262061e-06
8 6 -5.3760907965372050e-05 6.9558473147027983e-06
8 7 -8.8680293984155987e-05 1.5839952347092234e-05
8 8 -9.1338477871498732e-05 8.5193016013091222e-06
8 9 -7.5886850343047724e-05 -1.1881628324598231e-05
8 10 -6.9633765437884465e-05 1.2888075208817470e-05
8 11 -4.7488500821936057e-05 1.2825596397957746e-05
8 12 -3.7389638590280885e-05 3.4527463240520784e-07
8 13 -4.1953887116695678e-05 3.3406987907617521e-06
8 14 -2.1248784316772641e-05 4.3011106828515720e-06
8 15 -1.6699852026534494e-05 7.9545795515137749e-07
8 16 -1.7933912646070705e-05 -1.6429609504379114e-06
8 17 -1.9279913040805460e-05 -6.0638326022210415e-06
8 18 -1.0001449636809613e-05 9.7402364813160068e-07
8 19 -1.0726560869321331e-05 3.9546802933001529e-06
8 20 -7.4886095817508207e-06 1.8205401277859294e-06
8 21 -7.7530179244125495e-06 1.7159213797320995e-07
8 22 -8.0999381323142077e-06 -1.4972510716158850e-06
8 23 -6.6636491030975807e-06 1.2868064471144266e-06
8 24 -4.7498372654873326e-06 4.7560976716240492e-07
8 25 -2.9898058616747047e-06 4.6273003452972274e-08
8 26 -3.8391739456919601e-06 1.8279391856699513e-07
8 27 -2.0112769618517038e-06 2.3591422077135953e-07
8 28 -2.4733999657874959e-06 6.2885076492472836e-07
8 29 -2.3229142972410358e-06 5.5210299746515359e-07
8 30 -2.3310006368518589e-06 5.0090394153689813e-07
8 31 -1.7779192737285189e-06 2.1857561024721480e-07
8 32 -2.0004969338944066e-06 -5.2788097202170244e-08
8 33 -1.7002110866992113e-06 -1.0012278808237528e-08
8 34 -1.0939933818079615e-06 1.4692716868100960e-08
8 35 -1.2290745418134910e-06 2.1531920416463962e-07
8 36 -1.2973940508534273e-06 3.4592896235720062e-08
8 37 -1.0549420829810575e-06 4.0335887188668586e-07
8 38 -1.2694932245266079e-06 -2.7090590300792812e-07
8 39 -1.5296330756208831e-06 5.1028438924534774e-08
8 40 -1.8732851399554562e-06 -9.6946383720616104e-07
8 41 -2.7072984456766426e-06 1.0598325250590371e-06
8 42 -2.3506224436179832e-06 -1.6108503428264304e-07
8 43 -2.0938092599865901e-06 -4.0445903723325245e-07
8 44 -2.2023982872941082e-06 1.3481034327256805e-08
8 45 -2.1511673504503956e-06 -5.6914732407299132e-08
8 46 -3.4350241992111924e-06 6.4489272967226713e-07
8 47 -5.0225426428005013e-06 -9.7819569526410843e-07
8 48 -7.4408036315186528e-06 1.5613348003972756e-06
8 49 -6.8582931133630442e-06 -1.7838129430339544e-06
8 50 -7.2463046852898050e-06 2.3943905910306216e-07
8 51 -9.0431799056117208e-06 -1.2705328382334600e-07
8 52 -1.2974952131176292e-05 -2.1073047480064391e-06
8 53 -1.2987348786843648e-05 -1.3466318959659036e-06
8 54 -1.8546447541891460e-05 2.6212447789693687e-06
8 55 -1.7386539750584369e-05 1.8971041103358465e-06
8 56 -2.8217235968917126e-05 -1.8062627715322356e-06
8 57 -2.6282619314768526e-05 3.4516297974678473e-06
8 58 -3.0499516173173588e-05 9.9112338718105663e-07
8 59 -4.3947965768657589e-05 -1.3595245473348860e-06
8 60 -4.2731808433513107e-05 5.8077617476031094e-06
8 61 -7.8861654547199539e-05 -2.3614561132435796e-09
8 62 -6.7655529299492462e-05 -5.9305146758093444e-06
8 63 -9.1333059786914163e-05 1.7029517809263094e-05
8 64 -9.3616912963637381e-05 6.1001620585610126e-06
8 65 -1.2648239640968343e-04 3.7926268395987024e-05
8 66 -1.1348270435572658e-04 -5.7279984478742896e-06
8 67 -2.7552968610944806e-04 -5.5425452421991959e-05
8 68 -9.8689398400800173e-05 7.1209119406917109e-05
8 69 -4.4939059027636130e-04 -5.0809516886414469e-05
8 70 -3.8980351946849102e-05 9.3036178022745479e-05
8 71 -2.9616527438134309e-04 1.6315690907424765e-04
9 0 -2.5520975431367744e-04 8.9292539844700286e-05
9 1 -2.1369311217056373e-04 -1.6851782881244226e-05
9 2 -9.3038637455789772e-05 -2.5155327058165319e-05
9 3 -8.9579007255849951e-05 -1.0785737835101701e-05
9 4 -1.1072942047461256e-04 -4.6203600820816226e-05
9 5 -1.0099784058787257e-05 1.3655070520668091e-06
9 6 -1.5086654615158698e-05 4.9710997643637669e-06
9 7 -4.9951956921890255e-05 1.2255847187721187e-05
9 8 -6.0572205277006631e-05 8.7271573658941562e-06
9 9 -4.4643249942786262e-05 -1.5050076042277713e-05
9 10 -4.4257522487706055e-05 5.1973488146312568e-06
9 11 -2.3223186401554373e-05 1.0797982775335689e-05
9 12 -1.9319464687150540e-05 -2.4723795879362967e-06
9 13 -2.7052151495044419e-05 3.2026531246119555e-06
9 14 -6.0568809841666690e-06 4.7029455502501006e-06
9 15 -5.2144236396389164e-06 5.1869667179001185e-07
9 16 -9.1972271375578587e-06 -1.5762789733180703e-06
9 17 -1.1624172774421964e-05 -6.7124959373600920e-06
9 18 -1.5262379195451672e-06 2.3999088514527697e-06
9 19 -6.2261312816262554e-06 2.5064081295582595e-06
9 20 -3.4918175923225337e-06 6.3684107206071988e-07
9 21 -4.7333177506090356e-06 4.3373207317523466e-08
9 22 -5.0519495248118450e-06 -1.0055971361689786e-06
9 23 -3.6679981939251624e-06 9.8474356619529396e-07
9 24 -2.5972465108052114e-06 4.2276634655931571e-07
9 25 -1.1146040639723330e-06 3.3504502421797363e-07
9 26 -2.2257391339518322e-06 7.5980779940800119e-07
9 27 -7.3726607003185645e-07 5.2093183375133403e-07
9 28 -1.0047492116642699e-06 5.6164521730207256e-07
9 29 -1.1683392514121684e-06 5.2431505512547161e-07
9 30 -1.3222873698042852e-06 3.5797737664031989e-07
9 31 -7.9193731972029940e-07 1.3836230050230540e-07
9 32 -9.3122528293135952e-07 -1.8875318523754060e-07
9 33 -7.0425468644112018e-07 -1.6841786753919575e-07
9 34 -1.8935871591678174e-07 1.8993148156159293e-08
9 35 -4.7209276290919347e-07 1.1639590807052972e-07
9 36 -5.8222860797468676e-07 -1.5743472440581858e-07
9 37 -2.2556609257522959e-07 3.0554144767173310e-07
9 38 -4.5885288860894882e-07 -3.8174562894411045e-07
9 39 -8.3857639495546982e-07 -1.5815151106014095e-07
9 40 -1.0143022263786064e-06 -7.0032328507055717e-07
9 41 -1.7998257545487437e-06 1.0910485209851563e-06
9 42 -1.1984771488932000e-06 -8.6819049226791070e-08
9 43 -1.0662986630900648e-06 -3.8016002825428642e-07
9 44 -9.0309994108642826e-07 -5.8959774147964097e-08
9 45 -9.1737920066361922e-07 -1.1099531858367877e-07
9 46 -1.7780551894120853e-06 2.0707234350511819e-07
9 47 -2.3088195819659826e-06 -1.2371044446530789e-06
9 48 -4.1836561825812983e-06 1.7771701076820428e-06
9 49 -3.8225814422985383e-06 -2.3351257842274366e-06
9 50 -3.4089096744008357e-06 4.2684225144568432e-07
9 51 -4.6586773762737814e-06 -1.9353433295456297e-06
9 52 -6.3504388153528800e-06 -2.5222310284858052e-06
9 53 -5.9870414270849541e-06 -1.5603295665955211e-06
9 54 -1.0432446176915612e-05 2.6275717882655726e-06
9 55 -8.9980970713272634e-06 2.4325694447576755e-07
9 56 -1.8577508485646633e-05 1.4660472582665085e-06
9 57 -1.5635468087350238e-05 2.5564802479354200e-06
9 58 -1.2365618187239137e-05 -1.0339502608626611e-07
9 59 -2.4531294825462779e-05 -5.7191211946511215e-06
9 60 -2.5957947851056269e-05 8.5836982913647903e-06
9 61 -4.5146799381480366e-05 3.8205018891715865e-06
9 62 -3.4571979327677619e-05 2.6202448959261596e-06
9 63 -5.5256149805836194e-05 1.6999950393036057e-05
9 64 -4.2898491343981243e-05 1.4057521423257761e-06
9 65 -7.7467997430497051e-05 2.4356983209307724e-05
9 66 -3.6393050980898182e-05 1.0510833718593197e-05
9 67 -1.6448666830959818e-04 -5.7436414379267265e-05
9 68 1.1951134310397207e-05 1.0191601434386544e-04
9 69 -2.5971208121622227e-04 -3.9703414470131294e-05
9 70 1.0245038480419779e-04 4.7436473877312381e-05
9 71 -1.2485787265095240e-04 1.0281059700575455e-04
10 0 -1.4337232817281868e-04 3.8903252075305829e-05
10 1 -1.6051676330833961e-04 -1.7486454898636576e-05
10 2 -3.9357320159400418e-05 -6.9594327859995527e-06
10 3 -4.2550936484120554e-05 -1.1351368081735951e-05
10 4 -4.9066133508386008e-05 -3.5525522018552845e-05
10 5 1.0520449418498677e-05 -8.1940758247345152e-06
10 6 -4.5014855407041127e-06 5.4796273201400756e-06
10 7 -3.0532833209655207e-05 3.3891417798654783e-06
10 8 -4.1452033149357956e-05 9.3347270923705060e-06
10 9 -2.4920532193906035e-05 -1.7230040452888763e-05
10 10 -3.1358863823344947e-05 -2.9490406332294815e-06
10 11 -1.4347374624064807e-05 7.7792628006796600e-06
10 12 -1.0939923909430039e-05 -2.9464687508827955e-06
10 13 -1.8194987246593858e-05 3.2929041744892390e-06
10 14 2.7753937082923244e-06 4.6711638056716998e-06
10 15 1.7885929870924833e-06 1.3727326872917244e-06
10 16 -2.2209965673428357e-06 -6.2445930175497251e-07
10 17 -6.4998258078506457e-06 -6.9071319904239778e-06
10 18 1.6880907596193541e-06 2.4518623733271800e-06
10 19 -3.7910634991979248e-06 9.5438755259302267e-07
10 20 -1.4857078393966579e-06 4.5334011502554937e-07
10 21 -3.2035697095681760e-06 -1.0557837373674461e-07
10 22 -3.3558743719930346e-06 -5.9911287127576143e-07
10 23 -1.1465925193520248e-06 4.7166529042875320e-07
10 24 -1.5342023902500774e-06 4.1204578498742394e-07
10 25 -4.3143855573779153e-07 5.7364212933399043e-07
10 26 -1.1747310364933125e-06 1.0224049362312570e-06
10 27 -9.8298127341792904e-08 4.8871839350778746e-07
10 28 -1.5173590341196900e-07 2.1767153375410374e-07
10 29 -5.5686840908732866e-07 4.5774618941012909e-07
10 30 -7.0802573615689412e-07 3.3314476015289187e-07
10 31 -2.0136965352726408e-07 2.1535865054481704e-07
10 32 -2.4878802384857759e-07 -3.4556541971882191e-07
10 33 -9.8439811953481076e-08 -3.0025277594550673e-07
10 34 1.4304576934739908e-07 -1.0350994640834826e-08
10 35 -9.7122417486150370e-08 6.8492800034858932e-08
10 36 -2.4782452459584877e-07 -3.6240947858014376e-07
10 37 1.4362637236036404e-07 2.0137602488116287e-07
10 38 -1.3343234926424503e-07 -3.8103061424076411e-07
10 39 -4.8227088473208811e-07 -3.2179458722998426e-07
10 40 -4.8839618477326610e-07 -4.8072246328498081e-07
10 41 -1.0744623102648995e-06 1.0353037112699925e-06
10 42 -5.7608347640035729e-07 -3.5971691363404157e-08
10 43 -4.7317502292894670e-07 -5.2755431608969679e-07
10 44 -3.8127894924203160e-07 -1.5908031684509375e-07
10 45 -3.5382574429647276e-07 -2.0522376507812561e-07
10 46 -1.1297494638275566e-06 -9.4997928200002324e-08
10 47 -9.1187393724605218e-07 -1.5851915471582213e-06
10 48 -1.8741922541379957e-06 1.5671143634501486e-06
10 49 -2.3283927189802870e-06 -2.4675474695305770e-06
10 50 -1.8998219770032393e-06 2.3628309386732293e-07
10 51 -3.0548078390044174e-06 -2.1749454315734285e-06
10 52 -1.7858786115745987e-06 -2.6082109743560267e-06
10 53 -3.4786177979166681e-06 -9.9859446319365544e-07
10 54 -7.4934911580518509e-06 3.1749184399763871e-06
10 55 -5.3601249801157396e-06 -1.3589170213814861e-06
10 56 -1.2649557592689616e-05 2.4269657316371675e-06
10 57 -9.4557019846533152e-06 1.6062916054857591e-06
10 58 3.4020304486769379e-07 -2.6601167695207388e-06
10 59 -1.4543474401945808e-05 -6.0378178218361886e-06
10 60 -1.4914841509595609e-05 9.3909121661953822e-06
10 61 -2.6488537518664518e-05 5.5489006651783442e-06
10 62 -1.6211292596974337e-05 6.6841461984244746e-06
10 63 -3.7171033064623332e-05 1.9290427781966256e-05
10 64 -5.8676326382168671e-06 -2.7207328202950263e-06
10 65 -4.3696189277762473e-05 1.6733438991475421e-05
10 66 1.1813643244370822e-07 1.8836454570384505e-05
10 67 -7.8712011179772685e-05 -5.5155008721538414e-05
10 68 4.2218118690002293e-05 1.2156740076391359e-04
10 69 -1.3598142430779525e-04 -5.0917333872317990e-05
10 70 1.0637104157915894e-04 7.9078957573728418e-06
10 71 -6.8595893469392292e-05 5.4521850165170476e-05
