0 0 -1.1604911531538342e+00 -2.1235803023903090e-20
0 1 -1.4917790515749982e-01 -6.3624636984809454e-20
0 2 -5.1681028028072659e-02 9.2152157113950754e-23
0 3 -3.0161283135019371e-02 3.5736028808522780e-21
0 4 -2.2863469806755451e-02 3.8656140308542408e-22
0 5 -1.8669306065234422e-02 -2.8891947137869736e-22
0 6 -1.5723538326600232e-02 -2.8005958064087397e-22
0 7 -1.3124215666337513e-02 8.0063903740114828e-22
0 8 -1.0952606491248341e-02 6.9224623840519394e-22
0 9 -8.8812251881871408e-03 8.4988574777396931e-22
0 10 -7.1187839229389389e-03 -2.5170545796440390e-23
0 11 -5.6057166320457553e-03 -1.6225717128654198e-22
0 12 -4.4019539856388623e-03 -3.0707296788102884e-22
0 13 -3.4149658974731560e-03 9.4537667284360971e-23
0 14 -2.6552631801874519e-03 4.5486824247805224e-23
0 15 -2.1410271411921480e-03 -4.6728865895081628e-23
0 16 -1.8090790256135704e-03 4.0156927162242539e-23
0 17 -1.5735205251157850e-03 8.1286375928464815e-23
0 18 -1.3511663272070336e-03 -1.0828216476337980e-22
0 19 -1.1826477717091380e-03 -9.2828384157982205e-23
0 20 -1.0711134043403707e-03 5.8291777105478714e-23
0 21 -9.2439814846029787e-04 4.9472246692255452e-23
0 22 -7.6750929073378610e-04 -9.6514196588394384e-24
0 23 -6.2327618450344949e-04 6.8376957827295874e-24
0 24 -4.8113957070730049e-04 -2.8806959808967682e-23
0 25 -3.6779301892464418e-04 -2.8908229494741951e-24
0 26 -2.8220455944137423e-04 2.1365923359413574e-24
0 27 -2.2503112753670165e-04 -4.0860426352223933e-24
0 28 -2.0127861070309635e-04 2.6070976300168502e-24
0 29 -1.9029463884471672e-04 -6.0290644002643718e-24
0 30 -1.7794026316930923e-04 -6.6022246516890040e-25
0 31 -1.7070936575248484e-04 -1.6797355665446616e-24
0 32 -1.6679220758845191e-04 9.3203133756916555e-24
0 33 -1.7268865944575408e-04 7.5965289032297297e-25
0 34 -1.8581617830528969e-04 -5.1267398094678784e-24
0 35 -1.9534830446888164e-04 5.6389293161036079e-24
0 36 -1.9708132385704144e-04 7.0374102953716949e-24
0 37 -2.0741697931364852e-04 -6.7153197006786558e-24
0 38 -2.3513006775162116e-04 -1.0599607945861149e-23
0 39 -2.8038693761315913e-04 -7.3072047987198624e-24
0 40 -3.4230677445933771e-04 -3.2428558899309968e-24
0 41 -4.0850923052415791e-04 -1.5538809704520164e-23
0 42 -4.4833854905288991e-04 1.1982415759345051e-23
0 43 -4.5500775896083163e-04 -1.7573919100578362e-23
0 44 -4.6598424274317519e-04 1.2732878540497044e-23
0 45 -5.0916369466155558e-04 1.3337024494152809e-23
0 46 -5.7878313160207551e-04 -2.5412748346307347e-24
0 47 -7.0256848754505444e-04 -4.6328379424262594e-23
0 48 -8.3980950972618092e-04 -6.1967924612825017e-23
0 49 -1.0128626297950232e-03 -5.6735793142568151e-23
0 50 -1.3154572790004732e-03 8.6860054629444979e-23
0 51 -1.6625480445828750e-03 -4.7020751266993252e-23
0 52 -2.0378598774599258e-03 1.3656171210966524e-22
0 53 -2.5319995520974429e-03 1.5213381258642968e-22
0 54 -3.2157704197235664e-03 -3.3631297868050092e-22
0 55 -4.0575344014731080e-03 1.3074555889985350e-22
0 56 -5.1046747803924156e-03 -1.6190948353628485e-22
0 57 -5.7628684596604928e-03 7.1574130425251476e-23
0 58 -6.8597707882848266e-03 4.5868214787801968e-22
0 59 -8.2797053132489477e-03 1.4330515436542365e-22
0 60 -9.6937431428712438e-03 1.0288032293863095e-22
0 61 -1.1354543035340517e-02 -4.7240040294589345e-22
0 62 -1.2692306986091964e-02 -3.2996186659611239e-22
0 63 -1.3721498782053802e-02 2.1808078113412844e-22
0 64 -1.5254124438329865e-02 -2.9512457872234368e-23
0 65 -1.7292570464171302e-02 -1.4120776972840779e-21
0 66 -1.8913385116288529e-02 3.1008847997011510e-22
0 67 -2.1885027939255390e-02 1.8649101557769031e-22
0 68 -2.6403600128434495e-02 5.3519492504678863e-22
0 69 -3.4409934836999639e-02 -7.6958508857364097e-22
0 70 -5.8005381604429473e-02 1.3567401773563062e-21
0 71 -1.5583103157735628e-01 6.6703666086202852e-20
1 0 -3.4511523106631264e-01 -7.4218942781259457e-04
1 1 -8.8979332429866012e-02 4.1117636278524691e-04
1 2 -3.7083760130056105e-02 -4.0791365332405689e-04
1 3 -2.2682183490174767e-02 -7.9049294483492707e-05
1 4 -1.7384864519999578e-02 -3.7854619294302885e-05
1 5 -1.4238291883067472e-02 -3.8109647167808835e-05
1 6 -1.2000017334990244e-02 1.4811288182797850e-05
1 7 -1.0036277820105691e-02 -1.9757547911248115e-05
1 8 -8.3628183433723073e-03 1.3295873971422704e-05
1 9 -6.7880804714471228e-03 -1.9362582147169604e-05
1 10 -5.4419675207478795e-03 -2.0519399653843098e-05
1 11 -4.2890370565318902e-03 -1.3051230180341973e-05
1 12 -3.3618949867444993e-03 7.8701647596260719e-06
1 13 -2.6053330260894141e-03 7.3807067212916449e-06
1 14 -2.0277223898338189e-03 -3.7883874722140454e-07
1 15 -1.6398410658456503e-03 -6.1358566411336617e-08
1 16 -1.3810884663044763e-03 -4.3560049390069606e-06
1 17 -1.1948664574450197e-03 1.7758455255444016e-08
1 18 -1.0261100810213749e-03 3.2091074378415193e-06
1 19 -9.0204130660532166e-04 -4.7772128575529636e-06
1 20 -8.1276371524563083e-04 -2.5412874908069194e-06
1 21 -7.0461003137237404e-04 -6.3102561131514403e-07
1 22 -5.8489301066450916e-04 -6.3301939827574530e-07
1 23 -4.7523158189848085e-04 2.6402782403756428e-06
1 24 -3.6691799655275375e-04 3.0444191644280283e-06
1 25 -2.7975084862556733e-04 1.1111932905063350e-06
1 26 -2.1499667404137459e-04 5.2646033471221078e-07
1 27 -1.7124199355209938e-04 5.9683511074190815e-07
1 28 -1.5322417589922467e-04 5.1401986369247138e-07
1 29 -1.4498872126416943e-04 1.0776029193595595e-06
1 30 -1.3533919058539214e-04 5.7296750859922122e-07
1 31 -1.3013872695743397e-04 2.2828547596993421e-07
1 32 -1.2742932153583648e-04 2.3436817338991292e-07
1 33 -1.3189036180345627e-04 3.4178151501576257e-07
1 34 -1.4180736390203335e-04 6.6798159277520438e-07
1 35 -1.4914166143689862e-04 8.4123519014711895e-09
1 36 -1.5080016395181486e-04 -7.0503273617336962e-07
1 37 -1.5872458835161499e-04 -7.1274382146094824e-07
1 38 -1.7976634456429939e-04 -1.5079716072848331e-06
1 39 -2.1399900933584097e-04 -6.8064248642320726e-07
1 40 -2.6238621750514712e-04 3.7490419487766200e-07
1 41 -3.1294219664084242e-04 6.8629480548445287e-07
1 42 -3.4216945699927043e-04 -8.4426966595155234e-07
1 43 -3.4858990199761408e-04 2.5444380796469762e-07
1 44 -3.5687101514369834e-04 -1.2077664954387679e-06
1 45 -3.8974794167240056e-04 -1.2305078670687428e-06
1 46 -4.4262909027178662e-04 1.9799883880715488e-08
1 47 -5.3640066928684765e-04 9.2470623156603174e-07
1 48 -6.3969523388883768e-04 -8.1536433015416725e-07
1 49 -7.7390731828134920e-04 1.5413319539031541e-06
1 50 -1.0044191980773886e-03 1.1710660555099172e-07
1 51 -1.2666078198362179e-03 -1.6726706939604758e-06
1 52 -1.5497564097997939e-03 -8.8354738141465007e-07
1 53 -1.9245770103177308e-03 1.0210057279449557e-05
1 54 -2.4331796845319608e-03 4.5385832824152428e-07
1 55 -3.0860610175111143e-03 1.7990927064803216e-05
1 56 -3.9065628623296241e-03 1.7674695993089842e-05
1 57 -4.3876227179094332e-03 -3.8662654193449016e-05
1 58 -5.2371390135376580e-03 -3.5179913948517171e-05
1 59 -6.3087216394800806e-03 -1.9693119274506954e-05
1 60 -7.4302338931747204e-03 -8.6918439584322671e-06
1 61 -8.7062156927433677e-03 2.7484925797666160e-05
1 62 -9.7110752858249345e-03 6.0690904004663394e-05
1 63 -1.0496826035897253e-02 -2.8715645411412671e-05
1 64 -1.1674966933870535e-02 -6.5747380579917847e-05
1 65 -1.3225143071164309e-02 -5.9272734125629330e-05
1 66 -1.4501755693476939e-02 4.1802491506227900e-05
1 67 -1.6734807573847221e-02 1.9909799020996464e-05
1 68 -2.0146462153591494e-02 -1.9519010401349237e-05
1 69 -2.6008820478478915e-02 -1.1652613245328635e-04
1 70 -4.1132064688644672e-02 -7.4590984341848349e-04
1 71 -9.4197845569577984e-02 -4.6564032396888380e-04
2 0 -1.0500216550367369e-01 -1.7823675390801418e-03
2 1 -4.0819665170735674e-02 3.0985355341213992e-04
2 2 -2.0929582242175091e-02 -3.2390102503055155e-04
2 3 -1.3631456003080068e-02 -4.1239483503506163e-05
2 4 -1.0688754449224744e-02 -9.2978284014317479e-05
2 5 -8.7936924643185772e-03 -4.3664889784103433e-05
2 6 -7.4242094221524590e-03 5.2483730866632874e-06
2 7 -6.2264263431254891e-03 -1.5466479943109144e-05
2 8 -5.1675312993269837e-03 9.4268060078168036e-06
2 9 -4.2240497248101838e-03 -2.0578624420590817e-05
2 10 -3.3779253740598590e-03 -3.3388720235082714e-05
2 11 -2.6736952832311072e-03 -1.3446121566573212e-05
2 12 -2.0757176828478672e-03 2.7265110936078583e-06
2 13 -1.6076473754246354e-03 8.7018909402544964e-06
2 14 -1.2579974911659814e-03 6.1140622749929100e-07
2 15 -1.0257614853796005e-03 -4.2549708391513823e-06
2 16 -8.5189561823099025e-04 -5.7218117213503435e-06
2 17 -7.3319151439720464e-04 2.4096392323173822e-06
2 18 -6.3030414610745680e-04 6.0989555633796455e-06
2 19 -5.5668556542663012e-04 -5.8070778749415964e-06
2 20 -4.9621354019411385e-04 -2.2294722819024947e-06
2 21 -4.3311095146665861e-04 -1.1973251982489060e-06
2 22 -3.5989021211326475e-04 -5.1458182563441195e-07
2 23 -2.9198327833665272e-04 3.3781530399901876e-06
2 24 -2.2596015269217174e-04 3.7793772684618692e-06
2 25 -1.7166886610256031e-04 1.4861939858670525e-06
2 26 -1.3227048092456347e-04 5.5389021239555557e-07
2 27 -1.0534090893601081e-04 1.0928941889107542e-06
2 28 -9.4586553923393975e-05 7.7589115249607145e-07
2 29 -8.9705670081341823e-05 1.2617065244291472e-06
2 30 -8.3385490542213690e-05 7.6678470751327551e-07
2 31 -8.0064194252377067e-05 2.2461800756563855e-07
2 32 -7.8776667042424096e-05 2.9919044198835259e-07
2 33 -8.1650739169344743e-05 5.6727130663477586e-07
2 34 -8.7516354740564486e-05 1.0819100605706307e-06
2 35 -9.2465680587342549e-05 -1.8277699536041692e-07
2 36 -9.3939159640106943e-05 -7.1306164587589559e-07
2 37 -9.8459933628619538e-05 -4.3167250174829873e-07
2 38 -1.1139797803721879e-04 -1.6661701207156684e-06
2 39 -1.3236811881423032e-04 -7.1046717373859076e-07
2 40 -1.6374707820334268e-04 4.4465555725213883e-07
2 41 -1.9463594136669293e-04 5.0950044590491259e-07
2 42 -2.1118862666919509e-04 -1.4721876614915388e-06
2 43 -2.1758517619454646e-04 9.8613662912463684e-07
2 44 -2.2264793082447690e-04 -1.2369740687835486e-06
2 45 -2.4259377303462076e-04 -2.2046341415251584e-06
2 46 -2.7560794476604234e-04 -7.7204722713737147e-07
2 47 -3.3311670624654427e-04 1.7150047976443232e-06
2 48 -3.9507620942238412e-04 9.1904184705529628e-08
2 49 -4.7918914019383423e-04 2.3263403614005876e-06
2 50 -6.2183554954680980e-04 6.5562502528626554e-07
2 51 -7.8456611289327188e-04 -1.0592643297249499e-06
2 52 -9.5125225643328474e-04 -3.6888603451726990e-06
2 53 -1.1778582976275571e-03 1.4157839454751995e-05
2 54 -1.4820118500386155e-03 6.2199869259368316e-06
2 55 -1.8989090104767755e-03 1.9320525826053257e-05
2 56 -2.4237364759668312e-03 3.2454695306956228e-05
2 57 -2.6973081736059168e-03 -5.0140110503315588e-05
2 58 -3.2367597768709973e-03 -4.5417353212514733e-05
2 59 -3.8702996641964225e-03 -4.0032787583272253e-05
2 60 -4.6319069931310903e-03 -3.0072506590573889e-05
2 61 -5.4387637618372297e-03 2.5291282357346487e-05
2 62 -6.0516070024505073e-03 7.6240261974499834e-05
2 63 -6.5189260964375849e-03 -2.1479236319358585e-05
2 64 -7.2780954605879316e-03 -1.0497818516365123e-04
2 65 -8.1968542403543301e-03 -7.1133357089179011e-05
2 66 -9.0438958753326863e-03 4.7654498301551038e-05
2 67 -1.0361931291287487e-02 3.0593887694474436e-05
2 68 -1.2402591431149239e-02 -5.1366598403014148e-05
2 69 -1.5862250046960447e-02 -9.6941446583279246e-05
2 70 -2.3385655190434684e-02 -6.0902877075584257e-04
2 71 -4.4404009571968543e-02 -3.4176697093486931e-04
3 0 -3.4184187263160352e-02 -1.4560399447988022e-03
3 1 -1.6883599813507500e-02 -7.0678264929560078e-05
3 2 -1.0792036819861475e-02 -1.8249020484337745e-04
3 3 -7.5460448491691005e-03 -1.1852985551878192e-05
3 4 -6.0526461803470325e-03 -1.5072318487039068e-04
3 5 -5.0037262235157406e-03 -3.4786350991498915e-05
3 6 -4.2474154809966011e-03 9.7641948392616155e-06
3 7 -3.5574190086100771e-03 -1.8338592816804573e-06
3 8 -2.9405333668089044e-03 -5.3053474493658923e-06
3 9 -2.4408680604733977e-03 -1.0747501865890628e-05
3 10 -1.9377128762293758e-03 -3.7825536369370364e-05
3 11 -1.5427870279165949e-03 -1.4712971930442201e-05
3 12 -1.1835111280078822e-03 -7.9912996621029152e-06
3 13 -9.1476260719273170e-04 4.0405956760537551e-06
3 14 -7.2775107469337183e-04 5.8494755540939520e-07
3 15 -5.9751594123444939e-04 -5.6931404184713192e-06
3 16 -4.8914877654583774e-04 -6.3800926053655111e-06
3 17 -4.1617082089217845e-04 5.3326375469729614e-06
3 18 -3.5872374205341776e-04 4.7885632354954286e-06
3 19 -3.1374042561576346e-04 -4.6006362490607028e-06
3 20 -2.7843361472735194e-04 -1.1977852172958219e-06
3 21 -2.4422187783519346e-04 -1.1018133311084140e-06
3 22 -2.0284936666675960e-04 6.7144189828483578e-07
3 23 -1.6464905623642817e-04 3.2852817118209273e-06
3 24 -1.2780896558810584e-04 3.4637522029104959e-06
3 25 -9.7062122067459819e-05 1.1510089977428737e-06
3 26 -7.4336229854594913e-05 6.4756040416334574e-07
3 27 -5.9763228768636918e-05 1.3278021035561289e-06
3 28 -5.4139297519682926e-05 1.0723055519008431e-06
3 29 -5.1354546462625411e-05 1.2411481157324307e-06
3 30 -4.7661273733206590e-05 6.9700075963799788e-07
3 31 -4.5385927727470170e-05 2.0961614650876194e-07
3 32 -4.4937190891509543e-05 4.7677595612557878e-07
3 33 -4.6584965045668838e-05 5.9738834698903565e-07
3 34 -4.9697666303978418e-05 1.0043137228944891e-06
3 35 -5.2961000099252383e-05 -3.1803720276984630e-07
3 36 -5.3962372533429543e-05 -6.1537135736049525e-07
3 37 -5.6418378081464676e-05 1.6313193156533729e-07
3 38 -6.3669204192835183e-05 -1.3184632473674365e-06
3 39 -7.5432035287583760e-05 -4.8217011084438386e-07
3 40 -9.4187123685308656e-05 7.0754600441615122e-07
3 41 -1.1132496445944229e-04 2.8708593680140729e-07
3 42 -1.2021496216529988e-04 -1.5018241853689620e-06
3 43 -1.2613478715113252e-04 1.4335120627813109e-06
3 44 -1.2895362947631258e-04 -5.6674116788427683e-07
3 45 -1.4018066215824049e-04 -2.8598486901210295e-06
3 46 -1.5906527688109583e-04 -1.0725132320501166e-06
3 47 -1.9119724321217533e-04 1.6103780662935019e-06
3 48 -2.2495119273958306e-04 1.5834301448446314e-06
3 49 -2.7353083880088798e-04 1.4231392259116657e-06
3 50 -3.5894998321791058e-04 -1.0081309989291021e-06
3 51 -4.4988244468015286e-04 -4.6230152284859881e-07
3 52 -5.3704563576423975e-04 -6.2653135027687307e-06
3 53 -6.6406327789762549e-04 1.5887401423798433e-05
3 54 -8.2883120945895521e-04 1.5201337396749935e-05
3 55 -1.0703007195871550e-03 1.8832726217849801e-05
3 56 -1.3872173681573285e-03 3.5221120304914252e-05
3 57 -1.5340550234301095e-03 -4.9251988205290919e-05
3 58 -1.8526519235946830e-03 -4.5435494287454487e-05
3 59 -2.1885111717746138e-03 -5.6750898515327737e-05
3 60 -2.6669661080873748e-03 -5.5389736165717606e-05
3 61 -3.1661721174688338e-03 1.3432497683317578e-05
3 62 -3.5006333551370439e-03 6.1420306935313921e-05
3 63 -3.7372579721002717e-03 -3.9057250694242821e-06
3 64 -4.2180105140192858e-03 -1.1071624933290473e-04
3 65 -4.7038833707719243e-03 -6.0604317705235415e-05
3 66 -5.1979745198353104e-03 2.2949275830981878e-05
3 67 -5.9189187146623089e-03 4.1047392433224766e-05
3 68 -7.0606997246734308e-03 -2.6716845066579779e-05
3 69 -8.9156178309515218e-03 -3.7693937635393020e-05
3 70 -1.2349173483467851e-02 -3.8825653394094735e-04
3 71 -1.9675957443083144e-02 -3.8233006129145212e-04
4 0 -1.2364347655949010e-02 -1.0555860139150376e-03
4 1 -6.7069630160515427e-03 -3.4104730217274909e-04
4 2 -5.2772264187367452e-03 -6.9493000392022305e-05
4 3 -3.9972400817887607e-03 7.6665741486051468e-06
4 4 -3.2612106824381872e-03 -1.4351729498613051e-04
4 5 -2.7022111025788759e-03 -2.2574236464827056e-05
4 6 -2.3269291543964819e-03 1.2606509528263141e-05
4 7 -1.9405649554839900e-03 3.3701739349964339e-06
4 8 -1.5837631815737293e-03 -1.3487907105171493e-05
4 9 -1.3541764398484627e-03 -6.2765728882518357e-06
4 10 -1.0647123835335513e-03 -3.2801683774105933e-05
4 11 -8.5248259305136811e-04 -1.3430598918875232e-05
4 12 -6.4517346718372288e-04 -1.3772045412982661e-05
4 13 -4.9861502719297649e-04 -1.2133358391288841e-06
4 14 -4.0751277823067528e-04 1.5771686930438676e-06
4 15 -3.3388214501714106e-04 -2.9239781347950992e-06
4 16 -2.7157270727659448e-04 -6.3240478617721915e-06
4 17 -2.2831765564358837e-04 5.9910563660471412e-06
4 18 -1.9689016519783197e-04 1.5952516830877917e-06
4 19 -1.6740497832954960e-04 -4.7506461813064129e-06
4 20 -1.5065219360046377e-04 3.1548739460347916e-07
4 21 -1.3196290293052902e-04 -1.5927977113132492e-06
4 22 -1.0989565157395480e-04 2.3634864009633159e-06
4 23 -8.8521995297997125e-05 2.4665917153702474e-06
4 24 -6.8861631488836364e-05 2.5809933670129170e-06
4 25 -5.2368211973644838e-05 9.2560938927216465e-07
4 26 -3.9410102861156777e-05 6.7076713448983026e-07
4 27 -3.2159642920793760e-05 1.2836623940515477e-06
4 28 -3.0161850901063221e-05 9.8789763577926999e-07
4 29 -2.8177420305182122e-05 8.5881956503623942e-07
4 30 -2.6144220387310363e-05 4.0638078692985441e-07
4 31 -2.4526145797287812e-05 1.7299003511688990e-07
4 32 -2.4483347710705669e-05 5.9812702762875281e-07
4 33 -2.5497336695863949e-05 5.7979886320942662e-07
4 34 -2.7088223079816862e-05 8.6147442228031761e-07
4 35 -2.9108572493580377e-05 -4.5575982391324116e-07
4 36 -2.9628216432378762e-05 -7.1468644712062700e-07
4 37 -3.1097336807599243e-05 5.8837165193025248e-07
4 38 -3.4666577755772935e-05 -9.3807828968634824e-07
4 39 -4.0941124360630571e-05 -6.5975693325836124e-08
4 40 -5.2183330416745063e-05 7.3047992437927695e-07
4 41 -6.0679271472929761e-05 4.9350963501167331e-07
4 42 -6.5599275511890910e-05 -1.0775702507847639e-06
4 43 -7.0095001199399249e-05 1.7039735328342839e-06
4 44 -7.1645234696227482e-05 -1.0671242652624040e-07
4 45 -7.7891381541362418e-05 -2.8402080874276315e-06
4 46 -8.8471750582930906e-05 -7.0539292376227947e-07
4 47 -1.0520177550553728e-04 1.1217266152872929e-06
4 48 -1.2286908275679624e-04 2.5325694655281142e-06
4 49 -1.4932180311383485e-04 3.1267396246041887e-07
4 50 -1.9900826037879294e-04 -4.3718526888346332e-06
4 51 -2.4897887370243284e-04 -7.6246960748056412e-07
4 52 -2.9143427920526511e-04 -5.1199782293961613e-06
4 53 -3.6114581755945118e-04 1.5949834740772692e-05
4 54 -4.3598078650822138e-04 2.0031400027563871e-05
4 55 -5.7751841465769204e-04 1.3663097794972794e-05
4 56 -7.5833788911474893e-04 2.8189388890891048e-05
4 57 -8.4107907166564944e-04 -3.7330876560371851e-05
4 58 -1.0244445495071453e-03 -3.9872743087215269e-05
4 59 -1.1890485103953619e-03 -6.3170903992916961e-05
4 60 -1.4554665646687069e-03 -5.4660893218303441e-05
4 61 -1.7998815049718427e-03 -3.7866833507661348e-07
4 62 -1.9461838336457590e-03 5.3798207316061029e-05
4 63 -2.0455884213055539e-03 1.8215357961570580e-06
4 64 -2.3670331068889184e-03 -9.9493874186523318e-05
4 65 -2.6235436005229333e-03 -3.1666006081850950e-05
4 66 -2.8392331181727299e-03 -1.6397925034394230e-05
4 67 -3.2360528532761131e-03 4.6008309309959797e-05
4 68 -3.8420873521992300e-03 8.0512210236433942e-06
4 69 -4.7797676928638590e-03 7.1732782665673242e-06
4 70 -6.1662635575118778e-03 -9.4937883352982967e-05
4 71 -8.5945367273644289e-03 -2.2321848104475304e-04
5 0 -4.8715930177707532e-03 -2.4932824901913766e-04
5 1 -2.6244044766060843e-03 -2.2794127470689163e-04
5 2 -2.4818047472259385e-03 5.5226325953603423e-06
5 3 -2.0562866719818500e-03 2.3320072545994457e-05
5 4 -1.6776028132732179e-03 -1.0728113125085370e-04
5 5 -1.4115701874839945e-03 -5.5973766637592894e-06
5 6 -1.2512149778355567e-03 -2.8787088171577256e-07
5 7 -1.0096226383279939e-03 -7.2548391268401765e-06
5 8 -8.1451222650821386e-04 -2.2346081476813898e-05
5 9 -7.2447319427706189e-04 -1.1125282637275566e-05
5 10 -5.6878921714068270e-04 -2.7813073735227006e-05
5 11 -4.5656178086645859e-04 -1.0374319130421515e-05
5 12 -3.4197495944727119e-04 -1.3213910369204785e-05
5 13 -2.6452010304530251e-04 -3.8779141915194769e-06
5 14 -2.2216667577232266e-04 1.3419528552071017e-06
5 15 -1.8266921400277204e-04 1.9626905722840031e-07
5 16 -1.4799376486554272e-04 -3.9303129764946435e-06
5 17 -1.2404381914201906e-04 5.4377691375696220e-06
5 18 -1.0548969388570227e-04 -1.4726547179106003e-06
5 19 -8.6773658735055480e-05 -5.9382508431967438e-06
5 20 -8.0131151268543124e-05 5.1779084648259340e-07
5 21 -6.9187990424466020e-05 -2.4243534753345962e-06
5 22 -5.9237728329355426e-05 2.6593029799519295e-06
5 23 -4.5625958608821606e-05 6.3388577136228809e-07
5 24 -3.5662783895506597e-05 2.0479741900058110e-06
5 25 -2.6496729081141144e-05 9.3950078926044894e-07
5 26 -1.9877854050899628e-05 7.5979081256952127e-07
5 27 -1.6222439252070919e-05 1.1221344582438710e-06
5 28 -1.6718682293883960e-05 6.8578862921659999e-07
5 29 -1.4906487337119926e-05 3.6468177905269636e-07
5 30 -1.3973755327792865e-05 5.9003775171850645e-08
5 31 -1.2811864218438567e-05 2.7661594682047821e-07
5 32 -1.2744915132999102e-05 6.2338335323853136e-07
5 33 -1.3511159430836908e-05 5.2347318985926812e-07
5 34 -1.4391215592921211e-05 6.6165311135789218e-07
5 35 -1.5431500090537681e-05 -5.5957046935870610e-07
5 36 -1.5565328423806916e-05 -7.3244331137535350e-07
5 37 -1.6853400347415321e-05 8.1002646342374648e-07
5 38 -1.8078089057400965e-05 -2.6989532816052550e-07
5 39 -2.1446946001594216e-05 2.6850694523076740e-07
5 40 -2.8426172746969919e-05 5.2099874335777302e-07
5 41 -3.2130790904009201e-05 5.8526123398295157e-07
5 42 -3.4634636626536489e-05 -7.5573071366040919e-07
5 43 -3.7693307853619665e-05 1.5609014993660859e-06
5 44 -3.8645808149963311e-05 -2.5294426147976024e-07
5 45 -4.2340589901933919e-05 -2.6483262104918921e-06
5 46 -4.8328292570379648e-05 8.3914541805950522e-08
5 47 -5.6174523265713529e-05 5.9449850474196397e-07
5 48 -6.5919915088991578e-05 2.8674035911772932e-06
5 49 -7.7811930540059630e-05 -1.6291051213040744e-07
5 50 -1.0687342687288856e-04 -6.8830920000000839e-06
5 51 -1.3507466656312989e-04 -2.3151800846330733e-06
5 52 -1.5395491558640453e-04 -2.1812738705001891e-06
5 53 -1.9093245843687759e-04 1.4970615035425228e-05
5 54 -2.1567485832625348e-04 2.3768506211570779e-05
5 55 -3.0710771861343914e-04 7.0579424430622702e-06
5 56 -3.9942086811515414e-04 1.1191212888068034e-05
5 57 -4.4771310482679495e-04 -3.3393585203761681e-05
5 58 -5.5608940148136471e-04 -2.8950799038861195e-05
5 59 -6.2839560025102956e-04 -5.7512855054002890e-05
5 60 -7.6337169855349792e-04 -5.7046203682433972e-05
5 61 -1.0168811006883161e-03 -1.3850333665987656e-05
5 62 -1.0343260564520688e-03 5.8573649808363039e-05
5 63 -1.0874306156999480e-03 4.7590241045979306e-06
5 64 -1.2952971113316604e-03 -8.0192841250986821e-05
5 65 -1.4390467993011685e-03 -1.1394440864271145e-05
5 66 -1.4787204653589788e-03 -5.6204138786859784e-05
5 67 -1.7238701981481114e-03 4.9726724937705383e-05
5 68 -2.0389640460377187e-03 5.7243526979070042e-06
5 69 -2.4455168903636032e-03 -3.1728132482655297e-06
5 70 -2.9697570708557648e-03 5.0745948574742310e-05
5 71 -3.8049845072540369e-03 -8.5746157492323262e-05
6 0 -2.2969975391590922e-03 1.2175699209672557e-05
6 1 -9.3639637396791039e-04 -1.6339340375273398e-04
6 2 -1.1508822682503200e-03 4.8853442976832544e-05
6 3 -1.0289382641425772e-03 1.0099479494830506e-05
6 4 -8.1566629009065619e-04 -9.1238953777191093e-05
6 5 -7.2097685010771991e-04 -2.6189277445565221e-06
6 6 -6.7368581508084465e-04 -1.7529063665885428e-05
6 7 -5.1070823327580949e-04 -2.0582705981070997e-05
6 8 -4.1153641498808280e-04 -3.5537443546519678e-05
6 9 -3.6490204493900804e-04 -1.8310100249060107e-05
6 10 -2.9901548340879755e-04 -1.5833786017601076e-05
6 11 -2.3428094140554782e-04 -6.8902189363082029e-06
6 12 -1.7857779065964525e-04 -9.9569605272806392e-06
6 13 -1.3601333691668047e-04 -3.6137963115997619e-06
6 14 -1.1846686661440556e-04 -1.2272145450175673e-06
6 15 -9.8576512134092133e-05 1.0743551267315922e-06
6 16 -7.9809171828089376e-05 -4.7500480805323441e-07
6 17 -6.7829121338914736e-05 4.5171021041923827e-06
6 18 -5.3505366761550509e-05 -3.2313651778820462e-06
6 19 -4.4173074394317514e-05 -5.5903471776015831e-06
6 20 -4.0914177298321574e-05 5.4150941327467222e-07
6 21 -3.4820567785469061e-05 -4.0597496551284175e-06
6 22 -3.2086230451688166e-05 3.2274986091285088e-06
6 23 -2.2184067774246589e-05 -1.2098683027016531e-06
6 24 -1.7899821487129131e-05 1.4889272618403487e-06
6 25 -1.2580224339968302e-05 7.3000162615784551e-07
6 26 -9.6752571482431962e-06 6.1665158711721696e-07
6 27 -7.8350531403531768e-06 7.8689327813336619e-07
6 28 -9.1182731176700609e-06 2.6223588713079052e-07
6 29 -7.6086869348450584e-06 5.1978141917945115e-08
6 30 -7.3575603095972544e-06 -1.9674846519214029e-07
6 31 -6.4902183800665237e-06 5.1322072628119061e-07
6 32 -6.4192445463293111e-06 4.3148595615876701e-07
6 33 -7.0822051568322143e-06 4.5157852837679279e-07
6 34 -7.4574513669092807e-06 3.9933377745877735e-07
6 35 -8.1001681668628749e-06 -5.0806438903698585e-07
6 36 -7.7385460259714393e-06 -5.3023495680453062e-07
6 37 -9.0391246061010732e-06 7.8007869248071126e-07
6 38 -9.0415027144157924e-06 1.9705903863307785e-08
6 39 -1.0935381099427680e-05 2.6405512435225680e-07
6 40 -1.5342309013028073e-05 1.7192476673333783e-07
6 41 -1.6600503912673667e-05 3.9287240939255747e-07
6 42 -1.7468514807590840e-05 -8.3078216164894882e-07
6 43 -1.9605429402287649e-05 1.3091159438178002e-06
6 44 -2.0293622356690787e-05 -6.5163826577577930e-07
6 45 -2.3076525832809767e-05 -2.7523990048046871e-06
6 46 -2.6093417256502322e-05 3.5811084623796900e-07
6 47 -2.8949716868962720e-05 1.5622384967409253e-07
6 48 -3.5652069624565279e-05 2.1277928946019902e-06
6 49 -3.8847683674425411e-05 9.5433026871139829e-08
6 50 -5.6444265377025270e-05 -7.4838796834669749e-06
6 51 -7.0307126351373011e-05 -8.7734267830849318e-07
6 52 -7.9494735818829093e-05 6.8218864700643429e-07
6 53 -9.7138801209952690e-05 1.4788486062758451e-05
6 54 -1.0037156275658771e-04 2.3561453819220088e-05
6 55 -1.6422000183144165e-04 -5.9777679662043980e-07
6 56 -2.0151264752928409e-04 -2.6306830877593276e-06
6 57 -2.2504185130225126e-04 -2.9597382949930675e-05
6 58 -3.0982497145058815e-04 -2.2894727195743422e-05
6 59 -3.3149302571063553e-04 -5.1858101884533359e-05
6 60 -3.9400076391840318e-04 -5.4974754539257524e-05
6 61 -5.7898165193831942e-04 -2.4579365077814872e-05
6 62 -5.3199166477101579e-04 4.8704157960589927e-05
6 63 -5.7557641899659518e-04 7.1744681096595972e-06
6 64 -7.0308887616714029e-04 -5.7067204454613058e-05
6 65 -7.6639477950007928e-04 -1.1670329694976093e-05
6 66 -7.0876611375087016e-04 -5.7029800982032903e-05
6 67 -8.8780585742965947e-04 5.6550488068864118e-05
6 68 -1.0604646006761409e-03 6.0100026057241548e-07
6 69 -1.1780551863249055e-03 1.7225318629715415e-06
6 70 -1.4256115221106213e-03 6.1170163172574450e-05
6 71 -1.6530057067143792e-03 -5.0928036462914865e-05
7 0 -1.2000432139107771e-03 2.2220156713704595e-05
7 1 -2.1884193376429326e-04 -1.3955652787862952e-04
7 2 -5.7262302898574530e-04 9.0423725276857613e-05
7 3 -5.2619141638551002e-04 -5.7067082138091519e-06
7 4 -3.6960100040652101e-04 -6.7600014496529889e-05
7 5 -3.5147543954187877e-04 1.2187790971479845e-06
7 6 -3.6751247252832963e-04 -2.7521648120774219e-05
7 7 -2.4907537900817995e-04 -1.8054157390247333e-05
7 8 -2.0492815918191914e-04 -4.3241145118058495e-05
7 9 -1.6771978008483672e-04 -2.2807398494251601e-05
7 10 -1.5562138391361582e-04 -4.3769082950477046e-06
7 11 -1.1850835774684311e-04 -6.2030693641063757e-06
7 12 -9.2556580625856273e-05 -8.8156113279374055e-06
7 13 -7.1267504559715901e-05 -1.1369096589818545e-06
7 14 -6.1571352175010072e-05 -4.1836827716509530e-06
7 15 -5.1415212245250978e-05 9.3443675376437261e-07
7 16 -4.0651624617979329e-05 1.5842314696615399e-06
7 17 -3.8023598145773639e-05 3.9221074803846505e-06
7 18 -2.5060883128597287e-05 -3.7885509086017282e-06
7 19 -2.1794624361877088e-05 -2.9620630469153254e-06
7 20 -1.9675028557656515e-05 -3.0883813887637780e-07
7 21 -1.6317208130737606e-05 -5.3352843559419825e-06
7 22 -1.7004034588042241e-05 3.2979538422798191e-06
7 23 -9.7318396088930906e-06 -1.6589988477625815e-06
7 24 -8.8888085845485963e-06 6.7657392197442317e-07
7 25 -5.5972391420710697e-06 5.9711066703219606e-07
7 26 -4.6437509136422191e-06 5.7717205503727232e-07
7 27 -3.6293303663633521e-06 4.7103277595320721e-07
7 28 -4.9111195267249943e-06 -1.0386256751599990e-07
7 29 -3.8666355377722535e-06 -4.0830394234882391e-08
7 30 -3.6984576000725587e-06 -2.9649137552002157e-07
7 31 -3.0965055440171835e-06 6.9036805205488893e-07
7 32 -3.0841215108579077e-06 2.2755591221328213e-07
7 33 -3.7134126493005907e-06 4.3272898455558919e-07
7 34 -3.8340604687631119e-06 3.0809870136055711e-07
7 35 -4.1586198142255636e-06 -3.6584534897786833e-07
7 36 -3.5508479179451723e-06 -1.9165120671284189e-07
7 37 -4.7292048345465742e-06 7.4548468399113381e-07
7 38 -4.3896556664320762e-06 -7.6028249258969009e-08
7 39 -5.5416792540391831e-06 1.0606977866282033e-07
7 40 -8.2254950315298553e-06 -2.9315744170605177e-07
7 41 -8.5451596881445219e-06 3.1132190704609563e-07
7 42 -8.1584392078565385e-06 -1.0232885487712328e-06
7 43 -9.7915687891076763e-06 1.1828190899716436e-06
7 44 -9.8742880334620452e-06 -9.2631866813029493e-07
7 45 -1.2499650400044902e-05 -2.7100940887556324e-06
7 46 -1.3409954481577437e-05 3.2168330365091033e-07
7 47 -1.4000314942527391e-05 2.1108896398710225e-07
7 48 -2.0253338277686459e-05 1.3537203452494089e-06
7 49 -1.9336447507782620e-05 -5.9373158144764551e-07
7 50 -2.9804930288612828e-05 -5.8991016966704641e-06
7 51 -3.7553472749930658e-05 -4.5667382180062969e-07
7 52 -4.1450470199824576e-05 8.9247908043374573e-07
7 53 -4.9875995222671763e-05 1.1441582673156344e-05
7 54 -4.3272353058705869e-05 2.3280969581786804e-05
7 55 -8.4268177635417633e-05 -1.0434039230392057e-06
7 56 -9.4596826492094084e-05 -8.9305146288417276e-06
7 57 -1.0757332358460733e-04 -1.7514512078667903e-05
7 58 -1.7977392006158778e-04 -2.0774674844925802e-05
7 59 -1.7931983771932430e-04 -5.0680608701211800e-05
7 60 -2.0940342398109027e-04 -5.3106204380166148e-05
7 61 -3.2820196325898866e-04 -3.5013359353827740e-05
7 62 -2.6494728721568892e-04 2.6036037198729078e-05
7 63 -3.0325800045890341e-04 1.1059607413554113e-05
7 64 -3.7218851795100145e-04 -3.8670590146665884e-05
7 65 -3.8853943073983109e-04 -1.3900701778005564e-05
7 66 -2.8803719380838725e-04 -5.1375813432563937e-05
7 67 -4.2288125781761373e-04 5.5930236012185322e-05
7 68 -5.3600373043587255e-04 -1.0341916058753751e-05
7 69 -5.3254815426635488e-04 1.3402863068739367e-05
7 70 -7.0709506859140570e-04 9.2457876764684417e-06
7 71 -7.3716398072116052e-04 -6.7541875669125775e-05
8 0 -7.0588552917168386e-04 -1.5223936868043081e-04
8 1 2.4890685436861563e-05 -1.1763991714767304e-04
8 2 -3.3574552696511670e-04 8.9448633904015028e-05
8 3 -2.7374329513734052e-04 -2.0494765277941068e-05
8 4 -1.5523051999284256e-04 -3.9973843936056738e-05
8 5 -1.5325284503513406e-04 -7.3478020057554566e-06
8 6 -2.0329605469051600e-04 -4.7165017862812337e-05
8 7 -1.0753590647733491e-04 -4.6605971228764761e-06
8 8 -9.8766791349239348e-05 -4.0566622432717792e-05
8 9 -6.6798320360992650e-05 -2.0499841352984449e-05
8 10 -7.6672471965638514e-05 2.8176545123391354e-06
8 11 -6.1226770321389155e-05 -6.4499142562657565e-06
8 12 -4.8181316601381808e-05 -1.0394958275374936e-05
8 13 -4.0877328646403808e-05 1.4730458848897722e-06
8 14 -3.0648715556474732e-05 -7.2958006446142733e-06
8 15 -2.4981041868729272e-05 5.9247044037780027e-07
8 16 -2.0517033848547097e-05 2.7715346953202020e-06
8 17 -2.0280900398363926e-05 3.3622269573809561e-06
8 18 -1.1306753206973483e-05 -3.6664837111632121e-06
8 19 -1.0242479874790515e-05 -1.4693212281036016e-06
8 20 -9.9208114274406536e-06 -1.9584396266323039e-06
8 21 -6.9413679691517183e-06 -5.7752614699675051e-06
8 22 -9.9362134371323305e-06 3.1898303440299052e-06
8 23 -3.4664474189530889e-06 -1.5710178286743474e-06
8 24 -4.5233553685835731e-06 5.4755517916247588e-08
8 25 -2.5144906741117487e-06 6.0489344193377690e-07
8 26 -2.3548767100400084e-06 5.7700478975913671e-07
8 27 -1.6234104582406245e-06 1.0307313278431240e-07
8 28 -2.6394193232601374e-06 -2.3536250450478745e-07
8 29 -2.1104041823748412e-06 -6.3145583314704449e-08
8 30 -1.7732287428252565e-06 -2.8024165793913153e-07
8 31 -1.3642708650242320e-06 7.3873475578691456e-07
8 32 -1.5463606364000046e-06 8.5146893761198847e-08
8 33 -1.9110937114823950e-06 3.6901589663119476e-07
8 34 -1.9188425109415542e-06 3.2477604686228042e-07
8 35 -2.0504847168342916e-06 -3.6039503761258605e-07
8 36 -1.4130263473266413e-06 5.6777135267807564e-08
8 37 -2.2431437992851722e-06 6.8594868412836601e-07
8 38 -2.1316488600369788e-06 -1.4908527627667763e-07
8 39 -2.4577919885357519e-06 -2.6106945423201987e-07
8 40 -4.6741600307309176e-06 -6.1511143378735907e-07
8 41 -4.3353039615117698e-06 5.0503374362371176e-08
8 42 -3.3425024561441622e-06 -1.1619732332343713e-06
8 43 -4.5471136788808803e-06 1.1254390461266721e-06
8 44 -3.7950166115301396e-06 -6.8007856877606867e-07
8 45 -6.5009084576402294e-06 -2.1691648923459795e-06
8 46 -6.5268769778010204e-06 3.6569295829470552e-08
8 47 -6.4608178900700483e-06 1.6457406996806695e-07
8 48 -1.2060892289702410e-05 6.3007584836547411e-08
8 49 -1.0959145136262291e-05 -4.9865750510701869e-07
8 50 -1.6111476756922608e-05 -4.0399044514859684e-06
8 51 -2.0274376747155445e-05 5.7218291835996219e-07
8 52 -2.2933255603607455e-05 8.7193627785454418e-07
8 53 -2.7428745467173724e-05 2.9144033114295921e-06
8 54 -1.6859078991861428e-05 2.1203194986355919e-05
8 55 -3.8231901264428729e-05 2.1434287611016466e-06
8 56 -3.9751209675582784e-05 -8.7475266482519074e-06
8 57 -4.9209380528739178e-05 -4.8506123922592571e-06
8 58 -1.0964260196492358e-04 -1.9668565712622873e-05
8 59 -9.6441487561490266e-05 -5.1617593038375247e-05
8 60 -1.1948329066677162e-04 -3.4930106237449589e-05
8 61 -1.7800767098845056e-04 -3.4353316088152832e-05
8 62 -1.2632011052813777e-04 2.1656558789066591e-06
8 63 -1.6311966265858825e-04 2.7232919172279325e-05
8 64 -1.8635572245876645e-04 -3.0847668460317926e-05
8 65 -1.7767573490450492e-04 -3.9329523533583329e-05
8 66 -7.4648320992751511e-05 -5.3194063926380478e-05
8 67 -1.7378404838841691e-04 4.1650660012679292e-05
8 68 -2.4197830707827297e-04 -1.1645566631547416e-05
8 69 -2.3382152034292391e-04 3.3358665291584615e-05
8 70 -3.4592223375231961e-04 -2.4028113912624346e-05
8 71 -3.2823995191441559e-04 -6.6761435440415990e-05
9 0 -5.3601228346071561e-04 -2.1680054926250116e-04
9 1 6.7531284372483407e-05 -8.6781288392236749e-05
9 2 -2.5532389169580910e-04 6.4124795597377582e-05
9 3 -1.3004610332158749e-04 -2.2560147578481459e-05
9 4 -5.1621263101007756e-05 -1.1099522542204207e-05
9 5 -4.6726517852479410e-05 -2.7100149943867965e-05
9 6 -1.2186672532970278e-04 -6.6939403850445982e-05
9 7 -3.8898819133009448e-05 9.7656109517858278e-06
9 8 -4.4260087506264997e-05 -4.3431489586953401e-05
9 9 -1.2074646307583756e-05 -1.7298950405188657e-05
9 10 -3.2735095297205976e-05 5.6952694266102324e-06
9 11 -3.2853127213242340e-05 -5.9087292965016064e-06
9 12 -2.4361654075585092e-05 -1.2442398481974170e-05
9 13 -2.5200000639385672e-05 4.1847446447299540e-06
9 14 -1.5471991210500629e-05 -7.6223488192088453e-06
9 15 -9.8510897348941481e-06 1.0989911122028314e-07
9 16 -1.0325170449283040e-05 2.7813224650862098e-06
9 17 -9.6940500420633317e-06 1.5494967412794964e-06
9 18 -4.5506470413045701e-06 -3.0148070392950031e-06
9 19 -4.1873360098620392e-06 -1.8053120645876785e-06
9 20 -6.2786109055189749e-06 -2.5406686092581439e-06
9 21 -2.2981505481339371e-06 -5.4283159252406491e-06
9 22 -6.9808586413950398e-06 2.9533099465763437e-06
9 23 -5.3308468360656797e-07 -1.1396490204908270e-06
9 24 -2.5853887965162893e-06 4.1940203827568349e-07
9 25 -1.3359050777391539e-06 9.2646651310079693e-07
9 26 -1.3113448509091352e-06 6.4928682114760239e-07
9 27 -6.3800764029956913e-07 -4.8040279453836457e-07
9 28 -1.4232482451095957e-06 -1.1061916981428379e-07
9 29 -1.5014946818165548e-06 2.2030086939176871e-08
9 30 -7.7767137952539297e-07 -1.7624157757795263e-07
9 31 -5.3595294112701503e-07 7.4609324729642596e-07
9 32 -7.8516941595027994e-07 -3.7514532001048897e-08
9 33 -1.0495514642150178e-06 2.6279326012518751e-07
9 34 -8.7173298035345006e-07 3.2797057347243390e-07
9 35 -1.1003634247544334e-06 -3.7726659863825662e-07
9 36 -4.3471367744840141e-07 4.8848633454171676e-08
9 37 -8.1979760148842593e-07 4.0598081701305499e-07
9 38 -1.0905208295512781e-06 -3.4996972136346607e-07
9 39 -7.4150508313964051e-07 -5.8216182907326383e-07
9 40 -2.8320820773526859e-06 -7.0452994054016696e-07
9 41 -2.1690376988902842e-06 -5.3910744302879769e-07
9 42 -1.0932917038489520e-06 -1.3989104972595139e-06
9 43 -1.9066957844968169e-06 8.2395956821426211e-07
9 44 -1.5337477629663453e-07 -6.7039166853664093e-07
9 45 -3.1036233174924379e-06 -1.9903958583983728e-06
9 46 -3.1836753053179556e-06 -3.5088821105673735e-07
9 47 -3.1171391297002694e-06 5.2713469656400325e-08
9 48 -7.7037590021696209e-06 -3.7225261637263190e-07
9 49 -7.4548124795320123e-06 -6.4888948633046442e-07
9 50 -9.0234435951739888e-06 -3.0651315361434181e-06
9 51 -9.4976457934906209e-06 2.2742305707821675e-06
9 52 -1.3107635651846597e-05 1.4778395167296321e-07
9 53 -1.6006318773001172e-05 -4.4746162825068636e-06
9 54 -4.9735985104373604e-06 1.5769601985614160e-05
9 55 -1.3494117967561451e-05 3.8747405329353950e-06
9 56 -1.3999567157058286e-05 -6.3935344034998465e-07
9 57 -2.7481094465527807e-05 -4.5712773194035580e-06
9 58 -7.2118098814547327e-05 -1.1568546886427999e-05
9 59 -4.6130614050719249e-05 -4.1872835427641388e-05
9 60 -7.2811599350188462e-05 -1.6883570473958461e-05
9 61 -9.7610223547832652e-05 -2.1564612899447854e-05
9 62 -5.9355247637711400e-05 -1.3426078465103242e-05
9 63 -8.7165804189355038e-05 4.7043922429595716e-05
9 64 -1.0061397657959283e-04 -1.8739820217460233e-05
9 65 -5.1373813703160981e-05 -5.7460042782551396e-05
9 66 2.5788517594875662e-05 -4.6686660551155366e-05
9 67 -5.9725452703357631e-05 3.4033482261106542e-05
9 68 -8.6290818663345531e-05 -1.4404062379913722e-05
9 69 -1.2725599700231949e-04 3.8400102208368598e-05
9 70 -1.5894497822761304e-04 -2.4169500943948122e-05
9 71 -1.5906255847715028e-04 -4.2273507008701658e-05
10 0 -4.6438114389538344e-04 -2.7995822718754473e-04
10 1 2.1986900215719574e-05 -5.6477316377631289e-05
10 2 -2.2254584789313563e-04 3.8897310041020625e-05
10 3 -6.9503447392180515e-05 -1.5464025754485878e-05
10 4 5.0705513810658135e-06 1.2222410093794536e-05
10 5 1.2094707858375717e-05 -4.6651678322148625e-05
10 6 -8.4849086680890154e-05 -6.6617952063094244e-05
10 7 -5.8112992889521113e-06 1.9869739420615468e-05
10 8 -2.1606850300788170e-05 -4.8703796754995291e-05
10 9 1.7512550355370182e-05 -1.3978273547416525e-05
10 10 -8.9215100833975815e-06 4.7585117401790942e-06
10 11 -1.9472327378809079e-05 -6.2668543300933416e-06
10 12 -1.2746841145403182e-05 -1.1340862586482014e-05
10 13 -1.7355129532448457e-05 3.1349632830275349e-06
10 14 -8.5567292287939582e-06 -3.9172835480939281e-06
10 15 -2.4378284641030319e-06 -3.8598215981000762e-07
10 16 -5.6883755976053320e-06 1.6352261344349541e-06
10 17 -4.5393569879297017e-06 -8.2274891608993633e-07
10 18 -1.4335880258791850e-06 -2.2944556026175517e-06
10 19 -1.8694473195633644e-06 -1.9062070225874751e-06
10 20 -5.2672338851287000e-06 -1.9583454555648293e-06
10 21 -2.5761914920513262e-07 -4.7870041891990679e-06
10 22 -5.8161351817151725e-06 2.5255468276421254e-06
10 23 3.1294865377709316e-07 -2.6408683079798717e-07
10 24 -2.1709068697814600e-06 8.7566263253152070e-07
10 25 -1.0561681613266874e-06 1.0922324807402183e-06
10 26 -5.0984549750748693e-07 7.8908156560138125e-07
10 27 -2.1980607427617306e-07 -1.0281897442735510e-06
10 28 -5.7741655125367290e-07 1.0760205988954237e-07
10 29 -1.1458161955539025e-06 4.1691311524951424e-08
10 30 -3.4071959973300471e-07 6.4273860352210175e-08
10 31 -1.9400760701932453e-07 7.2665549050638199e-07
10 32 -3.7899056605911599e-07 -1.8040676803771580e-07
10 33 -6.2938553722758506e-07 3.4084667180298197e-07
10 34 -2.4451521809903709e-07 3.3394160625658098e-07
10 35 -8.0882858345361983e-07 -3.9688536058586607e-07
10 36 1.3416625856708884e-08 -8.1577627335390333e-08
10 37 -1.0595307150949260e-07 1.8483883960420359e-07
10 38 -4.4201436024670683e-07 -5.9260101182525246e-07
10 39 7.0206007562380669e-08 -6.2295149865589058e-07
10 40 -2.0577098299263430e-06 -6.6664693720148818e-07
10 41 -9.4690219999619378e-07 -8.6250180412762836e-07
10 42 -5.8325874869291176e-07 -1.1350629213097487e-06
10 43 -3.1482448228636698e-07 4.1757710542619886e-07
10 44 1.3093475820772231e-06 -5.1055352800867776e-07
10 45 -1.3913453463716131e-06 -1.7760612391965402e-06
10 46 -1.2499091876808754e-06 1.1707069124657308e-07
10 47 -2.5541276428964285e-06 -7.5009324179004364e-08
10 48 -5.2109287515880392e-06 2.0979643387155436e-07
10 49 -5.2798040197131892e-06 -1.8490967706291324e-07
10 50 -4.7681354798819135e-06 -1.5850532020260125e-06
10 51 -1.6554536336309391e-06 1.9968750396857385e-06
10 52 -9.9636543727601283e-06 -1.1584583270223381e-06
10 53 -1.0224660252399663e-05 -5.5534440655770845e-06
10 54 2.5987197049823368e-06 1.0448824379831493e-05
10 55 -2.8069446171590615e-06 3.3565388854802676e-06
10 56 -5.3074130975004641e-06 8.1286790634673044e-06
10 57 -1.3290078186474739e-05 -4.2105348662709313e-07
10 58 -4.8722586898440354e-05 -8.4158047076457864e-07
10 59 -1.9657911939929860e-05 -2.7732610554494574e-05
10 60 -4.5233650289290683e-05 -1.3161450396833105e-05
10 61 -5.1988462548207341e-05 -1.0993480656482856e-05
10 62 -2.8323925822166699e-05 -1.5149510770124179e-06
10 63 -5.1810056448483176e-05 5.2884686566681014e-05
10 64 -7.3098679468187698e-05 1.1622012021202603e-05
10 65 1.3222882420025323e-05 -6.8792000039308009e-05
10 66 5.9236939279902934e-05 -3.0552483530687327e-05
10 67 -1.9340780557542902e-05 3.0025772805677817e-05
10 68 2.5498094979735451e-06 -1.4247943085925332e-05
10 69 -8.6582202619097612e-05 3.4718911318132965e-05
10 70 -7.2917064901608563e-05 -3.0949938853525560e-05
10 71 -7.0825261017645025e-05 -2.4308390346046378e-05
