0 0 -1.1786819021256851e+00 2.5387298836875802e-20
0 1 -1.4174406033588138e-01 -8.8707140644187113e-20
0 2 -5.0607888574804930e-02 3.1460877164363043e-21
0 3 -2.8822144455724435e-02 2.3496097092638062e-21
0 4 -1.9708093945978694e-02 -2.2633060847730777e-21
0 5 -1.4308882822512071e-02 -1.1862163589660199e-21
0 6 -1.1199169378735789e-02 -8.5084854311282275e-23
0 7 -9.1747097109415240e-03 4.2654307224839658e-22
0 8 -7.5161012040172162e-03 2.6454653569214031e-22
0 9 -6.5188882347421455e-03 -3.4031675225005910e-23
0 10 -5.6079448444866387e-03 1.6122997736248236e-22
0 11 -4.9801717683678245e-03 -2.2197422576294537e-22
0 12 -4.6470177328415451e-03 -1.1013735913730498e-24
0 13 -4.0814526695702614e-03 9.6758294694967840e-24
0 14 -3.3522284293426362e-03 1.2018660785445431e-23
0 15 -2.6859792466286782e-03 1.1760778405671806e-22
0 16 -2.1869185143262070e-03 7.5656090410021089e-24
0 17 -1.7804620855167172e-03 -3.5139413986295164e-23
0 18 -1.5202060978388443e-03 -5.7449082346153201e-23
0 19 -1.3773727239025336e-03 -8.7475059732238105e-23
0 20 -1.2038939128244434e-03 1.1703135300895907e-23
0 21 -1.0087850750950555e-03 -1.4188220959245510e-23
0 22 -8.1835661070719218e-04 -5.9113642081372484e-23
0 23 -6.6591850468037544e-04 -3.6714683017228875e-23
0 24 -5.4193900901994578e-04 -2.7337838683727451e-23
0 25 -4.4684886950420184e-04 9.5997151909624257e-24
0 26 -3.7734041680223497e-04 -2.8241370347471393e-23
0 27 -3.2215811713971911e-04 -1.4475927944151065e-23
0 28 -2.7652294337498194e-04 -1.3182127095307523e-24
0 29 -2.3725856151449379e-04 1.1696978808010327e-23
0 30 -1.9545296399373365e-04 3.5218516475869693e-24
0 31 -1.6131844651268563e-04 4.8364326106415471e-24
0 32 -1.3187737016065156e-04 2.1147966260585880e-24
0 33 -1.0499098361133687e-04 -4.2032081820370488e-24
0 34 -8.7033123274457962e-05 2.1721475224320669e-24
0 35 -7.7702317565988150e-05 -2.0262231869207605e-24
0 36 -6.8696144628623687e-05 -9.6955319120311189e-25
0 37 -6.0715419500871070e-05 -1.6196995480970251e-24
0 38 -5.7298143209248380e-05 -4.6879002476314429e-25
0 39 -5.6943698305159255e-05 -1.6933749188146286e-25
0 40 -5.7075749655579981e-05 -1.4025109425719260e-24
0 41 -6.0605661582875336e-05 -6.6134031813730922e-25
0 42 -6.8750651553464289e-05 1.4941135863428149e-24
0 43 -8.0040697086056317e-05 -3.3537324646590988e-24
0 44 -9.3386646985403637e-05 2.3485373005330003e-24
0 45 -1.1289572931774183e-04 1.4215768767446902e-24
0 46 -1.3744694733379656e-04 -1.7129450095558645e-25
0 47 -1.7677164264202653e-04 -2.7726770556857123e-24
0 48 -2.1616931003429622e-04 -5.1724487751937915e-24
0 49 -2.6257281616006074e-04 4.1366642094587648e-24
0 50 -3.1908614407746990e-04 1.5386724336872392e-24
0 51 -4.0085614687492623e-04 -1.8665858448674305e-23
0 52 -5.0725949595305925e-04 2.9109564992524369e-24
0 53 -6.3548116301770157e-04 -7.8295283191263802e-24
0 54 -8.0544347435019268e-04 -2.4244783323757301e-23
0 55 -1.0079112035406919e-03 1.3237722039422441e-23
0 56 -1.2537898786861897e-03 -6.6052874916778047e-23
0 57 -1.4897795819571022e-03 5.9327477878336829e-24
0 58 -1.7579752557391928e-03 3.0902277295615619e-23
0 59 -2.1383052251910182e-03 1.3368464624335417e-23
0 60 -2.6435213714230475e-03 9.9898724992412054e-23
0 61 -3.3627693736680382e-03 1.8850985325909147e-22
0 62 -4.3619024552279612e-03 1.9303714030280326e-22
0 63 -5.6328034027682316e-03 -3.8738510499091065e-22
0 64 -7.4015902625330799e-03 2.4694427063232013e-22
0 65 -9.6626133275071989e-03 1.1657824521250395e-22
0 66 -1.2235770418999465e-02 -6.3229494778798153e-23
0 67 -1.5726136773016836e-02 -7.2768368263509966e-23
0 68 -2.1460099519579945e-02 1.5963552457325390e-21
0 69 -3.1928205069166889e-02 -3.3512319714718887e-21
0 70 -6.0622837694955724e-02 1.0137344024013594e-20
0 71 -1.5759181623602395e-01 5.2775182041960892e-20
1 0 -3.5931412979971822e-01 1.3740061637632563e-03
1 1 -8.3609646791636433e-02 2.2379134015913208e-04
1 2 -3.6147917632960387e-02 5.7737500455151258e-05
1 3 -2.1586137336085578e-02 1.5297245856130476e-04
1 4 -1.4998999657212679e-02 3.8642796658972149e-05
1 5 -1.0876603777378702e-02 -8.6170452708525110e-05
1 6 -8.5207270937297450e-03 -1.8920965347026988e-05
1 7 -6.9943398005865671e-03 -3.5882635871099901e-05
1 8 -5.7351382261688977e-03 -2.8917330809321659e-05
1 9 -4.9663627262285168e-03 -1.4585137411381751e-05
1 10 -4.2835439542567855e-03 6.8756988894011901e-06
1 11 -3.8135607276326409e-03 2.7637951998530267e-06
1 12 -3.5531890042683166e-03 5.6623208788270384e-06
1 13 -3.1202847034283083e-03 -8.5372151219863456e-06
1 14 -2.5677279843862133e-03 -1.2418867423373210e-05
1 15 -2.0573447176333143e-03 -3.0914386290270034e-06
1 16 -1.6697717216593894e-03 1.9630593916483396e-07
1 17 -1.3623971264795434e-03 4.1933347826078562e-07
1 18 -1.1625703962940062e-03 4.5488813658771846e-06
1 19 -1.0480129828284667e-03 6.4408552771937180e-06
1 20 -9.1725072060843587e-04 -2.5116805011823271e-06
1 21 -7.6898335485917773e-04 -1.7520777278317401e-06
1 22 -6.2622538456454785e-04 5.3279042662892949e-07
1 23 -5.1010935494777919e-04 1.6964050613895712e-06
1 24 -4.1366618683005358e-04 2.3516347161030333e-06
1 25 -3.4070481557422366e-04 1.6595762084969166e-06
1 26 -2.8802736898145677e-04 5.1123910486839654e-07
1 27 -2.4592379204802677e-04 2.9420161965167403e-07
1 28 -2.1058567910605270e-04 6.7280734916968814e-07
1 29 -1.8058843968317141e-04 2.0522039724422746e-07
1 30 -1.4856804314783995e-04 -2.5346241904994136e-07
1 31 -1.2320268550765150e-04 1.2318115228327817e-07
1 32 -1.0055575878643672e-04 6.3673094917598487e-07
1 33 -8.0196991378809722e-05 1.1864746350247210e-07
1 34 -6.6409417797700605e-05 1.0206877899775853e-07
1 35 -5.9265409403317043e-05 6.8086828598942719e-08
1 36 -5.2488637091362958e-05 4.8146478880323162e-08
1 37 -4.6401770554870208e-05 2.9069643142024417e-07
1 38 -4.3853504860277318e-05 2.1968635844317963e-07
1 39 -4.3554354810472286e-05 1.1806865337192950e-07
1 40 -4.3695278349806787e-05 -2.9827607521861556e-08
1 41 -4.6186892848971550e-05 -6.0956296858309730e-08
1 42 -5.2308421183893299e-05 -8.5162391244372745e-08
1 43 -6.0841286999495176e-05 -1.5824992336591666e-09
1 44 -7.1229957531467370e-05 -1.9760946698590480e-07
1 45 -8.6131875813458383e-05 -2.0812058299562374e-07
1 46 -1.0461568367333589e-04 2.4370570233040942e-07
1 47 -1.3465171528435099e-04 9.3383852076948923e-07
1 48 -1.6412094934351441e-04 9.2965837406297421e-07
1 49 -2.0010754427906218e-04 3.4230462628961935e-07
1 50 -2.4302385169945874e-04 2.1189013993698414e-07
1 51 -3.0544178868674931e-04 -9.9329307344457482e-07
1 52 -3.8620040654329730e-04 -2.7503957008636272e-06
1 53 -4.8377116325923472e-04 -2.6544141945437680e-06
1 54 -6.1370790772764523e-04 -2.6447746026269040e-06
1 55 -7.6640454683783515e-04 -1.3808128433720222e-06
1 56 -9.5331460093727523e-04 -1.4133306039975935e-06
1 57 -1.1384689998086748e-03 -1.1684548346494017e-06
1 58 -1.3406030184253924e-03 -2.1823285999658957e-06
1 59 -1.6348577233254245e-03 2.8443032240014059e-06
1 60 -2.0168668068396519e-03 3.3719709873423239e-07
1 61 -2.5645864713388271e-03 -1.1746646500105243e-05
1 62 -3.3292119273518909e-03 -1.5009628603923163e-05
1 63 -4.3011081336979916e-03 3.7719478273761769e-06
1 64 -5.6348167867733513e-03 -3.3894874353310482e-06
1 65 -7.3351449664311400e-03 1.6951020870936836e-05
1 66 -9.2899137447145855e-03 6.6507205013591178e-05
1 67 -1.1896394436398044e-02 -3.0092046758288843e-05
1 68 -1.6187218402034818e-02 -3.6349163146054060e-05
1 69 -2.3714435955826414e-02 -7.1432528984202460e-05
1 70 -4.2347741783094882e-02 -8.3072922161733049e-04
1 71 -9.5383544670283996e-02 3.5173434483729140e-04
2 0 -1.1723677257198561e-01 2.4801415687037108e-03
2 1 -3.9012340212170510e-02 4.7301302665272218e-04
2 2 -2.0495265219436017e-02 2.2294244221323564e-05
2 3 -1.2938130376300587e-02 1.3252850756989131e-04
2 4 -9.1882964601309198e-03 5.3904087386952910e-05
2 5 -6.6496813868994094e-03 -9.8745667009048313e-05
2 6 -5.2456888896200860e-03 -1.2792011692063689e-05
2 7 -4.3068036678526782e-03 -5.4540482251674388e-05
2 8 -3.5349943883959878e-03 -5.3953056779710304e-05
2 9 -3.0760685941745285e-03 -2.1084814391092036e-05
2 10 -2.6511042920914362e-03 -3.4063092179244946e-07
2 11 -2.3671036226687744e-03 -2.0514040768693183e-06
2 12 -2.2060901564616960e-03 6.4764273353584246e-06
2 13 -1.9379710873819174e-03 -1.4697556388754363e-05
2 14 -1.6022507017198267e-03 -1.5988559512090335e-05
2 15 -1.2823303971429567e-03 -1.5677983452631631e-06
2 16 -1.0291719698649786e-03 2.4778223989574559e-06
2 17 -8.4640098489091110e-04 2.0179890289117992e-06
2 18 -7.1942591332784162e-04 6.5706276220472736e-06
2 19 -6.4129929284639764e-04 8.4509784304447753e-06
2 20 -5.6522973470416100e-04 -3.3432589011196113e-06
2 21 -4.7213038380870370e-04 -2.8242535712305620e-06
2 22 -3.8850758945354214e-04 1.9467957460177976e-06
2 23 -3.1680900414408393e-04 1.4240535603200670e-06
2 24 -2.5581797353203697e-04 2.6984367460365117e-06
2 25 -2.1046931626062741e-04 1.3129234572288414e-06
2 26 -1.7832046816891408e-04 6.4388990868902055e-07
2 27 -1.5193774130797864e-04 4.2197572917476067e-07
2 28 -1.2980468569415659e-04 7.8867817395866922e-07
2 29 -1.1089504959207024e-04 2.9113485692319272e-07
2 30 -9.0900544803974273e-05 -2.9163725788499727e-07
2 31 -7.6294225824366665e-05 2.1680990009180336e-07
2 32 -6.1982234747750837e-05 8.1855298660755292e-07
2 33 -4.9584203003845035e-05 1.4831179354501925e-07
2 34 -4.1005355917652872e-05 2.1094633594659904e-07
2 35 -3.6588396602578059e-05 -8.5467883994599051e-08
2 36 -3.2509819827540751e-05 1.0238494851244927e-07
2 37 -2.8908064078751455e-05 4.5157076124357356e-07
2 38 -2.7329534311476901e-05 3.1567327179191141e-07
2 39 -2.7137979528916855e-05 1.9802654857398733e-07
2 40 -2.7319416891958448e-05 -5.1731678304859314e-08
2 41 -2.8449758971606511e-05 -1.6289222662237570e-07
2 42 -3.2149409665535693e-05 -1.8447193122681343e-07
2 43 -3.7148799320257218e-05 1.0983068830627137e-07
2 44 -4.3923495015713132e-05 -2.3319048103106433e-07
2 45 -5.3415030949686454e-05 -3.0628632823016516e-07
2 46 -6.4635829415451176e-05 4.5573747651795741e-08
2 47 -8.3057730220987425e-05 1.2730405110915776e-06
2 48 -1.0045222785041010e-04 8.9440148079150712e-07
2 49 -1.2353291162501052e-04 5.9948157928964549e-07
2 50 -1.4961565508738139e-04 3.9874412241412003e-07
2 51 -1.8803056233608089e-04 -1.3953607079426269e-06
2 52 -2.3719918770305230e-04 -3.2477448186531064e-06
2 53 -2.9889590737757328e-04 -3.5516319423096448e-06
2 54 -3.7834260869910218e-04 -3.3874196016104556e-06
2 55 -4.6851759091063688e-04 -9.5056404149028655e-07
2 56 -5.8414916432960706e-04 -3.0771189598838137e-06
2 57 -7.0576503246983847e-04 4.3278008809251552e-07
2 58 -8.2829648268629194e-04 -3.3842763267777527e-06
2 59 -1.0161353638821170e-03 4.4053034758468754e-06
2 60 -1.2474636006863577e-03 9.0324741155007804e-07
2 61 -1.5823319522485014e-03 -1.5396366144276807e-05
2 62 -2.0608930837703052e-03 -2.1787852025276192e-05
2 63 -2.6588011097710366e-03 -1.6525693538598506e-06
2 64 -3.4767651315021171e-03 -6.9977226698602762e-06
2 65 -4.5086774348538613e-03 3.4791971834048463e-05
2 66 -5.6552261735935494e-03 9.9079255178249087e-05
2 67 -7.2272361123883640e-03 -3.4341216512204001e-05
2 68 -9.8202629055256178e-03 -9.5601458541123456e-05
2 69 -1.3964500547114013e-02 -6.1761875623063837e-05
2 70 -2.2695405833724962e-02 -1.1137284776130186e-03
2 71 -4.7081070419768223e-02 1.8267489111564259e-04
3 0 -3.9221181906084805e-02 1.6588092930586629e-03
3 1 -1.7784643785148442e-02 6.4513194368783530e-04
3 2 -1.0702548940657548e-02 -2.4980435020919138e-06
3 3 -7.1238473952863722e-03 4.1186575452659741e-05
3 4 -5.1886571842278094e-03 7.0812616552664296e-05
3 5 -3.7532449174218305e-03 -8.3142084541367435e-05
3 6 -2.9745835806367694e-03 -1.3542890269138207e-05
3 7 -2.4459006682284747e-03 -5.6759947937550134e-05
3 8 -2.0013532430520997e-03 -5.4851224374429579e-05
3 9 -1.7545239854140004e-03 -2.6169465528986941e-05
3 10 -1.5080451812952630e-03 -1.1129130223424163e-05
3 11 -1.3498191452935514e-03 -1.1892986543335316e-05
3 12 -1.2672853614177357e-03 9.4174619737452705e-06
3 13 -1.1194901448823315e-03 -1.6186007803239172e-05
3 14 -9.3263307310937531e-04 -1.2386087357850394e-05
3 15 -7.3733976589752525e-04 4.5096802988584616e-06
3 16 -5.8201546842355804e-04 8.2574215537656793e-06
3 17 -4.8596112938820775e-04 3.3771374852079002e-06
3 18 -4.1043867993042989e-04 6.4688518501729036e-06
3 19 -3.5967094733670759e-04 9.2195871484231389e-06
3 20 -3.2256552606861139e-04 -1.2082852390195138e-06
3 21 -2.6814839035001024e-04 -3.6891569671230566e-06
3 22 -2.2310472907000227e-04 2.9062035329182565e-06
3 23 -1.8111392062086814e-04 -5.2735659766986961e-08
3 24 -1.4460825167204671e-04 1.7975351285417334e-06
3 25 -1.2034330611286011e-04 3.1356301788504884e-07
3 26 -1.0199644676596430e-04 2.6509067272379966e-07
3 27 -8.6888276332757470e-05 6.3154054230396467e-07
3 28 -7.3836260999456303e-05 7.1698500550159830e-07
3 29 -6.2645533119611927e-05 4.5807241111961141e-08
3 30 -5.1067034298287996e-05 -2.3229611337867634e-07
3 31 -4.3842221051462933e-05 1.4490379301536656e-07
3 32 -3.5254002488846638e-05 5.5411910450791607e-07
3 33 -2.8280709123523018e-05 1.3177417439094723e-07
3 34 -2.3355560091043768e-05 2.6814181836865346e-07
3 35 -2.0854705050846306e-05 -3.0456571289340116e-07
3 36 -1.8528760258377926e-05 8.4989824256122731e-08
3 37 -1.6705375728303481e-05 4.4850329313146243e-07
3 38 -1.5800716581702536e-05 3.7167300468849414e-07
3 39 -1.5779538392889308e-05 2.3974212126353802e-07
3 40 -1.5905875244401522e-05 -2.7184641333806281e-08
3 41 -1.6188068014956987e-05 -2.5987249832801385e-07
3 42 -1.8199031433863880e-05 -2.0956294331708291e-07
3 43 -2.0830989498541937e-05 2.4862234394163831e-07
3 44 -2.4734309434813490e-05 -9.8088948218653425e-08
3 45 -3.0621661046331928e-05 -2.4185859697819839e-07
3 46 -3.6935813795009175e-05 -3.3473884116260647e-08
3 47 -4.7552813003272914e-05 1.0098968524825988e-06
3 48 -5.7052167575209102e-05 7.4795664068368065e-07
3 49 -7.0412062930900945e-05 8.2433950228237710e-07
3 50 -8.5116582598684522e-05 4.3776432711583022e-07
3 51 -1.0603739023938317e-04 -2.0250032761908527e-06
3 52 -1.3433296639847887e-04 -2.6373043355121236e-06
3 53 -1.7137363309285687e-04 -4.0554906216508450e-06
3 54 -2.1558396317731868e-04 -3.3254117410801391e-06
3 55 -2.6301507254335393e-04 7.0619241968385198e-07
3 56 -3.2941063847985577e-04 -3.5261164181658173e-06
3 57 -4.0593213066607937e-04 2.3507754896648602e-06
3 58 -4.7457077725014912e-04 -1.5149289510078878e-06
3 59 -5.8729226607228487e-04 4.5383418697470259e-06
3 60 -7.1462384358708664e-04 1.1887701289113300e-06
3 61 -9.0063118778435549e-04 -1.5805415238002479e-05
3 62 -1.1762114818780836e-03 -2.2518616259498300e-05
3 63 -1.5076812171233589e-03 -1.3826751877705402e-05
3 64 -1.9777185088566259e-03 -1.6719218191959343e-05
3 65 -2.5678079338448145e-03 4.2870451829414636e-05
3 66 -3.1690469824521140e-03 1.0206371505333813e-04
3 67 -4.0773018799396101e-03 -3.1394303761113334e-05
3 68 -5.5206407349970357e-03 -9.6083360447573042e-05
3 69 -7.5930509989049046e-03 -3.9897620538713460e-05
3 70 -1.1331970585891915e-02 -8.8933921671036868e-04
3 71 -2.1443859733934190e-02 2.0886291755346198e-04
4 0 -1.3563857207574760e-02 1.6317938383104115e-04
4 1 -8.0529753783945019e-03 2.6575732195065216e-04
4 2 -5.3228355509088348e-03 -4.3959406677285506e-05
4 3 -3.7568924406458175e-03 -3.5918906628745783e-05
4 4 -2.8073433742760428e-03 7.3319210047056307e-05
4 5 -2.0482759365499084e-03 -5.9595158416746661e-05
4 6 -1.6153139364353706e-03 -3.1466982102805845e-05
4 7 -1.3349639986377547e-03 -5.9782174394656706e-05
4 8 -1.0854074026655320e-03 -4.4009166386868162e-05
4 9 -9.4777427770092689e-04 -1.7482611810495101e-05
4 10 -8.1934257133916438e-04 -1.7215491485800436e-05
4 11 -7.3736908174032055e-04 -1.0881370708379238e-05
4 12 -6.9198487688636428e-04 1.7183566029050153e-05
4 13 -6.2393266979460726e-04 -1.5251242583545882e-05
4 14 -5.2295669699457304e-04 -1.1073764938490603e-05
4 15 -4.0622429645331915e-04 9.2739771882182511e-06
4 16 -3.1483538348487099e-04 1.0553071339421203e-05
4 17 -2.6624455154769977e-04 4.8237756525223903e-06
4 18 -2.2423026072908046e-04 7.4352742503400382e-06
4 19 -1.9309694173149638e-04 7.8562794913702219e-06
4 20 -1.7836313477429598e-04 1.2980795296620755e-06
4 21 -1.4694561193505818e-04 -4.9871253486714914e-06
4 22 -1.2225170493158653e-04 3.8101645061862475e-06
4 23 -9.8738619093744615e-05 -1.2416525890508995e-06
4 24 -7.6593678062739695e-05 1.2108191645040998e-06
4 25 -6.6137548009425647e-05 -3.2122609908802272e-07
4 26 -5.5963520600644699e-05 -1.4726683440176694e-07
4 27 -4.7605285058093946e-05 7.0841237207931230e-07
4 28 -4.0440573903346300e-05 6.4532705214312048e-07
4 29 -3.3580153948369251e-05 -3.0769037517992712e-07
4 30 -2.7296681285923571e-05 -1.1446627867917257e-07
4 31 -2.4366610631324392e-05 5.6376217330137981e-08
4 32 -1.9259603562864411e-05 1.5069685867870225e-07
4 33 -1.5416661373059244e-05 2.1727548921383901e-08
4 34 -1.2769257402975486e-05 3.3532213341961580e-07
4 35 -1.1390946218461104e-05 -3.6440965350986992e-07
4 36 -1.0120449378113302e-05 2.2456571906925293e-08
4 37 -9.2617269641559699e-06 3.6420093788321492e-07
4 38 -8.7426204540068371e-06 3.9152947096251154e-07
4 39 -8.8361111845937276e-06 2.5364396480523666e-07
4 40 -8.9772375607630082e-06 -2.7176946266526340e-08
4 41 -8.9235832644753522e-06 -3.0332696872372620e-07
4 42 -9.8591207108352415e-06 -1.9527876873841901e-07
4 43 -1.1211063058234139e-05 2.0101948103989756e-07
4 44 -1.3307666393066905e-05 1.2214022083257678e-07
4 45 -1.6806699818602073e-05 -1.0674354744509365e-07
4 46 -2.0213143612428862e-05 -8.6275923023582261e-09
4 47 -2.6152540374146115e-05 6.9868764064675490e-07
4 48 -3.1249204344051762e-05 8.4898502270883489e-07
4 49 -3.8657453786697806e-05 1.1226006187207801e-06
4 50 -4.6259267103224323e-05 1.0333427491521504e-07
4 51 -5.6825111937374435e-05 -2.1164760656619502e-06
4 52 -7.2613616838941041e-05 -1.9845178812953030e-06
4 53 -9.4822700462468757e-05 -4.0437828688604646e-06
4 54 -1.1831900769238907e-04 -3.6439107536960479e-06
4 55 -1.4097677578540579e-04 1.5685193962141087e-06
4 56 -1.7899946573668286e-04 -3.9970044166083737e-06
4 57 -2.2424588153737189e-04 3.2287791672595697e-06
4 58 -2.6104447125087257e-04 1.0259866019625966e-06
4 59 -3.2889860627656481e-04 2.2031500244011988e-06
4 60 -3.9371985688410756e-04 2.1019658851845864e-06
4 61 -4.9027207058850730e-04 -1.2384243375179141e-05
4 62 -6.3394727946094174e-04 -1.4404176369764516e-05
4 63 -8.1215114974160616e-04 -1.8686395798809475e-05
4 64 -1.0773814399895939e-03 -1.3943848872286653e-05
4 65 -1.4039789705320284e-03 4.4597904965359431e-05
4 66 -1.7075250318808858e-03 8.7740373014627958e-05
4 67 -2.2313128894205269e-03 -7.8055305527330205e-06
4 68 -3.0167667823141351e-03 -4.5197932542298293e-05
4 69 -3.9753982363229523e-03 1.1693224985244317e-05
4 70 -5.6151187245014706e-03 -5.1463863587219722e-04
4 71 -9.3078106592010476e-03 2.1166498209512882e-04
5 0 -4.9573726563506768e-03 -1.4703848244477472e-04
5 1 -3.6370820271624704e-03 -7.6489916007744420e-05
5 2 -2.5716897369360199e-03 -7.6856176006380312e-05
5 3 -1.9554665555665653e-03 -6.8077844825147250e-05
5 4 -1.4513146447805889e-03 3.4688364756313184e-05
5 5 -1.0976251475664995e-03 -3.5074719583262256e-05
5 6 -8.5149161036828338e-04 -4.9758739463850612e-05
5 7 -7.0747915562809570e-04 -5.6359915986748711e-05
5 8 -5.8022206942390990e-04 -3.5174350639137618e-05
5 9 -4.9453845173715451e-04 -1.4251848762405190e-05
5 10 -4.2911689453305646e-04 -1.4099726310428281e-05
5 11 -3.9488746836019868e-04 -4.5578191704805282e-06
5 12 -3.6361998534853419e-04 2.0011430515995231e-05
5 13 -3.3881284443688735e-04 -1.3414666784048095e-05
5 14 -2.8459808954027456e-04 -7.8729201345677721e-06
5 15 -2.1567771568856402e-04 1.2086546015830239e-05
5 16 -1.6643820615843438e-04 8.7056199328114237e-06
5 17 -1.3945065066138935e-04 6.2687622830305555e-06
5 18 -1.1697941975809808e-04 6.8364841619812311e-06
5 19 -1.0156621276992495e-04 4.6929738302597536e-06
5 20 -9.7507544867657490e-05 1.5241770615755310e-06
5 21 -7.9507817189462362e-05 -5.4006787106707830e-06
5 22 -6.4865365407401856e-05 4.4111961514106301e-06
5 23 -5.2497044030706052e-05 -3.0424343463083744e-06
5 24 -3.8557956662230774e-05 6.8004629218056080e-07
5 25 -3.5623006275924883e-05 -5.8349624569053031e-07
5 26 -2.9451228791110789e-05 -2.3260269481797202e-07
5 27 -2.5090661150478490e-05 6.6477357912350551e-07
5 28 -2.1882497294201899e-05 6.4829374294031230e-07
5 29 -1.7106695279686687e-05 -5.2692619257287456e-07
5 30 -1.4167568967744726e-05 1.1772449388331855e-07
5 31 -1.3239199420089471e-05 1.8201181887365232e-08
5 32 -1.0221134190972381e-05 -6.9839502013034158e-08
5 33 -8.1383548341292972e-06 -9.0040382173433040e-08
5 34 -6.8671684913766436e-06 3.9150675414364326e-07
5 35 -6.1182213960926648e-06 -2.7669131981540393e-07
5 36 -5.3949119022421862e-06 -4.0260255119796389e-08
5 37 -5.0035305551458316e-06 2.4456107143888560e-07
5 38 -4.6525576939852864e-06 3.1078412208111686e-07
5 39 -4.8158947961608220e-06 2.3481248370392912e-07
5 40 -4.9513081926519642e-06 -4.6247730179968083e-08
5 41 -4.8407822997266786e-06 -3.0561726718147463e-07
5 42 -5.2577231534090205e-06 -1.3670573442420744e-07
5 43 -5.9112467952318573e-06 3.9854939056901039e-08
5 44 -7.0120619490643975e-06 1.9920722131726458e-07
5 45 -9.0530839831271250e-06 4.9947084922353813e-09
5 46 -1.0754818561316025e-05 1.5565478598661528e-07
5 47 -1.3941039568138317e-05 4.8275053603760730e-07
5 48 -1.6695038452885074e-05 9.3544970535737809e-07
5 49 -2.0879305108260052e-05 1.0536364650123948e-06
5 50 -2.4015466633739264e-05 -2.0069671834631787e-08
5 51 -2.9489754619521122e-05 -1.7069337558718524e-06
5 52 -3.7477874874537738e-05 -1.2819736091662779e-06
5 53 -5.1672578564791124e-05 -3.4494555044478887e-06
5 54 -6.4297919665184472e-05 -3.2655928385423791e-06
5 55 -7.3132340544653678e-05 1.8212214613114994e-06
5 56 -9.4708617593189699e-05 -3.6699825782517807e-06
5 57 -1.2010254681235445e-04 3.5197456691757131e-06
5 58 -1.3925198221040693e-04 3.3294223606884062e-06
5 59 -1.8083107378813842e-04 -6.0755994281990584e-07
5 60 -2.1216144906143603e-04 3.1155405343467477e-06
5 61 -2.5887590446553983e-04 -9.0822875593070314e-06
5 62 -3.2259390002301324e-04 -7.7532725168391748e-06
5 63 -4.1745894748350029e-04 -1.7251059104569920e-05
5 64 -5.7273522594218748e-04 -8.6833330277441430e-06
5 65 -7.3900713365013140e-04 3.7520771272557519e-05
5 66 -9.0863330185118733e-04 6.0078844454337880e-05
5 67 -1.1919117315169958e-03 2.2507292842645102e-05
5 68 -1.6261067960084477e-03 6.7331131197331246e-07
5 69 -2.0532412646019427e-03 6.9322144852722332e-06
5 70 -2.8348826125614355e-03 -1.8775016283582960e-04
5 71 -3.8779955479308187e-03 3.3259541644414583e-05
6 0 -1.5853818017588200e-03 -2.4873093558745203e-04
6 1 -1.7405803015815464e-03 -1.3798400772689989e-04
6 2 -1.2223829372993546e-03 -5.8118911429820195e-05
6 3 -9.8545275072623676e-04 -7.4943987776142338e-05
6 4 -7.1626199269218956e-04 1.2818688520908004e-05
6 5 -5.9322788349023148e-04 -1.0203049783900432e-05
6 6 -4.3567198430825377e-04 -5.4688672703280432e-05
6 7 -3.6373107338666686e-04 -4.5407786335562040e-05
6 8 -3.1133476129857477e-04 -2.4047827856345882e-05
6 9 -2.5376664249026574e-04 -1.4781873874791600e-05
6 10 -2.1390317430389612e-04 -6.2382313925769779e-06
6 11 -2.0899543821612218e-04 3.0065707373306535e-06
6 12 -1.8920382634393340e-04 1.7063892050433022e-05
6 13 -1.8198269921643572e-04 -1.0304172737403018e-05
6 14 -1.5112495169633593e-04 -7.7282998527085160e-06
6 15 -1.1298370636006374e-04 1.2314158157523322e-05
6 16 -8.7049030644310887e-05 5.8653294339504615e-06
6 17 -7.0008992149909522e-05 8.1094659820470108e-06
6 18 -5.8669348551933555e-05 5.6047291112051371e-06
6 19 -5.2220906079875881e-05 2.5619860621701654e-06
6 20 -5.2950321856750324e-05 1.4607801810386976e-06
6 21 -4.2952542568362253e-05 -3.9278839715972629e-06
6 22 -3.4125867913852125e-05 3.5975995217183377e-06
6 23 -2.7910108020567401e-05 -4.0637993865800270e-06
6 24 -1.8661071890509370e-05 6.4848780686082660e-07
6 25 -1.9053179098242291e-05 -9.5950184186678056e-07
6 26 -1.4964359451366791e-05 1.9732984744880113e-07
6 27 -1.2743217483012801e-05 5.5165297424513571e-07
6 28 -1.2010123550683292e-05 6.6326996326875366e-07
6 29 -8.4236849792361165e-06 -4.9784206357216264e-07
6 30 -7.2425909986429222e-06 3.0780408031782092e-07
6 31 -7.1236906042432097e-06 -9.5765759991036289e-08
6 32 -5.4075086267118906e-06 2.7958175436273231e-08
6 33 -4.2544747266881894e-06 -1.7440302338904957e-07
6 34 -3.6121769019365883e-06 3.3728131022781068e-07
6 35 -3.2401114443397361e-06 -1.4927419245328899e-07
6 36 -2.8466013414134263e-06 -6.8500938244898453e-08
6 37 -2.7080963478668217e-06 1.1584885893638007e-07
6 38 -2.3929686280987335e-06 1.7134449475658075e-07
6 39 -2.6142250978662959e-06 1.7017478296837153e-07
6 40 -2.6263109633240479e-06 -5.7340687202996124e-08
6 41 -2.5730457764719894e-06 -2.8838223215139056e-07
6 42 -2.7727631986908558e-06 -1.3708449518022789e-08
6 43 -3.0837215317824688e-06 -1.9119392425045954e-08
6 44 -3.6678528936912786e-06 1.2071993731432328e-07
6 45 -4.8699237324753031e-06 1.9200254329932406e-07
6 46 -5.6633222472995604e-06 2.2589227604691977e-07
6 47 -7.4208222359719360e-06 2.0374449236170534e-07
6 48 -8.7111282114558345e-06 1.2178081425974006e-06
6 49 -1.1072744563457684e-05 9.4768176214017936e-07
6 50 -1.2008924980891109e-05 -2.1675106037522909e-08
6 51 -1.5072326400673756e-05 -1.0027756689994652e-06
6 52 -1.8534098130016556e-05 -1.0321629139259439e-06
6 53 -2.7391998856300886e-05 -2.5356271964108812e-06
6 54 -3.5786430819537630e-05 -2.4592309404054883e-06
6 55 -3.7279477158842975e-05 2.3942411961106723e-06
6 56 -5.1072513003874151e-05 -2.3979829184181410e-06
6 57 -6.4260297222312786e-05 3.0835668637079554e-06
6 58 -7.3507642179152885e-05 4.2584360151211135e-06
6 59 -9.8699723091285658e-05 -2.9488297834843383e-06
6 60 -1.1619877932521759e-04 3.3797582517459536e-06
6 61 -1.3194063239058316e-04 -8.7075701472277677e-06
6 62 -1.5572025496798968e-04 -1.3244564296651597e-06
6 63 -2.0231572663739465e-04 -1.6267233484241610e-05
6 64 -3.0002704093601539e-04 -1.0758831363390845e-05
6 65 -3.7960400723305098e-04 2.2306650407716061e-05
6 66 -4.7794845915357504e-04 2.1570333554941760e-05
6 67 -6.1022668319746958e-04 5.0105484998272699e-05
6 68 -8.6502019046337541e-04 2.6990854191232508e-05
6 69 -1.0405932793457178e-03 4.3408404105906996e-05
6 70 -1.4271111503676495e-03 -3.0104670922867805e-05
6 71 -1.5780817544068981e-03 -1.8795546367191107e-04
7 0 -6.1248210526978369e-04 -2.7256813473307745e-04
7 1 -8.4288575393442588e-04 -1.1112190093936370e-04
7 2 -6.0816122216467486e-04 -3.4544823657342004e-05
7 3 -4.5554556618682428e-04 -3.4934337282827598e-05
7 4 -3.2924695744995992e-04 8.0973588050689732e-06
7 5 -3.1977373386903333e-04 8.4230939086108971e-07
7 6 -2.1924424713452829e-04 -5.1945198346897492e-05
7 7 -1.7557087699455386e-04 -2.7125460943972446e-05
7 8 -1.6712898938729055e-04 -1.2101815878113047e-05
7 9 -1.3118590215475929e-04 -1.9615558624957288e-05
7 10 -1.0278647982738295e-04 -4.6037704147204298e-06
7 11 -1.1090632636687986e-04 9.2980733547662917e-06
7 12 -9.8997242313923864e-05 1.1988903979198340e-05
7 13 -9.6571995766460032e-05 -7.7523889373312344e-06
7 14 -7.7825266729095660e-05 -8.6094860305278496e-06
7 15 -5.8573912540677771e-05 9.6695454469401306e-06
7 16 -4.3624699734701721e-05 3.2760300741719990e-06
7 17 -3.4105952546733059e-05 1.0091610448958767e-05
7 18 -2.8779086343082684e-05 2.2909200786496990e-06
7 19 -2.5652842497833536e-05 7.3818332302909743e-07
7 20 -2.9761966717802222e-05 2.2290675679894134e-06
7 21 -2.3106024565321035e-05 -2.2116364071570363e-06
7 22 -1.8656494110833208e-05 2.2688726200136823e-06
7 23 -1.4595000787682106e-05 -4.5876547349931161e-06
7 24 -8.5802358433023452e-06 6.2213132290114412e-07
7 25 -9.9338356432398529e-06 -1.6087733103216973e-06
7 26 -7.4992970735346974e-06 6.6268634814528071e-07
7 27 -6.0538779023458150e-06 4.8521666118962051e-07
7 28 -6.6220489301661511e-06 4.6306498814956474e-07
7 29 -4.1171251958303726e-06 1.1203763946078346e-07
7 30 -3.5887689496046754e-06 1.3811088533355474e-07
7 31 -3.9009191956291918e-06 -1.6739442662251740e-07
7 32 -2.8302243601481760e-06 8.3628004517684224e-08
7 33 -2.2858879479491038e-06 -2.2254125790432463e-07
7 34 -1.8270188997294102e-06 2.4196045482199405e-07
7 35 -1.6233956275878291e-06 -6.0918301133824823e-08
7 36 -1.5105254301918046e-06 -4.0235698742599522e-08
7 37 -1.4888049229661898e-06 -8.5100757122799320e-09
7 38 -1.2043143353231573e-06 5.6939318159607676e-08
7 39 -1.4421783461565297e-06 1.3211237021948662e-07
7 40 -1.3151157188395369e-06 1.4294883991854720e-08
7 41 -1.3425442250540514e-06 -2.9162968688327621e-07
7 42 -1.4217328322748183e-06 9.0859650502908179e-08
7 43 -1.6234727400600961e-06 -2.5021541994661208e-08
7 44 -1.8940044806995448e-06 2.8927734357937787e-08
7 45 -2.6314351947625951e-06 2.7428461880217129e-07
7 46 -3.0488130095213174e-06 1.8985323966989818e-07
7 47 -4.0422676454236059e-06 -5.6956203092640529e-08
7 48 -4.1757419333079940e-06 1.3794613110576019e-06
7 49 -5.8757758465546935e-06 7.2295818025319406e-07
7 50 -5.9157457025673824e-06 2.9124912728788519e-07
7 51 -7.6327654901787138e-06 -2.8919590384724530e-08
7 52 -8.8652868687643920e-06 -1.1897783281127799e-06
7 53 -1.3175542540168246e-05 -1.4086555800167261e-06
7 54 -2.0638777131233379e-05 -1.2527543384143828e-06
7 55 -1.9395593013668813e-05 2.9858903237400821e-06
7 56 -2.8965911448565718e-05 -9.1240052995996198e-07
7 57 -3.3928142289123210e-05 1.8911807592903207e-06
7 58 -3.9162738085265326e-05 3.9911757899089749e-06
7 59 -5.4435557139392045e-05 -2.9162805520897839e-06
7 60 -6.5258135822823831e-05 2.5191586886963856e-06
7 61 -6.2283174919447484e-05 -9.0077007403545586e-06
7 62 -7.3380501934562834e-05 1.3036847945428905e-06
7 63 -9.2900444862368414e-05 -1.2698796162025966e-05
7 64 -1.5019601696687914e-04 -2.0512595463924526e-05
7 65 -1.9785343241235094e-04 -6.3042734220370381e-07
7 66 -2.4876743451626563e-04 -1.1974805835919378e-05
7 67 -2.8405414871585799e-04 5.5023428127438176e-05
7 68 -4.4867434370839284e-04 2.3679863447090717e-05
7 69 -5.4670951020991375e-04 7.5010600871151760e-05
7 70 -7.4004972805228730e-04 1.3243233069797637e-05
7 71 -5.9762501591794921e-04 -2.8559802741254313e-04
8 0 -5.1051469840674899e-04 -1.9896555853282923e-04
8 1 -3.5945428671318010e-04 -2.5832547903212169e-05
8 2 -3.1608287193332147e-04 -4.8494323423932228e-05
8 3 -1.9224933531667863e-04 1.7527536404140473e-05
8 4 -1.3378254254275192e-04 9.8858970490616812e-06
8 5 -1.6546239524738277e-04 2.8176302167400747e-07
8 6 -1.1074069445102347e-04 -4.5495946688886561e-05
8 7 -8.5633060171688200e-05 -1.2421847630768655e-05
8 8 -9.0450344021424998e-05 -4.3677362813070896e-06
8 9 -7.1689618553677636e-05 -2.6869927299004381e-05
8 10 -4.8431210558219715e-05 -5.9134801409580711e-06
8 11 -5.6646360865459469e-05 1.2581761023910433e-05
8 12 -4.7538467178468184e-05 9.9286920282031479e-06
8 13 -5.1622853314013221e-05 -4.1031640907721967e-06
8 14 -4.0149224322907768e-05 -1.1678852280379140e-05
8 15 -2.7138525471826066e-05 4.4580764012189258e-06
8 16 -1.9342261856361310e-05 2.3238689916206597e-06
8 17 -1.5337775055884417e-05 1.0872744318382699e-05
8 18 -1.4601214442314772e-05 4.4580457204680555e-07
8 19 -1.2177531380323609e-05 -1.4962963385739536e-06
8 20 -1.7476240917284843e-05 1.8605444879436569e-06
8 21 -1.2124904951837615e-05 -1.2001075637923836e-06
8 22 -1.0597777816190722e-05 1.3561930883853563e-06
8 23 -7.1542722494413837e-06 -4.7269679253429952e-06
8 24 -3.7008552166449099e-06 2.2588028193058268e-07
8 25 -4.8331164478483996e-06 -1.9955118867210054e-06
8 26 -3.9808348072917476e-06 7.9803200554425739e-07
8 27 -2.5960843704379731e-06 2.0494316117142135e-07
8 28 -3.3165121977413512e-06 1.5330830551434287e-07
8 29 -1.9328690441415236e-06 4.0487234563703530e-07
8 30 -1.6624955289872532e-06 -1.4875362102490077e-07
8 31 -2.2844440401403408e-06 -2.1867139175071900e-07
8 32 -1.3737206630861074e-06 7.4311043101559019e-08
8 33 -1.2252252441836700e-06 -2.6149620111721527e-07
8 34 -9.1702363197346630e-07 2.4306988507972240e-07
8 35 -7.8621218020017878e-07 2.2484413714323379e-08
8 36 -8.2636589427219816e-07 7.0438633135514133e-08
8 37 -8.4108521498337489e-07 -5.2229718270719361e-08
8 38 -5.6612482762406479e-07 2.0570083150741439e-08
8 39 -7.9929431433130226e-07 1.3480618442654464e-07
8 40 -6.3306977746550567e-07 5.5215644235162917e-08
8 41 -6.8597581255056401e-07 -2.5646861718673797e-07
8 42 -7.4023830313639089e-07 1.7174333474788493e-07
8 43 -8.3272590855965886e-07 -5.2000116070428374e-08
8 44 -9.9896161231637672e-07 -1.1793509088151101e-08
8 45 -1.4018793272347198e-06 2.5702117404791441e-07
8 46 -1.7538506274951136e-06 1.1235401039688587e-07
8 47 -2.3786721506418352e-06 -1.4502673682066258e-07
8 48 -1.6865373438422590e-06 1.2322140547405979e-06
8 49 -3.2478347895025755e-06 3.8117277966725792e-07
8 50 -3.2947147126323194e-06 2.9604860305105102e-07
8 51 -3.9839168460474715e-06 8.5389095562195967e-07
8 52 -4.0373198739076338e-06 -1.0632340711776040e-06
8 53 -5.3474756827634932e-06 -4.2153272346039271e-07
8 54 -1.2283100691724650e-05 -1.8096848761204301e-07
8 55 -1.0079551839455006e-05 3.8089753507961068e-06
8 56 -1.6847996204106518e-05 -4.4747789068196259e-07
8 57 -1.7620640190726197e-05 9.9239169841917625e-07
8 58 -2.1367364310621496e-05 2.3800703271778878e-06
8 59 -3.1200088228098411e-05 -1.2208050910660347e-06
8 60 -3.5859926847332746e-05 6.8411969886433267e-07
8 61 -2.3408348649892563e-05 -7.1078505319548877e-06
8 62 -3.6040573359586982e-05 2.9537952183377521e-06
8 63 -4.1189349477634624e-05 -8.4339932506430614e-06
8 64 -7.7869863293026349e-05 -2.1334763755139241e-05
8 65 -1.0173398936218764e-04 -1.0507507326458458e-05
8 66 -1.3690096538211026e-04 -2.5704377792167070e-05
8 67 -1.1219217569771077e-04 4.5970491552272134e-05
8 68 -2.2440190276315803e-04 8.9167591129819524e-06
8 69 -3.0699484015408535e-04 6.2927060797380343e-05
8 70 -3.8865486109116728e-04 2.1250888051051266e-05
8 71 -2.4909876291540279e-04 -2.7436949603668482e-04
9 0 -4.9825965251701495e-04 -9.8995717481799989e-05
9 1 -9.3625360601095966e-05 4.0396944055562012e-06
9 2 -1.7755029409171719e-04 -8.8866608859687547e-05
9 3 -9.7574647923853592e-05 4.0787622481415461e-05
9 4 -4.0691902696849901e-05 3.1658077536373270e-06
9 5 -8.4613925000465233e-05 -4.8551382168515790e-06
9 6 -6.3657842811695113e-05 -3.7037930711294666e-05
9 7 -4.5723380319842475e-05 8.8513166379143475e-07
9 8 -4.6810742034934170e-05 1.3745652055774539e-06
9 9 -3.5716296742289739e-05 -3.1955522078369490e-05
9 10 -2.4441656986050935e-05 -5.9775267868851726e-06
9 11 -2.5647023321924870e-05 9.9191110508358713e-06
9 12 -1.9771147421836438e-05 8.2486816248487166e-06
9 13 -2.7099727896347627e-05 9.4833094389192146e-07
9 14 -2.3278051998921556e-05 -1.1976246429270007e-05
9 15 -7.5711104420107766e-06 1.7817068174722434e-06
9 16 -6.6543747065358327e-06 2.9490002731952662e-06
9 17 -6.2341543597934349e-06 1.0685621208750508e-05
9 18 -6.6775124767189776e-06 1.3013080686082111e-06
9 19 -5.8564723898965465e-06 -3.7403107111472948e-06
9 20 -9.9591143348421419e-06 2.5758289672326900e-08
9 21 -6.6778498215262497e-06 -7.0731132199967980e-07
9 22 -6.4681645117064338e-06 1.4817165009023316e-06
9 23 -3.4409404572300364e-06 -4.3062130105675840e-06
9 24 -1.7658590228853897e-06 -7.1235314014677774e-08
9 25 -2.2451433513560970e-06 -2.0517489128818089e-06
9 26 -2.2301836365022492e-06 5.7068274174784620e-07
9 27 -8.7298334582340029e-07 -2.0263540231156637e-07
9 28 -1.2307995853566314e-06 -9.7574283112641292e-08
9 29 -6.3014017317443261e-07 3.2540163634954471e-07
9 30 -7.5593210416894139e-07 -2.7685477576616169e-07
9 31 -1.3871396562966651e-06 -2.3879188114304621e-07
9 32 -5.5413740728885346e-07 -7.4355337334292456e-08
9 33 -6.5799590197550471e-07 -3.0293875283235287e-07
9 34 -4.7933494918099574e-07 2.9794541526103775e-07
9 35 -3.5335980345941077e-07 6.6402698267398262e-08
9 36 -4.0206837795708682e-07 1.8142052348748748e-07
9 37 -5.2985443738094978e-07 -3.6708693136614847e-08
9 38 -2.7593657275584082e-07 -3.9603897314480591e-09
9 39 -4.6013192360372328e-07 1.1821200804465886e-07
9 40 -3.0751542198960829e-07 7.0996141185093922e-08
9 41 -3.0927667604467044e-07 -2.0516869172717066e-07
9 42 -4.0749236555566871e-07 2.0939582859144837e-07
9 43 -4.4967559168428423e-07 -1.3300006050407491e-07
9 44 -5.9388193091876587e-07 -9.5280819958247230e-10
9 45 -6.4988214799212085e-07 3.0069804238610089e-07
9 46 -1.0078000578333271e-06 4.8890813682521375e-08
9 47 -1.3867777188385292e-06 -6.2926323913862799e-08
9 48 -5.1746475188068721e-07 9.1845241543487492e-07
9 49 -1.9852909416059432e-06 1.2387534259296651e-07
9 50 -2.2309402416018629e-06 3.4586472198240717e-08
9 51 -2.4440535737434722e-06 7.7614634715348529e-07
9 52 -1.7685998855015589e-06 -4.8284809591898568e-07
9 53 -1.2725851925977215e-06 3.7528373845862627e-07
9 54 -7.4225234139124533e-06 8.9409087383811557e-07
9 55 -4.6037739736639326e-06 4.3271451550673392e-06
9 56 -8.9549058318151058e-06 -6.4588888804541437e-07
9 57 -9.2927577813605881e-06 6.9291257510738604e-07
9 58 -1.2226773971205767e-05 -4.1664447517539399e-07
9 59 -1.8449843569269355e-05 -1.8658621564916141e-06
9 60 -1.7755014012909595e-05 -1.8576938261384828e-06
9 61 -4.8067755382200721e-06 -5.2528142867358424e-06
9 62 -2.3637409833589247e-05 5.3868994829793764e-06
9 63 -2.1884841790906843e-05 -3.7695866668728241e-07
9 64 -4.3003146191633988e-05 -2.0193673157099488e-05
9 65 -5.1501238704354270e-05 -4.6338835631132691e-06
9 66 -7.6869980212585754e-05 -2.8081673961852636e-05
9 67 -3.1850969059413065e-05 5.1962197936414100e-05
9 68 -1.0491176160897895e-04 -4.9127418008801142e-06
9 69 -1.7255678240700746e-04 2.5607449110329249e-05
9 70 -2.1333687682119478e-04 1.5108970594078806e-05
9 71 -2.3822399883022551e-04 -2.0946211361075559e-04
10 0 -2.9294873848015931e-04 3.1923435002942588e-05
10 1 8.1692223348080969e-06 6.7118805323197212e-06
10 2 -9.2865198061618036e-05 -1.0730502433387731e-04
10 3 -6.9594778955287031e-05 3.9791483028756769e-05
10 4 5.4101314878144489e-07 -8.2213281163132229e-06
10 5 -4.9504444855516328e-05 -9.1180651891602169e-06
10 6 -4.0356353354918579e-05 -2.5765544875579363e-05
10 7 -2.5287566011741840e-05 1.3363352814519503e-05
10 8 -2.4053609587569802e-05 9.6599919732530598e-06
10 9 -1.3523467275776718e-05 -3.0399209304769278e-05
10 10 -9.2987943957450992e-06 -4.1994570747946466e-06
10 11 -7.8682265094476034e-06 4.7430617057796598e-06
10 12 -6.5834024205950993e-06 6.1745200502551217e-06
10 13 -1.6605262988835513e-05 6.8358441500239136e-06
10 14 -1.7882123040733563e-05 -1.0085001812849686e-05
10 15 1.1765157149423008e-06 2.5508119098822078e-06
10 16 -9.0048466719351639e-07 3.4025174042921138e-06
10 17 -2.3399620496106726e-06 9.4814579465511613e-06
10 18 -2.4402539751431009e-06 1.6406560165752270e-06
10 19 -3.8961234173656806e-06 -5.0787627210565362e-06
10 20 -6.0120574226544358e-06 -1.9838296376342636e-06
10 21 -4.8248118362400315e-06 -6.7363139517501576e-08
10 22 -4.2458954618918738e-06 1.6740821501229740e-06
10 23 -1.6781005299315531e-06 -3.6002367564424165e-06
10 24 -1.0816038520747565e-06 2.0634882824504298e-07
10 25 -1.0438976826951120e-06 -1.5418754960323815e-06
10 26 -1.0843632705605371e-06 6.1559069925040583e-07
10 27 -2.5738681754682806e-07 -6.6884413218614561e-07
10 28 -1.4233362883005585e-07 5.2618275018675786e-08
10 29 -1.6592887889362976e-09 1.9483042194473864e-07
10 30 -4.2120841230685829e-07 -3.1472003937996335e-07
10 31 -8.2311347830430144e-07 -2.0163356505205327e-07
10 32 -1.1872488052319094e-07 -2.2798122020809242e-07
10 33 -3.9865097227368404e-07 -3.2078373442393547e-07
10 34 -3.3169488416534306e-07 4.0090259223777986e-07
10 35 -9.5300184398960570e-08 5.1426402803111505e-08
10 36 -1.5472878648748160e-07 2.1353094691612569e-07
10 37 -4.2435151143576704e-07 -7.3629963048139190e-09
10 38 -1.6313839959158852e-07 -5.0974625961551755e-09
10 39 -3.4066259326249230e-07 9.5885028710957207e-08
10 40 -1.1698882424548052e-07 7.6587383703431107e-08
10 41 -9.0244624897462203e-08 -1.8779271168274818e-07
10 42 -2.8310592056871044e-07 1.7102786525931006e-07
10 43 -2.5032193069700768e-07 -1.7511025052068393e-07
10 44 -3.8269412480083823e-07 -3.2746670010322826e-09
10 45 -2.0193761786266722e-07 3.6419239038565486e-07
10 46 -5.3331085843515528e-07 -1.6378736763197953e-08
10 47 -6.1528943087060529e-07 1.0702724488653180e-07
10 48 -3.2188680530092947e-08 5.7953019104141912e-07
10 49 -1.1742949174549857e-06 -2.9527277382081997e-09
10 50 -1.7519510289029595e-06 -6.8067112971001307e-08
10 51 -1.7416187184282151e-06 7.1042182532022883e-07
10 52 -7.9643204944813328e-07 3.6612631095832055e-07
10 53 7.5179401268612192e-07 6.9255556395713622e-07
10 54 -4.3806615174981421e-06 1.5481120656955137e-06
10 55 -1.5389651718294201e-06 3.6098347899856067e-06
10 56 -3.4102090800877881e-06 3.4246714626124369e-08
10 57 -5.3985985920020467e-06 1.5887066944335852e-06
10 58 -7.8076176026828946e-06 -2.5873614725534772e-06
10 59 -1.0948451956485208e-05 -2.8806441957237298e-06
10 60 -7.0517434323935406e-06 -4.6137969068770410e-06
10 61 2.6507026604159734e-06 -2.8726510568257711e-06
10 62 -2.1006895914898091e-05 8.0394644216986525e-06
10 63 -1.4120240584434390e-05 6.9733085255799881e-06
10 64 -2.5462169346694932e-05 -1.9283656975303378e-05
10 65 -1.7178370701765658e-05 6.4351333524935012e-06
10 66 -3.6589822157401619e-05 -2.0522428461519449e-05
10 67 9.2964046131415368e-06 6.7977462214506513e-05
10 68 -3.6914143103915341e-05 -7.0396496783567537e-06
10 69 -1.1257931710977946e-04 -9.7453152687140289e-06
10 70 -1.3295316703910298e-04 -1.0268557369124725e-05
10 71 -2.3546901709243511e-04 -1.1565652824237032e-04
