0 0 -1.1452590077859577e+00 2.3649497465471994e-19
0 1 -1.5068709466851976e-01 1.8115180407902243e-19
0 2 -6.1793437648687541e-02 -8.4363937642546045e-21
0 3 -3.8968817539811892e-02 4.7137689410133616e-21
0 4 -2.7824794423042660e-02 -3.1637821120685858e-22
0 5 -2.1112700546020255e-02 4.9780759621140412e-22
0 6 -1.6850201937655542e-02 4.4395850769252817e-22
0 7 -1.4394064977205556e-02 4.9590481681986990e-22
0 8 -1.2558860892192573e-02 -2.7215489894997372e-22
0 9 -1.1197262072978534e-02 6.1512800016260295e-22
0 10 -9.9778588271964841e-03 -4.7241878238133641e-22
0 11 -8.6904894058141367e-03 -2.5091945935584227e-22
0 12 -7.3543746726906761e-03 5.4196608256129790e-23
0 13 -5.8329614119638608e-03 -5.7092400047460176e-23
0 14 -4.7395830003915855e-03 -2.5030759704048274e-23
0 15 -4.0597562406131963e-03 1.0178423847413251e-22
0 16 -3.3933654340468416e-03 7.3645639097544391e-23
0 17 -2.8976533576611564e-03 -6.8350147720504706e-23
0 18 -2.5125861554479941e-03 -1.4442575288435734e-22
0 19 -2.2049769057388060e-03 -7.7498448517127008e-23
0 20 -1.9575840543842515e-03 2.1733915008555291e-23
0 21 -1.7979445314929470e-03 -4.4353046134068939e-23
0 22 -1.5996403096929074e-03 1.6089768868535631e-24
0 23 -1.4000582195924957e-03 -5.9764640708781834e-23
0 24 -1.1833719306768426e-03 2.2901879891526838e-23
0 25 -9.8447123713079417e-04 -4.9133800121047682e-23
0 26 -8.9332931926247366e-04 1.1583879241103566e-23
0 27 -7.7647296182072393e-04 5.0748930084824449e-23
0 28 -6.5437206128632483e-04 1.2544827070599388e-23
0 29 -5.4117720272927488e-04 -1.1975005977796764e-23
0 30 -4.3003909110084487e-04 9.2856784339980023e-24
0 31 -3.6036490863369889e-04 3.0317307682228744e-23
0 32 -2.9982015779001257e-04 -2.0139450715580345e-24
0 33 -2.6201697014727990e-04 9.5396857751077900e-25
0 34 -2.3543519590900390e-04 -6.5206062088379315e-24
0 35 -2.1910027268292950e-04 -3.9574388485028184e-24
0 36 -2.2075525413534455e-04 3.8445467134170755e-25
0 37 -2.2680392948822606e-04 -9.8403053355027449e-24
0 38 -2.2760262757040041e-04 -4.9516886513080470e-24
0 39 -2.2540469604763409e-04 -9.8688810078589971e-25
0 40 -2.3572774177263992e-04 9.6982816350285748e-25
0 41 -2.5403078028121419e-04 -2.8388241202501838e-24
0 42 -2.8740926715229272e-04 2.7635508435633489e-24
0 43 -3.3175248674202320e-04 1.8212922998784012e-23
0 44 -3.9676608687194654e-04 -1.9914357422839117e-23
0 45 -4.7750797652100621e-04 5.9357473291221509e-24
0 46 -5.6574846871421634e-04 -5.5814443355433789e-25
0 47 -6.5486705087326855e-04 2.3897092114910138e-23
0 48 -7.5557682909536169e-04 -4.2163340309266911e-23
0 49 -8.8878143428792566e-04 -1.1473122704825411e-23
0 50 -1.0726301302788357e-03 -8.1698768820476866e-23
0 51 -1.2919282116383133e-03 -3.4837196331964043e-23
0 52 -1.6339715361982623e-03 -5.3552804901933397e-23
0 53 -2.1594238958347932e-03 3.8170484942152695e-23
0 54 -2.8233485927584056e-03 -3.5304210155865241e-23
0 55 -3.5063468122415904e-03 2.1276928606757650e-24
0 56 -4.1099520076701389e-03 -8.6827977840985811e-23
0 57 -4.7869313468887143e-03 3.4995302962403175e-23
0 58 -5.6640447192548319e-03 2.9629030763380446e-22
0 59 -6.7824065725605601e-03 2.2675643917468173e-22
0 60 -7.7919813905149883e-03 6.6318155315896963e-23
0 61 -8.6161179939639333e-03 2.9885950187808831e-22
0 62 -9.4218211717564497e-03 2.1396763307179883e-22
0 63 -1.0638252893793802e-02 -1.8100427005509373e-22
0 64 -1.2331833564552001e-02 5.3059779416364816e-22
0 65 -1.4353602359896715e-02 2.7196654094205074e-22
0 66 -1.7202408392261032e-02 -5.5703710887933129e-23
0 67 -2.1625585144406552e-02 1.2862021078948921e-22
0 68 -2.7895041688088547e-02 6.3166537320006498e-23
0 69 -3.8747883343923893e-02 -1.1942719380962389e-21
0 70 -6.3383284404632242e-02 -1.1583049759447312e-20
0 71 -1.5396916985656128e-01 3.9558142841879350e-20
1 0 -3.3346289185875366e-01 -1.2761390166560447e-03
1 1 -9.1655941579829203e-02 -3.2310061932502322e-04
1 2 -4.4776355749568064e-02 -2.6779965525205768e-04
1 3 -2.9441356908137959e-02 1.1397219125041657e-04
1 4 -2.1249521770780502e-02 3.1527510391070321e-05
1 5 -1.6082923242714865e-02 -1.1874573011100246e-04
1 6 -1.2878252125427357e-02 9.8287578096784950e-06
1 7 -1.1027084395494388e-02 2.8907856414511623e-05
1 8 -9.6068728352426795e-03 3.0393241293702754e-06
1 9 -8.5736745977433235e-03 3.5167579533986031e-05
1 10 -7.6391482949352075e-03 5.2700337603674820e-05
1 11 -6.6341983049335437e-03 -3.4442870419605541e-06
1 12 -5.6343174313924485e-03 -2.1929861089454104e-05
1 13 -4.4608478324798832e-03 -2.2950573277706768e-05
1 14 -3.6259141890129854e-03 -2.7911954779198426e-05
1 15 -3.0957167529713052e-03 -1.3113095571771943e-06
1 16 -2.5889108718785384e-03 4.8934499252370229e-06
1 17 -2.2093482028146608e-03 3.8368530227357418e-06
1 18 -1.9209352216454992e-03 9.7620160267532065e-06
1 19 -1.6897808925828688e-03 5.2903324769606748e-06
1 20 -1.5044647814643087e-03 -3.6211490339120938e-06
1 21 -1.3789766408712424e-03 -7.5670536572947481e-07
1 22 -1.2249071585059520e-03 -1.5491675661632095e-06
1 23 -1.0738126653826298e-03 1.7288909924535989e-06
1 24 -9.0411080751824624e-04 1.8249059346593070e-06
1 25 -7.5085017404992363e-04 -2.8369392030528696e-06
1 26 -6.7904643763118291e-04 -1.3047879770719714e-07
1 27 -5.8982878610977431e-04 3.3022047433270655e-06
1 28 -4.9836826373359595e-04 -4.1932408456002971e-06
1 29 -4.1448632478434459e-04 -2.4134785763031650e-06
1 30 -3.2858426339008512e-04 -8.8523627647286461e-07
1 31 -2.7650653209992894e-04 -8.1651890458965365e-08
1 32 -2.2923781562384144e-04 2.1102686877916149e-07
1 33 -2.0152641771533503e-04 1.3656160726964243e-06
1 34 -1.8078561957509301e-04 1.0735127938617848e-06
1 35 -1.6769123974634103e-04 8.2018974698427173e-07
1 36 -1.6819683735163303e-04 8.7034572392181029e-07
1 37 -1.7297902780460305e-04 3.2131863512673005e-07
1 38 -1.7365658173691223e-04 1.3226419069112171e-06
1 39 -1.7200790153568840e-04 3.0046558101047891e-07
1 40 -1.8056509458082870e-04 4.4265365126933818e-07
1 41 -1.9380809855041461e-04 -3.3909436889948510e-08
1 42 -2.1964579707919556e-04 4.2763250706263970e-08
1 43 -2.5322529813146709e-04 -1.7490911462771680e-06
1 44 -3.0167767008880473e-04 -1.2146516601304282e-06
1 45 -3.6423703062386103e-04 1.2398992238873060e-06
1 46 -4.3165081678225121e-04 -9.9274766459829658e-07
1 47 -5.0111259214346898e-04 -8.0910483324008013e-07
1 48 -5.7692275152662240e-04 5.2914413164349372e-07
1 49 -6.7765253958829391e-04 -6.5605439130649548e-07
1 50 -8.1779569134218029e-04 4.2429800252953643e-06
1 51 -9.8680417809352103e-04 4.7578202996611978e-06
1 52 -1.2490276850427805e-03 1.0677341558943050e-05
1 53 -1.6477299961106327e-03 1.2917250270242632e-05
1 54 -2.1520207422047366e-03 9.9180502530610751e-06
1 55 -2.6755546153762527e-03 1.2860191922220441e-05
1 56 -3.1330656338500024e-03 -3.5208135051331741e-07
1 57 -3.6545516600368223e-03 -1.6584689703061931e-05
1 58 -4.3215507362050027e-03 1.2226829587141269e-05
1 59 -5.1951844766823362e-03 5.6576266581370457e-07
1 60 -5.9582197760929797e-03 -3.5680260004980976e-05
1 61 -6.6206977162056964e-03 -2.4147692196961209e-05
1 62 -7.2527056344706331e-03 -3.6847614134217067e-05
1 63 -8.1839421007803628e-03 -9.9330708292543173e-05
1 64 -9.4520769822626569e-03 -7.7612298558375764e-05
1 65 -1.1024420501501778e-02 -6.3395317369148786e-06
1 66 -1.3165263174457402e-02 -2.2472401831023375e-05
1 67 -1.6490092209713460e-02 -6.0127779265394870e-05
1 68 -2.1179464038923290e-02 2.9489820795133343e-05
1 69 -2.9030212827459597e-02 -4.8372467107760732e-05
1 70 -4.5566532274065819e-02 1.0940853394783401e-04
1 71 -9.3582656718858029e-02 -4.2190482293914897e-04
2 0 -1.0236602603855607e-01 -8.5612624386261957e-04
2 1 -4.4947117948110807e-02 -7.1151017537404086e-04
2 2 -2.5873282039456134e-02 -3.3652206648412237e-04
2 3 -1.7866952293653694e-02 1.3545960051129118e-04
2 4 -1.3146615790507092e-02 1.0207745625292929e-05
2 5 -9.9236491678881909e-03 -1.3959196534245238e-04
2 6 -7.9982562060149660e-03 2.7328853396072735e-05
2 7 -6.8824391284513300e-03 3.8821544677811432e-05
2 8 -5.9764281367244536e-03 1.5239392498433865e-05
2 9 -5.3516830921786374e-03 1.3381769675020032e-05
2 10 -4.7445141525846012e-03 3.6061206625674028e-05
2 11 -4.1168753798624122e-03 3.6881728475146593e-06
2 12 -3.5091779047224259e-03 -1.9777927605655594e-05
2 13 -2.7696625216826142e-03 -4.3678030838028472e-05
2 14 -2.2520404235999293e-03 -3.6135826157328162e-05
2 15 -1.9082697399568534e-03 5.6032695983133991e-06
2 16 -1.6004972116859149e-03 1.5295630079761083e-05
2 17 -1.3649668436232674e-03 3.8560363674611335e-06
2 18 -1.1919169008393884e-03 1.0711551954292525e-05
2 19 -1.0518573401289255e-03 4.7410859313603813e-06
2 20 -9.4522747640224164e-04 -4.9317069689998542e-06
2 21 -8.6212414612840953e-04 -1.1139134588364062e-06
2 22 -7.6334321936156243e-04 -4.6936316676444624e-07
2 23 -6.6932005599825979e-04 3.3038585213080892e-06
2 24 -5.6303397749165630e-04 4.1085385897096288e-06
2 25 -4.6509238000001486e-04 -2.5154462778862325e-06
2 26 -4.1541985779747654e-04 -2.1430327787093678e-06
2 27 -3.6045012883216857e-04 4.8351369405791811e-06
2 28 -3.0697922084230715e-04 -4.8816137051663582e-06
2 29 -2.5812741033938961e-04 -1.6703547624196116e-06
2 30 -2.0444232511936168e-04 -1.2197302935081586e-06
2 31 -1.7277203985771196e-04 -4.3776427890136813e-07
2 32 -1.4248002606601193e-04 2.3422673957178864e-07
2 33 -1.2673217142841352e-04 1.5588407688895698e-06
2 34 -1.1292045285179435e-04 1.5206656392373188e-06
2 35 -1.0403413252896834e-04 1.1443238165030952e-06
2 36 -1.0342334331632345e-04 1.1576114073184640e-06
2 37 -1.0674642154089363e-04 3.1168651805837256e-07
2 38 -1.0748205120393993e-04 1.7791767194889881e-06
2 39 -1.0659957433601607e-04 2.6012831290816507e-07
2 40 -1.1264376091061669e-04 6.4723689692021885e-07
2 41 -1.1998623660360808e-04 1.3805706239010231e-07
2 42 -1.3634797723427572e-04 3.0466579455954084e-07
2 43 -1.5700576532013267e-04 -2.5440802121544786e-06
2 44 -1.8480165329903204e-04 -1.7776667207519843e-06
2 45 -2.2506112340000599e-04 9.9424765228216807e-07
2 46 -2.6769074690229582e-04 -1.1585785854821385e-06
2 47 -3.1154918407752812e-04 -1.0113641164742756e-06
2 48 -3.5529120375652075e-04 2.4097661658589369e-06
2 49 -4.1890595709249219e-04 -1.5467932032772472e-06
2 50 -5.0587970482640014e-04 4.9355626970210889e-06
2 51 -6.1234446772355283e-04 4.4812881866186211e-06
2 52 -7.7449239304933017e-04 1.3630340556753023e-05
2 53 -1.0211190255514464e-03 1.9450270568589955e-05
2 54 -1.3237322355971902e-03 1.0506182631641237e-05
2 55 -1.6497818799382654e-03 1.8289071428682116e-05
2 56 -1.9298939459449431e-03 -1.7449388293827402e-08
2 57 -2.2622132847480744e-03 -3.4736765017433497e-05
2 58 -2.6802945340806297e-03 1.8675604120406335e-05
2 59 -3.2390999747181522e-03 5.9029628033796799e-06
2 60 -3.7032171473656448e-03 -5.3037447186310050e-05
2 61 -4.1627546847580708e-03 -2.6768535008164566e-05
2 62 -4.5829481728108671e-03 -5.2806106252756189e-05
2 63 -5.1599060948865341e-03 -1.4472104668746000e-04
2 64 -5.8984432156098986e-03 -1.1429786633283775e-04
2 65 -6.8972682250759924e-03 3.1919050924049492e-06
2 66 -8.1707244376757002e-03 -2.0268685875394419e-05
2 67 -1.0169361932929610e-02 -5.7196499054655225e-05
2 68 -1.2985315715953899e-02 1.1404938679676339e-05
2 69 -1.7442742059494101e-02 -1.3875214212406768e-04
2 70 -2.5808985392291463e-02 1.3589276278624604e-04
2 71 -4.4812281652172693e-02 -1.5883975526382362e-04
3 0 -3.3904709109091193e-02 3.9391677377003466e-04
3 1 -2.0603819244410064e-02 -2.4150538363376081e-04
3 2 -1.3826715441763828e-02 -3.1484297319951253e-04
3 3 -9.9705081440097463e-03 1.1476468630151806e-04
3 4 -7.5349943581618289e-03 -6.0843677174292593e-05
3 5 -5.6896374563765962e-03 -1.2751500184268578e-04
3 6 -4.6096584996228457e-03 2.0886678165820578e-05
3 7 -3.9995552102257007e-03 2.7266537524244908e-05
3 8 -3.4304642807579120e-03 2.2530313661054452e-05
3 9 -3.1143012158654378e-03 -2.1154627998428373e-05
3 10 -2.7267187323382160e-03 -3.2952788204274436e-06
3 11 -2.3688853351559879e-03 4.7984766391025718e-06
3 12 -2.0192994111329515e-03 -1.1327213077466985e-05
3 13 -1.5785964950309032e-03 -4.8741529046259092e-05
3 14 -1.2885228859363224e-03 -3.3115386290739383e-05
3 15 -1.0872276563445265e-03 1.1699033685715031e-05
3 16 -9.1567921807802067e-04 2.0608299506934204e-05
3 17 -7.8216839666269463e-04 -9.1939432818905310e-07
3 18 -6.8444690107617398e-04 9.4250519986022238e-06
3 19 -6.0063924325351545e-04 1.8372776960736753e-06
3 20 -5.5115398086178088e-04 -5.3315854517634526e-06
3 21 -5.0112597296914183e-04 -9.3315423458081739e-07
3 22 -4.4088977037213612e-04 9.1216908898563763e-07
3 23 -3.8673586733948087e-04 5.2259428322250708e-06
3 24 -3.2820005178322648e-04 3.7803846387637614e-06
3 25 -2.6878497116303226e-04 -1.3487351473458885e-06
3 26 -2.3271129539557224e-04 -3.8408902596722090e-06
3 27 -2.0181135899112869e-04 4.2747483024112862e-06
3 28 -1.7476259033704511e-04 -3.7358855406269320e-06
3 29 -1.4903514888604208e-04 -7.1485274720596182e-07
3 30 -1.1765412686910045e-04 -1.0033233867946674e-06
3 31 -9.9707225497368187e-05 -8.2793433912569619e-07
3 32 -8.2150050794347899e-05 1.6217959332022165e-07
3 33 -7.3856451293904189e-05 1.2999910724755061e-06
3 34 -6.5242308480118751e-05 1.5651460281226001e-06
3 35 -5.9465020092316836e-05 1.1247062571400103e-06
3 36 -5.8569550086167726e-05 7.3392334965466284e-07
3 37 -6.0911876262284494e-05 -1.1678763989955621e-08
3 38 -6.1748070278885676e-05 1.7538488429878909e-06
3 39 -6.0921377686842571e-05 9.0705836345101187e-08
3 40 -6.5056211783018635e-05 6.4053970315005726e-07
3 41 -6.8920492553898761e-05 1.3789037380091232e-07
3 42 -7.7696205355250907e-05 4.5305942076332113e-07
3 43 -9.0081252414830242e-05 -2.6221676825233685e-06
3 44 -1.0384147284714308e-04 -2.1343950382053376e-06
3 45 -1.2803433882620273e-04 7.0479966966358433e-07
3 46 -1.5353530842299713e-04 -1.4701937179785313e-06
3 47 -1.7831936593466909e-04 -1.3511421108057153e-06
3 48 -2.0093329670661477e-04 3.2849420172222732e-06
3 49 -2.3878887496593394e-04 -2.1628415538296083e-06
3 50 -2.9039651492040585e-04 2.0524585760269538e-06
3 51 -3.5221371208899225e-04 3.1765440134758350e-06
3 52 -4.4205034911410599e-04 1.2453612064414587e-05
3 53 -5.9016255245424346e-04 2.0478203172319063e-05
3 54 -7.4846318520676669e-04 5.6234067163564294e-06
3 55 -9.3633127692185512e-04 1.7744057378268896e-05
3 56 -1.0957442150992390e-03 1.6598784454595249e-06
3 57 -1.3005515614789198e-03 -4.5729460137919075e-05
3 58 -1.5524610311363882e-03 1.9785368300625601e-05
3 59 -1.8698393868228644e-03 1.8854695229827852e-05
3 60 -2.1366310167212172e-03 -5.0980022878207863e-05
3 61 -2.4405173716621487e-03 -2.4738611002069485e-05
3 62 -2.7015625672305857e-03 -5.9123196288125229e-05
3 63 -3.0295173088231188e-03 -1.4541426101327028e-04
3 64 -3.4061420188563536e-03 -1.1052866629150412e-04
3 65 -4.0182935627125060e-03 1.1394135052806223e-05
3 66 -4.7001288052228299e-03 -1.5273486225091552e-05
3 67 -5.7806715918638195e-03 -2.8771174248524212e-05
3 68 -7.3713871231192163e-03 -9.6303045517459125e-06
3 69 -9.6073063629033284e-03 -1.1977600653249411e-04
3 70 -1.3453517701737645e-02 7.0155358648236186e-05
3 71 -2.0442463012902371e-02 -6.7302963212332648e-05
4 0 -1.2950940595587429e-02 3.3418208490511829e-04
4 1 -9.2308324662432936e-03 1.9037848404532089e-04
4 2 -7.1819197158796118e-03 -2.0888966884656933e-04
4 3 -5.2788423640875281e-03 1.2074380761393869e-04
4 4 -4.1720001273848782e-03 -1.0583985045151306e-04
4 5 -3.1395798753851207e-03 -1.1609792678126676e-04
4 6 -2.5605158511461295e-03 -1.0825602883227503e-05
4 7 -2.2376793071992207e-03 7.4314806827565808e-06
4 8 -1.8723611169037956e-03 5.8428068265585219e-06
4 9 -1.7525907878865161e-03 -4.2366100549799817e-05
4 10 -1.5028778374230590e-03 -2.5142759006862553e-05
4 11 -1.2998021406951952e-03 3.3935443617288461e-06
4 12 -1.1260859067528095e-03 2.8901709295292454e-06
4 13 -8.6392713294435096e-04 -4.9274523585328214e-05
4 14 -7.0322501518569789e-04 -2.5067673234676838e-05
4 15 -5.9280083595010578e-04 1.5046392507015893e-05
4 16 -5.0905436012754518e-04 1.8898470738069555e-05
4 17 -4.3327192789464929e-04 -3.9984681226645534e-06
4 18 -3.7940702126178878e-04 1.0060880202948300e-05
4 19 -3.2304048822549456e-04 -8.3293926098569087e-07
4 20 -3.0864583003755878e-04 -6.6737366860993151e-06
4 21 -2.8000458755172172e-04 1.4768527730693328e-07
4 22 -2.4525090398064774e-04 1.5944714976059375e-06
4 23 -2.1726957897563531e-04 7.2777710278422447e-06
4 24 -1.8713366154478727e-04 2.5773317943779065e-06
4 25 -1.5232878953771095e-04 -1.0864922421541290e-06
4 26 -1.2345966930324726e-04 -4.6798260050037920e-06
4 27 -1.0731624777652997e-04 2.8661039856833120e-06
4 28 -9.5802002810418946e-05 -2.9461370459908160e-06
4 29 -8.3300015675987396e-05 -7.2322285757116271e-07
4 30 -6.5112152841441580e-05 -2.0524256584598894e-07
4 31 -5.5256537370148272e-05 -9.8477640072098642e-07
4 32 -4.5671300125556240e-05 -2.8416854438232785e-07
4 33 -4.1225656700828535e-05 1.0056805365011723e-06
4 34 -3.6097598128609504e-05 1.5130157517605122e-06
4 35 -3.2578275345370628e-05 8.4593857650148468e-07
4 36 -3.1666463137531836e-05 5.8837846468414382e-07
4 37 -3.3268873115477251e-05 -3.7993375478472261e-07
4 38 -3.4023517936617087e-05 1.5519699969097427e-06
4 39 -3.3237520556510197e-05 2.6110728799029173e-07
4 40 -3.6280726413999189e-05 5.7359757586328507e-07
4 41 -3.8201256293809732e-05 -2.9061452016346631e-08
4 42 -4.1903969135995164e-05 5.0051021999512938e-07
4 43 -4.9219781707353339e-05 -2.4035179648317113e-06
4 44 -5.5221613721389381e-05 -2.0334917493773707e-06
4 45 -7.0004028975872824e-05 1.0475749037599976e-06
4 46 -8.4070900166107981e-05 -1.9101941420483987e-06
4 47 -9.7240418020691396e-05 -2.0889046267451104e-06
4 48 -1.0884089807573849e-04 2.8962845576660986e-06
4 49 -1.2862429211760000e-04 -2.5146355246051620e-06
4 50 -1.6202419092797577e-04 -8.6485463236653152e-07
4 51 -1.9562023568308489e-04 3.3084428817456820e-06
4 52 -2.4171430901168023e-04 9.0877285388629769e-06
4 53 -3.3025953177539516e-04 1.7167753015223178e-05
4 54 -4.0350455075903804e-04 1.8290775545838169e-06
4 55 -5.0559635711558708e-04 1.1313781158960708e-05
4 56 -5.9993366781419563e-04 1.3416452439429956e-08
4 57 -7.1869311188461199e-04 -4.3964824095137496e-05
4 58 -8.7533440005798996e-04 1.5072482589943400e-05
4 59 -1.0354562288205883e-03 2.3385291243542091e-05
4 60 -1.1913002059623255e-03 -3.7947012617108341e-05
4 61 -1.3748378090291950e-03 -2.5216723863176939e-05
4 62 -1.5435219164998289e-03 -4.6765655357966947e-05
4 63 -1.7063220586312690e-03 -1.1778397669855245e-04
4 64 -1.8884096650127874e-03 -9.4831737437130810e-05
4 65 -2.2839980868444884e-03 1.7299624095637469e-05
4 66 -2.5992841171395241e-03 -1.5526353858301083e-05
4 67 -3.1458020927478615e-03 -5.1841150310433148e-06
4 68 -4.0319043892388575e-03 -4.0051815587457460e-05
4 69 -5.0484391009789605e-03 -8.2236920129146138e-05
4 70 -6.7219518156563501e-03 4.3425112698904969e-05
4 71 -9.0674993088613407e-03 9.1807014235222651e-06
5 0 -5.9981458086106705e-03 5.5559504895688742e-05
5 1 -4.1487708338361004e-03 3.8138165438093884e-04
5 2 -3.5993106547705586e-03 -8.1409508737023705e-05
5 3 -2.6994280239781860e-03 1.0815842799916445e-04
5 4 -2.2760701165917075e-03 -9.7483890442785521e-05
5 5 -1.6889349856614310e-03 -1.0414306818048205e-04
5 6 -1.3878568901406665e-03 -1.8424720618048257e-05
5 7 -1.2171582424774867e-03 -1.0013269048169112e-05
5 8 -9.8392431511924315e-04 -7.2472540256928692e-06
5 9 -9.6181402148973552e-04 -4.2020929309861032e-05
5 10 -8.0352494878832309e-04 -3.4074907829580268e-05
5 11 -6.9186898234055905e-04 -1.2771057078548052e-06
5 12 -6.1402537517864827e-04 8.6762117709103166e-06
5 13 -4.6544455974299937e-04 -4.6393829490313962e-05
5 14 -3.7133737687905716e-04 -2.1827926906358287e-05
5 15 -3.1185873398957358e-04 2.3080073300575749e-05
5 16 -2.7912740080712523e-04 1.1392570154768635e-05
5 17 -2.3882528611534354e-04 -3.4541339351110524e-06
5 18 -2.0654024187221368e-04 6.8555258623146108e-06
5 19 -1.6600326527946570e-04 -1.4244901439090576e-06
5 20 -1.6890081006941198e-04 -7.5128735233700732e-06
5 21 -1.5512156893663804e-04 9.3314383458080857e-07
5 22 -1.3493425992142460e-04 1.2167556629286759e-06
5 23 -1.2369323232284762e-04 9.0229114372171432e-06
5 24 -1.0616883550047546e-04 2.8399223129766211e-06
5 25 -8.5102193655451456e-05 -1.1831524351469669e-06
5 26 -6.3739242710379715e-05 -4.1203154102779157e-06
5 27 -5.5134141177103568e-05 1.9936362129236097e-06
5 28 -5.1385840353230664e-05 -2.6020771750156544e-06
5 29 -4.5843423887783016e-05 -4.0567241313488224e-07
5 30 -3.4691410016134506e-05 7.7190042623161886e-07
5 31 -3.0241095942618159e-05 -1.1314789879152002e-06
5 32 -2.4674333845906596e-05 -4.5986388823605788e-07
5 33 -2.2311204407835392e-05 8.3641380036796459e-07
5 34 -1.9477496308230790e-05 1.3437783652340957e-06
5 35 -1.7383942735855309e-05 4.3887310286939138e-07
5 36 -1.6485568010925576e-05 6.9109022551060623e-07
5 37 -1.7624239845654492e-05 -5.4112100870107664e-07
5 38 -1.8025556907354970e-05 1.3197934957618014e-06
5 39 -1.7592745631229970e-05 4.1455820496252099e-07
5 40 -1.9899297323247474e-05 4.5651144809753697e-07
5 41 -2.0878175979140239e-05 -5.2719684734712881e-08
5 42 -2.1605731713588155e-05 5.6252445045807624e-07
5 43 -2.6033075426297006e-05 -1.8973233584771136e-06
5 44 -2.8149588686232297e-05 -1.8025426682831556e-06
5 45 -3.7414641029421721e-05 1.8116851293987532e-06
5 46 -4.4137760295394568e-05 -1.6924105564135645e-06
5 47 -5.0622223841378698e-05 -2.9027751903087253e-06
5 48 -5.6429836314258722e-05 2.4661545659377714e-06
5 49 -6.4983814365856296e-05 -2.0954721109799243e-06
5 50 -8.9433488626621419e-05 -1.6354157086369273e-06
5 51 -1.0659881466395079e-04 2.5767127223271915e-06
5 52 -1.2933142010143777e-04 5.8253244454980482e-06
5 53 -1.8131228891242986e-04 1.2146214507996842e-05
5 54 -2.0946563720250638e-04 -3.4802626325866679e-07
5 55 -2.6028471507069250e-04 4.7690317970936637e-06
5 56 -3.2032608054182344e-04 -3.0600878620207061e-06
5 57 -3.8113331960105691e-04 -2.9866494112545250e-05
5 58 -4.8107307784928523e-04 1.4280228872753405e-05
5 59 -5.6156303986126138e-04 2.0795539355866403e-05
5 60 -6.5544770792350571e-04 -2.7691255721923634e-05
5 61 -7.5431961864074902e-04 -1.8760440492104042e-05
5 62 -8.6749858677592090e-04 -2.6384246425217556e-05
5 63 -9.2937005103055457e-04 -8.2405758677523862e-05
5 64 -1.0241964984638620e-03 -6.9544820551497175e-05
5 65 -1.2897981393085319e-03 1.1548955685374013e-05
5 66 -1.4132136909626276e-03 -5.7161862621954699e-07
5 67 -1.6373583523272468e-03 1.7577019795784498e-06
5 68 -2.1672270773913202e-03 -5.8279210463366158e-05
5 69 -2.5885141892878312e-03 -5.0064208124772510e-05
5 70 -3.3130412102648356e-03 5.2732372189436371e-05
5 71 -4.0525718976167930e-03 1.0313566312199538e-04
6 0 -3.0290225458234179e-03 -2.1368732735121337e-05
6 1 -1.9613050495927934e-03 3.7177439386736820e-04
6 2 -1.7141852443717316e-03 3.1888889679519939e-05
6 3 -1.3059713186459373e-03 4.7241377985120068e-05
6 4 -1.2452737605462073e-03 -4.6141632881466578e-05
6 5 -8.8757203841879310e-04 -8.8827885430217774e-05
6 6 -7.3657074840064352e-04 -2.6240110831543930e-05
6 7 -6.4591070820947661e-04 -8.2911542945061038e-06
6 8 -5.0394969325047803e-04 -1.6360013910925162e-05
6 9 -5.2192110956342773e-04 -3.8222319401090084e-05
6 10 -4.2404724296166016e-04 -3.5810085626308443e-05
6 11 -3.6761914771297013e-04 1.0689834743089847e-06
6 12 -3.2348073623210736e-04 1.2588823337868873e-05
6 13 -2.5071748752872016e-04 -3.7123203064254468e-05
6 14 -1.9146815192686858e-04 -2.4534232932555930e-05
6 15 -1.5902283548057539e-04 2.6150318791687677e-05
6 16 -1.4934216815700122e-04 1.8706197685824479e-06
6 17 -1.3058547917985363e-04 -3.6053810037850034e-07
6 18 -1.1007036664180479e-04 4.5117692330583227e-06
6 19 -8.3742314429699805e-05 -1.4318763003046964e-06
6 20 -9.0361966461459606e-05 -7.5543588763045350e-06
6 21 -8.9434413631711766e-05 2.0918474802178182e-06
6 22 -7.4408179448336639e-05 -8.1806135432637336e-08
6 23 -7.1212051768961197e-05 7.8668519874818436e-06
6 24 -5.9239768494886291e-05 3.0377831954123666e-06
6 25 -4.5857138753488610e-05 -1.8518856257680590e-06
6 26 -3.2539431848271886e-05 -3.2766629646883017e-06
6 27 -2.7672273659473156e-05 1.1083565274126063e-06
6 28 -2.7696287233775871e-05 -1.7808920417624940e-06
6 29 -2.4745254908154190e-05 1.2879913112496903e-07
6 30 -1.7220666028299465e-05 1.4140135517344437e-06
6 31 -1.6526435487635882e-05 -1.2603501816473803e-06
6 32 -1.2931202123471865e-05 -4.5079317964429743e-07
6 33 -1.1498679834648732e-05 7.0792035165003368e-07
6 34 -1.0322932636490736e-05 1.2641681936871426e-06
6 35 -8.9164327069266563e-06 2.0362245491527911e-07
6 36 -8.2122866547457035e-06 7.7724271754856628e-07
6 37 -9.2822845904885977e-06 -4.3610566877260285e-07
6 38 -9.1984872452863381e-06 8.5500660480404740e-07
6 39 -8.9603640124317718e-06 2.6394890052064226e-07
6 40 -1.0941777521348956e-05 4.0931593871792146e-07
6 41 -1.1385507176413595e-05 8.2888422198907029e-08
6 42 -1.0750717933257456e-05 5.9000856560281303e-07
6 43 -1.3346676656665287e-05 -1.1615343907921690e-06
6 44 -1.3727735718967069e-05 -1.3114447792709406e-06
6 45 -2.0102301145984758e-05 2.3243557544924242e-06
6 46 -2.1613093729461886e-05 -1.9642414059869157e-06
6 47 -2.5389341892255054e-05 -3.1622957600420311e-06
6 48 -2.7595764606977765e-05 2.4203073355296353e-06
6 49 -3.1154297251280902e-05 -1.4224649376274391e-06
6 50 -4.8148870182655019e-05 -6.4627772549912956e-07
6 51 -5.7972747315695383e-05 1.4983851389151679e-06
6 52 -6.8197997682600608e-05 3.8145016635621129e-06
6 53 -1.0037858319953229e-04 6.8474462023292887e-06
6 54 -1.0550214003775088e-04 -1.7681727661464034e-07
6 55 -1.2662897389038587e-04 4.2451997884387666e-06
6 56 -1.6840441946459604e-04 -1.0040045573060556e-06
6 57 -1.8972554256163285e-04 -1.2550882683588004e-05
6 58 -2.6249542550427918e-04 1.4678625815019973e-05
6 59 -2.9801141199163085e-04 1.2485220575125800e-05
6 60 -3.6268212051619524e-04 -1.9245559213725398e-05
6 61 -4.0176656572554211e-04 -1.0405727800113761e-05
6 62 -4.8370246999515453e-04 -4.3994715989118365e-06
6 63 -4.9604230399331807e-04 -5.2266163416925205e-05
6 64 -5.4614927953368613e-04 -4.2219330651775196e-05
6 65 -7.2143574968026153e-04 1.2532536831743020e-06
6 66 -7.5374758555316317e-04 1.2231649650803746e-05
6 67 -8.3646249011719190e-04 -2.4226084932127034e-05
6 68 -1.1517340017390928e-03 -5.5665630425793420e-05
6 69 -1.3354075592753500e-03 -1.8603775439970007e-07
6 70 -1.5951696853176794e-03 5.0796005726727631e-05
6 71 -1.7427297506470831e-03 4.8151393691313260e-05
7 0 -1.7049900886392624e-03 -4.5086797215035070e-06
7 1 -9.4552210533736824e-04 3.4669690885328865e-04
7 2 -7.9105411047349279e-04 1.0044583783067314e-04
7 3 -6.1192653707267978e-04 -3.2568242558185692e-05
7 4 -6.8567596729501845e-04 1.9602608405232339e-07
7 5 -4.5336181913119327e-04 -7.9366837354142973e-05
7 6 -3.9052527966254916e-04 -2.5678171670089203e-05
7 7 -3.3254412891606548e-04 5.7602574315389044e-06
7 8 -2.5035514442003437e-04 -1.5637066464932421e-05
7 9 -2.8232540615194746e-04 -4.0293638210467393e-05
7 10 -2.1758209075632318e-04 -3.1233657004425477e-05
7 11 -1.9472883040472564e-04 -1.4313352917989956e-06
7 12 -1.6382318035384319e-04 6.7090572187189161e-06
7 13 -1.3207195326694549e-04 -2.8612996611179636e-05
7 14 -9.9453310469428159e-05 -2.4354773901730488e-05
7 15 -7.8469779876912300e-05 1.9779433639559389e-05
7 16 -7.3433776741667499e-05 -6.3548140604697910e-06
7 17 -7.1032906292197451e-05 2.5247750442096272e-06
7 18 -5.6960581199260916e-05 6.5480920735060696e-07
7 19 -4.3770378019752656e-05 -1.3970770454274334e-06
7 20 -4.8175277340031459e-05 -6.6406112924369160e-06
7 21 -5.4170276592261002e-05 2.9709964738027376e-06
7 22 -4.3120719703267401e-05 -1.4252418619006161e-06
7 23 -4.0177682779025652e-05 5.4873865280783993e-06
7 24 -3.1229524011846429e-05 2.4173538778803775e-06
7 25 -2.4175007400329205e-05 -2.5011025830554195e-06
7 26 -1.6901373204592385e-05 -3.5453365523191533e-06
7 27 -1.3266054561265646e-05 2.6474056987673387e-07
7 28 -1.4615997654298608e-05 -8.6316647028478537e-07
7 29 -1.2976960690194016e-05 5.9829720605040829e-07
7 30 -7.6318356971227145e-06 1.8036284906617239e-06
7 31 -8.7473795976830320e-06 -1.0106301189640672e-06
7 32 -6.7312453976569099e-06 -5.4147833914968905e-07
7 33 -5.1381133070346641e-06 7.0288126906400626e-07
7 34 -5.2787053251463839e-06 9.9597299222255806e-07
7 35 -4.3437219085286094e-06 -7.3167937887587277e-08
7 36 -3.9333363889775992e-06 7.5579801307964865e-07
7 37 -4.8837951650083770e-06 -1.5683139455296797e-07
7 38 -4.6895896749902014e-06 4.6346599905303443e-07
7 39 -4.4583396636504312e-06 2.0514496559517856e-07
7 40 -5.7126156692814616e-06 3.8181375056648309e-07
7 41 -6.0400414430485336e-06 1.6231250978156542e-07
7 42 -5.4091562270062015e-06 5.3646173292208246e-07
7 43 -6.4349025919968839e-06 -5.0908597570345649e-07
7 44 -6.7233302423645510e-06 -1.0258111256152013e-06
7 45 -1.1053539490661328e-05 2.2219720997651483e-06
7 46 -9.3261584469214736e-06 -2.2353951607728511e-06
7 47 -1.3099482401489661e-05 -2.6535509235193759e-06
7 48 -1.2428859271605951e-05 2.4382999492958705e-06
7 49 -1.3543901287403677e-05 -1.7299153114994580e-06
7 50 -2.4146381919701751e-05 -7.9562249946389637e-07
7 51 -3.1751076138036585e-05 8.5854277257112335e-07
7 52 -3.6104083076280398e-05 2.2789772090563585e-06
7 53 -5.5405560223103607e-05 3.1967909876217121e-06
7 54 -5.3424971007371977e-05 1.0265964206954062e-06
7 55 -5.7465169263167887e-05 6.7884329147320252e-06
7 56 -8.8717854368674208e-05 5.6003228535511493e-06
7 57 -9.1272440822688793e-05 2.8742944210752061e-06
7 58 -1.4149875446807208e-04 1.3075967818969856e-05
7 59 -1.5465835506526832e-04 6.3179701884715638e-06
7 60 -2.0169345112547500e-04 -1.5771077672092569e-05
7 61 -2.1729648446529225e-04 -6.3202251949446363e-07
7 62 -2.7116253365742449e-04 1.8009248635228711e-05
7 63 -2.6629830836138682e-04 -3.3145731185353050e-05
7 64 -2.9484890244950494e-04 -2.1266927577403084e-05
7 65 -4.0006014947747330e-04 -3.7583955293256721e-07
7 66 -3.8796356964473450e-04 1.7591689204258990e-05
7 67 -4.2011718964372072e-04 -5.0624972024249788e-05
7 68 -6.1783071337688739e-04 -5.8789017323724746e-05
7 69 -6.8210858142521880e-04 6.3167917189735023e-05
7 70 -7.4882637873618279e-04 5.0949193833062695e-05
7 71 -7.2015909628638560e-04 -4.7152088096662464e-05
8 0 -1.0928640365828477e-03 4.1702497456104909e-05
8 1 -5.0121777585559807e-04 2.6245364213115581e-04
8 2 -3.2780058705293274e-04 9.8258346737452695e-05
8 3 -2.7629318157489959e-04 -1.0033901007551600e-04
8 4 -4.0829879378139508e-04 2.5512129279084171e-05
8 5 -2.2880671974016080e-04 -9.2445586346681549e-05
8 6 -2.0552309010230590e-04 -1.5496796046928901e-05
8 7 -1.6217411324911981e-04 2.1406605537881581e-05
8 8 -1.1310556963263418e-04 -1.4825005454886623e-05
8 9 -1.5616205859083230e-04 -4.0467418459625035e-05
8 10 -1.0950881165044029e-04 -2.0453116426341951e-05
8 11 -1.1355607351075856e-04 -6.2874864538279140e-06
8 12 -7.0169387235905693e-05 -7.6254676816957625e-07
8 13 -6.7155714250320296e-05 -2.2680906135741527e-05
8 14 -4.7163100952999211e-05 -1.5594686573483105e-05
8 15 -3.6125029894455757e-05 1.3216151404868225e-05
8 16 -2.9005603137714175e-05 -1.1055758756345153e-05
8 17 -3.8493143638529862e-05 2.0343192863059123e-06
8 18 -3.0636948693057309e-05 -4.8642781121508968e-06
8 19 -2.4851001772986654e-05 -3.2350521552227285e-06
8 20 -2.6413361809128708e-05 -4.0874772457420523e-06
8 21 -3.4992764729324963e-05 3.3159926473036450e-06
8 22 -2.6189855641791092e-05 -2.9219131013278821e-06
8 23 -2.1091459156564978e-05 5.0778265519704272e-06
8 24 -1.4958299311038509e-05 3.4735002010147599e-07
8 25 -1.3900174454231443e-05 -2.9778175110463105e-06
8 26 -8.7558739885106528e-06 -3.5617927001046417e-06
8 27 -6.2397160967742479e-06 -1.8872037223787503e-07
8 28 -7.7228745544857929e-06 -7.8369790382587610e-07
8 29 -6.5618080960364861e-06 6.7486551897797498e-07
8 30 -2.6395003556846093e-06 1.6738647175985698e-06
8 31 -4.2334110233197777e-06 -6.5084775132036764e-07
8 32 -3.4535489925535368e-06 -7.7527655983415127e-07
8 33 -1.7578130291591203e-06 7.7970433875268596e-07
8 34 -2.7185680649973342e-06 5.9464970485428819e-07
8 35 -1.9200389417286308e-06 -1.4536943779360238e-07
8 36 -1.7296497760166595e-06 8.5188118217816277e-07
8 37 -2.4399374609710577e-06 7.5445136749017486e-08
8 38 -2.4094813844424474e-06 2.3873569704686918e-07
8 39 -2.1576816576886195e-06 2.5513208362459269e-07
8 40 -2.8476230024846992e-06 3.4377175578331725e-07
8 41 -3.0460106346419590e-06 2.0403120687366513e-07
8 42 -2.8231393103485585e-06 4.4938837992475788e-07
8 43 -3.1164478004820055e-06 -8.8585755009322797e-08
8 44 -3.3619353138990573e-06 -1.1898757620397900e-06
8 45 -5.7352783719303915e-06 1.6196427479546553e-06
8 46 -3.3561440580711955e-06 -1.9070737896054319e-06
8 47 -7.1831904493886277e-06 -1.7201306928731578e-06
8 48 -5.2348668028828312e-06 1.8162982633136828e-06
8 49 -4.7201754462799285e-06 -2.2401288347947165e-06
8 50 -1.0788818222737403e-05 -2.5737337572918841e-06
8 51 -1.8594401366624939e-05 7.9158883684285678e-07
8 52 -1.9068286467242852e-05 2.3669330593783335e-06
8 53 -3.0999062690858661e-05 8.7768837064389458e-07
8 54 -2.5162840019831225e-05 1.4523378172973957e-06
8 55 -2.2257669226354333e-05 6.6345436952706926e-06
8 56 -4.3576430100671858e-05 1.0745720307944108e-05
8 57 -4.4314090404085249e-05 9.4313653537629158e-06
8 58 -7.3714053781821599e-05 1.0505590149498477e-05
8 59 -7.3591276718175332e-05 3.1448381975619394e-06
8 60 -1.1812891318848896e-04 -9.0578243386906206e-06
8 61 -1.2102536695619435e-04 5.4732599865144769e-06
8 62 -1.5037860044112022e-04 2.9804724309120363e-05
8 63 -1.4338813352063841e-04 -1.8750229062079046e-05
8 64 -1.6017673512586740e-04 -4.5593782548806830e-06
8 65 -2.1982155554206107e-04 8.8794422968049434e-07
8 66 -1.9132137535171921e-04 1.5256018565304002e-05
8 67 -2.0564153530099611e-04 -5.6170192157703079e-05
8 68 -3.4666252046456437e-04 -8.0730293471444623e-05
8 69 -3.2417153026772399e-04 9.3795303452449304e-05
8 70 -3.4956112533729439e-04 4.4641659270291891e-05
8 71 -2.8211314723245763e-04 -9.3849927264407390e-05
9 0 -6.7459670818200215e-04 2.8652095754953547e-05
9 1 -3.1701782369639533e-04 2.0383440833527096e-04
9 2 -8.5086876106446117e-05 6.9539930699997376e-05
9 3 -1.0557023082714302e-04 -1.0467035242671878e-04
9 4 -2.5191586982610249e-04 4.5167366874274676e-05
9 5 -1.1044410183852073e-04 -1.0892497954618355e-04
9 6 -9.4557457020199852e-05 1.7507896702503432e-06
9 7 -6.4779223407592418e-05 3.0457432001394997e-05
9 8 -3.2554920029509737e-05 -1.0669596246248562e-05
9 9 -7.6499449086054531e-05 -4.1064884080610293e-05
9 10 -6.3246028517635421e-05 5.7227798855486640e-07
9 11 -7.5490215311419719e-05 -1.0316252625555490e-05
9 12 -1.8178716394602512e-05 -4.9079728575529537e-06
9 13 -3.5328402772112128e-05 -1.8702180363806072e-05
9 14 -2.1351073793518652e-05 -6.5170434212834548e-06
9 15 -1.7633181884101986e-05 8.1157114622369002e-06
9 16 -5.6081301455946799e-06 -1.4580327086647481e-05
9 17 -2.0970404756867035e-05 -1.6999090548237065e-06
9 18 -1.8055038274400304e-05 -7.9373085471391006e-06
9 19 -1.5611707049119082e-05 -5.1341424798140522e-06
9 20 -1.6759792624806687e-05 -2.6178631460915790e-06
9 21 -2.3621037446985548e-05 3.9988955442173104e-06
9 22 -1.5322326860649044e-05 -4.1336286985677715e-06
9 23 -1.0203228433210931e-05 6.3799782840032394e-06
9 24 -6.6910716781918353e-06 -1.1716420756116545e-06
9 25 -8.5658180359725536e-06 -3.7233373996392861e-06
9 26 -4.4668410686068013e-06 -2.9725548096795140e-06
9 27 -2.4698406175274304e-06 -5.0399018927658042e-08
9 28 -4.2136897726514358e-06 -7.0051234920115742e-07
9 29 -3.4240259763822613e-06 6.7803563856839723e-07
9 30 -2.7174181056003275e-07 1.3492359198672704e-06
9 31 -1.9126019661287383e-06 -2.5334281959698578e-07
9 32 -1.8755605524956175e-06 -8.7135382979687721e-07
9 33 -2.1466710874966179e-07 8.4148342766966026e-07
9 34 -1.4487782185278732e-06 2.2412685061590282e-07
9 35 -6.7967209652590945e-07 -6.8322211899280007e-11
9 36 -5.5924598572810659e-07 8.6766390692773159e-07
9 37 -9.9087762407222592e-07 1.5506492492425748e-07
9 38 -1.4149609391906636e-06 1.8439601824329414e-08
9 39 -1.0800652778868939e-06 3.4736876091812450e-07
9 40 -1.3852920082845195e-06 3.0305056744781477e-07
9 41 -1.5192354636211729e-06 3.3129419060742173e-07
9 42 -1.5667675517117255e-06 2.9448200030002138e-07
9 43 -1.6629481327849193e-06 -1.5786382399052214e-07
9 44 -2.0597642779864123e-06 -1.6474382780626966e-06
9 45 -2.8340384074227605e-06 1.6267835834423772e-06
9 46 -7.3698239068542082e-07 -1.4632963211989694e-06
9 47 -4.0730220859259969e-06 -5.6417651582862075e-07
9 48 -2.2074287822737215e-06 8.0829210836614949e-07
9 49 -1.6335666167069862e-06 -1.5065901843202798e-06
9 50 -4.5555000113817823e-06 -3.0528232914497043e-06
9 51 -1.0469328630421599e-05 1.7723165267452369e-06
9 52 -1.1839531687337213e-05 2.7267775483167888e-06
9 53 -1.7557435242624370e-05 2.4017085614155347e-06
9 54 -8.7731031522013180e-06 1.8837007147973421e-06
9 55 -6.0936631073279219e-06 2.6381892450467201e-06
9 56 -2.1638845126144290e-05 1.1335869178131123e-05
9 57 -2.2285888690425473e-05 1.1974044456080763e-05
9 58 -3.9030992301734113e-05 4.6470726052256186e-06
9 59 -2.7264745985005744e-05 8.0391436952066214e-06
9 60 -7.0235130936222904e-05 -2.2639044700804109e-06
9 61 -7.5625051974275654e-05 1.0590759298242567e-05
9 62 -8.9252775269084490e-05 2.7811491769644959e-05
9 63 -7.0267216036430861e-05 -1.5944234145288080e-05
9 64 -9.5718234394959640e-05 1.9829348466757249e-06
9 65 -1.2426363228948883e-04 7.3565691619736663e-06
9 66 -9.1956412762824678e-05 5.8706216937435941e-06
9 67 -1.0202959531569756e-04 -5.1847614702828197e-05
9 68 -1.9328963892249783e-04 -8.7701745257867455e-05
9 69 -1.2666788986012283e-04 1.0139036953619216e-04
9 70 -1.3432486581265186e-04 9.8598637698045394e-06
9 71 -9.8453691116749402e-05 -7.7871896970768196e-05
10 0 -3.6875562878264711e-04 7.9494831830421664e-05
10 1 -2.1850583322445552e-04 1.6210309098825873e-04
10 2 4.6231754978067339e-05 6.3058406144646221e-06
10 3 -3.4716483687450645e-05 -9.6173189145572484e-05
10 4 -1.7154754097932690e-04 5.0211380928799596e-05
10 5 -4.4518568079062669e-05 -1.0509958102282374e-04
10 6 -2.2615549783775667e-05 1.4350908255331530e-05
10 7 -3.2180478193190175e-06 2.6339244546777125e-05
10 8 7.2339123842702174e-06 -9.1170791408550337e-06
10 9 -2.5469558856989633e-05 -4.0788567317701575e-05
10 10 -3.6278476882370907e-05 2.5518901671773218e-05
10 11 -4.7831749826455202e-05 -1.3229530993661951e-05
10 12 5.9669331310577960e-06 -9.4657209302365104e-06
10 13 -1.7595381189966331e-05 -1.2495125419098221e-05
10 14 -9.1982375114938953e-06 -4.3486164893020911e-06
10 15 -1.0845246429354972e-05 6.5313666134289872e-06
10 16 3.6102434524332978e-06 -1.5897648652378369e-05
10 17 -1.0934240323665950e-05 -2.7965292796476882e-06
10 18 -1.2446582469900392e-05 -1.0511245542832718e-05
10 19 -1.0207201782375076e-05 -5.8446883599674005e-06
10 20 -1.2739787051562970e-05 3.3261645685225563e-07
10 21 -1.5243119354734381e-05 5.5118423513012865e-06
10 22 -8.2770122698892830e-06 -3.6039508084695442e-06
10 23 -3.7643013329061189e-06 6.5998935429846595e-06
10 24 -3.8642922274907339e-06 -1.4767498781243083e-06
10 25 -5.1803312545245500e-06 -3.3954577556548099e-06
10 26 -2.6019512428073729e-06 -2.1989979279195346e-06
10 27 -3.1150076602572664e-07 -3.4972747998191904e-07
10 28 -3.1714506059771104e-06 -6.2525568950668649e-07
10 29 -1.9379614586370794e-06 4.0396111550554430e-07
10 30 1.1484655995159743e-06 1.0501658097390963e-06
10 31 -6.4589332850287507e-07 5.8570269756761732e-08
10 32 -1.0540350376697080e-06 -7.0847085309576090e-07
10 33 2.5360187278992584e-07 8.5175961695898199e-07
10 34 -8.5950177782325470e-07 -4.0253128820478656e-09
10 35 -3.6490559133224115e-07 7.2539947005502954e-08
10 36 9.5613707296794900e-08 7.4617147645679663e-07
10 37 -2.7050982559605608e-07 -2.3761485795104670e-07
10 38 -9.8222878838280460e-07 -1.2511232845664519e-07
10 39 -7.5849210606338620e-07 4.1744384494964313e-07
10 40 -6.0808537988497722e-07 3.0187657497661995e-07
10 41 -6.4094059043161288e-07 3.9689870018461952e-07
10 42 -8.3773494016531589e-07 8.4081517729914026e-08
10 43 -9.3449912404505189e-07 -4.3668111048998147e-07
10 44 -1.5578351409529889e-06 -2.0858680814218605e-06
10 45 -1.4915918300358516e-06 1.3903694792322823e-06
10 46 1.7459777993437031e-07 -1.4736283131612917e-06
10 47 -2.8329681366651778e-06 7.8056447867118159e-07
10 48 -6.0529889040949898e-07 -2.5793453718544137e-07
10 49 -6.5141847231343862e-07 -6.8034339665744649e-07
10 50 -9.3374127628251383e-07 -1.9538795107993688e-06
10 51 -4.7512334428423212e-06 3.2539762855837479e-06
10 52 -9.1724906030352134e-06 2.8864066964394260e-06
10 53 -1.2254283363887544e-05 4.1094714644244787e-06
10 54 5.1573147860787938e-07 2.6789760189336380e-06
10 55 7.8357399252239518e-07 1.2140808608232828e-06
10 56 -1.3411128072412229e-05 7.8003077659712569e-06
10 57 -1.5317591405067438e-05 1.4954137459556934e-05
10 58 -1.9802891599558253e-05 3.4640892806384596e-06
10 59 -6.9052328361674742e-07 1.4152754076747445e-05
10 60 -4.6732618374122536e-05 5.1455752480078498e-06
10 61 -5.3432409519133549e-05 1.1323631529612911e-05
10 62 -5.4918258354683131e-05 1.9317551493337713e-05
10 63 -3.2939730094862629e-05 -1.6149640750327156e-05
10 64 -6.4197609152911675e-05 -1.7377117277922392e-06
10 65 -6.7504447462740901e-05 5.9141914648110480e-06
10 66 -3.8751209871826693e-05 4.1360682717810388e-06
10 67 -4.9964484543547251e-05 -4.1745759498521062e-05
10 68 -1.1645446940170554e-04 -7.6127140438991638e-05
10 69 -1.0910209461292165e-05 1.4219209079029794e-04
10 70 1.5789825303812227e-05 1.6871753171584971e-06
10 71 -6.9884602977338274e-06 -5.6012610478036007e-05
