0 0 -1.1680783075109911e+00 7.6366964252626983e-21
0 1 -1.7477259573177176e-01 -6.4534099638042535e-20
0 2 -7.6771817881175583e-02 6.8593598672878896e-21
0 3 -4.8683264953292907e-02 -2.6668766334121474e-21
0 4 -3.8542332221342450e-02 -1.0926163208886643e-21
0 5 -3.4476031296776614e-02 -2.5969215026153550e-21
0 6 -3.0412860996846827e-02 -2.3254411417653954e-21
0 7 -2.5303356757331131e-02 -2.4132926687763690e-22
0 8 -2.2057073449276977e-02 2.5842114474172536e-22
0 9 -1.9133522437506569e-02 9.3077331213916673e-23
0 10 -1.6481805010629347e-02 -1.2535269179625651e-23
0 11 -1.3954463629175280e-02 -3.7951850805559395e-23
0 12 -1.1464539897837108e-02 9.7726929336594544e-24
0 13 -1.0013368105297927e-02 7.9402359650849621e-24
0 14 -9.0773682788916135e-03 2.3728703513071742e-23
0 15 -7.9203421154057842e-03 2.3736088078362240e-22
0 16 -6.5582816706508283e-03 9.6080305612189081e-23
0 17 -5.4827693281155445e-03 2.0250126691464336e-22
0 18 -4.5175113324845660e-03 3.9516722650001605e-23
0 19 -3.8967655360378404e-03 -7.7058479042773103e-23
0 20 -3.2912883171052972e-03 9.0257645946713308e-23
0 21 -2.6851725214368165e-03 1.0887989999006757e-22
0 22 -2.0500759714377191e-03 -6.8196332812317010e-23
0 23 -1.5727349767766425e-03 -1.9356658845201262e-23
0 24 -1.2347212756618677e-03 -1.2888921646238948e-23
0 25 -9.7555087495693638e-04 -3.3857676415139930e-23
0 26 -7.6704368897664800e-04 -2.0373287864574236e-23
0 27 -6.3646381901556271e-04 -8.4692165092438092e-24
0 28 -5.2435268286903341e-04 -1.9780071898495763e-23
0 29 -4.3249125827095407e-04 -5.9450127629397080e-25
0 30 -3.9196853912365205e-04 -1.7275338622311713e-23
0 31 -3.7013252044387562e-04 2.0603542052934208e-24
0 32 -3.5425371633935075e-04 -1.7711400132205938e-23
0 33 -3.4978847328449034e-04 7.9070447813684205e-24
0 34 -3.3066756173096918e-04 1.0825737734838596e-23
0 35 -3.0131224344100838e-04 7.4337638316437384e-24
0 36 -2.7510264321362624e-04 -1.5794929504314470e-23
0 37 -2.6426049209730328e-04 -2.6818509292382472e-24
0 38 -2.7699605341581463e-04 -2.5716549210102565e-24
0 39 -3.1941769965215436e-04 1.5409326983208377e-24
0 40 -3.7573525793683924e-04 5.1817384548872112e-24
0 41 -4.1525884550737185e-04 9.3820517211959470e-24
0 42 -4.6370861229310382e-04 8.1415728535560932e-24
0 43 -5.2205413119071540e-04 1.1023505160805536e-24
0 44 -6.1863548283329513e-04 2.3624361555656865e-23
0 45 -7.3872144503925785e-04 2.9986673645855122e-23
0 46 -8.7164694083513192e-04 3.9681178425930733e-25
0 47 -1.1149330273674363e-03 -1.0042300691362637e-23
0 48 -1.4775855317482062e-03 -1.2693344190387265e-23
0 49 -1.8281403339706775e-03 6.3803440067323965e-23
0 50 -2.1493311522713899e-03 -1.2864364871156255e-23
0 51 -2.5848742880775987e-03 -4.6937812606099603e-23
0 52 -3.0310149279912644e-03 1.6629869721735255e-22
0 53 -3.3930768438183985e-03 4.2711040817252804e-23
0 54 -3.6953620332114334e-03 1.1133167500914354e-22
0 55 -3.9594614343013337e-03 -7.1391139782136902e-23
0 56 -4.4662437318499400e-03 9.8620528195159188e-23
0 57 -5.2014926416385837e-03 -7.2138527717555905e-23
0 58 -6.1263816837376821e-03 -1.5029378727723650e-22
0 59 -6.9529849552418940e-03 -5.5287895648513312e-23
0 60 -7.8901902427640173e-03 2.0892122388399829e-22
0 61 -9.2649757969254978e-03 7.2137514348115742e-23
0 62 -1.0491062056508583e-02 6.0909726257299276e-23
0 63 -1.2219539539565534e-02 -1.6764024285288628e-22
0 64 -1.4234316371375335e-02 -2.5364431677993580e-22
0 65 -1.6135608141650108e-02 7.0911826861883592e-22
0 66 -1.9168726545668879e-02 -6.5211277430773865e-22
0 67 -2.3967493548162824e-02 -4.5269894399603878e-22
0 68 -3.1117495640559916e-02 2.5387332353759721e-21
0 69 -4.2749736289866558e-02 9.3206275389856550e-22
0 70 -6.8951501551646047e-02 -1.4182279599609540e-20
0 71 -1.6524441426250019e-01 2.3435290238120638e-21
1 0 -3.5149213168546928e-01 6.2755482417953257e-04
1 1 -1.1198606134107579e-01 1.5360315039320901e-03
1 2 -5.5970476642978217e-02 6.7715409823849093e-04
1 3 -3.6766471468795164e-02 -7.7841516877949379e-05
1 4 -2.9559262776984695e-02 1.4593378138422522e-05
1 5 -2.6437465257215485e-02 -1.5981444225715124e-04
1 6 -2.3141179498716500e-02 -1.5397573684503628e-04
1 7 -1.9269801485302083e-02 -1.4640576911504748e-04
1 8 -1.6845733764795479e-02 -1.5143683450776026e-05
1 9 -1.4667761091383416e-02 1.0526274090554873e-05
1 10 -1.2629701463180704e-02 -1.3761619279346686e-05
1 11 -1.0693351751068563e-02 6.2359542686633780e-05
1 12 -8.7496645421700110e-03 3.2655416680012764e-05
1 13 -7.6734620735407532e-03 -1.0751245630824954e-05
1 14 -6.9675255061292587e-03 7.2782910806215821e-07
1 15 -6.0700863678350035e-03 1.1289852582039930e-05
1 16 -5.0105655817534837e-03 2.2911637594486490e-05
1 17 -4.1998268709599364e-03 3.3477005242509807e-05
1 18 -3.4376717514887521e-03 3.9394037846094005e-05
1 19 -2.9563352090456489e-03 2.8828213913549433e-05
1 20 -2.5054315845963074e-03 9.7453505881333846e-06
1 21 -2.0476405530581586e-03 1.6377156859176783e-07
1 22 -1.5563174328647802e-03 1.2616908372357449e-07
1 23 -1.1996523579011382e-03 -2.1205583925506899e-06
1 24 -9.4002446656758743e-04 -4.4981463876207921e-06
1 25 -7.4096324378411104e-04 -4.7677038001078929e-06
1 26 -5.8425882356000160e-04 9.9117384933513646e-07
1 27 -4.8509574563074031e-04 -1.7086800996470584e-06
1 28 -4.0043976430848488e-04 -2.1558698127971988e-06
1 29 -3.3099893930530258e-04 -8.2764319997095400e-07
1 30 -2.9998882011411779e-04 -1.2013516690732446e-06
1 31 -2.8387990534801586e-04 -1.4196880391938194e-07
1 32 -2.7150314210554937e-04 6.5160487031190053e-07
1 33 -2.6733727894858665e-04 -1.8069988939258812e-07
1 34 -2.5312993838735675e-04 1.9287897590638437e-06
1 35 -2.3000537068912426e-04 -1.0508507216880574e-06
1 36 -2.0922112678887811e-04 -1.3380373358251000e-06
1 37 -2.0073725835375477e-04 2.4935886199363974e-07
1 38 -2.1086490776383676e-04 5.0511599976694487e-07
1 39 -2.4402226430934165e-04 2.6022452116707193e-07
1 40 -2.8716228697505709e-04 2.0096220439056305e-07
1 41 -3.1664331456033565e-04 -4.2104026301976754e-07
1 42 -3.5414638206355241e-04 -8.0187733969738728e-07
1 43 -3.9842179234003347e-04 -8.4291589097520348e-08
1 44 -4.7201634664957679e-04 2.3234467025132124e-07
1 45 -5.6415978964398188e-04 8.8442614025645395e-07
1 46 -6.6626741203072368e-04 2.6839292756475421e-06
1 47 -8.5343959888975419e-04 4.5385388355322384e-06
1 48 -1.1272294090577757e-03 -8.6453167888073890e-07
1 49 -1.3964965132201648e-03 -5.1344486486987655e-06
1 50 -1.6489198862459870e-03 3.0717798043524301e-06
1 51 -1.9797117663668874e-03 3.9575886541477883e-06
1 52 -2.3299138999805301e-03 3.5638750860245834e-06
1 53 -2.6068005465791477e-03 -1.7261136609391599e-06
1 54 -2.8377875123638480e-03 4.2266123363274285e-08
1 55 -3.0406766700321773e-03 -7.2903100961372580e-06
1 56 -3.4223553672648450e-03 -6.0571633084699674e-06
1 57 -3.9928250271476853e-03 -1.8692306828936505e-05
1 58 -4.6973656128176363e-03 4.7398424260551489e-06
1 59 -5.3213824586913847e-03 -2.3497799732695840e-05
1 60 -6.0393248847635033e-03 1.5285741920067886e-05
1 61 -7.0916408444661157e-03 3.1105029151026239e-05
1 62 -8.0431632173712693e-03 3.1025186060612903e-05
1 63 -9.3771536501554772e-03 6.8976132664279476e-05
1 64 -1.0895575718381316e-02 -7.8433060096209895e-06
1 65 -1.2322242455895246e-02 -4.4500149726980235e-05
1 66 -1.4653902036951143e-02 -5.1462478721873798e-05
1 67 -1.8288081958458779e-02 -8.9399431392425433e-05
1 68 -2.3685071655765413e-02 -8.5403804846288867e-05
1 69 -3.2078529356503800e-02 -8.3798695112725870e-05
1 70 -4.9303145211444611e-02 1.5527449795437953e-04
1 71 -9.9672051044574869e-02 -1.8365599293094955e-04
2 0 -1.1119379333424746e-01 -9.2027894552058724e-04
2 1 -5.7012997200733204e-02 9.3751920603866448e-04
2 2 -3.2732125290551140e-02 9.7106284537899637e-04
2 3 -2.2557998085916239e-02 -2.1845475632021057e-04
2 4 -1.8390213003172610e-02 1.9976265135513086e-05
2 5 -1.6347719377606533e-02 -2.6205939676257709e-04
2 6 -1.4136248894573105e-02 -2.1092434065380904e-04
2 7 -1.1877576721725664e-02 -1.9860702290959846e-04
2 8 -1.0416949144494054e-02 -1.6813493833913534e-05
2 9 -9.1543159836500274e-03 1.2198641752844631e-05
2 10 -7.8800743168130852e-03 -1.2460706893703874e-05
2 11 -6.6911344097761519e-03 6.8584729757660028e-05
2 12 -5.4250066256877182e-03 1.8897271053685419e-05
2 13 -4.7982152570767390e-03 -1.8911490144596181e-05
2 14 -4.3490922025656705e-03 2.7920476712721304e-06
2 15 -3.7724263742620620e-03 -1.5475820291712665e-07
2 16 -3.0895230847280001e-03 2.6349151396082646e-05
2 17 -2.6141189213307243e-03 5.0723613001081965e-05
2 18 -2.1070421660393597e-03 4.8442255290860461e-05
2 19 -1.8001389519334721e-03 3.5744819573762821e-05
2 20 -1.5360091183451792e-03 1.8225320074619745e-05
2 21 -1.2595332544606591e-03 2.5211184500328984e-06
2 22 -9.5019030040191749e-04 2.5794897922337665e-06
2 23 -7.3841011704876510e-04 -3.1751879302108728e-06
2 24 -5.7746771581115906e-04 -6.3946537527859965e-06
2 25 -4.5265424130718369e-04 -5.6769141200007007e-06
2 26 -3.5992793310586570e-04 2.2987387702055346e-06
2 27 -2.9877580084312926e-04 -1.7732914483929542e-06
2 28 -2.4825547905791065e-04 -2.8265536333125077e-06
2 29 -2.0615646577527020e-04 -1.4406850579466545e-06
2 30 -1.8660108398850809e-04 -1.6698245201597259e-06
2 31 -1.7761767338217758e-04 2.1790478236157212e-08
2 32 -1.6912260261893092e-04 9.0192230677195355e-07
2 33 -1.6500752265103676e-04 -2.8227913559471040e-07
2 34 -1.5730764124877487e-04 2.0449274739853989e-06
2 35 -1.4264357413913085e-04 -2.1577259044081802e-06
2 36 -1.2833366257412540e-04 -1.9908595273500047e-06
2 37 -1.2263311348335363e-04 4.2215562278684503e-07
2 38 -1.2973492021818131e-04 7.5512901991740265e-07
2 39 -1.5071146826583983e-04 -4.2839355549946210e-07
2 40 -1.7815684879371859e-04 1.8398071889331022e-07
2 41 -1.9422088735939443e-04 -1.1863045403031664e-06
2 42 -2.1887026570918837e-04 -1.0513446238658862e-06
2 43 -2.4607939177369618e-04 4.0313561380346011e-07
2 44 -2.9127058229066680e-04 3.2021437232479712e-07
2 45 -3.4778922006418068e-04 1.5050642936528832e-06
2 46 -4.1314439882976468e-04 4.7182104475067081e-06
2 47 -5.3290215618817646e-04 4.9104006067357264e-06
2 48 -6.9854877423524071e-04 -3.4330754028943253e-07
2 49 -8.6562143192237277e-04 -4.7576739841605795e-06
2 50 -1.0335192737889398e-03 4.7250352784190339e-06
2 51 -1.2401730193143045e-03 7.7759302372119952e-06
2 52 -1.4605757442901998e-03 1.3461524644246073e-06
2 53 -1.6315592362186023e-03 -7.3291450592074781e-06
2 54 -1.7812024520113812e-03 9.0360794650539422e-07
2 55 -1.9103963577425536e-03 -3.5000774832013545e-06
2 56 -2.1442107126080755e-03 -4.6385832029275347e-06
2 57 -2.5022262175472699e-03 -1.8308725231222171e-05
2 58 -2.9465535823505092e-03 -2.0782439573490851e-06
2 59 -3.3093397292404793e-03 -2.5081289839467262e-05
2 60 -3.7596228876838537e-03 8.6507503946841482e-06
2 61 -4.4035743501178145e-03 3.0608135274769680e-05
2 62 -5.0238741860611918e-03 4.5437333569761730e-05
2 63 -5.8713132842630709e-03 8.4723257563603592e-05
2 64 -6.7797299642993131e-03 1.0044670040200006e-05
2 65 -7.6382549602781683e-03 -4.0211223174151690e-05
2 66 -9.0656720177183445e-03 -6.5076075714884447e-05
2 67 -1.1280861904537217e-02 -8.0896574070081652e-05
2 68 -1.4544672179049476e-02 -1.3652746205264653e-04
2 69 -1.9370679783678520e-02 -1.9568388239119374e-04
2 70 -2.8315850969798318e-02 1.4914771668295501e-04
2 71 -4.9002539078504194e-02 -4.3188127822613078e-04
3 0 -3.9840282231976137e-02 -1.1611281570653371e-03
3 1 -2.6851069127121596e-02 -1.0682202040177305e-04
3 2 -1.7566875764242134e-02 8.7965090963987693e-04
3 3 -1.2794241425890255e-02 -1.6958901441692178e-04
3 4 -1.0524989634648242e-02 -5.6943644975798901e-06
3 5 -9.2520503435604209e-03 -3.0163435855031499e-04
3 6 -7.9249919680497004e-03 -1.6629870051536186e-04
3 7 -6.7344275396556616e-03 -1.8394352886862269e-04
3 8 -5.9176165090320228e-03 4.1003441144324331e-05
3 9 -5.3061629062557359e-03 3.2688959828595377e-05
3 10 -4.5507831379358616e-03 1.2644340254183034e-05
3 11 -3.9078447377045170e-03 5.6076908745017987e-05
3 12 -3.1302239549150027e-03 3.7031301046444215e-06
3 13 -2.7974842935249945e-03 -1.4297754800032263e-05
3 14 -2.5005993383684171e-03 8.4530965628102857e-06
3 15 -2.1604730531315196e-03 -4.1391031869147958e-06
3 16 -1.7548983422098034e-03 2.6484986445220900e-05
3 17 -1.5054318870200156e-03 5.7151578625998551e-05
3 18 -1.1862351941348318e-03 4.1836866071523638e-05
3 19 -1.0058332501693330e-03 3.0715390198477194e-05
3 20 -8.6621436728631727e-04 2.0873311262983278e-05
3 21 -7.0885435505019473e-04 1.6142873312521414e-06
3 22 -5.3433102979428681e-04 2.6891632320859531e-06
3 23 -4.1774575602112056e-04 -1.1973339639259951e-06
3 24 -3.2516234486546977e-04 -7.4219895918651072e-06
3 25 -2.5297060374392431e-04 -3.3548433393097183e-06
3 26 -2.0548360409767578e-04 2.2972783324005786e-06
3 27 -1.6975678044215404e-04 -1.5495125481554635e-06
3 28 -1.4201469645252839e-04 -1.8328830042622764e-06
3 29 -1.1906111671034109e-04 -1.4588693138384661e-06
3 30 -1.0789882055520591e-04 -1.6157368632159634e-06
3 31 -1.0357328170785864e-04 2.9254850573199475e-08
3 32 -9.7364218486682724e-05 9.5936785859372558e-07
3 33 -9.3721249814467092e-05 -1.8520703649048878e-08
3 34 -9.0725253230509691e-05 1.5337521337529129e-06
3 35 -8.2356084747064735e-05 -2.6711955387452171e-06
3 36 -7.2432721475765172e-05 -1.6619185514899984e-06
3 37 -6.8261697640670347e-05 7.3665194090697442e-07
3 38 -7.3307615948947887e-05 1.1919025973234194e-06
3 39 -8.5296493823331610e-05 -8.5488664857536006e-07
3 40 -1.0197164594867968e-04 -5.2434292139177266e-08
3 41 -1.0879930874602018e-04 -1.6383708007592232e-06
3 42 -1.2449012806007759e-04 -8.9107800824910443e-07
3 43 -1.3933199738099149e-04 1.2897796406144150e-06
3 44 -1.6538526928155185e-04 5.9305593206969197e-07
3 45 -1.9630570225764884e-04 2.1389928692858144e-06
3 46 -2.3813831985169923e-04 5.5051576887787054e-06
3 47 -3.1018489295887939e-04 3.3100226004289878e-06
3 48 -4.0232166402624775e-04 1.4457134074414065e-06
3 49 -4.9582134148202096e-04 -1.1667674778607170e-06
3 50 -6.0030582008679381e-04 4.6263507877775455e-06
3 51 -7.1849005386621001e-04 1.0982510236480057e-05
3 52 -8.5083293260572522e-04 -2.9621820250089986e-06
3 53 -9.4343855144947712e-04 -1.1126447374527357e-05
3 54 -1.0420672387759491e-03 1.4222377595216259e-06
3 55 -1.1171560992397304e-03 3.7564273631476438e-06
3 56 -1.2534347243292547e-03 1.5277117517884247e-07
3 57 -1.4558893275451183e-03 -1.8990073485018739e-05
3 58 -1.7259853659426976e-03 -1.2096132911782457e-05
3 59 -1.8963606398977749e-03 -2.0834041856947339e-05
3 60 -2.1664021430314062e-03 5.4948970321247179e-06
3 61 -2.5273491650459261e-03 2.4945289972545584e-05
3 62 -2.9015766037938789e-03 4.7759027297416397e-05
3 63 -3.4202120549517746e-03 7.1840264208926510e-05
3 64 -3.9065392446856169e-03 3.2766744835881358e-05
3 65 -4.3629649935550399e-03 -3.3010974056959769e-05
3 66 -5.1720710536337887e-03 -2.8513618361448993e-05
3 67 -6.4300510127957081e-03 -4.5090061180367057e-05
3 68 -8.2124018308610217e-03 -1.2193432501701137e-04
3 69 -1.0733781671510545e-02 -2.3048493655346573e-04
3 70 -1.5031401612674236e-02 3.4626441515974670e-05
3 71 -2.2271215592436694e-02 -6.0003444333285474e-04
4 0 -1.5395247879225759e-02 -1.0953259116931117e-03
4 1 -1.2041706406542422e-02 -5.6218627613956510e-04
4 2 -8.7632226323876988e-03 6.1951458695536326e-04
4 3 -6.8619918671579717e-03 1.1433566967155559e-05
4 4 -5.7474345779946522e-03 -7.2925786130651377e-05
4 5 -5.0204975440796785e-03 -2.9158040162646407e-04
4 6 -4.2417927073111180e-03 -1.6242377190608072e-04
4 7 -3.6477512383011708e-03 -8.5173497955780267e-05
4 8 -3.1997226390727989e-03 6.8969722628521186e-05
4 9 -2.9633611116638642e-03 5.0812273691530174e-05
4 10 -2.5490172385522441e-03 2.5662511206587592e-05
4 11 -2.2093299311477799e-03 4.7901299540298382e-05
4 12 -1.7412058670560741e-03 -1.0652868510555445e-05
4 13 -1.5805577572890884e-03 -8.2902976475798115e-06
4 14 -1.3723669866421890e-03 1.0103472042650183e-05
4 15 -1.1806247891942092e-03 -2.5381785809783458e-06
4 16 -9.6013103695246434e-04 2.8528294902835569e-05
4 17 -8.3047449101773612e-04 4.7879066966308719e-05
4 18 -6.3410382256256733e-04 3.3677149870737141e-05
4 19 -5.3360857426475302e-04 2.1158422211350835e-05
4 20 -4.6859206784027554e-04 1.9074288972864704e-05
4 21 -3.8043877900890332e-04 -1.9001760467791100e-06
4 22 -2.8794626864620286e-04 -7.0528616338556605e-07
4 23 -2.2463425998340070e-04 6.1696800886132872e-07
4 24 -1.7375742716439942e-04 -7.6021439426401968e-06
4 25 -1.3443892154012515e-04 -3.3492123445820603e-07
4 26 -1.1260944023754932e-04 1.6069862894738103e-06
4 27 -9.1806186277287278e-05 -1.1212731011125039e-06
4 28 -7.7793187792001342e-05 -1.1403895730469257e-06
4 29 -6.5277189076892278e-05 -6.2945569013889727e-07
4 30 -6.0262603636646595e-05 -2.0651050683247923e-06
4 31 -5.8339812437667148e-05 -2.6420725974527736e-07
4 32 -5.3503320733629779e-05 1.2426078107304714e-06
4 33 -5.1135751332543453e-05 1.9976758824360737e-09
4 34 -5.0513183332013913e-05 1.3425025050501841e-06
4 35 -4.6358068703067905e-05 -2.4832745351914769e-06
4 36 -3.9014103789242930e-05 -1.3425561828157069e-06
4 37 -3.5963873195913465e-05 1.0968718979467345e-06
4 38 -3.9313382169600742e-05 1.4161584343008728e-06
4 39 -4.5647356771152875e-05 -1.1826787885562322e-06
4 40 -5.6113442329689637e-05 -1.5446513005675610e-07
4 41 -5.7764684325778218e-05 -1.6498532127533310e-06
4 42 -6.7622849778601420e-05 -4.4654456532811750e-07
4 43 -7.5105854329433728e-05 8.5752765956757201e-07
4 44 -9.0053449824713380e-05 8.0788246337035948e-07
4 45 -1.0643105530193133e-04 3.0176143125486105e-06
4 46 -1.3286389282670931e-04 5.3127082989805340e-06
4 47 -1.7387537017789684e-04 2.0297352759177030e-06
4 48 -2.2349498410047025e-04 2.7761574768150876e-06
4 49 -2.7383880814636779e-04 2.6546184762433725e-06
4 50 -3.3075136759768407e-04 5.8818733790270734e-06
4 51 -3.9960604953499703e-04 1.2653933439729941e-05
4 52 -4.8400904198147432e-04 -9.0583361959780989e-06
4 53 -5.2313604276488560e-04 -1.1057447865753292e-05
4 54 -5.8611216840163613e-04 1.6684820069182133e-07
4 55 -6.2471282485701432e-04 7.0519421309226996e-06
4 56 -7.1115382895818591e-04 1.0425452510676266e-06
4 57 -8.2489658226925840e-04 -1.9119535907119734e-05
4 58 -9.8380332905255658e-04 -1.3507042053741297e-05
4 59 -1.0318448729694368e-03 -2.0736205992793501e-05
4 60 -1.1926249802017123e-03 3.3062226785829773e-06
4 61 -1.3817889716270495e-03 1.6137379822567541e-05
4 62 -1.6129494637073282e-03 4.2509441226119188e-05
4 63 -1.9186190521033571e-03 4.2443797444713433e-05
4 64 -2.1641440925527279e-03 5.3624630828503238e-05
4 65 -2.3673840335322214e-03 -2.7698372244262759e-05
4 66 -2.8253497441040895e-03 2.9330975629382579e-05
4 67 -3.5358966993015695e-03 1.3651293425635034e-05
4 68 -4.4337700192697126e-03 -1.0586471850123381e-04
4 69 -5.6906709799409219e-03 -2.2803469022976270e-04
4 70 -7.7533376954285107e-03 -2.7935855078530523e-05
4 71 -1.0216247820972220e-02 -3.8024406560366271e-04
5 0 -6.8941062450614647e-03 -1.2884147811225284e-05
5 1 -5.2033861103150262e-03 -4.6152516656649813e-04
5 2 -4.1096082178225758e-03 3.7077229497928048e-04
5 3 -3.5059626737182154e-03 1.0950029809943296e-04
5 4 -3.0891234997042086e-03 -1.1876940434590737e-04
5 5 -2.6753853485723604e-03 -2.9735639038888596e-04
5 6 -2.2217121536173361e-03 -1.6831487619291643e-04
5 7 -1.9294300090634002e-03 9.7691689706878249e-06
5 8 -1.7059499706705249e-03 7.3410418854975013e-05
5 9 -1.6310869263103293e-03 4.2771397395729050e-05
5 10 -1.4263257175219418e-03 4.4830225716216134e-05
5 11 -1.2250936364379870e-03 2.3401223397186548e-05
5 12 -9.4298690369498108e-04 -2.1406353540792583e-05
5 13 -8.8475574209377259e-04 -1.1313001212807056e-06
5 14 -7.4151468232384638e-04 5.6290625360767739e-07
5 15 -6.2689883734932342e-04 -1.3684177243956394e-05
5 16 -5.1807673506093347e-04 2.2483058171664275e-05
5 17 -4.4384621168347811e-04 3.6858483738503422e-05
5 18 -3.2266961180415387e-04 2.5557373595237164e-05
5 19 -2.7097169533077598e-04 1.2998163322110352e-05
5 20 -2.4729984483862986e-04 1.5464088850649988e-05
5 21 -1.9886941073704990e-04 -3.2995355706068758e-06
5 22 -1.5092161782554012e-04 -3.4722805715628353e-06
5 23 -1.1497211287045892e-04 1.6315219090882902e-06
5 24 -9.1445736371840718e-05 -5.8282094773093465e-06
5 25 -6.9447114580819334e-05 1.5377400348100437e-06
5 26 -6.0771623779171977e-05 4.3426822396363280e-07
5 27 -4.7287316492892945e-05 -9.7611024940351683e-07
5 28 -4.1770506997922237e-05 -1.0681166014643070e-06
5 29 -3.4276910074966784e-05 3.3417080772171257e-07
5 30 -3.3224675585248096e-05 -2.2709605516159332e-06
5 31 -3.2454400061308596e-05 -3.7611127937186380e-07
5 32 -2.8672635628015655e-05 1.4801045360208958e-06
5 33 -2.7014235104253075e-05 -3.5000483631285353e-07
5 34 -2.7805199136569616e-05 1.3560534753177514e-06
5 35 -2.5518376236549709e-05 -1.6584455237853865e-06
5 36 -2.0371396390574246e-05 -1.0688020570290259e-06
5 37 -1.8385931299919324e-05 1.3751774305863440e-06
5 38 -2.0194806895324669e-05 1.0401041976743956e-06
5 39 -2.3383877010458548e-05 -1.4141129675955540e-06
5 40 -3.0240381990685541e-05 3.6749752462091845e-07
5 41 -2.9255747935592990e-05 -1.7037180551575700e-06
5 42 -3.5799175926847770e-05 -1.4050406710999374e-07
5 43 -3.8771174020503938e-05 5.3662305740877828e-07
5 44 -4.7239866051173816e-05 7.1002690373751355e-07
5 45 -5.6726895401523799e-05 2.9526029458241371e-06
5 46 -7.2416729622905122e-05 3.8894317965914146e-06
5 47 -9.4336943916334024e-05 1.1057687493124229e-06
5 48 -1.2173014602639131e-04 4.2067909529481986e-06
5 49 -1.4982515263293781e-04 4.0993304978238097e-06
5 50 -1.7328739515690042e-04 5.4840625403736023e-06
5 51 -2.1678834403322979e-04 1.2738637291341270e-05
5 52 -2.7618793177487840e-04 -1.2773236741845201e-05
5 53 -2.8111549553933094e-04 -9.0671925968142443e-06
5 54 -3.2078771212953899e-04 -3.8495546758339304e-07
5 55 -3.3568175027867670e-04 9.2046200824368019e-06
5 56 -4.0002122883378040e-04 -9.2417433715447113e-07
5 57 -4.6564947625678065e-04 -1.6391747306868601e-05
5 58 -5.5139615936035358e-04 -1.1626490077857634e-05
5 59 -5.4070133803919981e-04 -2.9178830698884206e-05
5 60 -6.3272249561530851e-04 -6.8443083245816643e-06
5 61 -7.2497949960765283e-04 -1.0986399389367219e-06
5 62 -8.7488505871354514e-04 2.8855309296120390e-05
5 63 -1.0344806379964534e-03 1.1889567405045169e-05
5 64 -1.1599213248516891e-03 5.7098214518700744e-05
5 65 -1.2429834446786383e-03 -2.9794605853065873e-05
5 66 -1.5001341146827286e-03 5.4479374057103168e-05
5 67 -1.9007193471141880e-03 3.2932490827004693e-05
5 68 -2.3532965101178802e-03 -7.2688896146517595e-05
5 69 -2.9295534672752984e-03 -1.5800590522035507e-04
5 70 -3.9528536687859755e-03 -8.6114210387087386e-05
5 71 -4.6310563721893841e-03 -2.0544341840228255e-04
6 0 -2.9572503722614415e-03 4.4488987778881583e-04
6 1 -2.3167840776451695e-03 -3.0118315744415543e-04
6 2 -1.8453019751727025e-03 2.2198536110518849e-04
6 3 -1.7568446316651790e-03 1.7219564542229288e-04
6 4 -1.6682815516979943e-03 -1.1635250722434614e-04
6 5 -1.4170080276392247e-03 -3.3107923446442354e-04
6 6 -1.1726399898428083e-03 -1.4125030242455872e-04
6 7 -1.0569268948001709e-03 6.3544417296686057e-05
6 8 -8.9984771265427051e-04 6.8499647366421438e-05
6 9 -9.0444465667150647e-04 3.5632020746164091e-05
6 10 -8.2592574248786994e-04 5.5394588000367247e-05
6 11 -6.6512276027837149e-04 -8.2616190351371926e-06
6 12 -4.9515107997945642e-04 -1.1703654961757597e-05
6 13 -4.8863798859465708e-04 -2.4875666361848715e-06
6 14 -4.0036013962892159e-04 -1.3741232227894088e-05
6 15 -3.2103883040724551e-04 -2.2029355441698964e-05
6 16 -2.7936299047752526e-04 1.5267532184651322e-05
6 17 -2.2564979983672920e-04 3.0137471463653185e-05
6 18 -1.6112371230677508e-04 1.8802284526619178e-05
6 19 -1.3194266894999990e-04 5.8465475074206250e-06
6 20 -1.2711687986605079e-04 1.4375814291713646e-05
6 21 -1.0740863076226090e-04 -2.4984758365991889e-06
6 22 -7.6760335901911216e-05 -2.9223196910347228e-06
6 23 -5.4398775327434291e-05 2.2871304413150766e-06
6 24 -4.9323176785565592e-05 -3.7147699161977133e-06
6 25 -3.5174106946877412e-05 1.3918876844848351e-06
6 26 -3.2878291925593371e-05 -1.6430399280929624e-07
6 27 -2.2774892579209402e-05 -1.0341292550610797e-06
6 28 -2.2134145390047192e-05 -6.6515482755271656e-07
6 29 -1.7363244098020635e-05 7.4409328940224293e-07
6 30 -1.8656122041248752e-05 -2.1152695318072127e-06
6 31 -1.8368908165158456e-05 -4.8581697930344653e-07
6 32 -1.5000828892610976e-05 1.6153969380713807e-06
6 33 -1.3692917169321671e-05 -5.5789846085615889e-07
6 34 -1.5232472129215922e-05 1.6655797262163787e-06
6 35 -1.3551071241059009e-05 -7.9098053972211025e-07
6 36 -1.0433437976216882e-05 -8.4279070857307101e-07
6 37 -9.2410772799640274e-06 1.3234870190753359e-06
6 38 -9.9104169106334084e-06 4.2890424476592189e-07
6 39 -1.1468204748439799e-05 -1.2805865231910936e-06
6 40 -1.5971294610779200e-05 1.0253354191554807e-06
6 41 -1.3882437039399843e-05 -1.6142539428421036e-06
6 42 -1.8476046926595673e-05 -3.7570425361392004e-07
6 43 -1.9541160953991771e-05 3.6376989943413656e-07
6 44 -2.3917000972422580e-05 9.8868456035484990e-07
6 45 -2.9971121090866553e-05 2.3284816848466186e-06
6 46 -3.8933786268548386e-05 2.5355740117886294e-06
6 47 -4.9121330723201957e-05 6.1875844061591802e-07
6 48 -6.4196382302908724e-05 3.4422104154585400e-06
6 49 -8.0705450051409382e-05 4.7447754686213540e-06
6 50 -8.6549053081874997e-05 3.5095168663269780e-06
6 51 -1.1552463976177318e-04 1.1556587370832351e-05
6 52 -1.5869687370150508e-04 -1.4180393705236857e-05
6 53 -1.4578938608015624e-04 -9.1243432703638579e-06
6 54 -1.7499342782999549e-04 8.3555255347719055e-07
6 55 -1.7602184265038030e-04 8.4528093947984427e-06
6 56 -2.2575336081277279e-04 -4.8226700410770695e-06
6 57 -2.6456385305519017e-04 -1.5021244359685800e-05
6 58 -3.0432220213452157e-04 -5.5204592528944777e-06
6 59 -2.8096779664620855e-04 -3.9479570625357979e-05
6 60 -3.2828738045269026e-04 -1.1065272975573874e-05
6 61 -3.7483141915332311e-04 -2.7384940642610729e-05
6 62 -4.5519719403429212e-04 1.8779611738390789e-05
6 63 -5.3150996591699265e-04 -2.6533124671749069e-06
6 64 -6.0321742031131914e-04 4.1973597625956825e-05
6 65 -6.3373306105967699e-04 -3.3232523981455403e-05
6 66 -7.8027148410591770e-04 5.8787921616779588e-05
6 67 -1.0070113649754192e-03 4.5681900105396717e-05
6 68 -1.2080750705915795e-03 -3.4733189806453128e-05
6 69 -1.4968053252233870e-03 -1.2349833806774832e-04
6 70 -2.0854313421524205e-03 -9.8016126430926754e-05
6 71 -2.0956775122112979e-03 -1.8789199168734161e-05
7 0 -1.0805983467552611e-03 7.6452167017572643e-04
7 1 -1.0415637913844104e-03 -1.0660641030997538e-04
7 2 -7.8013460895691065e-04 5.0963978968749605e-05
7 3 -8.2165553367357248e-04 1.5509625994148478e-04
7 4 -9.1295110096406855e-04 -7.2002369908626102e-05
7 5 -7.5160529155135925e-04 -3.5873829470927710e-04
7 6 -6.5874169121504659e-04 -7.1807452559263405e-05
7 7 -5.8921020556650409e-04 8.1506681026374104e-05
7 8 -4.6643097687982442e-04 7.0395603176305960e-05
7 9 -5.0290278940194188e-04 3.7102586781879499e-05
7 10 -4.9218757455485253e-04 5.0937423030084267e-05
7 11 -3.4403058268754855e-04 -2.7053201365029502e-05
7 12 -2.5447186996082423e-04 4.3528833538749024e-06
7 13 -2.7326823279094403e-04 -2.0388583649938583e-06
7 14 -2.1835570544821064e-04 -1.9728423532192476e-05
7 15 -1.6146373424241652e-04 -2.1305694012012227e-05
7 16 -1.4715436051696058e-04 7.1118989762538568e-06
7 17 -1.0936927857066427e-04 2.3862999297172970e-05
7 18 -8.2956566907313638e-05 1.4229728237956724e-05
7 19 -5.9864923415405326e-05 2.7166552989676712e-06
7 20 -6.4911878867288911e-05 1.3941507337453277e-05
7 21 -6.1370403044822428e-05 -4.3532044130653468e-06
7 22 -3.8057507625894483e-05 -2.7533042554674159e-06
7 23 -2.2707466675398799e-05 4.1080277758303328e-06
7 24 -2.7330181289975383e-05 -1.9812274864712190e-06
7 25 -1.7966412165632655e-05 3.9339131921804557e-07
7 26 -1.7585056466031502e-05 -1.6524223487924166e-07
7 27 -1.0358726869754332e-05 -7.5780940382800222e-07
7 28 -1.1386004129949115e-05 -1.7803529678326339e-07
7 29 -8.7033039869654990e-06 8.7357001948469996e-07
7 30 -1.0571765503517696e-05 -1.6834151703412948e-06
7 31 -1.0443280453476060e-05 -5.9799135341315483e-07
7 32 -7.7809080301751546e-06 1.5834188099332324e-06
7 33 -6.3714754211854498e-06 -6.1534708142926916e-07
7 34 -8.2101564030803937e-06 1.6036021870388218e-06
7 35 -6.9227821837267588e-06 -3.6018326945347030e-07
7 36 -5.0763112381938260e-06 -8.1103301108903189e-07
7 37 -4.4757207973102539e-06 1.0443830196694633e-06
7 38 -4.7365773373872981e-06 1.7103753454139681e-07
7 39 -5.3099845823803501e-06 -9.9573128587062508e-07
7 40 -8.2819935496274861e-06 1.7270743093850737e-06
7 41 -6.1909399382486043e-06 -1.3802540499663278e-06
7 42 -9.1141367909350477e-06 -3.1062503264301617e-07
7 43 -9.7698536550649297e-06 4.8949306174541775e-07
7 44 -1.1873999568051290e-05 5.0957676867533404e-07
7 45 -1.5739741417068991e-05 1.0991642086019903e-06
7 46 -2.1066427768513179e-05 1.4280924329578922e-06
7 47 -2.4254485348791503e-05 6.4279556203098384e-07
7 48 -3.3686611448304710e-05 1.2452378735035704e-06
7 49 -4.0919280803451915e-05 3.4384191726012143e-06
7 50 -4.3767801098934120e-05 1.6159232601042358e-06
7 51 -5.8230043881486657e-05 1.0087474645830240e-05
7 52 -9.1707089416865522e-05 -1.5548074691098813e-05
7 53 -7.7544038780223649e-05 -1.1550995644936976e-05
7 54 -9.8418821535403161e-05 -4.4084495605570136e-07
7 55 -8.9264940632847754e-05 6.3289531230179708e-06
7 56 -1.3003401506383921e-04 -7.9046441049341473e-06
7 57 -1.5228125865001277e-04 -1.5799614153702563e-05
7 58 -1.6258909072789334e-04 2.1557468201003458e-06
7 59 -1.5303701266099339e-04 -4.6250308891373735e-05
7 60 -1.7512619414011940e-04 -9.9914158298937573e-06
7 61 -2.0203826398422446e-04 -4.7068059692500695e-05
7 62 -2.2412490298259091e-04 4.9136823032403379e-06
7 63 -2.5707362826763846e-04 -1.1896747905618272e-05
7 64 -3.1053655899039638e-04 2.2629505823119961e-05
7 65 -3.1885313671086579e-04 -3.2696147286798541e-05
7 66 -3.9434560048317847e-04 5.3370554245982685e-05
7 67 -5.2821044294428670e-04 5.0446670760557338e-05
7 68 -5.8553341237794630e-04 6.8489666986188881e-06
7 69 -7.5957023783167947e-04 -1.2105459362060246e-04
7 70 -1.1392305441236406e-03 -5.1536957822681570e-05
7 71 -9.9320148330491148e-04 9.7910815784269377e-06
8 0 -7.7635260725721013e-05 6.0628650053822669e-04
8 1 -4.7351171328879774e-04 -6.4302980235605056e-05
8 2 -3.2984743830814138e-04 -9.5194344641008830e-05
8 3 -2.8039756180135201e-04 7.4072586595036777e-05
8 4 -5.4327660474228965e-04 -3.8172210499312635e-05
8 5 -4.2411768190934752e-04 -3.5119720415251768e-04
8 6 -3.9038540350348999e-04 -1.0479605609074668e-05
8 7 -3.1299959180512449e-04 8.0577588706702552e-05
8 8 -2.3119390931445875e-04 6.0638747774799747e-05
8 9 -2.8921045672142807e-04 3.5810133444226512e-05
8 10 -3.0915034231001481e-04 3.7639099968559869e-05
8 11 -1.6644667331219005e-04 -3.0895509582608764e-05
8 12 -1.4055918163836340e-04 1.0975472993703130e-05
8 13 -1.5218588488421857e-04 -8.0399832989019125e-06
8 14 -1.2096936913457919e-04 -1.8244627920257331e-05
8 15 -8.3278725719697699e-05 -1.6133186235088135e-05
8 16 -6.9560711789793954e-05 2.2367250804131539e-06
8 17 -4.9475054455610468e-05 2.1269585130804163e-05
8 18 -4.3626880474741414e-05 1.0023353747966164e-05
8 19 -2.2107651670277884e-05 6.7757146815267075e-06
8 20 -3.4749110562664806e-05 1.4725913560015235e-05
8 21 -3.6722094098056256e-05 -6.4410583559749941e-06
8 22 -1.8364719172728337e-05 -2.8162627577453021e-06
8 23 -8.6236687771528842e-06 5.2715436256940423e-06
8 24 -1.5177546054929068e-05 1.9489911160596007e-07
8 25 -9.6673966541674964e-06 4.4969782041667027e-07
8 26 -9.2284023990177821e-06 -1.0157815058732571e-06
8 27 -4.3615852937222800e-06 -7.8708145891015429e-07
8 28 -5.1622827845885819e-06 2.2132232219576398e-07
8 29 -4.6474719368803644e-06 7.4292251918992783e-07
8 30 -6.1347079468414219e-06 -1.0538153254261827e-06
8 31 -5.8106354450023832e-06 -6.7745785328549740e-07
8 32 -3.9095901890435855e-06 1.4437250914998698e-06
8 33 -2.5137785117715636e-06 -7.1049829409076262e-07
8 34 -4.4162662082677816e-06 1.3383975180604117e-06
8 35 -3.5148214397657950e-06 -2.9352312549867334e-07
8 36 -2.2526174263857347e-06 -6.2570744509863011e-07
8 37 -1.9972789645921894e-06 9.5888503884589473e-07
8 38 -2.3688885349529074e-06 1.8643287090037492e-07
8 39 -2.2322709936118144e-06 -7.8078352112824211e-07
8 40 -3.7673958252497677e-06 1.7956480949164839e-06
8 41 -2.9858306517539900e-06 -1.2494609511677068e-06
8 42 -3.8467552335420815e-06 -1.4698367066928882e-08
8 43 -4.6738020054818859e-06 7.3425999960894962e-07
8 44 -6.0858519562441541e-06 -9.5486698930483139e-08
8 45 -8.6490139525082108e-06 4.2431845620949485e-09
8 46 -1.0228021370758168e-05 8.6935595579426268e-07
8 47 -1.0466401656066359e-05 1.7982309051148636e-06
8 48 -1.7190077173557607e-05 2.7631272885161551e-08
8 49 -1.9741916870476233e-05 2.3160968699224614e-06
8 50 -2.2991714285543911e-05 -1.7669708951723436e-06
8 51 -2.7736312475418367e-05 9.0743891493473100e-06
8 52 -5.3820998291459768e-05 -1.1822825106838007e-05
8 53 -4.3833671508967970e-05 -1.1158268148096649e-05
8 54 -5.8805668220410622e-05 -1.9722213029077110e-07
8 55 -4.3176548265810466e-05 7.0521534833394755e-06
8 56 -7.7273905090894569e-05 -8.1304310426520551e-06
8 57 -9.0078629324828009e-05 -1.2742396622419887e-05
8 58 -8.6840714391691462e-05 4.7085488415437980e-06
8 59 -8.6587360538502268e-05 -4.6331061360416145e-05
8 60 -9.8925765797977473e-05 -8.3644096566853659e-06
8 61 -1.1965721113849145e-04 -4.3716694921969855e-05
8 62 -1.0508061929314699e-04 -8.6879265918978124e-06
8 63 -1.2299974771525811e-04 -1.1666778485295047e-05
8 64 -1.5677495752929708e-04 5.1709936311910640e-06
8 65 -1.6553224133248235e-04 -2.8917037103461584e-05
8 66 -1.9000240388045381e-04 3.4003143665498856e-05
8 67 -2.5357287044728297e-04 1.7080216505295472e-05
8 68 -2.9000877990214608e-04 3.0301328781824689e-05
8 69 -3.6944627561477688e-04 -1.2963925470973561e-04
8 70 -6.2573420198384596e-04 2.5586501370351294e-05
8 71 -5.2697414329703606e-04 -4.9690563248161091e-05
9 0 9.9369445540121984e-05 3.2762799154444056e-04
9 1 -3.0318076506496045e-04 -1.0021157390650735e-04
9 2 -1.3424461816756447e-04 -1.2810051650516212e-04
9 3 -2.3920905969409113e-05 -8.7781288735974690e-07
9 4 -3.7623087866777045e-04 -4.0866579225214692e-05
9 5 -2.3198786502767114e-04 -3.0309344971377587e-04
9 6 -2.3308066759990389e-04 5.9622980954853008e-06
9 7 -1.5353951082502470e-04 4.5137169335335588e-05
9 8 -1.1441401046567907e-04 3.6165036196761771e-05
9 9 -1.6847105909488524e-04 3.1926275069265954e-05
9 10 -1.9639776227124857e-04 1.0769269825311196e-05
9 11 -7.3189695377118904e-05 -3.5873234184745360e-05
9 12 -8.3512016486189783e-05 8.0336161011454266e-06
9 13 -8.3062337923908675e-05 -2.2220796236452169e-05
9 14 -6.4858571066514668e-05 -9.7295295969428357e-06
9 15 -4.4840753820442595e-05 -1.2238723865247332e-05
9 16 -2.6064947941550108e-05 -1.1354044329365179e-06
9 17 -2.5205361504831810e-05 1.7287965095851097e-05
9 18 -2.3438482176826951e-05 4.9665535638482859e-06
9 19 -1.7219454182290760e-06 1.1056202638849027e-05
9 20 -1.8452809002743684e-05 1.4044615245894861e-05
9 21 -2.3656773354645075e-05 -5.5528643620106886e-06
9 22 -8.8205517190356090e-06 -2.4417773908893452e-06
9 23 -2.7653127049009609e-06 4.3458772186629942e-06
9 24 -8.3156963724054245e-06 2.1986213419937753e-06
9 25 -5.9751794838126885e-06 9.8284961433011046e-07
9 26 -5.1697305907708059e-06 -1.9837789617237483e-06
9 27 -1.4366692411668431e-06 -2.6664829997221181e-07
9 28 -1.7814948552370154e-06 5.6725069274889700e-07
9 29 -2.3506604320755687e-06 4.6046313563643459e-07
9 30 -3.6323679287782258e-06 -5.0966038669068882e-07
9 31 -2.8572348737192116e-06 -9.3036693307285365e-07
9 32 -1.8995461026324583e-06 1.1325477549363979e-06
9 33 -6.4112848081756633e-07 -9.2425473295880455e-07
9 34 -2.2374720119138710e-06 9.2435244972503657e-07
9 35 -1.8541261362542500e-06 -5.4289558984981176e-07
9 36 -7.8557877111677070e-07 -2.9336306056561701e-07
9 37 -8.2538863667364089e-07 7.0602053495648649e-07
9 38 -1.3645070941348997e-06 4.5579825723927889e-07
9 39 -9.1410898374444195e-07 -4.8906763445694983e-07
9 40 -1.1463887590992912e-06 1.6470319211874163e-06
9 41 -1.6428602887811570e-06 -8.2415206796561805e-07
9 42 -1.7601417320144327e-06 7.8536689163593145e-08
9 43 -2.5532200858675674e-06 1.3883294381207797e-06
9 44 -3.4290864813526489e-06 -6.1183857126709390e-07
9 45 -5.2529917914089728e-06 -6.3362597478742888e-07
9 46 -4.1339991592977852e-06 1.7493317290168752e-07
9 47 -3.1985198845029047e-06 4.0361884892404520e-06
9 48 -8.4679404619361196e-06 -3.6220582643402472e-07
9 49 -9.7387211983317206e-06 1.6818832251693265e-06
9 50 -1.2447323209362873e-05 -3.4811364653094330e-06
9 51 -1.1584043868082918e-05 6.3463647028587372e-06
9 52 -3.2607654635306061e-05 -5.0127408912998900e-06
9 53 -2.8356868820440628e-05 -1.3715996918525297e-05
9 54 -3.1983187312252496e-05 3.2168896044242534e-06
9 55 -1.6382110594333099e-05 6.6107382642902121e-06
9 56 -4.6236598022747305e-05 -7.0019541160542728e-06
9 57 -5.1867909433743437e-05 -7.6191374578470866e-06
9 58 -5.2143265694278263e-05 3.9500053921545424e-07
9 59 -4.5508086254893837e-05 -4.2336156439369626e-05
9 60 -6.2771601035718603e-05 -7.8306717973625643e-06
9 61 -7.3953595289577033e-05 -2.8271731860576700e-05
9 62 -6.1184312189151282e-05 -1.6000963141473042e-05
9 63 -6.7599618397579117e-05 -3.9546042943352911e-06
9 64 -8.6465618415737584e-05 2.9792343800130816e-06
9 65 -8.7348903912301296e-05 -2.3392992294784531e-05
9 66 -9.7210309804754793e-05 1.6335023655022320e-05
9 67 -8.7423627308946629e-05 -1.6134648297071312e-05
9 68 -1.4689714659313509e-04 4.6223980063874939e-05
9 69 -1.5663191424094476e-04 -1.3938012043651800e-04
9 70 -3.2785699139077271e-04 3.6899687621261621e-05
9 71 -2.5479163008549683e-04 -1.5401909062346850e-04
10 0 -9.2187056247902579e-05 1.5949981467725701e-04
10 1 -2.3655629129362777e-04 -3.1818904992487897e-05
10 2 -5.6050144807151723e-05 -1.0164786248020729e-04
10 3 8.3025974212779796e-05 -2.6171313672836309e-05
10 4 -2.5402324811828067e-04 -4.5334668328516230e-05
10 5 -1.0926914120552339e-04 -2.2743545593707025e-04
10 6 -1.3381963930255260e-04 1.8089517812016981e-05
10 7 -7.6845777816136396e-05 -1.0177660042970369e-05
10 8 -4.8883874793174259e-05 3.7740627093791006e-05
10 9 -9.7798131738772466e-05 1.9175953828076013e-05
10 10 -1.3642245329415265e-04 -3.6268396168808817e-05
10 11 -1.7941611663696977e-05 -4.1939817583048449e-05
10 12 -4.7322490118821395e-05 2.8121856415273147e-06
10 13 -4.5258206233623934e-05 -2.8942214853686469e-05
10 14 -2.2109943909736524e-05 2.3770818131838100e-06
10 15 -2.3516054065626274e-05 -1.4865177738019236e-05
10 16 3.4230804902491443e-07 -5.2030417643160452e-06
10 17 -1.7444974627348629e-05 1.4093152026954934e-05
10 18 -1.0648884427310267e-05 5.0682619774121377e-07
10 19 5.7138251539927035e-06 1.6266509619840116e-05
10 20 -1.1227430121821192e-05 1.1578534556115606e-05
10 21 -1.5886456926352528e-05 -2.5221881718174412e-06
10 22 -2.5600282987583545e-06 -1.5080288005308293e-06
10 23 -1.4194291974521237e-07 3.0404909951941061e-06
10 24 -4.0948696913734465e-06 2.4317395663435808e-06
10 25 -3.6088365757161336e-06 1.0243712661154597e-06
10 26 -3.1295949515087395e-06 -2.3937463826194855e-06
10 27 -2.5759710709074174e-08 2.8656405939910562e-07
10 28 -6.1647159860339878e-07 2.3250425154823264e-07
10 29 -8.5008088527873984e-07 1.7056749164796366e-07
10 30 -2.1420259218885510e-06 -1.5520116036446958e-07
10 31 -1.1626716142623211e-06 -9.1075501672564202e-07
10 32 -7.1941005925856116e-07 7.3695523044564946e-07
10 33 2.4541674477960661e-07 -8.3807342585664446e-07
10 34 -1.3694957422954946e-06 3.9771028421273302e-07
10 35 -1.0638439901727475e-06 -8.7912557534145020e-07
10 36 9.0170882092464713e-08 -2.8375185187371774e-07
10 37 -3.6824923382729518e-07 2.6689719386880574e-07
10 38 -8.8843367225887508e-07 4.5459909026197452e-07
10 39 -4.1847411294817604e-07 -1.7428685226929906e-07
10 40 9.0138165020217564e-08 1.5607386938815692e-06
10 41 -1.0425627217124735e-06 -4.2107217623034595e-07
10 42 -1.1692127722125501e-06 -3.3349973669912020e-07
10 43 -1.6469751678647996e-06 1.9982746627422937e-06
10 44 -2.3009184966191146e-06 -3.8485146214768704e-07
10 45 -2.8431154687663790e-06 -7.1573047479392387e-07
10 46 -1.4809026771837801e-06 -9.2603897464922326e-07
10 47 1.0083759344237455e-06 5.6005374446850827e-06
10 48 -4.4104045292105292e-06 -1.4506733287817471e-08
10 49 -4.0969352248021016e-06 2.1588703487802912e-06
10 50 -6.9377683717462704e-06 -2.8890738830075617e-06
10 51 -5.4287955213080089e-06 4.1978027137384423e-06
10 52 -1.8801152705142251e-05 1.0356827661179466e-06
10 53 -1.8195836935855636e-05 -1.1564429724813533e-05
10 54 -1.2950041486377022e-05 6.0109745149118574e-06
10 55 -2.8377030801200802e-06 6.5513707673698104e-06
10 56 -2.8419797645083982e-05 -1.7649206731325085e-06
10 57 -2.7629508388659634e-05 -1.2234846749793455e-06
10 58 -3.2165299964039327e-05 -7.9216487120830518e-06
10 59 -1.6798227415702962e-05 -3.8862950004464982e-05
10 60 -4.0016925731275854e-05 -1.0067100146277081e-05
10 61 -3.8154622230746570e-05 -1.2801373311343147e-05
10 62 -4.9256165088418539e-05 -2.0714553148266017e-05
10 63 -4.1421518364332803e-05 2.9242329137736174e-06
10 64 -5.2293784596680258e-05 8.3813222811702311e-06
10 65 -5.5869490229518461e-05 -2.1693769895102152e-05
10 66 -6.2203210778332383e-05 4.6156292978802097e-06
10 67 -6.6864521916471629e-08 -3.1675001305520929e-05
10 68 -7.5628015677941342e-05 4.6488675782912932e-05
10 69 -5.0120184361568324e-05 -1.3171629863889257e-04
10 70 -1.4263043648323363e-04 -1.2966039029988680e-06
10 71 -1.5751848274419457e-04 -2.0881342542134539e-04
