0 0 -1.1677649255940219e+00 4.7355167165081434e-19
0 1 -1.6035351416813093e-01 -1.4822881551635860e-19
0 2 -6.5201675488342478e-02 -6.8810854886288404e-21
0 3 -4.1255993796191034e-02 7.7966398916405154e-21
0 4 -3.2030096139394941e-02 1.0501964490407211e-21
0 5 -2.8212090242614559e-02 1.1400351398211545e-21
0 6 -2.5375856161290882e-02 -4.5106435132896945e-23
0 7 -2.2197306813404004e-02 5.4736447599641366e-22
0 8 -1.8807444222367905e-02 3.1333946209097165e-22
0 9 -1.6159520113708057e-02 -1.4547155320423217e-22
0 10 -1.3567137134812723e-02 1.0601363329542612e-22
0 11 -1.0887954996443131e-02 1.9475387169840392e-22
0 12 -8.7961007985549403e-03 -5.7599630332883937e-22
0 13 -7.3052727841521909e-03 3.9681720426026857e-22
0 14 -6.2167386369612020e-03 7.5840302548193368e-23
0 15 -5.4034491332157425e-03 -1.3137039457045061e-22
0 16 -4.8950712326241890e-03 9.0512440541932003e-23
0 17 -4.6264473224817936e-03 -2.6295666334296215e-22
0 18 -4.3261631659602517e-03 2.3325287778907583e-23
0 19 -3.8608350159009125e-03 -4.8534472820509292e-23
0 20 -3.1886139262345342e-03 -1.2165090496494261e-22
0 21 -2.5734741608058409e-03 1.9168765604671179e-23
0 22 -2.1636769275995248e-03 -5.1676603495773508e-23
0 23 -1.8065241670776936e-03 -1.1106985277468464e-23
0 24 -1.5755285742879124e-03 3.1504847448911068e-23
0 25 -1.3219621874114378e-03 -3.3698897708660445e-23
0 26 -1.0941563609021009e-03 -5.4405930228798901e-24
0 27 -9.1063841787461541e-04 -2.1871474728154199e-24
0 28 -7.3338640638092288e-04 3.6051777673584676e-23
0 29 -5.8715524444493360e-04 -4.2637438624008812e-24
0 30 -4.8790408636962309e-04 1.5760717980939708e-23
0 31 -4.0831204748733956e-04 -8.2086671779815903e-24
0 32 -3.4379502277636867e-04 4.7963884651312261e-24
0 33 -2.9912786885895646e-04 -1.1156412128173440e-23
0 34 -2.7510004215385258e-04 -3.9702561448496869e-24
0 35 -2.6332603356202673e-04 -7.8653297046973728e-24
0 36 -2.6097078099312018e-04 7.7653862604992999e-24
0 37 -2.5245941447371513e-04 5.7985428130458423e-24
0 38 -2.4134839553086355e-04 1.1547116032009902e-24
0 39 -2.3788725450957281e-04 -2.4040725942349980e-24
0 40 -2.4742062105271526e-04 -4.8805990319101714e-24
0 41 -2.6775350125961424e-04 -4.4135537171552834e-24
0 42 -2.8733698981346146e-04 -3.6028834721625658e-24
0 43 -3.1674295520183740e-04 -2.3954560153542676e-23
0 44 -3.6558600944387623e-04 1.1833722296653640e-23
0 45 -4.5323924850084379e-04 8.7307655522925928e-24
0 46 -5.9079232512589098e-04 3.4111607694601778e-24
0 47 -7.5225620900157286e-04 2.0387811644646676e-23
0 48 -9.5202261117370741e-04 1.9356348721594095e-24
0 49 -1.1384240232634184e-03 -3.7814122385502863e-23
0 50 -1.3704414403664243e-03 1.2846258632865268e-24
0 51 -1.6567066955185587e-03 -6.0602073329147711e-23
0 52 -2.1982446408299596e-03 1.2381848308213300e-22
0 53 -2.9986661925924499e-03 -9.0858773710149166e-23
0 54 -3.5420921157290610e-03 7.3289449984472644e-23
0 55 -3.7941540578579091e-03 4.5727102781710153e-23
0 56 -4.1966980991260186e-03 -3.6612113878204656e-23
0 57 -4.6828311548535772e-03 -5.2753633814853913e-23
0 58 -5.4353030092668718e-03 7.8505045468774812e-23
0 59 -6.1165312676425337e-03 -1.2013089759903935e-22
0 60 -6.5130084068265445e-03 2.8382905080016611e-22
0 61 -7.0479523868640925e-03 3.4824004198073335e-23
0 62 -7.7433367620584320e-03 -1.7207509131219483e-22
0 63 -8.4238838970301811e-03 -8.2219848741096689e-23
0 64 -9.7231565024445896e-03 -2.2046942528151462e-22
0 65 -1.1872676208259185e-02 1.1970423856608307e-22
0 66 -1.4200929871593436e-02 -2.0921507146299819e-22
0 67 -1.8087825730218339e-02 -1.5799564515188836e-21
0 68 -2.5901875783419123e-02 -1.3975238452271727e-22
0 69 -4.2196868380548751e-02 -1.1175364595769266e-21
0 70 -7.4567680384222235e-02 -1.6443270961468057e-20
0 71 -1.7452487208178408e-01 1.3362070847563955e-19
1 0 -3.4737135994977930e-01 -1.2523330628172616e-03
1 1 -1.0015029562108255e-01 4.6951798834889206e-04
1 2 -4.7532539515116531e-02 -2.9243683545996789e-04
1 3 -3.1109404409769642e-02 -1.1348233806079710e-04
1 4 -2.4305927518578758e-02 -1.9122139960258709e-05
1 5 -2.1470315167595549e-02 -1.1664360762441793e-04
1 6 -1.9425757966398477e-02 -3.2596923209341675e-05
1 7 -1.7027385865436308e-02 5.5883636593454295e-05
1 8 -1.4346115666913994e-02 3.8504492457977936e-05
1 9 -1.2317648802432133e-02 -2.5228543499700540e-05
1 10 -1.0300952617275195e-02 1.1176832007105977e-05
1 11 -8.3097503575055923e-03 -1.2989834199527608e-05
1 12 -6.7309469740467484e-03 -2.8927302265994209e-05
1 13 -5.6062338341507038e-03 2.5277918462941233e-06
1 14 -4.7798293413236510e-03 -5.2418337385303067e-06
1 15 -4.1409661490854552e-03 -1.0554457360437181e-06
1 16 -3.7604282120390839e-03 -8.1292925000099236e-06
1 17 -3.5475573446501190e-03 -3.3098200658920370e-06
1 18 -3.3119711490599587e-03 -3.1138999341335431e-07
1 19 -2.9553398302394791e-03 -5.7512163768569257e-06
1 20 -2.4461842363413464e-03 1.1845369071629318e-05
1 21 -1.9733559428904211e-03 1.9895088734401532e-05
1 22 -1.6535393461169104e-03 7.5221125439549253e-06
1 23 -1.3787765802366382e-03 6.7610622107534624e-06
1 24 -1.1992915857360709e-03 -5.8020426945260682e-06
1 25 -1.0130236772781184e-03 -3.3221973564662136e-06
1 26 -8.3651601516671146e-04 3.5091531059268991e-06
1 27 -6.9660374191354813e-04 2.3152274097294238e-06
1 28 -5.6034269438615754e-04 -4.3061051278280585e-07
1 29 -4.4843878086280075e-04 -3.5315640303105386e-07
1 30 -3.7360946548158102e-04 7.2570711692301696e-07
1 31 -3.1120643790329301e-04 8.0258947742741356e-07
1 32 -2.6250837532007244e-04 5.6559113634367882e-07
1 33 -2.2883217251870597e-04 4.6226380599376859e-07
1 34 -2.1012719335814834e-04 2.6953353704921481e-07
1 35 -2.0130717598280639e-04 3.8522025769742574e-07
1 36 -1.9964768495638437e-04 1.2230865313200598e-06
1 37 -1.9294247313636961e-04 -3.6728919946755521e-07
1 38 -1.8474466774881764e-04 -2.1402218424918649e-07
1 39 -1.8115740605285458e-04 1.4033192342261756e-07
1 40 -1.8856561404670752e-04 2.3943965972811297e-07
1 41 -2.0398934046581549e-04 -6.1988337064350068e-07
1 42 -2.1861404985904393e-04 3.8733386937560376e-07
1 43 -2.4163188063696219e-04 1.0027968794471379e-06
1 44 -2.7838533417834182e-04 7.5392116221870073e-07
1 45 -3.4335623205486714e-04 1.6645814673007532e-06
1 46 -4.4982861648423366e-04 -9.0986389070005775e-07
1 47 -5.7434456143670221e-04 -7.3215667106096129e-07
1 48 -7.2486207813057552e-04 -3.8980497675592565e-06
1 49 -8.7070346518544910e-04 -6.6039397129131503e-06
1 50 -1.0445769876347153e-03 4.3547517164649179e-07
1 51 -1.2603788670318338e-03 3.7513244609154988e-06
1 52 -1.6727971242236003e-03 -3.2715916767837600e-06
1 53 -2.2935628302037598e-03 1.2033294666914914e-05
1 54 -2.7186501243397602e-03 9.1971927059831765e-06
1 55 -2.9060913495823244e-03 -6.4632430981634774e-07
1 56 -3.2179777885596129e-03 1.8887177326213335e-08
1 57 -3.5798581580513888e-03 -1.7778366485499308e-05
1 58 -4.1483688333537197e-03 -1.9583155628898320e-05
1 59 -4.6823416366058648e-03 -1.0351875130879291e-05
1 60 -4.9747595757679139e-03 4.8302001108749441e-06
1 61 -5.3712816016463156e-03 -2.4815346001543147e-05
1 62 -5.9165517177871604e-03 -2.8017997447592345e-05
1 63 -6.4403030557139643e-03 -6.5158785633102987e-06
1 64 -7.3904801888930501e-03 -3.6102769795055764e-05
1 65 -9.0377536370273952e-03 -1.1357585856834901e-05
1 66 -1.0828245578027154e-02 1.5525652447127739e-05
1 67 -1.3714032249729606e-02 8.1418866607312453e-05
1 68 -1.9495559825230654e-02 -7.6766411292093133e-05
1 69 -3.1678078545047429e-02 -5.4597206153810954e-05
1 70 -5.4070751869308181e-02 8.7873453482562283e-05
1 71 -1.0959860945249590e-01 7.1684570512010653e-04
2 0 -1.1090641474489353e-01 -9.8938056148837597e-04
2 1 -5.1659959194429006e-02 8.0075248238902321e-04
2 2 -2.7808670462628568e-02 -2.7215922616299866e-04
2 3 -1.8881724531937611e-02 -2.1694612596150883e-04
2 4 -1.4855447193284908e-02 -1.1913642715238173e-06
2 5 -1.3173825292546777e-02 -1.6940166819162444e-04
2 6 -1.2110897381566042e-02 -8.3102012844298817e-05
2 7 -1.0653415468642810e-02 7.1889765139858714e-05
2 8 -8.8777253977275587e-03 5.5148527023755008e-05
2 9 -7.6483152634748185e-03 -3.2623531877221440e-05
2 10 -6.2954966075984050e-03 2.1894491680513342e-06
2 11 -5.1462597325277314e-03 -1.6341040857564560e-05
2 12 -4.1757409574006725e-03 -4.4618549178629654e-05
2 13 -3.4921769346079900e-03 -1.0163893618258270e-06
2 14 -3.0048406838426951e-03 -4.5525064459133281e-06
2 15 -2.5766333742375221e-03 -2.0628706574072619e-06
2 16 -2.3568146035804443e-03 -1.4894446433091161e-05
2 17 -2.2115995812342672e-03 -2.1173886311261171e-06
2 18 -2.0589603912218352e-03 -2.5143984106454437e-06
2 19 -1.8330302948778192e-03 -8.0143342213598010e-06
2 20 -1.5324577478714027e-03 1.6146258212429134e-05
2 21 -1.2344772559629504e-03 2.4395073231997075e-05
2 22 -1.0261524746032335e-03 1.0188711513447059e-05
2 23 -8.5407846882811780e-04 1.1322323314639397e-05
2 24 -7.3708373838197885e-04 -9.2441028542220197e-06
2 25 -6.2940946429910106e-04 -3.8613030852238647e-06
2 26 -5.1813590786962331e-04 4.3139534344309653e-06
2 27 -4.3093406642626125e-04 2.9282873501434790e-06
2 28 -3.4639272312027118e-04 -5.9718404014432986e-07
2 29 -2.7826138694914663e-04 -1.4356321671780171e-06
2 30 -2.3250302862118103e-04 3.9364707659468327e-07
2 31 -1.9087488865712136e-04 1.2670128658881616e-06
2 32 -1.6242214885530247e-04 7.9367769697325081e-07
2 33 -1.4309502757136304e-04 6.9075678648106608e-07
2 34 -1.3036848870719066e-04 3.4449463832203263e-07
2 35 -1.2513020926533980e-04 4.6336138865339936e-07
2 36 -1.2447082238773276e-04 1.2863572163005384e-06
2 37 -1.1928246125594112e-04 -5.7773594945456791e-07
2 38 -1.1505183375018183e-04 -4.0701028397029769e-07
2 39 -1.1182928098056424e-04 4.5643995925621237e-07
2 40 -1.1654799030465351e-04 3.0823030974451524e-07
2 41 -1.2601679446667702e-04 -4.3946374344489544e-07
2 42 -1.3425352133468441e-04 3.6426407413371195e-07
2 43 -1.4908598566768837e-04 1.3297713643139613e-06
2 44 -1.7176509936627998e-04 1.0489085552784475e-06
2 45 -2.0903633843757404e-04 2.5245417946863151e-06
2 46 -2.7666777956987087e-04 -2.7710288152867030e-07
2 47 -3.5550297919976852e-04 -6.4303794808642366e-07
2 48 -4.4516962497434450e-04 -4.0387483113976959e-06
2 49 -5.3922053934651101e-04 -6.0289471085917247e-06
2 50 -6.4180550586835454e-04 3.3711681280763486e-06
2 51 -7.7391531068453367e-04 6.6592091584287411e-06
2 52 -1.0277063299658680e-03 -2.7386473667576519e-06
2 53 -1.4166997175000906e-03 1.8222242251459533e-05
2 54 -1.6900556528727474e-03 1.0105133008256297e-05
2 55 -1.8170695918060425e-03 6.2417525686584148e-06
2 56 -2.0029956934854067e-03 -1.0907584271634759e-05
2 57 -2.2095710167114807e-03 -1.9005211612305968e-05
2 58 -2.5410162526761440e-03 -3.6790103738001166e-05
2 59 -2.9062908861707103e-03 -1.2574718764468093e-05
2 60 -3.0818796825835266e-03 1.5827132863302469e-05
2 61 -3.3056397945836966e-03 -4.2503381963097879e-05
2 62 -3.6602560933598569e-03 -3.9989924637655639e-05
2 63 -3.9931958677698063e-03 -5.7714319534819919e-06
2 64 -4.5366365468038307e-03 -4.3731016398792499e-05
2 65 -5.5715369629979047e-03 -2.8429145839799701e-05
2 66 -6.6999765624960695e-03 2.7577928004657908e-05
2 67 -8.4127593153244494e-03 6.8498625169461481e-05
2 68 -1.1703489941324335e-02 -7.2036485294873527e-05
2 69 -1.9069526032057468e-02 6.4138628117623887e-05
2 70 -3.0771519805455422e-02 -1.0966239468723520e-04
2 71 -5.5860602101602930e-02 8.1384442457835531e-04
3 0 -3.8629831366945713e-02 -1.0849868723729408e-03
3 1 -2.5376174974162748e-02 7.7809803858200637e-04
3 2 -1.4758132858579827e-02 -3.1019036240434249e-04
3 3 -1.0622883515981110e-02 -2.1649382319583854e-04
3 4 -8.3820267132157303e-03 -1.7771527674155018e-05
3 5 -7.3869141498935590e-03 -1.7806057909252441e-04
3 6 -7.0194124166588325e-03 -1.0750755770559964e-04
3 7 -6.1940518151293528e-03 5.2299204420790708e-05
3 8 -5.1181681250749419e-03 3.6552449137873057e-05
3 9 -4.4193792721921414e-03 -2.8103381359233009e-05
3 10 -3.5380175613887815e-03 -2.6305255687611735e-05
3 11 -2.9545462007249598e-03 -1.5058051795981719e-05
3 12 -2.3881861347203144e-03 -4.9697143078589099e-05
3 13 -2.0022593937839236e-03 -6.3072623393983024e-06
3 14 -1.7594481689272655e-03 -3.6786309280168845e-06
3 15 -1.4787438857801227e-03 -7.9374858899014783e-06
3 16 -1.3754749991422620e-03 -2.3401993099737328e-05
3 17 -1.2771509971751618e-03 -1.9984677939952692e-06
3 18 -1.1799119439111743e-03 -8.8705115472070831e-06
3 19 -1.0436756890112621e-03 -8.1099110267806290e-06
3 20 -8.9178583454606211e-04 1.2752762955730575e-05
3 21 -7.1621778048899679e-04 1.8136862125501831e-05
3 22 -5.8990285703781865e-04 1.2318564006266593e-05
3 23 -4.9229215406157260e-04 1.1140442812694166e-05
3 24 -4.1954857355651294e-04 -9.5018401949563054e-06
3 25 -3.5997020864194599e-04 -3.3724221093527936e-06
3 26 -2.9486209779635859e-04 3.9927035291636530e-06
3 27 -2.4404564717430227e-04 3.2955207894248988e-06
3 28 -1.9724960410267731e-04 1.2911055792939486e-07
3 29 -1.6016558079734566e-04 -2.3099677581757526e-06
3 30 -1.3366904374420257e-04 4.2518032354841035e-08
3 31 -1.0772851172819217e-04 1.2526523720905518e-06
3 32 -9.3129333357513125e-05 5.3918608777022240e-07
3 33 -8.3306757201349505e-05 6.3525175222340153e-07
3 34 -7.4570065277704872e-05 2.0999514087999480e-08
3 35 -7.1855648422044366e-05 -1.7126502615696069e-07
3 36 -7.2525435863535559e-05 7.7940520154907622e-07
3 37 -6.8129763910569036e-05 -9.2842957407285034e-07
3 38 -6.6338556648478790e-05 -6.8840409680751566e-07
3 39 -6.3890227031352363e-05 9.8867106025734598e-07
3 40 -6.6678964482314219e-05 2.0124612092804703e-07
3 41 -7.1999515841689364e-05 -4.2084638286292477e-08
3 42 -7.6027668700277086e-05 4.0059579976867841e-07
3 43 -8.5000202484839218e-05 9.8679712001901351e-07
3 44 -9.8218909644994163e-05 1.1908540578572452e-06
3 45 -1.1743186781844470e-04 2.5021341660155170e-06
3 46 -1.5608245391367383e-04 1.4400602850112001e-06
3 47 -2.0311289564707715e-04 -3.7822568790682118e-07
3 48 -2.5214894539473607e-04 -3.6027044806426384e-06
3 49 -3.0788349801745996e-04 -4.9996709544605617e-07
3 50 -3.6258260606407048e-04 4.7606781736389283e-06
3 51 -4.3644731498012766e-04 8.6389895564949675e-06
3 52 -5.8362094782126643e-04 2.0831772802729890e-06
3 53 -8.0621976538591052e-04 2.1150943346442380e-05
3 54 -9.6599202749820558e-04 1.1462297987367190e-05
3 55 -1.0543672486698669e-03 1.1348390687989502e-05
3 56 -1.1513580456121134e-03 -1.8023495978434734e-05
3 57 -1.2554417559617502e-03 -1.5126989811048636e-05
3 58 -1.4163680565730970e-03 -4.0015871854713495e-05
3 59 -1.6608030345456890e-03 -3.5560846868297567e-06
3 60 -1.7680960184645116e-03 1.6239833986675484e-05
3 61 -1.8855310703638558e-03 -4.3638536859036343e-05
3 62 -2.0928289396265512e-03 -3.1023920654606680e-05
3 63 -2.2940018233883743e-03 -4.6034249678522724e-07
3 64 -2.5616204517836744e-03 -3.4156314630388186e-05
3 65 -3.1767851475776941e-03 -4.3599402097763838e-05
3 66 -3.8098342124429831e-03 3.8300144369194933e-05
3 67 -4.7549630895117245e-03 1.7877161724089024e-05
3 68 -6.4123249358542817e-03 -2.1435309769404830e-05
3 69 -1.0740787528976146e-02 9.7019664742198095e-05
3 70 -1.6090638673433952e-02 -4.3854829582278270e-04
3 71 -2.7012287624242456e-02 5.9344438067106893e-04
4 0 -1.4016976642107458e-02 -4.1699862793080086e-04
4 1 -1.2186785025087660e-02 2.4978929560047074e-04
4 2 -7.4818819180462173e-03 -3.8150896793797599e-04
4 3 -5.7996986590692955e-03 -1.7187619306998335e-04
4 4 -4.5680110497032097e-03 -3.8831942466427676e-05
4 5 -3.9249373868075997e-03 -1.4054656144419083e-04
4 6 -3.9142257963201560e-03 -7.6443109832228734e-05
4 7 -3.4765482508015179e-03 2.8044677812953755e-05
4 8 -2.8651727393760235e-03 1.3037909797495341e-06
4 9 -2.4578806881460601e-03 -3.2370093761373702e-05
4 10 -1.9045958808505165e-03 -4.6225702520350729e-05
4 11 -1.6200408658557366e-03 -8.0337997454175062e-06
4 12 -1.3064975268430674e-03 -4.9553969878102863e-05
4 13 -1.0990129313492242e-03 -5.2501234896474465e-06
4 14 -9.9514325844911019e-04 -2.7964201602778161e-06
4 15 -8.1263480739407414e-04 -1.2508022358047347e-05
4 16 -7.7514326701068445e-04 -2.2206662823567354e-05
4 17 -7.0782824340765555e-04 -1.7456207026615283e-06
4 18 -6.4113102154049234e-04 -1.2925139117881856e-05
4 19 -5.6169844574794269e-04 -7.1287028681078161e-06
4 20 -4.9763704932413461e-04 1.2264855771264556e-05
4 21 -3.9703933402327352e-04 9.0961920701951154e-06
4 22 -3.2911354751759546e-04 1.3757460910241211e-05
4 23 -2.7358414334249792e-04 8.0071999905813174e-06
4 24 -2.3056097845204550e-04 -8.0387240562053562e-06
4 25 -1.9458569762996838e-04 -1.7266486414620133e-06
4 26 -1.5971985026621757e-04 4.2311067418680790e-06
4 27 -1.3067971662807202e-04 4.6436563902321011e-06
4 28 -1.0702476690431820e-04 1.4045378396295894e-06
4 29 -8.8720656924643133e-05 -2.8404007691105557e-06
4 30 -7.3770308217976810e-05 -3.0315084894865717e-07
4 31 -5.7968652385104886e-05 1.1247300569955371e-06
4 32 -5.1420800421052896e-05 6.6661346623934180e-07
4 33 -4.7141959309923438e-05 3.1522694969925190e-07
4 34 -4.0782799755556542e-05 -4.6963119406290966e-07
4 35 -4.0087439884254365e-05 -6.5201254405016599e-07
4 36 -4.1009214491897808e-05 1.8692003524966701e-07
4 37 -3.7426991302075132e-05 -1.0081544991950096e-06
4 38 -3.6775517416840099e-05 -7.8225207019738927e-07
4 39 -3.5153890471899397e-05 1.3341316720389576e-06
4 40 -3.6763260169952056e-05 -4.4130530719898949e-08
4 41 -3.9402735887307972e-05 2.0840817221471032e-07
4 42 -4.1258868519589991e-05 3.2923219296777421e-07
4 43 -4.6350877962009614e-05 6.8879175732903761e-07
4 44 -5.4127905563266455e-05 1.1442028813361700e-06
4 45 -6.3112705600898160e-05 1.9252432693515178e-06
4 46 -8.3074808479987857e-05 1.4420964407201230e-06
4 47 -1.1204234643484703e-04 -1.5267623694406657e-07
4 48 -1.3682476398768409e-04 -2.6122320731759431e-06
4 49 -1.6754753577533432e-04 3.9248688891038746e-06
4 50 -1.9433036980709184e-04 1.9915467884858558e-06
4 51 -2.3421074399777991e-04 7.1854406724124805e-06
4 52 -3.1548357201662013e-04 2.6385750752319057e-06
4 53 -4.3759056754425098e-04 2.2063762842700953e-05
4 54 -5.2324472721715885e-04 1.4029777794826886e-05
4 55 -5.9171910878280849e-04 3.1127122484412070e-06
4 56 -6.2906717712525259e-04 -2.3774630936957316e-05
4 57 -6.8114647717503027e-04 -9.8141094734637528e-06
4 58 -7.4316968905819105e-04 -3.1381365230475532e-05
4 59 -9.0403183622801198e-04 6.3901791882871464e-06
4 60 -9.7451307235531595e-04 5.9977716725089611e-06
4 61 -1.0438555111980437e-03 -3.7346011130657842e-05
4 62 -1.1469928899656347e-03 -1.6255550122134965e-05
4 63 -1.2699626453165844e-03 6.9272985427093144e-06
4 64 -1.3841331148962013e-03 -2.2924995207030642e-05
4 65 -1.7371866735152387e-03 -6.0106193535999920e-05
4 66 -2.0731674559001773e-03 2.9406339467590498e-05
4 67 -2.5350787622188333e-03 -2.1108771507997901e-05
4 68 -3.2865849064508353e-03 3.1472259820207564e-05
4 69 -5.9328857920843041e-03 1.4867206259188438e-05
4 70 -8.2702294240851321e-03 -4.1802639285098102e-04
4 71 -1.2338644094948649e-02 4.2719066891647090e-05
5 0 -5.6553837658961711e-03 -1.2703139175312996e-04
5 1 -5.6878645248799797e-03 -1.9572825537849813e-04
5 2 -3.6919671369347639e-03 -5.1459439672606048e-04
5 3 -3.1055125591787727e-03 -1.2892377346207672e-04
5 4 -2.4659558536691221e-03 -2.1834841517565800e-05
5 5 -2.0188551954219243e-03 -1.2714465521018324e-04
5 6 -2.1423947847814982e-03 -7.9796502670364971e-06
5 7 -1.8915898196093215e-03 -1.5281644848737435e-05
5 8 -1.5700195063600847e-03 -3.5880035369554469e-05
5 9 -1.3451165529810125e-03 -3.1417240737299982e-05
5 10 -1.0031220105116419e-03 -3.7676717877108517e-05
5 11 -8.6187723925208206e-04 -4.4589878542025772e-08
5 12 -6.9355279841751922e-04 -5.5568674054430674e-05
5 13 -5.9279649575768516e-04 -3.5378211852866143e-06
5 14 -5.4310633719398824e-04 -3.3943179185196219e-06
5 15 -4.4060885855973253e-04 -1.3267114635520857e-05
5 16 -4.2821188254523536e-04 -1.4723359027570888e-05
5 17 -3.8309893227293584e-04 4.6809025118843869e-06
5 18 -3.3640262084699954e-04 -1.5825755803864337e-05
5 19 -2.8746858557378768e-04 -6.4624427332644895e-06
5 20 -2.6977188276141559e-04 1.3866396653706155e-05
5 21 -2.1292340453290596e-04 3.5920423113435967e-06
5 22 -1.8181696444162171e-04 1.4824531013234080e-05
5 23 -1.4692679110417489e-04 5.2266491717536753e-06
5 24 -1.2338238644042215e-04 -7.2604015129986192e-06
5 25 -1.0195090090795885e-04 -1.4073558301101680e-06
5 26 -8.4469117484735503e-05 3.8507972666395070e-06
5 27 -6.7185284463732993e-05 4.8279638707152988e-06
5 28 -5.6024958205667255e-05 2.1758009167573312e-06
5 29 -4.7120188856854237e-05 -3.2060074757112527e-06
5 30 -3.9540078795506480e-05 -6.6662330518789747e-07
5 31 -2.9746927065097106e-05 8.2020770035138186e-07
5 32 -2.7822652359367568e-05 1.3647640934534448e-06
5 33 -2.6595025723820889e-05 2.6667156971715137e-07
5 34 -2.1280188566270437e-05 -4.1933453786019328e-07
5 35 -2.2435362939369670e-05 -1.1535897748760167e-06
5 36 -2.2727723989673755e-05 -3.7102814064115644e-07
5 37 -2.0072684994534978e-05 -7.3435003861249782e-07
5 38 -1.9694370425207721e-05 -6.8336462419259781e-07
5 39 -1.9133582159135004e-05 1.4995625744077930e-06
5 40 -1.9935841474871677e-05 -1.8030682756146003e-07
5 41 -2.0892596028164980e-05 3.8091216310033095e-07
5 42 -2.1906981909297713e-05 2.4833708657547231e-07
5 43 -2.4427470857186772e-05 8.2167139294755796e-07
5 44 -2.9288413424449543e-05 7.0406428793175817e-07
5 45 -3.3164137733032780e-05 1.4632874736599071e-06
5 46 -4.2009189619032265e-05 5.4827406610475114e-07
5 47 -6.1002833600983905e-05 -4.5598667022102190e-07
5 48 -7.1602173527202925e-05 -1.8679206938177886e-06
5 49 -8.7544523947137156e-05 5.7204099540963269e-06
5 50 -1.0045633823241377e-04 -1.5756772007015390e-06
5 51 -1.2179738418225168e-04 2.0978308321997889e-06
5 52 -1.6051742920935626e-04 1.1879873255871465e-06
5 53 -2.2852784166358926e-04 2.2199260389202600e-05
5 54 -2.6647230350817852e-04 1.1038812276880511e-05
5 55 -3.2468659962978330e-04 -6.7995042256506063e-06
5 56 -3.2829762864160282e-04 -3.0053150777665559e-05
5 57 -3.5714585249708845e-04 -3.2130428282420150e-06
5 58 -3.7411473958601346e-04 -2.6422756516715390e-05
5 59 -4.7689154780353817e-04 2.1021396532096689e-06
5 60 -5.2266212787497755e-04 -6.1400649392055815e-06
5 61 -5.7396094007231956e-04 -2.7319962078205958e-05
5 62 -6.0734708392321771e-04 -7.2506223676983905e-06
5 63 -6.8405334369614783e-04 5.9800926615276516e-06
5 64 -7.3160409425661072e-04 -2.0109130271478521e-05
5 65 -9.2776081955848403e-04 -6.8144963013189988e-05
5 66 -1.0979441969425794e-03 1.6573001290802147e-05
5 67 -1.2897319047445912e-03 -3.9308273517832573e-05
5 68 -1.5629111177811324e-03 4.4932099950402233e-05
5 69 -3.1316085340676683e-03 -1.0947854824882592e-05
5 70 -4.2959340254377625e-03 -1.4562558527726589e-04
5 71 -4.9649710510864245e-03 -4.9999885940498509e-04
6 0 -2.6971300528909792e-03 -1.0157022793587634e-04
6 1 -2.6520591882873094e-03 -2.3539014027355111e-04
6 2 -1.7893179200341720e-03 -5.3096203500122778e-04
6 3 -1.6589239820760336e-03 -1.3410085836503547e-04
6 4 -1.3232898068000760e-03 5.0135950416891772e-06
6 5 -1.0037823142031112e-03 -1.4718130302666545e-04
6 6 -1.1920370029622155e-03 6.3906704452873863e-05
6 7 -1.0015620728335358e-03 -5.5540365465261624e-05
6 8 -8.3450361832579291e-04 -4.9461122099562753e-05
6 9 -7.3062183330785142e-04 -2.9746326618997822e-05
6 10 -5.3183094208089502e-04 -2.8721412884473201e-05
6 11 -4.4912246316350081e-04 1.1074058252638552e-05
6 12 -3.5054474680366161e-04 -5.4613775552985040e-05
6 13 -3.2212296847678471e-04 -3.5007822124256898e-06
6 14 -2.8604051450299624e-04 -1.1117492330283770e-05
6 15 -2.3558052869792712e-04 -1.5734907725332209e-05
6 16 -2.3128337269039546e-04 -3.5453010577423597e-06
6 17 -2.0362902496102553e-04 1.0376119301202225e-05
6 18 -1.7492859068381903e-04 -1.5189219008807605e-05
6 19 -1.4135917861166040e-04 -3.7415186021375497e-06
6 20 -1.4273111802345573e-04 1.5177568780233633e-05
6 21 -1.0915668894113406e-04 1.0255240594814651e-06
6 22 -9.8938095908416239e-05 1.4650128266515072e-05
6 23 -7.5181026071519534e-05 3.7157648593766393e-06
6 24 -6.4098910598630660e-05 -5.8372933648755458e-06
6 25 -5.2242763785105934e-05 -1.2571635635986603e-06
6 26 -4.4870735103292774e-05 3.9867625318373236e-06
6 27 -3.3426970309893307e-05 3.4942502811457008e-06
6 28 -2.8903281418990702e-05 2.0764411551608232e-06
6 29 -2.3565762828167643e-05 -2.7209712353637759e-06
6 30 -2.0523708498313962e-05 -8.9830680193396112e-07
6 31 -1.4777465654935427e-05 2.9893459327736892e-08
6 32 -1.4856555810385768e-05 1.6275873596569745e-06
6 33 -1.5389549049546406e-05 3.7373120336876789e-07
6 34 -1.0572512112392351e-05 -9.0808398531357025e-09
6 35 -1.2887647723668596e-05 -1.5727337981754059e-06
6 36 -1.2147096697361389e-05 -6.6516775124306649e-07
6 37 -1.0688379796421504e-05 -2.8570359727361472e-07
6 38 -1.0293321891678252e-05 -5.2484923588039082e-07
6 39 -1.0378487747503750e-05 1.3821220056171922e-06
6 40 -1.0823193077725643e-05 -7.0989479068765700e-08
6 41 -1.0639899391616661e-05 1.0137127375863647e-07
6 42 -1.1458085380892817e-05 4.1484449627999805e-07
6 43 -1.2737244560372718e-05 1.1724916112052157e-06
6 44 -1.5655681571497485e-05 5.6104038073860802e-07
6 45 -1.7626891794446012e-05 1.1520126649095221e-06
6 46 -2.0133798192206461e-05 -1.2801213082074704e-07
6 47 -3.2581612243704158e-05 -1.0161217313700961e-06
6 48 -3.6300161536748687e-05 -1.2159058313002081e-06
6 49 -4.3203401226182459e-05 6.1545193220538015e-06
6 50 -5.0229944139914270e-05 -3.8381484943266249e-06
6 51 -6.2343726963092218e-05 -2.6538423920293416e-06
6 52 -7.7049500817026508e-05 -2.9449420345680688e-06
6 53 -1.1626132224814802e-04 2.1500472678683474e-05
6 54 -1.2907391142958166e-04 9.5715797483043819e-06
6 55 -1.7871288073167691e-04 -1.6604012382240567e-05
6 56 -1.6491499726010910e-04 -2.9956622070516158e-05
6 57 -1.8311364096270787e-04 3.6954243010305688e-06
6 58 -1.8109579137890665e-04 -2.3401999151957749e-05
6 59 -2.4201393487189118e-04 -3.9569379806865874e-06
6 60 -2.7721434610073143e-04 -1.7152066649818109e-05
6 61 -3.1916772096203142e-04 -2.1381819361698824e-05
6 62 -3.0851318997614777e-04 -3.1196929485713434e-06
6 63 -3.6282162070196871e-04 1.3538268924925859e-06
6 64 -3.6868601562594267e-04 -1.9999434176984790e-05
6 65 -4.7749885999957945e-04 -6.8784230576335217e-05
6 66 -5.7210634968863857e-04 -1.9887862033557999e-06
6 67 -6.4715734157452353e-04 -5.6636226775115157e-05
6 68 -6.8348237035406026e-04 3.2510651447423829e-05
6 69 -1.5251435743349948e-03 3.3460150609246681e-05
6 70 -2.2799002683193217e-03 1.6582058092153471e-04
6 71 -1.5305320754098010e-03 -4.0985841265449042e-04
7 0 -1.4506823653389395e-03 -1.3082013230037053e-04
7 1 -1.1699313188665843e-03 3.2635182911227710e-05
7 2 -8.2466517081503966e-04 -4.1736251626396290e-04
7 3 -8.6356133775976698e-04 -1.6639902042560044e-04
7 4 -7.2634843064459153e-04 2.7488047517918702e-05
7 5 -4.9473441409033248e-04 -1.4291243087744785e-04
7 6 -6.8585085574196048e-04 8.7107148848230296e-05
7 7 -5.1613945098130990e-04 -5.3367967465119111e-05
7 8 -4.2294123148791448e-04 -4.8410973483612276e-05
7 9 -3.9383363409731346e-04 -1.7237604501373699e-05
7 10 -2.8933821113884028e-04 -1.7324921495217607e-05
7 11 -2.2782227902825371e-04 2.4731123352745645e-05
7 12 -1.6256267603911802e-04 -4.3714089287081088e-05
7 13 -1.7634265001703839e-04 -3.4207340645700278e-06
7 14 -1.4775857584100151e-04 -1.8898287489028102e-05
7 15 -1.2676341567133121e-04 -1.5247096154357432e-05
7 16 -1.2775841032520459e-04 2.9788333359801393e-07
7 17 -1.0811773847294793e-04 1.1181333590417649e-05
7 18 -9.2710514340213254e-05 -1.2337754544378995e-05
7 19 -6.8056864462612835e-05 3.6012858848486468e-07
7 20 -7.1966696702800779e-05 1.5405341474985169e-05
7 21 -5.3316673445545974e-05 -7.8390472798367092e-07
7 22 -5.0450621454025006e-05 1.1996658666120543e-05
7 23 -3.6672197229301674e-05 7.6896674465120277e-07
7 24 -3.2167437643926008e-05 -4.4258156728934403e-06
7 25 -2.5072735340658600e-05 -9.2871884203280479e-07
7 26 -2.5041579360123217e-05 4.7879898925367359e-06
7 27 -1.5726458305374938e-05 1.5654410605357970e-06
7 28 -1.4462927438555891e-05 9.5014559327066580e-07
7 29 -1.0861946956136862e-05 -1.6882932626232120e-06
7 30 -9.9845365360182504e-06 -1.2588020315764811e-06
7 31 -7.0051903577789128e-06 -5.6119477148848433e-07
7 32 -7.8060993019921877e-06 1.6875819017520230e-06
7 33 -9.1582006944677257e-06 4.6122944902247271e-07
7 34 -5.0059168548999608e-06 2.6712760331576083e-07
7 35 -7.7351272342263299e-06 -1.8016142910566829e-06
7 36 -6.2202897981897100e-06 -8.0501005487907797e-07
7 37 -5.6569424219178318e-06 -9.3225766473976902e-08
7 38 -5.3696398185426004e-06 -3.3873456696522216e-07
7 39 -5.6708093347255085e-06 1.1190801141732416e-06
7 40 -5.8794500942023839e-06 1.1656037092809306e-07
7 41 -5.1139553946124068e-06 -1.8599850801898774e-07
7 42 -6.0859678235719485e-06 7.3814733688105768e-07
7 43 -6.5824888776857353e-06 1.2995038756649558e-06
7 44 -8.1299991799590570e-06 4.8143731474365099e-07
7 45 -9.2103518318145435e-06 4.9951640068658228e-07
7 46 -9.1575786077349029e-06 -6.4164405090273928e-07
7 47 -1.7470857745917052e-05 -1.3161868838096936e-06
7 48 -1.8526893669050940e-05 -7.6626605182770584e-07
7 49 -1.9834984095653969e-05 5.8683988212658721e-06
7 50 -2.6026473330039891e-05 -2.8797150620990858e-06
7 51 -3.0553346708217966e-05 -4.7671855919807301e-06
7 52 -3.5143805929805258e-05 -4.9436530714221344e-06
7 53 -5.7351266887710811e-05 1.9946651899717908e-05
7 54 -5.9498097707362741e-05 5.4828565451409334e-06
7 55 -1.0353024679345607e-04 -1.8087971282763041e-05
7 56 -8.1035329934230814e-05 -2.5193490976494630e-05
7 57 -9.5112565864761170e-05 7.1835579469856709e-06
7 58 -8.0591094190960141e-05 -1.5479377855614960e-05
7 59 -1.1575139106588129e-04 -8.5357481601868322e-06
7 60 -1.5358021225271505e-04 -2.0348076911981726e-05
7 61 -1.8608128450481483e-04 -1.4577143119340634e-05
7 62 -1.4761778967024118e-04 -5.1348439946893278e-06
7 63 -1.9687122332007090e-04 -4.0189603181089651e-06
7 64 -1.7353002174029357e-04 -1.0253051903497262e-05
7 65 -2.3428086630154427e-04 -6.0175166848013323e-05
7 66 -3.0124998719488597e-04 -2.7105222343545721e-05
7 67 -3.1392789935572193e-04 -6.6031153764700386e-05
7 68 -2.8976934246780102e-04 2.9245371238238977e-05
7 69 -6.8702498449361266e-04 4.1197627633614310e-05
7 70 -1.1636487056562261e-03 2.3804796255987997e-04
7 71 -2.1708893291435345e-04 -2.4470410599020760e-04
8 0 -6.7772038871479943e-04 -1.0876232058827575e-04
8 1 -3.6040187230836589e-04 2.1768650997743100e-04
8 2 -3.6451055338883228e-04 -2.5716322239397924e-04
8 3 -4.6747229128437013e-04 -1.6094359622082546e-04
8 4 -3.8248669726793189e-04 8.1127203045199057e-06
8 5 -2.5940600231708804e-04 -1.3784358145369331e-04
8 6 -3.9029353179356226e-04 5.6036987097749367e-05
8 7 -2.5182369484213053e-04 -4.2727903658059120e-05
8 8 -1.9546329845382911e-04 -4.0278677279411566e-05
8 9 -2.0708205935354100e-04 -5.4237640652674990e-06
8 10 -1.5690590894953306e-04 4.0442476342728725e-06
8 11 -1.1234594268099819e-04 2.5933898465747866e-05
8 12 -6.7912795340446046e-05 -3.4162634129602285e-05
8 13 -9.0739308928790128e-05 -9.1458560553237469e-07
8 14 -7.3995211207667267e-05 -2.6989664693459818e-05
8 15 -7.1099053177862631e-05 -1.0389260817252503e-05
8 16 -7.8840902750957318e-05 -9.6420525894704830e-07
8 17 -6.2516192306760098e-05 1.0930889575771619e-05
8 18 -4.9981095763527907e-05 -9.0647194169085935e-06
8 19 -3.0674768194188855e-05 6.1313088053515616e-06
8 20 -3.3317203702329709e-05 1.6772197214014038e-05
8 21 -2.3764675630591317e-05 -3.9761167135107514e-07
8 22 -2.1889309755915104e-05 8.9289725221977166e-06
8 23 -1.6816574986925365e-05 -1.8744100788344966e-06
8 24 -1.5915100149507295e-05 -4.0834197183060638e-06
8 25 -1.1007587525049409e-05 -2.6914017595001351e-07
8 26 -1.5498196209903064e-05 5.4332012199787908e-06
8 27 -6.1723625849277588e-06 -4.4025159680713085e-08
8 28 -6.8359185726719962e-06 4.8665666217988177e-08
8 29 -4.3856880423834779e-06 -8.9671086648982439e-07
8 30 -4.3415745620892941e-06 -1.1905923674686697e-06
8 31 -3.2190589314425790e-06 -5.4370205071937016e-07
8 32 -4.3033649785389933e-06 1.6144646638757147e-06
8 33 -5.5895370590790302e-06 2.8628896728915742e-07
8 34 -2.2563408697391644e-06 4.1556134032415510e-07
8 35 -4.7245097598207840e-06 -1.7190974789044825e-06
8 36 -2.9004824583964213e-06 -6.3472721945573982e-07
8 37 -2.8328484590083275e-06 1.0943959040977771e-07
8 38 -2.7798052677897890e-06 -2.2854421063790166e-07
8 39 -3.1547882390059035e-06 7.7707371528434026e-07
8 40 -3.0308720867856258e-06 1.6633018864584788e-07
8 41 -2.2266698386935945e-06 -5.1784231428188305e-07
8 42 -3.4979590289219583e-06 9.4910571076938545e-07
8 43 -3.4444414482370257e-06 1.1264526615127419e-06
8 44 -3.8698401838874656e-06 2.8227314944759221e-07
8 45 -4.3406406979320447e-06 2.1820451037039084e-07
8 46 -4.3133080441636000e-06 -8.7952555082100494e-07
8 47 -9.8045319744058186e-06 -1.2591370771420543e-06
8 48 -1.0030553358821166e-05 7.0471748634045579e-10
8 49 -8.2361367612796103e-06 4.7925600421668242e-06
8 50 -1.4972407089184695e-05 -5.5148299505529005e-07
8 51 -1.4381062596237430e-05 -3.9008998754337646e-06
8 52 -1.4438689885333085e-05 -4.8950396290254917e-06
8 53 -2.7260022306504381e-05 1.5805173658026529e-05
8 54 -3.0320989108562342e-05 1.1695166599041687e-06
8 55 -6.5659021990043862e-05 -1.6070486726399806e-05
8 56 -3.7597449003867323e-05 -1.9844465602091412e-05
8 57 -5.0429023937056541e-05 8.1107007159679226e-06
8 58 -2.9451438475202910e-05 -3.3688535265819928e-06
8 59 -5.3718587643318849e-05 -4.4913240579481272e-06
8 60 -9.7612596573958243e-05 -2.0376899266249146e-05
8 61 -1.1489230313424715e-04 -6.3390667579362183e-06
8 62 -6.6579581572481986e-05 -2.9696551069607968e-06
8 63 -1.1060203394562470e-04 -2.8231886435371755e-06
8 64 -7.2953359555099240e-05 -1.9986161447678649e-06
8 65 -1.1004037501079683e-04 -3.6971507915852757e-05
8 66 -1.6205352600072670e-04 -4.0534301557251536e-05
8 67 -1.4248862524517787e-04 -5.7989924547682116e-05
8 68 -1.1641527734952245e-04 2.9790328521157372e-05
8 69 -3.1918831460029024e-04 5.0635228968298096e-05
8 70 -5.3093376954551047e-04 1.1267378614806891e-04
8 71 2.7910354825691009e-04 -1.5073929245450524e-04
9 0 -3.8157050393420173e-04 -2.7023838567528469e-04
9 1 1.3229781201039414e-05 2.7852756763452731e-04
9 2 -1.9042278297482982e-04 -1.2456137059494002e-04
9 3 -2.6303314798025877e-04 -1.4975045244396679e-04
9 4 -1.6586780559890910e-04 -3.3981711523410793e-05
9 5 -1.6619902791826702e-04 -1.2494874262401482e-04
9 6 -2.2949443898421102e-04 3.7897637414596623e-05
9 7 -1.2125983592657456e-04 -5.1917057659766113e-05
9 8 -8.2413090115402376e-05 -2.5084944527484057e-05
9 9 -8.9116723413101631e-05 2.2995441060384014e-06
9 10 -8.8661333583896248e-05 1.7245115095120072e-05
9 11 -5.4036742117091855e-05 2.1591809761451273e-05
9 12 -2.2977266474357236e-05 -2.1502355257386034e-05
9 13 -4.1156846619229051e-05 1.0457213955401993e-05
9 14 -3.7992123757415507e-05 -2.9985340010815372e-05
9 15 -3.9637441093717419e-05 -6.9201990811350761e-06
9 16 -5.7118526676311298e-05 -5.1662181812758401e-06
9 17 -3.8475459115585434e-05 8.3417099911118452e-06
9 18 -2.6998536266307488e-05 -4.7229966391247549e-06
9 19 -1.4099851174191864e-05 1.1106372381135838e-05
9 20 -1.5302046314299780e-05 1.8207887750758224e-05
9 21 -1.0298597463964996e-05 1.4901500775745725e-06
9 22 -7.3748426998472567e-06 6.2373935854837758e-06
9 23 -7.1780326485149253e-06 -1.0350854047813253e-06
9 24 -6.7221699284578882e-06 -4.1727178536705800e-06
9 25 -4.6183594808860702e-06 -3.7421178532326915e-07
9 26 -1.0445299859242865e-05 4.9848586216822953e-06
9 27 -1.6566356214577098e-06 -7.5519213600247635e-07
9 28 -3.1858988596983372e-06 -4.9273910540237023e-07
9 29 -1.1203207470770496e-06 -4.5374914458784967e-07
9 30 -1.9971384665510414e-06 -1.0337525130656012e-06
9 31 -1.2534784404666566e-06 -4.1301608152488249e-07
9 32 -2.1635349075921525e-06 1.4238681083297092e-06
9 33 -3.3948864254309429e-06 1.9591333831737567e-07
9 34 -1.2268845209021162e-06 5.2251345371736064e-07
9 35 -2.9272336900547346e-06 -1.3204248158895504e-06
9 36 -1.1287121657195363e-06 -3.1358685570170514e-07
9 37 -1.2725663652665358e-06 2.1727178823311748e-07
9 38 -1.3764981980383190e-06 -7.2066555250578483e-10
9 39 -1.8862305902030122e-06 4.7742749566918586e-07
9 40 -1.5475064709535283e-06 -1.8312083713082921e-08
9 41 -1.0286157545828910e-06 -6.2875932362372082e-07
9 42 -2.1671016693752614e-06 1.0499493618341366e-06
9 43 -2.0488756054869460e-06 1.0693048317058543e-06
9 44 -1.6010015328330428e-06 -3.0353239329436876e-08
9 45 -1.8365339883059631e-06 5.6673687549413133e-07
9 46 -2.5963119183712218e-06 -1.1007427498133198e-06
9 47 -5.9017876636021919e-06 -4.2836201628299399e-07
9 48 -5.4493517856894973e-06 2.4788296663037863e-07
9 49 -3.3664847193332101e-06 3.3301811375112157e-06
9 50 -9.3788223150708158e-06 1.5045771488164510e-07
9 51 -6.8681054553522466e-06 -1.0933330061446047e-06
9 52 -7.1658464398146675e-06 -2.6293497316935172e-06
9 53 -1.4756585432850474e-05 1.4154080151643132e-05
9 54 -2.0665587830420339e-05 -2.1277861012580965e-06
9 55 -4.2548363010973271e-05 -1.3507906524608600e-05
9 56 -1.4380908919554267e-05 -1.6387207059562405e-05
9 57 -2.5962221707514021e-05 9.1240278174717955e-06
9 58 -2.0591515464466264e-06 7.2902910544317347e-06
9 59 -2.3018309555731731e-05 4.5541205648413220e-06
9 60 -6.2978998160086343e-05 -1.3725142417109320e-05
9 61 -7.7258197791478818e-05 -1.1669032256413568e-06
9 62 -2.5869293514873040e-05 -1.0131890604204623e-06
9 63 -5.9147664751366787e-05 4.9930232882600671e-06
9 64 -2.5493902400050234e-05 9.1526211290602403e-06
9 65 -3.9272730292694854e-05 -2.7190704041345800e-05
9 66 -8.0266364260800539e-05 -2.4815313139858484e-05
9 67 -6.6384145876741683e-05 -2.6169817046627783e-05
9 68 -2.9972124568771748e-05 3.1480500872152310e-05
9 69 -1.6383133661817935e-04 7.3758001173383338e-05
9 70 -1.2754078189369030e-04 1.6229393416948138e-05
9 71 3.7776888754378175e-04 -9.2826774406521556e-05
10 0 -1.4082817663840040e-04 -3.5763879122681575e-04
10 1 1.6488029495060822e-04 2.7066799577451248e-04
10 2 -9.9089745121660769e-05 -3.8850695907196915e-05
10 3 -1.2732743912455938e-04 -1.5563178610621825e-04
10 4 -2.1032098688290119e-05 -4.4124446418386408e-05
10 5 -9.7315486406723722e-05 -1.2196845394320794e-04
10 6 -1.5413798543448625e-04 5.1539004714531319e-05
10 7 -5.4495749621050284e-05 -7.1614969836883243e-05
10 8 -3.1918014097645707e-05 -4.1049933573628749e-06
10 9 -2.6717198523471501e-05 2.6789262851162118e-05
10 10 -6.0429833104158834e-05 2.1220702545915764e-05
10 11 -2.4158783542372821e-05 1.6941616511238388e-05
10 12 -6.3984224116274114e-06 -1.0921864886163089e-05
10 13 -8.9118520409443382e-06 1.9689252389779155e-05
10 14 -2.0561134823389884e-05 -2.7905739763981522e-05
10 15 -2.4011814744469937e-05 -6.8567836331866636e-06
10 16 -4.7199032455828145e-05 -1.0173305194937792e-05
10 17 -1.8098962598885579e-05 5.7650814456632620e-06
10 18 -1.3699864946174954e-05 1.4061503857133971e-06
10 19 -7.7029070003894043e-06 1.2617716296274747e-05
10 20 -1.0693403933503313e-05 1.7455180148465039e-05
10 21 -3.3895098988222683e-06 2.7334788394214164e-06
10 22 -9.2234668168816713e-07 5.8657125860854861e-06
10 23 -3.7978084480222876e-06 -1.6222792319250833e-07
10 24 -2.3995833791117544e-06 -4.7171768791676033e-06
10 25 -1.1156424200478937e-06 -1.0684637259728079e-06
10 26 -7.7473455345712218e-06 4.1507074688480777e-06
10 27 -4.1139153908657577e-07 -3.5315090268777508e-07
10 28 -2.0138895156232279e-06 -5.2246866493057000e-07
10 29 2.2538988441972453e-07 -1.1290992663438926e-07
10 30 -1.3551116624183855e-06 -9.1003674340437655e-07
10 31 -4.0773039348385890e-07 1.1554058661125944e-07
10 32 -4.5748459481909037e-07 1.3216417551764151e-06
10 33 -2.0160008679653958e-06 2.5812674098016342e-07
10 34 -9.1725244353048525e-07 5.0719038295922981e-07
10 35 -2.0371237058609229e-06 -8.5466371091457029e-07
10 36 -4.2513463793266793e-08 -4.1085948855696900e-09
10 37 -5.8307674029565270e-07 7.9856756686309716e-08
10 38 -5.1300869469866823e-07 1.8718132422441780e-07
10 39 -1.2507792824436146e-06 1.4048020226225746e-07
10 40 -8.8074344131731763e-07 -3.3989961776896563e-07
10 41 -8.1440064761647630e-07 -5.8901206810123647e-07
10 42 -1.6017374406442240e-06 8.9779078220206662e-07
10 43 -1.4184398219217597e-06 1.2375539377715063e-06
10 44 -5.8221056435153212e-07 -5.3441682127252535e-09
10 45 -4.8341013486795013e-07 7.9204058767055485e-07
10 46 -1.7783568445558924e-06 -1.5088443310126194e-06
10 47 -3.1276978680118094e-06 8.0227839421466611e-07
10 48 -2.5923131221325641e-06 3.7030097929075632e-07
10 49 -6.2323718904323831e-07 1.9766365383997111e-06
10 50 -5.0011298176664747e-06 1.4983473332293745e-07
10 51 -4.4452258643797198e-06 1.2792091680934516e-06
10 52 -5.0516785840969121e-06 -5.7176359462974024e-07
10 53 -1.0245887579644174e-05 1.6025872577944100e-05
10 54 -1.6975731144413553e-05 -2.5303273642220237e-06
10 55 -2.6883272043255632e-05 -9.3319122430137414e-06
10 56 -1.8623842430232365e-06 -1.5621979710951192e-05
10 57 -1.1991867511634471e-05 8.3157795841733721e-06
10 58 9.7789541596993393e-06 1.0366895268624026e-05
10 59 -8.8445817025236797e-06 1.4626053624256587e-05
10 60 -3.7172131268753912e-05 -1.1402931438119591e-05
10 61 -4.7751174840416814e-05 4.0440266229782713e-06
10 62 -1.3075166818021440e-05 -6.0600119670412779e-06
10 63 -2.8439730183963447e-05 1.4938990563293845e-05
10 64 -3.4215166032667433e-06 1.4282080040238775e-05
10 65 -9.4259404842861308e-06 -1.7888500410523859e-05
10 66 -2.4362426288760169e-05 7.9548585761949052e-06
10 67 -2.1102376588353043e-05 1.0721111344361156e-05
10 68 3.8662205706469055e-06 1.8609667287532722e-05
10 69 -8.0498596175283309e-05 6.0169802120736239e-05
10 70 7.0899085685941320e-05 -9.5070522955633099e-05
10 71 3.3847676858940337e-04 -4.8482281067828545e-05
