0 0 -1.1617970096566217e+00 -2.4631901730627009e-20
0 1 -1.5177497051567640e-01 1.3306420542476979e-19
0 2 -6.3054883520142727e-02 -2.8369540888663447e-21
0 3 -4.2878909947368239e-02 -8.8697147561286468e-22
0 4 -3.4297567006896422e-02 2.0615621489559228e-21
0 5 -2.9117419423433058e-02 2.2646247205837315e-21
0 6 -2.5169174074834454e-02 -7.9628675144014083e-22
0 7 -2.2433454494902829e-02 1.6379779518909733e-21
0 8 -1.9349598752615924e-02 -1.9333345401166922e-22
0 9 -1.6206142376564356e-02 2.5986273839239660e-22
0 10 -1.3149952129266144e-02 -5.8698039463218123e-22
0 11 -1.0909066637569759e-02 -9.8179636057040278e-23
0 12 -9.2464825064199913e-03 -1.9941952619285039e-22
0 13 -7.7980670586309288e-03 -1.1339582764193696e-22
0 14 -6.7859663253554327e-03 -6.6090797683022853e-23
0 15 -5.9021465648789791e-03 2.5099801865706345e-22
0 16 -4.8684605769260753e-03 1.7373355691176297e-22
0 17 -4.0376336492688684e-03 -1.3484725851327269e-23
0 18 -3.3110358538627873e-03 4.7131756325445168e-24
0 19 -2.8226781205407171e-03 1.2606101766722370e-22
0 20 -2.4325238622193699e-03 7.7239218654990769e-23
0 21 -1.9929008892493280e-03 -3.0442179127089901e-23
0 22 -1.6327763063824113e-03 4.5598700163683537e-23
0 23 -1.4100634978774140e-03 -2.6273120782664564e-23
0 24 -1.2222942174786088e-03 -3.6892901944176918e-23
0 25 -1.0362705556778858e-03 2.3520413773355644e-25
0 26 -8.9310093039562716e-04 -4.8148496340956294e-24
0 27 -7.7459573256610445e-04 -4.7880720192667084e-23
0 28 -6.9206618076813600e-04 -1.0457856545958906e-23
0 29 -6.4250977413819537e-04 1.8303989524906862e-23
0 30 -5.8118326824522484e-04 1.1654751238680754e-23
0 31 -5.3134380209266029e-04 2.5528215005781560e-23
0 32 -4.4726049471277346e-04 3.3496854521846412e-24
0 33 -3.7993575726852130e-04 -2.2238255629767536e-23
0 34 -3.3863663552397434e-04 -8.2187570196268943e-24
0 35 -3.2745972706376287e-04 -3.9695051852507830e-24
0 36 -3.3620624307388586e-04 -1.5282244394274622e-23
0 37 -3.3040538954138052e-04 1.2330841436546093e-23
0 38 -3.3324335273282227e-04 6.9435940481472809e-24
0 39 -3.3527281208140696e-04 -1.9276161950128130e-23
0 40 -3.4806231352557730e-04 1.7025947884024430e-23
0 41 -3.7138718479517779e-04 1.0721633795414628e-23
0 42 -3.9631125983377309e-04 1.1981563917994479e-23
0 43 -4.2896492952938992e-04 1.2849944480851377e-23
0 44 -4.7136514327337327e-04 -2.1074242346088973e-23
0 45 -5.4486083069294866e-04 -7.5799085126367074e-24
0 46 -6.5140630151499775e-04 6.0706620100310057e-24
0 47 -7.8600801480165473e-04 -3.8274944319057267e-23
0 48 -9.3009625228068879e-04 -2.9269526698866979e-23
0 49 -1.0846059934055588e-03 1.6782605862487865e-24
0 50 -1.3235710385650717e-03 -2.8674848248066493e-23
0 51 -1.7045319424089575e-03 7.6996485372621219e-24
0 52 -2.1729564030713898e-03 7.8612507974397362e-23
0 53 -2.7460451825569079e-03 6.5181327315889971e-23
0 54 -3.5505737622944108e-03 -1.2909446770567007e-22
0 55 -4.4870345982377336e-03 -4.4435936339880684e-22
0 56 -5.1175997435117405e-03 -1.2675288746375927e-22
0 57 -5.7727797387706493e-03 2.0695724199590669e-22
0 58 -6.7494859764198716e-03 -1.1781341548841227e-22
0 59 -8.0650760181270841e-03 1.9279097235507355e-22
0 60 -9.3891690139661643e-03 5.8016714035258299e-22
0 61 -1.1061070325622981e-02 2.7759177001286765e-22
0 62 -1.3062820744095390e-02 5.1205011068953905e-23
0 63 -1.5152052972633109e-02 2.6193760812790064e-22
0 64 -1.7396505815537221e-02 -5.7269463954910629e-22
0 65 -1.9316964864031696e-02 -4.6983106025779508e-22
0 66 -2.2318214666443383e-02 -7.3719728003311118e-23
0 67 -2.8326030614114064e-02 1.4016325419378388e-21
0 68 -3.5419800410013136e-02 -5.8758643445772170e-22
0 69 -4.5086773978173754e-02 -3.4599496513225285e-21
0 70 -6.3661341839744950e-02 -2.0025129772447997e-21
0 71 -1.5686360421735102e-01 -9.7070904062329613e-20
1 0 -3.4420936210907860e-01 2.8169509441784268e-04
1 1 -8.9631192640602181e-02 -3.2064997030911160e-04
1 2 -4.5642163781544925e-02 -5.2104576345413284e-05
1 3 -3.2397525521226517e-02 -6.5682450761391225e-05
1 4 -2.5996523817433226e-02 3.9752503918661466e-05
1 5 -2.2122587698252288e-02 1.2975235548461951e-04
1 6 -1.9175025348364828e-02 4.7631596239262585e-05
1 7 -1.7128628594094763e-02 2.5096826050212412e-05
1 8 -1.4789625188582031e-02 -5.9575668864849415e-06
1 9 -1.2367028943913522e-02 -1.2735410605696889e-04
1 10 -1.0032137999009089e-02 -4.5146848111201356e-05
1 11 -8.3322561633639158e-03 -4.6529485232033894e-06
1 12 -7.0829725873149821e-03 1.4130730762335530e-05
1 13 -5.9779423723972146e-03 -2.2351197061484321e-05
1 14 -5.1961406010178537e-03 -2.8192656423600448e-06
1 15 -4.5051482529546629e-03 -8.5614394650024422e-06
1 16 -3.7196010949444715e-03 -7.5588294490136617e-06
1 17 -3.0874668668723266e-03 -8.0809236156405363e-06
1 18 -2.5263815851354287e-03 3.6221845326315237e-06
1 19 -2.1625723264654959e-03 4.5737338298321071e-06
1 20 -1.8667432540941744e-03 1.4276000063645572e-06
1 21 -1.5176245063351951e-03 2.6110618467456996e-06
1 22 -1.2436098790884725e-03 -2.5164170205063949e-06
1 23 -1.0757853514473258e-03 -1.7250367584470010e-06
1 24 -9.3307712605663782e-04 -1.7563621789231015e-08
1 25 -7.9079231601758028e-04 1.0791347994176526e-06
1 26 -6.8130747751225372e-04 2.2120519084941594e-06
1 27 -5.9191325901003164e-04 1.1049040516350087e-06
1 28 -5.3024885938986112e-04 -3.1226622595741378e-07
1 29 -4.9137708916881717e-04 -3.6371537901814492e-06
1 30 -4.4422279888923588e-04 -2.1163657280852953e-06
1 31 -4.0464249570484060e-04 -2.6125162879088728e-07
1 32 -3.4185977303150157e-04 3.3234484629116739e-07
1 33 -2.9044371415200043e-04 -5.6237234068511333e-07
1 34 -2.5896288819216256e-04 -1.0774180313131988e-06
1 35 -2.4981827372479214e-04 3.4427741454696644e-07
1 36 -2.5679481845116559e-04 1.0060020466846582e-06
1 37 -2.5204021490208992e-04 5.8890786401150877e-07
1 38 -2.5515958465398405e-04 1.9726022352395389e-06
1 39 -2.5676169405467272e-04 2.9203998436266844e-07
1 40 -2.6680150159217822e-04 1.8769499217861424e-06
1 41 -2.8331476767007958e-04 1.0096725855151939e-07
1 42 -3.0260299360933371e-04 1.6986999564566737e-08
1 43 -3.2862117312841657e-04 1.0490732592315167e-06
1 44 -3.5980882746326510e-04 1.1102056981582737e-06
1 45 -4.1498384349761882e-04 -1.0273109812477231e-06
1 46 -4.9669283307799132e-04 4.1744392817733653e-08
1 47 -6.0092319238099488e-04 -1.6518886338014873e-06
1 48 -7.1010576401680028e-04 -3.7723642542153838e-06
1 49 -8.2391977923273248e-04 2.9004124713294588e-06
1 50 -1.0083883810009340e-03 3.9906372997375762e-06
1 51 -1.2994763109576784e-03 8.8222417098381755e-07
1 52 -1.6548546969292921e-03 8.5083451982053650e-06
1 53 -2.0953002248362907e-03 4.7002166202694904e-06
1 54 -2.7054756862921647e-03 1.8140139112350883e-05
1 55 -3.4306308603017656e-03 2.9234541343881799e-06
1 56 -3.9098588058363391e-03 -1.1371385544228772e-05
1 57 -4.3958477469520363e-03 -9.8082972276930110e-06
1 58 -5.1499217223403863e-03 5.2652823403824101e-06
1 59 -6.1752225939627281e-03 4.3174149187100174e-06
1 60 -7.1755440837067558e-03 1.8594428162916544e-05
1 61 -8.4449812314356908e-03 3.4009460849212705e-06
1 62 -9.9840947604549774e-03 -1.7568802679086465e-05
1 63 -1.1582532992662951e-02 8.1226742781346793e-06
1 64 -1.3205782694171803e-02 5.3340254565529817e-05
1 65 -1.4720687924160647e-02 7.2845468084304906e-07
1 66 -1.7080548580090994e-02 -3.1953097756998077e-05
1 67 -2.1578830047697461e-02 -7.4103248129589499e-05
1 68 -2.6920749436118028e-02 1.5711864256905497e-04
1 69 -3.4011412740937788e-02 2.2771236588901486e-04
1 70 -4.5958678224022637e-02 5.0335107948606730e-05
1 71 -9.3892920874725283e-02 4.2100049729982398e-04
2 0 -1.0336124259657641e-01 -3.4980747935297685e-04
2 1 -4.2672259104220830e-02 -1.1023914454347200e-03
2 2 -2.6487702167307677e-02 -4.5408764523008977e-05
2 3 -1.9732281119795515e-02 -7.5309891758683925e-05
2 4 -1.5877601716012369e-02 1.0448386184463394e-04
2 5 -1.3553097582130911e-02 1.7353363346705249e-04
2 6 -1.1815129830930029e-02 3.9934899881108202e-05
2 7 -1.0611802647049182e-02 3.5773815297603543e-05
2 8 -9.1903217511274653e-03 -5.7621235535470694e-06
2 9 -7.6566749270260900e-03 -1.6628585859652662e-04
2 10 -6.1803860111754811e-03 -6.3073734476331477e-05
2 11 -5.1885430034472541e-03 -1.5963585360647745e-06
2 12 -4.4252626686093104e-03 4.4195442859705983e-06
2 13 -3.7265348576970324e-03 -3.8681055487975865e-05
2 14 -3.2355029064674774e-03 -3.2209921296809716e-06
2 15 -2.7953505134866658e-03 -1.2567726034126506e-05
2 16 -2.3005477883202017e-03 -3.0661960410148840e-06
2 17 -1.9142914323248797e-03 -1.9687324362577626e-05
2 18 -1.5608068913298492e-03 5.0643770029611168e-06
2 19 -1.3500535848019587e-03 4.5843042836861491e-06
2 20 -1.1651407863751823e-03 2.5982811782174849e-06
2 21 -9.3259523860486095e-04 3.1053061625532513e-06
2 22 -7.6625167467925020e-04 -2.2374315599910698e-06
2 23 -6.6633235517176738e-04 -6.3877572558755357e-07
2 24 -5.7630134895656241e-04 -1.5813108186882152e-07
2 25 -4.8966518033395081e-04 2.1381350097538044e-06
2 26 -4.2094145760351826e-04 2.8804231122106130e-06
2 27 -3.6744937383337495e-04 6.3218284999873972e-07
2 28 -3.2972303629224566e-04 5.1253000634144392e-07
2 29 -3.0384650968138675e-04 -4.4117243735404789e-06
2 30 -2.7580110505891594e-04 -2.9542961024742291e-06
2 31 -2.5021378167450296e-04 7.5446318723295726e-07
2 32 -2.1263313870820234e-04 1.7406429095095604e-07
2 33 -1.8092626270930110e-04 -1.5795702294932650e-06
2 34 -1.6078671065255368e-04 -9.8154852859737243e-07
2 35 -1.5394200749182846e-04 8.7722174377443790e-08
2 36 -1.5865866537815576e-04 1.0594216149478964e-06
2 37 -1.5484451796906847e-04 2.1091827670141661e-07
2 38 -1.5802145610835724e-04 2.3106831013168968e-06
2 39 -1.5964363776907266e-04 5.7059981575406532e-07
2 40 -1.6642703814743887e-04 2.5742686918311419e-06
2 41 -1.7507762163645785e-04 3.7484738528077802e-07
2 42 -1.8701106531407904e-04 6.4191518365112044e-07
2 43 -2.0540656915533494e-04 1.4850536630963508e-06
2 44 -2.2216272512057532e-04 1.2592709903388163e-06
2 45 -2.5525053510831578e-04 -1.5441544113308281e-06
2 46 -3.0677969237358216e-04 -1.1080211429463868e-06
2 47 -3.7357253355486421e-04 -3.6209677920761616e-06
2 48 -4.3886663130365881e-04 -4.9309445575760098e-06
2 49 -5.0330127551103559e-04 3.5803272769677632e-06
2 50 -6.1915270133212951e-04 2.8655309496419454e-06
2 51 -8.0130751142912173e-04 7.6995199999313881e-07
2 52 -1.0206817414097553e-03 1.1452217555833865e-05
2 53 -1.2919838991321149e-03 5.2953550033533852e-06
2 54 -1.6595658381358144e-03 2.1428847682881424e-05
2 55 -2.1203278702333528e-03 1.3307113258921666e-06
2 56 -2.4345888348715661e-03 -2.5966534218698966e-05
2 57 -2.7144507434820591e-03 -1.3683238249424254e-05
2 58 -3.1971104289986664e-03 7.0659715831569312e-06
2 59 -3.8469970964760919e-03 -1.8232531910950474e-06
2 60 -4.4572242739506027e-03 2.8845603032783020e-05
2 61 -5.2321502840392952e-03 8.6750989613815317e-06
2 62 -6.1646970258202750e-03 -2.3053710216865049e-05
2 63 -7.1620341318200083e-03 1.6004315552113903e-05
2 64 -8.0765404001072148e-03 7.5567513833510507e-05
2 65 -9.0471702187352818e-03 1.7773257763380950e-05
2 66 -1.0585445424758852e-02 8.3845351650652384e-07
2 67 -1.3320291494510032e-02 -4.3439624701587743e-05
2 68 -1.6502284960420385e-02 1.3223832167029117e-04
2 69 -2.0617128588613656e-02 2.5270450670578429e-04
2 70 -2.6482236186435092e-02 9.3825232199438934e-05
2 71 -4.5751664528963988e-02 3.8050717966046909e-05
3 0 -3.3476715560059725e-02 -4.0932305199677490e-04
3 1 -1.9840369338743884e-02 -8.5097439771214035e-04
3 2 -1.3968534868330858e-02 2.0806186699516375e-05
3 3 -1.1051824399966052e-02 -8.7249305703988536e-05
3 4 -8.9435139824592183e-03 1.9314981121642405e-04
3 5 -7.6518890483858459e-03 2.0265083052122871e-04
3 6 -6.6691361776317921e-03 3.7410720173381246e-05
3 7 -6.0907164862863518e-03 6.1488563416291626e-05
3 8 -5.2787528398178423e-03 -1.0266702437139552e-05
3 9 -4.3763439636003041e-03 -1.4530400116515135e-04
3 10 -3.5038712602244453e-03 -6.8876563283501029e-05
3 11 -3.0021168100199760e-03 -4.5950513506976343e-07
3 12 -2.5699698868007349e-03 -2.0504544492977170e-05
3 13 -2.1519206811748898e-03 -5.2150013061678414e-05
3 14 -1.8699885352452571e-03 -3.3999821157041674e-06
3 15 -1.5993445181773428e-03 -9.9315314908972258e-06
3 16 -1.3091008606799872e-03 5.7951095632776471e-06
3 17 -1.0977246692836396e-03 -2.5595580170787800e-05
3 18 -8.8897647856710509e-04 3.8293109217507719e-06
3 19 -7.7766005421667705e-04 7.5024648195741159e-07
3 20 -6.7220133534017022e-04 2.6341144928758164e-06
3 21 -5.3039351389638746e-04 5.3472337828523008e-06
3 22 -4.3625370177234390e-04 -1.6049892592281214e-06
3 23 -3.8327201274031232e-04 2.7254526121690608e-07
3 24 -3.2864536943681357e-04 5.0523536783500319e-07
3 25 -2.8102392938337780e-04 2.2795439281881875e-06
3 26 -2.3974755703181621e-04 2.8847023090747722e-06
3 27 -2.1175858121025258e-04 3.0826583053083685e-08
3 28 -1.8920102853105535e-04 8.3991228259511992e-07
3 29 -1.7356954864711517e-04 -3.3800159918661186e-06
3 30 -1.5892042062488714e-04 -2.8265854346116481e-06
3 31 -1.4418670556730004e-04 1.1497941520809966e-06
3 32 -1.2324612677595492e-04 -6.5132088460681998e-07
3 33 -1.0446185721649591e-04 -2.1049933826901562e-06
3 34 -9.1922639810948774e-05 -5.8784308832121917e-07
3 35 -8.7070568764124073e-05 -4.6263884125771914e-07
3 36 -9.0497064567698828e-05 9.0192023120024866e-07
3 37 -8.7197159740136468e-05 -9.0292330656564055e-08
3 38 -9.0358668167543908e-05 1.7628167080146004e-06
3 39 -9.1391708140289943e-05 6.5286155596623495e-07
3 40 -9.6161685917730630e-05 2.1697272739970449e-06
3 41 -9.9967949638685369e-05 8.9739951794846548e-07
3 42 -1.0647269315489045e-04 1.3231375620362894e-06
3 43 -1.1953711165915010e-04 1.2619323382791748e-06
3 44 -1.2669666658258317e-04 1.0954575142912457e-06
3 45 -1.4455464847686831e-04 -1.9046965324720611e-06
3 46 -1.7500265909954545e-04 -2.4778188816965711e-06
3 47 -2.1456866336557303e-04 -4.9782233013045369e-06
3 48 -2.4991141993106492e-04 -4.2096372647314866e-06
3 49 -2.8296453577942270e-04 1.6571241482170856e-06
3 50 -3.4925854434643964e-04 6.1083552085550617e-07
3 51 -4.5405303099531525e-04 1.0805632180550828e-06
3 52 -5.8193013562133180e-04 1.1294204409340891e-05
3 53 -7.3342656846827963e-04 3.8667449038423087e-06
3 54 -9.3510077711565602e-04 2.3035692890333619e-05
3 55 -1.2068534500657563e-03 3.5734262628191090e-06
3 56 -1.4029135066439562e-03 -2.8056978951200160e-05
3 57 -1.5518429144396988e-03 -8.0091487463347945e-06
3 58 -1.8396096712855760e-03 5.3634248840058134e-06
3 59 -2.2216880699893042e-03 -1.3814514146593098e-05
3 60 -2.5529121089441749e-03 3.6907571537657117e-05
3 61 -2.9822901444098104e-03 1.1501373052772670e-06
3 62 -3.4954283377635455e-03 -1.8582651739862805e-05
3 63 -4.1039888455745299e-03 5.6641438424900028e-06
3 64 -4.5413292734605435e-03 6.3893536590265703e-05
3 65 -5.0960454844871583e-03 4.1466357679544334e-05
3 66 -6.1051260316775154e-03 6.1247198615590911e-05
3 67 -7.6425430233742027e-03 1.4887752469113896e-05
3 68 -9.3002881797837385e-03 1.1404080691148709e-04
3 69 -1.1572775274828234e-02 1.6193092850560548e-04
3 70 -1.3975780835542188e-02 1.4321497767906042e-04
3 71 -2.0769604328909508e-02 -3.0821386070110941e-05
4 0 -1.1806887006828219e-02 -5.3580810677825229e-04
4 1 -9.0237655922947579e-03 -4.8842552069758749e-04
4 2 -6.9699709923823107e-03 5.8955105746224996e-05
4 3 -5.9133448281531260e-03 -5.4566379936581117e-05
4 4 -4.7772801236976165e-03 2.0860342257320464e-04
4 5 -4.1541815144770702e-03 1.5510629590842216e-04
4 6 -3.5891635021907064e-03 2.9801310198082686e-05
4 7 -3.3733814421509144e-03 8.3544884387539071e-05
4 8 -2.9018204788211033e-03 -3.2392812484285008e-05
4 9 -2.3997309306522272e-03 -1.0564098335792726e-04
4 10 -1.8977588700015971e-03 -7.6788445629901887e-05
4 11 -1.6725811503685583e-03 3.7167540615513183e-06
4 12 -1.4348943485716153e-03 -4.1822577277341449e-05
4 13 -1.1932734849227217e-03 -5.4639247014349794e-05
4 14 -1.0503105546283030e-03 -3.3720248083480444e-06
4 15 -8.7824868523580320e-04 -8.5541909423111920e-06
4 16 -7.1124654750698757e-04 1.1608739031989825e-05
4 17 -6.0403752761776033e-04 -2.3502683682241100e-05
4 18 -4.8824309764708385e-04 -1.1191174596795342e-06
4 19 -4.2840329972561341e-04 6.9102267654800715e-07
4 20 -3.7244029805563977e-04 3.5421038712002624e-06
4 21 -2.9039884307674387e-04 6.4295822592273000e-06
4 22 -2.3741375156357744e-04 -1.6483631089138340e-06
4 23 -2.1296692587967648e-04 1.9884616363789304e-07
4 24 -1.7887307304812630e-04 2.1921925039737130e-06
4 25 -1.5456756710752518e-04 1.8365475597859085e-06
4 26 -1.2995261323120257e-04 3.6033817775363141e-06
4 27 -1.1720231568834778e-04 -2.4303296938886276e-07
4 28 -1.0459960633209261e-04 8.0270736540692203e-07
4 29 -9.5317928653176868e-05 -1.9968351330110880e-06
4 30 -8.7972037805946962e-05 -2.6154967571284693e-06
4 31 -8.0812436493784556e-05 7.8460843710895637e-07
4 32 -6.8877942291417445e-05 -1.5499160063648355e-06
4 33 -5.7981749818279114e-05 -2.1267558428993972e-06
4 34 -5.0239948793952453e-05 -4.2533504422862281e-07
4 35 -4.6972428875114835e-05 -5.5488309297597460e-07
4 36 -4.9699656596905616e-05 5.7412894960847111e-07
4 37 -4.7105843213910422e-05 -2.2072309226663319e-07
4 38 -4.9661539748816433e-05 1.1605704703289177e-06
4 39 -5.0009784375312465e-05 5.5230952499341900e-07
4 40 -5.2987079755284279e-05 1.3636632086686320e-06
4 41 -5.5082644108205505e-05 1.3644097068929274e-06
4 42 -5.7840980674799859e-05 1.5970833456339586e-06
4 43 -6.7508722895422144e-05 5.6498577100165006e-07
4 44 -6.9530683725333898e-05 7.4294766271515120e-07
4 45 -7.8626579102582811e-05 -1.8306124633024014e-06
4 46 -9.5159693524851332e-05 -3.3020759803153417e-06
4 47 -1.1879360426587037e-04 -4.3648122086780003e-06
4 48 -1.3700676735678462e-04 -2.8723526494209232e-06
4 49 -1.5425100594981158e-04 6.8593736683067980e-07
4 50 -1.8824395592384843e-04 -8.1764619993643071e-07
4 51 -2.4758271480833903e-04 1.0733771964694621e-06
4 52 -3.1993908526960235e-04 1.1300325517396036e-05
4 53 -3.9816973686709710e-04 1.1170492664751020e-07
4 54 -5.0407767205924313e-04 1.6969347840074882e-05
4 55 -6.5377973471248850e-04 6.4414193853258555e-06
4 56 -7.7618878281090337e-04 -1.9399186565044661e-05
4 57 -8.4893782802498128e-04 3.1000655510440875e-06
4 58 -1.0143805413572174e-03 4.0007247170835135e-06
4 59 -1.2288220542238479e-03 -1.7935245924682396e-05
4 60 -1.3902435746962363e-03 4.1858394296023665e-05
4 61 -1.6130480032041283e-03 -9.4522262140947791e-06
4 62 -1.8953469741153656e-03 -1.8698712530080100e-05
4 63 -2.2640977712899352e-03 1.3293606994532157e-05
4 64 -2.4369736231829083e-03 5.2251376463745287e-05
4 65 -2.7381309046924265e-03 4.3897583012378172e-05
4 66 -3.3842758224383505e-03 6.7782185058984463e-05
4 67 -4.2664252851187176e-03 7.0020966488692596e-05
4 68 -4.9931163001853919e-03 1.2751925664339519e-04
4 69 -6.2985389838251917e-03 8.1771681342206694e-05
4 70 -7.1271400854762959e-03 7.3974645465239370e-05
4 71 -9.2264785791932712e-03 -9.7091728518034252e-05
5 0 -4.7396786597906169e-03 -5.4710313638208462e-04
5 1 -4.0830981317620807e-03 -2.5404483574403516e-04
5 2 -3.3768032219378252e-03 8.7505056506076087e-05
5 3 -3.0811939380756322e-03 4.3565029029238972e-06
5 4 -2.4497771335445927e-03 1.8621939941727440e-04
5 5 -2.2391994730554463e-03 9.7143587484947288e-05
5 6 -1.8764862836194700e-03 3.4963763720082662e-05
5 7 -1.8470788888138483e-03 7.0226892033118909e-05
5 8 -1.5556657424618677e-03 -6.6833564860263071e-05
5 9 -1.2674012923221767e-03 -5.9961843152925351e-05
5 10 -1.0100987328604217e-03 -8.5004839549110897e-05
5 11 -9.0838271357084673e-04 1.2392910124888430e-05
5 12 -7.7927197336370919e-04 -3.6844480768580249e-05
5 13 -6.4906360028126530e-04 -4.4923094837409752e-05
5 14 -5.8344758355692789e-04 -5.7587785585847172e-06
5 15 -4.7250158630088838e-04 -6.3092595720421325e-06
5 16 -3.7075815122273307e-04 6.9703339775436655e-06
5 17 -3.2420984858591567e-04 -2.0449780643440444e-05
5 18 -2.6381337293223826e-04 -6.0977189062860861e-06
5 19 -2.2903968335244055e-04 4.2123437704212638e-06
5 20 -2.0278789040220242e-04 3.2648989595860917e-06
5 21 -1.5574264928589222e-04 4.6645381507043101e-06
5 22 -1.2580275361711858e-04 -1.8768855045219602e-06
5 23 -1.1538242041818035e-04 -4.5897591455322485e-07
5 24 -9.4599144901808847e-05 4.1760024924436526e-06
5 25 -8.1946139654319296e-05 1.7128181500618503e-06
5 26 -6.8227264622869985e-05 3.8437138857178431e-06
5 27 -6.3421003376454527e-05 9.9883183201479529e-08
5 28 -5.6438080279451886e-05 1.0446354342757644e-06
5 29 -5.0206291588741027e-05 -1.1339389235536507e-06
5 30 -4.7407999822076288e-05 -2.3135460002710454e-06
5 31 -4.4551620637683920e-05 5.3016710826981094e-07
5 32 -3.7484733118820210e-05 -1.9808586500508640e-06
5 33 -3.1187500561558611e-05 -1.7019480876451886e-06
5 34 -2.6576925402352239e-05 -2.8632900152460798e-07
5 35 -2.4672562786170368e-05 -4.2496258620849422e-07
5 36 -2.6317380592254258e-05 5.2688605342197704e-08
5 37 -2.4783861129578678e-05 -8.0749099933631616e-08
5 38 -2.7046461521642804e-05 7.2439018243343445e-07
5 39 -2.6640950738149333e-05 1.9812913799342780e-07
5 40 -2.7995928059053000e-05 5.0225416029628788e-07
5 41 -2.9724343361563712e-05 1.2688361526187229e-06
5 42 -3.0466809353169980e-05 1.3560914314557327e-06
5 43 -3.7219794289253867e-05 7.3555175726088010e-08
5 44 -3.6615310263608162e-05 7.7940021439285329e-07
5 45 -4.2217236413067880e-05 -1.8528916940359570e-06
5 46 -4.9529874789589955e-05 -3.8098144349465911e-06
5 47 -6.5217800448177124e-05 -3.2435055546575157e-06
5 48 -7.4288189781535191e-05 -2.7537059273030150e-06
5 49 -8.3177909220553441e-05 7.4592419236010273e-07
5 50 -9.8790678412369800e-05 -1.0229566306235641e-06
5 51 -1.3250510043363991e-04 8.9265103870661489e-07
5 52 -1.7001706832456707e-04 9.7232601394694139e-06
5 53 -2.0954895524481797e-04 -4.7203320974472522e-06
5 54 -2.6616660005438186e-04 9.2960066735754822e-06
5 55 -3.4582725638826061e-04 6.5528111710829687e-06
5 56 -4.1716967042259629e-04 -1.2518861358876707e-05
5 57 -4.5006805298214317e-04 6.4797743235989128e-06
5 58 -5.4102339866286960e-04 1.4053152636783077e-06
5 59 -6.5166615031393292e-04 -1.6612165928452279e-05
5 60 -7.2632468745071146e-04 4.8308134062276267e-05
5 61 -8.2883773390313826e-04 -1.5977589081324566e-05
5 62 -9.9645148697334834e-04 -3.7521106697583842e-05
5 63 -1.2098731850263126e-03 1.8640418611629428e-05
5 64 -1.2944537579129061e-03 4.0613872147848745e-05
5 65 -1.4431272525769945e-03 9.2714901402330741e-06
5 66 -1.8354190334413905e-03 3.8829501296690313e-05
5 67 -2.3621886972239941e-03 1.0293741705754808e-04
5 68 -2.6187102393863942e-03 1.2647743815202505e-04
5 69 -3.4263792802511385e-03 6.1381920255626179e-05
5 70 -3.5416232072725414e-03 -1.6282902966476975e-05
5 71 -4.2076578719964083e-03 1.3839579654106949e-05
6 0 -2.3881521073437282e-03 -2.8576939632310997e-04
6 1 -1.8713265033452036e-03 -1.9187325069161955e-04
6 2 -1.6076589236221387e-03 1.2926628528902283e-04
6 3 -1.5957291606764998e-03 4.8256479905172784e-05
6 4 -1.2318059078126893e-03 1.3434720161012941e-04
6 5 -1.2415752754764066e-03 4.7967713566169643e-05
6 6 -9.4781985531355991e-04 4.9089416011729111e-05
6 7 -1.0245089333289028e-03 2.7815513069558888e-05
6 8 -8.1621823734177488e-04 -7.2322906182796718e-05
6 9 -6.5049285296062478e-04 -1.7410709562693633e-05
6 10 -5.3783647345407529e-04 -7.8023890015935213e-05
6 11 -4.8388760202098971e-04 2.1969995966581515e-05
6 12 -4.2170995334477794e-04 -2.3057537073040964e-05
6 13 -3.5025392157136525e-04 -3.4035583174412747e-05
6 14 -3.2813263012672019e-04 -7.6752826406738932e-06
6 15 -2.4530138199622303e-04 -1.4737919669947420e-06
6 16 -1.8872483331368713e-04 1.3203729051456231e-06
6 17 -1.7416866607003552e-04 -1.8272988468884974e-05
6 18 -1.4064258406866627e-04 -8.6282439568384165e-06
6 19 -1.2057480933084022e-04 5.8954665863152185e-06
6 20 -1.1259168705677170e-04 -1.8473208277696618e-08
6 21 -8.4262595207628031e-05 6.2300063674491369e-07
6 22 -6.3944225713614516e-05 -2.3583434463583349e-06
6 23 -6.0991756205846374e-05 1.1063652052068904e-08
6 24 -4.9380151025332348e-05 3.1470852313333958e-06
6 25 -4.2327826036386532e-05 9.8046466670285218e-07
6 26 -3.5166675327027693e-05 3.4768149198891359e-06
6 27 -3.4338149714708616e-05 5.0985984016403480e-07
6 28 -2.9446071850912822e-05 1.5880597599197566e-06
6 29 -2.4723471996397337e-05 -5.1673072786110273e-07
6 30 -2.4727048079982957e-05 -1.8427312574173017e-06
6 31 -2.4271143603521871e-05 7.4526146876601739e-07
6 32 -2.0033286319025475e-05 -2.4622617390711634e-06
6 33 -1.7089512152478235e-05 -1.0378140373482307e-06
6 34 -1.3376874042303834e-05 -3.1341769293550136e-07
6 35 -1.2938187829507419e-05 -3.4097128551285592e-07
6 36 -1.3226751804355180e-05 -1.7461311188294334e-07
6 37 -1.2816844596792146e-05 2.5294262462526038e-07
6 38 -1.4923486544839397e-05 6.7576150631966110e-07
6 39 -1.3759224982801206e-05 -8.2149601946749583e-08
6 40 -1.4095440759303842e-05 7.5486364439987445e-09
6 41 -1.5897603098571826e-05 1.0326541750464206e-06
6 42 -1.5231580948750092e-05 1.2015916804430537e-06
6 43 -2.0384069184753717e-05 -1.2421837087574800e-07
6 44 -1.8108286414049185e-05 1.0450852275780210e-06
6 45 -2.2307567345010817e-05 -1.9503218167174366e-06
6 46 -2.4747925433973023e-05 -3.7257643033669891e-06
6 47 -3.6400498880915064e-05 -1.9480742233762167e-06
6 48 -4.0560425981479221e-05 -2.5797034024815847e-06
6 49 -4.4320027766658245e-05 1.3959499538351473e-06
6 50 -5.1207295750328029e-05 -1.1480579603716768e-06
6 51 -7.0336552643138079e-05 6.1542842805979996e-07
6 52 -8.7419090076746556e-05 7.0124653907810883e-06
6 53 -1.0902342812742338e-04 -7.4608149911549143e-06
6 54 -1.3961861749606794e-04 5.3051767893961065e-06
6 55 -1.8297174201972280e-04 5.9943467208256687e-06
6 56 -2.1677820754146521e-04 -2.9358670618654660e-06
6 57 -2.3900645070643509e-04 2.0767657758833891e-06
6 58 -2.7622654778632278e-04 1.9025684840676528e-06
6 59 -3.2885010985565137e-04 -1.3023780322390238e-05
6 60 -3.6273134070970202e-04 5.3352786460372344e-05
6 61 -4.0591322292775106e-04 -2.6725662416531942e-05
6 62 -5.0646798842908871e-04 -5.9935068609163680e-05
6 63 -6.3131775436734870e-04 2.3267964105458458e-05
6 64 -7.0106465839603056e-04 3.6176973736249822e-05
6 65 -7.6975360590789967e-04 -3.3211559862709840e-05
6 66 -9.7698821690425284e-04 1.9043264771270041e-05
6 67 -1.2738555936085574e-03 1.1106434708919618e-04
6 68 -1.3971278173114268e-03 6.9340291140258749e-05
6 69 -1.9022064252282366e-03 7.4172520827173741e-05
6 70 -1.6885351717188114e-03 -5.6724579761538305e-05
6 71 -1.9873279434133926e-03 3.7658668480675604e-05
7 0 -1.4116880662415386e-03 -1.9762518902055842e-04
7 1 -8.8490300893233093e-04 -2.0301380744519891e-04
7 2 -7.3410931349864419e-04 1.4359063438280966e-04
7 3 -8.2180425577389434e-04 5.7381876709560904e-05
7 4 -6.1834741750320258e-04 6.8078950042607607e-05
7 5 -6.9514502063460772e-04 4.5352593308244732e-06
7 6 -4.5410529414386237e-04 6.1220565150308957e-05
7 7 -5.8121743359570196e-04 -2.7209754822083432e-05
7 8 -4.1394596327464016e-04 -5.6581079137414760e-05
7 9 -3.2134254652140025e-04 -4.2219923656936066e-07
7 10 -2.9309966939593393e-04 -6.5832674825586337e-05
7 11 -2.5486205355919046e-04 2.1503437012809130e-05
7 12 -2.3296579517466238e-04 -1.5494400059009138e-05
7 13 -1.8685292189381180e-04 -2.3199051333584616e-05
7 14 -1.9613856247464631e-04 -1.3619182679225369e-05
7 15 -1.1975580040672333e-04 2.0208049297478248e-06
7 16 -9.9771415887612709e-05 -1.9421913569403902e-06
7 17 -9.4164717046398428e-05 -1.3512861904761877e-05
7 18 -7.4490717179203381e-05 -1.0373452406454701e-05
7 19 -6.3176149157105564e-05 3.1379770749139569e-06
7 20 -6.4773459382589570e-05 -4.8430296695009107e-06
7 21 -4.6530246460911863e-05 -2.3903987575666981e-06
7 22 -3.0752009978220540e-05 -3.3992022937665663e-06
7 23 -3.1323010427134021e-05 9.3836199735080143e-07
7 24 -2.5964707301191860e-05 1.4823738060644749e-06
7 25 -2.1707589684112965e-05 -2.6988378638691380e-07
7 26 -1.8684367034322971e-05 3.0702918667024982e-06
7 27 -1.8256518631901229e-05 -3.4080774939412776e-08
7 28 -1.4800464791919815e-05 1.8601213061743280e-06
7 29 -1.1329659337813828e-05 -7.3228997712158313e-07
7 30 -1.2312551701947605e-05 -1.6834631998155878e-06
7 31 -1.3258839888966243e-05 9.3304568316235273e-07
7 32 -1.0698790449990749e-05 -2.2629452450394079e-06
7 33 -9.8931071978422302e-06 -1.3555692490781359e-07
7 34 -6.1969896123500789e-06 -4.0042189190731243e-07
7 35 -6.5823899816511462e-06 -4.1867176694704438e-07
7 36 -6.0019128361953949e-06 -2.9582733718360826e-07
7 37 -6.6573550646199244e-06 3.5550572094460820e-07
7 38 -8.4119590688377811e-06 2.7360611755532705e-07
7 39 -6.6119125435253057e-06 -1.0650155536690575e-07
7 40 -6.4697414503040834e-06 -1.8894514173720929e-07
7 41 -8.4120093657172862e-06 8.9295910167914619e-07
7 42 -7.2958271152395205e-06 1.1173188170055504e-06
7 43 -1.1697249803925204e-05 1.2963806053499699e-07
7 44 -8.3515688868167928e-06 1.4303010008980920e-06
7 45 -1.1749374288784652e-05 -2.1587425592139432e-06
7 46 -1.2327763264213620e-05 -3.3753959676496457e-06
7 47 -2.1174399732979608e-05 -9.6349499739675418e-07
7 48 -2.2716507528009925e-05 -1.9294960256974052e-06
7 49 -2.3541552807514019e-05 2.2898396248279025e-06
7 50 -2.7202367570492609e-05 -9.0058384184545624e-07
7 51 -3.8439161651746868e-05 2.4558471153296509e-07
7 52 -4.5014225389633233e-05 5.7599219824546255e-06
7 53 -5.6776301766531170e-05 -6.7638047702329795e-06
7 54 -7.3860294871792932e-05 3.9436684059644322e-06
7 55 -1.0205878852929964e-04 7.5282879755401899e-06
7 56 -1.0844317581187448e-04 5.6747923168695521e-06
7 57 -1.3354909006295642e-04 -6.9891925201591305e-07
7 58 -1.3139702748016379e-04 5.4839888987242654e-06
7 59 -1.5578969257718254e-04 -8.8931219643033480e-06
7 60 -1.7300833246228860e-04 5.3805180067509539e-05
7 61 -1.9455867793267349e-04 -2.9602920504539080e-05
7 62 -2.5608858273558702e-04 -6.4739794034719532e-05
7 63 -3.0627176485293147e-04 2.7565010104118701e-05
7 64 -4.1038044119836637e-04 3.2678961216914028e-05
7 65 -4.2929633841209356e-04 -4.0477767257433184e-05
7 66 -5.0231838803582599e-04 1.7050488950174966e-05
7 67 -6.5935786520783860e-04 1.0107181189384498e-04
7 68 -7.7888818065135568e-04 -2.2601994802676832e-05
7 69 -1.0431269679128743e-03 6.8178733967678366e-05
7 70 -7.6042678424148493e-04 -5.6853603265879097e-05
7 71 -9.9914339202477709e-04 1.3977289569920386e-04
8 0 -6.6283009746956193e-04 -6.6665331481492862e-05
8 1 -3.8443169754188522e-04 -1.3260601427567156e-04
8 2 -3.3981773348293906e-04 1.1019908816761291e-04
8 3 -4.3567566705619127e-04 5.9727585567625278e-05
8 4 -3.0702900577338091e-04 2.1088484213922832e-05
8 5 -3.7485686562774582e-04 -5.7596946271889428e-06
8 6 -2.0346132092579727e-04 8.9016178120842975e-05
8 7 -3.4725358418406490e-04 -6.8536687914809639e-05
8 8 -1.9363947549841642e-04 -5.0970305330854582e-05
8 9 -1.4113134600159333e-04 1.9489253209693124e-06
8 10 -1.6627167801699783e-04 -6.3469701552114265e-05
8 11 -1.3710323785454885e-04 1.8592974524174107e-05
8 12 -1.4087875599941768e-04 -1.2379303894535255e-05
8 13 -9.6261721170181250e-05 -1.7695891745311825e-05
8 14 -1.2096892590683867e-04 -1.6588175658984592e-05
8 15 -5.4576909167639232e-05 4.9859944539186101e-06
8 16 -5.3296869160485472e-05 -2.5704493655780634e-06
8 17 -5.3256023140118524e-05 -7.9594242517796688e-06
8 18 -4.0330800910778760e-05 -1.0099468950276133e-05
8 19 -3.3252362985248886e-05 -1.7386537469441361e-06
8 20 -3.6316751993559588e-05 -8.7583808048908297e-06
8 21 -2.7463265483343586e-05 -4.0672152485775156e-06
8 22 -1.3067261663710007e-05 -4.6840886860929886e-06
8 23 -1.5680591376540906e-05 1.6528860566555204e-06
8 24 -1.3522068110242131e-05 2.1083338225875587e-06
8 25 -1.1444196578578832e-05 -1.7209996014975510e-06
8 26 -1.0188018689557927e-05 2.1304167831032783e-06
8 27 -9.4224003353171298e-06 -3.3950619214388814e-07
8 28 -6.8325972431149050e-06 1.7819028605785809e-06
8 29 -4.6656435960307880e-06 -1.1985534373395421e-06
8 30 -5.9019174771355456e-06 -1.6462969538723926e-06
8 31 -7.1076306940434207e-06 9.0906502066401206e-07
8 32 -6.0460454915801712e-06 -1.6807296530293196e-06
8 33 -5.9948551831106773e-06 4.5285700428552801e-07
8 34 -2.3648217341634634e-06 -4.8945966382224700e-07
8 35 -2.9698385300265542e-06 -3.0541947665315113e-07
8 36 -2.7316570478095388e-06 -4.2283085080639521e-07
8 37 -3.3990476516122169e-06 4.4491098265955062e-07
8 38 -4.9468876222930999e-06 2.1212318235890927e-07
8 39 -3.0021525843119340e-06 -3.1734311046541524e-08
8 40 -2.7652512327264719e-06 2.1579829843620689e-08
8 41 -4.4794417004919202e-06 9.7667735167288404e-07
8 42 -3.3484365452555286e-06 1.0911388568319447e-06
8 43 -7.0942853448458227e-06 4.4551158857092436e-07
8 44 -3.6569653832952721e-06 2.0443298971759308e-06
8 45 -6.3470387219059641e-06 -2.4217621277840296e-06
8 46 -5.9704796502973233e-06 -2.9305051802071791e-06
8 47 -1.3055071726742419e-05 -1.7349480660587908e-07
8 48 -1.2740608378935935e-05 -8.1765496064210604e-07
8 49 -1.2831370883994041e-05 2.1511312326147251e-06
8 50 -1.4311087480209411e-05 1.7900871878727683e-07
8 51 -2.2961928811415592e-05 -3.9494272250107705e-07
8 52 -2.4720269988849840e-05 4.7030714937838474e-06
8 53 -2.7994567584048686e-05 -5.5626175842758669e-06
8 54 -3.7621873787324584e-05 4.5894448902343482e-06
8 55 -6.1966927883038873e-05 1.0553731696488508e-05
8 56 -5.3788412234147968e-05 1.1892262530544086e-05
8 57 -7.3135002039669564e-05 2.8315664071538215e-06
8 58 -5.7553317821763952e-05 8.0449904794205662e-06
8 59 -6.7461860221886612e-05 -8.5919643698077847e-06
8 60 -8.1307202329897248e-05 4.2380319575739980e-05
8 61 -9.5705316030277989e-05 -3.2182505523146196e-05
8 62 -1.3362783914498593e-04 -6.5963668265905115e-05
8 63 -1.2610831462963104e-04 3.1859650318874720e-05
8 64 -2.5618485457115544e-04 3.0661854846249096e-05
8 65 -2.6168189858253780e-04 -1.9179233633316253e-05
8 66 -2.4294976237154286e-04 2.6668416442387322e-05
8 67 -3.3703975413934957e-04 8.4714934674355249e-05
8 68 -4.6897841432687364e-04 -9.4188267379904011e-05
8 69 -5.3093681426362124e-04 5.4762054726781566e-05
8 70 -2.9024526484009268e-04 -2.2546991055045261e-05
8 71 -5.5701557206510363e-04 2.1567561910003382e-04
9 0 -3.2633338894880989e-04 -2.0721373923579292e-05
9 1 -1.8706599629906935e-04 -7.0789932425152974e-05
9 2 -1.7414495432920737e-04 6.7691108016067851e-05
9 3 -2.4356223852817666e-04 7.1024337638502446e-05
9 4 -1.1859275048768176e-04 -2.1250525263215686e-06
9 5 -1.9143139233161966e-04 -5.3670083449816860e-07
9 6 -6.6410639364745903e-05 9.6750964779896009e-05
9 7 -2.1419177607852590e-04 -9.0388459261001031e-05
9 8 -6.9893587184694059e-05 -5.2964511924606204e-05
9 9 -4.3844877841807690e-05 -8.5268613778938049e-06
9 10 -9.9716187217891057e-05 -5.7081422260911110e-05
9 11 -8.0516558670566893e-05 1.1027087147236902e-05
9 12 -9.4836207370227962e-05 -1.0735282051801140e-05
9 13 -5.1009454251502081e-05 -1.4821953252121186e-05
9 14 -7.5165172728048379e-05 -1.6452991232837894e-05
9 15 -2.5665120193002038e-05 2.4775138597872426e-06
9 16 -2.7451131732250703e-05 -3.0835347715407694e-06
9 17 -3.0252967642188854e-05 -1.9182227410809873e-06
9 18 -2.4626864375272965e-05 -6.1159610586903119e-06
9 19 -1.9520035586032022e-05 -3.9842656548066941e-06
9 20 -1.8546641782148853e-05 -1.0223412037172734e-05
9 21 -1.7208048362368223e-05 -2.9946366497872629e-06
9 22 -4.5607509577711992e-06 -6.1536904552702076e-06
9 23 -7.3913026339364834e-06 2.5325550956783137e-06
9 24 -6.9541651211528143e-06 3.4897804821563531e-06
9 25 -6.0883090025666761e-06 -2.2051525971938468e-06
9 26 -5.8037145171597403e-06 1.5997506118334694e-06
9 27 -4.7923835126884035e-06 -5.2234921821407856e-07
9 28 -2.6473853781409272e-06 1.7655485054547169e-06
9 29 -2.4751448265126362e-06 -1.7402669845124962e-06
9 30 -2.8801102500503827e-06 -2.0875304117614384e-06
9 31 -3.5757112192092151e-06 1.3690946697859167e-06
9 32 -3.7711066033631697e-06 -1.2041966330166463e-06
9 33 -3.4263707308115730e-06 2.6091733975212520e-07
9 34 -5.3060249535871655e-07 -3.8477127269955237e-07
9 35 -1.2155987572480692e-06 -4.3144062884889447e-07
9 36 -1.4872637791388072e-06 -3.5787571900592410e-07
9 37 -1.4879623934331416e-06 5.2898454709841601e-07
9 38 -2.9114714118419174e-06 6.7266235141685450e-07
9 39 -1.2291462692304877e-06 3.6368445251105635e-08
9 40 -1.0775040339054678e-06 2.8838233051740936e-07
9 41 -2.0486365220197955e-06 5.9996198311400145e-07
9 42 -1.3831360258265471e-06 3.7931476778884523e-07
9 43 -4.4138181514772737e-06 7.9905589216678765e-07
9 44 -1.6621052088121144e-06 2.6363496740034886e-06
9 45 -3.5342173131389596e-06 -2.6328663269707619e-06
9 46 -2.4599599329328066e-06 -2.5351528235393867e-06
9 47 -8.8932747067957353e-06 3.3243509669443528e-07
9 48 -6.2317645520732602e-06 7.9771842827440232e-09
9 49 -7.7253371710082829e-06 1.2404128573793140e-06
9 50 -7.5573611472040219e-06 1.6371417219316395e-06
9 51 -1.3910055272659404e-05 1.8290705586621368e-06
9 52 -1.4755383746846840e-05 4.1500452315606447e-06
9 53 -1.2596035337192115e-05 -2.7849413131793008e-06
9 54 -1.7626342245645016e-05 4.2423115701960952e-06
9 55 -3.6559008118480863e-05 1.3475537124105082e-05
9 56 -2.6724333264313444e-05 1.5848048335520392e-05
9 57 -3.9330764426996703e-05 5.9255561392968773e-06
9 58 -2.0950624547706962e-05 1.1543522252239252e-05
9 59 -2.4260726537661205e-05 5.6554775662213738e-07
9 60 -4.0196265048040684e-05 2.9489201340045969e-05
9 61 -5.2543255204108492e-05 -3.4958644266210436e-05
9 62 -8.1784733616957061e-05 -5.6149384421882213e-05
9 63 -4.0164826250368326e-05 4.4811809745571073e-05
9 64 -1.5752995276786130e-04 3.1401060387708078e-05
9 65 -1.9033986936257871e-04 -1.6004712029381190e-05
9 66 -9.3205123226734561e-05 2.2833619257175039e-05
9 67 -1.7979340765945050e-04 5.6573347493126093e-05
9 68 -2.6999461232508237e-04 -1.1070689532399475e-04
9 69 -2.5934644156153623e-04 4.4239311495108517e-05
9 70 -8.3042472113008825e-05 3.7219356905687313e-05
9 71 -3.6938916440471713e-04 2.2624090430101886e-04
10 0 -2.2267867570862360e-04 -3.7768620570698258e-05
10 1 -6.0773082635091223e-05 -8.9400073603470599e-05
10 2 -7.6507820319330440e-05 6.6276220374781724e-05
10 3 -1.3139547655991363e-04 4.9052758811597362e-05
10 4 -2.8830817424432508e-05 -1.7846682862708712e-05
10 5 -1.0691654350202389e-04 3.2511043552236573e-05
10 6 -8.2361967443813411e-06 8.1615263122988252e-05
10 7 -1.2108423236499573e-04 -9.3703593886054653e-05
10 8 -1.0807025276015124e-05 -4.8191023055347223e-05
10 9 4.7539119507405625e-06 -1.5436645944318649e-05
10 10 -7.2845076088255920e-05 -3.8131060052673600e-05
10 11 -5.5120871510456813e-05 1.2171940941649621e-06
10 12 -5.9397422891910367e-05 -1.2481182051147223e-05
10 13 -2.9849445360779503e-05 -1.4702759479946841e-05
10 14 -4.1162332564826789e-05 -1.5509888597246637e-05
10 15 -8.4820798662864387e-06 -2.5403847141311085e-06
10 16 -1.4755935320738263e-05 -3.2167452552328477e-06
10 17 -1.8170057125545400e-05 2.1848467067292988e-06
10 18 -1.8985097383527669e-05 -1.7656846451608958e-06
10 19 -1.0235060011435882e-05 -4.3616349138165506e-06
10 20 -9.2830994927523689e-06 -1.0466912808616421e-05
10 21 -1.2674412035330764e-05 -7.5157811791747132e-07
10 22 -7.9681179927329122e-07 -6.8355051459841434e-06
10 23 -4.2360616097322311e-06 3.7173039647318864e-06
10 24 -4.7199043169773425e-06 3.8437003088735027e-06
10 25 -3.1997144615446175e-06 -1.9265515676745534e-06
10 26 -2.8822605580078958e-06 6.0613224173682927e-07
10 27 -2.2540746761294099e-06 -6.0444106158892228e-07
10 28 -2.4370404144795357e-07 1.3292376017367211e-06
10 29 -1.7205076129308072e-06 -1.5826033690740736e-06
10 30 -1.2991648164854630e-06 -2.7200405172161638e-06
10 31 -1.2375996124753126e-06 1.4141317482844128e-06
10 32 -2.8249705189256453e-06 -9.8769476353013467e-07
10 33 -1.7012463256215690e-06 9.0656102270436657e-08
10 34 2.8691838786880297e-07 -2.5942146122242088e-07
10 35 -4.9047401679509657e-07 -4.8476009817249793e-07
10 36 -5.6963213576745411e-07 -2.5447572989306178e-07
10 37 -3.4762735664724677e-07 6.8469652854982813e-07
10 38 -1.6243063723504693e-06 1.0157072302898560e-06
10 39 -3.7405471928523110e-07 3.4112556767196855e-07
10 40 -8.9075119145328636e-08 2.7743498182516974e-07
10 41 -1.0711390747833599e-06 -1.2755264079901206e-08
10 42 -3.9348899512757774e-07 -5.0703574516168667e-07
10 43 -3.1618233199519701e-06 1.2440069573004034e-06
10 44 -7.7251558466720754e-07 3.2372637668969007e-06
10 45 -1.6286713065062257e-06 -2.1767228096653625e-06
10 46 -6.8925380509618445e-07 -2.3851665779238756e-06
10 47 -6.9062545297461174e-06 -1.3470615664621169e-08
10 48 -2.0266291969606182e-06 8.0781982404674874e-07
10 49 -4.8709469718645975e-06 5.2380044503740804e-07
10 50 -4.2301519909899302e-06 3.5896284457997360e-06
10 51 -6.8967024642297374e-06 4.7547760799491291e-06
10 52 -9.3370831070227544e-06 4.1937577499391227e-06
10 53 -4.6280207183965152e-06 2.1963383888194880e-07
10 54 -1.1381887717782960e-05 -5.6268884569577024e-07
10 55 -1.7866126069197509e-05 1.1857954244092478e-05
10 56 -1.4308976422093335e-05 1.7368072979075982e-05
10 57 -2.8473953709807535e-05 1.8286527794398897e-06
10 58 -1.1071034900754463e-05 1.3464570501759688e-05
10 59 -1.3615996292937157e-06 3.5044630040060941e-06
10 60 -1.8952119992383638e-05 1.8708059537062503e-05
10 61 -3.0824628058106297e-05 -3.0434181974778162e-05
10 62 -6.8084652345387853e-05 -4.3889981858851242e-05
10 63 -2.1671435010561944e-06 6.2043238336025830e-05
10 64 -1.0583512271968960e-04 3.9825347888935411e-05
10 65 -1.5250293849453059e-04 -2.8833563438424335e-05
10 66 -1.5969683896731102e-05 2.9741467867201184e-05
10 67 -9.8902668325448364e-05 5.9191199192417670e-05
10 68 -1.4841687278931953e-04 -1.0340736616659167e-04
10 69 -1.2019235304604977e-04 1.5854820640585916e-05
10 70 -1.2123031759420501e-05 6.4775311878037924e-05
10 71 -2.6297288406935959e-04 1.7786552577713280e-04
