0 0 -1.1460261723905858e+00 -2.1013629830261400e-19
0 1 -1.3602107997384211e-01 6.7868808070035936e-20
0 2 -4.7759881501787421e-02 -2.2091640680665479e-24
0 3 -2.8269273637518248e-02 2.4382836819268777e-21
0 4 -2.1582898210338715e-02 -5.0716399540823257e-22
0 5 -1.8615353936144812e-02 3.9071844606953105e-22
0 6 -1.6016458549922504e-02 2.2586648983057807e-22
0 7 -1.3415806623560365e-02 -1.4890665891286714e-22
0 8 -1.1268946363781097e-02 2.9930434789316910e-22
0 9 -9.5767983660030569e-03 -1.4425185832815770e-22
0 10 -8.5492225345562573e-03 2.0523921997458331e-22
0 11 -8.0728202681670524e-03 -2.1440098884278216e-22
0 12 -7.2497942862784527e-03 2.2761329957834253e-22
0 13 -6.3670300832311781e-03 1.5439385895315334e-22
0 14 -5.4937140350597175e-03 -1.9593219789054352e-22
0 15 -4.6435873188267803e-03 -3.4145526663018928e-22
0 16 -3.7879415098768356e-03 -1.0346031049554280e-22
0 17 -3.0499396619723582e-03 -7.8310347483697221e-23
0 18 -2.4570581568954578e-03 5.7436139649892730e-23
0 19 -2.1348724711147816e-03 2.2252793591556065e-23
0 20 -1.9518576010361245e-03 -1.1482045851631533e-24
0 21 -1.7743524895130031e-03 -4.2877104189372145e-23
0 22 -1.6251610002048704e-03 7.6606290412310888e-23
0 23 -1.4850504817601920e-03 6.1622049605895700e-23
0 24 -1.3320867301758173e-03 -8.3523676676813002e-23
0 25 -1.1419373322194607e-03 6.6849006246684743e-24
0 26 -9.7144984102479114e-04 9.5468097466907077e-24
0 27 -8.3780033765503076e-04 1.5494702600171416e-23
0 28 -7.6187734444902876e-04 3.7295908377687892e-23
0 29 -7.1756502630150305e-04 -2.3166369535630489e-24
0 30 -6.6950912291314981e-04 1.1068037181372917e-23
0 31 -6.0511384422974341e-04 -2.3083329737214322e-23
0 32 -5.3442597321569016e-04 -2.9804081992331888e-25
0 33 -4.8648015280739707e-04 -3.1175878534187059e-23
0 34 -4.0890414042007821e-04 3.1561601800888936e-24
0 35 -3.4848470150360117e-04 2.1550034940716549e-23
0 36 -3.1776510550339911e-04 -4.2469268804425666e-24
0 37 -3.1069724026384183e-04 -1.8474791663947675e-23
0 38 -3.1225742089366191e-04 3.7384044434624936e-24
0 39 -3.1428960552286426e-04 5.2618819611944930e-24
0 40 -3.3651761947695648e-04 -1.1017064067581311e-23
0 41 -3.7630804327253638e-04 9.1774496848667452e-25
0 42 -4.1253459629551692e-04 -1.2623300122110418e-23
0 43 -4.3910617024929977e-04 -1.7270250005880006e-23
0 44 -4.9077942210774188e-04 -3.4323720931075256e-23
0 45 -5.6704850086245807e-04 2.9223110050357863e-24
0 46 -6.4663019881460338e-04 -4.1106141889667037e-24
0 47 -7.1298206658903585e-04 1.4667737598039965e-23
0 48 -7.3104993526521358e-04 -1.5925411685646387e-23
0 49 -7.8203606396345189e-04 -9.5272240538399657e-24
0 50 -8.8446888568268931e-04 -2.9600185273540360e-23
0 51 -1.0221694233984036e-03 -1.1803197526073430e-23
0 52 -1.2184120586747921e-03 -3.8827643596670300e-24
0 53 -1.4691193662690195e-03 -1.3565731284496233e-23
0 54 -1.6994651774219632e-03 -1.2766915543851895e-22
0 55 -1.9933583129305484e-03 7.8262316561650434e-23
0 56 -2.3141496941626004e-03 -5.9673501719395606e-23
0 57 -2.6037613269109701e-03 7.7603726174482964e-23
0 58 -2.8702211613784701e-03 -6.0295058284765663e-23
0 59 -3.2067637434189306e-03 -4.0719412294818601e-23
0 60 -3.7483229524506514e-03 -6.5846951959293904e-23
0 61 -4.5048193731799238e-03 2.0115488500357727e-22
0 62 -5.6244604460506725e-03 1.0096953491231813e-23
0 63 -6.9771613742732018e-03 2.6888228090510130e-22
0 64 -8.3689739707736056e-03 1.4762391189889730e-22
0 65 -1.0255010588401500e-02 1.1171901651425954e-22
0 66 -1.2585700832804702e-02 -1.8777083488931063e-22
0 67 -1.5020415583364803e-02 -5.9490816325568137e-22
0 68 -1.7618044675916763e-02 -1.4660756236338214e-21
0 69 -2.4519497105437129e-02 -1.5470143434448224e-21
0 70 -4.7161196668411294e-02 -1.0450606490132675e-20
0 71 -1.4027884978401481e-01 2.3111990246936318e-21
1 0 -3.3324005189025463e-01 1.0879830934991700e-03
1 1 -8.0545497381334305e-02 7.1937005917990175e-04
1 2 -3.3391678826076909e-02 6.4695015168904547e-05
1 3 -2.1228942733146676e-02 6.7149257922275595e-05
1 4 -1.6467439723407300e-02 4.4152916735807912e-05
1 5 -1.4251065894398869e-02 2.6429052185444711e-05
1 6 -1.2252085164983771e-02 3.0441178686149260e-05
1 7 -1.0272713106226711e-02 4.0548298412924752e-06
1 8 -8.6188197170645638e-03 3.7031741647326097e-05
1 9 -7.3424685363722543e-03 9.2023299877346855e-06
1 10 -6.5410972318588707e-03 7.0760709337411583e-06
1 11 -6.1844019206907510e-03 1.4096014887893066e-05
1 12 -5.5533267140603559e-03 -1.0463495848677737e-05
1 13 -4.8704906755895373e-03 -4.3521420404702145e-05
1 14 -4.1994593412243170e-03 -2.8105210587284165e-05
1 15 -3.5582672812112257e-03 -1.5756372642721584e-05
1 16 -2.9031467021648273e-03 -1.2115961526431033e-05
1 17 -2.3327260756680498e-03 -3.9360683734475483e-06
1 18 -1.8824370745674926e-03 3.0614206446765264e-06
1 19 -1.6317149493994668e-03 3.8797761004800557e-06
1 20 -1.4920357083801380e-03 4.0196986525719327e-07
1 21 -1.3562753549913142e-03 -6.9308616299721461e-06
1 22 -1.2458849444511779e-03 3.2942801877524577e-06
1 23 -1.1353933203398447e-03 -1.2010449128684808e-06
1 24 -1.0203190705578673e-03 1.3538334914530564e-06
1 25 -8.7080288717509592e-04 1.0193648203170768e-06
1 26 -7.4317107672341044e-04 2.4523100569326372e-07
1 27 -6.3973405818045458e-04 1.2421563522718442e-06
1 28 -5.8171235873181505e-04 -3.6153952684567917e-06
1 29 -5.4721520054932149e-04 -1.2329908256718152e-06
1 30 -5.0986030052969054e-04 2.1240567660774618e-06
1 31 -4.6099026934867806e-04 -1.0866333336992587e-06
1 32 -4.0836854387779875e-04 -1.1230791673240256e-07
1 33 -3.6989412734474733e-04 4.0371384877893509e-07
1 34 -3.1141460731930464e-04 -1.3024390078266037e-06
1 35 -2.6624459447140706e-04 7.8130770637065075e-07
1 36 -2.4282658269960566e-04 6.4341524851166570e-07
1 37 -2.3817454337103443e-04 3.0829604153308115e-07
1 38 -2.3913481860214449e-04 9.7401852750035135e-07
1 39 -2.4084576085282974e-04 6.9779929794584443e-07
1 40 -2.5738038448962637e-04 1.8786210759915366e-09
1 41 -2.8775964375041496e-04 1.3245481600922908e-06
1 42 -3.1606978926868035e-04 1.5815432007372371e-07
1 43 -3.3541049735600796e-04 1.3244472314963174e-06
1 44 -3.7497800477783718e-04 -9.4303466498591694e-08
1 45 -4.3261419049221798e-04 -1.0545991327668374e-06
1 46 -4.9277889846508643e-04 -1.5011126954811347e-07
1 47 -5.4346710722399981e-04 3.3298264345803597e-06
1 48 -5.5814269893699256e-04 3.2270295321544816e-06
1 49 -5.9803094819710541e-04 1.1317785206027331e-06
1 50 -6.7788766670890906e-04 2.7915909956982776e-06
1 51 -7.8781822788230160e-04 2.5188724239136963e-06
1 52 -9.3710917483239464e-04 -8.3527940280548725e-07
1 53 -1.1289928698760025e-03 -5.1603356121576324e-06
1 54 -1.3008190615673158e-03 7.8431271731143816e-07
1 55 -1.5259810784508617e-03 -7.9904492387873932e-06
1 56 -1.7593747796215010e-03 -4.9240685059129842e-06
1 57 -1.9815044367746011e-03 -2.2734463631223798e-05
1 58 -2.1883775450526706e-03 -1.2314193947498863e-05
1 59 -2.4422418649526398e-03 -1.2475950599210508e-05
1 60 -2.8560879888380611e-03 -8.1121443484871762e-06
1 61 -3.4427157790149821e-03 2.3855581746034467e-05
1 62 -4.2928554849539545e-03 1.8251957701319476e-06
1 63 -5.3486536566813500e-03 -1.1890084610682447e-05
1 64 -6.3929359292840158e-03 8.6844107630573352e-06
1 65 -7.8172547005695842e-03 1.3255405307272132e-05
1 66 -9.6063903188433313e-03 7.0846367327481670e-05
1 67 -1.1454579773790208e-02 7.3048056893146142e-05
1 68 -1.3394712057840751e-02 1.5559990980098953e-05
1 69 -1.8382116528341753e-02 -1.5919886218427375e-04
1 70 -3.3354147884794662e-02 -7.4202161438745217e-05
1 71 -7.9949425717777620e-02 -3.1639702859738227e-04
2 0 -9.9624798235979320e-02 3.2595624259524334e-04
2 1 -3.7651472031173118e-02 6.8460411781589919e-04
2 2 -1.8590776181229094e-02 2.2122823162462733e-05
2 3 -1.2875536720285087e-02 7.5231904688950190e-05
2 4 -1.0187573929447549e-02 3.7463518975080897e-05
2 5 -8.8366015624294081e-03 3.5098133421868932e-05
2 6 -7.6104270116421320e-03 6.2996407880770559e-05
2 7 -6.3783372753173171e-03 4.2912082641247527e-06
2 8 -5.3548043383599558e-03 5.7204703626081746e-05
2 9 -4.5879611721264197e-03 6.2700701441193948e-06
2 10 -4.0685711848455347e-03 5.7492111833009385e-06
2 11 -3.8539075887067380e-03 2.8875242730307954e-05
2 12 -3.4603831480024415e-03 -1.4361574754077355e-05
2 13 -3.0231171391973993e-03 -5.5928528526083884e-05
2 14 -2.6081490757689364e-03 -4.1342436284422040e-05
2 15 -2.2176075391900254e-03 -2.0641534575301097e-05
2 16 -1.8082969410548979e-03 -2.1252561194949370e-05
2 17 -1.4458760341973878e-03 -1.0575198161149427e-05
2 18 -1.1697136781395922e-03 6.4732500252805803e-06
2 19 -1.0110892361080476e-03 4.1927353315104645e-06
2 20 -9.2363929099797937e-04 -1.7739870527541148e-06
2 21 -8.4130401454328310e-04 -1.0177848673142732e-05
2 22 -7.7741393168998516e-04 5.6719597055955530e-06
2 23 -7.0402430331950529e-04 5.0398908536310531e-07
2 24 -6.3552724863261709e-04 1.4423223810345387e-06
2 25 -5.3736874538924608e-04 1.6760484390695668e-06
2 26 -4.6317216238018696e-04 5.3529280994177660e-07
2 27 -3.9612426312903557e-04 8.0330186183596781e-07
2 28 -3.5906122530643522e-04 -4.1729678462980422e-06
2 29 -3.3885769237054406e-04 -1.8097063120258034e-07
2 30 -3.1366208937250097e-04 2.4893325172371245e-06
2 31 -2.8468084503712501e-04 -1.2279296710344119e-06
2 32 -2.5329012695848884e-04 9.8976776427979313e-08
2 33 -2.2545674070071901e-04 1.5062612026011750e-06
2 34 -1.9072902394369953e-04 -2.2500689890260813e-06
2 35 -1.6481134673398604e-04 1.1854501600083157e-06
2 36 -1.5031047489703090e-04 1.0433082031407284e-06
2 37 -1.4890041221201792e-04 1.4337088052796904e-07
2 38 -1.4865996844379205e-04 1.7544207965965453e-06
2 39 -1.5009504120951238e-04 1.4062079158052791e-06
2 40 -1.5972145966488882e-04 -3.1238844775262373e-08
2 41 -1.7855706491433991e-04 1.9942124327641691e-06
2 42 -1.9758330538844181e-04 -2.9050735080091288e-08
2 43 -2.0768638655055074e-04 1.7153193108514649e-06
2 44 -2.3234875763265128e-04 -5.6199627085759598e-07
2 45 -2.6741354049827546e-04 -1.8686055856414659e-06
2 46 -3.0320170224354816e-04 3.8342202050614782e-07
2 47 -3.3514674128886984e-04 5.4132061949964855e-06
2 48 -3.4526033475566330e-04 4.0361530028814936e-06
2 49 -3.7115949026752393e-04 1.5684502258807642e-06
2 50 -4.2199881491368892e-04 4.2984619193226764e-06
2 51 -4.9578962664904229e-04 3.9455081744663424e-06
2 52 -5.8741836591724229e-04 -3.3468234116076775e-07
2 53 -7.0753679765527704e-04 -6.7006844625421119e-06
2 54 -8.0448120282051517e-04 3.9749575647356634e-07
2 55 -9.4964101902499857e-04 -1.0882029240058725e-05
2 56 -1.0838456664687985e-03 -2.8127106152261437e-06
2 57 -1.2218164226388576e-03 -3.2249089091129713e-05
2 58 -1.3534382671154881e-03 -1.4321524383667908e-05
2 59 -1.5056546995057046e-03 -1.5690743183268626e-05
2 60 -1.7571085274965862e-03 -1.2762375477336835e-05
2 61 -2.1289353571909623e-03 2.7549032854728022e-05
2 62 -2.6410280245104801e-03 1.1639673246685777e-05
2 63 -3.3359741779282752e-03 -9.3271526345037747e-06
2 64 -3.9528971421895322e-03 -3.2441463077579034e-06
2 65 -4.8149007757552140e-03 1.3860744760673330e-05
2 66 -5.9297376687612252e-03 8.5297982916796044e-05
2 67 -7.0536450852916998e-03 7.6617997743293165e-05
2 68 -8.2425657772158632e-03 3.2772731040165100e-05
2 69 -1.1082755621624552e-02 -2.0569906246759571e-04
2 70 -1.8769767397469276e-02 -1.7827544580822596e-04
2 71 -3.5843991690122055e-02 -1.3845485316294398e-04
3 0 -3.2818166890495638e-02 6.4571804637877732e-05
3 1 -1.6483481496305265e-02 9.3279036360411100e-05
3 2 -9.4898192189347783e-03 -5.3116360980415126e-06
3 3 -7.2093521672295909e-03 9.1444734507382637e-05
3 4 -5.8658035017036441e-03 5.2555700222812175e-06
3 5 -5.0525332076513836e-03 4.1959401942521065e-05
3 6 -4.3787282327729564e-03 8.3212970187509868e-05
3 7 -3.6680773290797279e-03 6.0018869764562605e-06
3 8 -3.0998310242598380e-03 4.1514861863220571e-05
3 9 -2.6810076921039518e-03 -2.2360934050814259e-06
3 10 -2.3535057453317517e-03 1.4298996299681107e-06
3 11 -2.2312306983368049e-03 3.6896179028836549e-05
3 12 -1.9956074780107655e-03 -1.9816677866641323e-05
3 13 -1.7423440316760943e-03 -4.8380642800454291e-05
3 14 -1.4915051264614264e-03 -4.4409015844955842e-05
3 15 -1.2800567120487317e-03 -1.9217243553466619e-05
3 16 -1.0455742573913893e-03 -2.3800144653322211e-05
3 17 -8.2645259820029711e-04 -1.2582854676378062e-05
3 18 -6.6811529105173224e-04 8.3605111072377549e-06
3 19 -5.7971147723108170e-04 2.5962049039229558e-06
3 20 -5.2795741717207077e-04 -3.1291082405863078e-06
3 21 -4.8466401730880857e-04 -8.6705259704263500e-06
3 22 -4.4878668664270386e-04 6.7836821709232975e-06
3 23 -4.0367549030333633e-04 3.4252727866303105e-06
3 24 -3.6697840026691988e-04 1.3419172473298399e-06
3 25 -3.0626198056820422e-04 3.7206263058625900e-07
3 26 -2.6661320296933184e-04 9.2204875497204681e-07
3 27 -2.2703018567776629e-04 8.0867598250366283e-07
3 28 -2.0378380862540952e-04 -3.8674352460609895e-06
3 29 -1.9447521740378166e-04 7.4049781451334215e-07
3 30 -1.7788246520839991e-04 1.7250409634788513e-06
3 31 -1.6305630835975078e-04 -1.2450113247760392e-06
3 32 -1.4536081947256064e-04 5.9906217724159182e-07
3 33 -1.2649926997945383e-04 1.8369932856073114e-06
3 34 -1.0679388931394595e-04 -2.1733052884739299e-06
3 35 -9.4316724105921907e-05 1.8412394190110269e-06
3 36 -8.5725311777332260e-05 8.7586468553748821e-07
3 37 -8.6473718253493543e-05 -1.4218769641319579e-07
3 38 -8.5427164383736407e-05 1.9687669806263116e-06
3 39 -8.6348664312194291e-05 1.6782691592211581e-06
3 40 -9.1815758581672400e-05 1.6062733408445344e-07
3 41 -1.0201413732865048e-04 2.0497831037384015e-06
3 42 -1.1527640040566625e-04 -4.1154932288544370e-07
3 43 -1.1865794672281338e-04 1.7387224126937028e-06
3 44 -1.3307404567287516e-04 -1.0196681291246888e-06
3 45 -1.5148595960585922e-04 -2.2728587020687725e-06
3 46 -1.7171548052139746e-04 1.3644584071617215e-06
3 47 -1.8992208924607440e-04 6.6820665285323912e-06
3 48 -1.9674593642703527e-04 2.7378743301259317e-06
3 49 -2.1220984740055111e-04 1.3926403131405831e-06
3 50 -2.4283999377516653e-04 4.7074847894667059e-06
3 51 -2.8725038505591821e-04 3.8556695753791494e-06
3 52 -3.4175972137439063e-04 2.4771126895404522e-07
3 53 -4.0927471981209372e-04 -5.8726282563052769e-06
3 54 -4.5882420701925610e-04 -2.5158533528073632e-07
3 55 -5.5035602653454312e-04 -1.5283380361745748e-05
3 56 -6.2057623002190491e-04 4.0416551679050923e-06
3 57 -6.9523773085410870e-04 -3.1046289022212868e-05
3 58 -7.7498165433664639e-04 -1.2529513137337112e-05
3 59 -8.6135672245948966e-04 -1.4083122927365550e-05
3 60 -1.0027786696717143e-03 -1.0078255520595052e-05
3 61 -1.2174471870385227e-03 2.2670034374772636e-05
3 62 -1.5005082224140440e-03 1.7649820119845024e-05
3 63 -1.9215237047771655e-03 -1.0633659758214989e-05
3 64 -2.2373275524117078e-03 -2.2170578100211239e-05
3 65 -2.7371155317179427e-03 6.4494242883003660e-06
3 66 -3.3684459505931678e-03 5.1056943648607592e-05
3 67 -3.9908649191551038e-03 3.2959409500596566e-05
3 68 -4.6821973554252274e-03 2.2769589138965692e-05
3 69 -6.1303020933601545e-03 -1.7984931372517094e-04
3 70 -9.7736593696062385e-03 -1.8677980307894062e-04
3 71 -1.5579980004460861e-02 2.2263225835120992e-04
4 0 -1.2341365192501789e-02 -9.5349606510757129e-05
4 1 -7.2837171606385835e-03 -1.6338823759448352e-04
4 2 -4.6186550604895432e-03 -7.1986177854582039e-05
4 3 -3.8446735912679724e-03 8.3629681344185886e-05
4 4 -3.2833295421274208e-03 -2.7270125258835675e-06
4 5 -2.7393712405779061e-03 2.1572847232272534e-05
4 6 -2.4229968953499068e-03 9.4102534485108815e-05
4 7 -2.0325156544421102e-03 1.3776170998109173e-05
4 8 -1.7358406973228290e-03 1.3151256246774848e-05
4 9 -1.5256379833380473e-03 -1.1411771894283822e-05
4 10 -1.3188791997419784e-03 -1.5368039967735216e-05
4 11 -1.2452938272405267e-03 3.5728066866622862e-05
4 12 -1.1060490612074053e-03 -2.4633344244538802e-05
4 13 -9.6863838229516424e-04 -3.3827377300556297e-05
4 14 -8.0886935247177283e-04 -4.0411598649163414e-05
4 15 -7.0647526958177620e-04 -1.0974288194502378e-05
4 16 -5.8378939955315741e-04 -2.7098254692325278e-05
4 17 -4.5646890378115383e-04 -9.5071823986584657e-06
4 18 -3.6382122323477215e-04 7.3024150733979713e-06
4 19 -3.2060165705654947e-04 7.5313357905451200e-08
4 20 -2.8848033258388624e-04 -2.0716924376632518e-06
4 21 -2.6772877462255280e-04 -4.4284617929719452e-06
4 22 -2.4876022484357957e-04 6.6481098232476018e-06
4 23 -2.2167377961892544e-04 4.8120001814228054e-06
4 24 -2.0319584530369069e-04 2.0895169636168770e-06
4 25 -1.6866230014378757e-04 -5.1615148834019090e-07
4 26 -1.4573290322571938e-04 7.0843385878820150e-07
4 27 -1.2524659795675505e-04 9.2838961310663943e-07
4 28 -1.1013282861210921e-04 -3.0578819288155077e-06
4 29 -1.0625987557406265e-04 1.5218011514478058e-06
4 30 -9.6630020562569999e-05 1.3787564520670535e-06
4 31 -9.0284027274669670e-05 -1.3150434766808888e-06
4 32 -7.9922937699326361e-05 6.5497899090872818e-07
4 33 -6.8045117028191923e-05 1.4811983683292238e-06
4 34 -5.6677079569723504e-05 -2.1769276371192153e-06
4 35 -5.1716064741119500e-05 1.8099828985969950e-06
4 36 -4.6660209265212977e-05 4.3712068281596582e-07
4 37 -4.8727688494922840e-05 -8.4073931739714313e-08
4 38 -4.6854766003967344e-05 1.4038453365945061e-06
4 39 -4.7177857345022083e-05 1.2004483728320213e-06
4 40 -5.0701417464294505e-05 7.0081515899436391e-07
4 41 -5.5347195043089959e-05 1.7365142873877438e-06
4 42 -6.5338438595751152e-05 -9.7715540843194463e-07
4 43 -6.5161035592752495e-05 1.1790939129151795e-06
4 44 -7.3040625978307619e-05 -9.3236808920687756e-07
4 45 -8.1701581290187937e-05 -2.5714976112522131e-06
4 46 -9.3473510067909138e-05 2.2790455823551818e-06
4 47 -1.0216538936142496e-04 6.4782575149015490e-06
4 48 -1.0687765608994903e-04 1.2022360448118591e-06
4 49 -1.1534309175060036e-04 5.8934642353700244e-07
4 50 -1.3307254313923899e-04 4.8044538032986339e-06
4 51 -1.5754917499569707e-04 2.8689080013654129e-06
4 52 -1.9060160871246917e-04 -8.6733562208418616e-07
4 53 -2.2499417899548129e-04 -4.5574284040995280e-06
4 54 -2.5321840161229674e-04 -4.8472475046278078e-07
4 55 -3.0860591700982110e-04 -1.8056170891621957e-05
4 56 -3.4354376716489549e-04 7.5883820438612981e-06
4 57 -3.7857857878234548e-04 -2.6867157489643531e-05
4 58 -4.2420225891212746e-04 -7.9698285373156087e-06
4 59 -4.7347703503863202e-04 -6.8838249079857887e-06
4 60 -5.4845996388199543e-04 -5.2131971771079143e-06
4 61 -6.6612734033634751e-04 1.6145876728734925e-05
4 62 -8.1538908317277056e-04 1.9082588397830504e-05
4 63 -1.0585587160992463e-03 -1.5083414953945094e-05
4 64 -1.2046482363295998e-03 -3.3256063746194895e-05
4 65 -1.4758633957454397e-03 -3.0545691427740382e-06
4 66 -1.8245263680264721e-03 2.1174323556154590e-05
4 67 -2.1576309052959678e-03 -9.6830279076106879e-06
4 68 -2.5446518626570259e-03 1.0864069342570599e-05
4 69 -3.2747324639228409e-03 -1.3304309996693337e-04
4 70 -4.8800652068303066e-03 -2.1728219849467139e-04
4 71 -6.8191764249319843e-03 5.6591695408969776e-05
5 0 -5.2190926360915534e-03 -1.0909498053875805e-04
5 1 -3.4344539279646635e-03 1.0681797303586974e-05
5 2 -2.2151864231650174e-03 -1.3952047931077102e-04
5 3 -2.0121959189436938e-03 8.6855094345935748e-05
5 4 -1.8037671769152775e-03 1.5557551186099516e-05
5 5 -1.4187971274436161e-03 1.4239305736430041e-05
5 6 -1.2934264600211929e-03 7.2745815737410043e-05
5 7 -1.1052723143642283e-03 2.9545784636415617e-05
5 8 -9.3867078193433321e-04 -2.6257788896930435e-06
5 9 -8.4678158046797415e-04 -2.6552686386121750e-05
5 10 -7.2099192654241141e-04 -2.5510516230342061e-05
5 11 -6.8261246015343963e-04 3.2746086109875952e-05
5 12 -5.9575053626200738e-04 -3.2098337067365762e-05
5 13 -5.2902474204115238e-04 -3.0063396804655316e-05
5 14 -4.2372935686216625e-04 -2.4695427624177188e-05
5 15 -3.7872274707892803e-04 4.9466027580828748e-06
5 16 -3.1910840029576303e-04 -2.9219214307293289e-05
5 17 -2.4564780914877336e-04 -6.0823957561231229e-06
5 18 -1.9381340678849968e-04 4.7811062146839644e-06
5 19 -1.7332906267032808e-04 -4.2628004776356218e-07
5 20 -1.5433049923455061e-04 4.2888727280961037e-07
5 21 -1.4271333317540845e-04 -2.2694912500247599e-06
5 22 -1.3555490134931352e-04 4.9858631335628398e-06
5 23 -1.1681463036071340e-04 5.4744962124129286e-06
5 24 -1.0954121078090906e-04 2.3295965445795703e-06
5 25 -9.2355410258330298e-05 -1.0927622417914717e-06
5 26 -7.5571807945532267e-05 -6.2276026499309822e-07
5 27 -6.6950217764455869e-05 1.4380777774299944e-06
5 28 -5.7534255168193705e-05 -1.8806947698691579e-06
5 29 -5.5666395937505450e-05 1.7709836502807695e-06
5 30 -5.0890043471619210e-05 1.8543678308547454e-06
5 31 -4.8974323230969153e-05 -9.8135837208810987e-07
5 32 -4.3161455121078271e-05 3.3122909680612595e-07
5 33 -3.5386739999373996e-05 9.0488149019494113e-07
5 34 -2.8749393731389772e-05 -1.7053749808278977e-06
5 35 -2.7432067922980124e-05 1.4981872889126326e-06
5 36 -2.4379673835659838e-05 3.0170691591744118e-07
5 37 -2.6836802790335705e-05 1.2933057131316112e-07
5 38 -2.5054644045018845e-05 7.6568042691188938e-07
5 39 -2.5075808631731992e-05 5.4030507724190746e-07
5 40 -2.7045154356240381e-05 9.1692616999810341e-07
5 41 -2.8987530815039891e-05 1.2399769194510499e-06
5 42 -3.6039022866445708e-05 -9.4862258024788448e-07
5 43 -3.5117183522103685e-05 2.9084359845129614e-07
5 44 -3.8423839290698248e-05 -4.6186561010934042e-07
5 45 -4.2821427863915151e-05 -2.9399603221850543e-06
5 46 -4.9447494376190555e-05 2.3320916132062094e-06
5 47 -5.2172142627344832e-05 5.5315915526051046e-06
5 48 -5.6417072361237010e-05 -2.6607279099774775e-07
5 49 -5.9645960600071813e-05 2.0509219202312739e-07
5 50 -7.1079723536669463e-05 3.3944496961333653e-06
5 51 -8.2514488826291324e-05 1.6034295799673392e-06
5 52 -1.0323928794946091e-04 -5.0718295279387123e-07
5 53 -1.1869258553283639e-04 -2.6932038119272278e-06
5 54 -1.3851391249097332e-04 1.3980957353175280e-06
5 55 -1.7096343207425181e-04 -1.8575801808787589e-05
5 56 -1.8484117952304087e-04 3.8246696884119157e-06
5 57 -1.9978871940405231e-04 -2.0098975945623947e-05
5 58 -2.2292830986571875e-04 -3.8743845083657927e-06
5 59 -2.5217402186818996e-04 -1.9902028586201332e-06
5 60 -2.9378202741088278e-04 -3.2183126857039983e-07
5 61 -3.5518350327294070e-04 1.0828556673959969e-05
5 62 -4.2461306425739228e-04 2.0225775419993620e-05
5 63 -5.6635341641609693e-04 -2.1053971469201713e-05
5 64 -6.3723022586315730e-04 -3.4038657679927874e-05
5 65 -7.5732266294789964e-04 -1.2050194012826685e-05
5 66 -9.5662061612833860e-04 1.6789531321778388e-05
5 67 -1.1339161946448040e-03 -2.1988172346830502e-05
5 68 -1.3542030637595081e-03 2.4844330666168110e-05
5 69 -1.7154220701660434e-03 -7.1416660543174637e-05
5 70 -2.4308380993468995e-03 -1.5516769764878670e-04
5 71 -2.9949649776146174e-03 1.9137260384406029e-05
6 0 -2.5535304630954171e-03 -1.4611865641846091e-05
6 1 -1.7039106590555290e-03 6.1007722560550889e-05
6 2 -9.9005317721963118e-04 -1.6143998228718398e-04
6 3 -1.0465162776834862e-03 7.0579544149852296e-05
6 4 -9.8766025215380002e-04 2.7224536435093651e-05
6 5 -7.0630960800992758e-04 2.5885947724986529e-05
6 6 -6.6485791600785912e-04 3.8581183742347626e-05
6 7 -5.8401721313271616e-04 4.5699010032761057e-05
6 8 -4.9483696682128039e-04 7.6613444957140970e-06
6 9 -4.6333125290151997e-04 -3.8992050025169563e-05
6 10 -3.7799700825147186e-04 -1.8341895672792047e-05
6 11 -3.6912582165155402e-04 2.8703701951248544e-05
6 12 -3.1120387185644741e-04 -3.2841322326308127e-05
6 13 -2.9087769719329939e-04 -3.5012111538953058e-05
6 14 -2.2184057772352386e-04 -1.2761946840916010e-05
6 15 -2.0306874558530049e-04 1.3030716062223749e-05
6 16 -1.7185916672493028e-04 -2.5347598494779303e-05
6 17 -1.2688797341681659e-04 -4.1909456928511624e-06
6 18 -1.0653649439763428e-04 3.2147941072039046e-06
6 19 -9.0332833153013731e-05 2.4881247641317682e-06
6 20 -8.0375631472214541e-05 2.6018258453107009e-06
6 21 -7.4408292861310381e-05 -2.1134765995207250e-06
6 22 -7.4730781628803210e-05 4.1774249522572269e-06
6 23 -5.9115332463506702e-05 6.1752658383877750e-06
6 24 -5.8197671819692134e-05 1.9905595674679040e-06
6 25 -5.1731535599139025e-05 -1.1101238553104888e-06
6 26 -3.6270482981161274e-05 -2.3200914095490236e-06
6 27 -3.4682870848394242e-05 1.8917407444711994e-06
6 28 -2.9880414083816412e-05 -2.4241316712777917e-07
6 29 -2.7975445754397934e-05 1.9873811452680426e-06
6 30 -2.6596557247647146e-05 2.1615804221741323e-06
6 31 -2.5715687031072414e-05 -5.0683252965795032e-07
6 32 -2.3831787316758574e-05 5.8500343967736313e-07
6 33 -1.7674749705570811e-05 6.0847796116592324e-07
6 34 -1.4138423425702086e-05 -7.7361001187980051e-07
6 35 -1.4347098163945768e-05 1.0045343012633115e-06
6 36 -1.2373218681119579e-05 5.3675918740770328e-07
6 37 -1.4398973863778487e-05 1.0903265404126697e-07
6 38 -1.3574344825808236e-05 2.4098153354363552e-07
6 39 -1.3626095362980543e-05 7.1225885952509551e-08
6 40 -1.4154363955124770e-05 9.5714491695747397e-07
6 41 -1.4374344958655792e-05 8.5993842864522023e-07
6 42 -1.9837731552233802e-05 -5.8168004277517025e-07
6 43 -1.8889392293853507e-05 -9.3406916767175678e-07
6 44 -1.9314642167262689e-05 4.6070654889479520e-07
6 45 -2.2399404732260154e-05 -3.0576546488365587e-06
6 46 -2.5645710877137479e-05 1.8406755609271827e-06
6 47 -2.4904772532200534e-05 4.6448754612253760e-06
6 48 -2.9329013132659754e-05 -9.5051682095887790e-07
6 49 -2.8781017604931423e-05 3.1393546732881870e-07
6 50 -3.7255480345340165e-05 1.9024215356918333e-06
6 51 -4.2357884932752010e-05 7.4338846326201791e-07
6 52 -5.3943133348587382e-05 1.9024037433838143e-07
6 53 -6.2043748090355127e-05 -6.8203261444808057e-07
6 54 -7.4972128904353825e-05 2.2432792493680551e-06
6 55 -9.5002593437414927e-05 -1.5584572437999124e-05
6 56 -9.7253039689565665e-05 6.5321106261324312e-07
6 57 -1.0292167949246953e-04 -1.2506223586646368e-05
6 58 -1.1278783044088048e-04 -2.7762517793278302e-06
6 59 -1.3187162963171280e-04 -3.1210704581231669e-06
6 60 -1.5850867996160752e-04 2.0945370251814293e-06
6 61 -1.8272225950948534e-04 6.4017963990882596e-06
6 62 -2.0868276503630716e-04 1.7874044093359943e-05
6 63 -2.9589039944474506e-04 -2.1246657445012662e-05
6 64 -3.3957578430344603e-04 -2.8726472331136411e-05
6 65 -3.7051673553118938e-04 -1.6541147489564063e-05
6 66 -4.8660260224503150e-04 1.4783774411365037e-05
6 67 -5.8374039445665085e-04 1.5266262808333167e-06
6 68 -7.1962881999057353e-04 3.6472216224114337e-05
6 69 -8.7691344070274838e-04 -2.5999760257889821e-05
6 70 -1.1922081025254356e-03 -1.0713093174206150e-04
6 71 -1.2745254118788794e-03 -4.3616059134378774e-05
7 0 -1.3708652956279010e-03 5.1508159175324440e-05
7 1 -8.4903088211532032e-04 5.1289305132488669e-05
7 2 -3.8851558902491150e-04 -7.4053257523165746e-05
7 3 -5.3675670417959365e-04 3.5696442117763181e-05
7 4 -5.4994911163139292e-04 2.0750041077807422e-05
7 5 -3.4476470776008964e-04 4.3542784736303890e-05
7 6 -3.0670928573176925e-04 3.7257270027605154e-05
7 7 -3.0882763422862114e-04 5.0149374123375404e-05
7 8 -2.6259209316450716e-04 1.5047104313888465e-05
7 9 -2.4768121170973956e-04 -3.8699006758515172e-05
7 10 -1.8149225166747359e-04 -7.5316322739327363e-06
7 11 -2.0592130507980771e-04 1.8813517457354120e-05
7 12 -1.5491646293241130e-04 -2.3480686546418710e-05
7 13 -1.5479076610825453e-04 -3.0357241084565228e-05
7 14 -1.1854293839613175e-04 -8.9304106956474722e-07
7 15 -1.1222792414425526e-04 9.7300808319034096e-06
7 16 -9.0029637313722861e-05 -2.2559411086406827e-05
7 17 -6.2915981164964044e-05 -1.6923590458909682e-06
7 18 -6.2589254223636507e-05 3.5966789024914088e-06
7 19 -4.4266681242950004e-05 4.7528742207721890e-06
7 20 -4.1620011427487975e-05 4.9012477537419234e-06
7 21 -3.7115134030298829e-05 -3.6255743828320622e-06
7 22 -4.3033937083426311e-05 3.8062066720299322e-06
7 23 -2.7794352118091651e-05 5.6074743916266994e-06
7 24 -3.1186386371074738e-05 1.3955566768459631e-06
7 25 -3.0320731922165455e-05 -5.1169124646699247e-07
7 26 -1.5767781365325035e-05 -2.5714668898945781e-06
7 27 -1.7796735314062406e-05 2.5202726521382969e-06
7 28 -1.5875027781003219e-05 6.7922027158596113e-07
7 29 -1.3505852947475697e-05 1.2913254501755728e-06
7 30 -1.4183022800801757e-05 2.0528699920436864e-06
7 31 -1.3191819370933361e-05 -4.6797726547399235e-07
7 32 -1.3771053741859942e-05 7.0952335711069478e-07
7 33 -8.6324145114876423e-06 3.6834091091299013e-07
7 34 -6.8936122428413516e-06 -1.4214748392293058e-07
7 35 -7.6430197037185926e-06 7.0200944746161599e-07
7 36 -6.2462176570023781e-06 5.1195622653068950e-07
7 37 -7.9160858194005329e-06 -6.6060266937297923e-08
7 38 -7.8182014036453790e-06 -1.1080574777614702e-07
7 39 -7.6433229742194034e-06 -3.0578394662468637e-07
7 40 -7.2826681411214901e-06 6.0071828945876076e-07
7 41 -6.3929681669647972e-06 5.9675420785790870e-07
7 42 -1.1129229743791902e-05 -1.8979763311099941e-07
7 43 -9.9390000083574497e-06 -1.9352195431836435e-06
7 44 -9.1631382282670557e-06 1.0616129514455650e-06
7 45 -1.1272387658277683e-05 -3.1144334460754128e-06
7 46 -1.3179340740422826e-05 1.4273802496226538e-06
7 47 -1.0981498683650444e-05 3.6840385410703043e-06
7 48 -1.5043725467130617e-05 -1.1717484362463077e-06
7 49 -1.1920497351962068e-05 6.3523497207047440e-07
7 50 -1.9548297080779793e-05 7.2421858252250143e-07
7 51 -2.1480003580471275e-05 -8.3727833284381065e-08
7 52 -2.5823903173654653e-05 1.0035224143672811e-06
7 53 -3.1631721023446023e-05 2.7866462221930822e-08
7 54 -3.8982198723077741e-05 2.4146595483969842e-06
7 55 -5.3618414864124527e-05 -1.1226779505554350e-05
7 56 -5.0405369635325091e-05 9.5931178944654323e-07
7 57 -5.3442735959653958e-05 -8.8238016539978295e-06
7 58 -5.4636897206424840e-05 -4.4276275320826671e-06
7 59 -6.8227770724895549e-05 -6.6047651960198615e-06
7 60 -8.7324048603312258e-05 4.7240401972687873e-06
7 61 -9.0670272839343414e-05 5.4891765979586401e-06
7 62 -9.5686434245096402e-05 1.4660864857084789e-05
7 63 -1.6309308888428286e-04 -2.2093191327461053e-05
7 64 -1.7838794583101706e-04 -2.3637992935938180e-05
7 65 -1.8402437376880177e-04 -2.1070114986898106e-05
7 66 -2.3706619349830546e-04 1.0521381923580001e-05
7 67 -3.0406266263622255e-04 2.1572076963989333e-05
7 68 -3.8599851245789114e-04 1.2906454646936777e-05
7 69 -4.3950569804388634e-04 -3.2564740485294049e-06
7 70 -5.7005149547617931e-04 -5.6499554397201136e-05
7 71 -4.6365494200116878e-04 -3.2925275137723051e-05
8 0 -6.5168531845501392e-04 2.7855100095615387e-05
8 1 -4.0986228493718251e-04 -3.1197725498173730e-05
8 2 -1.2135348681943593e-04 -5.3743887873047750e-06
8 3 -2.6177154866463841e-04 -2.0387012076249431e-05
8 4 -3.3495948765355351e-04 -5.9170415179949228e-07
8 5 -1.9785179721940754e-04 4.6129076031344339e-05
8 6 -1.2237896902340706e-04 6.6286443614119053e-05
8 7 -1.6007221842496028e-04 4.4338927288349176e-05
8 8 -1.4860876746018175e-04 2.3506702321939807e-05
8 9 -1.2648876475030292e-04 -3.3439980759209288e-05
8 10 -7.3897876814937944e-05 1.0674218407833839e-05
8 11 -1.2640481960517013e-04 6.6287536576175276e-06
8 12 -7.2433258180841495e-05 -3.6720032639622005e-06
8 13 -7.6623028694735527e-05 -2.0855212712642567e-05
8 14 -6.4043131507305774e-05 1.0622295298266220e-05
8 15 -6.2492850642867516e-05 2.3165548601078575e-06
8 16 -4.3162440100174848e-05 -2.2772282407512243e-05
8 17 -2.6920822839837201e-05 1.3980720135819529e-07
8 18 -3.8876925372660956e-05 5.6137209751549508e-06
8 19 -1.9367787493913848e-05 5.7362278091566594e-06
8 20 -2.0855755335915088e-05 6.6358479457778488e-06
8 21 -1.7080210542054750e-05 -4.2336688854068751e-06
8 22 -2.7913428889390283e-05 1.8264740313102768e-06
8 23 -1.3441967046346794e-05 4.4982935107107472e-06
8 24 -1.5580204434593142e-05 9.9161797883575931e-07
8 25 -1.7683386678256526e-05 4.9673903070681867e-07
8 26 -6.1135524626749209e-06 -2.2372551193561978e-06
8 27 -8.6719846646092153e-06 2.5622845332563021e-06
8 28 -8.0426238704308800e-06 1.1702781172695383e-06
8 29 -5.8529240168795202e-06 1.1369133569026495e-08
8 30 -6.8000313400334958e-06 1.9563405415074983e-06
8 31 -6.5966842920127183e-06 -3.0484606275414259e-07
8 32 -8.4092630599563375e-06 7.2463506803807631e-07
8 33 -4.0216889320227886e-06 3.2179488003456783e-07
8 34 -2.8537717017789169e-06 2.0893344214614034e-07
8 35 -4.2382673069604468e-06 5.8047658948152318e-07
8 36 -3.1982754523784571e-06 5.8994618456952599e-07
8 37 -4.5873931938042168e-06 -2.8834376855912889e-07
8 38 -4.9768063369704868e-06 -3.8177727329946710e-07
8 39 -4.5671092791452418e-06 -4.8909935213408837e-07
8 40 -3.8743871962025487e-06 3.7364928208427311e-07
8 41 -2.7952239876980710e-06 3.5564116471991555e-07
8 42 -6.1519732695336173e-06 -1.3360759457386098e-07
8 43 -5.1493232176175986e-06 -2.3958061455336462e-06
8 44 -4.3033177651041375e-06 1.2826188678762822e-06
8 45 -5.6274442736100387e-06 -2.7512351341509097e-06
8 46 -6.3901378466896029e-06 8.5784693772560524e-07
8 47 -4.1940417587912754e-06 2.1652084075045116e-06
8 48 -6.7243746714896728e-06 -1.6651021956754412e-06
8 49 -3.4870501455385960e-06 6.3677836184984801e-07
8 50 -1.0764337508487184e-05 -7.2552053681561759e-07
8 51 -1.0549186446102130e-05 -1.1006306684404526e-06
8 52 -1.0688096544579011e-05 2.4132768989186166e-06
8 53 -1.4950687856903748e-05 -7.6402307031648237e-07
8 54 -1.7602123508553338e-05 1.8571687880333499e-06
8 55 -2.9597435814903369e-05 -9.1691665521756628e-06
8 56 -2.2387806485849864e-05 3.4553172914701532e-06
8 57 -2.7703007131662396e-05 -8.8362051061624820e-06
8 58 -2.7236040526776926e-05 -5.8906690664305058e-06
8 59 -3.5635345984481015e-05 -9.7900507017419241e-06
8 60 -4.8385232178562446e-05 4.9055025838918033e-06
8 61 -4.2998354189615351e-05 5.8446172510786418e-06
8 62 -4.3407485065156681e-05 1.4360705996735702e-05
8 63 -9.9509926025917404e-05 -2.8128779886847850e-05
8 64 -8.8136251038016801e-05 -1.7631190375364193e-05
8 65 -1.0018204527290177e-04 -2.1768157363515023e-05
8 66 -9.9583251471445906e-05 -1.0855628029653636e-05
8 67 -1.5202658365491841e-04 2.9066273784125084e-05
8 68 -2.0524723149929514e-04 -8.2191228605332269e-06
8 69 -2.2893250968563237e-04 8.8678255575670389e-06
8 70 -2.7512307718474509e-04 -1.7705996654852605e-05
8 71 -9.0604723684068931e-05 -1.2018279337717661e-05
9 0 -3.1121733386631727e-04 5.5327273046539128e-05
9 1 -1.8544959470264739e-04 -1.7294212673534776e-05
9 2 8.8141914707832463e-06 3.9162414085801938e-05
9 3 -1.1316900855178291e-04 -6.3500020425543539e-05
9 4 -2.2815669122989369e-04 -2.5720439542442720e-05
9 5 -1.3959179892940603e-04 2.9819577530549649e-05
9 6 -3.5687937813122514e-05 8.4955972227049195e-05
9 7 -8.9878928445463830e-05 4.1834612365674159e-05
9 8 -8.6551579008995865e-05 2.4107362469691775e-05
9 9 -6.1971960310245827e-05 -2.5806016075943504e-05
9 10 -1.8016655831023340e-05 2.5646201968318807e-05
9 11 -8.4477123230347894e-05 -8.9776415996257567e-07
9 12 -4.0948490817004615e-05 1.2452809069227754e-05
9 13 -3.5262162854318466e-05 -1.6995123182095711e-05
9 14 -3.8839563934953495e-05 1.5736562669974805e-05
9 15 -3.7671864304449610e-05 -4.9029147356083008e-06
9 16 -1.6408267809366161e-05 -2.0231586449426042e-05
9 17 -3.4085065271281100e-06 -2.5286045815999109e-06
9 18 -2.5366491496251346e-05 7.1052041163767038e-06
9 19 -5.7568583489210136e-06 5.5724601763912962e-06
9 20 -8.9214073258270032e-06 7.5835682183642574e-06
9 21 -8.1377851138328027e-06 -2.3996528166147672e-06
9 22 -2.0960241299669650e-05 3.6729552858930548e-07
9 23 -8.8590357869196307e-06 3.2013154536026841e-06
9 24 -7.2909956092294339e-06 1.5258848179532229e-07
9 25 -1.0824995496454120e-05 8.8155274291462432e-07
9 26 -2.7573311661804892e-06 -1.8629917656610420e-06
9 27 -3.7043590632302726e-06 2.7940686780063402e-06
9 28 -4.1951934287060396e-06 1.2348860607746619e-06
9 29 -2.1614569663735800e-06 -3.6779459644104173e-07
9 30 -2.5959513670751628e-06 1.8754093314864982e-06
9 31 -3.8837076924414364e-06 -3.0551236718130015e-07
9 32 -5.3291458103042096e-06 4.9580668349360546e-07
9 33 -1.5715984626835093e-06 3.3648415291099508e-07
9 34 -7.9278737227676176e-07 2.5699920671066945e-07
9 35 -2.3782247904633083e-06 3.9392996342901272e-07
9 36 -1.6803033119464357e-06 8.4075297389181457e-07
9 37 -2.7821137146783866e-06 -3.2834522512470404e-07
9 38 -3.1820968708017212e-06 -6.1629448839182574e-07
9 39 -2.8122782925193411e-06 -4.7722343506978890e-07
9 40 -2.2301426703472259e-06 1.2031535017130569e-07
9 41 -1.4048603255097282e-06 2.8549476838085019e-07
9 42 -3.6047175031567443e-06 -1.9964911342522965e-07
9 43 -2.9933498336194577e-06 -2.5754369233896802e-06
9 44 -1.7512823093410491e-06 1.6355556697080288e-06
9 45 -3.0963823543060345e-06 -2.1971284573232942e-06
9 46 -2.2307776452737090e-06 2.5583477845354448e-07
9 47 -1.3205312867591798e-06 5.4106414137888730e-07
9 48 -9.8760926211897765e-07 -2.2576407470548872e-06
9 49 -3.7134113942763807e-07 -2.1660211585667684e-08
9 50 -6.4267073524323360e-06 -9.9460965598579278e-07
9 51 -4.8424361405951463e-06 -1.3042915897178211e-06
9 52 -3.5572680821686699e-06 3.4304644724831170e-06
9 53 -6.2156256181267600e-06 -2.2445983640134937e-06
9 54 -4.5137596999298197e-06 1.6207681628346522e-06
9 55 -1.6428390320020529e-05 -7.9468101410419994e-06
9 56 -8.3089065864050657e-06 4.0579201613934615e-06
9 57 -1.3175262859770312e-05 -9.5299103252521771e-06
9 58 -1.6449454556898355e-05 -6.0909240176555516e-06
9 59 -1.9225454988608191e-05 -1.2963816280298184e-05
9 60 -2.5774723274587680e-05 3.5380690029967605e-06
9 61 -2.0220977207232718e-05 1.0694097778147185e-05
9 62 -1.4451063271101033e-05 1.5030969636666701e-05
9 63 -5.8696538150665051e-05 -3.2171322272171874e-05
9 64 -3.3801662013272276e-05 -1.5487396581913257e-05
9 65 -6.1270963320983964e-05 -9.6848654415066982e-06
9 66 -2.9746155115607400e-05 -2.6101784481589297e-05
9 67 -7.6319141786265277e-05 3.6386985910588121e-05
9 68 -1.1288849405632661e-04 -1.8879132909052521e-05
9 69 -1.3085442168910114e-04 2.6527155804443571e-05
9 70 -1.1663513349388582e-04 4.6567574186337309e-06
9 71 3.3307329041107835e-05 4.6023574669528574e-05
10 0 -1.4269244363977981e-04 9.0622385889379574e-05
10 1 -8.0355687423823226e-05 5.0219264368024747e-06
10 2 6.1258805553163483e-05 5.8861607472993692e-05
10 3 -3.6133755793740128e-05 -7.0845240605159687e-05
10 4 -1.7608370092465363e-04 -2.1374999471375423e-05
10 5 -1.0253210985047895e-04 3.7421583608081813e-06
10 6 -1.5785776300760056e-05 9.1229176179560920e-05
10 7 -6.3417194383801799e-05 3.5393377142819312e-05
10 8 -5.4411329687514964e-05 1.6206652149616671e-05
10 9 -3.2580907632087323e-05 -2.0310626150151541e-05
10 10 2.0238384836317417e-06 3.2041898038465965e-05
10 11 -5.8732560021127094e-05 -7.4645997136903282e-06
10 12 -4.0008111137938351e-05 1.9750138672037404e-05
10 13 -2.1724652375037919e-05 -1.2127249008905488e-05
10 14 -2.1339179902046067e-05 2.0062044477774388e-05
10 15 -2.9622050959772628e-05 -3.7559042969779112e-06
10 16 -1.2185436409866333e-06 -1.1924946247501375e-05
10 17 9.7452636110309454e-06 -7.9178695647191726e-06
10 18 -1.5813748160803874e-05 7.6990439962140243e-06
10 19 1.4379767258977446e-06 3.5469020020204678e-06
10 20 -1.3568841496769778e-06 6.9162321593653908e-06
10 21 -5.4598507244290675e-06 9.5410896211657249e-07
10 22 -1.7226606794983079e-05 -3.8303732115310133e-08
10 23 -6.9361960218415548e-06 3.1462952553186196e-06
10 24 -3.4634035908967096e-06 1.0243628159748491e-06
10 25 -6.3998774655165209e-06 4.6136152484654693e-07
10 26 -1.6573452883782880e-06 -1.3089995573118918e-06
10 27 -1.4553378050799759e-06 2.3426781404778642e-06
10 28 -2.1952170569499663e-06 1.1444622800435445e-06
10 29 -1.6595983718710540e-07 -3.7443709483504886e-07
10 30 -1.0220608364524538e-06 1.3385230668757226e-06
10 31 -2.9802390446746495e-06 2.4240278395092210e-07
10 32 -3.3966981232273730e-06 -2.8209498651406894e-08
10 33 -1.8657845929315073e-07 1.9820550685074293e-07
10 34 -4.2777266247788635e-07 -1.4048090545398287e-07
10 35 -1.2362944885261513e-06 1.1287925515196197e-07
10 36 -9.3368281520097781e-07 9.1024188237033718e-07
10 37 -1.8999026968787228e-06 -2.4895398094605803e-07
10 38 -1.5960793734780229e-06 -9.6527880319528088e-07
10 39 -1.5478593363528940e-06 -2.8123988712827118e-07
10 40 -1.3611916320509930e-06 1.8542561454938812e-07
10 41 -9.3673608360676113e-07 1.6042618692309685e-07
10 42 -2.2942595440366748e-06 -3.9675273445816030e-07
10 43 -2.2158102836170361e-06 -2.1913536220296140e-06
10 44 -2.0607469673362662e-07 1.9942494276603974e-06
10 45 -2.2323234174385855e-06 -1.7618264677212344e-06
10 46 -6.6200538854460768e-08 7.0433573455786215e-07
10 47 2.1953431464022849e-07 -3.1697353563077598e-07
10 48 2.8607267352815140e-06 -2.9621342196938878e-06
10 49 1.5934653630692410e-08 -4.8019960825513694e-07
10 50 -4.2395169968194697e-06 4.5804785798864983e-07
10 51 -1.9009147017829263e-06 -1.7602266433921416e-06
10 52 -1.0083719184009782e-07 3.0098854158493012e-06
10 53 -2.4571469848780554e-06 -2.0622468780221189e-06
10 54 1.8455740145280862e-06 -8.1144862299533500e-08
10 55 -9.0653563037143944e-06 -5.5893318317771967e-06
10 56 -2.7913040801452787e-06 2.5024637636641532e-06
10 57 -5.8561480481453546e-06 -9.0484154444205122e-06
10 58 -1.3372912626792963e-05 -6.2997551783775658e-06
10 59 -1.2277279040132160e-05 -1.4472023747100037e-05
10 60 -1.4325597809664153e-05 2.5014091800201489e-06
10 61 -9.3907664629176751e-06 1.6537968364858536e-05
10 62 -1.3471241624590854e-07 1.2533347607761067e-05
10 63 -2.8575088975160539e-05 -2.8876465990930595e-05
10 64 -4.1114105178753414e-07 -1.1317376161617937e-05
10 65 -3.7639138804676456e-05 3.1682161163370886e-06
10 66 -5.7187715141544260e-06 -3.5636139556806834e-05
10 67 -3.6660551828819623e-05 4.3655458525920332e-05
10 68 -8.1202114771956776e-05 -2.1484362537439142e-05
10 69 -8.5901324588616445e-05 3.5848909252029679e-05
10 70 -1.7475466681102828e-05 8.2139173376615217e-06
10 71 6.7880041633264362e-05 7.8786606833260359e-05
