0 0 -1.1309559354804655e+00 -3.6394250059415329e-19
0 1 -1.3056578320413484e-01 1.7606611565671268e-19
0 2 -4.3501230628969066e-02 -2.8112608048920353e-21
0 3 -2.5488603872926775e-02 2.0264528379400114e-22
0 4 -1.9777782671336879e-02 1.6338283948521022e-21
0 5 -1.6700223841116382e-02 2.0226853160761843e-21
0 6 -1.3765284720924691e-02 2.1330772713754023e-22
0 7 -1.1623132478495056e-02 -3.5922320684481587e-22
0 8 -1.0188592880618097e-02 4.3543066547778016e-22
0 9 -8.4927123961333634e-03 -5.5421735921299970e-23
0 10 -7.0514332473961801e-03 1.5021946931295779e-22
0 11 -6.2476016442423211e-03 5.0308962943378797e-22
0 12 -5.8135270629340778e-03 1.4219765436402990e-22
0 13 -5.3974674623557895e-03 2.4905729393425118e-22
0 14 -4.9441040303231376e-03 -2.8975157416774253e-22
0 15 -4.6709791785997231e-03 -2.0189703153392954e-22
0 16 -4.3329117110785086e-03 -2.9054403070012481e-23
0 17 -4.0591522108542133e-03 2.5384725524880498e-23
0 18 -3.9197924768251107e-03 -1.4654232423325577e-22
0 19 -3.9828732878177701e-03 1.0068250717035568e-22
0 20 -3.8683656411500592e-03 1.4565791545125861e-22
0 21 -3.5390100529668019e-03 4.2943015385426383e-23
0 22 -3.0315478610836648e-03 -7.0651488721931170e-23
0 23 -2.3974229163364323e-03 4.0825926675868804e-23
0 24 -1.8166765212415121e-03 6.9750945189102499e-23
0 25 -1.3897432691575614e-03 -1.3227947576817022e-22
0 26 -1.1405610401410964e-03 6.6754483139146443e-24
0 27 -9.2911062205882440e-04 1.7435868713658221e-23
0 28 -7.0174187250825594e-04 1.1099683894243343e-23
0 29 -5.1828296240731433e-04 2.2662790148169112e-23
0 30 -4.1300884886868078e-04 9.7026652055060529e-24
0 31 -3.4920422206776255e-04 6.3434530270616164e-24
0 32 -3.0358340616970964e-04 -7.5987372623363448e-24
0 33 -2.6087725548785756e-04 -1.6648611201521687e-23
0 34 -2.2607270071220027e-04 -6.1148139229627415e-24
0 35 -2.0304806835307363e-04 1.0355440486184231e-24
0 36 -1.8394730527341159e-04 -1.3974931034357844e-23
0 37 -1.6617350858035376e-04 5.4843203254179037e-24
0 38 -1.4261257677342895e-04 8.2053304486357547e-24
0 39 -1.2861725670830487e-04 1.4977237876491955e-24
0 40 -1.2571629520497784e-04 6.2770697733979448e-24
0 41 -1.3019191655950428e-04 1.1434154980812213e-24
0 42 -1.3605251787912037e-04 -2.1782609075797576e-24
0 43 -1.5592741254712056e-04 2.1060651671333175e-24
0 44 -1.9325432997697827e-04 -8.9406313641279554e-24
0 45 -2.2909056099765430e-04 -1.4928976598282518e-24
0 46 -2.6608132342986930e-04 1.7158049962429422e-23
0 47 -3.0795282755568881e-04 -2.0500192875128857e-24
0 48 -3.7238336300153812e-04 1.5033709577266083e-23
0 49 -4.5908799648848852e-04 2.2506294378662827e-24
0 50 -5.6493137686868108e-04 -2.7484807434002200e-24
0 51 -6.9546919587002993e-04 7.4810963657649662e-24
0 52 -8.4145089651520007e-04 3.0233396032792090e-25
0 53 -1.0570693968481606e-03 -2.1298520755945624e-24
0 54 -1.3500005359049236e-03 -3.8238708568526770e-23
0 55 -1.6464749660501411e-03 -4.3427308881433559e-23
0 56 -1.9040480541429950e-03 -1.8341815661001506e-23
0 57 -2.2110111296197005e-03 3.8641140190452425e-23
0 58 -2.5872108358568359e-03 -3.3747839905658944e-23
0 59 -3.1548181606491977e-03 -7.5768337317318829e-23
0 60 -3.8837949694268559e-03 -8.5536566247740049e-23
0 61 -4.8213725606494331e-03 -1.7043211344957156e-22
0 62 -5.8665283051606331e-03 3.5014304897334687e-25
0 63 -6.9133375879934927e-03 -1.7710699788268824e-22
0 64 -8.2356871235088197e-03 3.9577760875316540e-22
0 65 -9.6378709550018100e-03 -4.9137052803834847e-22
0 66 -1.1202800327346780e-02 -3.0781574148086727e-22
0 67 -1.3337980982048935e-02 1.6423047743926926e-22
0 68 -1.6646855024548619e-02 3.9537456088494842e-22
0 69 -2.3730736142897915e-02 1.2454182137147884e-21
0 70 -4.3825844521791835e-02 6.5293441599917741e-21
0 71 -1.3437619336994006e-01 -1.2671547669570679e-19
1 0 -3.2440034503213994e-01 2.5970732827126724e-04
1 1 -7.5046076422489047e-02 9.4107788964356488e-06
1 2 -3.0679951403486207e-02 -2.0272804378061425e-04
1 3 -1.9087300115361763e-02 -4.8613633716541601e-05
1 4 -1.4986779670848577e-02 9.7271569175182081e-05
1 5 -1.2696084786346588e-02 7.5370500206501441e-05
1 6 -1.0504209890279741e-02 5.5490463256602443e-06
1 7 -8.8995612967591141e-03 1.7310416630900009e-05
1 8 -7.7896850631869715e-03 3.1177231914300877e-05
1 9 -6.5107216432133425e-03 4.0515921322473548e-07
1 10 -5.4087654799369915e-03 -1.6831730178101409e-05
1 11 -4.7930115777483741e-03 -1.8592187881842944e-05
1 12 -4.4576190625733947e-03 -6.9785883149934902e-06
1 13 -4.1406774438591133e-03 -2.0049975784199241e-05
1 14 -3.7872491429215144e-03 -3.2711833654831093e-05
1 15 -3.5847371085982039e-03 -7.4961421743072129e-06
1 16 -3.3224787809767566e-03 -1.8531300796634063e-05
1 17 -3.1055363218758627e-03 -5.8835873158410026e-06
1 18 -2.9979278556540407e-03 9.5209593835245215e-06
1 19 -3.0414361673572151e-03 1.2034863171702218e-05
1 20 -2.9411747816459237e-03 4.7123924597170098e-06
1 21 -2.7013411534445256e-03 -1.8731988066806816e-06
1 22 -2.3190632117969017e-03 -4.3172019978828017e-06
1 23 -1.8316927668525153e-03 2.4960207961383381e-08
1 24 -1.3893128182858815e-03 1.9589544493231575e-06
1 25 -1.0625719844991725e-03 3.2004902503291429e-07
1 26 -8.7182596592406871e-04 -4.4515151965987355e-06
1 27 -7.0964515335925548e-04 -2.4192832496986459e-06
1 28 -5.3581541262199064e-04 -4.1325759250166398e-08
1 29 -3.9627933760358775e-04 2.8673232048476402e-06
1 30 -3.1499105060926963e-04 2.1660588705592628e-06
1 31 -2.6765439246118642e-04 1.6213479241222345e-06
1 32 -2.3217677300925679e-04 1.0174687176058423e-06
1 33 -1.9925718878058087e-04 1.8283326619251552e-07
1 34 -1.7303375393479478e-04 -3.7187612678870943e-07
1 35 -1.5596302090194292e-04 -5.4716734832713573e-07
1 36 -1.4063881553366670e-04 3.2018189015469402e-07
1 37 -1.2666808915148551e-04 -4.1519914810875521e-07
1 38 -1.0861221232612247e-04 -3.9390882584239437e-07
1 39 -9.8480933520299940e-05 -5.6653039112969019e-07
1 40 -9.6010072533312267e-05 -5.4705437157057642e-07
1 41 -9.9447943569924246e-05 -3.2676524863635804e-07
1 42 -1.0350953929345455e-04 -6.0636944285266493e-08
1 43 -1.1904403402014574e-04 3.2810344051119349e-08
1 44 -1.4747843738477587e-04 -3.2605363752878747e-07
1 45 -1.7437198139567053e-04 7.6095462986853536e-07
1 46 -2.0256245839095442e-04 1.2560438454929112e-06
1 47 -2.3487196194858301e-04 6.1185175783667123e-07
1 48 -2.8402586044584980e-04 1.5642879269084649e-06
1 49 -3.5005835032582639e-04 -3.1332050650879574e-07
1 50 -4.3078308682537633e-04 -1.7463481284471598e-07
1 51 -5.2850323344956658e-04 5.3346917333325944e-07
1 52 -6.4304912172942323e-04 1.3821151344266148e-06
1 53 -8.0529028534196670e-04 1.7464369956297323e-06
1 54 -1.0298458258040217e-03 4.7868103531975393e-06
1 55 -1.2570595602199935e-03 7.3510650658392382e-06
1 56 -1.4564944501122520e-03 1.9327261194849701e-06
1 57 -1.6882878438601941e-03 -1.9183787873276861e-06
1 58 -1.9737919872376505e-03 -9.3885528938840615e-07
1 59 -2.3996271776334636e-03 6.6654355848362579e-06
1 60 -2.9473482720641007e-03 1.4365060016395871e-05
1 61 -3.6577137056901950e-03 1.3921672713259112e-05
1 62 -4.4727091681767148e-03 1.7810111193894428e-05
1 63 -5.2775126922163839e-03 1.9612479784818735e-05
1 64 -6.2712273277013121e-03 -1.2138831278163271e-05
1 65 -7.3140449736799843e-03 -1.9170046028270101e-05
1 66 -8.5225973569170617e-03 -1.1449999814777295e-05
1 67 -1.0141962731603983e-02 -2.6765850283826115e-05
1 68 -1.2603427885882743e-02 -5.7075913516928530e-05
1 69 -1.7528656424618025e-02 -2.8887152290240060e-05
1 70 -3.0741333612878178e-02 -1.7310740436427254e-05
1 71 -7.9859741952743035e-02 6.6693911611402664e-05
2 0 -9.4229286443640536e-02 1.2946516708331856e-03
2 1 -3.3223513705240022e-02 2.3384872185727433e-04
2 2 -1.6987113078441741e-02 -3.6168547257142095e-04
2 3 -1.1526733433579838e-02 -2.5371561664385111e-05
2 4 -9.1137548324201501e-03 1.2252806501395069e-04
2 5 -7.7410897954336300e-03 8.8331866776771321e-05
2 6 -6.4653111600885852e-03 -7.3646389273087300e-06
2 7 -5.5361130567023673e-03 8.3559063568253689e-06
2 8 -4.8126333279748957e-03 4.4982753622732731e-05
2 9 -4.0622311747962759e-03 -2.6065279778074182e-06
2 10 -3.3658362499502472e-03 -2.2263363484254343e-05
2 11 -2.9950025428787095e-03 -1.9417514507907884e-05
2 12 -2.7801017683650613e-03 -1.2336533752801961e-05
2 13 -2.5917093359627561e-03 -3.0397812602588798e-05
2 14 -2.3628355930973709e-03 -4.9540492927898772e-05
2 15 -2.2422694069768345e-03 -1.0605656340249092e-05
2 16 -2.0766228397492590e-03 -2.2092902990159986e-05
2 17 -1.9352815347417002e-03 -1.2203266912743442e-05
2 18 -1.8590672581176707e-03 4.1012996690830198e-06
2 19 -1.8785114551532537e-03 2.4482235754844747e-06
2 20 -1.7879373954207696e-03 7.8985863368870015e-06
2 21 -1.6705400112068977e-03 -5.9488795830898186e-06
2 22 -1.4331588621382715e-03 -3.0289003396377798e-06
2 23 -1.1357726618073029e-03 9.9876199004032348e-07
2 24 -8.6376147717195895e-04 1.8633449818891464e-07
2 25 -6.5969822224840209e-04 2.1172802224815841e-06
2 26 -5.4124530560757244e-04 -4.6984778949010877e-06
2 27 -4.4098857028682033e-04 -1.9824910226475032e-06
2 28 -3.3026442009863978e-04 -6.8372274947764310e-07
2 29 -2.4559302301492520e-04 3.7693234798294170e-06
2 30 -1.9436755960382484e-04 3.0830826607431515e-06
2 31 -1.6642304324841745e-04 2.3700109491031195e-06
2 32 -1.4439651819903306e-04 1.3866301897134348e-06
2 33 -1.2324086442646863e-04 2.9320637781212672e-07
2 34 -1.0775131070947285e-04 -7.8229349998924971e-07
2 35 -9.7398767558567328e-05 -9.9029850131384649e-07
2 36 -8.7056862561155952e-05 3.9875944386494208e-07
2 37 -7.8136659482535325e-05 -4.1746777250241432e-07
2 38 -6.6880259972403424e-05 -5.4023537244875066e-07
2 39 -6.1340287193320807e-05 -8.6363342888734770e-07
2 40 -5.9131617548278316e-05 -8.1124631105748688e-07
2 41 -6.1655858049178616e-05 -6.7463785202711432e-07
2 42 -6.3622813674273448e-05 -2.8901265393257587e-07
2 43 -7.3770539079704738e-05 1.3674789470367999e-07
2 44 -9.1046918443980573e-05 -3.1949600300709764e-07
2 45 -1.0741387542984696e-04 1.0172621877589775e-06
2 46 -1.2465693077761935e-04 1.3569403144160668e-06
2 47 -1.4470213211969458e-04 1.1000571940029612e-06
2 48 -1.7512501659103816e-04 2.2829460483265735e-06
2 49 -2.1588087449856978e-04 -5.4760241749647559e-07
2 50 -2.6560719785069948e-04 -3.3036092307115523e-07
2 51 -3.2416659409926162e-04 1.0837428508751152e-06
2 52 -3.9953304039283869e-04 2.7414713434174723e-07
2 53 -4.9557059625842119e-04 1.5071828293246127e-06
2 54 -6.3755351761578326e-04 4.9644802356034577e-06
2 55 -7.7817500797547898e-04 6.6784122962939230e-06
2 56 -9.0548378156916974e-04 2.2603215316572646e-06
2 57 -1.0453125989708578e-03 -3.3758245503700584e-06
2 58 -1.2200032894149027e-03 -1.7387890568111629e-06
2 59 -1.4769594467239498e-03 1.6449726356828879e-05
2 60 -1.8107048351334999e-03 1.8703709832679577e-05
2 61 -2.2448153001180418e-03 2.0498360690010749e-05
2 62 -2.7665927441744135e-03 3.1965614898636677e-05
2 63 -3.2630707576752956e-03 2.3478911194318933e-05
2 64 -3.8558254479342797e-03 -1.8087764844761481e-05
2 65 -4.4771565165022753e-03 -4.6612580941883155e-05
2 66 -5.2485298311197208e-03 3.6661104538879898e-07
2 67 -6.2703243698165332e-03 -4.7833690672989579e-05
2 68 -7.6753581111120798e-03 -7.7740735555248625e-05
2 69 -1.0207679602945620e-02 -6.3513737856879328e-05
2 70 -1.7157437881710900e-02 -4.0651327206121113e-05
2 71 -3.5736831670905030e-02 4.0014204762239404e-05
3 0 -3.0913513259984933e-02 1.6204404653253339e-03
3 1 -1.3805600600620435e-02 5.2488165693483351e-05
3 2 -8.6594598652759581e-03 -3.4502508105698214e-04
3 3 -6.3767895691239475e-03 -1.2463202989300877e-05
3 4 -5.0805781218200641e-03 1.0660332623488676e-04
3 5 -4.3027973184234887e-03 5.3841604996598719e-05
3 6 -3.6609201368428589e-03 1.4298229052879504e-06
3 7 -3.1905077433803490e-03 1.4267009393891092e-05
3 8 -2.7498179408456942e-03 5.0902678396636984e-05
3 9 -2.3535878922507848e-03 -6.5136069286676326e-06
3 10 -1.9232982011660189e-03 -1.1701103597482618e-05
3 11 -1.7362219299873211e-03 -1.6411443411268836e-05
3 12 -1.5998881275313308e-03 -1.8859328065204394e-05
3 13 -1.5027432608596351e-03 -3.5355576225543120e-05
3 14 -1.3646425420444153e-03 -5.3797131932612838e-05
3 15 -1.3025084709780213e-03 -7.4334527232801170e-06
3 16 -1.2067725784457948e-03 -1.6564578206909512e-05
3 17 -1.1132006022478371e-03 -1.4143006543541271e-05
3 18 -1.0674555338184260e-03 -4.9071543887006753e-06
3 19 -1.0684227423676275e-03 -1.4480518923603166e-05
3 20 -9.8521537446954956e-04 7.6883545701892866e-06
3 21 -9.5603183987335845e-04 -8.2144145904213246e-06
3 22 -8.1393909400168899e-04 -5.6664744167955463e-06
3 23 -6.4867958799444739e-04 1.6291321032376273e-06
3 24 -4.9511442030676558e-04 -2.8297876176759135e-06
3 25 -3.7602732869819125e-04 3.0219520183547084e-06
3 26 -3.0988422963970375e-04 -4.4407240630947756e-06
3 27 -2.5439208615137893e-04 -8.0189264453983707e-07
3 28 -1.8689373878770605e-04 -8.9331905574586754e-07
3 29 -1.4063809979091428e-04 3.5416911787334512e-06
3 30 -1.1069938718412351e-04 2.8592259808652546e-06
3 31 -9.5676633420012971e-05 2.4510646165384077e-06
3 32 -8.3446129094071140e-05 1.0127260109457868e-06
3 33 -7.0435703672351913e-05 4.4671241575776952e-07
3 34 -6.2093069329933413e-05 -1.0247724720038438e-06
3 35 -5.6145702195201269e-05 -1.1886594702341357e-06
3 36 -4.9664012239299734e-05 4.7377975486660047e-07
3 37 -4.4531383400031095e-05 -2.3317372093053241e-07
3 38 -3.8036709955514502e-05 -4.3572301217779138e-07
3 39 -3.5390022631860739e-05 -1.0414107914775688e-06
3 40 -3.3450385829041913e-05 -8.1225979462416025e-07
3 41 -3.5322994302119214e-05 -8.4937813192071650e-07
3 42 -3.6146193814260047e-05 -3.8564112680884845e-07
3 43 -4.2246785708054379e-05 3.1261692872731302e-07
3 44 -5.1959367007322795e-05 4.7618670509292263e-08
3 45 -6.1099314520131326e-05 1.0129233587509109e-06
3 46 -7.0775627868581656e-05 8.0313161983677264e-07
3 47 -8.2205066675655438e-05 1.0570072142266909e-06
3 48 -9.9766402146626661e-05 2.1142958060457780e-06
3 49 -1.2312612573982522e-04 -7.5166563498046075e-07
3 50 -1.5089421287873886e-04 -6.9717132359446919e-08
3 51 -1.8377511215867819e-04 9.6177621928456863e-07
3 52 -2.2964385887167674e-04 -1.1501854189218654e-06
3 53 -2.8124251732671127e-04 1.5177864851827320e-06
3 54 -3.6485745852196595e-04 5.0775467170635267e-06
3 55 -4.4472399020948071e-04 4.0081356381192060e-06
3 56 -5.2163851672684615e-04 2.6719098455214460e-06
3 57 -5.9945583771144095e-04 -4.0164628105327685e-06
3 58 -6.9571993789010697e-04 -1.4007768513376652e-06
3 59 -8.4014170833383276e-04 2.0317809681742455e-05
3 60 -1.0264260927194300e-03 1.7864917130335167e-05
3 61 -1.2759982543978452e-03 1.9095089308304383e-05
3 62 -1.5761629435591634e-03 3.4895659105969182e-05
3 63 -1.8642437657830470e-03 2.5245021960866763e-05
3 64 -2.1869197090598489e-03 -2.7353346482517025e-05
3 65 -2.5364017773074525e-03 -6.2187227200795713e-05
3 66 -2.9953911843650012e-03 2.5830724114030305e-05
3 67 -3.5859065660763731e-03 -5.3973689161674932e-05
3 68 -4.3059525226529852e-03 -7.9457455131934062e-05
3 69 -5.4472071496428770e-03 1.1718071960884251e-05
3 70 -8.8736057055465011e-03 -4.8010265848123903e-06
3 71 -1.4754587743211338e-02 -5.1378631710387635e-05
4 0 -1.0578187671507809e-02 1.6404991456711981e-03
4 1 -5.7155070000597429e-03 -1.2319704760596772e-04
4 2 -4.2285949294781642e-03 -1.8515321464582680e-04
4 3 -3.3591340724955796e-03 8.9903131044928116e-07
4 4 -2.7176776015796294e-03 6.9367857396005554e-05
4 5 -2.2756293345856790e-03 6.1050594274043029e-06
4 6 -1.9904191782068358e-03 2.4415511040051313e-05
4 7 -1.7638961000014013e-03 2.1422895399108780e-05
4 8 -1.5150336162888078e-03 5.1300538999241642e-05
4 9 -1.3131752612358717e-03 -8.7976037292794215e-06
4 10 -1.0451832610350220e-03 -4.2198145232685697e-06
4 11 -9.6827926194441381e-04 -1.6613903053400811e-05
4 12 -8.8321093254683039e-04 -1.9181468242583526e-05
4 13 -8.4311166632297012e-04 -2.7878129148842611e-05
4 14 -7.5814070219892805e-04 -4.7877853336522621e-05
4 15 -7.2990619360307292e-04 -3.9129495335620430e-06
4 16 -6.8055052670735171e-04 -1.5844637926887699e-05
4 17 -6.0847102168052518e-04 -1.3084767102571091e-05
4 18 -5.9043239490882363e-04 -8.2182121050230170e-06
4 19 -5.8431068503811575e-04 -2.2687672519355758e-05
4 20 -5.1453694549471519e-04 3.9806283003827837e-07
4 21 -5.2726215028355277e-04 -1.1931117965603262e-05
4 22 -4.4123698809080640e-04 -1.3755880528293294e-05
4 23 -3.5274356333592075e-04 1.3043048407754118e-06
4 24 -2.7003473479932316e-04 -5.3573475785262480e-06
4 25 -2.0410230069815068e-04 2.1571906639769225e-06
4 26 -1.7071450162532475e-04 -5.2424218013209007e-06
4 27 -1.4090019659909099e-04 -4.9346686436952320e-07
4 28 -1.0092652375398069e-04 -1.1880739878691717e-06
4 29 -7.8256665010454789e-05 3.6780288002501750e-06
4 30 -6.0748879072580112e-05 2.1568012473366569e-06
4 31 -5.2779559307038405e-05 2.0227580357760743e-06
4 32 -4.6557205309011947e-05 4.9781418773460269e-07
4 33 -3.8811195655709385e-05 6.8618851560738694e-07
4 34 -3.4498343028767128e-05 -1.0344665185496201e-06
4 35 -3.0895828169244521e-05 -1.2500446423104186e-06
4 36 -2.7113329336496662e-05 3.8078130706273844e-07
4 37 -2.4436906624638704e-05 7.2376181214555808e-08
4 38 -2.0692767350228529e-05 -2.6255626863562046e-07
4 39 -1.9472972161390457e-05 -1.0655179174821954e-06
4 40 -1.8091049125845875e-05 -6.5485899105257403e-07
4 41 -1.9391950103061802e-05 -9.0340690249409438e-07
4 42 -1.9805736450908429e-05 -3.1313660715896922e-07
4 43 -2.3233262154457613e-05 3.6031223496020913e-07
4 44 -2.8397844764239144e-05 3.6327578583545175e-07
4 45 -3.3638938518902654e-05 1.0025069907326544e-06
4 46 -3.8362958721201395e-05 3.4872263532331236e-07
4 47 -4.5440543089155236e-05 8.4139400883952016e-07
4 48 -5.4144402416278003e-05 1.9002292398425362e-06
4 49 -6.7152179804001708e-05 -1.2044343511074146e-06
4 50 -8.2967002161376987e-05 -5.2768335460524412e-07
4 51 -9.9328414866699434e-05 1.1047985055662555e-06
4 52 -1.2613704642654811e-04 -2.6519808954857065e-06
4 53 -1.5375359812186428e-04 4.9974805025933563e-07
4 54 -1.9967728017003625e-04 5.7767105654503456e-06
4 55 -2.4268335177091662e-04 1.2169746199538513e-06
4 56 -2.8938214194647522e-04 5.0498984880598261e-06
4 57 -3.3033205428807991e-04 -4.8821413997000178e-06
4 58 -3.7948267991316179e-04 6.8962508756356456e-07
4 59 -4.5434422959784548e-04 1.9844954802576265e-05
4 60 -5.5755234763839431e-04 1.2791749484045591e-05
4 61 -6.9327403330050094e-04 1.1234514501633378e-05
4 62 -8.5337058147352395e-04 3.1121534827282588e-05
4 63 -1.0160102540724193e-03 2.4149461630823874e-05
4 64 -1.1805956222637657e-03 -3.7819555100380204e-05
4 65 -1.3792544467758484e-03 -5.6582186757442750e-05
4 66 -1.6536079232323969e-03 3.4706976019751994e-05
4 67 -1.9516842729364384e-03 -3.8542683178760415e-05
4 68 -2.3028553991833517e-03 -5.7046198049115121e-05
4 69 -2.8333417395624704e-03 6.5749193340086735e-05
4 70 -4.5141069859837100e-03 1.0269933352992804e-04
4 71 -5.9092677808489005e-03 -7.6071458014071288e-05
5 0 -4.0652656646971239e-03 1.0499895981154375e-03
5 1 -2.4555972579109260e-03 -1.3864966652831623e-04
5 2 -2.0810495410540451e-03 -7.3518268341638904e-05
5 3 -1.6985564436799718e-03 1.4410580582898024e-05
5 4 -1.4209272563766859e-03 4.7274551643140301e-05
5 5 -1.1783805609407827e-03 -2.7203803892260922e-05
5 6 -1.0702179414959856e-03 3.3882621687481353e-05
5 7 -9.4213033108723706e-04 3.6529379807030616e-05
5 8 -8.2224955114255287e-04 4.8511183653012059e-05
5 9 -7.1531202798413634e-04 -2.5750159577053664e-06
5 10 -5.4790084950159053e-04 4.8323637432840728e-06
5 11 -5.2250470636695269e-04 -1.2808427841284600e-05
5 12 -4.7795079456586784e-04 -1.2732827284973095e-05
5 13 -4.6502974731904822e-04 -1.3082573507922811e-05
5 14 -4.1081395643018971e-04 -3.5873434695447695e-05
5 15 -3.9629329614519608e-04 -2.6895787579562252e-06
5 16 -3.7544533005076349e-04 -1.6061545233392083e-05
5 17 -3.2419528519924372e-04 -7.8619888077966709e-06
5 18 -3.1861293096687951e-04 -9.9791394581130032e-06
5 19 -3.1444311115119824e-04 -2.2091624842372869e-05
5 20 -2.5681401829171895e-04 -4.7786967316056961e-06
5 21 -2.8384009338311970e-04 -1.2805190161844896e-05
5 22 -2.3190393091592705e-04 -1.5769112119885680e-05
5 23 -1.8161063868318920e-04 1.1220853030190231e-06
5 24 -1.4263850600549274e-04 -6.9503869267432712e-06
5 25 -1.0782967909219104e-04 2.5177196109664958e-06
5 26 -9.2315516428027552e-05 -6.6368612957194705e-06
5 27 -7.5573812792984152e-05 -7.4757070191522161e-07
5 28 -5.2008054231728829e-05 -1.1235960945645948e-06
5 29 -4.3391033605212470e-05 3.5829578458494039e-06
5 30 -3.2341681884511367e-05 1.3349562803614556e-06
5 31 -2.8532449902455579e-05 1.7738549064854356e-06
5 32 -2.5418337951082540e-05 2.8338297311641369e-07
5 33 -2.1286879432680469e-05 8.4059835080027196e-07
5 34 -1.8729262970352023e-05 -9.4628725418940480e-07
5 35 -1.6468314444616943e-05 -1.1673954584700174e-06
5 36 -1.4553349627095431e-05 8.5068054850048254e-08
5 37 -1.2957068854889572e-05 2.1651702812966484e-07
5 38 -1.0845185686160965e-05 -2.6676340212758857e-07
5 39 -1.0245800850450674e-05 -9.1183127624557100e-07
5 40 -9.4209487424339272e-06 -4.4396221331370463e-07
5 41 -1.0360219412946104e-05 -8.5963548966946147e-07
5 42 -1.0685180336641704e-05 -1.5217750470887666e-07
5 43 -1.2365459338905309e-05 3.3924234543172559e-07
5 44 -1.5372382636918147e-05 4.9420077299071759e-07
5 45 -1.8496672515259810e-05 8.0458665145990369e-07
5 46 -2.0012711018380008e-05 -1.3100252837665864e-07
5 47 -2.5164619168238079e-05 4.6888058234963375e-07
5 48 -2.8290796614897062e-05 1.5575739381623868e-06
5 49 -3.5630191077130954e-05 -1.6482349770182619e-06
5 50 -4.5457022966490392e-05 -7.7545455424490997e-07
5 51 -5.1005189621003372e-05 9.7286211473477232e-07
5 52 -6.6492691307707761e-05 -3.5820494804139447e-06
5 53 -8.2477715346561937e-05 3.2187623093012707e-08
5 54 -1.0543719358976821e-04 6.5577448889308249e-06
5 55 -1.2743838145249986e-04 1.4702675450002591e-07
5 56 -1.5682984200908221e-04 7.2935483201445619e-06
5 57 -1.8030312896592037e-04 -4.0878118766826903e-06
5 58 -2.0183383667544928e-04 1.9058381557565057e-06
5 59 -2.3859520970090082e-04 1.7617244093046554e-05
5 60 -2.9353034964022532e-04 7.4501570792983276e-06
5 61 -3.6472135689229418e-04 6.5825192752815112e-06
5 62 -4.4331462965664826e-04 1.9573287746265248e-05
5 63 -5.3627919876161586e-04 1.7863123042853163e-05
5 64 -6.1558432831381447e-04 -5.1872648809971034e-05
5 65 -7.2389184614319300e-04 -4.5772085325480285e-05
5 66 -8.9111133903733986e-04 3.8544851283330783e-05
5 67 -1.0269074939191043e-03 -1.2043261022920463e-05
5 68 -1.1981770756497106e-03 -2.8468364046853785e-05
5 69 -1.4880879420544454e-03 4.3065249405255510e-05
5 70 -2.2485766592234492e-03 1.0134389653297763e-04
5 71 -2.3312618822672556e-03 -1.3973068664776246e-04
6 0 -1.7951783240798156e-03 6.7491572697404184e-04
6 1 -1.2210978614657028e-03 -7.8597443548733095e-05
6 2 -1.0514069723598718e-03 -6.4835407825382160e-05
6 3 -8.1075237923152149e-04 1.8030078859751993e-05
6 4 -7.4427420259991098e-04 4.7199411913161281e-05
6 5 -5.9701329471907908e-04 -2.8582597968228710e-05
6 6 -5.7686544310174917e-04 3.5414516537054540e-05
6 7 -4.9685113478486250e-04 4.2336152584281841e-05
6 8 -4.4670587555528283e-04 4.2604118392129441e-05
6 9 -3.8625700619775649e-04 4.8402720846654587e-06
6 10 -2.7731449728535566e-04 1.4056386831419120e-05
6 11 -2.7456226931139876e-04 -8.4684071272055078e-07
6 12 -2.5736105905582360e-04 -7.5628370319140731e-06
6 13 -2.4738114324616902e-04 -1.5015644891233917e-06
6 14 -2.2028877013243852e-04 -1.8120057737869328e-05
6 15 -2.0940181242705340e-04 -2.8726052145060161e-06
6 16 -2.0459934169835415e-04 -1.3451263380849039e-05
6 17 -1.6928114501893400e-04 -6.2614746853048959e-06
6 18 -1.6907764599593449e-04 -1.2469153344580459e-05
6 19 -1.6728773236853028e-04 -1.7140706041461161e-05
6 20 -1.2111321716351839e-04 -8.5799860793458851e-06
6 21 -1.4752712867687869e-04 -6.3239882366782024e-06
6 22 -1.1908477718074978e-04 -1.2962700008068276e-05
6 23 -9.0642939980708386e-05 1.2891325297752795e-06
6 24 -7.2942481686656931e-05 -7.2526040614987500e-06
6 25 -5.4975224539136953e-05 3.9878892295899163e-06
6 26 -4.8908821135926547e-05 -7.2983887678697164e-06
6 27 -3.9629355055675869e-05 -9.4780619454408185e-07
6 28 -2.4891024944287930e-05 -1.2007877545438537e-06
6 29 -2.3930568984530549e-05 3.4036072146962310e-06
6 30 -1.6741825853315080e-05 8.0437933931447135e-07
6 31 -1.5159337441108127e-05 1.4963839702537432e-06
6 32 -1.3453214730359599e-05 2.9738476290706201e-07
6 33 -1.1770619094709597e-05 7.8389050095409736e-07
6 34 -9.7342987455805743e-06 -8.7222288965505220e-07
6 35 -8.7140065198972471e-06 -1.0757775896371643e-06
6 36 -7.9155226019641530e-06 -1.8123854667064585e-07
6 37 -6.5179357445615743e-06 2.7834512397686504e-07
6 38 -5.6225969828377499e-06 -3.7005920247862384e-07
6 39 -5.1660731762343220e-06 -6.6088181903021621e-07
6 40 -4.7968611214683801e-06 -1.8380213399211368e-07
6 41 -5.3974090008360281e-06 -6.8919547458365133e-07
6 42 -5.8115508373365319e-06 -2.8672254355075434e-09
6 43 -6.3673351180789110e-06 2.2830294790387222e-07
6 44 -8.3568364972525292e-06 1.4654290692470046e-07
6 45 -1.0383279968763222e-05 5.3705937147996298e-07
6 46 -1.0140652697897989e-05 -2.2204411111060562e-07
6 47 -1.3754218061546328e-05 -3.5553604837066554e-08
6 48 -1.4340949281471792e-05 1.0260692467740744e-06
6 49 -1.8820031331502032e-05 -1.7438533692373489e-06
6 50 -2.4833055677823142e-05 -7.7498558431722432e-07
6 51 -2.4753557108696796e-05 1.9093714840239673e-07
6 52 -3.3841133593944247e-05 -3.9265936156594643e-06
6 53 -4.3279854608724530e-05 3.3271756978979417e-07
6 54 -5.2532570957982293e-05 6.1597652039457021e-06
6 55 -6.6540424351737800e-05 7.5423261886441255e-07
6 56 -8.3944525038764020e-05 5.5226822473393944e-06
6 57 -9.8909501108526715e-05 -4.6885793811965853e-06
6 58 -1.0702305903308577e-04 7.0609192787340229e-07
6 59 -1.2351100336487441e-04 1.6882022383087542e-05
6 60 -1.5224397351359980e-04 1.7702488662318592e-06
6 61 -1.8544824051653147e-04 5.0627700097801961e-06
6 62 -2.1942309753105916e-04 1.2234374832670463e-05
6 63 -2.7401176583080215e-04 6.1843748145760272e-06
6 64 -3.0975461695025063e-04 -5.7827468815298222e-05
6 65 -3.6841881833638566e-04 -3.8892752507705237e-05
6 66 -4.7461976352037102e-04 4.5451727819032360e-05
6 67 -5.0976675464142632e-04 9.8895899138545490e-06
6 68 -6.0129845684492344e-04 -7.0868539291812463e-06
6 69 -7.7552110589827923e-04 4.8974852333521152e-06
6 70 -1.0796772623025705e-03 5.0261408479583022e-05
6 71 -8.7240508100201134e-04 -1.2357975169295399e-04
7 0 -7.4980541507496136e-04 3.1345003662249107e-04
7 1 -6.7499338598395403e-04 -1.2929740755363478e-04
7 2 -5.7261524645830348e-04 -6.4518345773377847e-05
7 3 -3.4925824141567523e-04 2.4646000501840991e-05
7 4 -3.9540060928526630e-04 4.4170579815695496e-05
7 5 -2.8958377947794600e-04 -2.2208631771059328e-06
7 6 -3.1498120145895356e-04 2.4988979836626212e-05
7 7 -2.6031076982793364e-04 3.8391626118674403e-05
7 8 -2.4741456399895637e-04 3.4751526379175456e-05
7 9 -2.1209107940118249e-04 1.2372479008489267e-05
7 10 -1.3269180626762663e-04 2.3402183536963246e-05
7 11 -1.4240950150020472e-04 4.7398660943501602e-06
7 12 -1.3714160723022676e-04 -8.6480672461894019e-06
7 13 -1.2664570625919977e-04 1.8071747525643960e-06
7 14 -1.1788685285216193e-04 -3.6643907601464592e-06
7 15 -1.0971243752728566e-04 4.6270710193229731e-07
7 16 -1.0974710935020652e-04 -1.0293199053419477e-05
7 17 -8.6083565144243207e-05 -3.3352937479075894e-06
7 18 -9.2029934087510949e-05 -1.9007352785444005e-05
7 19 -8.8077627799988987e-05 -1.1010657135316844e-05
7 20 -5.3323633833180092e-05 -1.1077433987265298e-05
7 21 -7.9644095196830438e-05 2.5691117428715475e-06
7 22 -5.9233444132197823e-05 -8.6034515199997766e-06
7 23 -4.4711359603874387e-05 3.7211251155614769e-06
7 24 -3.7095737182408165e-05 -7.1519777142332150e-06
7 25 -2.6010232609645927e-05 4.5328321393699008e-06
7 26 -2.5041670392588284e-05 -6.6400735224883480e-06
7 27 -2.1088949784269308e-05 -2.8329282199887838e-07
7 28 -1.1147286688057561e-05 -1.2630857277875175e-06
7 29 -1.3011811898484135e-05 2.5887494241960865e-06
7 30 -8.3818154402788568e-06 6.5331485195163181e-07
7 31 -8.1195743699840065e-06 9.4336675242305329e-07
7 32 -6.9091414477450398e-06 2.2950387222729573e-07
7 33 -6.5180317001566193e-06 8.6167549662609043e-07
7 34 -4.7209875433123836e-06 -8.0572952227773132e-07
7 35 -4.4902813156830737e-06 -9.2105315165118374e-07
7 36 -4.4086486969385659e-06 -4.5001033139407332e-07
7 37 -3.0293831459970547e-06 3.5355320249742032e-07
7 38 -2.8931754366266311e-06 -4.8926359398069134e-07
7 39 -2.5492360637593944e-06 -4.6169441619125933e-07
7 40 -2.4433409174416790e-06 3.4956564133914446e-08
7 41 -2.8196622480445765e-06 -5.0557537961674155e-07
7 42 -3.1953337740968155e-06 1.3286163381724929e-07
7 43 -3.2297061292539780e-06 1.1697231923081117e-07
7 44 -4.4127865807793122e-06 -1.1134782812768812e-07
7 45 -5.9074926259974529e-06 5.3327821556426318e-07
7 46 -4.8152019707282004e-06 8.0280566514360165e-08
7 47 -7.2418447232371146e-06 -4.3253451887182708e-07
7 48 -7.1495183825468672e-06 3.5733967783688035e-07
7 49 -9.8846517233736905e-06 -1.5681111217683350e-06
7 50 -1.2982308002325066e-05 -6.8482043222827558e-07
7 51 -1.0699222735068283e-05 -3.6721027058376970e-07
7 52 -1.7202390372189708e-05 -3.4305880085691481e-06
7 53 -2.1837029447746722e-05 6.2765705673153737e-07
7 54 -2.3344078425032207e-05 4.8956824142325295e-06
7 55 -3.4839191229597488e-05 1.7614111065893503e-06
7 56 -4.4818257413772810e-05 2.8633784153787691e-06
7 57 -5.3442196154021575e-05 -6.4412047257123271e-06
7 58 -5.8512543834442158e-05 3.6976107270475631e-07
7 59 -6.4692797052467250e-05 1.2284710199307086e-05
7 60 -8.0379849513315945e-05 -5.1562841001147499e-07
7 61 -9.3867557298548022e-05 2.2455132506077263e-07
7 62 -1.0207258215697301e-04 1.3156350452254104e-05
7 63 -1.3827564536822413e-04 -5.9184973905661969e-06
7 64 -1.4699803879778263e-04 -5.3786575402640170e-05
7 65 -1.8755937112846377e-04 -3.1654613988238939e-05
7 66 -2.4803893128075223e-04 5.3214574819120717e-05
7 67 -2.3586989688519284e-04 1.8683135280741870e-05
7 68 -2.8362159969666203e-04 1.7290538202497189e-05
7 69 -4.0119512018682617e-04 -2.3376838306056779e-05
7 70 -5.0917091857789342e-04 3.0706606171620718e-05
7 71 -3.7798040689714958e-04 -8.9961701714124458e-05
8 0 -2.0880047650102164e-04 5.5451592472514383e-05
8 1 -3.4775943169470939e-04 -1.9439804601677137e-04
8 2 -3.1990867639469697e-04 -4.6550718329419838e-05
8 3 -1.4722799200103778e-04 1.5469876610282864e-05
8 4 -2.1257608441301639e-04 1.9208702000336259e-05
8 5 -1.2130092635527665e-04 3.8105513431810517e-05
8 6 -1.8336498270901373e-04 2.7892042765766134e-05
8 7 -1.3516232465380046e-04 3.5195027076420402e-05
8 8 -1.3814869064073529e-04 2.5391315320343073e-05
8 9 -1.2376602395590473e-04 8.7063548387998253e-06
8 10 -5.6861599283441200e-05 2.7990100614565685e-05
8 11 -7.1470008978790305e-05 4.9201923424550408e-06
8 12 -7.4266021105254029e-05 -7.5845884061498264e-06
8 13 -6.3176640032275367e-05 4.5170243369803401e-06
8 14 -6.4120985915048890e-05 5.2335129546188263e-06
8 15 -5.5910434076339765e-05 3.6788179589254466e-06
8 16 -5.5405131475135021e-05 -7.6209832307751816e-06
8 17 -4.4302326627859474e-05 -4.7552997827080944e-06
8 18 -5.1466568776138755e-05 -2.3605375236265493e-05
8 19 -4.4717782982087524e-05 -5.7153237233618515e-06
8 20 -2.1174756758139966e-05 -1.0335258493718740e-05
8 21 -5.0780454421554556e-05 1.0454738370600461e-05
8 22 -2.3835128948761928e-05 -3.6386547908171345e-06
8 23 -2.2843961979175881e-05 6.3408310150223666e-06
8 24 -1.8867267472248483e-05 -7.3358177814090612e-06
8 25 -1.1058666242182361e-05 5.2844439857300013e-06
8 26 -1.2570932256863379e-05 -4.9549031627675796e-06
8 27 -1.1104901547611283e-05 1.0592587420126023e-07
8 28 -4.7579259794071858e-06 -1.8168172706419229e-06
8 29 -6.8439021961538853e-06 1.0021213271827678e-06
8 30 -4.2036074294522652e-06 1.0304876937114387e-06
8 31 -4.2259441897535795e-06 3.9718670738396728e-07
8 32 -3.7127471470392562e-06 1.0687027280244872e-07
8 33 -3.6218245743963909e-06 7.6846831294122192e-07
8 34 -2.0687116586799298e-06 -9.0023400535119561e-07
8 35 -2.2285558769894376e-06 -8.3792565643769703e-07
8 36 -2.6172645726098745e-06 -6.2029109832350932e-07
8 37 -1.4083630065905279e-06 4.2858883301722225e-07
8 38 -1.4072003309157705e-06 -5.2542338206284337e-07
8 39 -1.2054711476042138e-06 -3.5707393765669686e-07
8 40 -1.2790075498686578e-06 1.3064220627647904e-07
8 41 -1.5530557287306520e-06 -2.4582014534980238e-07
8 42 -1.7753524074494438e-06 2.1075054135474508e-07
8 43 -1.7231568980547467e-06 -5.0659936306713467e-08
8 44 -2.1702590054293369e-06 -3.5161388672974051e-07
8 45 -3.3346636249791085e-06 5.2824445176898656e-07
8 46 -1.8890018835927575e-06 3.7014038387063284e-07
8 47 -3.4825074742998826e-06 -6.5012286883904487e-07
8 48 -3.5340986273284150e-06 -2.2910884883712546e-07
8 49 -5.5900465451905371e-06 -1.4494571465270633e-06
8 50 -6.5618818930146876e-06 -5.7444373950792766e-07
8 51 -3.3881180302890599e-06 -3.4007414187237288e-07
8 52 -9.2083059218584130e-06 -2.3193494705373315e-06
8 53 -9.9173365032801865e-06 8.6229117320581349e-07
8 54 -9.2091106581526336e-06 3.7515903895863861e-06
8 55 -1.6761372025340351e-05 2.1571489511323229e-06
8 56 -2.5489324661982133e-05 3.3100284349255249e-07
8 57 -2.8226500042759651e-05 -8.8801682125657058e-06
8 58 -3.0644782903950396e-05 -1.6561011173343487e-06
8 59 -3.1307195045028052e-05 5.9674718892560293e-06
8 60 -4.1370456651232445e-05 1.1814163370133953e-06
8 61 -4.8377885434723731e-05 -5.6211574549552165e-06
8 62 -4.7104556397309399e-05 1.3346832318396639e-05
8 63 -6.9606425675717925e-05 -1.3809080214166755e-05
8 64 -6.7451750478712474e-05 -3.9706403903984906e-05
8 65 -1.0240848695080243e-04 -2.5672940770561378e-05
8 66 -1.2437606139838219e-04 4.6419623515237539e-05
8 67 -1.1407178552471384e-04 2.4491086457662054e-05
8 68 -1.2959321686135326e-04 3.4879919384969248e-05
8 69 -2.0469481687514633e-04 -2.8638073092122218e-05
8 70 -2.1695012381549273e-04 2.8944025669063364e-05
8 71 -1.7887248925652308e-04 -7.7037050079455924e-05
9 0 -1.9447142438979264e-05 -1.1416628617898684e-04
9 1 -2.0211021782494496e-04 -1.6189313973422728e-04
9 2 -1.8590408207048051e-04 -3.0093329299931451e-05
9 3 -7.5025125822662409e-05 8.8538899440151771e-06
9 4 -1.1973667533242192e-04 2.1227486689980864e-06
9 5 -4.2567738343607243e-05 7.6130915691437773e-05
9 6 -1.1183652041651434e-04 2.8241648503700392e-05
9 7 -6.7671610670593638e-05 3.9286930530403284e-05
9 8 -8.1572718797145161e-05 2.2627612224866749e-05
9 9 -7.2560777140255099e-05 -4.1305118930988076e-06
9 10 -2.0884538225057257e-05 1.8948403910375865e-05
9 11 -3.1750666816292761e-05 5.5858711929141636e-06
9 12 -4.2619957935043951e-05 -6.1501284789035766e-06
9 13 -3.0442783743503942e-05 6.5700314130498548e-06
9 14 -3.8201685038458443e-05 8.7901956247193981e-06
9 15 -2.2591713611823270e-05 7.7169836364008163e-06
9 16 -2.4278175407445178e-05 -4.2339853878571813e-06
9 17 -2.5437106742270043e-05 -6.2817095606950188e-06
9 18 -3.1146160845438541e-05 -2.0850081389953359e-05
9 19 -2.0088196531506779e-05 -4.1910093156977512e-06
9 20 -8.8087678049222274e-06 -5.4990492254051049e-06
9 21 -3.9472033553870475e-05 1.5276915479440239e-05
9 22 -5.2919324239198105e-06 2.5329094837701606e-06
9 23 -1.4031922067042236e-05 8.3517894051514510e-06
9 24 -9.2214080513042094e-06 -5.6078707422578598e-06
9 25 -4.5766698423153769e-06 4.9370239049042397e-06
9 26 -7.5995657457082701e-06 -2.7808174792643244e-06
9 27 -5.6124223987361927e-06 -1.9322232521746632e-09
9 28 -1.9759707865398326e-06 -2.5266524388488832e-06
9 29 -3.5531666124835429e-06 -4.8051047431994211e-08
9 30 -2.2210124209821903e-06 1.8978759024895869e-06
9 31 -2.0806310754051949e-06 1.7939075053665288e-07
9 32 -2.0989114245624391e-06 -3.6879342951832493e-07
9 33 -2.0806457873403863e-06 5.9180598083700755e-07
9 34 -7.4430719207185185e-07 -1.0560376717465322e-06
9 35 -1.3590382959578326e-06 -8.5738377177266561e-07
9 36 -1.6038932309719146e-06 -5.4944737670176944e-07
9 37 -6.4971726816077867e-07 2.9495983570295616e-07
9 38 -7.0330008374408000e-07 -5.4493632172575986e-07
9 39 -4.9702491759382646e-07 -2.3731788838759248e-07
9 40 -5.9383686944344541e-07 5.7377623746849505e-08
9 41 -8.7823677531964282e-07 -1.1445148420725970e-07
9 42 -1.0601538875565480e-06 2.6830349503671026e-07
9 43 -1.0634917966586966e-06 -7.9695356617676325e-08
9 44 -9.1209733066820669e-07 -3.9181772071764190e-07
9 45 -1.7479730056980418e-06 5.3866368960524805e-07
9 46 -3.1782987484694142e-07 6.1578101782260013e-07
9 47 -1.3440549201108973e-06 -7.3188347134822033e-07
9 48 -1.8769146001123005e-06 -2.5438860710568104e-07
9 49 -3.7579177821100918e-06 -1.0633999119417859e-06
9 50 -3.5719095385865455e-06 -2.9702157532427284e-07
9 51 -2.2665495861641176e-07 -1.6761637140705664e-07
9 52 -5.3561775939242315e-06 -1.5930634032551009e-06
9 53 -2.4378886282536908e-06 1.1562656739478556e-06
9 54 -3.3714237917145642e-06 3.8299611301231366e-06
9 55 -7.2848537271514544e-06 2.7362514645279553e-06
9 56 -1.4691828630988624e-05 -2.0501172822020825e-06
9 57 -1.5215911412965358e-05 -9.9672276967584118e-06
9 58 -1.7451911255427669e-05 -3.6034430907319012e-06
9 59 -1.3276292574480178e-05 8.3861477801478817e-07
9 60 -1.6523982010575525e-05 3.1462559446543161e-06
9 61 -2.9473042328570855e-05 -1.0011100888149473e-05
9 62 -2.4080656314568251e-05 1.0491351542257610e-05
9 63 -3.0903510831585974e-05 -1.8493969043720847e-05
9 64 -3.0903990645211234e-05 -1.6390964215729867e-05
9 65 -6.4111749726560629e-05 -2.7859515649721424e-05
9 66 -5.0777298223910226e-05 2.7043228603694634e-05
9 67 -5.4671401639255456e-05 1.8948936295808682e-05
9 68 -5.0607236753909465e-05 4.4226239781200510e-05
9 69 -1.1257063866146062e-04 -2.2327189272934438e-05
9 70 -6.2584462247286044e-05 3.4196961060515007e-05
9 71 -1.0854438978628605e-04 -4.6445122837838696e-05
10 0 5.8504718022636093e-05 -1.8951245011896890e-04
10 1 -1.0964331556777578e-04 -9.1646013600872066e-05
10 2 -8.8473634236390991e-05 -3.3563110087837396e-05
10 3 -3.1895121804744763e-05 9.9387629942578697e-06
10 4 -7.1636180403320053e-05 -1.0866414804817413e-05
10 5 -6.1619801266801460e-06 1.0013400428857686e-04
10 6 -6.9171325357049210e-05 2.2995240816384137e-05
10 7 -3.0106599758318716e-05 4.1725764151310443e-05
10 8 -5.0057039290444276e-05 2.0503732345624288e-05
10 9 -3.9429531986254824e-05 -1.4034328301810584e-05
10 10 8.9676906766011094e-07 1.1007211221400742e-05
10 11 -1.2718334633665036e-05 4.5261492337849089e-06
10 12 -2.4998435070326154e-05 -6.1587205846463837e-06
10 13 -1.0905947369518256e-05 7.9735480805434249e-06
10 14 -2.2808592607561289e-05 4.9117882357607998e-06
10 15 -2.5495107779808975e-06 9.6366205805960536e-06
10 16 -9.7883846892002386e-06 -3.9875352587457415e-06
10 17 -1.8397883747345283e-05 -3.8144201446784663e-06
10 18 -2.1997967494765444e-05 -1.1088308592217676e-05
10 19 -6.6423050302725521e-06 -2.5063485729917812e-06
10 20 -5.9787187052692748e-06 2.8310738808192868e-07
10 21 -3.2079964348285311e-05 1.6540616552264038e-05
10 22 9.9377266988854432e-07 6.7032703066512602e-06
10 23 -9.2320853956348713e-06 7.8452127397904448e-06
10 24 -3.9169795343208099e-06 -2.3240638259101690e-06
10 25 -2.0967082292946483e-06 4.3580833889906484e-06
10 26 -4.5022068146240407e-06 -9.7051681608748016e-07
10 27 -2.7519606215984837e-06 1.9532843344016035e-07
10 28 -1.2121985185600126e-06 -2.8511446426713313e-06
10 29 -1.6123320549986601e-06 -3.1552249920892562e-07
10 30 -1.1648643408078870e-06 1.9641864675752094e-06
10 31 -9.0157583510546480e-07 1.2115627819951627e-08
10 32 -1.3375923851558315e-06 -7.3448664331132225e-07
10 33 -1.1422097604056514e-06 3.6015861327853420e-07
10 34 -2.0720228226771495e-07 -1.0469246305948287e-06
10 35 -1.1760558419224219e-06 -7.2982695828383602e-07
10 36 -9.5287510140193874e-07 -3.4030666333691305e-07
10 37 -2.8208376162725636e-07 4.2808506618337583e-08
10 38 -4.0035364353404510e-07 -5.5094793163082811e-07
10 39 -1.6424794841788016e-07 -1.5510300974314787e-07
10 40 -2.3276568862865561e-07 -4.0365390225274040e-08
10 41 -4.4306201276245151e-07 -9.0898333202437541e-08
10 42 -7.1329664822346236e-07 3.0251846216100023e-07
10 43 -7.8928990723688815e-07 -4.0535507336308858e-08
10 44 -1.7427918519955774e-07 -3.1659831382188172e-07
10 45 -6.4921978046279036e-07 5.3167635752070972e-07
10 46 4.1557359924492465e-07 8.5983489401068274e-07
10 47 -2.1731717803607238e-07 -5.6816580714161869e-07
10 48 -1.1492489381669049e-06 -1.2184483550692034e-07
10 49 -3.1203660265119802e-06 -5.2275636924317682e-07
10 50 -2.0098201138326789e-06 -8.3299510913457570e-08
10 51 6.3988765096604530e-07 -2.0312958169518401e-07
10 52 -3.2536124798258594e-06 -1.5812899753979388e-06
10 53 1.2395533520285731e-06 1.8980390117982077e-06
10 54 -1.4086868837577149e-06 3.6791432164523123e-06
10 55 -2.8376778435304905e-06 2.0057119026416011e-06
10 56 -6.5029290796134850e-06 -4.4503306181007354e-06
10 57 -7.1437150306822888e-06 -7.5621115813521374e-06
10 58 -1.1688818490164312e-05 -3.4138180218511299e-06
10 59 -2.5407905799191465e-06 -6.7816196898621404e-07
10 60 -1.6600099788133648e-07 5.4563514058003180e-06
10 61 -2.3045695989411113e-05 -1.3314655815447129e-05
10 62 -1.1886178073398781e-05 8.0217542133379338e-06
10 63 -1.3213883610913303e-05 -2.4008146119741213e-05
10 64 -1.2098026219083614e-05 5.3963754529167497e-06
10 65 -3.9782887118383167e-05 -2.4298816995472218e-05
10 66 -1.1505557735920024e-05 7.3807345692862572e-06
10 67 -2.8601978960801295e-05 1.3431739253662204e-05
10 68 -3.0607662784740787e-05 4.0510695002156361e-05
10 69 -5.9263012888028344e-05 1.2150190607548759e-06
10 70 3.7258453229424040e-06 3.7073571625602710e-05
10 71 -4.9294455470639150e-05 -1.6643065933701268e-05
