0 0 -1.2054898296459016e+00 -5.1764362578611398e-19
0 1 -1.5840328053283625e-01 7.4794240509997310e-20
0 2 -5.6784561548297953e-02 -1.2656053588401787e-20
0 3 -3.2464429796784662e-02 3.0190425166091902e-21
0 4 -2.2230464908689303e-02 -1.3083739368409706e-21
0 5 -1.6599594707493431e-02 9.9781748327697102e-22
0 6 -1.2818479788581725e-02 -7.1087967007637515e-22
0 7 -1.0180068976588911e-02 8.4596017517125095e-22
0 8 -8.1822960014843824e-03 5.0806347209952956e-23
0 9 -6.3358214952302198e-03 -1.0741218104072449e-22
0 10 -4.9504024596222643e-03 -2.2232591688140114e-22
0 11 -4.1160219772922481e-03 2.0649535499167597e-24
0 12 -3.5547468131568163e-03 -2.2674558720546563e-22
0 13 -2.9679960278841235e-03 5.6116950161752955e-23
0 14 -2.4150531094200333e-03 -6.7369210833086398e-23
0 15 -2.0107430113254043e-03 -1.2511688376690344e-23
0 16 -1.6144638120856550e-03 1.4377791415960423e-23
0 17 -1.3495354825913096e-03 5.0124878422872596e-23
0 18 -1.1858722879077475e-03 3.3407141272823043e-23
0 19 -1.0834126936206164e-03 -1.0631737552911231e-24
0 20 -1.0081214163678255e-03 -1.5970549513119292e-23
0 21 -8.9164936697597175e-04 4.7048963691962997e-23
0 22 -7.5378411644911767e-04 -4.7248954672566871e-23
0 23 -6.8912187420941244e-04 -7.5310269898859601e-24
0 24 -6.8487863666180345e-04 -1.5027278541646825e-23
0 25 -6.8850678970159228e-04 1.3655606275606956e-23
0 26 -6.5195106875560289e-04 -1.5951622868804653e-23
0 27 -6.0021239524876192e-04 -2.9101574061272987e-23
0 28 -5.7879901514043314e-04 1.5811302316435899e-23
0 29 -5.5324055080639342e-04 -1.4291387887080012e-23
0 30 -5.1219474918215826e-04 2.5632509180372945e-23
0 31 -4.8093473714013547e-04 -2.0145413366227955e-23
0 32 -4.5272428708895693e-04 -2.5397954754780509e-24
0 33 -3.9309217564146095e-04 2.2143068796831985e-23
0 34 -3.4171381083051276e-04 1.7510412276288028e-23
0 35 -3.0170638806800948e-04 -4.9845271277435171e-24
0 36 -2.7321509412071436e-04 8.3426705014233260e-25
0 37 -2.5167361220767003e-04 -1.7507709809901024e-23
0 38 -2.3041209377551203e-04 3.2532170628308459e-24
0 39 -2.1969944222807007e-04 7.5586302138539166e-25
0 40 -2.2236172637552092e-04 4.3151209654492120e-24
0 41 -2.3739409337788698e-04 -1.0207871820433382e-23
0 42 -2.5358706802991915e-04 -1.0082915305054554e-23
0 43 -2.7508574035585599e-04 9.7294863654030996e-24
0 44 -3.0382252117235156e-04 1.1919046405718111e-23
0 45 -3.5058681573617556e-04 8.0224440982741367e-26
0 46 -4.1641293688708940e-04 1.2129620192676110e-23
0 47 -5.1121418729116550e-04 -9.4415478223507517e-24
0 48 -6.0242096794288068e-04 9.7534032782267177e-24
0 49 -7.0432046234452988e-04 1.3203190966962926e-24
0 50 -8.7435347291754879e-04 -1.6679782645901191e-23
0 51 -1.1214284882448630e-03 2.3175017205930111e-23
0 52 -1.3862557460125296e-03 6.8916897773078897e-23
0 53 -1.6169582071822956e-03 2.7294384497627636e-23
0 54 -1.9376488173228747e-03 2.3563762108213316e-23
0 55 -2.2743832779089281e-03 8.8916456578669842e-23
0 56 -2.6447510366490769e-03 -4.0745946891688729e-23
0 57 -3.1825040042892166e-03 9.2513362627793266e-23
0 58 -3.7799282334112735e-03 1.6750160878454507e-22
0 59 -4.2703873319303622e-03 5.5958696542257758e-24
0 60 -4.8197613980852979e-03 -1.2602594546431088e-23
0 61 -5.3783913710389736e-03 2.7474844375231064e-22
0 62 -6.1695979992441880e-03 -1.9124338862082585e-22
0 63 -7.1564197059441207e-03 -1.0305446207707535e-22
0 64 -8.3304905187214784e-03 -2.5190282393929562e-22
0 65 -9.9348100620208248e-03 2.4341927517350755e-22
0 66 -1.2168423355536213e-02 2.8928297728457883e-22
0 67 -1.4780460259790325e-02 -6.1468129464989443e-22
0 68 -1.8935149631172505e-02 -4.9640024659330382e-22
0 69 -2.7138743860137995e-02 9.0935976140129451e-22
0 70 -4.9914694397183997e-02 1.4328799774263197e-20
0 71 -1.4509436657072367e-01 -2.4195689198247537e-20
1 0 -3.6169862153178317e-01 2.2426226701745418e-04
1 1 -9.3268355279193499e-02 -9.8704549438782775e-04
1 2 -4.0772651425590188e-02 -1.2132610398087076e-04
1 3 -2.4465510618658978e-02 -4.8536296618065983e-05
1 4 -1.6949321398242963e-02 -9.2717588086214383e-05
1 5 -1.2727118542257568e-02 4.7044084719681932e-05
1 6 -9.7776067195654362e-03 8.1554791549828137e-06
1 7 -7.7377866450842256e-03 -3.8869186697392772e-05
1 8 -6.2110994364599223e-03 -1.7728305661222421e-05
1 9 -4.8221755631498867e-03 5.2854010420289995e-06
1 10 -3.7697090666792528e-03 8.4757536517034726e-06
1 11 -3.1490756056165329e-03 9.5292585208339140e-06
1 12 -2.7132204653449376e-03 7.8094466721077528e-06
1 13 -2.2640953652501555e-03 1.1143097871989464e-05
1 14 -1.8467412031177377e-03 1.3597955813691744e-05
1 15 -1.5344540480400008e-03 1.1273184701992033e-05
1 16 -1.2291648585387590e-03 9.2204546903018423e-07
1 17 -1.0345934829759922e-03 -1.7105996433437817e-06
1 18 -9.0648531513270352e-04 2.4194148893142054e-06
1 19 -8.2884602998401207e-04 -1.2617470570563553e-06
1 20 -7.6913083593563737e-04 -4.0664814995502177e-07
1 21 -6.8224098064516097e-04 3.8321628212706804e-06
1 22 -5.7661736974134916e-04 5.8173774515543772e-06
1 23 -5.2691968783100400e-04 1.9183252395937926e-06
1 24 -5.2439757008349746e-04 -2.1880207231627755e-06
1 25 -5.2794370942150094e-04 -1.5185640228951550e-07
1 26 -5.0077656336104117e-04 -1.9599435933159578e-06
1 27 -4.6174362931065526e-04 -9.8171688737583573e-07
1 28 -4.4449233644457381e-04 -1.7055868119144008e-06
1 29 -4.2469162392372648e-04 -5.3065400508062904e-07
1 30 -3.9290368542136729e-04 7.4655752475824457e-07
1 31 -3.6992097246153419e-04 -9.6514305580536559e-07
1 32 -3.4685284157243905e-04 7.1767340165607254e-07
1 33 -3.0210151558408745e-04 -2.0147023123202173e-06
1 34 -2.6241078259200376e-04 -1.2444830246740751e-06
1 35 -2.3153557039321519e-04 -4.0115468708001970e-07
1 36 -2.0898094635961347e-04 -1.1052288589046582e-06
1 37 -1.9226145993251885e-04 -7.2762460794955499e-07
1 38 -1.7589354697323514e-04 -2.7552485866192445e-07
1 39 -1.6731534759117120e-04 2.6091310841768261e-07
1 40 -1.6977317410140131e-04 6.6486348361816186e-07
1 41 -1.8189072111621498e-04 -5.4740661447795454e-07
1 42 -1.9389452722573929e-04 -4.8553801159489949e-07
1 43 -2.1086156202603740e-04 -7.8112180718111262e-07
1 44 -2.3209330762609008e-04 6.0520249220326110e-07
1 45 -2.6694230841330026e-04 -3.8352551386937743e-07
1 46 -3.1778362786540179e-04 1.9428716223940148e-07
1 47 -3.8839707216050328e-04 7.4626801066627702e-07
1 48 -4.5915490637567805e-04 1.9958550598125036e-06
1 49 -5.3579650443836061e-04 3.0319092314993338e-06
1 50 -6.6761227406755331e-04 2.5016923333394355e-06
1 51 -8.5316007552913703e-04 -1.5895299750138670e-06
1 52 -1.0560430305569023e-03 -3.4844179461493829e-06
1 53 -1.2323154456621830e-03 -3.8054905403640800e-06
1 54 -1.4765750299517405e-03 -3.4857656956427399e-06
1 55 -1.7418225760728011e-03 2.9829877576752001e-06
1 56 -2.0223647288628681e-03 4.1336000496501945e-07
1 57 -2.4306213714543000e-03 1.1839779743401464e-06
1 58 -2.8979961254529010e-03 6.1873265242894033e-06
1 59 -3.2635258311781118e-03 1.7282046521521140e-06
1 60 -3.6861330565005315e-03 1.7448971915928438e-05
1 61 -4.1155414039168907e-03 1.7853076891442039e-05
1 62 -4.7179347003332983e-03 2.0282406601048031e-05
1 63 -5.4565016708369354e-03 6.9780828041726143e-06
1 64 -6.3527735040608832e-03 1.4114029737706617e-05
1 65 -7.5897235695139738e-03 1.7521838471558003e-05
1 66 -9.2933562026132101e-03 3.2398091669865814e-05
1 67 -1.1282009973542262e-02 -1.2706189013647862e-06
1 68 -1.4394166358991017e-02 -6.9170754344843890e-05
1 69 -2.0344145379939688e-02 -6.1187417272140095e-05
1 70 -3.5566201847803680e-02 -4.8276968036180127e-04
1 71 -8.6009152265919084e-02 -1.5894198570555123e-04
2 0 -1.1454816291710115e-01 2.0386445200739323e-03
2 1 -4.4476780862094806e-02 -1.4164975677523170e-03
2 2 -2.3043089008297896e-02 1.6902111488735407e-04
2 3 -1.4681018106187084e-02 -2.8542570636481259e-05
2 4 -1.0372387129688639e-02 -1.3874235474713205e-04
2 5 -7.9035595683770183e-03 1.1812982587652944e-04
2 6 -6.0882975811710153e-03 1.4058864147430418e-05
2 7 -4.7382805557475765e-03 -4.4935807254210644e-05
2 8 -3.7848565530693330e-03 -1.0874834568540397e-05
2 9 -2.9551169247736381e-03 1.2283402949140449e-05
2 10 -2.3129408251233979e-03 1.6830298934327524e-05
2 11 -1.9557998160520660e-03 9.1480957711719610e-06
2 12 -1.6824154171446700e-03 9.7968809594013710e-06
2 13 -1.4024256389520917e-03 1.2118416843331635e-05
2 14 -1.1416103847033230e-03 1.8801470141467510e-05
2 15 -9.4731013570546394e-04 1.6552195815176174e-05
2 16 -7.5576429588919154e-04 1.1237910487425560e-06
2 17 -6.4297585374537404e-04 -2.7068154177701740e-06
2 18 -5.6047926312460545e-04 2.4880967520504692e-06
2 19 -5.1436982171319833e-04 -1.5403121039438993e-06
2 20 -4.7321501227068618e-04 -3.7498963312491046e-07
2 21 -4.2285789666230041e-04 5.8846755984928414e-06
2 22 -3.5694811176661256e-04 6.7624486325471054e-06
2 23 -3.2747421266100628e-04 1.5962416657204143e-06
2 24 -3.2541296856357333e-04 -3.5613763618515637e-06
2 25 -3.2872852539086534e-04 -9.6860420942394555e-07
2 26 -3.1368995730318759e-04 -2.4906061989613216e-06
2 27 -2.9098023089571496e-04 -1.8506001308966915e-06
2 28 -2.7807114202384382e-04 -1.8317520078579760e-06
2 29 -2.6530731330912669e-04 8.1444556989504686e-08
2 30 -2.4544077144321875e-04 1.3495894990201989e-06
2 31 -2.3298611135251360e-04 -1.9495434436316395e-06
2 32 -2.1688251327868705e-04 1.2792490967468884e-06
2 33 -1.8946681728005118e-04 -2.9314110258164026e-06
2 34 -1.6450596206387294e-04 -1.9910243406629289e-06
2 35 -1.4503997844370406e-04 -8.9482497287267014e-07
2 36 -1.2978939557189436e-04 -1.2831846534586742e-06
2 37 -1.1927348341235910e-04 -8.4786431544967307e-07
2 38 -1.0878284935782415e-04 -3.0307085387940337e-07
2 39 -1.0309626517657336e-04 2.9551486306347659e-07
2 40 -1.0484338500406464e-04 6.1986000566846216e-07
2 41 -1.1325538626425361e-04 -1.0594967178589971e-06
2 42 -1.1988266417563001e-04 -6.7301359822133071e-07
2 43 -1.3156460010621627e-04 -1.2163987581225575e-06
2 44 -1.4351642139034880e-04 4.5078569556663585e-07
2 45 -1.6465561592742518e-04 -8.8243469257951916e-07
2 46 -1.9664239015759367e-04 4.6923998674258938e-07
2 47 -2.3855354376084426e-04 1.6572218224995207e-06
2 48 -2.8411172157075262e-04 3.2313964239193631e-06
2 49 -3.2857079765214017e-04 2.6667444496470718e-06
2 50 -4.1258518316345785e-04 2.8514359337082908e-06
2 51 -5.2304708235942734e-04 -1.1960565032736996e-06
2 52 -6.4939223134308471e-04 -6.6500525343363297e-06
2 53 -7.5969884792452015e-04 -5.7942788893833058e-06
2 54 -9.1036520087315860e-04 -3.9517351693550218e-06
2 55 -1.0844456344492647e-03 2.8892837700488050e-06
2 56 -1.2535912320493909e-03 1.0567489644498879e-06
2 57 -1.5036408480452086e-03 1.6865623616578503e-06
2 58 -1.8080090695895849e-03 9.5313984535207975e-06
2 59 -2.0200817479051245e-03 7.8455583443320322e-06
2 60 -2.2849283880217201e-03 1.9642189193827813e-05
2 61 -2.5536209306260397e-03 2.4452729628626728e-05
2 62 -2.9207295721974161e-03 2.3933231596820365e-05
2 63 -3.3628329458241539e-03 1.2946301460821544e-05
2 64 -3.9122528985495886e-03 1.3751227904223685e-05
2 65 -4.7222841422136178e-03 3.5512243484379524e-05
2 66 -5.7895975069990595e-03 5.5287134475104406e-05
2 67 -7.0069541502287202e-03 -7.7900216056630035e-06
2 68 -8.8705657255498584e-03 -1.5192780275090530e-04
2 69 -1.2197427356700655e-02 -5.4112354812447895e-05
2 70 -2.0048752428022721e-02 -5.2251846579922582e-04
2 71 -4.0042674704575794e-02 -4.9508219953526254e-04
3 0 -3.9022215508551915e-02 2.2198319314565063e-03
3 1 -1.9792122325602995e-02 -1.1211524417165670e-03
3 2 -1.1820293154130858e-02 3.1842513640723430e-04
3 3 -8.0479511728825913e-03 -1.6738330607910726e-05
3 4 -5.8019531630650887e-03 -1.3641113865938960e-04
3 5 -4.5419256911523910e-03 1.6447498924453618e-04
3 6 -3.5171914386132180e-03 4.4201834083615022e-06
3 7 -2.6813123598884705e-03 -5.4111324944582497e-05
3 8 -2.0962950854732372e-03 -9.8929830379405218e-06
3 9 -1.6621479423405347e-03 1.7392398707307162e-05
3 10 -1.3014350573906225e-03 2.1231911019075767e-05
3 11 -1.1214778545756202e-03 4.4199085367336502e-06
3 12 -9.6933847345184320e-04 1.0611483021141883e-05
3 13 -8.0159872494202540e-04 7.2932785154678368e-06
3 14 -6.4481040274000660e-04 1.8016114154137072e-05
3 15 -5.3595581270144234e-04 1.4739670665555983e-05
3 16 -4.2546911977580656e-04 -9.4584865748422165e-07
3 17 -3.6741493214286684e-04 -3.0056353835997224e-06
3 18 -3.1922048345584052e-04 1.0387877906419594e-06
3 19 -2.9510612746562031e-04 -9.7822422041537309e-07
3 20 -2.6725479103635564e-04 -3.8975071692619438e-07
3 21 -2.4299333413999136e-04 6.0991740250943113e-06
3 22 -2.0421281822388001e-04 5.0494034780154122e-06
3 23 -1.8951684266735710e-04 -1.9661394078338754e-07
3 24 -1.8603049399359701e-04 -4.6093868052962699e-06
3 25 -1.8962488816052725e-04 -7.6376484048424168e-07
3 26 -1.8208344622257228e-04 -1.0075880533649622e-06
3 27 -1.7069225268297544e-04 -2.3587042683667070e-06
3 28 -1.6119315277337730e-04 -1.2731694663086801e-06
3 29 -1.5306834701413289e-04 8.2373739504596654e-07
3 30 -1.4267384103958103e-04 3.6071912449985274e-07
3 31 -1.3680061678490355e-04 -2.5524372955668800e-06
3 32 -1.2637207721995862e-04 9.7725613401699112e-07
3 33 -1.1056409808914025e-04 -3.0175066170516119e-06
3 34 -9.5465618853320336e-05 -2.3203088803200506e-06
3 35 -8.4672926362682572e-05 -1.3229007893783695e-06
3 36 -7.4913168786655570e-05 -1.1434878659565470e-06
3 37 -6.8849236655631064e-05 -1.0272293349995660e-06
3 38 -6.2279031294278724e-05 -3.7348689439990755e-07
3 39 -5.8750389362375212e-05 1.8019234264164191e-07
3 40 -5.9751638229409776e-05 5.3653268235435299e-07
3 41 -6.5303027906006791e-05 -1.1860322376937974e-06
3 42 -6.8349189426868945e-05 -8.2532508638053199e-07
3 43 -7.5903106339630184e-05 -1.3736540357064609e-06
3 44 -8.1920599060594928e-05 -1.0405509028933118e-07
3 45 -9.3500217465085811e-05 -1.0097212115488979e-06
3 46 -1.1203490953730558e-04 5.1358950631023227e-07
3 47 -1.3593123168334463e-04 2.1806503688876288e-06
3 48 -1.6328849715329110e-04 3.5956272618578377e-06
3 49 -1.8560064080546163e-04 1.7303514145041673e-06
3 50 -2.3444397922663755e-04 2.2048104087160691e-06
3 51 -2.9517850724021603e-04 1.5017175579158368e-06
3 52 -3.6716128072303874e-04 -4.3501348011115564e-06
3 53 -4.3016214305924565e-04 -5.5890283228058547e-06
3 54 -5.2147097519964240e-04 -1.0934755704683799e-06
3 55 -6.2655102705447502e-04 5.7540363581678195e-06
3 56 -7.1661372725084467e-04 5.2241634344836677e-06
3 57 -8.6232955907349096e-04 1.2489155562887609e-06
3 58 -1.0497687559150211e-03 1.0592575429124542e-05
3 59 -1.1518028084312377e-03 9.2432232798788027e-06
3 60 -1.3002287532953073e-03 1.2964255208273512e-05
3 61 -1.4667577421176589e-03 2.7880549504604607e-05
3 62 -1.6714853345876338e-03 2.4863041522381215e-05
3 63 -1.9070704917818683e-03 1.1767281595876697e-05
3 64 -2.2249257794305722e-03 1.0269429376264479e-05
3 65 -2.7502139445549933e-03 3.9955760464468828e-05
3 66 -3.3663466288303798e-03 5.4449353338024468e-05
3 67 -4.0276202761206472e-03 -2.0683660820161630e-05
3 68 -5.0837558026759662e-03 -2.0433820782650154e-04
3 69 -6.7811489971083515e-03 -8.8949543934119126e-06
3 70 -1.0370604592373664e-02 -3.6073890824691029e-04
3 71 -1.7661346917425894e-02 -2.6624137088196072e-05
4 0 -1.4432189962305922e-02 2.1668519596010202e-03
4 1 -8.3957754575757024e-03 -9.3604133141101894e-04
4 2 -5.8405511900782624e-03 3.1861819327604464e-04
4 3 -4.1802723389417320e-03 -2.0436752371158060e-05
4 4 -3.0697750301800224e-03 -1.0617862407628858e-04
4 5 -2.5024356021258942e-03 1.7100926209538220e-04
4 6 -1.9592288655676496e-03 -1.1976440292856839e-05
4 7 -1.4637994575827397e-03 -5.7834640944250632e-05
4 8 -1.0833879367873904e-03 -1.0778046941029476e-05
4 9 -8.8868621324655287e-04 1.7846147284830238e-05
4 10 -6.9812312978919679e-04 2.1250445557607677e-05
4 11 -6.2278139732287825e-04 1.0884403247082663e-06
4 12 -5.4062470808294825e-04 1.1951077692637323e-05
4 13 -4.3097479100064095e-04 1.4349705893218464e-06
4 14 -3.4425482229971779e-04 1.6808934129646853e-05
4 15 -2.8727200376776598e-04 1.2340679493802613e-05
4 16 -2.2645602115911785e-04 -1.5844245677705722e-06
4 17 -1.9877140561001230e-04 -2.5870549234725282e-06
4 18 -1.7461449907435155e-04 -1.2114401812828335e-06
4 19 -1.6164520609483269e-04 -1.1992905290763011e-06
4 20 -1.4443343467864081e-04 -6.3240436174370013e-07
4 21 -1.3331419451510256e-04 4.4842789156335648e-06
4 22 -1.1232048753096411e-04 4.0829133920599672e-06
4 23 -1.0589689487008132e-04 -2.7345495537181409e-07
4 24 -1.0112128872111640e-04 -5.3304356043534311e-06
4 25 -1.0578453204741687e-04 -1.6029435017547269e-07
4 26 -1.0090018935287156e-04 -2.3179748276879960e-07
4 27 -9.5863932921381979e-05 -2.4633290014767197e-06
4 28 -8.9484531310687489e-05 -2.0805035897386807e-07
4 29 -8.5657022904599397e-05 1.6056819093882001e-06
4 30 -8.0635605702282157e-05 -6.9372465290755862e-07
4 31 -7.7707455236223019e-05 -1.8000628032882807e-06
4 32 -7.1799264250997598e-05 1.0285497096794394e-07
4 33 -6.2669642942828351e-05 -2.8350832394474109e-06
4 34 -5.2357120613799358e-05 -2.5174770720363541e-06
4 35 -4.7473994198882919e-05 -1.6587232929343276e-06
4 36 -4.1584142946163790e-05 -9.7436510440280205e-07
4 37 -3.8720992734617393e-05 -1.1040699164849241e-06
4 38 -3.4540261912150664e-05 -4.2786693493752129e-07
4 39 -3.2367633673271397e-05 2.2919756386310490e-09
4 40 -3.2485606725113704e-05 4.4337434058605892e-07
4 41 -3.6446372206126973e-05 -1.1790456217553622e-06
4 42 -3.7349651726062126e-05 -6.9427278065406329e-07
4 43 -4.1953990288414791e-05 -1.4020046188534555e-06
4 44 -4.4656278073665799e-05 -4.7796081244419102e-07
4 45 -5.0590247711447954e-05 -7.2060145720905506e-07
4 46 -6.0821681057569647e-05 8.6858148320004591e-08
4 47 -7.5021887424359243e-05 1.8347787197631938e-06
4 48 -8.9958724371500603e-05 3.2311515167354075e-06
4 49 -1.0021608883665575e-04 2.4762001241499948e-07
4 50 -1.2785613251420344e-04 1.4479174267599970e-06
4 51 -1.5955313446481875e-04 2.4304433119261731e-06
4 52 -1.9806910760274908e-04 1.2099026286308871e-06
4 53 -2.3150089189745383e-04 -3.7551100854412393e-06
4 54 -2.8871729492866436e-04 7.4646807162587432e-07
4 55 -3.4935061733378946e-04 1.0074987785043717e-05
4 56 -3.9132211489184950e-04 1.0241251535527681e-05
4 57 -4.7877369818167615e-04 5.0248985825427864e-06
4 58 -5.9425236300899241e-04 1.0862638511341190e-05
4 59 -6.3336943296495474e-04 1.0351472248832880e-05
4 60 -7.0020394240281371e-04 4.3123036766060542e-06
4 61 -8.1323760069871534e-04 2.3130105053290689e-05
4 62 -9.1393307615143967e-04 2.4020945050507747e-05
4 63 -1.0350969412473863e-03 1.1571693350502104e-05
4 64 -1.2234637265854894e-03 4.9231964219772636e-06
4 65 -1.5506505771462186e-03 3.4130046330729055e-05
4 66 -1.8833174058786660e-03 4.1421185850772586e-05
4 67 -2.2130405724681852e-03 -4.6955282408155394e-05
4 68 -2.8434356918558322e-03 -2.0550017809625566e-04
4 69 -3.6680768022217584e-03 -3.7506732319507040e-05
4 70 -5.0515120028234188e-03 -2.6462750197448029e-04
4 71 -7.4403704097773804e-03 2.1952195011199635e-05
5 0 -6.1934534794604763e-03 1.2938807070012287e-03
5 1 -3.2288624190696287e-03 -6.9060204614001901e-04
5 2 -2.8517592471578356e-03 1.6432394678067954e-04
5 3 -2.0526836172310822e-03 -5.2705497159712357e-06
5 4 -1.5532708614218074e-03 -4.0223487327292633e-05
5 5 -1.3369594480607363e-03 1.5240308752874487e-04
5 6 -1.0712511315206219e-03 -1.4334665290688866e-05
5 7 -7.7765343764571199e-04 -5.1119053715998510e-05
5 8 -5.3757214581224948e-04 -6.7722618980644990e-06
5 9 -4.5552307922214078e-04 1.3585431428020177e-05
5 10 -3.6233581006905343e-04 1.7506541468427239e-05
5 11 -3.4355039104700194e-04 -2.6889094025788943e-06
5 12 -2.9488168033024975e-04 1.0199845880745643e-05
5 13 -2.2043191476983035e-04 -2.5702504705009136e-06
5 14 -1.7939458176871879e-04 1.6397493201976183e-05
5 15 -1.4688682742896401e-04 9.4177984509056408e-06
5 16 -1.1634222719650116e-04 -4.9405488155543760e-07
5 17 -1.0298466933095775e-04 -2.1591878013364857e-06
5 18 -9.2502955889897255e-05 -2.7024600230715259e-06
5 19 -8.4911423850817332e-05 -1.7197684186805254e-06
5 20 -7.5884998707514644e-05 -1.4444852069068542e-06
5 21 -7.1073336382775613e-05 4.1471415871264576e-06
5 22 -6.0331087786628914e-05 3.3827938080637689e-06
5 23 -5.8020984885423057e-05 4.2416758809576703e-07
5 24 -5.2795482618105526e-05 -5.4054443209178896e-06
5 25 -5.7255307418761345e-05 -1.6061122665098734e-07
5 26 -5.3927974168566019e-05 -1.7835657607853781e-07
5 27 -5.1283251414890870e-05 -2.0158111544824791e-06
5 28 -4.7828096750174533e-05 7.8269706216927389e-07
5 29 -4.8429149881261516e-05 1.6025095376443349e-06
5 30 -4.4898677042422352e-05 -1.5525163959206617e-06
5 31 -4.2783591787671276e-05 -1.0811157627935614e-06
5 32 -4.0910564472265086e-05 -3.7827416642388635e-07
5 33 -3.4534672313980555e-05 -2.2409772913211192e-06
5 34 -2.7446586979645890e-05 -1.9763734162764385e-06
5 35 -2.5591266755447856e-05 -1.6174167264316830e-06
5 36 -2.2672582303978659e-05 -6.9583384268836358e-07
5 37 -2.1491954671894545e-05 -8.7711084449179949e-07
5 38 -1.9042035752199105e-05 -3.2175785764463564e-07
5 39 -1.7571713494524125e-05 -2.4559752957788453e-07
5 40 -1.6945489073710947e-05 1.6582619362425595e-07
5 41 -2.0178518018363650e-05 -1.1665587855763939e-06
5 42 -1.9876962029481794e-05 -3.9553632251750484e-07
5 43 -2.2616943619949467e-05 -1.3451047585792993e-06
5 44 -2.3797142306822030e-05 -5.2898302316088477e-07
5 45 -2.6727460293374711e-05 -2.0919792080077396e-07
5 46 -3.2087033929498405e-05 -5.0743271269522461e-07
5 47 -4.0458518564243186e-05 9.9106550576130500e-07
5 48 -4.8347752374359317e-05 2.4345748656764008e-06
5 49 -5.2839109498554538e-05 -3.3534521574000552e-07
5 50 -6.9076417232040097e-05 9.2366496735516252e-07
5 51 -8.4353508400911211e-05 2.3334932008945740e-06
5 52 -1.0441582366733077e-04 7.2764561931714119e-06
5 53 -1.2028692994543401e-04 -2.7761212536430512e-06
5 54 -1.5651198794226518e-04 2.9350815679976229e-06
5 55 -1.8886946427457577e-04 1.1163716102538946e-05
5 56 -2.0795294216133020e-04 1.5269496921942585e-05
5 57 -2.6040957688431285e-04 1.0586856573583597e-05
5 58 -3.3339649080013812e-04 1.0129613224550919e-05
5 59 -3.4206428512516273e-04 1.6111157959212329e-05
5 60 -3.6141371779632589e-04 -3.8119474639855218e-06
5 61 -4.4204523522338007e-04 1.2469103424805690e-05
5 62 -4.8533002625175426e-04 2.0031748567240046e-05
5 63 -5.5403997515659261e-04 3.9365085271216895e-06
5 64 -6.5523014235489786e-04 -9.1230730737907156e-07
5 65 -8.4227342790452501e-04 1.2683464794157789e-05
5 66 -1.0087065728709467e-03 2.7528403569490412e-05
5 67 -1.1780793407709391e-03 -6.6514882106271593e-05
5 68 -1.5561888221275310e-03 -1.5151302470158690e-04
5 69 -1.9483698375386831e-03 -5.3977216308293084e-05
5 70 -2.4148654924627030e-03 -1.9552824295541275e-04
5 71 -3.0134712356221687e-03 -1.6213918672429611e-05
6 0 -2.7233698335883548e-03 6.6532104247118084e-04
6 1 -1.1821293946354470e-03 -4.1043643875041255e-04
6 2 -1.3650979587201929e-03 4.2712788979977902e-05
6 3 -9.3580750315911125e-04 2.3315283392088936e-05
6 4 -7.4753839598996441e-04 7.6056036981451757e-06
6 5 -6.8752674670620646e-04 1.1806669755967576e-04
6 6 -5.7677585133109868e-04 8.6876291464172756e-06
6 7 -4.1024581487824989e-04 -3.6175158498693511e-05
6 8 -2.5393301126968714e-04 -1.2055092035672836e-05
6 9 -2.1900229820818762e-04 8.2687840015678740e-06
6 10 -1.8372340143766789e-04 1.3580990967179607e-05
6 11 -1.8881173033518308e-04 -4.1008674380861287e-06
6 12 -1.5925680689563755e-04 8.9907268570077271e-06
6 13 -1.0921164950423210e-04 -1.7543169423569110e-06
6 14 -9.3662095101687578e-05 1.4650030860462750e-05
6 15 -7.2063172868449933e-05 5.9829367109223819e-06
6 16 -5.9609906229222582e-05 -9.8234605358899271e-08
6 17 -5.0436613622002293e-05 -1.4725448654709913e-06
6 18 -4.7170865727863506e-05 -3.0649372786810602e-06
6 19 -4.3224558062429931e-05 -1.9064188402187725e-06
6 20 -3.8833784293648288e-05 -2.2667051398887700e-06
6 21 -3.7394201813022804e-05 4.3949460095440979e-06
6 22 -3.2804852109617614e-05 2.1975094921784167e-06
6 23 -3.1360686736607770e-05 -1.4146466722299171e-07
6 24 -2.6234764238347851e-05 -5.3200649427619741e-06
6 25 -2.8704975605371732e-05 -6.5963769729701174e-07
6 26 -2.8094382455158542e-05 -5.4467292708873813e-07
6 27 -2.4914000192346860e-05 -1.4981139743554203e-06
6 28 -2.5531016063906990e-05 1.3626742182964382e-06
6 29 -2.8661699201169642e-05 7.6598833499564677e-07
6 30 -2.4909216914220819e-05 -2.2419275814702779e-06
6 31 -2.1892385818067517e-05 -1.4788009582716415e-07
6 32 -2.3479178712456848e-05 -2.8654198659219607e-07
6 33 -1.9037288488391959e-05 -1.5159020276688528e-06
6 34 -1.4105839187479506e-05 -1.1493453607181530e-06
6 35 -1.3054503980065780e-05 -1.2818317007237240e-06
6 36 -1.2376548027774145e-05 -3.2188302866237711e-07
6 37 -1.1934243290650312e-05 -6.3641909361896803e-07
6 38 -1.0434725206903788e-05 -2.2554205849383328e-07
6 39 -9.3192545614799853e-06 -3.8918988446875339e-07
6 40 -8.5558096520613533e-06 -7.5922250419716687e-08
6 41 -1.0998193376417523e-05 -8.9254415734872983e-07
6 42 -1.0433023321518207e-05 -1.8219292935983522e-07
6 43 -1.2053576267847480e-05 -9.7016273547592248e-07
6 44 -1.2423640085273795e-05 -5.5937073678387228e-07
6 45 -1.4065235387923615e-05 2.3684250617714525e-07
6 46 -1.6871253617624225e-05 -9.5631517843477826e-07
6 47 -2.0915638777683115e-05 6.6846229245568450e-07
6 48 -2.5409182367433011e-05 1.3738891434312039e-06
6 49 -2.7997759730957740e-05 -6.6312328352240325e-07
6 50 -3.7262427893531984e-05 8.4098854373353119e-07
6 51 -4.4401114719537483e-05 1.6373863281060131e-06
6 52 -5.4501093646447759e-05 1.0693608702764252e-05
6 53 -6.1688477824017816e-05 -3.5698170904860970e-06
6 54 -8.2132179363008243e-05 7.1331648942007312e-06
6 55 -9.9750732784038878e-05 8.9715721660990891e-06
6 56 -1.1018996472927146e-04 1.4014829879536154e-05
6 57 -1.4234318027877408e-04 1.2673080787534186e-05
6 58 -1.8725911400626916e-04 5.0068683615176381e-06
6 59 -1.8453479329723962e-04 1.6649713166493318e-05
6 60 -1.8185398688660973e-04 -5.4000958167250494e-06
6 61 -2.3314516457870115e-04 -2.1952141165084334e-06
6 62 -2.5842218579299271e-04 1.8884091274762878e-05
6 63 -2.9551175730756798e-04 -1.9276665729391080e-06
6 64 -3.4774939823936537e-04 -7.4004099267962784e-07
6 65 -4.3608118599096270e-04 -1.4177460808131824e-05
6 66 -5.1523254226585366e-04 2.0940333765506860e-05
6 67 -6.0400922748283603e-04 -6.3071703098647791e-05
6 68 -8.2980535968720296e-04 -9.9397438575476348e-05
6 69 -1.0098375231257599e-03 -4.4669213870276119e-05
6 70 -1.2098030002212073e-03 -1.5893897815574983e-04
6 71 -1.3658660535901439e-03 -1.3801544401090358e-04
7 0 -1.2061853734714066e-03 2.7059268644518216e-04
7 1 -4.0754578825121575e-04 -1.7838238745705568e-04
7 2 -6.5441718452573174e-04 -1.6229323332098447e-05
7 3 -3.9569986944082734e-04 3.8849084496294984e-05
7 4 -3.2657111965185386e-04 1.9939994477077788e-05
7 5 -3.6813889815113848e-04 8.2271469345828789e-05
7 6 -2.9556494407649456e-04 1.7853122392258349e-05
7 7 -2.1402003306765001e-04 -2.1195431804220082e-05
7 8 -1.0757186740968445e-04 -1.2490217938312498e-05
7 9 -9.6107267931077898e-05 1.7316486354011601e-06
7 10 -9.3016772879500842e-05 8.6944391258636505e-06
7 11 -1.0424880692658951e-04 -5.1403707603268096e-06
7 12 -8.6855224855129505e-05 8.5471390202390864e-06
7 13 -5.5329036627820831e-05 1.5752631169285357e-06
7 14 -5.0605501067124045e-05 1.2706050902169771e-05
7 15 -3.5358431615125973e-05 3.5576823737483483e-06
7 16 -3.1675663908638573e-05 -5.8641742671562035e-07
7 17 -2.2060536964868561e-05 -2.3839228605423799e-07
7 18 -2.2901724420344390e-05 -3.2493037284179294e-06
7 19 -2.1934585477244750e-05 -7.6767831585099333e-07
7 20 -1.9225834527344239e-05 -1.7865078357241163e-06
7 21 -2.0306265962854908e-05 4.6371876290525908e-06
7 22 -1.8185557334864985e-05 7.9307735508774932e-07
7 23 -1.7464420437771025e-05 -1.2615091057976977e-06
7 24 -1.2664723319916635e-05 -3.8935296735183651e-06
7 25 -1.2901958751128905e-05 -8.9216012940732651e-07
7 26 -1.5326671800621069e-05 -1.3607779116896235e-06
7 27 -9.9231773741803151e-06 -6.5572261385934912e-07
7 28 -1.4817945977636668e-05 2.1661887497804789e-06
7 29 -1.7717690479700597e-05 -6.7791797977679941e-07
7 30 -1.3761818133913903e-05 -2.5848603162564160e-06
7 31 -9.9535759791558033e-06 3.6096814750526662e-07
7 32 -1.3368253842558442e-05 -5.3932723417254119e-08
7 33 -1.1041636981050678e-05 -9.8701995081583184e-07
7 34 -6.8512318399143455e-06 -4.7826548389522434e-07
7 35 -5.9914409170964246e-06 -1.0386760129376936e-06
7 36 -6.7985930857651475e-06 7.1177225339402591e-09
7 37 -6.5749981352329140e-06 -5.4386800413277101e-07
7 38 -5.5499231270085785e-06 -1.3690164171584685e-07
7 39 -4.8379492143636159e-06 -4.5140915249637442e-07
7 40 -4.2218778954395179e-06 -1.9986568179355987e-07
7 41 -6.0019774016907638e-06 -5.0936509139346549e-07
7 42 -5.3451497634245271e-06 -2.8294081606002424e-08
7 43 -6.3211988323496193e-06 -4.9676815465844238e-07
7 44 -6.2493185595294919e-06 -7.1516515503040739e-07
7 45 -7.6798102073644630e-06 4.0779512388015218e-07
7 46 -9.0556932320500643e-06 -1.1906917637592305e-06
7 47 -1.0192737547213585e-05 7.5355576664697851e-07
7 48 -1.2609514675527256e-05 6.8436421740149125e-07
7 49 -1.4326443796825205e-05 -8.2391642374042965e-07
7 50 -1.9103627275511569e-05 5.8726694671352735e-07
7 51 -2.2901695578596647e-05 1.5932911762633250e-06
7 52 -2.8476813369806945e-05 1.1885813071890965e-05
7 53 -3.1841211472157652e-05 -2.5626221425168319e-06
7 54 -4.0829138332924337e-05 1.1201267105842715e-05
7 55 -5.1620632240403738e-05 6.6262571239704821e-06
7 56 -6.0239744960294594e-05 1.0042511803648405e-05
7 57 -7.8796296738254583e-05 1.1083266484326981e-05
7 58 -1.0331048369498525e-04 4.0072218537026137e-06
7 59 -1.0073445381326251e-04 1.3813674169428548e-05
7 60 -9.5797709448315176e-05 -2.5414077610393201e-06
7 61 -1.2203105071876645e-04 -1.7231484344558602e-05
7 62 -1.3983036893394646e-04 2.2995110029965115e-05
7 63 -1.5330657389445157e-04 -3.9365829410438191e-06
7 64 -1.7963732362047202e-04 -2.7762077144811965e-06
7 65 -2.1297623052340164e-04 -2.7264213817831078e-05
7 66 -2.5119445179675023e-04 1.8376054062180271e-05
7 67 -3.0526543655628037e-04 -4.0875218584799448e-05
7 68 -4.2124782839953682e-04 -4.8490241249969842e-05
7 69 -5.2773427529521823e-04 -4.5316161121248211e-05
7 70 -6.1770699283398493e-04 -1.4259124011442345e-04
7 71 -7.6134684036112486e-04 -1.1631315784771725e-04
8 0 -4.9681064489591974e-04 1.9698536462947361e-05
8 1 -1.3401034427518453e-04 -3.5580359359157071e-05
8 2 -3.2969534851243004e-04 7.0403051642635364e-06
8 3 -1.7610966248016318e-04 5.4518193950893169e-05
8 4 -1.1439645891820589e-04 1.5039328619866043e-06
8 5 -2.1506769725928435e-04 4.9092448348241559e-05
8 6 -1.3247544650775526e-04 2.7077162506913564e-05
8 7 -1.1771110895858949e-04 -1.5988953920828894e-05
8 8 -4.0993909755949230e-05 -1.2332536854244484e-05
8 9 -3.8431136136640025e-05 -4.5290952115963435e-06
8 10 -4.7477095938908720e-05 7.9882846789126559e-06
8 11 -6.0798254581776317e-05 -5.7184512015334985e-06
8 12 -4.8173571888774768e-05 8.1483488422283841e-06
8 13 -3.0052049099315840e-05 4.0918457144926216e-06
8 14 -2.8814539578427761e-05 1.1004124912370884e-05
8 15 -1.7955122140672281e-05 6.5970461982132818e-07
8 16 -1.6682263819720451e-05 -1.7874635838569610e-06
8 17 -7.2824128949185135e-06 1.3144380093285139e-06
8 18 -1.1009372196258916e-05 -3.4687579543144426e-06
8 19 -1.1302473024507282e-05 1.1812493586386007e-06
8 20 -9.0758423559630976e-06 -7.7272925720689178e-07
8 21 -1.1301107679702786e-05 4.3002370540820028e-06
8 22 -1.0048128241253109e-05 -6.4953301409274915e-07
8 23 -1.0955646299306754e-05 -1.3873475552452906e-06
8 24 -6.2813901376613869e-06 -2.0752270506870574e-06
8 25 -5.2801417918190014e-06 -1.3063746699821618e-06
8 26 -9.2087778584958113e-06 -2.0145978954844027e-06
8 27 -3.0121229060449091e-06 4.7654799674669750e-07
8 28 -9.0384331229323531e-06 2.4617101835686753e-06
8 29 -1.0910328883345242e-05 -1.8076515233106158e-06
8 30 -7.4306532674544838e-06 -1.9471655382681705e-06
8 31 -4.0396625261152272e-06 8.5498488670083134e-07
8 32 -7.1838855458572688e-06 -2.4258144446351659e-07
8 33 -7.1472235932949516e-06 -7.3890567523047488e-07
8 34 -2.8229613559386375e-06 -3.1498699614429248e-07
8 35 -2.3507372895208480e-06 -9.2848430924039581e-07
8 36 -3.9086307198428396e-06 2.4521716652298547e-07
8 37 -3.4828667817136335e-06 -5.4956672830980622e-07
8 38 -2.8387995795779451e-06 2.2081762354778584e-08
8 39 -2.4137839487345329e-06 -1.9006163916342284e-07
8 40 -1.9692807970177716e-06 -1.0922480872720202e-07
8 41 -3.2416520049699444e-06 -2.0635571213395605e-07
8 42 -2.5489503949856358e-06 1.0183547165374122e-07
8 43 -3.2872597183985579e-06 -2.1637795057616032e-07
8 44 -3.1478057379172974e-06 -6.8646829205843932e-07
8 45 -4.4073985950201099e-06 5.5177292597354070e-07
8 46 -4.9523804866963864e-06 -9.6067112908750269e-07
8 47 -4.5510994380220908e-06 8.2442836703330225e-07
8 48 -5.2601313812832055e-06 3.8264322114291751e-07
8 49 -6.0427033259182869e-06 -7.6711734301548540e-07
8 50 -8.7618526273387405e-06 -5.2450953698782220e-07
8 51 -1.1300607758394369e-05 2.3364422752142861e-06
8 52 -1.5848539673430383e-05 1.2009091780807970e-05
8 53 -1.5762901911395543e-05 -1.2918977002285805e-06
8 54 -1.7825190106725205e-05 1.1810924819249553e-05
8 55 -2.5158175656117702e-05 4.6922857191752328e-06
8 56 -3.6578709400356615e-05 5.9124156881983926e-06
8 57 -4.7637251003881035e-05 9.3547793796673582e-06
8 58 -5.5325938574355852e-05 5.8912407364487809e-06
8 59 -5.4678935140220028e-05 1.0942271064232979e-05
8 60 -5.8526433594394657e-05 1.4255828062695940e-09
8 61 -6.3289690484157464e-05 -2.1838940331928449e-05
8 62 -7.8628230328392948e-05 2.3983113319462728e-05
8 63 -7.4845253841436659e-05 -2.4467963610094451e-06
8 64 -8.6058964674571271e-05 -6.9483491909463577e-06
8 65 -9.9635112351351940e-05 -2.9648930162672429e-05
8 66 -1.1421140676866215e-04 1.9166080742855262e-05
8 67 -1.5316213959793793e-04 -1.7560445295464156e-05
8 68 -1.9823824631390156e-04 -2.2028929977470300e-05
8 69 -2.4992696046049714e-04 -5.7523370662107417e-05
8 70 -3.0356031572172565e-04 -9.2797086811700487e-05
8 71 -4.6100242967449706e-04 5.2030581963146437e-06
9 0 -1.9515885957120888e-04 -1.0174453400086265e-04
9 1 -2.0352170147834540e-05 3.3411899668401595e-05
9 2 -1.8657840233742587e-04 1.0186983087982963e-05
9 3 -9.1801577940766747e-05 3.9540334699264985e-05
9 4 -2.8228412283910917e-05 -1.7644303701415750e-05
9 5 -1.3301123605920402e-04 2.3555492668672748e-05
9 6 -4.2981920817006704e-05 3.6186495448738719e-05
9 7 -6.7854652302224515e-05 -1.8732532817852752e-05
9 8 -1.5778531614856483e-05 -1.2303254905099728e-05
9 9 -1.8637359019344948e-05 -8.8796635545491920e-06
9 10 -2.4124132768685431e-05 5.3963289857332153e-06
9 11 -3.7591537087469462e-05 -4.8269321401835821e-06
9 12 -2.5084692166333959e-05 6.5929957695250304e-06
9 13 -1.5114881021307168e-05 5.2282576222076808e-06
9 14 -1.7334912068845485e-05 9.0670435569952770e-06
9 15 -8.7348980019937846e-06 -1.1386694088583057e-06
9 16 -8.4382088161931724e-06 -2.4451447206581676e-06
9 17 -9.4953527056372034e-07 2.9128921115449911e-06
9 18 -4.8355836021006482e-06 -2.9675184150193568e-06
9 19 -6.8421718163471037e-06 2.6506394178795093e-06
9 20 -4.8584439084012221e-06 -2.8277390357131918e-07
9 21 -6.2158044628312181e-06 2.9663896581738430e-06
9 22 -5.2844160323620112e-06 -1.5325121406439762e-06
9 23 -7.1575497533440775e-06 -1.2470855499250831e-06
9 24 -4.2033966992456203e-06 -6.8026817128509300e-07
9 25 -2.7210886893930314e-06 -1.5655471067632930e-06
9 26 -6.3874413704304375e-06 -1.8903948676567879e-06
9 27 -3.2353865750928994e-07 8.9653886290505318e-07
9 28 -5.1411001720565970e-06 2.7481859011880102e-06
9 29 -6.2696958658668688e-06 -1.8724332338157410e-06
9 30 -4.4488021362447576e-06 -6.8451633144183411e-07
9 31 -1.0667604554323736e-06 1.1056604043533457e-06
9 32 -3.9005469914937364e-06 -3.0912643299461869e-07
9 33 -5.1278018295008345e-06 -5.2898764165366633e-07
9 34 -1.0967149490843521e-06 -5.2702812574508041e-07
9 35 -7.5146732417073778e-07 -7.0943090792619996e-07
9 36 -2.5568537502496335e-06 4.7092058274500098e-07
9 37 -1.6943293281336649e-06 -5.5739741093569970e-07
9 38 -1.4699955189728931e-06 1.8252755008217584e-07
9 39 -1.0312870481682095e-06 2.8218394428478578e-07
9 40 -9.2696437103616906e-07 4.7839139829430991e-08
9 41 -1.6434003884844903e-06 -8.2568629692679212e-08
9 42 -1.0677532056081338e-06 2.7590285666540390e-07
9 43 -1.5099049835665334e-06 -1.4737401397168115e-07
9 44 -1.4449743243578477e-06 -4.4266442380011915e-07
9 45 -2.2203708434497039e-06 6.0503591416046655e-07
9 46 -2.9303096773561820e-06 -6.7646264724685995e-07
9 47 -1.7964191022523228e-06 8.3782875771850086e-07
9 48 -1.5513521100738092e-06 2.8182345628119875e-07
9 49 -1.2135496971916618e-06 -8.0437286573094360e-07
9 50 -3.5278784970448677e-06 -2.4499008769227114e-06
9 51 -4.9806312769152002e-06 3.3215203797702077e-06
9 52 -8.8900743396514336e-06 1.1331523671991262e-05
9 53 -6.9368261764429926e-06 3.1612098040595675e-07
9 54 -7.2575679137059365e-06 9.8374367951414052e-06
9 55 -1.0927765897764479e-05 1.4836089152102521e-06
9 56 -2.2382138378460546e-05 4.1120727943319914e-06
9 57 -2.9548307660604067e-05 7.3615860647894968e-06
9 58 -2.6066837206207637e-05 4.8050240869861565e-06
9 59 -2.3179407896490127e-05 7.7501369312481552e-06
9 60 -3.6819772458290320e-05 -4.3899985008414186e-07
9 61 -3.3656996318615267e-05 -2.1923128066300108e-05
9 62 -4.5520451720419504e-05 2.2334004832238569e-05
9 63 -3.6309679271121590e-05 -1.9130733767744379e-06
9 64 -3.7182230798047677e-05 -4.6460229889801984e-06
9 65 -4.6324032532456491e-05 -2.7790778091197765e-05
9 66 -3.8296249319513637e-05 2.2292384409196568e-05
9 67 -7.8222918126498084e-05 -1.3146955357704451e-05
9 68 -9.9827054178967659e-05 -1.1022821657699470e-05
9 69 -7.5406363399817443e-05 -4.5762392267035545e-05
9 70 -1.4902552364731646e-04 -6.6443222831998066e-05
9 71 -2.7601725495046768e-04 7.8848441929257486e-05
10 0 -5.7051809532178406e-06 -1.5223288022481993e-04
10 1 -9.6710097825087326e-06 7.1266434779807905e-05
10 2 -1.0414460151397020e-04 7.0502060618439681e-06
10 3 -5.9563588063871977e-05 2.8082726630042536e-05
10 4 -3.2104287855317343e-07 -2.7799970394332651e-05
10 5 -8.4944961532471190e-05 1.8088926775931196e-05
10 6 -1.0723794085848794e-05 2.8672006680701723e-05
10 7 -3.5318266223366421e-05 -2.1669072887733811e-05
10 8 -3.7546805373707169e-06 -1.0493767564044180e-05
10 9 -1.4200119369549663e-05 -1.1055999167372931e-05
10 10 -9.3525885161393279e-06 2.7296436546941150e-06
10 11 -2.1844399762343718e-05 -3.2489877547627366e-07
10 12 -1.2521401166482524e-05 5.6601265490587594e-06
10 13 -5.8667699860579028e-06 5.0165553311503935e-06
10 14 -1.1158075981867146e-05 5.5781035913778894e-06
10 15 -2.9052927761907065e-06 -1.2798429792370320e-06
10 16 -4.1659941152754267e-06 -2.0508314682880633e-06
10 17 1.5475152840964463e-06 3.5667948396211080e-06
10 18 -2.0291937598391576e-06 -2.5021314475074528e-06
10 19 -5.5012931239314532e-06 3.4115839897609104e-06
10 20 -3.2322790027990424e-06 -5.8299050260131624e-07
10 21 -3.5591478205778863e-06 2.0208059351364759e-06
10 22 -2.4622057962006081e-06 -1.3537650785097696e-06
10 23 -4.7359369099402089e-06 -1.0217821617717746e-06
10 24 -3.7881028393498611e-06 5.6250470518378024e-07
10 25 -2.3765413227699629e-06 -1.9189056110172448e-06
10 26 -4.6107687653241782e-06 -9.7581751548691027e-07
10 27 6.3294745073516401e-07 4.9441859290370949e-07
10 28 -2.4548511141877367e-06 2.8810039746987004e-06
10 29 -3.9169857461877124e-06 -1.9459953045672304e-06
10 30 -3.5283249090586640e-06 3.2501157580596351e-07
10 31 2.9378040231997866e-07 1.3266207677790175e-06
10 32 -2.6517331072891638e-06 -2.0936204174261179e-07
10 33 -3.4302325453474898e-06 -4.3555376328921765e-07
10 34 -7.3507427947719797e-07 -7.3738865393607405e-07
10 35 -1.7273695017537700e-07 -4.0787760212358714e-07
10 36 -1.8449951388717147e-06 3.5114979245669211e-07
10 37 -6.9146935374662605e-07 -4.5331954044116532e-07
10 38 -7.6320645882271387e-07 1.2223478076043672e-07
10 39 -1.9488324437587026e-07 6.1192014731474510e-07
10 40 -5.6962359433952718e-07 1.9723173602369879e-07
10 41 -6.6605887489329393e-07 -5.2204426715328309e-08
10 42 -3.5901916284691566e-07 3.4083786608390948e-07
10 43 -5.0963284970136202e-07 -1.3718745393451962e-07
10 44 -4.3048590588208371e-07 -9.7356752102728093e-08
10 45 -7.3634223943286513e-07 6.0288231567356938e-07
10 46 -1.8900704825389823e-06 -5.8711734426345433e-07
10 47 -6.5758647122810471e-07 7.2902445727334645e-07
10 48 -3.7176488287814512e-07 6.0722372009325637e-07
10 49 1.3866723839486664e-06 -4.7161553365208623e-07
10 50 -1.6143023680457339e-06 -4.1442187569042787e-06
10 51 -1.5254400517360608e-06 3.1834426781884402e-06
10 52 -5.8470635582840047e-06 1.0893585857146616e-05
10 53 -2.1961594135144267e-06 1.3766813837867786e-06
10 54 -3.2683913174849294e-06 6.5840080712444954e-06
10 55 -4.9177538124152040e-06 -4.2391589210401574e-06
10 56 -1.3293516495287696e-05 1.5131700189433864e-06
10 57 -1.6262642664580618e-05 3.6821534806351204e-06
10 58 -6.1013944656544171e-06 2.8019177610569962e-06
10 59 -1.2815179548710523e-06 7.9020614779146626e-06
10 60 -2.2974519431853409e-05 2.2229795834438964e-06
10 61 -1.8952401542966603e-05 -1.8700842545019925e-05
10 62 -2.1630242276592937e-05 1.8661946119100165e-05
10 63 -2.8190153256708132e-05 -3.4071485300705354e-06
10 64 -1.2150430047813226e-05 9.9961929033155624e-07
10 65 -2.4577908674744226e-05 -2.4964073516558906e-05
10 66 7.1705254294376389e-07 2.4472759219449748e-05
10 67 -4.3496879110897358e-05 -1.3250028236694924e-05
10 68 -5.8463798504887157e-05 -1.4436124006149193e-05
10 69 1.1916982909309959e-05 -2.1267352956927481e-05
10 70 -1.0259799033804105e-04 -6.6448891100543721e-05
10 71 -1.4181623294410911e-04 9.1543987348052263e-05
