0 0 -1.1991645137774443e+00 -2.7095962304259098e-19
0 1 -1.5586129205974095e-01 -5.2456427763031889e-20
0 2 -5.6203352149343390e-02 -3.3016562795685164e-21
0 3 -3.2676581700258743e-02 8.3703739498611697e-22
0 4 -2.4610925733218408e-02 -5.2856452235148310e-22
0 5 -2.0332130305948874e-02 -1.6436571819258812e-23
0 6 -1.7901072625838146e-02 9.4354822766860891e-23
0 7 -1.5344572936158613e-02 3.1907201733197067e-22
0 8 -1.2747997238817714e-02 -1.0460141269650608e-22
0 9 -1.0128122628976834e-02 -7.4139081596786688e-23
0 10 -7.9276797249892630e-03 -2.6851731026646326e-22
0 11 -6.4627269548179879e-03 4.0576486971577523e-23
0 12 -5.4203329758131654e-03 4.7202812388180734e-23
0 13 -4.3944204040646277e-03 3.3309708228250903e-22
0 14 -3.5242684043554559e-03 2.1063422048319046e-23
0 15 -2.6724122160780976e-03 -1.3816965183670676e-22
0 16 -1.9829995229250909e-03 3.2145786263486575e-23
0 17 -1.4972737780069773e-03 -1.4280248593969550e-23
0 18 -1.1493207223215133e-03 4.3202086966554724e-23
0 19 -9.2436048778638533e-04 -8.7206845737366704e-24
0 20 -7.5712091181375798e-04 3.4724807293904808e-23
0 21 -6.2868947507447508e-04 -1.7946189451343958e-23
0 22 -5.2118895296257399e-04 1.6207083431119353e-23
0 23 -4.3640221430931147e-04 7.7451380709751852e-24
0 24 -3.7041861203497838e-04 -2.0868734341055298e-23
0 25 -3.2712777270187663e-04 -8.3727570983365207e-24
0 26 -2.9725198382663659e-04 2.6407563635129447e-23
0 27 -2.6759421026436930e-04 5.4858916817325243e-24
0 28 -2.3625537252479237e-04 3.0317080236344872e-24
0 29 -2.1953106709491840e-04 -2.7954116187009258e-25
0 30 -2.1146092273797718e-04 1.5425295803785453e-24
0 31 -2.1261346790203892e-04 -1.4261856074540925e-23
0 32 -2.1255380524208542e-04 5.1518883573372418e-24
0 33 -2.1909415828908751e-04 -7.3782485993751451e-25
0 34 -2.3535376655999581e-04 3.3513817835989145e-24
0 35 -2.4402671414596271e-04 1.3502735072232841e-23
0 36 -2.5799445612308586e-04 -5.3284241191833264e-24
0 37 -2.7452649352323983e-04 -2.9978069908044511e-24
0 38 -2.9687803058518487e-04 1.1405403772187033e-23
0 39 -3.1474787039607665e-04 -6.2961460088274622e-24
0 40 -3.2536114168035297e-04 -8.8128807138263350e-24
0 41 -3.4980033826509800e-04 -2.0647937759130898e-23
0 42 -3.8508568671016970e-04 1.1790711617472027e-24
0 43 -4.3346994877309055e-04 -1.1787299953188641e-23
0 44 -4.8799467520581666e-04 4.5172130781470336e-24
0 45 -5.2396455771424536e-04 1.0737934304318101e-23
0 46 -5.8183440322055714e-04 -4.3126231427506028e-23
0 47 -6.5798686822033585e-04 3.3382055885598264e-23
0 48 -7.6047930387486775e-04 2.9739873912675828e-23
0 49 -8.6035822934554026e-04 -8.2021237275577328e-25
0 50 -9.2357532474945112e-04 3.1371974321359744e-23
0 51 -9.7154843202073746e-04 1.4541285036481718e-23
0 52 -1.0613897170861294e-03 -1.0917463566895601e-23
0 53 -1.2540238394962856e-03 -7.1167673823619293e-23
0 54 -1.5539001188766869e-03 -6.5442978248145636e-23
0 55 -1.8847607804609288e-03 4.7080963138682303e-23
0 56 -2.2201336728369814e-03 -1.8829435640156256e-23
0 57 -2.5172111289866045e-03 2.7646599238843559e-23
0 58 -2.9662893489073579e-03 -1.3063819130415230e-22
0 59 -3.6229518785360348e-03 -2.2981867316744393e-22
0 60 -4.2423598436166264e-03 1.4939041295465434e-22
0 61 -4.7280509098798383e-03 1.5280219505207824e-22
0 62 -5.2177323477259514e-03 1.1357280460949115e-22
0 63 -6.1829252617526340e-03 1.9397143040903220e-22
0 64 -7.6725843593570412e-03 1.7049027374258618e-22
0 65 -1.0142680317699812e-02 6.2200746075388724e-22
0 66 -1.4075730144141674e-02 -3.3435453555945076e-22
0 67 -1.9846766518730363e-02 1.8833022514221961e-21
0 68 -2.5988967486346097e-02 2.1130303089629504e-22
0 69 -3.5164728005812391e-02 1.2924052390572246e-23
0 70 -5.7558879470432249e-02 -9.4069695099831898e-22
0 71 -1.5714016414433959e-01 4.0670270385620034e-20
1 0 -3.6317595975133876e-01 -1.8894090034948104e-03
1 1 -9.1046123717633223e-02 -4.9766052433360553e-04
1 2 -3.9538064522827480e-02 8.5135541145227794e-05
1 3 -2.4487704582940098e-02 -5.7083294569091527e-05
1 4 -1.8718114077058649e-02 -1.0102531545596533e-04
1 5 -1.5586981390552245e-02 -8.3293423843023846e-05
1 6 -1.3737153403860256e-02 -2.8781676281180858e-05
1 7 -1.1765613920774751e-02 9.8453776793038449e-06
1 8 -9.7578689227758690e-03 -3.4154239354882538e-05
1 9 -7.7414347041599545e-03 -9.7942348005133627e-07
1 10 -6.0632388780660828e-03 3.3888647642399991e-06
1 11 -4.9413342407971655e-03 5.2161858219944491e-06
1 12 -4.1346238889557931e-03 1.8470846755356947e-05
1 13 -3.3495485988744031e-03 1.5159553878717219e-05
1 14 -2.6844325169619277e-03 1.7068380148358416e-05
1 15 -2.0360943534671145e-03 4.0613040153454559e-06
1 16 -1.5120843286105291e-03 3.5350575950285194e-06
1 17 -1.1353727465983671e-03 -4.1672564000986058e-06
1 18 -8.7118105986566218e-04 -4.4525805188446030e-06
1 19 -7.0126911740502073e-04 4.3014666898536085e-06
1 20 -5.7409516293178845e-04 6.7825264511535190e-07
1 21 -4.7844779454476744e-04 1.7564351986542921e-06
1 22 -3.9689843199083120e-04 1.9570480840618165e-06
1 23 -3.3363620339425088e-04 1.7097193743837219e-06
1 24 -2.8337533777180753e-04 1.2054429044793238e-06
1 25 -2.5001495807122702e-04 -1.3255025049473660e-07
1 26 -2.2691253559809272e-04 -6.0597575022056200e-07
1 27 -2.0467499770766528e-04 7.9983063040223794e-07
1 28 -1.8093914973614541e-04 -2.1650170423236728e-08
1 29 -1.6767433076660999e-04 5.5973288049252770e-07
1 30 -1.6136656100922787e-04 2.7628089162641484e-07
1 31 -1.6262138052287721e-04 6.3090101723273898e-07
1 32 -1.6263539801319906e-04 -2.6608322846280559e-07
1 33 -1.6812091199994750e-04 4.6909673548707206e-07
1 34 -1.8013593660607118e-04 -1.5185371143084155e-07
1 35 -1.8678098774937101e-04 -1.1597549030081090e-06
1 36 -1.9770011051585348e-04 -1.5225485411519258e-06
1 37 -2.0942505173283119e-04 -1.5935476839299877e-07
1 38 -2.2760971858154584e-04 4.3821668007440146e-07
1 39 -2.4001299498565111e-04 7.7104460578077128e-07
1 40 -2.4874714210549725e-04 3.4986456210817136e-07
1 41 -2.6844019233344593e-04 1.1414779933153739e-07
1 42 -2.9377811792362591e-04 -1.2651635550592155e-06
1 43 -3.3060913382635271e-04 -2.4407014262682287e-06
1 44 -3.7202160202752478e-04 3.0127202063865233e-07
1 45 -3.9877705039989244e-04 2.1988040166245574e-06
1 46 -4.4430768581412686e-04 1.7089145541255488e-06
1 47 -5.0156016385847504e-04 -2.0696642066832111e-06
1 48 -5.8020855748075961e-04 -2.6456514852550954e-06
1 49 -6.5664425759531613e-04 -3.0494873412223571e-06
1 50 -7.0269121606902755e-04 -1.5468468912761919e-06
1 51 -7.4074167110578569e-04 3.2776183973188080e-07
1 52 -8.1245415266221880e-04 1.1232746465512163e-08
1 53 -9.5877312820807534e-04 -8.4817816966633106e-08
1 54 -1.1893575895311008e-03 -3.2056704902363044e-06
1 55 -1.4420035582098805e-03 3.5039466774871785e-06
1 56 -1.6990708930319837e-03 -1.0198090363163597e-06
1 57 -1.9273571800730821e-03 4.3779552156071237e-06
1 58 -2.2589555358518429e-03 1.2035624016359811e-05
1 59 -2.7631530027694895e-03 8.0960619748923337e-06
1 60 -3.2323837295613321e-03 -7.9899030447300390e-06
1 61 -3.6000337045958464e-03 6.5711175611996568e-06
1 62 -3.9858545801980897e-03 1.7440319816289051e-05
1 63 -4.6993049935313410e-03 3.2890975153716157e-05
1 64 -5.8266414341764531e-03 3.4594405839544887e-05
1 65 -7.6979564675876662e-03 5.1290517909108203e-05
1 66 -1.0604223344253936e-02 8.9138604341591255e-05
1 67 -1.4850553027356463e-02 -1.7685241014891002e-05
1 68 -1.9542490365079278e-02 -3.2609560433010538e-05
1 69 -2.6419044860291552e-02 -5.1405101836769012e-05
1 70 -4.0531013332716206e-02 -2.7617255215234732e-04
1 71 -9.0570100641818141e-02 -9.7025213249203276e-04
2 0 -1.1151648953462477e-01 -1.4265730098127353e-03
2 1 -4.1142198895946690e-02 -4.3353626164901332e-04
2 2 -2.2029185741382074e-02 2.5251217489164645e-04
2 3 -1.4766757815948342e-02 -7.0865075052107128e-05
2 4 -1.1544078047917187e-02 -1.0667763855296258e-04
2 5 -9.7323154596151307e-03 -9.6632100844473891e-05
2 6 -8.5668205538218141e-03 -4.8759423590834594e-05
2 7 -7.3491034633382290e-03 1.8118673921876856e-05
2 8 -6.0640954112639268e-03 -3.2925715614687747e-05
2 9 -4.8166221817753036e-03 1.1111264360842969e-05
2 10 -3.7704272899201341e-03 9.2859578505348927e-06
2 11 -3.0718473392379593e-03 1.4753249907080241e-05
2 12 -2.5514205547335672e-03 2.6567715903315025e-05
2 13 -2.0640618970779899e-03 2.0457116846176497e-05
2 14 -1.6482255413070505e-03 2.5585851615486328e-05
2 15 -1.2534825832241740e-03 7.7094531655896297e-06
2 16 -9.3312475290433059e-04 4.5441632518892409e-06
2 17 -6.9552540178735936e-04 -6.5958902822991855e-06
2 18 -5.3129478960537726e-04 -4.1922631761980947e-06
2 19 -4.2792080965855183e-04 6.3378666205421650e-06
2 20 -3.4957691822593972e-04 4.4911487161649908e-07
2 21 -2.9424042504348416e-04 2.8310639832994983e-06
2 22 -2.4412015703663011e-04 2.8474457749221684e-06
2 23 -2.0623916523906732e-04 2.6504344870710651e-06
2 24 -1.7551826405618419e-04 1.2306209471665932e-06
2 25 -1.5443183225229799e-04 3.5646954461884608e-07
2 26 -1.3986777468014973e-04 -2.7764007153795145e-07
2 27 -1.2734109523735701e-04 1.2718226878081015e-06
2 28 -1.1309068711211076e-04 3.6635302502742688e-08
2 29 -1.0387426510685818e-04 6.6194658391488914e-07
2 30 -1.0012500431429187e-04 2.3911235576604976e-07
2 31 -1.0080374622181903e-04 6.4550652540404759e-07
2 32 -1.0066252006020606e-04 -2.5385289496078442e-07
2 33 -1.0493211832761942e-04 7.4692229785014038e-07
2 34 -1.1149019340714630e-04 -3.0163768806856342e-07
2 35 -1.1642349390151342e-04 -1.5515420821305713e-06
2 36 -1.2318705397282694e-04 -1.7402855893948402e-06
2 37 -1.2937084039402468e-04 -6.6124244929584494e-07
2 38 -1.4227472238436813e-04 2.8216636070359540e-07
2 39 -1.4877457554501007e-04 7.9771971665169863e-07
2 40 -1.5456509288227472e-04 6.2967559804218307e-07
2 41 -1.6778637256610398e-04 3.1858739354641324e-07
2 42 -1.8070891411816595e-04 -1.6629730658406963e-06
2 43 -2.0500693201831258e-04 -3.6794731789911094e-06
2 44 -2.3067601104412286e-04 4.4883871123764068e-07
2 45 -2.4626887247330693e-04 3.5759235452535044e-06
2 46 -2.7465081296781843e-04 1.9343070575602419e-06
2 47 -3.0962475504079442e-04 -3.4512889645624503e-06
2 48 -3.5926355593244501e-04 -2.4632143801902322e-06
2 49 -4.0693063155645731e-04 -2.9635805724679134e-06
2 50 -4.3056100490114225e-04 -2.0590210032499380e-06
2 51 -4.5432147318299505e-04 -1.7495285181664147e-06
2 52 -5.0541382858072966e-04 1.5328668732790624e-06
2 53 -5.9502067777991187e-04 -1.4474765575060985e-06
2 54 -7.3905262419493188e-04 -3.4762940985913980e-06
2 55 -8.9282089491206373e-04 4.3954916410362430e-06
2 56 -1.0536352315032569e-03 -3.2902655712864011e-06
2 57 -1.2054501759578063e-03 4.4518268637440134e-06
2 58 -1.3827983524304676e-03 1.7440002568754765e-05
2 59 -1.7045157821264593e-03 1.0775661506376961e-05
2 60 -1.9916606002554475e-03 -1.7609365191783969e-05
2 61 -2.2162564636376437e-03 7.6098578214062658e-06
2 62 -2.4645070360968160e-03 1.7873105063086042e-05
2 63 -2.8614776450544758e-03 4.6140334952952942e-05
2 64 -3.5522447067244806e-03 5.5651168399143716e-05
2 65 -4.7185508817943816e-03 6.2221260919757520e-05
2 66 -6.3958371378888892e-03 1.1739764089264913e-04
2 67 -8.8567032493787803e-03 4.9992477732104867e-06
2 68 -1.1666173112566057e-02 -6.9100521403449061e-05
2 69 -1.5877156254536159e-02 -9.8432890449952484e-05
2 70 -2.2643089962324774e-02 -3.0959722486295611e-04
2 71 -4.1901172797150041e-02 -7.1510048028197866e-04
3 0 -3.7303688208025390e-02 -1.2755020159147443e-03
3 1 -1.8008593716880766e-02 2.1643562700036935e-05
3 2 -1.1412271739839708e-02 2.1553465296378151e-04
3 3 -8.2213955368983377e-03 -8.4913549414649482e-05
3 4 -6.5862405317683873e-03 -7.6916300832773535e-05
3 5 -5.5980299658938224e-03 -6.1721324566941290e-05
3 6 -4.9026349756905226e-03 -5.8267014915912028e-05
3 7 -4.2413509029963535e-03 6.4219274874920954e-06
3 8 -3.4978668401543394e-03 -2.3082347702772377e-05
3 9 -2.7678980748683337e-03 1.7593438628621311e-05
3 10 -2.1686151130809799e-03 1.0708102854249640e-05
3 11 -1.7627443879945520e-03 2.5894886571911560e-05
3 12 -1.4621373079352520e-03 2.6169982480850009e-05
3 13 -1.1779076306539528e-03 2.0599697041745379e-05
3 14 -9.3434959413472981e-04 2.8288930347439987e-05
3 15 -7.1324876605175544e-04 7.9799520217842849e-06
3 16 -5.2984814394569746e-04 2.5439259506495669e-06
3 17 -3.9300572380079250e-04 -5.7551909997349913e-06
3 18 -2.9974420218362087e-04 -3.1846451884140403e-06
3 19 -2.4096653581557478e-04 7.5660201367227684e-06
3 20 -1.9393261691088090e-04 4.0747316986413189e-07
3 21 -1.6658022931651859e-04 2.7529883035547907e-06
3 22 -1.3819991426668643e-04 2.6526553377625775e-06
3 23 -1.1753877157449425e-04 2.8126508134273899e-06
3 24 -1.0087018460898400e-04 3.6230524828803513e-07
3 25 -8.7663074800266611e-05 8.6935886340884962e-07
3 26 -7.9358557045305995e-05 4.2122238219698314e-07
3 27 -7.3402467804778868e-05 1.3265435500674953e-06
3 28 -6.5874622841727697e-05 -1.6368301053904804e-07
3 29 -5.9219883806912336e-05 3.7684646934804816e-07
3 30 -5.7413178745638347e-05 -2.2135479753856219e-08
3 31 -5.7432919303043563e-05 3.3730153403327525e-07
3 32 -5.7473909407118468e-05 1.2071547170741809e-07
3 33 -6.0871333317878012e-05 9.7706974890768907e-07
3 34 -6.3486612384482691e-05 -5.1251952134546106e-07
3 35 -6.7528459423501271e-05 -1.5177455181041862e-06
3 36 -7.1039130289808749e-05 -1.1523386388853198e-06
3 37 -7.3712522840483475e-05 -1.2010215157076268e-06
3 38 -8.2768689542949260e-05 -1.3278322889463886e-07
3 39 -8.5495737055756171e-05 2.0428772294209440e-07
3 40 -8.8590998453274097e-05 1.1661936215100212e-06
3 41 -9.7372465524300019e-05 2.0539646041388017e-07
3 42 -1.0189464933815228e-04 -1.3309560382289111e-06
3 43 -1.1771607188551419e-04 -3.9051123353328209e-06
3 44 -1.3344701195255152e-04 3.6495463452459844e-07
3 45 -1.4011425739558637e-04 3.5531731636551748e-06
3 46 -1.5688433480841223e-04 1.7866322419076847e-06
3 47 -1.7665272897604708e-04 -2.8889995674339092e-06
3 48 -2.0625375125535506e-04 -1.6054190967081875e-06
3 49 -2.3414835664378790e-04 -2.9320311670648833e-06
3 50 -2.4376233411115176e-04 -1.8909229530991756e-06
3 51 -2.5667342417560931e-04 -4.5287365209483091e-06
3 52 -2.9172566475278884e-04 2.6629692378934756e-06
3 53 -3.4102259004395588e-04 -2.8621385341051425e-06
3 54 -4.2309898251163141e-04 -2.1837356964873741e-06
3 55 -5.0899200215895942e-04 2.4436736551746593e-06
3 56 -6.0240078131137997e-04 -7.2331914993108164e-06
3 57 -6.9951336973152840e-04 2.8770290110126081e-06
3 58 -7.7684289499938127e-04 1.5579521340325576e-05
3 59 -9.6384224479562932e-04 9.7841382556087334e-06
3 60 -1.1323880836383155e-03 -3.1591461364836576e-05
3 61 -1.2637535683153213e-03 1.2462037870236149e-05
3 62 -1.4151388681938409e-03 1.1242352654794230e-05
3 63 -1.5964423089764924e-03 3.9192444970377636e-05
3 64 -1.9862578759638006e-03 5.8861690185120357e-05
3 65 -2.6614776871932309e-03 3.8616453297227246e-05
3 66 -3.5316462435894640e-03 1.1982701513047327e-04
3 67 -4.8461928933052293e-03 2.7172117661038630e-05
3 68 -6.3475219398389932e-03 -8.1753081722286085e-05
3 69 -8.7604292308596163e-03 -1.1640803127905006e-04
3 70 -1.1697144732135180e-02 -2.4844517432341819e-04
3 71 -1.7892569303439829e-02 -4.7575206571375954e-04
4 0 -1.3381871946881460e-02 -5.0920754619144561e-04
4 1 -7.9725543985382438e-03 4.6473821053511347e-05
4 2 -5.8161192047229623e-03 1.2102693309540653e-04
4 3 -4.3873436175152119e-03 -9.9295854196588791e-05
4 4 -3.6079653861466354e-03 -4.4390618550947028e-05
4 5 -3.0771799103538502e-03 -1.4903709891901620e-05
4 6 -2.6813052603382277e-03 -6.6446522772434967e-05
4 7 -2.3439304257597019e-03 -1.1338817407208598e-05
4 8 -1.9634916193223932e-03 -2.1089137961289505e-05
4 9 -1.5325538768304330e-03 7.1526168281691046e-06
4 10 -1.2026311056541068e-03 1.2039504798578607e-05
4 11 -9.7194915343636870e-04 2.3354337481737191e-05
4 12 -8.1270995324282658e-04 2.0610087838550087e-05
4 13 -6.4533274432233400e-04 1.7834999149984997e-05
4 14 -5.0871034948724557e-04 2.3917298762202587e-05
4 15 -3.8950052811915662e-04 4.3872036995306112e-06
4 16 -2.8580037933254271e-04 -1.5834640788042128e-06
4 17 -2.1175273994266666e-04 -4.1704623336715444e-06
4 18 -1.6315492514141673e-04 -1.8557474684465392e-06
4 19 -1.3040508109979785e-04 7.8158344631501823e-06
4 20 -1.0159700865000580e-04 7.3545026884325465e-07
4 21 -9.0041138237212503e-05 2.2289293564483105e-06
4 22 -7.4330116988086930e-05 2.4012586523625315e-06
4 23 -6.4486537114583962e-05 2.2852738445495384e-06
4 24 -5.5822463206547678e-05 -5.0031527627128330e-07
4 25 -4.7380335508392373e-05 8.5217225347883451e-07
4 26 -4.3055711487608806e-05 6.3341032585073122e-07
4 27 -4.0656016422869383e-05 1.1418093819828130e-06
4 28 -3.6890942070256644e-05 -1.9758575710628853e-07
4 29 -3.2487223311011415e-05 -4.8058436369786619e-08
4 30 -3.1519798029928781e-05 -1.4808856903983328e-07
4 31 -3.1491484777057798e-05 7.6164246814593040e-08
4 32 -3.1323483596739718e-05 3.1940756384439251e-07
4 33 -3.4031757970679955e-05 1.1377647936235384e-06
4 34 -3.4447403863787902e-05 -6.4063481488806696e-07
4 35 -3.7915452231656838e-05 -1.3411142961782184e-06
4 36 -3.9349038232576161e-05 -4.2856429677367517e-07
4 37 -4.0658162675769383e-05 -1.2236654022216239e-06
4 38 -4.6522933269027237e-05 -5.3851422852076989e-07
4 39 -4.7244282555046245e-05 -6.5748527516945911e-07
4 40 -4.8871545000743659e-05 1.6115005301893864e-06
4 41 -5.4492178414527265e-05 5.0024945590361806e-07
4 42 -5.5001476727574352e-05 -1.2918633113157094e-08
4 43 -6.4278877204254259e-05 -3.5234277476213880e-06
4 44 -7.4057371172298950e-05 1.3697897879461029e-07
4 45 -7.6164876761617624e-05 2.7857760857809013e-06
4 46 -8.6168883426090411e-05 9.6385910702470032e-07
4 47 -9.5950486542698018e-05 -2.4214278989957834e-06
4 48 -1.1340548003049734e-04 -1.0346512297213413e-06
4 49 -1.2996889223103206e-04 -3.6985859735922741e-06
4 50 -1.3288198150424220e-04 -1.5642672445152364e-06
4 51 -1.3979614918728525e-04 -6.1617616450949563e-06
4 52 -1.6327911180256328e-04 2.3935461469373562e-06
4 53 -1.8643296092406807e-04 -2.8534724364993588e-06
4 54 -2.3430127284074502e-04 -3.8559927771532529e-07
4 55 -2.7723902010561588e-04 1.7874954869683067e-07
4 56 -3.3119504509628587e-04 -1.0136791458393804e-05
4 57 -3.9044457324923101e-04 -5.7400644384641705e-07
4 58 -4.1741491060072098e-04 1.1445328305975350e-05
4 59 -5.1948493296272201e-04 7.7176862803029659e-06
4 60 -6.2098753344099714e-04 -3.7857446850351711e-05
4 61 -6.9373300242527220e-04 1.2399880779432493e-05
4 62 -7.8559306189807706e-04 1.0020383260357501e-05
4 63 -8.5007775801296378e-04 2.7724040962061469e-05
4 64 -1.0605344586044980e-03 4.9921117297619146e-05
4 65 -1.4386038583555668e-03 2.5164498892452226e-06
4 66 -1.8491436546441311e-03 9.8095816365122003e-05
4 67 -2.5233289438874773e-03 9.6925928840604140e-06
4 68 -3.2892377993857069e-03 -9.3518721729807789e-05
4 69 -4.6036687200705266e-03 -1.3457778950575261e-04
4 70 -5.9656260213453690e-03 -1.1108299269134300e-04
4 71 -7.7495694147581302e-03 -3.1393108264408037e-04
5 0 -4.9972817264211759e-03 1.3259083508503669e-04
5 1 -3.3835414467610018e-03 -3.3173710826318192e-05
5 2 -3.0374721590039964e-03 3.5821094619029464e-05
5 3 -2.3160430022042969e-03 -8.5809378363847866e-05
5 4 -1.9160518162744376e-03 -1.4482237622980874e-05
5 5 -1.6632865227301748e-03 1.2201131462156786e-05
5 6 -1.4211587644984971e-03 -6.2841960755191472e-05
5 7 -1.2696428211138534e-03 -1.9646092228514849e-05
5 8 -1.0885478354092149e-03 -1.9035573244432228e-05
5 9 -8.3717851111062762e-04 1.3729223624867249e-06
5 10 -6.5215202003175601e-04 1.0947728451632914e-05
5 11 -5.3484005823406749e-04 1.5025653246994440e-05
5 12 -4.4138353882481473e-04 1.8455242756269278e-05
5 13 -3.4393728032127471e-04 1.3832667306825161e-05
5 14 -2.7098720530112401e-04 1.8058945320973568e-05
5 15 -2.0509121147802484e-04 1.6443329120251465e-06
5 16 -1.4720682799197971e-04 -3.2273095380747300e-06
5 17 -1.1094663164584710e-04 -2.6319992243275012e-06
5 18 -8.6653581228910201e-05 -9.0836144697643022e-07
5 19 -6.8569276477798474e-05 6.8738596788071335e-06
5 20 -5.0725580287472858e-05 5.2997450714338464e-07
5 21 -4.6785806061462173e-05 2.0671808022560461e-06
5 22 -3.7878258293186859e-05 2.1782715500595514e-06
5 23 -3.4701554187123016e-05 1.4944544558435539e-06
5 24 -3.0043389613680460e-05 -1.0212451037981607e-06
5 25 -2.4601571448579185e-05 4.6534781337804608e-07
5 26 -2.2478085777197696e-05 3.5760552814882974e-07
5 27 -2.1905761380937530e-05 8.6528609050581848e-07
5 28 -2.0074027087805219e-05 -6.5524499262183043e-08
5 29 -1.7467096789321323e-05 -2.7329999205934447e-07
5 30 -1.6631446848563282e-05 7.5525978894127688e-09
5 31 -1.6950088328283305e-05 -2.6112519685013891e-07
5 32 -1.6603890639510510e-05 3.3450756227733139e-07
5 33 -1.8571834912769721e-05 1.1942985680554684e-06
5 34 -1.7821582294381110e-05 -7.0295250790172244e-07
5 35 -2.0715593326841476e-05 -1.3863370856092279e-06
5 36 -2.1544225611655635e-05 -4.4774260807585218e-08
5 37 -2.2139327984847095e-05 -1.0493697046168433e-06
5 38 -2.5474273736163169e-05 -3.8758450129530544e-07
5 39 -2.5560343191355006e-05 -1.4516711186312908e-06
5 40 -2.6694876694655269e-05 1.6547764458963028e-06
5 41 -2.9486987021512887e-05 8.6816146028917320e-07
5 42 -2.8576926374512286e-05 8.6974854112101191e-07
5 43 -3.4158434079618455e-05 -3.3763493939108824e-06
5 44 -4.0317645312545310e-05 -2.0582063754531966e-07
5 45 -4.0424636521766140e-05 2.2787069187218641e-06
5 46 -4.6062960198561091e-05 4.4454421261893059e-07
5 47 -5.0361582395058003e-05 -2.0257265804491704e-06
5 48 -6.1095108102361207e-05 -8.5853807519004271e-07
5 49 -7.0265489482064587e-05 -3.1381319157965916e-06
5 50 -6.9740284341041292e-05 -1.5696269297007245e-06
5 51 -7.4089959106770880e-05 -5.3131785780091490e-06
5 52 -9.0455422417736763e-05 1.9625600918395590e-06
5 53 -9.9475990640523598e-05 -1.5706059013372228e-06
5 54 -1.2910742892305600e-04 1.3440824139910351e-06
5 55 -1.4662890980776127e-04 -2.3011302642068691e-06
5 56 -1.7603258243257354e-04 -1.2131531574415045e-05
5 57 -2.1303955777707262e-04 -5.5558183130073743e-06
5 58 -2.2044624996938648e-04 6.9041204558981462e-06
5 59 -2.7235796659501918e-04 7.7472241576295077e-06
5 60 -3.3316586802896290e-04 -2.9625523205153663e-05
5 61 -3.6708483347629547e-04 1.3469485133405327e-05
5 62 -4.2279217615586454e-04 1.0190038302866459e-05
5 63 -4.4235067582661065e-04 2.3165511379853586e-05
5 64 -5.4548712064461007e-04 3.5013809598185833e-05
5 65 -7.5753402769564496e-04 -2.7768312277870387e-05
5 66 -9.1723386572771818e-04 6.9466336784153315e-05
5 67 -1.2737539325902356e-03 4.1726849886792282e-06
5 68 -1.6435895597179649e-03 -9.2415769228886834e-05
5 69 -2.3631920043566124e-03 -1.4053721462252262e-04
5 70 -3.0211931211995419e-03 -2.6683454246850094e-05
5 71 -3.4668308530804606e-03 -9.0889710175813857e-05
6 0 -2.1972058747665242e-03 2.8510914925740523e-04
6 1 -1.4848991318177590e-03 -5.6774731953444202e-06
6 2 -1.5979856494829660e-03 -2.8265668986771769e-05
6 3 -1.2154152838686940e-03 -7.1932320066780291e-05
6 4 -9.8553822542377751e-04 2.7346643617502015e-06
6 5 -8.8840773280269365e-04 1.1917137633008942e-05
6 6 -7.2500063435702931e-04 -4.5221463614582921e-05
6 7 -6.6764219756849442e-04 -1.4559365006615716e-05
6 8 -6.0106941804010663e-04 -1.3706654577742130e-05
6 9 -4.6536974673867722e-04 6.2774720600641619e-08
6 10 -3.4624552032370325e-04 1.4501829743886725e-05
6 11 -3.0171956641099763e-04 5.2407796978595854e-06
6 12 -2.3448597664148751e-04 1.7559332777195972e-05
6 13 -1.8129667394951851e-04 1.0603002400333892e-05
6 14 -1.4212266215379998e-04 1.4676917315767242e-05
6 15 -1.0231795933188372e-04 3.6427336347851491e-08
6 16 -7.2445096533437753e-05 -3.8537600359799369e-06
6 17 -5.7509625342228840e-05 -2.7510659321894981e-06
6 18 -4.6470220943869775e-05 -5.0128556856959781e-07
6 19 -3.5115358446255769e-05 5.6084507495529648e-06
6 20 -2.4409410616429336e-05 5.3619274457385803e-07
6 21 -2.3551495718773605e-05 1.5876328774206611e-06
6 22 -1.8310294205100036e-05 1.7630800703198096e-06
6 23 -1.8360547431199290e-05 6.1746842654434968e-07
6 24 -1.5671113388438534e-05 -1.0637725506920137e-06
6 25 -1.2039061897499519e-05 -4.0500982546059682e-08
6 26 -1.1642208993673456e-05 3.0191952557481484e-07
6 27 -1.1770995904858614e-05 3.5211066566560450e-07
6 28 -1.0704832664868970e-05 -1.0087483489353835e-07
6 29 -9.3349596072980142e-06 -3.7662615194215995e-07
6 30 -8.5071528783467346e-06 4.9431269717380212e-08
6 31 -9.0407696303208976e-06 -5.4456145224562989e-07
6 32 -8.4999778442116604e-06 3.0949667484716886e-07
6 33 -9.9515652388130407e-06 1.1603038329651649e-06
6 34 -8.6199677363829685e-06 -6.3441831644358583e-07
6 35 -1.1089978118592636e-05 -1.2229399357461292e-06
6 36 -1.1889511024589750e-05 -7.1276850397534488e-08
6 37 -1.1881222385276530e-05 -6.4336036356209017e-07
6 38 -1.3883209365103869e-05 -1.3713005514631729e-07
6 39 -1.3711570897449572e-05 -1.7485768024325367e-06
6 40 -1.4359568799291629e-05 1.0764850951542191e-06
6 41 -1.5044545274805787e-05 7.7708596817351911e-07
6 42 -1.4054593805149708e-05 1.0459981048190120e-06
6 43 -1.7765942465415775e-05 -2.6244697070101796e-06
6 44 -2.1447685817508584e-05 -9.6329884154489088e-07
6 45 -2.1090926349278118e-05 1.7837843162450861e-06
6 46 -2.4523205790926335e-05 4.3154016544273732e-07
6 47 -2.5589222411410136e-05 -1.5778983337726361e-06
6 48 -3.2673314688806342e-05 -1.0183755559133686e-06
6 49 -3.8059716524708560e-05 -1.7496355202561932e-06
6 50 -3.5252242038611837e-05 -2.0649077166134708e-06
6 51 -3.7790067489587523e-05 -4.1775603231796529e-06
6 52 -4.9369807243759252e-05 2.1889031858413429e-06
6 53 -5.1994995531536992e-05 5.8193847009077164e-07
6 54 -7.3263746298457053e-05 4.1197260321383850e-06
6 55 -7.5175374843190380e-05 -3.6933177417866223e-06
6 56 -8.8685872143229972e-05 -1.0894065583633397e-05
6 57 -1.1556616428082656e-04 -1.0024543571661934e-05
6 58 -1.1689780558078023e-04 7.1536630441580563e-06
6 59 -1.4020864446189277e-04 8.1800215276704760e-06
6 60 -1.7687462521338786e-04 -1.6464277351930105e-05
6 61 -1.8836740518521949e-04 1.6148849002718611e-05
6 62 -2.2400812325800001e-04 1.1599101509917185e-05
6 63 -2.2511738207602733e-04 1.7082905417093117e-05
6 64 -2.6567226021788457e-04 2.2607622487516430e-05
6 65 -4.0213068105672301e-04 -3.0896976022002047e-05
6 66 -4.2148405815269736e-04 5.6424369990417942e-05
6 67 -6.2938681334074762e-04 -4.4497201312607932e-06
6 68 -8.0950211086760126e-04 -6.8140368974132967e-05
6 69 -1.2114175615439671e-03 -1.6143848820656363e-04
6 70 -1.5041655077319771e-03 3.6403063378726329e-05
6 71 -1.7135246935227732e-03 -1.0097548253610058e-04
7 0 -8.9523576544105980e-04 2.1388412377208770e-04
7 1 -7.0042167237589553e-04 1.1976862008771597e-05
7 2 -8.1773309835889759e-04 -7.2676773352341591e-05
7 3 -6.4391395191631463e-04 -5.1237356734520129e-05
7 4 -4.9461609942531772e-04 1.8243950934180640e-05
7 5 -4.3487979001884927e-04 8.8526748164567939e-06
7 6 -3.4373806092782784e-04 -2.2880514752659146e-05
7 7 -3.5003044230957740e-04 -1.7446677684162420e-05
7 8 -3.3156875688572556e-04 -4.9046097427829477e-06
7 9 -2.5807993024014948e-04 -2.7472400172828645e-06
7 10 -1.7737129277370053e-04 1.8666582995305054e-05
7 11 -1.8045289214119236e-04 -2.5443531921885366e-06
7 12 -1.1862007807489712e-04 1.1612317076983996e-05
7 13 -9.4388891064005898e-05 4.6641041869345650e-06
7 14 -7.2705007256477919e-05 1.3839180948836306e-05
7 15 -4.6870056518956172e-05 -1.8096011745222526e-06
7 16 -3.3834297970903927e-05 -3.9956998358261257e-06
7 17 -3.0730706783005737e-05 -2.8480977042145145e-06
7 18 -2.6242498950152693e-05 -3.8514431747349169e-07
7 19 -1.7371778995748594e-05 5.0752386421312362e-06
7 20 -1.0851642632993662e-05 1.0670199434703798e-06
7 21 -1.1747820897617737e-05 1.1364593638025933e-06
7 22 -8.1228731547578501e-06 1.1013908505061916e-06
7 23 -9.2849061387383483e-06 1.3749367609505625e-07
7 24 -8.0968337798477410e-06 -1.1212005269578629e-06
7 25 -5.5298553624730144e-06 -4.4937581012228282e-07
7 26 -6.2235045659830768e-06 3.6673825813673721e-07
7 27 -6.1905884081316399e-06 -8.4208092668329217e-08
7 28 -5.5208979514334130e-06 -2.3828933040590356e-07
7 29 -5.1431725481052854e-06 -6.8456398180265284e-07
7 30 -4.3833553128486964e-06 2.4271898505259280e-08
7 31 -4.8257432395854591e-06 -7.5570495852100352e-07
7 32 -4.3277883796112653e-06 2.2189597074172345e-07
7 33 -5.3783291915969011e-06 8.0748496096440807e-07
7 34 -3.9820132955823409e-06 -4.9912470074666615e-07
7 35 -5.8372837742633805e-06 -9.2826035525737429e-07
7 36 -6.4196272201277084e-06 -2.6688708906858760e-07
7 37 -6.2610448174396424e-06 -4.3884660578289779e-07
7 38 -7.7337842543560082e-06 -2.1363488059447436e-07
7 39 -7.6058366547161920e-06 -1.7407511199713189e-06
7 40 -7.6743567090278616e-06 7.2907207397504838e-07
7 41 -7.1991274514607088e-06 4.2119659025448576e-07
7 42 -6.1777152031051917e-06 1.1916685707554381e-06
7 43 -9.2806481532984895e-06 -2.9341092696426143e-06
7 44 -1.1396299813660884e-05 -1.2679284818612644e-06
7 45 -1.0660630496400902e-05 9.9231497869739582e-07
7 46 -1.3082642670722545e-05 5.7515353289063790e-07
7 47 -1.2632687583794638e-05 -1.1934205358952102e-06
7 48 -1.7252244362127274e-05 -1.1508694917825981e-06
7 49 -2.1185563700564320e-05 -8.6286048774133568e-07
7 50 -1.7588406764285955e-05 -2.9193089375415012e-06
7 51 -1.8501510736555134e-05 -3.3456486853591001e-06
7 52 -2.6215627239956652e-05 2.3237657607198497e-06
7 53 -2.6812178271865559e-05 2.8410715371422721e-06
7 54 -4.2457551652822459e-05 5.7518635458763447e-06
7 55 -3.6498284781555205e-05 -3.1306173544488777e-06
7 56 -4.1618873601128259e-05 -7.1910630113999260e-06
7 57 -6.2587311494108070e-05 -1.1884931806190574e-05
7 58 -6.0726120536389776e-05 1.0599606524483389e-05
7 59 -7.3204145242577160e-05 7.0404364856212534e-06
7 60 -9.6568233125377117e-05 -6.6482512789175078e-06
7 61 -9.4225658102275244e-05 1.8804988662702146e-05
7 62 -1.1841604692394284e-04 1.2406958436733379e-05
7 63 -1.1236204477037619e-04 1.4163799304899906e-05
7 64 -1.1735897899202671e-04 1.2675978778247157e-05
7 65 -2.3140681857360560e-04 -1.4808265635718713e-05
7 66 -1.6867892415040392e-04 4.7188594406691344e-05
7 67 -2.9761303983543824e-04 -2.6267501703176634e-05
7 68 -4.0413537362079898e-04 -6.3698223388918921e-05
7 69 -6.2768872739738337e-04 -1.2206716840008745e-04
7 70 -7.6909319009920145e-04 3.1935389752345854e-05
7 71 -1.0663967211798960e-03 -7.0915600367168924e-05
8 0 -2.7614646130280889e-04 7.3090558695280665e-05
8 1 -3.8821392755656887e-04 1.4936911139714759e-05
8 2 -3.8074464836956314e-04 -9.9873237645734008e-05
8 3 -3.2816072455865366e-04 -3.7204677667693904e-05
8 4 -2.2577432564530384e-04 3.7203635319334653e-05
8 5 -1.6202076582243089e-04 1.9017521554376037e-05
8 6 -1.4888774594816855e-04 -3.2292354965434199e-06
8 7 -1.8443463728433934e-04 -4.2923358895161518e-06
8 8 -1.8515770224393957e-04 3.3234493374122687e-06
8 9 -1.3918258926988225e-04 -6.5106195872933851e-06
8 10 -8.5780065457568872e-05 1.9179545079869221e-05
8 11 -1.1049808331767395e-04 -2.9050219948151164e-06
8 12 -5.5198410543195308e-05 -2.3827619176641753e-07
8 13 -4.7075082902177194e-05 4.3925731763377428e-07
8 14 -3.3948770499230269e-05 1.1297641643782435e-05
8 15 -2.0129475573701628e-05 -2.7611001448912508e-06
8 16 -1.3648571453650898e-05 -3.0229977151203710e-06
8 17 -1.6371431186130325e-05 -2.0636290176388620e-06
8 18 -1.5516890764966368e-05 4.7697448656401090e-07
8 19 -8.2504112924110114e-06 4.5673685301514652e-06
8 20 -3.7520973373494900e-06 1.5561712366728117e-06
8 21 -6.1410945399783859e-06 9.8234755970028845e-07
8 22 -2.5753795574925058e-06 1.2024427752905998e-07
8 23 -4.2630334680097573e-06 -2.6383160692831201e-07
8 24 -4.2917413656791874e-06 -1.0426241396482991e-06
8 25 -2.1305417016543378e-06 -4.7892350104540065e-07
8 26 -3.3150514452834725e-06 2.8169106171980274e-07
8 27 -3.0536691055424036e-06 -2.8359818725392958e-07
8 28 -2.6191355284612401e-06 -5.7120528140573791e-07
8 29 -2.9866129938234769e-06 -7.8633679607662775e-07
8 30 -2.2994736802458284e-06 -7.5646595662225475e-08
8 31 -2.7086031668811587e-06 -7.5856613423191455e-07
8 32 -2.2569631274532583e-06 3.3418403125111568e-07
8 33 -3.2522625222463692e-06 3.6001387701589980e-07
8 34 -1.7196542851937809e-06 -1.0327681052759365e-07
8 35 -2.9393072986242438e-06 -6.4305121956029525e-07
8 36 -3.5529475621568000e-06 -4.7593569972619843e-07
8 37 -3.2915051791359590e-06 -3.0418064296375225e-07
8 38 -4.6076457702582048e-06 -6.1960947994885397e-07
8 39 -4.8736280788782120e-06 -1.5995653718847731e-06
8 40 -4.1165091288096233e-06 5.0771643173240432e-07
8 41 -3.3027050152585554e-06 2.2092122585131239e-07
8 42 -2.2188361885302119e-06 1.3123652502855122e-06
8 43 -5.1484368467892574e-06 -3.0359787840960060e-06
8 44 -6.3170626126524300e-06 -1.1237558363605506e-06
8 45 -5.0036192431443008e-06 4.6212392903536095e-07
8 46 -7.0497317643646147e-06 5.3600410523144487e-07
8 47 -5.4181176291361853e-06 -7.9884330933063313e-07
8 48 -9.3475495967052708e-06 -1.0896436407340458e-06
8 49 -1.1662275497549140e-05 -8.0399419011630042e-07
8 50 -8.7438235188889687e-06 -3.2239068925055573e-06
8 51 -8.7643038030256994e-06 -2.9332464585638977e-06
8 52 -1.3261086014490620e-05 2.0280456052764415e-06
8 53 -1.4642181906504868e-05 4.3603167666039163e-06
8 54 -2.5322924079569221e-05 5.6291240727323109e-06
8 55 -1.4706213442023809e-05 -1.5966789331056515e-06
8 56 -1.8800783062506212e-05 -3.6277077218594072e-06
8 57 -3.3670923170641041e-05 -1.3369561372188257e-05
8 58 -2.9736486987455191e-05 1.2962651357643934e-05
8 59 -3.9896843103537538e-05 4.5189844301351974e-06
8 60 -5.2893425572330682e-05 8.0029639829642092e-07
8 61 -4.3583601109424456e-05 1.7192585954598303e-05
8 62 -6.1883093557460123e-05 1.2625944190760362e-05
8 63 -5.7214695881017846e-05 9.3177314566864079e-06
8 64 -4.8202631894770426e-05 5.3957653853559412e-06
8 65 -1.4358858928312186e-04 1.1185000101565988e-05
8 66 -5.3543376700394753e-05 3.8318500102812828e-05
8 67 -1.3336588424581604e-04 -1.1925008492615426e-05
8 68 -2.1058045274738706e-04 -5.3392096235183057e-05
8 69 -3.2940556539066946e-04 -5.2711797331874242e-05
8 70 -4.5098788253900826e-04 -2.3730005066725366e-07
8 71 -7.9414806951840205e-04 -1.0318556277236188e-04
9 0 4.7932649532848013e-05 4.1143296843952478e-06
9 1 -2.2257814952019787e-04 4.2203336938253491e-05
9 2 -1.6794110009374081e-04 -7.8565008728567393e-05
9 3 -1.4888129599003808e-04 -4.6798848283174825e-05
9 4 -9.7723254438829556e-05 4.0580067089939298e-05
9 5 -1.9508888548241959e-05 3.3728745588983016e-05
9 6 -5.4039482843136102e-05 8.5483964938792414e-06
9 7 -9.7463981090475135e-05 2.8883202859040401e-06
9 8 -1.0855671537354226e-04 1.7713507705717424e-05
9 9 -7.7010492531740527e-05 -1.5303482971444417e-06
9 10 -3.8929073721982301e-05 1.8026514833171130e-05
9 11 -6.1310655699609783e-05 -1.6511920858943289e-06
9 12 -2.5198486821042105e-05 -8.1692659646323936e-06
9 13 -2.0395442450627585e-05 -7.9933414882617191e-07
9 14 -1.3811425714284510e-05 8.2142964409716587e-06
9 15 -9.5437076252853771e-06 -2.7842333005547473e-06
9 16 -5.8997362696954663e-06 -5.9381746124530663e-07
9 17 -9.7807724641656353e-06 -4.9601132838551699e-07
9 18 -8.8138489823006038e-06 2.0603579057170984e-06
9 19 -3.9925303758908737e-06 3.5525050772892211e-06
9 20 -2.5754085958746516e-07 1.4556338031911880e-06
9 21 -3.5207903601201588e-06 7.4846259882650486e-07
9 22 1.3811397619681195e-07 -5.5401447156872819e-07
9 23 -1.4098192875927166e-06 -8.4522982353479294e-07
9 24 -2.0063866219172143e-06 -7.2967424350599496e-07
9 25 -5.9062755020803838e-07 -3.3519870177011540e-07
9 26 -1.3676953336522598e-06 1.7777482442215520e-07
9 27 -1.5021845760638908e-06 -4.3516429678307455e-07
9 28 -9.7754975345457539e-07 -9.3460098185370913e-07
9 29 -1.8955749672853407e-06 -6.4124047305456963e-07
9 30 -1.4043317287652040e-06 -2.8571922999544757e-07
9 31 -1.6224726019892787e-06 -7.1617622576398927e-07
9 32 -1.1250656453866551e-06 4.5264360390881500e-07
9 33 -2.3330997813723215e-06 -1.3225379343068357e-07
9 34 -7.4486721474025622e-07 2.5952701765337599e-07
9 35 -1.2370694815484722e-06 -4.0034938207717099e-07
9 36 -2.2493357712958577e-06 -3.7527681328497983e-07
9 37 -1.7567127786255538e-06 4.6213015818700112e-08
9 38 -2.9954180891599914e-06 -8.3408341717396053e-07
9 39 -3.2428304895324348e-06 -1.8929650379088514e-06
9 40 -2.4814460169851257e-06 2.0330850930976514e-07
9 41 -1.3479461784161423e-06 3.0032804528328529e-07
9 42 -2.8547873086051267e-07 1.4381095858523557e-06
9 43 -3.0639686247565761e-06 -2.9442975004524822e-06
9 44 -3.8176308061714173e-06 -5.3141571960849805e-07
9 45 -2.2445121534522006e-06 1.3748316268396298e-07
9 46 -3.7073226203109292e-06 5.7573575033383689e-07
9 47 -1.9753871073690443e-06 6.4038594254716126e-08
9 48 -5.2780631357530344e-06 -1.1961963673106135e-06
9 49 -5.7145758413794625e-06 -1.0100244034114522e-06
9 50 -5.0331942562880385e-06 -3.2689785284735655e-06
9 51 -3.7379774079024043e-06 -2.2216449464718611e-06
9 52 -7.0268941304600550e-06 9.5220220901961721e-07
9 53 -7.9717209825442343e-06 5.1957854752002007e-06
9 54 -1.5915631229735487e-05 3.6593948202745335e-06
9 55 -4.0829766865238848e-06 -8.9671736888924900e-07
9 56 -8.8295294697054988e-06 -8.5684710115490472e-07
9 57 -1.6104997682262428e-05 -1.2339014724002401e-05
9 58 -1.5334854585588976e-05 1.1601680250410252e-05
9 59 -2.2954101105449998e-05 2.6403757463409629e-07
9 60 -3.1512027759883658e-05 7.3006981183892857e-06
9 61 -1.7693363002992477e-05 1.5016988962194404e-05
9 62 -3.2658950618732357e-05 8.0437746980682407e-06
9 63 -3.6009593157410220e-05 8.2501772541829033e-06
9 64 -1.0512594487142789e-05 -2.7461493002853344e-06
9 65 -8.7208275971922285e-05 3.1315370146729288e-05
9 66 -1.3066769898250882e-06 2.3872435049451560e-05
9 67 -6.4752906597035555e-05 9.2320788044217681e-06
9 68 -1.1810672810458976e-04 -5.3080384517164792e-05
9 69 -1.8441181965025437e-04 -1.1255624989430536e-05
9 70 -2.8716654952606419e-04 -1.3799165751757422e-05
9 71 -5.3843894081857585e-04 -1.3488811470564830e-04
10 0 2.4363443720394604e-04 -1.0548760873339125e-04
10 1 -1.0107440401024143e-04 7.0223107520184781e-05
10 2 -4.3507609797385535e-05 -1.5834893358797651e-05
10 3 -8.4229725743261775e-05 -6.9659805890366191e-05
10 4 -5.8917404286410039e-05 3.8347790930669297e-05
10 5 2.7754895301348238e-05 4.2792129218126006e-05
10 6 -1.7828319384756997e-05 1.0812267707555513e-05
10 7 -4.9616871985296253e-05 9.2243726973274558e-06
10 8 -6.6417052142497905e-05 1.8923711874329028e-05
10 9 -5.0771839287926794e-05 2.8528556961642829e-06
10 10 -1.9880436338197408e-05 1.5015479515844765e-05
10 11 -2.2932605700146021e-05 4.6881731511686612e-06
10 12 -9.0593331402543532e-06 -1.0399436188884282e-05
10 13 -7.5389638442455793e-06 -1.1867699923814630e-06
10 14 -5.1471193179323121e-06 4.5039588194740219e-06
10 15 -4.6398658337962180e-06 -3.9254979431608496e-06
10 16 -2.3092679557848124e-06 -7.0974469568095367e-08
10 17 -6.4095413605387116e-06 4.3174437004006847e-07
10 18 -5.0847823871979497e-06 2.2774388471230366e-06
10 19 -2.7263552221339886e-06 2.0388211677910916e-06
10 20 1.5906288764711578e-06 1.3602041638136407e-06
10 21 -2.3698648697131351e-06 5.3151165175031844e-07
10 22 8.9470949299456439e-07 -7.1395778806119712e-07
10 23 1.8869971510376346e-07 -1.1759134794499205e-06
10 24 -6.9828883998955303e-07 -6.5616750621143185e-07
10 25 8.7719094794728428e-08 -1.4544618750186015e-07
10 26 -1.5669744328178728e-07 1.6016206964227820e-07
10 27 -7.4967321817921676e-07 -3.9463518679020641e-07
10 28 -1.4006934826264848e-07 -9.3375552599888328e-07
10 29 -1.0917215830834144e-06 -3.4373924221620980e-07
10 30 -1.0812696728484558e-06 -5.0420552223189962e-07
10 31 -9.1310082423409515e-07 -6.2248666414221575e-07
10 32 -5.0986498362808828e-07 4.1210486196153766e-07
10 33 -1.6947919283716357e-06 -3.8358963100811473e-07
10 34 -5.1342735811630700e-07 3.3275365378841274e-07
10 35 -3.1596776569656647e-07 -7.8611359353344857e-08
10 36 -1.6328757247957719e-06 -6.2717022587108015e-08
10 37 -1.1867180816583460e-06 1.0658391508174542e-07
10 38 -2.2726590750344071e-06 -8.6976354146420053e-07
10 39 -1.9480207932531656e-06 -1.7426228460373941e-06
10 40 -1.7072451019426695e-06 2.4836450474664151e-07
10 41 -4.0820489217342161e-07 -2.5903660424952337e-10
10 42 4.0848355175376698e-07 1.3721997698073853e-06
10 43 -1.9213853641941279e-06 -2.3841462153825669e-06
10 44 -2.6668053379804299e-06 -7.1936768595879970e-09
10 45 -1.4247646232148450e-06 -5.4587364628193371e-08
10 46 -1.6182008446156154e-06 5.8152950387213722e-08
10 47 -8.0289326681347774e-07 5.7917257729076126e-07
10 48 -3.1169072586133171e-06 -1.1565664889715346e-06
10 49 -1.9853413608621402e-06 -1.5243190011300331e-06
10 50 -3.7485056309644470e-06 -3.0579476840716528e-06
10 51 -1.2230254129953567e-06 -1.4101861721504475e-06
10 52 -4.7322547782641663e-06 5.7254221749267310e-09
10 53 -4.0786963420537308e-06 5.1068494816532396e-06
10 54 -1.3277509001862165e-05 1.0575449250792703e-06
10 55 1.8723996019701970e-06 8.4386069598074940e-07
10 56 -5.8093814961677079e-06 2.7878090326713540e-06
10 57 -6.2612820964447397e-06 -8.0101266724841369e-06
10 58 -1.0968007497443476e-05 7.7293611875587148e-06
10 59 -1.5011770958262355e-05 -5.0401975633293774e-06
10 60 -2.2793614030021693e-05 9.8739890149660309e-06
10 61 -7.0512449954984706e-06 1.0061905372479333e-05
10 62 -1.9493841701246459e-05 8.2901298173650478e-07
10 63 -2.5889160810637480e-05 9.9876541863248326e-06
10 64 8.6759907533824526e-06 -9.4620184154001407e-06
10 65 -4.5296212728850419e-05 3.8007669535018258e-05
10 66 7.2956864672899076e-06 1.7199914151698267e-05
10 67 -3.5195630988843577e-05 1.3572226262456835e-05
10 68 -8.5194315750393914e-05 -4.4048343422302256e-05
10 69 -1.1368072601404315e-04 -1.6167894479324153e-05
10 70 -1.8352718212602236e-04 -3.0402885884319137e-05
10 71 -3.0362315025367489e-04 -1.1534946246180366e-04
