0 0 -1.1911150018598238e+00 8.9454444946055902e-20
0 1 -1.5852595912613637e-01 2.0897553257918197e-20
0 2 -6.3134352283303927e-02 -5.8500083483920474e-21
0 3 -4.2049610281897486e-02 8.4643522015308475e-22
0 4 -3.3738432991005707e-02 9.3169084650299576e-22
0 5 -2.8486941498917121e-02 6.0417455070280517e-22
0 6 -2.5722701817397994e-02 1.5982955853168923e-21
0 7 -2.5078306164466588e-02 -2.7919557213691980e-22
0 8 -2.4635198828386606e-02 7.3855095872820722e-22
0 9 -2.2037537521310158e-02 -1.3391319304113408e-21
0 10 -1.7804758571847042e-02 -3.7927143137182818e-22
0 11 -1.5452597941706907e-02 -2.9343108010982032e-22
0 12 -1.3825865002074875e-02 -4.9495908470470903e-23
0 13 -1.1479103001875783e-02 -4.3267961062917843e-22
0 14 -9.2639236722109816e-03 8.2604119286638014e-22
0 15 -7.2358770692634222e-03 -3.1142617213206828e-23
0 16 -5.8902141401555785e-03 7.6226589796952269e-23
0 17 -5.0549772669157608e-03 1.1619857412495786e-23
0 18 -4.3197611258677642e-03 -6.6563752885826484e-23
0 19 -3.6724875662215340e-03 -7.8473337871824180e-23
0 20 -3.0653548585638361e-03 1.7109331851969937e-22
0 21 -2.6041839752416734e-03 8.0200009073478768e-23
0 22 -2.2840992059597505e-03 1.8165777607613683e-23
0 23 -2.0008301701045068e-03 1.8286898100329928e-23
0 24 -1.7642732880277766e-03 3.7324743393186035e-23
0 25 -1.6201023415008257e-03 4.0071471732679402e-23
0 26 -1.4229480913429318e-03 6.8660347737059877e-23
0 27 -1.2105428148880477e-03 5.2094834364394326e-23
0 28 -1.0395782869448724e-03 4.2300703862639808e-23
0 29 -8.8959911188635026e-04 2.6459077511331036e-23
0 30 -7.7047563513454973e-04 -1.2062784202118393e-23
0 31 -6.8349076812387259e-04 -3.4886556464816641e-23
0 32 -6.0214022684609717e-04 4.7994021272342487e-23
0 33 -5.4391262877467948e-04 8.7511886780577655e-24
0 34 -5.3147895610168952e-04 3.6586881223982324e-24
0 35 -5.2388972846594559e-04 -3.3108945737664186e-23
0 36 -5.1809387013244197e-04 1.7287885921002806e-23
0 37 -5.3416567476494722e-04 1.9362504472177621e-23
0 38 -5.3434337340388057e-04 -8.2102268731544842e-24
0 39 -5.2504747847510248e-04 9.5658530516020686e-24
0 40 -5.3849094593235640e-04 -1.1298189612294472e-23
0 41 -5.7148813678187889e-04 9.9845118644574091e-24
0 42 -6.3116303873049745e-04 7.0987511722526095e-24
0 43 -7.2288941135932464e-04 -4.7892573893649777e-23
0 44 -8.0318254163175274e-04 4.6989931569423341e-25
0 45 -8.6303409894820937e-04 -1.8603188972549787e-23
0 46 -9.4445978791457259e-04 -1.2680939016105702e-23
0 47 -1.1223451590560100e-03 -4.7171306583190427e-24
0 48 -1.3154678477881093e-03 -4.0434083364127213e-23
0 49 -1.5263199883525464e-03 -3.5436508492671320e-23
0 50 -1.6991229196116006e-03 6.2441167979510460e-23
0 51 -1.8166366203201875e-03 3.9521257431480690e-23
0 52 -1.9516174059582613e-03 1.3098225661499204e-23
0 53 -2.2100785022097845e-03 1.3594907739849046e-22
0 54 -2.7006866488675993e-03 8.2113114537630982e-23
0 55 -3.3757725211434292e-03 4.5361834506457616e-23
0 56 -4.0708701563060392e-03 7.0656134478729938e-23
0 57 -5.0154879791230221e-03 -1.0172826082359513e-22
0 58 -6.3813024595558085e-03 3.0048634513655388e-23
0 59 -8.1169472582050001e-03 8.2570518722608698e-23
0 60 -1.0739510639378735e-02 -3.2737328056676557e-22
0 61 -1.3985687130007356e-02 -4.0186666702245674e-22
0 62 -1.6943308360921172e-02 2.0281136922380599e-21
0 63 -1.9172526140747291e-02 -3.7856705795932465e-22
0 64 -2.1552690613456299e-02 3.0364847823747290e-22
0 65 -2.3741508117914499e-02 -1.3608826469782205e-22
0 66 -2.7465001450182595e-02 -2.1549794939377367e-21
0 67 -3.4286236983077895e-02 1.1174175370411046e-21
0 68 -4.2995170265776914e-02 1.5565037061566506e-21
0 69 -5.1037427072551690e-02 1.2130893236065805e-21
0 70 -7.3343083858780148e-02 9.7209022304918334e-21
0 71 -1.6868113007998850e-01 6.4888315827037960e-20
1 0 -3.6445623091443263e-01 -1.2373471812936021e-03
1 1 -9.6703166770166882e-02 -7.3790193750636454e-04
1 2 -4.4854031371552992e-02 -1.4966856203011114e-04
1 3 -3.1456177728318706e-02 3.8446901612538431e-05
1 4 -2.5669645523763267e-02 9.2819490815805242e-05
1 5 -2.1886773415903778e-02 -2.2993256758715934e-05
1 6 -1.9746386341606869e-02 -5.9521556905461028e-06
1 7 -1.9132509687859085e-02 1.0786543542410125e-04
1 8 -1.8873630556990425e-02 1.8036482075640432e-04
1 9 -1.6848642880865874e-02 -2.9249300290915991e-05
1 10 -1.3663388132045781e-02 -6.9676440594302567e-05
1 11 -1.1822225258980785e-02 1.1529993435945145e-05
1 12 -1.0557260035280200e-02 1.1526823797034065e-04
1 13 -8.7350324727536992e-03 2.1701460832463431e-05
1 14 -7.0513280988951897e-03 4.3977832531430367e-05
1 15 -5.5147614242932585e-03 2.7287417839603019e-06
1 16 -4.5008177754426015e-03 -1.8549459251455097e-05
1 17 -3.8581616342207590e-03 5.5080457185788484e-06
1 18 -3.2931599533073501e-03 2.0126715536970028e-05
1 19 -2.8107788874997303e-03 1.9331087843551279e-05
1 20 -2.3320430007460879e-03 1.4880460546222587e-05
1 21 -1.9848142911794036e-03 -1.5133280574298237e-06
1 22 -1.7432755362883502e-03 -1.0520075305986926e-05
1 23 -1.5272416439630141e-03 -9.7155114869275645e-06
1 24 -1.3480871123908494e-03 -1.4131611920818464e-05
1 25 -1.2384870681390080e-03 -1.1324434597301824e-05
1 26 -1.0905683348735710e-03 1.3768246028910688e-07
1 27 -9.2538180961911770e-04 6.5426518847471047e-07
1 28 -7.9494390608960753e-04 4.9087199991085468e-06
1 29 -6.8064485154231929e-04 1.3848145743014016e-06
1 30 -5.8966194572711457e-04 2.2259560608651190e-06
1 31 -5.2162775597997793e-04 3.8286047285981165e-07
1 32 -4.6039792966739654e-04 8.8905832663262023e-07
1 33 -4.1473454766483199e-04 9.2863607739174352e-07
1 34 -4.0645164951988064e-04 -1.4323639202295504e-06
1 35 -4.0186733615422352e-04 -1.4885750818501057e-06
1 36 -3.9601868534950478e-04 -4.3432229949554330e-07
1 37 -4.0768888985441109e-04 1.0113857567389462e-06
1 38 -4.0766543780789647e-04 7.6978252867070235e-07
1 39 -4.0051804383313606e-04 2.8276841202893744e-06
1 40 -4.1229508909587122e-04 3.2375170504603329e-07
1 41 -4.3780441491196278e-04 -1.4712160534465190e-06
1 42 -4.8274653583695840e-04 1.1296608259824786e-06
1 43 -5.5437572825446158e-04 9.9158264263221596e-07
1 44 -6.1210777020209934e-04 1.4718602883573066e-06
1 45 -6.5812362352179077e-04 -3.2658148430942192e-06
1 46 -7.2240589307373581e-04 -2.7252518325491215e-06
1 47 -8.5830487105881985e-04 -1.9372355635705311e-06
1 48 -1.0091204576392792e-03 -6.1269177444394277e-07
1 49 -1.1759282964595458e-03 -1.4230321700683837e-06
1 50 -1.3028285472570760e-03 7.4599908738853053e-06
1 51 -1.3977097800364146e-03 4.6535114970993706e-06
1 52 -1.4939507642413464e-03 2.0428912076376264e-06
1 53 -1.6909388820679310e-03 4.3414517811160039e-06
1 54 -2.0630806200478391e-03 5.0388467704193202e-06
1 55 -2.5787758110050701e-03 1.3602709652021596e-05
1 56 -3.1095399518638722e-03 1.6491818905112172e-06
1 57 -3.8165130706990275e-03 1.4096530912774861e-05
1 58 -4.8513420297014902e-03 3.7773667075734494e-06
1 59 -6.1777406726756696e-03 1.2543223384997720e-05
1 60 -8.1519980078761135e-03 -9.7779772590905114e-06
1 61 -1.0578309255099515e-02 -4.2746847095396297e-06
1 62 -1.2898378993063429e-02 4.7147600692390659e-05
1 63 -1.4666534816704130e-02 5.2473515540887362e-05
1 64 -1.6575428671872165e-02 2.9754802073457385e-05
1 65 -1.8247315946059384e-02 8.9191824651677925e-06
1 66 -2.1013837696322053e-02 -2.6862840503261230e-05
1 67 -2.6188739361950673e-02 1.6436984159284602e-04
1 68 -3.2597446342769371e-02 1.2072221150776413e-04
1 69 -3.8517906151354205e-02 2.0924371469196225e-05
1 70 -5.3656976287496799e-02 -2.0296842848095949e-04
1 71 -1.0355456437557715e-01 -8.2186085244320075e-06
2 0 -1.1802777411479022e-01 4.0030548943909044e-04
2 1 -4.7303956902799163e-02 -8.6758886582776861e-04
2 2 -2.5132235042279471e-02 -3.9676030122401298e-04
2 3 -1.8905687463467928e-02 -3.4927024503583888e-05
2 4 -1.5736920002133566e-02 9.9069954875869316e-05
2 5 -1.3726196084919328e-02 -6.6772277938921055e-05
2 6 -1.2319498796724893e-02 -1.6085583272312535e-05
2 7 -1.1826447525573915e-02 1.2668507253594714e-04
2 8 -1.1756838769201887e-02 2.4656246851732154e-04
2 9 -1.0432289958283001e-02 1.5434436149552426e-05
2 10 -8.5287058927825763e-03 -8.5670484429729862e-05
2 11 -7.3304107657812742e-03 2.8541509904527845e-05
2 12 -6.5553598222274521e-03 1.4231242772908261e-04
2 13 -5.3482707368442371e-03 3.2225796722239320e-05
2 14 -4.3379766095899752e-03 5.3127880477973776e-05
2 15 -3.4090304846147203e-03 7.9031610118576574e-06
2 16 -2.8040173905075302e-03 -2.1406810169677573e-05
2 17 -2.3843846772376104e-03 1.1779010711806801e-05
2 18 -2.0202611267794326e-03 3.1151402752601269e-05
2 19 -1.7451888726877063e-03 2.6480978693978233e-05
2 20 -1.4337162575279599e-03 1.8853259327529540e-05
2 21 -1.2244575276783313e-03 -2.5101941333921033e-06
2 22 -1.0768851165155404e-03 -1.1987481680931736e-05
2 23 -9.4119596092159493e-04 -1.4151935216381327e-05
2 24 -8.3632148818412497e-04 -1.9987774674271160e-05
2 25 -7.6801022967966088e-04 -1.4320085210485649e-05
2 26 -6.7998950522324972e-04 2.4040070355533391e-06
2 27 -5.7189137883428148e-04 2.7886404858273162e-06
2 28 -4.9312737499130721e-04 7.2018383349509552e-06
2 29 -4.2350657114549855e-04 1.3277261833778493e-06
2 30 -3.6707673947619732e-04 2.6002337629220644e-06
2 31 -3.2309634634593201e-04 4.1711783781716096e-08
2 32 -2.8585198495577200e-04 3.4154540745425615e-07
2 33 -2.5728803705262496e-04 9.9504382666152527e-07
2 34 -2.5332189852143221e-04 -1.4412876163209074e-06
2 35 -2.5172893015372070e-04 -1.3794882166383843e-06
2 36 -2.4574587037435366e-04 -3.5984345339314796e-07
2 37 -2.5206097844986857e-04 1.0075685463488746e-06
2 38 -2.5266160453237023e-04 5.9105488890247166e-07
2 39 -2.4691903526080823e-04 3.9513978228244035e-06
2 40 -2.5604570452829626e-04 9.7847003926085405e-07
2 41 -2.7200619680792156e-04 -1.4095777010725864e-06
2 42 -2.9854583820550234e-04 2.0928709461883384e-06
2 43 -3.4589636699511409e-04 1.1995953851022358e-06
2 44 -3.7577918743202495e-04 1.1500234169232047e-06
2 45 -4.0643023028857987e-04 -5.8712996172806201e-06
2 46 -4.5165281901085331e-04 -4.3307269127427616e-06
2 47 -5.3597347470145482e-04 -2.0217644960248310e-06
2 48 -6.3203567949940041e-04 -3.6806337725642990e-07
2 49 -7.4016761979346819e-04 -3.5750645354248146e-06
2 50 -8.1133377330827692e-04 1.1423774714822534e-05
2 51 -8.7707741586185340e-04 5.3268994760799404e-06
2 52 -9.2938133635277827e-04 1.7140033759713868e-06
2 53 -1.0509713686807027e-03 3.7829861916990889e-06
2 54 -1.2762335114784576e-03 1.2422446231241005e-05
2 55 -1.5992747556510111e-03 1.9845541258284476e-05
2 56 -1.9247043509530114e-03 -8.2605909385997060e-07
2 57 -2.3474757429927137e-03 2.3549682125571056e-05
2 58 -2.9807032573201954e-03 1.1782646509673448e-05
2 59 -3.7958594249043525e-03 2.3351422031932256e-05
2 60 -4.9643288056547196e-03 9.4838478033910629e-06
2 61 -6.4129717195710034e-03 -2.8186589355262259e-05
2 62 -7.9297439087474310e-03 5.6465286188287277e-05
2 63 -9.1069799660908213e-03 5.3161406682297608e-05
2 64 -1.0365241127425193e-02 1.0870062361573885e-05
2 65 -1.1461910310435188e-02 1.8915060800081283e-05
2 66 -1.3057315827151781e-02 -5.0646847865068159e-06
2 67 -1.6395419827745471e-02 1.8828128915037695e-04
2 68 -2.0056388711006980e-02 1.4057897254815069e-04
2 69 -2.3454897783200885e-02 -9.2898134103348777e-05
2 70 -3.1375708165429075e-02 -3.7578733708292194e-04
2 71 -5.1709183478469443e-02 2.3256199701998496e-04
3 0 -3.9258057229371833e-02 9.4750960717950028e-04
3 1 -2.2415831963905213e-02 -5.7739193095128407e-04
3 2 -1.2907568440504120e-02 -4.5940096674402863e-04
3 3 -1.0482445149098407e-02 9.6245666657849724e-06
3 4 -8.9331743784375577e-03 8.4896313907629228e-05
3 5 -8.0020786813392499e-03 -1.0424400035091683e-04
3 6 -7.0799382921404993e-03 -3.3947893698311392e-05
3 7 -6.7783793537963943e-03 7.4425262501481374e-05
3 8 -6.7957406662333330e-03 1.9853572477817003e-04
3 9 -5.9279896656039225e-03 5.4619209289209281e-05
3 10 -4.9364019903194809e-03 -9.1009797603456083e-05
3 11 -4.1797400587262864e-03 4.5278914443299703e-05
3 12 -3.7397213509468195e-03 1.2928992735486560e-04
3 13 -2.9891536596321337e-03 2.3060056410351097e-05
3 14 -2.4515445200414361e-03 5.6025969025124722e-05
3 15 -1.9435664702567457e-03 1.0983304066514903e-05
3 16 -1.6193847897049399e-03 -1.2284472373488195e-05
3 17 -1.3511513170762542e-03 1.7551747817961942e-05
3 18 -1.1350963072635045e-03 2.8804853903943967e-05
3 19 -9.9787445466426061e-04 2.5501567909076348e-05
3 20 -8.1068205090655996e-04 1.7095760986939667e-05
3 21 -6.9997577107297124e-04 -2.9091874357732850e-06
3 22 -6.1470143308984659e-04 -7.8129053370240028e-06
3 23 -5.3421817955994584e-04 -1.5064628468572966e-05
3 24 -4.8122562140252579e-04 -2.4168469472934012e-05
3 25 -4.3988380462530499e-04 -1.4289278920412742e-05
3 26 -3.9236947475004255e-04 5.7511602131233226e-06
3 27 -3.2471993404988145e-04 4.2872180560022375e-06
3 28 -2.8030174144439725e-04 6.7108372782003420e-06
3 29 -2.4431014347857545e-04 5.7439036776880083e-07
3 30 -2.1179845195881190e-04 2.6341401303703745e-06
3 31 -1.8653850840963656e-04 -6.1334745684900495e-07
3 32 -1.6430801702212741e-04 -3.7848962800200733e-07
3 33 -1.4803357896870826e-04 1.0693413455843579e-06
3 34 -1.4618983349023055e-04 -1.2669961668444605e-06
3 35 -1.4698400432711979e-04 -9.5343973105170953e-07
3 36 -1.4167813107947991e-04 -2.9476274405536004e-07
3 37 -1.4443183810687040e-04 4.5437080259173770e-07
3 38 -1.4530040189420187e-04 4.2249958253023574e-07
3 39 -1.4048230955043605e-04 3.2163314822936126e-06
3 40 -1.4664829823514240e-04 1.6014102255110952e-06
3 41 -1.5577379458853527e-04 2.6207498825780782e-07
3 42 -1.6955351877278045e-04 2.6858967145624753e-06
3 43 -2.0047765113179414e-04 2.1198887322253366e-06
3 44 -2.1191765868567452e-04 9.3232512500024239e-07
3 45 -2.3188439507108486e-04 -7.8738997902026776e-06
3 46 -2.6379109476051154e-04 -4.8950521232146941e-06
3 47 -3.1117313795224493e-04 -7.1222251568983345e-07
3 48 -3.6806228766166494e-04 -1.2256031255387976e-06
3 49 -4.3139851831245116e-04 -5.0275787151897023e-06
3 50 -4.6900921735895944e-04 1.2579541861124695e-05
3 51 -5.1160258605184258e-04 6.0373684976227568e-06
3 52 -5.3526824768913882e-04 2.9060167364258297e-06
3 53 -6.0326604589257748e-04 2.0938793181406521e-06
3 54 -7.2924943069949935e-04 1.9844489958014703e-05
3 55 -9.2102909938997636e-04 2.1175086088300330e-05
3 56 -1.0974601872110177e-03 -4.1591696481924238e-06
3 57 -1.3292797057625533e-03 2.8633166815543402e-05
3 58 -1.6984522618104492e-03 1.5250886065994761e-05
3 59 -2.1404675589118435e-03 3.4387242773481969e-05
3 60 -2.7612199412641405e-03 3.0877024961973673e-05
3 61 -3.5527047190816452e-03 -3.7317476949351137e-05
3 62 -4.4932924357620509e-03 6.4174882530380832e-05
3 63 -5.2208913631249815e-03 2.9721793094020682e-05
3 64 -5.9941700188841703e-03 -7.1008756646049152e-06
3 65 -6.6641047151592744e-03 5.2354723639199632e-06
3 66 -7.4643779848482901e-03 2.9560204044008562e-05
3 67 -9.4912831628137639e-03 2.1907657425231301e-04
3 68 -1.1428200538238256e-02 2.1317886521782334e-04
3 69 -1.3254447372329704e-02 -1.8404779458474011e-04
3 70 -1.6967809059065697e-02 -4.8558850290772427e-04
3 71 -2.4345786288072380e-02 5.5707986615619357e-04
4 0 -1.4420473705599712e-02 6.5581708940365641e-04
4 1 -1.0917799619141293e-02 -1.1007967447446386e-04
4 2 -6.5310647160363401e-03 -2.4438449454674730e-04
4 3 -5.5752628570568162e-03 -8.5974452949967742e-06
4 4 -4.9624364739490438e-03 8.9809229339556928e-05
4 5 -4.4827268668302233e-03 -1.2554131819732375e-04
4 6 -3.9259839077914888e-03 -3.2032143376173612e-05
4 7 -3.7562794863397727e-03 -1.5203503394592654e-05
4 8 -3.7646939343738404e-03 1.4391055130455742e-04
4 9 -3.1870447658825401e-03 2.8953091508258228e-05
4 10 -2.7554786689248699e-03 -7.1576711170126580e-05
4 11 -2.2721393940325716e-03 3.9147639936263719e-05
4 12 -2.0249674428056631e-03 1.0610406438826452e-04
4 13 -1.5739951530973559e-03 1.3894695634065583e-06
4 14 -1.3067450413103017e-03 3.9742326875915970e-05
4 15 -1.0606296048647171e-03 1.1843134494503360e-05
4 16 -9.0000303489308237e-04 -1.3604461543515897e-06
4 17 -7.2775047955540330e-04 2.0413426485127114e-05
4 18 -6.1190818261686150e-04 1.9961984505124357e-05
4 19 -5.4011356406651946e-04 1.7834856064210055e-05
4 20 -4.3789871911582178e-04 1.3552550927706596e-05
4 21 -3.8750747269794403e-04 -3.9254843573196769e-06
4 22 -3.3882662329963323e-04 -3.1919393216148126e-06
4 23 -2.8848079419626250e-04 -1.0813544576210118e-05
4 24 -2.6322135123525481e-04 -2.4041452883518582e-05
4 25 -2.4200869104239851e-04 -1.3250771223263181e-05
4 26 -2.1736053626317131e-04 8.7809505431655417e-06
4 27 -1.7629788912194559e-04 2.9639095648135346e-06
4 28 -1.4950129424804950e-04 5.2078318406226732e-06
4 29 -1.3490156386614165e-04 2.1682145945021506e-07
4 30 -1.1707223946981551e-04 2.5376694220275795e-06
4 31 -1.0457011304233784e-04 -1.2226095330844048e-06
4 32 -9.0270293807337117e-05 -1.0894400553372898e-07
4 33 -8.1652378381171973e-05 7.7643305844046671e-07
4 34 -8.0474825594351580e-05 -7.2764939354196752e-07
4 35 -8.1929804381017057e-05 -1.0221613369465856e-06
4 36 -7.8418237201258439e-05 -2.3493322893567109e-07
4 37 -7.9650787306556278e-05 -2.4230612943017547e-07
4 38 -8.0424052921665261e-05 9.9869714485603678e-07
4 39 -7.6788663444113419e-05 1.7721006740808483e-06
4 40 -8.0240093178373577e-05 2.3111109923892382e-06
4 41 -8.5180160311437161e-05 1.7598377856207289e-06
4 42 -9.2363040508032553e-05 3.0665798498178976e-06
4 43 -1.1193053654466472e-04 2.7271227448001023e-06
4 44 -1.1343455818309764e-04 1.2243289826308485e-06
4 45 -1.2615180532766918e-04 -8.8765185177902459e-06
4 46 -1.4989745803392792e-04 -3.9928484922626076e-06
4 47 -1.7361243417275988e-04 1.4455883967526622e-07
4 48 -2.0594465985868118e-04 -2.6700763832653069e-06
4 49 -2.4111995407097376e-04 -4.9619863371144121e-06
4 50 -2.5921551636491510e-04 1.0335565672885183e-05
4 51 -2.8958253998587370e-04 6.4308554606173840e-06
4 52 -2.9617140067571306e-04 4.5624923830336687e-06
4 53 -3.3171106199340953e-04 1.5336053614387735e-06
4 54 -4.0313562744281553e-04 2.3083968475614279e-05
4 55 -5.1130314808053780e-04 1.7828708786899798e-05
4 56 -5.9993273160202979e-04 -4.8089859769981682e-06
4 57 -7.1907169035425223e-04 2.2818169875018577e-05
4 58 -9.2930827859843035e-04 1.2947540969362527e-05
4 59 -1.1539470283379934e-03 3.3341928792299545e-05
4 60 -1.4557386849472279e-03 4.2607069792593932e-05
4 61 -1.8908067834857681e-03 -4.2693965692735853e-05
4 62 -2.4423162564393840e-03 7.8235116574318462e-05
4 63 -2.8584601049105617e-03 -2.1359164476881510e-05
4 64 -3.3308510505107927e-03 -2.7137813347406676e-05
4 65 -3.7444638749176812e-03 3.5048589874373503e-06
4 66 -4.0435735412888314e-03 3.0244139300952501e-05
4 67 -5.2125496063342809e-03 2.0443280865363664e-04
4 68 -6.2445438793399585e-03 1.7726317216934683e-04
4 69 -7.1277819961216423e-03 -2.5302455030360517e-04
4 70 -8.8125586690586521e-03 -3.7437491409132186e-04
4 71 -1.0733409004562168e-02 4.0129369184531004e-04
5 0 -5.3066792474174302e-03 3.1150213634966166e-04
5 1 -5.0788296767964557e-03 -9.8056131412971499e-05
5 2 -3.2016937874364514e-03 -1.4740529396512243e-04
5 3 -2.8463833417340825e-03 -5.2120096316071162e-05
5 4 -2.7768732462895578e-03 7.8456675605208004e-05
5 5 -2.4488728062984663e-03 -1.2677465070974085e-04
5 6 -2.1877311264085026e-03 -5.4606998489773392e-05
5 7 -2.0169824927207627e-03 -8.1009453653465037e-05
5 8 -2.0372044024047058e-03 1.2468487622800624e-04
5 9 -1.6587352233265607e-03 -4.4359082422437932e-06
5 10 -1.5236995549818924e-03 -4.7186892354488600e-05
5 11 -1.1911847508672309e-03 3.6573233396985966e-05
5 12 -1.0395311910299039e-03 6.5997520504071998e-05
5 13 -8.0013307477116438e-04 -1.7081802080866962e-05
5 14 -6.6903492968201539e-04 1.3810341459222210e-05
5 15 -5.5959919704149329e-04 1.9347318920702939e-05
5 16 -4.8241626551376435e-04 6.1216905072518887e-06
5 17 -3.7512456476734477e-04 2.0716448882765844e-05
5 18 -3.2453735934432482e-04 1.5499294427592274e-05
5 19 -2.7827686783520923e-04 1.1956771142152071e-05
5 20 -2.2906207115320048e-04 8.5824646408015643e-06
5 21 -2.0858709308635998e-04 -3.8253023294751557e-06
5 22 -1.8531920087058249e-04 5.8922733742741141e-07
5 23 -1.4984346595200873e-04 -6.7476835495275170e-06
5 24 -1.3752494636161939e-04 -1.9539524340010477e-05
5 25 -1.3115188787507151e-04 -1.1570283209951395e-05
5 26 -1.1726685861014797e-04 1.0289977675536209e-05
5 27 -9.2575214560523510e-05 -2.3020030657535990e-07
5 28 -7.5651335123372965e-05 2.9140137595788052e-06
5 29 -7.1670749967801575e-05 -3.8691921864759586e-07
5 30 -6.2944245002470364e-05 2.2822110120150358e-06
5 31 -5.7778801282961845e-05 -1.0943166373226824e-06
5 32 -4.7844996057658626e-05 4.3506811122440599e-07
5 33 -4.3472936304335516e-05 4.4194258504636362e-07
5 34 -4.2811500817826962e-05 -3.2201722522958152e-08
5 35 -4.3750972538241623e-05 -1.2894442972941008e-06
5 36 -4.2179984388331175e-05 -6.0769473588291674e-07
5 37 -4.2909873052839745e-05 -7.8557538093747234e-07
5 38 -4.3955561106302733e-05 1.3513872470649002e-06
5 39 -4.1115860208763482e-05 4.1299449967603447e-08
5 40 -4.3205244515630430e-05 3.2104927022403553e-06
5 41 -4.4610052416239204e-05 2.3455421183046506e-06
5 42 -4.9857340143373910e-05 3.2367494696263902e-06
5 43 -6.0260763371722370e-05 3.0283822221071278e-06
5 44 -5.8429855300915249e-05 1.2159099651726345e-06
5 45 -6.6998160978677218e-05 -8.1977496199249676e-06
5 46 -8.3189357988709646e-05 -2.9426887626197769e-06
5 47 -9.4111074552584152e-05 2.8752973408697368e-08
5 48 -1.1278414303941337e-04 -2.8838814153951168e-06
5 49 -1.3095851785249469e-04 -1.8606345186911750e-06
5 50 -1.3856794641523980e-04 6.8151380043296826e-06
5 51 -1.6220656948465805e-04 6.7289548629242004e-06
5 52 -1.5985409819267420e-04 7.1678454056780411e-06
5 53 -1.7926886486924892e-04 1.1132917619308698e-06
5 54 -2.1739683273277042e-04 2.1528312999137972e-05
5 55 -2.7487084869624152e-04 1.2762821852398239e-05
5 56 -3.1785529135002096e-04 -2.8568416584100466e-06
5 57 -3.8164410622571219e-04 1.3603283706774062e-05
5 58 -4.8611749878884648e-04 7.3462435790078476e-06
5 59 -6.1218936741581128e-04 2.9438288975633646e-05
5 60 -7.3136392990504214e-04 3.8911058482567836e-05
5 61 -9.8281401831601281e-04 -2.9156798925872463e-05
5 62 -1.3023607919997156e-03 9.1008961000122233e-05
5 63 -1.5124031605665026e-03 -5.3405921926446657e-05
5 64 -1.8006037862916065e-03 -3.1011476837757774e-05
5 65 -2.0482216195054363e-03 4.1342830503859611e-05
5 66 -2.1169881721517943e-03 -1.7262558529843098e-05
5 67 -2.7204495196189011e-03 1.9073483406394581e-04
5 68 -3.4032576217537009e-03 2.2637086055367055e-04
5 69 -3.6461448885707144e-03 -2.4164666744269815e-04
5 70 -4.5454757323263898e-03 -3.2724697865516483e-04
5 71 -4.7001353171923811e-03 1.5371668172812936e-04
6 0 -2.1803330113570360e-03 9.7945607799280616e-05
6 1 -2.2921561124911662e-03 -1.9700050610601524e-04
6 2 -1.4949003930987926e-03 -1.8497550626996636e-04
6 3 -1.4308471681541213e-03 -9.3689674106250221e-05
6 4 -1.5380964332055911e-03 4.5967214536451289e-05
6 5 -1.3436656862427857e-03 -1.1225344615594017e-04
6 6 -1.2160726384710986e-03 -5.2070334178547018e-05
6 7 -1.0751189248227424e-03 -1.2094582058647433e-04
6 8 -1.1064112596561079e-03 1.0385279002316617e-04
6 9 -8.5700982746194179e-04 -1.0389541018343034e-05
6 10 -8.4672719375966285e-04 -2.6831874485846727e-05
6 11 -6.1914369253922893e-04 4.4179264630619167e-05
6 12 -5.1002673998325437e-04 3.0629150920024309e-05
6 13 -3.8823916143723773e-04 -1.9501095351011831e-05
6 14 -3.3617529216256636e-04 -3.4283217659753012e-06
6 15 -2.8893885252438331e-04 2.5027520727069990e-05
6 16 -2.4747811306504683e-04 1.2439051247680494e-05
6 17 -1.8645036450596421e-04 1.7012893923564968e-05
6 18 -1.7079953439309422e-04 1.4183267936845836e-05
6 19 -1.3639998472553193e-04 9.7940135381447413e-06
6 20 -1.1914790207851542e-04 6.1060737435232013e-06
6 21 -1.0627477046764284e-04 -4.3715232060647736e-06
6 22 -1.0520235997223350e-04 2.3057322144409488e-06
6 23 -7.5869789116624599e-05 -6.4639545908766919e-06
6 24 -6.8883342545230256e-05 -1.2587515150635684e-05
6 25 -7.0576520403805088e-05 -8.6510271246877708e-06
6 26 -6.1779821029897463e-05 9.8412958687674719e-06
6 27 -4.5926070376566357e-05 -3.1046485573902452e-06
6 28 -3.6355785299138414e-05 1.0340510048183839e-06
6 29 -3.6423176881741750e-05 2.6120317455002819e-08
6 30 -3.2741141070406533e-05 2.1596904171201827e-06
6 31 -3.2350267953243883e-05 1.9390546721315244e-07
6 32 -2.4447562093113199e-05 1.3114141172475021e-06
6 33 -2.2445080715669181e-05 2.7160015395606874e-07
6 34 -2.1709993839671141e-05 9.7166719678073246e-07
6 35 -2.2466007593394654e-05 -1.0579334628483767e-06
6 36 -2.1759852487002535e-05 -1.1499372813211231e-06
6 37 -2.1958302383609307e-05 -6.3949725643652878e-07
6 38 -2.4203624832217957e-05 1.7159375793441802e-06
6 39 -2.2268690149308160e-05 -1.0864609562760300e-06
6 40 -2.3263068353020469e-05 4.1734519277046134e-06
6 41 -2.2470784905084203e-05 2.5916480212282063e-06
6 42 -2.6832305372561202e-05 3.2137891232097098e-06
6 43 -3.0920442712666367e-05 3.1673983124012079e-06
6 44 -2.9914890613320477e-05 1.1176561738046566e-06
6 45 -3.5428626891081933e-05 -6.7835660508379528e-06
6 46 -4.5331576346602046e-05 -2.8008305348837628e-06
6 47 -4.9507053169918113e-05 1.5248215651529354e-07
6 48 -6.0178016865540850e-05 -2.2262363534752977e-06
6 49 -6.9150042444712391e-05 4.1967710017269728e-07
6 50 -7.0274449530329964e-05 5.2102745634030014e-06
6 51 -9.0557388985656884e-05 7.5259789693092677e-06
6 52 -8.4444242562364488e-05 9.2602002432317245e-06
6 53 -9.8289917561256108e-05 -7.3626073459975250e-07
6 54 -1.1383543933823182e-04 1.8907049937510877e-05
6 55 -1.4405187027754959e-04 9.0887122248527032e-06
6 56 -1.6497069002395279e-04 -1.9841183070923737e-08
6 57 -2.0041919300892126e-04 3.7904692297113176e-06
6 58 -2.3801903446063656e-04 7.2976644657598275e-07
6 59 -3.2868021277296069e-04 1.7588179034908248e-05
6 60 -3.4895728088328679e-04 3.0177619143404558e-05
6 61 -4.9629589099471389e-04 -2.1362868141984393e-05
6 62 -6.8691430774799631e-04 8.6160232739472160e-05
6 63 -7.6531515821979005e-04 -6.0409547069819821e-05
6 64 -9.4052525430691710e-04 -3.9153666731669849e-05
6 65 -1.0617912496220100e-03 6.8218739045882953e-05
6 66 -1.1253098197854703e-03 -4.0080363137362176e-05
6 67 -1.3236031775966878e-03 1.5678588452922761e-04
6 68 -1.7958340922142998e-03 2.2920702048531401e-04
6 69 -1.7652202090777599e-03 -2.5160899688448198e-04
6 70 -2.3386575152072606e-03 -3.7996130330659404e-04
6 71 -2.0235065849945298e-03 2.1688388731956939e-05
7 0 -9.2438334288315576e-04 6.5308482765972576e-05
7 1 -9.2285036638612903e-04 -1.9894083259559695e-04
7 2 -6.5615725390203643e-04 -1.7471895889837425e-04
7 3 -7.5473735167181776e-04 -1.1375974717080718e-04
7 4 -8.2672303723727329e-04 1.2656024662985764e-05
7 5 -7.6403271560804829e-04 -6.8479993902328460e-05
7 6 -6.9865969684817814e-04 -3.6724106821430420e-05
7 7 -5.6221426170374126e-04 -1.2449050537195733e-04
7 8 -6.1146952340910448e-04 5.4531377671856486e-05
7 9 -4.4261051790563534e-04 2.0092063529621244e-05
7 10 -4.6593422151027918e-04 -6.7585502155591259e-06
7 11 -3.3049921774062359e-04 5.0949905133285972e-05
7 12 -2.4334322018864049e-04 5.9565801465416518e-06
7 13 -1.8941210974452387e-04 -1.7980650893385072e-05
7 14 -1.8151126851282976e-04 -4.7828320822568969e-06
7 15 -1.5224008015044538e-04 2.8788849010330063e-05
7 16 -1.1563771051748464e-04 1.3493966138571778e-05
7 17 -8.9805018740496322e-05 8.9488706090063701e-06
7 18 -8.7463193133955822e-05 1.3631889743042137e-05
7 19 -6.6873732889080771e-05 6.7268197195570442e-06
7 20 -6.4521746721915544e-05 3.7158598075488514e-06
7 21 -4.9498609889543822e-05 -6.8337375339623624e-06
7 22 -6.3147747240236969e-05 3.9843832556977352e-06
7 23 -3.8494616171432143e-05 -6.1525683406896950e-06
7 24 -3.4635387963793283e-05 -7.7697465304036920e-06
7 25 -3.9626019418566483e-05 -5.3096829998299830e-06
7 26 -3.0980047585036292e-05 7.2427382195535047e-06
7 27 -2.0837857018433820e-05 -4.7505764187096396e-06
7 28 -1.6409087606139836e-05 -2.7506283637513821e-08
7 29 -1.7998773077888963e-05 -3.6278503167780461e-07
7 30 -1.5761846110745863e-05 1.8354269583162044e-06
7 31 -1.8875922704976991e-05 7.6644080289093982e-07
7 32 -1.1506346418640785e-05 1.9102707023645630e-06
7 33 -1.0781339298873058e-05 5.5324478560675281e-08
7 34 -1.0496827797399603e-05 1.1999792228623610e-06
7 35 -1.1352686711688689e-05 -8.1555047908442876e-07
7 36 -1.0682859499371993e-05 -1.6585584504684733e-06
7 37 -1.0537772897174078e-05 3.5977819436048926e-08
7 38 -1.3687515178480433e-05 1.7668349965583026e-06
7 39 -1.2352445035487570e-05 -1.1285638595721942e-06
7 40 -1.2200358394086622e-05 4.6841582193517348e-06
7 41 -1.0952143630864771e-05 2.2486971281672957e-06
7 42 -1.4631425895052785e-05 2.9919813908888323e-06
7 43 -1.4713273579742242e-05 3.2256398825571288e-06
7 44 -1.4987944313328923e-05 1.7303758772160589e-06
7 45 -1.8851500614139155e-05 -5.2104674251676789e-06
7 46 -2.3495384450106080e-05 -2.2356621855565036e-06
7 47 -2.4681919894535091e-05 9.7642284601635002e-07
7 48 -3.1819797813507019e-05 -1.3933873860068244e-06
7 49 -3.5696961311195867e-05 1.8823222466640109e-06
7 50 -3.2949216761444296e-05 3.1435524133275476e-06
7 51 -5.1341886482080385e-05 8.4360109774873824e-06
7 52 -4.3647564924315576e-05 8.9661239639151219e-06
7 53 -5.5251778762361845e-05 -1.7913440008062062e-06
7 54 -5.6003861268443709e-05 1.5333683713754087e-05
7 55 -7.6123884131184039e-05 7.2363412110118679e-06
7 56 -8.5895431359919765e-05 1.7260728506559559e-06
7 57 -1.0191404918643674e-04 -4.5655132513418091e-07
7 58 -1.0327264741183975e-04 -9.1872401507177360e-06
7 59 -1.8215177157994501e-04 6.2469008540871091e-06
7 60 -1.6113797372874832e-04 2.1792869888675152e-05
7 61 -2.4400599609734344e-04 -1.8314639749531821e-05
7 62 -3.6661371922250144e-04 5.2248004812726584e-05
7 63 -3.5269188143553906e-04 -5.2349115043146860e-05
7 64 -4.8003671272816152e-04 -3.6312288066348221e-05
7 65 -5.2065332722344543e-04 9.9860209716129509e-05
7 66 -6.3018986433935483e-04 -5.6192470786340725e-05
7 67 -5.8677509208624585e-04 9.9087801379692378e-05
7 68 -8.5526566273658731e-04 2.1566606380655636e-04
7 69 -8.2318034357280168e-04 -2.2491739137650322e-04
7 70 -1.1476773764829804e-03 -3.0765652872838053e-04
7 71 -7.8663061363652025e-04 -6.8913774666531629e-05
8 0 -5.5627991040677668e-04 -4.6163535913794378e-05
8 1 -2.9074263645540685e-04 -2.4390543881110821e-05
8 2 -2.3796991895458063e-04 -1.5197505339052401e-04
8 3 -4.3233045463067331e-04 -8.0272531505087019e-05
8 4 -4.0903476924646049e-04 -7.6826407958944319e-06
8 5 -4.6839467574886389e-04 -2.8543013535307967e-05
8 6 -3.8463866338050978e-04 -1.0328122244183316e-05
8 7 -2.7901953745397242e-04 -1.3140419103087960e-04
8 8 -3.6267299487002287e-04 6.2302222267266620e-06
8 9 -2.2361791514475485e-04 3.3652467942656455e-05
8 10 -2.4698153498041290e-04 -2.9486824814220152e-06
8 11 -1.8205948046289512e-04 4.8760333874874668e-05
8 12 -1.0855347327466428e-04 6.1579249033976383e-07
8 13 -9.4263861916088119e-05 -8.8168515918959877e-06
8 14 -1.1714643247291937e-04 -9.1115957897127986e-06
8 15 -8.7488989612620867e-05 2.4781397222265736e-05
8 16 -4.3367151622561220e-05 1.1096219140751056e-05
8 17 -4.0826335161619946e-05 1.8116783299327692e-06
8 18 -4.2162448441348353e-05 1.3040911100452103e-05
8 19 -3.4391833120927826e-05 1.3762220268874721e-06
8 20 -3.6714290323399579e-05 2.0921153164898708e-06
8 21 -2.3552287541168279e-05 -8.8263487047150713e-06
8 22 -3.9356905386841183e-05 6.2634045700120129e-06
8 23 -1.7436229135022544e-05 -5.9951753196227993e-06
8 24 -1.7849164838446229e-05 -4.3660387398709517e-06
8 25 -2.3594695642147986e-05 -1.6707258623743828e-06
8 26 -1.5710339804333465e-05 5.4338791388408717e-06
8 27 -7.5858112499301158e-06 -4.3619354061964960e-06
8 28 -6.9250626272048651e-06 -7.6343955953650527e-07
8 29 -9.0118294900657246e-06 -9.4006909221589643e-07
8 30 -6.6428488290773648e-06 7.6386182064690447e-07
8 31 -1.1149321886992624e-05 -1.3372165433121589e-08
8 32 -4.2790998713008935e-06 2.2324169284911991e-06
8 33 -4.7010438203944172e-06 -3.2342490541304998e-08
8 34 -4.9687321934125920e-06 8.8346565065268093e-07
8 35 -5.6955824934905982e-06 -5.2513218220704759e-07
8 36 -4.9332216672454714e-06 -1.8706303063266724e-06
8 37 -4.6928506590494678e-06 1.7040329360445203e-07
8 38 -7.8874146919938374e-06 2.5111748327529991e-06
8 39 -6.5628544857441848e-06 -2.0425323225583843e-07
8 40 -6.2578709232101746e-06 4.4971167117354074e-06
8 41 -4.9221026205906027e-06 1.4384206734485179e-06
8 42 -7.7079344740862219e-06 2.4315871645071734e-06
8 43 -5.8858201989823543e-06 2.7499480005371864e-06
8 44 -7.3434526391949767e-06 2.3554180912846420e-06
8 45 -1.0350035356476745e-05 -3.4882141438022195e-06
8 46 -1.0566106200255950e-05 -8.4520866741239998e-07
8 47 -1.1540054399389918e-05 2.0419619551884168e-06
8 48 -1.8752708346263789e-05 8.1295339875479776e-07
8 49 -1.9658471914252204e-05 2.1772770450675191e-06
8 50 -1.5720477556914862e-05 2.1883752733539000e-07
8 51 -3.1404148127997288e-05 8.2725877988094969e-06
8 52 -2.1045358146342589e-05 7.8260016703474635e-06
8 53 -3.0234450646518219e-05 -4.2916958253880100e-06
8 54 -2.5076223703689065e-05 1.2220672278597996e-05
8 55 -4.2423960928650064e-05 6.3351849780536649e-06
8 56 -4.4168333258189736e-05 2.0082134225249261e-06
8 57 -4.9424333921433107e-05 1.4874269109833683e-06
8 58 -3.5375817523601623e-05 -2.0351602838238660e-05
8 59 -1.0486961584393574e-04 3.6678020722066486e-07
8 60 -8.0236821197076210e-05 1.8596573655301297e-05
8 61 -1.2139636940473483e-04 -2.3462654276828991e-05
8 62 -1.9627343340144739e-04 1.0747425927491031e-05
8 63 -1.3521034596474031e-04 -2.8044718521760913e-05
8 64 -2.5504160861705179e-04 -3.0152223307317650e-05
8 65 -2.3262926949977955e-04 1.1614629445178681e-04
8 66 -3.8720291842712619e-04 -7.9803307548587273e-05
8 67 -2.0067196166050701e-04 2.7099047665711943e-05
8 68 -3.7094600360963026e-04 1.8058011555244891e-04
8 69 -3.7131945580839672e-04 -1.3677225704111258e-04
8 70 -5.4655198346944753e-04 -1.7937565245490779e-04
8 71 -2.6018976570230963e-04 -7.5372698041846692e-05
9 0 -2.0876632255383115e-04 -5.8986245714084503e-05
9 1 -1.9953621584674974e-05 4.7972612005551828e-05
9 2 -7.4185829436853288e-05 -9.9787328919865464e-05
9 3 -2.2549525865073818e-04 -3.0515512357598427e-05
9 4 -1.7373461273885218e-04 -2.6168529956700906e-05
9 5 -3.0596850224308858e-04 -3.0419884110292132e-05
9 6 -2.0404895766994101e-04 3.7837007720068454e-06
9 7 -1.2470366912754535e-04 -1.4589391587647708e-04
9 8 -2.1841790108470072e-04 -2.9868854883065202e-05
9 9 -1.2049392262612546e-04 2.7627857374463419e-05
9 10 -1.3083482799721929e-04 -1.4795255706948023e-05
9 11 -8.2293929273393336e-05 5.0322856699083354e-05
9 12 -4.5825906807298287e-05 1.0247219872555188e-05
9 13 -4.3067112718827232e-05 7.7131382460128808e-06
9 14 -8.5990922897372329e-05 -2.0852388671545452e-05
9 15 -5.1424211112748364e-05 1.8396546733257146e-05
9 16 -1.0732360364275900e-05 3.4462792930212725e-06
9 17 -1.8206251154601309e-05 1.3512686626263384e-06
9 18 -1.4538763173506269e-05 6.3473446044373509e-06
9 19 -1.9778578947545191e-05 -2.0514252003160969e-06
9 20 -2.2272002753352623e-05 3.2945113710959250e-06
9 21 -1.3954406395514157e-05 -8.3382273419849088e-06
9 22 -2.4412709912067258e-05 8.8245245835861636e-06
9 23 -2.9616476983476094e-06 -6.7372483122027886e-06
9 24 -1.0714638986442007e-05 -1.9573589129100803e-06
9 25 -1.4502651999814203e-05 9.0421151352781027e-07
9 26 -7.8115242994440653e-06 4.4694379520397974e-06
9 27 -7.8390871565641356e-07 -2.7832991132004154e-06
9 28 -1.6737666618858980e-06 -2.0720784702275550e-06
9 29 -4.3380710092966667e-06 -1.0976918306987953e-06
9 30 -1.9585837220568226e-06 -6.1318704397812963e-07
9 31 -6.6195708530964272e-06 -1.3415264913480541e-06
9 32 1.0878745851745507e-07 1.7380196930317003e-06
9 33 -2.2464627616888524e-06 3.4171688060350645e-07
9 34 -2.6492481461169070e-06 9.2199601046921766e-07
9 35 -2.8623189831638920e-06 -1.2488098435454040e-07
9 36 -1.9792929875729355e-06 -2.3792521840755181e-06
9 37 -2.1418176341380717e-06 2.7949099824155303e-07
9 38 -4.3923794913274620e-06 2.9247563461143407e-06
9 39 -3.5614970411480401e-06 4.9907480458617432e-07
9 40 -3.2608791853297649e-06 3.9110538984855260e-06
9 41 -2.3110056539715193e-06 3.2440970233597711e-07
9 42 -3.7522261969602639e-06 1.9237984581666908e-06
9 43 -1.5810109237717471e-06 2.5264334580494766e-06
9 44 -3.6758625230093164e-06 2.0061953873182225e-06
9 45 -5.9010484358304721e-06 -1.7945442618914809e-06
9 46 -3.4545715708899630e-06 3.7897840177961526e-07
9 47 -5.3730805678548923e-06 2.5374333510614264e-06
9 48 -1.3142952162298870e-05 2.4846703509205193e-06
9 49 -1.1172830540912937e-05 4.7815846404125604e-07
9 50 -7.8119658015400613e-06 -6.6604131036662391e-07
9 51 -2.0578170276101015e-05 8.3607075708538401e-06
9 52 -9.6276650275738738e-06 7.4000312327219627e-06
9 53 -1.6945628437023585e-05 -4.0241781180382232e-06
9 54 -8.9566105830973494e-06 9.1684681336554848e-06
9 55 -2.5813898588565012e-05 6.0621381288859839e-06
9 56 -2.0802990951431828e-05 8.4093801819824996e-08
9 57 -2.3944450594387818e-05 2.5511896868779898e-06
9 58 -1.1277913302672041e-05 -2.7010445648116114e-05
9 59 -6.0586876451242310e-05 2.5951834624878085e-06
9 60 -4.1926399721572517e-05 2.0432379738656637e-05
9 61 -6.1699045218876298e-05 -2.5066373633753182e-05
9 62 -1.1697493761964262e-04 -1.6769924191497885e-05
9 63 -4.4383168660802553e-05 9.7775075873595186e-06
9 64 -1.7271211542516261e-04 -1.8910378082623792e-05
9 65 -1.0523399911466032e-04 1.1119195860427250e-04
9 66 -2.4053965321390382e-04 -9.8802564181376130e-05
9 67 -2.7533060572182404e-05 -6.1011248217348032e-05
9 68 -1.8899909257605923e-04 1.4902967602392685e-04
9 69 -1.7648194834431541e-04 -6.1637136838752236e-05
9 70 -2.5479691804116843e-04 -8.9092123990784782e-05
9 71 -6.2574195281607060e-06 -1.1211838442681002e-04
10 0 6.4701340434344820e-05 -3.4848389153159644e-05
10 1 3.0415823213475336e-05 8.2600911458923014e-05
10 2 -8.3741656702904997e-05 -2.1896359645871290e-05
10 3 -8.4376694855776033e-05 4.2923922634769771e-06
10 4 -5.9404822465601493e-05 -3.4985928077677587e-05
10 5 -2.1710787096419892e-04 -7.1591911578664535e-05
10 6 -1.2206102479704282e-04 7.5681230968622647e-06
10 7 -4.3028219206146143e-05 -1.3765031988920617e-04
10 8 -1.2174947893063569e-04 -6.2458554524797205e-05
10 9 -6.2628944876010249e-05 3.6066221646230243e-06
10 10 -8.2747094923326034e-05 -3.9033092020757107e-05
10 11 -3.7084855563670087e-05 4.4733935690963696e-05
10 12 -1.7902571891628565e-05 3.5802269323698624e-05
10 13 -1.2812928288702653e-05 1.9105272159230381e-05
10 14 -6.1397357969233528e-05 -2.1296459842871013e-05
10 15 -2.9595054366386488e-05 2.2094867887975620e-05
10 16 -2.5924803194945194e-07 -2.0150387828225948e-06
10 17 -1.1986838853204893e-05 1.4119340184592635e-06
10 18 1.1682233886536891e-07 -3.0389079008986174e-06
10 19 -1.4381339179543870e-05 -3.5185591486200092e-06
10 20 -1.3494203316303772e-05 3.8683803740090059e-06
10 21 -8.7009003244241965e-06 -5.9280746369326611e-06
10 22 -1.4361663448281276e-05 6.5657356357185587e-06
10 23 7.1187786844183094e-06 -8.3077808193776457e-06
10 24 -9.9967115358283994e-06 -1.6387476507125122e-06
10 25 -1.0124719449928652e-05 2.4996752230094715e-06
10 26 -3.4369367615241702e-06 4.7302042574413945e-06
10 27 2.1806886803965441e-06 -2.5562230778923932e-06
10 28 2.2157477579769226e-06 -3.2065529161330047e-06
10 29 -2.0821474193371023e-06 -3.7325714637983919e-07
10 30 -1.1616036843430496e-07 -2.9326919663888023e-06
10 31 -4.3299400657741591e-06 -2.3094100100077406e-06
10 32 2.8759445463223450e-06 1.0930990904149141e-06
10 33 -1.1542789174276288e-06 4.7376055918813760e-07
10 34 -1.7184392900061151e-06 1.5772887683549153e-06
10 35 -1.4504220806030275e-06 3.0497044800755585e-07
10 36 -7.2979149170819698e-07 -3.0333740826361953e-06
10 37 -1.3010926181711786e-06 -2.4187990718227167e-07
10 38 -1.8604544203462044e-06 3.3513893033594626e-06
10 39 -1.2372303073951393e-06 3.3673696466122408e-07
10 40 -1.5952188558782792e-06 2.4515274733593268e-06
10 41 -1.4323458455960874e-06 -5.6420608223108782e-07
10 42 -1.2716906134894766e-06 1.5602359126460248e-06
10 43 4.1867845511860377e-08 2.2366830991586246e-06
10 44 -1.9427432703982352e-06 1.2593046734784972e-06
10 45 -3.7655228958751620e-06 -1.3686315208882710e-07
10 46 -2.1663479589669365e-07 8.4031582184890227e-07
10 47 -2.1269598073560581e-06 2.7551545098605185e-06
10 48 -9.1606623524121739e-06 1.5287770506680024e-06
10 49 -7.8661856882869552e-06 -2.2950328798224393e-06
10 50 -3.4884096974742282e-06 4.0659730197758032e-07
10 51 -1.3145415836542623e-05 8.8025798006621949e-06
10 52 -4.6088310987678656e-06 6.3521342804867826e-06
10 53 -9.5455624265346451e-06 -2.4814771549817309e-06
10 54 -8.6978868661975416e-07 5.4479545826743398e-06
10 55 -1.8881472658198019e-05 6.7327423454276615e-06
10 56 -1.0041705150210822e-05 -2.7115141753320709e-06
10 57 -1.4369546822674876e-05 3.4525897737864145e-06
10 58 -6.8525578850018921e-06 -2.8558479677456952e-05
10 59 -2.9363390278730777e-05 6.8440197662702424e-06
10 60 -1.3165117283962698e-05 2.7893824775208259e-05
10 61 -2.8537750323532037e-05 -2.8292768606531583e-05
10 62 -6.2644530549171197e-05 -2.4659339277774785e-05
10 63 -1.3076097200152115e-05 2.5474425818298452e-05
10 64 -1.4461263846801841e-04 -5.1191386606449071e-06
10 65 -4.4421553938017032e-05 9.3793536314049325e-05
10 66 -1.5429617695107673e-04 -1.0140512399618575e-04
10 67 4.5026743139605102e-05 -1.2349438723704203e-04
10 68 -1.3326911748706116e-04 1.5093759821572326e-04
10 69 -9.7900810179393362e-05 -4.1456185479695294e-05
10 70 -1.0048917845735999e-04 -1.2357323002327476e-04
10 71 2.3727030580247690e-05 -1.1985285307287517e-04
