0 0 -1.1389347083474473e+00 2.6870761929196200e-19
0 1 -1.4163010803042156e-01 -8.7576295053396873e-20
0 2 -5.7087744180545789e-02 1.2537186625078923e-20
0 3 -3.9021353315696491e-02 -1.8020078100718534e-21
0 4 -3.0619096835707363e-02 5.7472260882819352e-22
0 5 -2.4624589038563249e-02 -3.0654957726767194e-23
0 6 -1.9368364577016017e-02 3.7153174405388108e-22
0 7 -1.4831537381110543e-02 -2.7956754643142823e-22
0 8 -1.1848734445109480e-02 3.3786776184879699e-22
0 9 -9.9242165535072552e-03 2.1248185740660079e-22
0 10 -8.5651342042458653e-03 -4.6121593521226360e-22
0 11 -7.1585196280002034e-03 -3.9306590874073898e-22
0 12 -5.7676191190434026e-03 -4.0897825520244947e-23
0 13 -4.6714357736662715e-03 -2.8481749097430811e-22
0 14 -3.7290533036665528e-03 -1.8455498181266950e-22
0 15 -2.9066786601575521e-03 5.9127807241469504e-23
0 16 -2.3737019958942848e-03 -5.0940078061736349e-23
0 17 -1.9750165658517617e-03 1.2090300753902994e-22
0 18 -1.6449283957961057e-03 -3.8163330997126876e-23
0 19 -1.4035185172492750e-03 3.7579948368235808e-24
0 20 -1.1487016853276614e-03 -7.9842991233735545e-23
0 21 -9.5373793024667989e-04 -9.7071675548836022e-24
0 22 -7.9245151502503532e-04 1.1389840539570151e-23
0 23 -6.7734179539034878e-04 -2.2822411048844987e-24
0 24 -5.9750735026094270e-04 -1.8907223232764450e-23
0 25 -5.5922073184582757e-04 -2.1691876792015553e-23
0 26 -5.2634557449584890e-04 1.5989846595598478e-23
0 27 -4.8589500804618576e-04 6.9456843326149985e-24
0 28 -4.6394936693685353e-04 1.1942079778885148e-23
0 29 -4.4895108520808018e-04 -2.5663372954035202e-23
0 30 -4.1084076065563764e-04 6.5994628204958602e-24
0 31 -3.7109711506964259e-04 -1.4669573572460574e-23
0 32 -3.4909879494258371e-04 -1.5469741369554487e-23
0 33 -3.2895732652747303e-04 4.1985578710262305e-24
0 34 -3.0601612119053731e-04 2.4713835466792841e-23
0 35 -2.7699454459433119e-04 -1.0232341550154811e-23
0 36 -2.6005603736569831e-04 1.0998491103554824e-24
0 37 -2.5495439874674152e-04 8.6352053882403113e-24
0 38 -2.5223653553224548e-04 -1.0471243245690617e-24
0 39 -2.5484049414022911e-04 6.0723060727262165e-24
0 40 -2.6823421536814336e-04 4.1782910669202839e-25
0 41 -2.9681944197591613e-04 -2.2642971678551538e-24
0 42 -3.4012268139001819e-04 -3.2265425222306675e-24
0 43 -3.8099271233320162e-04 -1.5568830989612270e-23
0 44 -4.1649419004953698e-04 -1.7301923629795380e-23
0 45 -4.4500175290949836e-04 -1.7503618389803383e-23
0 46 -4.7893912313724904e-04 1.9469206912507528e-23
0 47 -5.5345702793058811e-04 -2.3222306423503685e-23
0 48 -6.5874239248187049e-04 -1.0184687371170941e-23
0 49 -7.5118442207228870e-04 5.5617102893020389e-23
0 50 -8.2013883579133988e-04 8.9884335939413663e-23
0 51 -9.1724187716238728e-04 1.7927606538088987e-23
0 52 -1.0858671004132685e-03 -4.7324793758803602e-23
0 53 -1.2380161136122186e-03 5.1835859284861595e-23
0 54 -1.3936405660556132e-03 1.3783123398141614e-23
0 55 -1.6452716115797905e-03 -1.0722970884913606e-22
0 56 -2.0385655280561535e-03 -5.8032131059857608e-23
0 57 -2.3519618384004728e-03 -1.2551673979016372e-22
0 58 -2.7712744412039985e-03 3.7111933279574115e-23
0 59 -3.3116086665194934e-03 2.9087852148220417e-23
0 60 -4.1096524537527334e-03 1.7061193948583023e-22
0 61 -5.0596052896069244e-03 -2.3050806652237406e-23
0 62 -5.8180934774590930e-03 1.4112702595850837e-22
0 63 -6.7803529616806777e-03 -1.2315952303500542e-22
0 64 -8.5925998749911241e-03 2.5690572160519542e-24
0 65 -1.0867440457001172e-02 1.7733613705896474e-22
0 66 -1.3654474536785153e-02 -1.0455501042651221e-22
0 67 -1.7015427443671283e-02 -3.4588607493978862e-22
0 68 -2.2148944054421815e-02 -9.1526135916532745e-22
0 69 -3.1417793425042570e-02 2.6891504651734582e-21
0 70 -5.3132279505022507e-02 -1.0516176950080750e-20
0 71 -1.3611155144517909e-01 -4.5616092618676095e-20
1 0 -3.2993837913699536e-01 1.4726943349992038e-03
1 1 -8.5039992464540429e-02 1.5585688008400606e-04
1 2 -4.0697992609969008e-02 1.5276525516175085e-04
1 3 -2.8968279814756710e-02 2.6466202972480573e-05
1 4 -2.3062098512878659e-02 4.4283070066568984e-05
1 5 -1.8725485906811366e-02 5.5081843332869416e-05
1 6 -1.4742671379536502e-02 -2.4397399948975865e-05
1 7 -1.1272198855153247e-02 -1.2446772904391537e-04
1 8 -9.0304887628770147e-03 -1.2111272837827178e-04
1 9 -7.5746727269026372e-03 -5.1967694788657169e-05
1 10 -6.5318104658476572e-03 -2.8587975639598488e-05
1 11 -5.4663777387864605e-03 5.3631725071877284e-07
1 12 -4.3948490683083678e-03 -6.1530782723144461e-06
1 13 -3.5525418434821003e-03 -1.1235000578769766e-05
1 14 -2.8440275224775901e-03 8.6304933125692122e-06
1 15 -2.2196641816443650e-03 -2.0942188697227134e-06
1 16 -1.8163232819158783e-03 3.6635433320680106e-06
1 17 -1.5079125787969706e-03 1.8213190418256938e-06
1 18 -1.2562299010229331e-03 4.0885381378108526e-07
1 19 -1.0712370011627698e-03 1.7418693051918438e-06
1 20 -8.7781175049458243e-04 2.4976499795034168e-06
1 21 -7.3042189810660165e-04 3.8968050590247998e-06
1 22 -6.0671882576177191e-04 1.2436065138235433e-06
1 23 -5.1640497536762091e-04 2.2016391366793212e-06
1 24 -4.5568839602193556e-04 2.5887528287816832e-06
1 25 -4.2497688605971044e-04 2.2238232857986012e-06
1 26 -4.0078601475782168e-04 3.2129763114719847e-06
1 27 -3.7072626331926390e-04 7.1670950532384952e-07
1 28 -3.5452664458072183e-04 -2.6431240886589226e-07
1 29 -3.4583029983874995e-04 5.5789800177664995e-07
1 30 -3.1590912493692616e-04 4.2354694432657401e-07
1 31 -2.8412664350259496e-04 6.2646032281265113e-08
1 32 -2.6704247139547907e-04 -1.1735021448166592e-06
1 33 -2.5118891198732508e-04 -7.7118297303416961e-07
1 34 -2.3394363024964814e-04 -3.7569170459918040e-07
1 35 -2.1160611179267492e-04 1.1958397294728490e-06
1 36 -1.9856806395669957e-04 1.4196164420377481e-07
1 37 -1.9388206770523471e-04 -3.9999473870533456e-07
1 38 -1.9226861390185288e-04 -8.5578423640976682e-07
1 39 -1.9451713960906371e-04 -5.8327038361759112e-07
1 40 -2.0483908597470843e-04 3.5149256815989973e-07
1 41 -2.2634820381372102e-04 1.0302498587251599e-06
1 42 -2.5924868494407635e-04 8.4214470924628195e-07
1 43 -2.9102513801823767e-04 -3.4339933625141965e-07
1 44 -3.1796184256363037e-04 -2.1766473926925109e-07
1 45 -3.4114567752970367e-04 -3.1963034541670674e-07
1 46 -3.6661089151452444e-04 1.1392338702720787e-06
1 47 -4.2234293359512799e-04 4.7830136122414207e-07
1 48 -5.0237992580810581e-04 -1.9326115363823477e-07
1 49 -5.7463067088846752e-04 5.8139926975840350e-07
1 50 -6.2766235977114817e-04 1.8520007005170607e-06
1 51 -7.0054314420523497e-04 2.0031081926106837e-06
1 52 -8.2958414334061094e-04 2.8278500723197679e-06
1 53 -9.4680898482026119e-04 1.8885958078527279e-06
1 54 -1.0649436700657479e-03 2.2199942961713611e-06
1 55 -1.2520945386940187e-03 1.5468716644633786e-06
1 56 -1.5489378507541874e-03 1.4663263017890513e-06
1 57 -1.7911714564182682e-03 1.2382557642335481e-06
1 58 -2.1191720571326219e-03 1.7921060676476867e-05
1 59 -2.5317691881472583e-03 7.3242599012409822e-06
1 60 -3.1375183794875726e-03 -9.9792695247386681e-07
1 61 -3.8540832167392033e-03 9.2693229653263225e-06
1 62 -4.4373682117122386e-03 -9.7675314553115412e-07
1 63 -5.1691196657108638e-03 -4.5871933083041515e-06
1 64 -6.5639257681205983e-03 1.2557659129673891e-05
1 65 -8.2840538978463021e-03 8.0016690472503135e-06
1 66 -1.0457196225012965e-02 5.3128118890380915e-05
1 67 -1.2983084649992463e-02 6.0192918378871075e-05
1 68 -1.6903361581078826e-02 -6.4465040366727024e-05
1 69 -2.3548308804118855e-02 9.3705259394209588e-05
1 70 -3.8067054229887910e-02 -1.3516553406117096e-04
1 71 -8.0718352339867419e-02 1.9070507764468116e-04
2 0 -9.8606430704434395e-02 -5.9765850695463340e-05
2 1 -4.0923290076723524e-02 1.8113647827104409e-04
2 2 -2.2910642888789731e-02 1.8787337863094476e-04
2 3 -1.7273125665349279e-02 1.9283081962023218e-06
2 4 -1.4018296787724505e-02 6.7064357501605204e-05
2 5 -1.1510805992726567e-02 3.2835418633335083e-05
2 6 -9.0741532760696669e-03 -5.0722396925177500e-05
2 7 -6.9162381463308545e-03 -1.7837638354518753e-04
2 8 -5.5916456964570996e-03 -1.7767407863093109e-04
2 9 -4.6773231305374304e-03 -7.5025227768855677e-05
2 10 -4.0465203822638860e-03 -3.1725366406323771e-05
2 11 -3.3794830277867143e-03 3.3536597194669348e-06
2 12 -2.7042788860674634e-03 1.6672798668641675e-06
2 13 -2.1814627310362917e-03 -1.3924270322252375e-05
2 14 -1.7562011964013446e-03 1.2986006523713458e-05
2 15 -1.3772228581453668e-03 -4.9235787454481440e-06
2 16 -1.1295823435460409e-03 7.7442598249343685e-06
2 17 -9.3069882746172467e-04 2.7412860467602459e-06
2 18 -7.7849688295405714e-04 2.5540709281969003e-06
2 19 -6.6035903466219251e-04 7.1045601873512288e-07
2 20 -5.4363220277403351e-04 4.1173858641077487e-06
2 21 -4.5612308300732542e-04 4.3330570761589743e-06
2 22 -3.7749452331758678e-04 1.7283643760486447e-06
2 23 -3.1797946984332952e-04 3.0119877829631883e-06
2 24 -2.8231893731271712e-04 4.3767480352438310e-06
2 25 -2.6059158818997845e-04 2.4178536064683582e-06
2 26 -2.4744237955602285e-04 4.0062619604564544e-06
2 27 -2.2902557986486359e-04 3.9306119315029566e-07
2 28 -2.1890177820626215e-04 -1.0369481140097231e-06
2 29 -2.1851402027139936e-04 -1.0467710178065762e-07
2 30 -1.9783170958007624e-04 -5.7190981882660507e-07
2 31 -1.7649998012144182e-04 -2.3222754438115595e-07
2 32 -1.6528309542119350e-04 -1.4337989849838005e-06
2 33 -1.5566694891733631e-04 -4.9177581415576050e-07
2 34 -1.4485972625390343e-04 -4.0544703917517613e-07
2 35 -1.3107343551032791e-04 1.6913341906905385e-06
2 36 -1.2214256583081826e-04 1.0370514697425748e-07
2 37 -1.1881008335253067e-04 -1.4376480743530122e-07
2 38 -1.1869226467833483e-04 -1.1228503605134286e-06
2 39 -1.2058449802043481e-04 -4.5772752368236267e-07
2 40 -1.2690867001149294e-04 8.6586217535697849e-07
2 41 -1.3925427406521083e-04 1.4531646538336540e-06
2 42 -1.6054491115515980e-04 1.0938527398879612e-06
2 43 -1.8044582895854964e-04 -1.0784765258826822e-06
2 44 -1.9652878700729531e-04 -1.5523679495040498e-07
2 45 -2.1264434679532990e-04 -5.2562788879419328e-07
2 46 -2.2768111382613919e-04 8.0574789409024666e-07
2 47 -2.6065623853989021e-04 5.6069326344556422e-07
2 48 -3.0863429706015898e-04 -9.8940307595844302e-07
2 49 -3.5591770821449229e-04 2.1271417502271071e-07
2 50 -3.8991602056197858e-04 3.0855173416266723e-06
2 51 -4.3315362184026247e-04 3.1041320892729440e-06
2 52 -5.1282241817370412e-04 3.8738246314184387e-06
2 53 -5.8860019558236779e-04 9.9313804193543216e-07
2 54 -6.6295502173350303e-04 2.8354725621834877e-06
2 55 -7.7010813060869956e-04 3.3157055194201187e-06
2 56 -9.4891020381523625e-04 1.9966997985035820e-06
2 57 -1.0983414537140475e-03 -6.4507187750640608e-07
2 58 -1.3165990337803645e-03 2.2766551219925548e-05
2 59 -1.5742877655631194e-03 1.4245375688684091e-05
2 60 -1.9448218964655077e-03 -3.6105815656931755e-06
2 61 -2.3736219973136971e-03 1.3768283546562981e-05
2 62 -2.7411339306021485e-03 -4.1005848644453838e-06
2 63 -3.1866613062304285e-03 -8.7671023473369425e-06
2 64 -4.0517898796015054e-03 1.3209305287837463e-05
2 65 -5.0984244997667313e-03 5.6597400273765026e-06
2 66 -6.4820719269516672e-03 5.4678342918961748e-05
2 67 -8.0216335761920058e-03 1.1295171699524677e-04
2 68 -1.0473129076935954e-02 -8.1977640134456230e-05
2 69 -1.4161337459103000e-02 1.9250806920692720e-04
2 70 -2.1865589032104196e-02 4.3391584022722224e-05
2 71 -3.9383540292397330e-02 4.7583189264471934e-04
3 0 -3.2855538600405250e-02 -7.9116980285935396e-04
3 1 -1.8810730679850569e-02 -6.1988976642253361e-05
3 2 -1.1950255154515491e-02 7.5068634692419735e-05
3 3 -9.4886733169397847e-03 -3.1650867159869861e-05
3 4 -7.8628366077120107e-03 7.1439121325230439e-05
3 5 -6.5480058119239100e-03 1.1649547698041168e-05
3 6 -5.1658959968826478e-03 -6.9232755302438083e-05
3 7 -3.9273473567940339e-03 -1.7745589440814133e-04
3 8 -3.2116671010155090e-03 -1.6110178083495244e-04
3 9 -2.6577994469197163e-03 -8.2830916129598932e-05
3 10 -2.3248135742293548e-03 -2.7118704011053054e-05
3 11 -1.9241345135871139e-03 1.5420663135714260e-05
3 12 -1.5436376586226255e-03 1.4157578159816938e-05
3 13 -1.2387535685917108e-03 -1.1599876777544531e-05
3 14 -9.9805709326749453e-04 8.8899849128360291e-06
3 15 -7.8897308225230165e-04 -4.2956532539399278e-06
3 16 -6.4932168821747629e-04 7.3026447595761412e-06
3 17 -5.2973758393257825e-04 3.9917939025150856e-06
3 18 -4.4760003738126593e-04 5.2797775857397809e-06
3 19 -3.7484874013931903e-04 -9.9067859315729641e-07
3 20 -3.1198562690658196e-04 5.8599329013167838e-06
3 21 -2.6399871285834580e-04 3.6433140423532121e-06
3 22 -2.1818844809379007e-04 2.6477561947469624e-06
3 23 -1.8046161965222925e-04 2.3501328056987959e-06
3 24 -1.6262264514633982e-04 5.6255151064747240e-06
3 25 -1.4754051087910946e-04 1.3534919221205980e-06
3 26 -1.4095042258651953e-04 2.8442538152305241e-06
3 27 -1.3093873716084266e-04 -5.7105037969374287e-07
3 28 -1.2421302525460158e-04 -1.3464464279889013e-06
3 29 -1.2912979593867195e-04 -6.1649278169906668e-07
3 30 -1.1494758500655493e-04 -1.2699918315871855e-06
3 31 -1.0115320366133088e-04 -3.9063425603809010e-07
3 32 -9.4535769579342014e-05 -8.4248479258076642e-07
3 33 -8.9348100301256666e-05 5.8380514763651344e-08
3 34 -8.3383765656514980e-05 -1.1594335739893613e-07
3 35 -7.4835699512964925e-05 1.8918936424060975e-06
3 36 -6.9319489057755059e-05 5.5023740534371626e-08
3 37 -6.6884312102448586e-05 5.6876142473019576e-07
3 38 -6.8018897703917128e-05 -1.1124109045500362e-06
3 39 -6.9307692395473129e-05 -2.5177084961945415e-08
3 40 -7.2901633815592226e-05 1.2182249927432486e-06
3 41 -7.8890059687556816e-05 1.3418833099007254e-06
3 42 -9.2023438194240235e-05 1.1800823043103424e-06
3 43 -1.0389935262197248e-04 -1.4576170225409978e-06
3 44 -1.1208375765383804e-04 4.0019924817141239e-07
3 45 -1.2233742398236346e-04 -3.6197337877891258e-07
3 46 -1.3060275148024040e-04 4.7400432710106034e-08
3 47 -1.4796269742361069e-04 4.2122548923813491e-07
3 48 -1.7389331808328687e-04 -8.4957410813637694e-07
3 49 -2.0261004209333179e-04 1.5053543453936353e-07
3 50 -2.2424832799761973e-04 3.6813915797425871e-06
3 51 -2.4742394642035466e-04 1.5790184093184558e-06
3 52 -2.9266386022943269e-04 3.0356082223993783e-06
3 53 -3.3822955837462432e-04 1.1083143916402313e-07
3 54 -3.8402671509376538e-04 4.1587214401998434e-06
3 55 -4.3672608690884228e-04 5.8848193211213663e-06
3 56 -5.3831215216082636e-04 2.9143008421934730e-06
3 57 -6.1964941236297732e-04 -1.7595622145923562e-06
3 58 -7.5217913257501722e-04 1.8013106210888271e-05
3 59 -9.0579402349673702e-04 1.3670376896692807e-05
3 60 -1.1119618577946262e-03 -2.7788145731236738e-06
3 61 -1.3477911585418672e-03 1.2198114200951420e-05
3 62 -1.5734513452209801e-03 -3.4895537153148582e-06
3 63 -1.8122384203139261e-03 -3.3332568683823864e-06
3 64 -2.3090444650262112e-03 2.1134623585264197e-05
3 65 -2.8853935761640730e-03 1.2372358621986671e-05
3 66 -3.7044042217476872e-03 6.0944831684570250e-05
3 67 -4.5616957640299228e-03 1.3868987747996952e-04
3 68 -6.0331804878710447e-03 -8.0917460008196273e-05
3 69 -7.9033451763795941e-03 1.8439326461699174e-04
3 70 -1.1627287160844288e-02 2.7498867669312009e-04
3 71 -1.8421564309207380e-02 4.5975631457455756e-04
4 0 -1.2380508927395071e-02 -5.0290365224439182e-04
4 1 -8.5936142364077504e-03 -3.0439391568293743e-04
4 2 -6.1828926068003276e-03 5.5022474463481263e-05
4 3 -5.0085193306616711e-03 -1.9514337797454464e-05
4 4 -4.2332825322691798e-03 5.8586552290541721e-05
4 5 -3.6079942570123565e-03 1.9688546689647994e-05
4 6 -2.8153186959582409e-03 -5.7862984240764305e-05
4 7 -2.1358751840784393e-03 -1.4085552219316185e-04
4 8 -1.7851119047950761e-03 -1.0616990784554610e-04
4 9 -1.4398447273897578e-03 -7.4710705684718934e-05
4 10 -1.2838491839520419e-03 -2.4919764126590239e-05
4 11 -1.0469827535362487e-03 2.7989840014572623e-05
4 12 -8.5292258526126782e-04 1.6831612236110911e-05
4 13 -6.7352119307954297e-04 -4.7922076446278986e-06
4 14 -5.4092392048323240e-04 2.0595269727167728e-06
4 15 -4.3311487709170489e-04 1.5915877636827662e-07
4 16 -3.5648975348487707e-04 4.9809313582650523e-06
4 17 -2.8748741552801511e-04 5.1252718399056153e-06
4 18 -2.4747579827221437e-04 4.9075885596800429e-06
4 19 -2.0431005220362527e-04 -2.6520241005348115e-06
4 20 -1.7154809169024501e-04 6.2016121104979014e-06
4 21 -1.4630005655311520e-04 2.7358710516059488e-06
4 22 -1.2171405860020724e-04 3.3518352519370830e-06
4 23 -9.8721701627241365e-05 6.4207558457548912e-07
4 24 -9.0162922250700228e-05 5.8717013792079179e-06
4 25 -8.0319822258927248e-05 4.2034628321118484e-07
4 26 -7.6200499114882720e-05 1.6246596491685133e-06
4 27 -7.2428114028098438e-05 -1.2723594800295458e-06
4 28 -6.7277839642122770e-05 -9.4423970619589642e-07
4 29 -7.4672230846069032e-05 -2.1368646935971049e-07
4 30 -6.4021662241529344e-05 -1.0549759109678348e-06
4 31 -5.5158483486791865e-05 -1.6889607731814483e-07
4 32 -5.1882151188841281e-05 3.5062748423447163e-07
4 33 -4.9355808541388767e-05 6.5460658494627663e-07
4 34 -4.6285489904596574e-05 3.4277321655770927e-07
4 35 -4.0862049673263633e-05 1.9006071816214394e-06
4 36 -3.7850019510940076e-05 4.7842649794888452e-08
4 37 -3.5898262890616408e-05 9.2667736675079943e-07
4 38 -3.8001717800058762e-05 -9.4956478648016300e-07
4 39 -3.8154255934094251e-05 3.9491489582545230e-07
4 40 -4.0224053675794711e-05 1.2380771194517771e-06
4 41 -4.2740068407356928e-05 1.0962000192890717e-06
4 42 -5.0830165864619117e-05 1.2709148306729799e-06
4 43 -5.7899741575419238e-05 -1.3280876810543072e-06
4 44 -6.1054496496054978e-05 8.5697275884972543e-07
4 45 -6.7464600222796666e-05 -2.4167061444788616e-07
4 46 -7.1499813499088772e-05 -4.9207860448153422e-07
4 47 -8.0705093402952928e-05 2.0828138465953940e-07
4 48 -9.3539487598642222e-05 -2.9258260867790720e-08
4 49 -1.1002381236778873e-04 2.7909718668975130e-08
4 50 -1.2350678292671649e-04 3.9642323942144938e-06
4 51 -1.3548335626277502e-04 -5.4301454680548277e-07
4 52 -1.6054523703719188e-04 1.1816993457782180e-06
4 53 -1.8521451653832503e-04 -4.2974088971539866e-07
4 54 -2.1430796035835795e-04 4.4773408065463552e-06
4 55 -2.3679141935686450e-04 8.9270322702968382e-06
4 56 -2.9397495027416054e-04 4.0786877006351937e-06
4 57 -3.3210691913430689e-04 -3.1468593325944614e-06
4 58 -4.0883685266524043e-04 1.1210092595932450e-05
4 59 -4.9761660315251837e-04 9.0178189533310602e-06
4 60 -6.0198910445875223e-04 -1.7194089627536032e-06
4 61 -7.3217962328018388e-04 6.9726919511739656e-06
4 62 -8.7003055062141483e-04 -4.1034095314390209e-06
4 63 -9.8941270576814516e-04 6.1697602327121188e-06
4 64 -1.2661136096534546e-03 2.1234864442337153e-05
4 65 -1.5585497909839040e-03 1.3259934646194130e-05
4 66 -2.0305681709795673e-03 6.6478761458947975e-05
4 67 -2.4794771575874642e-03 1.4318246467815809e-04
4 68 -3.3499155216681524e-03 -6.7328914530854356e-05
4 69 -4.2238419721243549e-03 1.0114577308678679e-04
4 70 -5.9295955938607680e-03 4.0299944643612561e-04
4 71 -8.9238498828349885e-03 4.3190896351054056e-04
5 0 -4.7542275818040483e-03 -9.4379505775805974e-05
5 1 -3.8801591061518024e-03 -3.3673425409155513e-04
5 2 -3.2072860397713968e-03 5.0653575339613683e-05
5 3 -2.5916304180767023e-03 1.1809055988527481e-05
5 4 -2.2061212688826264e-03 3.0897100556860730e-05
5 5 -1.9727580196047820e-03 3.3570535349567044e-05
5 6 -1.4663070024503264e-03 -5.3613167189511099e-05
5 7 -1.1338479006242459e-03 -1.0688589677304810e-04
5 8 -9.6617924706555232e-04 -6.7650284408473827e-05
5 9 -7.6213199536022587e-04 -5.9894055865352471e-05
5 10 -6.7579922959449265e-04 -2.4021034012159936e-05
5 11 -5.5708641684624387e-04 2.5030733851143613e-05
5 12 -4.6265483064115021e-04 1.5201547117427463e-05
5 13 -3.5814526774436068e-04 4.3677884916254947e-06
5 14 -2.8438857316870228e-04 -3.6365655280384379e-06
5 15 -2.3352422991283902e-04 2.2283417712339614e-06
5 16 -1.9054119023314376e-04 2.6458293221031106e-06
5 17 -1.5220763250798066e-04 3.7753953806055638e-06
5 18 -1.3364387806452804e-04 4.0610164980457653e-06
5 19 -1.0812474901585984e-04 -3.3050478757988256e-06
5 20 -9.1466079771050301e-05 5.2501736667823392e-06
5 21 -7.9014071005770693e-05 1.7264596477894884e-06
5 22 -6.6125743136240568e-05 2.9073835091375544e-06
5 23 -5.2710792935680381e-05 -9.6301292720286833e-07
5 24 -4.8359894326019696e-05 5.5468423771651679e-06
5 25 -4.2038770016234368e-05 1.6985697096948125e-07
5 26 -3.9517204884700658e-05 7.7857359071397716e-07
5 27 -3.8819692977737641e-05 -1.9422315336694315e-06
5 28 -3.4943821081460717e-05 -5.3892700556921097e-07
5 29 -4.3082899458418112e-05 5.8841448191132027e-07
5 30 -3.4843168208580784e-05 -7.6589574131282129e-07
5 31 -2.8985012511479724e-05 6.2642237339178238e-07
5 32 -2.7815358901922925e-05 1.6488736772593362e-06
5 33 -2.6609327661718788e-05 1.2252259918962607e-06
5 34 -2.5042792585131158e-05 6.1138626440584061e-07
5 35 -2.1658923818991017e-05 1.6487370884737668e-06
5 36 -2.0369644709984337e-05 1.7522529134514441e-07
5 37 -1.8891529724512552e-05 9.7633348296850953e-07
5 38 -2.0815008445716030e-05 -7.4764839070775091e-07
5 39 -2.0326475108068628e-05 6.9865716461253115e-07
5 40 -2.1540537208203059e-05 1.1850821002813972e-06
5 41 -2.2196033410833367e-05 8.8724834800553567e-07
5 42 -2.7776546107460729e-05 8.4283885565469625e-07
5 43 -3.1521497128327516e-05 -9.6540005792571045e-07
5 44 -3.2124466142334428e-05 1.2246952988714008e-06
5 45 -3.6083676530036521e-05 -5.1358350979102845e-07
5 46 -3.7638779150859162e-05 -7.5626589297018371e-07
5 47 -4.2859875287951945e-05 2.8935369761906975e-07
5 48 -4.9974809246800470e-05 1.0510109716292454e-06
5 49 -5.8195965614667958e-05 3.3516016645799369e-07
5 50 -6.6676283688426737e-05 4.0154898509554618e-06
5 51 -7.2305155218895713e-05 -1.7684843797813202e-06
5 52 -8.6390545350040589e-05 -4.8888317918463472e-07
5 53 -9.8178737792213344e-05 -7.2923772657675224e-07
5 54 -1.1652417292156063e-04 3.7523518458699138e-06
5 55 -1.2502052079874505e-04 9.2545362762225900e-06
5 56 -1.5801651310108346e-04 3.3713633561158589e-06
5 57 -1.7398254899924452e-04 -4.3464077130661278e-06
5 58 -2.1648292423709877e-04 5.9941938375502713e-06
5 59 -2.6454418674615616e-04 1.6155778446433784e-06
5 60 -3.1490002125293714e-04 -3.8668600937749091e-06
5 61 -3.8745629285747655e-04 1.3152426568401407e-06
5 62 -4.6694687645513805e-04 -6.4890624794173382e-07
5 63 -5.2369177067222771e-04 1.1252967595730546e-05
5 64 -6.8456621463349832e-04 1.7702838920787501e-05
5 65 -8.1415304393063612e-04 3.6839363828002598e-06
5 66 -1.0791411054539520e-03 5.2120121880579768e-05
5 67 -1.3138205653824525e-03 1.0932051715971962e-04
5 68 -1.7908456181828932e-03 -4.3916716045622831e-05
5 69 -2.1760711329598726e-03 3.5530561259686507e-05
5 70 -2.9770689688701480e-03 3.9383706952214338e-04
5 71 -4.3169765943954141e-03 3.0568984903982504e-04
6 0 -1.7894617036273324e-03 -4.7484040004145898e-05
6 1 -1.7345069398610297e-03 -2.8429502114739964e-04
6 2 -1.6936296830515249e-03 8.2592050575131483e-05
6 3 -1.3097750182677239e-03 1.7883741856724541e-05
6 4 -1.1199567712763868e-03 2.3067221660714585e-05
6 5 -1.0915060212819247e-03 3.3586015888658987e-05
6 6 -7.3834605149451413e-04 -6.1327619722118394e-05
6 7 -6.1304814092001051e-04 -8.8068149244075538e-05
6 8 -5.2175874609334877e-04 -4.2695427135733782e-05
6 9 -3.9451516185339734e-04 -4.6186418380792929e-05
6 10 -3.4017004922393313e-04 -2.3052300563493093e-05
6 11 -2.9114324365721691e-04 1.2653058569651435e-05
6 12 -2.4214062399534295e-04 1.1009556735104950e-05
6 13 -1.9088456636490742e-04 1.3514146106615697e-05
6 14 -1.4950484966976487e-04 -1.0549228826501377e-05
6 15 -1.2454746976410611e-04 -2.6900648573970673e-07
6 16 -9.8466361211205995e-05 8.5334135665111268e-07
6 17 -8.0283797590194428e-05 1.8008666035456487e-06
6 18 -7.2045492992815820e-05 2.7590303512285048e-06
6 19 -5.6077262932472641e-05 -3.2025860751561679e-06
6 20 -4.7735798870069539e-05 4.4228912500681733e-06
6 21 -4.1795776961932307e-05 1.4475335628791606e-06
6 22 -3.4428574584656252e-05 2.2117161488255006e-06
6 23 -2.7419929932887635e-05 -1.9098903455300628e-06
6 24 -2.5738543641388999e-05 4.4342201934810949e-06
6 25 -2.0514115012546172e-05 -1.4729614464138497e-08
6 26 -1.9187146331354238e-05 4.0217866651224963e-07
6 27 -2.0103346173319174e-05 -2.1476338561362939e-06
6 28 -1.7090647694652310e-05 1.6822646279843723e-07
6 29 -2.4395520185802520e-05 1.2427662842761013e-06
6 30 -1.8655706523511405e-05 -7.6308156339631230e-07
6 31 -1.4883437289936637e-05 1.4945215265905774e-06
6 32 -1.4513061923143757e-05 2.3210521053315278e-06
6 33 -1.4166241838345141e-05 1.4118813565245848e-06
6 34 -1.3460570798132572e-05 5.1611759042679426e-07
6 35 -1.1307412584363288e-05 1.5447231295809402e-06
6 36 -1.1016919837088414e-05 3.1900027149088472e-07
6 37 -9.7878062793120242e-06 7.4971490800561495e-07
6 38 -1.1410818706540746e-05 -6.2153489197794066e-07
6 39 -1.0489486220272577e-05 7.3457460505162319e-07
6 40 -1.1238490469707798e-05 1.1940272938851498e-06
6 41 -1.0968425618621209e-05 9.0158382376468975e-07
6 42 -1.5176986681541949e-05 5.8305163914470053e-07
6 43 -1.6860127741108223e-05 -9.6374347598830113e-07
6 44 -1.6238737038913519e-05 1.0897887289043514e-06
6 45 -1.8460824478064061e-05 -6.6134814043348907e-07
6 46 -1.9017769849607529e-05 -1.0402415639308809e-06
6 47 -2.2196415753567806e-05 5.4547273672607399e-07
6 48 -2.7285592231816451e-05 1.6210307104618268e-06
6 49 -3.0534506509213243e-05 9.3341761352629373e-07
6 50 -3.5499556989955020e-05 2.8620177188403041e-06
6 51 -3.7760055806193248e-05 -2.0756760482535596e-06
6 52 -4.6666592566725252e-05 -1.2532247466334579e-06
6 53 -5.1282097377469777e-05 -1.0211564001187629e-07
6 54 -6.1832379901969502e-05 2.2035083860952784e-06
6 55 -6.3721455664528877e-05 7.8376801745804308e-06
6 56 -8.4756179501936697e-05 3.0274856091283687e-07
6 57 -9.2580126997038656e-05 -3.7719647564125556e-06
6 58 -1.1631110506379713e-04 3.6048736344206610e-06
6 59 -1.3585199749060027e-04 -3.0926274650541248e-06
6 60 -1.5851450289906284e-04 -6.9742120781769613e-06
6 61 -1.9966378632217606e-04 -9.2099145554875609e-07
6 62 -2.3826947987623762e-04 2.8991704518984142e-06
6 63 -2.7123953555630942e-04 1.0950842503961830e-05
6 64 -3.7342385272700170e-04 9.7129739461103872e-06
6 65 -4.0981324538570289e-04 -6.7407102788503346e-06
6 66 -5.6243313419802583e-04 3.1117616900007193e-05
6 67 -6.8003523421931197e-04 5.2201573472507041e-05
6 68 -9.4391057308370696e-04 -1.3877060252673743e-05
6 69 -1.1003913230632624e-03 -1.8229183822383719e-06
6 70 -1.5233514225257657e-03 2.3610678750050085e-04
6 71 -1.9534922584620662e-03 1.0964503926206599e-04
7 0 -6.5833787819621892e-04 -7.3180684264725801e-05
7 1 -7.7445390889755870e-04 -2.6033546324991466e-04
7 2 -9.2519812695781125e-04 1.0520068230575901e-04
7 3 -6.6633148282979930e-04 2.2738987618361832e-05
7 4 -5.5321730780232752e-04 3.9164474237176269e-05
7 5 -6.3051791233701933e-04 2.9248470289179946e-05
7 6 -3.3955920350282946e-04 -6.1825105658030853e-05
7 7 -3.3367828604753842e-04 -6.0029379245056946e-05
7 8 -2.8902370894865468e-04 -1.6242990417801488e-05
7 9 -1.9749783527809339e-04 -2.9941065519770677e-05
7 10 -1.5862192420309674e-04 -2.7716179257308474e-05
7 11 -1.4310748831780902e-04 -7.5564194624091960e-07
7 12 -1.2171968345045360e-04 7.9882235884262588e-06
7 13 -1.0038814908559873e-04 1.9058367810401137e-05
7 14 -8.3064528899591430e-05 -1.4696068408687602e-05
7 15 -6.5570152291579816e-05 -3.7894819291933817e-06
7 16 -5.0052821987658049e-05 1.3497178282500128e-07
7 17 -4.1524550755073388e-05 1.0899465695347869e-06
7 18 -4.0299796296388313e-05 1.0778326515428472e-06
7 19 -2.7527690329245925e-05 -2.1853141170653087e-06
7 20 -2.4215184895724620e-05 4.4977858961715860e-06
7 21 -2.1524964691669452e-05 1.3387211492516553e-06
7 22 -1.7083151476856973e-05 1.3821635824080114e-06
7 23 -1.3428489291158552e-05 -1.9041139079980363e-06
7 24 -1.3507725606186452e-05 3.2702961055413273e-06
7 25 -8.9355020488412325e-06 -3.0901597352140119e-07
7 26 -8.7338166660131665e-06 -2.1809944083635558e-07
7 27 -1.0210309073105805e-05 -2.3146563089175458e-06
7 28 -7.5842804978107929e-06 7.2315627754121416e-07
7 29 -1.3505909704538392e-05 1.6015445095445685e-06
7 30 -9.4026897496549841e-06 -1.0835329581290148e-06
7 31 -7.7845765049516350e-06 1.8704093801235481e-06
7 32 -7.3821862296850651e-06 2.0177656140230499e-06
7 33 -7.3022535027951027e-06 1.2515209726289695e-06
7 34 -7.4230710695099300e-06 6.2342204932352199e-07
7 35 -5.8093446669179894e-06 1.4998578842752528e-06
7 36 -6.0523829997756667e-06 5.5375259935854163e-07
7 37 -4.9902656033465298e-06 2.5244691304924182e-07
7 38 -6.2895228418347432e-06 -7.1910320853346423e-07
7 39 -5.3469776183633023e-06 6.7022040517370906e-07
7 40 -5.9247010900743980e-06 1.0884714004722948e-06
7 41 -5.1112129619598486e-06 1.0984790424816203e-06
7 42 -8.2954018819971964e-06 4.4083647808547807e-07
7 43 -9.1104869350860628e-06 -7.3040665211223167e-07
7 44 -8.2998047305063577e-06 1.0356639729790689e-06
7 45 -8.9763651422102235e-06 -6.3392090564004637e-07
7 46 -9.3484141305186378e-06 -1.4474587951714300e-06
7 47 -1.1411208596046601e-05 7.3388687815252514e-07
7 48 -1.5555852618119251e-05 1.3732179954760293e-06
7 49 -1.6441137094770497e-05 2.0109453931525984e-06
7 50 -1.9001284813275035e-05 1.9891067600507111e-06
7 51 -1.9649054730568589e-05 -1.9461117253558978e-06
7 52 -2.5727795758749933e-05 -1.9110398254135744e-06
7 53 -2.6510147007355347e-05 4.1551630836024921e-07
7 54 -3.2666766048918528e-05 2.1469667550521012e-07
7 55 -3.1891374986084722e-05 6.1458969857802786e-06
7 56 -4.5592048905015542e-05 -2.2064798199990395e-06
7 57 -5.1307301359442834e-05 -3.1172640579116871e-06
7 58 -6.3422219659218119e-05 6.0171690187133599e-06
7 59 -6.8015093301378727e-05 -5.9120436187242529e-06
7 60 -7.6520322268912354e-05 -8.6809732926990077e-06
7 61 -1.0004080790198480e-04 -3.4477217819099766e-06
7 62 -1.1948987879868230e-04 6.1106775257350945e-06
7 63 -1.3547968497238177e-04 1.2429022402697121e-05
7 64 -2.0839146713089318e-04 6.0897865270407191e-06
7 65 -1.9356858721454587e-04 -8.8794794184140297e-06
7 66 -2.8383526279078308e-04 2.4834440890714348e-05
7 67 -3.4972947352039863e-04 1.4297031834406727e-05
7 68 -4.8849267409600025e-04 -2.6439104150489606e-06
7 69 -5.2643799628017299e-04 -1.5824945410611622e-06
7 70 -8.0358736684962926e-04 1.0240427921052733e-04
7 71 -7.9452844044524665e-04 3.5867251136701984e-05
8 0 -4.3232908456796357e-05 -1.7659321134400318e-04
8 1 -3.4507486664157031e-04 -2.0522770560263084e-04
8 2 -4.9521924117766549e-04 8.3551918412119779e-05
8 3 -3.4520523118946261e-04 5.0641632805984783e-05
8 4 -2.4739830289955789e-04 6.9761594503021097e-05
8 5 -3.7170768735017454e-04 3.0125424958688997e-05
8 6 -1.3851682003549376e-04 -6.6458479127315195e-05
8 7 -1.7865290420293343e-04 -3.0508290468770923e-05
8 8 -1.6236993038817475e-04 3.7764477397885334e-07
8 9 -9.4008945982438892e-05 -7.5754591277702581e-06
8 10 -6.0086085990934744e-05 -3.0457736420177632e-05
8 11 -6.4572899232279233e-05 -5.6826265172625260e-06
8 12 -5.9466933833075113e-05 6.9779644234913021e-06
8 13 -5.0498760070686548e-05 2.2723897857462050e-05
8 14 -4.9290040966174664e-05 -1.7518052775912744e-05
8 15 -3.4122375605328791e-05 -2.4907299421273223e-06
8 16 -2.3287071302404108e-05 -1.1121003408348319e-06
8 17 -1.8757694670324824e-05 1.3851857749603636e-06
8 18 -2.2695131159463341e-05 4.2884614331241160e-07
8 19 -1.3583698076432443e-05 -6.8194062353181944e-07
8 20 -1.1592457223208437e-05 5.3902331930834032e-06
8 21 -1.0528854265190274e-05 1.3063995809730700e-07
8 22 -7.8448403248926236e-06 5.7192606275433532e-07
8 23 -6.3844289108367697e-06 -1.3461852339049186e-06
8 24 -6.6256272210621223e-06 2.3792549220983621e-06
8 25 -3.5908157206844080e-06 -2.1819623357849902e-07
8 26 -3.8122255073251891e-06 -1.2712959011075049e-06
8 27 -5.3011375193724516e-06 -2.1209539099724456e-06
8 28 -2.6162882163945169e-06 5.1160200934681773e-07
8 29 -7.2541584526359240e-06 1.6658308303767607e-06
8 30 -4.3509004190374923e-06 -1.3110349921766607e-06
8 31 -4.1572775924800407e-06 1.7953047832198557e-06
8 32 -3.3642182588581942e-06 1.4825882753998024e-06
8 33 -3.7820545904149813e-06 9.9490806762698028e-07
8 34 -3.9694521217279453e-06 7.2349332323092581e-07
8 35 -3.2899963446432501e-06 1.4390240278051729e-06
8 36 -3.5805170714332223e-06 5.8051139263140294e-07
8 37 -2.6649891576127464e-06 -1.0197803806225492e-08
8 38 -3.5880938795593894e-06 -8.3661031430773141e-07
8 39 -2.7180100155828769e-06 3.7693264022141788e-07
8 40 -3.2887325637704980e-06 1.0586491058139572e-06
8 41 -2.3934284416916502e-06 1.2950514856772337e-06
8 42 -4.6104218239652915e-06 2.2377166758256730e-07
8 43 -5.1386920186671614e-06 -3.6836903915302044e-07
8 44 -4.4560329975505226e-06 8.1482145250767757e-07
8 45 -4.0839897067760363e-06 -5.5568618728357732e-07
8 46 -4.2234572614187004e-06 -1.7416308458629105e-06
8 47 -5.5137833593535557e-06 8.1395208892541410e-07
8 48 -9.2391166899978548e-06 9.3920070781852898e-07
8 49 -8.4201285057934823e-06 2.2407464978344185e-06
8 50 -1.0945529759956666e-05 1.4179388908797568e-06
8 51 -1.0871371697778752e-05 -1.9156062027737661e-06
8 52 -1.5274825756373168e-05 -2.1249361381416749e-06
8 53 -1.4592105545435840e-05 1.7964720552102876e-06
8 54 -1.7295307419953710e-05 -1.2027910187770612e-06
8 55 -1.5073493781372013e-05 5.3357616787710430e-06
8 56 -2.2487631090957738e-05 -2.9405008998143629e-06
8 57 -3.0304596372141737e-05 -1.2977781647688390e-06
8 58 -3.4088330054758077e-05 6.1786963589222829e-06
8 59 -3.5012603409244964e-05 -5.8585967580506970e-06
8 60 -3.3429641068312172e-05 -7.9469141785333661e-06
8 61 -4.8030294400899471e-05 -4.1599503512715452e-06
8 62 -6.0873469982034062e-05 8.5390340706733446e-06
8 63 -6.6758332092145328e-05 1.2571907615306112e-05
8 64 -1.1710574334454053e-04 2.4212940886500120e-06
8 65 -8.1960380730891470e-05 -5.5507846798018669e-06
8 66 -1.4078041898571615e-04 2.5857784458713642e-05
8 67 -1.7546295401741125e-04 -7.7159050706207033e-06
8 68 -2.4788570164134668e-04 9.1033825022128604e-06
8 69 -2.2122578259054683e-04 -1.1087874052958546e-05
8 70 -4.2018547027199057e-04 5.3090419872075857e-05
8 71 -3.3258645646732607e-04 -3.8573193108698572e-05
9 0 9.1941980037124919e-05 -2.9882384964713730e-04
9 1 -1.0828961050323467e-04 -1.5358263020325016e-04
9 2 -2.4909468479255941e-04 4.4982590449807839e-05
9 3 -1.9808117591671020e-04 7.9240796072638792e-05
9 4 -8.5038698240513702e-05 7.7769670877710854e-05
9 5 -2.1789805996857178e-04 3.0638476179152567e-05
9 6 -4.3195504232105223e-05 -8.2339904254637936e-05
9 7 -8.4160143361563649e-05 -1.6413025874445578e-05
9 8 -9.8053788725707458e-05 8.8741323259309186e-06
9 9 -3.9300907367330441e-05 9.3183029250104690e-06
9 10 -9.7746714268644023e-06 -2.7635586581511109e-05
9 11 -2.0492684221240145e-05 -1.1603010913631122e-05
9 12 -2.7849266374223613e-05 5.4937755397765201e-06
9 13 -2.1495358193991114e-05 2.4273665420343348e-05
9 14 -3.0624545761416437e-05 -1.7948694680592013e-05
9 15 -1.7948216586915058e-05 -5.7058675176124111e-07
9 16 -6.6163660840296013e-06 -1.9880572964311073e-06
9 17 -6.4752831099191715e-06 1.6646410028177161e-06
9 18 -1.1930679031915348e-05 9.3101200997176120e-07
9 19 -7.5337481088090520e-06 -3.3419550979851948e-07
9 20 -5.5235240725041521e-06 5.3816793752549179e-06
9 21 -4.9823770060893109e-06 -1.3455851428709521e-06
9 22 -3.1544033196621457e-06 6.1353140757550440e-07
9 23 -2.5476813373027162e-06 -1.3239400619656465e-06
9 24 -3.2388432998134119e-06 1.1368549181980410e-06
9 25 -7.3988476038839265e-07 1.5104371671237201e-07
9 26 -1.6838437798387180e-06 -1.8285431169706223e-06
9 27 -2.6865452664141632e-06 -1.9971354346882409e-06
9 28 -2.0927672560490978e-07 -4.2294905201349960e-07
9 29 -3.4069556984081722e-06 1.3951211547861885e-06
9 30 -1.8984066437220583e-06 -1.2743582635626151e-06
9 31 -2.0103111830487074e-06 1.7301848265638546e-06
9 32 -1.8227773941067258e-06 1.0552554245846327e-06
9 33 -2.0118034678559492e-06 5.5031047455346417e-07
9 34 -1.7184542806816380e-06 8.5945543854432245e-07
9 35 -2.3514508794264917e-06 1.3336928157192942e-06
9 36 -2.5181823989074321e-06 3.8122259265493832e-07
9 37 -1.4574012259275048e-06 -1.5519799570725104e-07
9 38 -1.9350037208118777e-06 -9.0935698729874001e-07
9 39 -1.2552460728123276e-06 2.8915831606031574e-07
9 40 -2.0704842491465700e-06 8.2158620650217178e-07
9 41 -1.3651530781626745e-06 1.1204826155111095e-06
9 42 -2.6610833187151199e-06 -1.3283151776160772e-07
9 43 -2.9701874237843357e-06 -2.1454401220210226e-07
9 44 -2.5823733678366865e-06 8.3004853838682458e-07
9 45 -1.8412378724030469e-06 -3.6245979099261389e-07
9 46 -1.5937338005588527e-06 -1.6345277423436074e-06
9 47 -2.5088810965109903e-06 8.2215149749465016e-07
9 48 -5.5997806339191312e-06 4.2928467893740116e-07
9 49 -3.5420820450356422e-06 2.1949554182350423e-06
9 50 -6.9850693510505922e-06 1.0013766428853799e-06
9 51 -7.0187179188200357e-06 -1.6461695660375432e-06
9 52 -9.6914922075356235e-06 -1.3833575441110194e-06
9 53 -8.7902745434964376e-06 2.3542259135895249e-06
9 54 -9.1533017738753946e-06 -1.2594820000003489e-06
9 55 -6.2213055921341014e-06 4.6151657127413321e-06
9 56 -9.8179880520052483e-06 -1.7118609681032971e-06
9 57 -1.8679760180043688e-05 7.4304097169587123e-07
9 58 -1.7665961862519206e-05 2.7190302017352770e-06
9 59 -2.0340822866547601e-05 -3.2610123669757197e-06
9 60 -1.1788882043752945e-05 -8.3239186702960696e-06
9 61 -2.5774623547475038e-05 -3.4484549665298941e-06
9 62 -3.1847024677392625e-05 1.1743222077750902e-05
9 63 -3.5539487971510536e-05 5.4958696270559044e-06
9 64 -6.8327365319473740e-05 1.8764365328396224e-06
9 65 -2.4683665983083877e-05 3.6262869407251381e-06
9 66 -7.5486820291828470e-05 3.5830914799048390e-05
9 67 -8.2593477271487888e-05 -2.9329119599610272e-05
9 68 -1.3489649808038658e-04 1.0617277034623911e-05
9 69 -6.9668198900073845e-05 -4.2029240583711102e-05
9 70 -2.4372579959311056e-04 3.7692080369742434e-05
9 71 -1.5270981759510078e-04 -1.0602676012772265e-04
10 0 1.1155608852096390e-04 -2.5771817163604336e-04
10 1 -2.7346003535321374e-05 -1.1577659488910520e-04
10 2 -1.0785728817596014e-04 2.6561548253509481e-05
10 3 -1.2535601324312320e-04 5.9707116470750128e-05
10 4 -5.9187769347064894e-06 7.4364404246532768e-05
10 5 -1.3627024297223835e-04 2.7152499436447033e-05
10 6 -1.4917778748605002e-06 -7.7860013204339684e-05
10 7 -3.4285215415423741e-05 -1.8608114010373867e-05
10 8 -7.6982081684005211e-05 7.7451137557833096e-06
10 9 -1.0939226269397233e-05 1.7217491932601704e-05
10 10 5.6928593071646480e-06 -1.9472816457788292e-05
10 11 -1.2818555751963448e-06 -1.3199054868304424e-05
10 12 -1.3371012972764791e-05 3.4640449349866642e-06
10 13 -6.9535951859225040e-06 2.0586614687643009e-05
10 14 -2.0371093618667454e-05 -1.6760424215292247e-05
10 15 -9.8244479326988447e-06 1.3161489709965272e-06
10 16 2.5771434679444359e-06 -5.7626881215954537e-07
10 17 -8.8607158798252289e-07 1.1807775831640994e-06
10 18 -6.2429696006155558e-06 1.2659767015729838e-06
10 19 -4.8493058603260611e-06 1.0726467753175223e-07
10 20 -2.2237785048682741e-06 3.6506382634543021e-06
10 21 -2.9883789983294275e-06 -2.6855428888972507e-06
10 22 -1.0025885167919194e-08 1.1528443975105279e-06
10 23 -6.0439141149219376e-07 -1.5676216889928214e-06
10 24 -1.6308529959917411e-06 -5.2580804201441220e-08
10 25 7.9424572241008910e-07 1.2988607997011218e-07
10 26 -4.0211635375989142e-07 -1.5334159870503988e-06
10 27 -1.4591389332299254e-06 -1.4370940017827913e-06
10 28 6.6640740183014845e-07 -1.2599911290386636e-06
10 29 -9.2868449597640154e-07 8.1380374273504647e-07
10 30 -6.8633222336722668e-07 -9.8670566301213323e-07
10 31 -4.9906457184218700e-07 1.4736164730652390e-06
10 32 -1.2520842881966927e-06 1.0712769056222884e-06
10 33 -1.0737778087206270e-06 2.5120133650177491e-07
10 34 -4.0078743234932500e-07 1.1685874892472698e-06
10 35 -1.9931385682164065e-06 9.9532366885117400e-07
10 36 -1.9733140415561625e-06 2.8347297981016938e-07
10 37 -8.0877312745461256e-07 -6.3360854026057282e-08
10 38 -8.1963206225658979e-07 -8.8290888308660656e-07
10 39 -6.6925362501133320e-07 2.6651165844675382e-07
10 40 -1.6763590815203201e-06 5.4717780443313293e-07
10 41 -1.1741959978453199e-06 8.4816324260051973e-07
10 42 -1.7684819865124570e-06 -5.8872577666997011e-07
10 43 -1.6765814440102658e-06 -5.9459632803934056e-07
10 44 -1.9272048358821537e-06 1.2755679360658787e-06
10 45 -8.6861587013833319e-07 -8.5473036419675075e-09
10 46 -3.8878523207578281e-07 -1.3058708879536816e-06
10 47 -5.7401379856467134e-07 8.3326536612661488e-07
10 48 -3.0768807936682406e-06 -1.8210234910525186e-07
10 49 -1.0324060158971228e-06 1.6244672601939954e-06
10 50 -4.6645407228663412e-06 7.4342082777801194e-07
10 51 -5.4459445756038009e-06 -1.2221781954841341e-06
10 52 -6.6534976355513269e-06 2.6364874479264491e-07
10 53 -6.2326524541333833e-06 2.4242801358342142e-06
10 54 -5.3506579463030896e-06 3.5089307735473658e-07
10 55 -1.6151702311668641e-06 4.4884100789667039e-06
10 56 -4.4542889966304756e-06 -7.1443307819107223e-07
10 57 -1.2560051844729612e-05 3.2146283714181113e-06
10 58 -9.4225925235374037e-06 -5.2960681376034539e-07
10 59 -1.4449382328207932e-05 -9.5488183105252675e-08
10 60 -2.9325393808425017e-06 -8.7145437916816941e-06
10 61 -1.7642453724697460e-05 -4.5320826841860885e-06
10 62 -1.8685631124633269e-05 1.3904183193386921e-05
10 63 -1.8503739361637681e-05 -5.2174732900574914e-06
10 64 -4.3881935772245711e-05 -1.5558692107356273e-06
10 65 -2.0393774647756923e-06 1.7374256727054498e-05
10 66 -5.4223987051163066e-05 4.1315303421936163e-05
10 67 -4.1970835597213580e-05 -4.4608909454362117e-05
10 68 -8.2149009225017901e-05 1.1353149412333376e-05
10 69 -1.7933790091446213e-05 -4.7958612676549486e-05
10 70 -1.7103545200503916e-04 8.8122336892495510e-06
10 71 -5.3732098636891413e-05 -1.2144729845640818e-04
