0 0 -1.1504206218421889e+00 -1.9798237946110646e-19
0 1 -1.3550394125026591e-01 3.2056520050548818e-20
0 2 -4.6262351131462501e-02 1.0157961200313713e-21
0 3 -2.9182552370240956e-02 2.7968750081693674e-21
0 4 -2.3154688198994383e-02 -4.9676724799738795e-22
0 5 -1.9388462229181311e-02 1.3043091635612591e-21
0 6 -1.7147640909271861e-02 5.6150191621944321e-22
0 7 -1.4985699243774358e-02 5.3110068536831563e-22
0 8 -1.2914740077293117e-02 1.4280296285630132e-22
0 9 -1.0916646246094787e-02 -6.6991802704510520e-22
0 10 -8.8293219359032796e-03 3.7516872419404491e-22
0 11 -7.0994132820788114e-03 5.3205423766562819e-22
0 12 -5.6834095448538022e-03 -7.6140710382820094e-23
0 13 -4.6504468911642413e-03 1.5806957771271231e-22
0 14 -3.7541139389138294e-03 -1.8791295187392480e-23
0 15 -3.1689861429613263e-03 -3.8314536364484728e-23
0 16 -2.7030267219971182e-03 4.0606542266659476e-23
0 17 -2.2597454620726098e-03 -1.2770236659413426e-23
0 18 -1.9095737372493062e-03 -1.6573319225540394e-23
0 19 -1.5892275883957713e-03 -4.2312255534968748e-24
0 20 -1.3391572823404213e-03 5.2537809381690230e-23
0 21 -1.1868075909564275e-03 -5.5588635343483579e-24
0 22 -1.0435503022621735e-03 4.9815884970083226e-23
0 23 -8.9209267531556772e-04 2.4642939940629829e-23
0 24 -7.4776991888606708e-04 -1.4268382988644017e-23
0 25 -6.4232771828267275e-04 4.6320292715864384e-25
0 26 -5.6684557966142450e-04 -1.2351921511723023e-23
0 27 -5.1106721625261838e-04 -1.5758679196323089e-23
0 28 -4.7394068076096334e-04 5.0191204126892443e-24
0 29 -4.5647313966814640e-04 8.8758234386990933e-25
0 30 -4.2270823395676395e-04 -1.6728379382485774e-23
0 31 -3.6662621257709725e-04 -1.7425869844940767e-24
0 32 -3.0258460783088469e-04 -2.8440804081671965e-24
0 33 -2.5362636751532868e-04 2.6514953837539676e-24
0 34 -2.2332762520008988e-04 9.9662405183684930e-24
0 35 -2.0238185605921178e-04 -4.4633735547970119e-24
0 36 -1.8647600812630858e-04 -8.1591002098630710e-25
0 37 -1.7077905266857954e-04 -1.5046049928340785e-23
0 38 -1.5738080162401504e-04 -3.8074822328196847e-24
0 39 -1.5084217947669001e-04 1.5008095898416825e-24
0 40 -1.4958688099210433e-04 5.2024477986549639e-24
0 41 -1.5846786597217629e-04 1.0808266600054391e-23
0 42 -1.7227504099135587e-04 4.7083822018288702e-24
0 43 -1.8639346357465872e-04 1.4956473896368764e-24
0 44 -2.0695091463910777e-04 4.7267950781870871e-25
0 45 -2.3556784632546075e-04 -3.5195396664532700e-24
0 46 -2.9012225942751438e-04 1.1400226203518482e-25
0 47 -3.4097104597986848e-04 6.4826599235896399e-24
0 48 -3.7309287017411993e-04 1.8736050081216089e-23
0 49 -4.0545376994739643e-04 -1.2191131460298820e-23
0 50 -4.4836906885305043e-04 -2.1935267336709125e-23
0 51 -5.1259220836387398e-04 2.2546173294678158e-23
0 52 -6.1198276547284869e-04 -2.8586514649433703e-23
0 53 -7.4485559238244507e-04 1.5660712212789195e-23
0 54 -9.0559634392524868e-04 -3.0619998551091841e-23
0 55 -1.1023551936218984e-03 2.7139141052645394e-23
0 56 -1.3324551867628235e-03 -1.0852671846053993e-23
0 57 -1.6188566146920660e-03 -6.7365548549841928e-24
0 58 -2.0846356921641160e-03 5.6510746663125893e-23
0 59 -2.6678673674231284e-03 1.6846666419062764e-22
0 60 -3.3979775536933775e-03 4.2693114433358544e-23
0 61 -4.2994340300565766e-03 5.2333025949947437e-23
0 62 -5.0525909044521929e-03 2.4202846028598222e-22
0 63 -5.6060506541302738e-03 3.7936610512426284e-23
0 64 -6.3011113948332120e-03 2.4217320243891862e-22
0 65 -7.0789910010964517e-03 -2.2874070321372618e-23
0 66 -8.6633914253386232e-03 1.4206112682184044e-23
0 67 -1.1651631414873626e-02 6.2305728119606605e-22
0 68 -1.6324240987655874e-02 1.1131793550775991e-21
0 69 -2.4945525053407951e-02 8.0724429387414272e-22
0 70 -4.8338196774788872e-02 -2.3915525780249911e-21
0 71 -1.4056597023506306e-01 3.4663681353091982e-20
1 0 -3.3670435765504630e-01 -2.9122169020862895e-04
1 1 -7.9456976640513099e-02 7.1921273124237817e-05
1 2 -3.2943207166427908e-02 -2.5617159912714847e-04
1 3 -2.2000669524984754e-02 -4.9592639717938956e-05
1 4 -1.7532354751641575e-02 -6.3323589014735305e-05
1 5 -1.4747143110699485e-02 4.8657294164619067e-05
1 6 -1.3099869692029883e-02 2.9324316186967006e-05
1 7 -1.1421438270232634e-02 -6.9556293009494905e-05
1 8 -9.8327832539219784e-03 -2.1449076214770610e-05
1 9 -8.3514204543502692e-03 -4.7018072524796162e-05
1 10 -6.7450003728615907e-03 -4.5903055810246281e-05
1 11 -5.4197008788799969e-03 -5.5700409299480278e-06
1 12 -4.3432423352764470e-03 8.4994962310228065e-06
1 13 -3.5572921115978053e-03 3.6387878581508070e-06
1 14 -2.8792472173991418e-03 4.2743895323662340e-06
1 15 -2.4321206789591318e-03 -4.6280486474124199e-06
1 16 -2.0763529400286270e-03 7.2388028582301431e-06
1 17 -1.7282647397960915e-03 4.8856248783378002e-06
1 18 -1.4627658989547589e-03 4.2033761817034082e-07
1 19 -1.2136744274042501e-03 -1.9108923521276254e-06
1 20 -1.0201950085980268e-03 8.0168546576231821e-07
1 21 -9.0586735145708672e-04 6.2785876996821382e-07
1 22 -7.9207390946218158e-04 5.0902624684964706e-06
1 23 -6.8033748380050458e-04 9.6033239198718812e-07
1 24 -5.7097975202713479e-04 -5.1295342161877629e-06
1 25 -4.9064574936929898e-04 -2.1403542022887717e-06
1 26 -4.3464625837598658e-04 -6.1801306961151801e-07
1 27 -3.9277899144984739e-04 2.1219400136544890e-06
1 28 -3.6411432355076660e-04 2.0862749328120746e-06
1 29 -3.5033009023611902e-04 8.6909860713154146e-07
1 30 -3.2504700405195313e-04 5.8497101870294080e-07
1 31 -2.8171298498325641e-04 1.4234928977103584e-06
1 32 -2.3117312306552263e-04 8.6615002194374233e-07
1 33 -1.9340038036618306e-04 2.1448371951222220e-07
1 34 -1.7071013920263265e-04 -4.8624196575908930e-07
1 35 -1.5487036515491223e-04 -1.2410445739643670e-06
1 36 -1.4287714454839254e-04 -1.7280370015094945e-10
1 37 -1.3024940978705374e-04 5.6753934933694783e-09
1 38 -1.2010820842410657e-04 -5.5897115421547778e-08
1 39 -1.1516394416808983e-04 -9.2523218446518207e-08
1 40 -1.1421750941483931e-04 4.6377403765725830e-07
1 41 -1.2110191439175935e-04 -7.5557737384451161e-08
1 42 -1.3172281340873056e-04 3.3155881947610461e-07
1 43 -1.4194806528430488e-04 -1.3742465992746578e-08
1 44 -1.5826208257656643e-04 -3.3767055933893451e-07
1 45 -1.7986071141616302e-04 7.2780223405875867e-07
1 46 -2.2163867594175108e-04 -2.1543075609800670e-07
1 47 -2.6116258875522904e-04 1.4916506128695016e-06
1 48 -2.8610086344826424e-04 1.4608427034036841e-06
1 49 -3.1127919077996331e-04 -2.2032353086535617e-07
1 50 -3.4407490352996660e-04 -6.8148952915573355e-07
1 51 -3.9196348026903873e-04 -1.4595243865140189e-06
1 52 -4.6457648536648037e-04 -3.0345686117401148e-06
1 53 -5.6813257814077066e-04 -2.1235961121525360e-06
1 54 -6.9147537373149138e-04 -4.1412294834458015e-07
1 55 -8.4066882374486673e-04 2.4614114009028441e-06
1 56 -1.0183137584246320e-03 4.2698992164859983e-07
1 57 -1.2361419068710566e-03 -2.4024983228781266e-06
1 58 -1.5939228982220057e-03 1.1297665698477524e-06
1 59 -2.0401092013493929e-03 8.7621917384923811e-06
1 60 -2.5860311614525297e-03 9.4222730716773212e-07
1 61 -3.2698465401812555e-03 5.0301780909045402e-06
1 62 -3.8521649918137652e-03 4.9399624042721336e-06
1 63 -4.2837905010154383e-03 7.9807245341261613e-06
1 64 -4.8350985604564247e-03 7.2226338039925405e-06
1 65 -5.4101252034540227e-03 4.5451232242248071e-06
1 66 -6.6363325238117127e-03 3.2729037222639485e-05
1 67 -8.8962229342621421e-03 3.3372009815273823e-05
1 68 -1.2420157446954195e-02 9.3326912143112717e-05
1 69 -1.8668766872584428e-02 4.6196628398016819e-05
1 70 -3.4375817058570395e-02 1.7658519137110667e-04
1 71 -8.3608386979048946e-02 -1.8449514852965886e-04
2 0 -1.0440399950477768e-01 5.4517975160954394e-04
2 1 -3.8902650695050313e-02 1.5811992970797348e-05
2 2 -1.8933296447878785e-02 -2.1260444570427272e-04
2 3 -1.3365270310997657e-02 -1.0378643214714974e-04
2 4 -1.0711854415070032e-02 -7.8720920169945819e-05
2 5 -9.0359609952854261e-03 8.8380056738179318e-05
2 6 -8.1109038392206886e-03 1.9260329506785178e-05
2 7 -7.0288930649719033e-03 -1.0475393625956625e-04
2 8 -6.0345469355734312e-03 -3.7342394531631875e-05
2 9 -5.1878118971518949e-03 -5.8735008341562032e-05
2 10 -4.1689871114676700e-03 -6.1178206309164091e-05
2 11 -3.3490971898012447e-03 -4.6924014599526898e-06
2 12 -2.6926346033743355e-03 1.3504626853284261e-05
2 13 -2.2143835438809254e-03 8.4162137350917899e-06
2 14 -1.8078599850586865e-03 5.8651454919285141e-06
2 15 -1.5215413777577597e-03 -6.5406099844602619e-06
2 16 -1.3028373696126214e-03 1.5038491380834331e-05
2 17 -1.0764254138779475e-03 9.1164539327664827e-06
2 18 -9.1285848211711826e-04 -1.1059527711413566e-06
2 19 -7.5069385647089798e-04 -3.8002045277802250e-06
2 20 -6.2925088583008206e-04 -3.9054624184632238e-07
2 21 -5.6145476658476319e-04 6.7373864654306502e-07
2 22 -4.8293513582034812e-04 6.2659602836791830e-06
2 23 -4.2033280896257991e-04 1.4124620036098323e-06
2 24 -3.5441444531038416e-04 -7.6222958133238815e-06
2 25 -3.0448683160021368e-04 -2.3214622141043088e-06
2 26 -2.7103595470713944e-04 -8.7882954249294911e-07
2 27 -2.4659733070504547e-04 2.4232655970511868e-06
2 28 -2.2775633589568761e-04 2.2958368291848821e-06
2 29 -2.1952055418774594e-04 1.1624335328200157e-06
2 30 -2.0473087350766927e-04 3.9883291734028926e-07
2 31 -1.7665825929790406e-04 1.8836279114749570e-06
2 32 -1.4357217074438937e-04 9.9871576691145878e-07
2 33 -1.1992759183155567e-04 -1.8595921694513312e-07
2 34 -1.0597901847591620e-04 -8.1768505486090016e-07
2 35 -9.6132678617387755e-05 -1.6771546302954961e-06
2 36 -8.9126866152020780e-05 -1.4886965405544071e-08
2 37 -8.0932499391326879e-05 -2.0319615401363248e-07
2 38 -7.4429445852485182e-05 -2.3607955234449094e-07
2 39 -7.1172583122850261e-05 7.1773747957049084e-09
2 40 -7.0602030945586438e-05 6.6059254846371363e-07
2 41 -7.5054032591157058e-05 1.1814584560884495e-08
2 42 -8.1770199987745302e-05 4.1810196660681187e-07
2 43 -8.7208435167106528e-05 -4.0392581070999822e-08
2 44 -9.8219014593359455e-05 -4.7667746884544373e-07
2 45 -1.1155170652680801e-04 7.5073695089403889e-07
2 46 -1.3729657607068445e-04 -5.2585829749426759e-07
2 47 -1.6276275076576417e-04 1.6354057793858061e-06
2 48 -1.7886669899077568e-04 1.7475603075699201e-06
2 49 -1.9538346759778234e-04 -8.0974506645336089e-07
2 50 -2.1506871594096996e-04 -1.2768972012440426e-06
2 51 -2.4335421778902985e-04 -1.9053206371844997e-06
2 52 -2.8516988966329431e-04 -3.2793326412957655e-06
2 53 -3.5169757315340163e-04 -3.2549582950304282e-06
2 54 -4.2688679534332502e-04 -1.3092319017165620e-06
2 55 -5.1742258176648527e-04 3.8265384969093428e-06
2 56 -6.3432832385394722e-04 8.5327144034275845e-07
2 57 -7.6930396505658601e-04 -2.0187868532185105e-06
2 58 -9.9247963667819638e-04 8.4709002521591011e-07
2 59 -1.2690861328079489e-03 8.1869856548054118e-06
2 60 -1.5868738201346337e-03 -1.7073345616012444e-07
2 61 -1.9972151561041336e-03 8.2736424177407099e-06
2 62 -2.3640017672499620e-03 1.0161901819157711e-05
2 63 -2.6489511683779089e-03 1.3863832405299741e-05
2 64 -3.0188899707146014e-03 7.1588560631860209e-06
2 65 -3.3643008600535928e-03 6.2432084639247403e-06
2 66 -4.1537841155878247e-03 4.6309421948404541e-05
2 67 -5.5248309955455051e-03 3.4708430807974635e-05
2 68 -7.6800063284900690e-03 1.1835387716704872e-04
2 69 -1.1212200901300904e-02 1.1938634040625316e-04
2 70 -1.9523486776526666e-02 3.4356586310538425e-04
2 71 -4.1448605547050953e-02 -3.9280929252524490e-04
3 0 -3.5776441558895034e-02 2.2136782694842771e-04
3 1 -1.8603727139826869e-02 2.4717689747824178e-04
3 2 -1.0115907168514585e-02 -1.5576942107821678e-05
3 3 -7.4930238301282245e-03 -1.5528462733685632e-04
3 4 -6.0268657755399675e-03 -8.1318940096070403e-05
3 5 -5.0765269084041319e-03 1.0610752062561236e-04
3 6 -4.6381226285296655e-03 -2.0163355474738248e-05
3 7 -3.9881798709073598e-03 -1.0082306331284107e-04
3 8 -3.4219665779906161e-03 -3.5507471507698693e-05
3 9 -2.9743610121378381e-03 -5.3734624953503713e-05
3 10 -2.3797629433747049e-03 -6.7635586775826210e-05
3 11 -1.8981282704621510e-03 -3.9574187100122607e-06
3 12 -1.5350079715168619e-03 1.2104225885650919e-05
3 13 -1.2807629724346434e-03 6.4618470874033308e-06
3 14 -1.0532064272248428e-03 5.3563191011303817e-06
3 15 -8.7737893941573731e-04 -6.2215725992875491e-06
3 16 -7.5817823588228233e-04 1.8869093730436741e-05
3 17 -6.2105931988259326e-04 1.0973675710202001e-05
3 18 -5.2960507397177147e-04 -4.3631285613394793e-06
3 19 -4.2821838652727699e-04 -3.1061188352773161e-06
3 20 -3.5962079070643609e-04 -8.0697411182381775e-07
3 21 -3.2157998909616977e-04 -1.9590756662238895e-07
3 22 -2.7117694084118711e-04 5.3763389714499538e-06
3 23 -2.3965278918494033e-04 2.8353561057047512e-07
3 24 -2.0415508650514238e-04 -8.0791541267314429e-06
3 25 -1.7499204296993795e-04 -1.7249448173167497e-06
3 26 -1.5682599865260959e-04 -9.7517079197471578e-07
3 27 -1.4373874010985212e-04 1.9094439282478228e-06
3 28 -1.3211873973799254e-04 1.9053115955638739e-06
3 29 -1.2808578010585484e-04 1.3221192262705170e-06
3 30 -1.2087471491877874e-04 6.1826108121503311e-07
3 31 -1.0247097691838648e-04 2.1425223011495836e-06
3 32 -8.2731634404505238e-05 8.0600235486246076e-07
3 33 -6.9032552731854670e-05 -5.3743745855121385e-07
3 34 -6.0819253081742407e-05 -1.0570960800332755e-06
3 35 -5.5180151914747949e-05 -1.7162332545035309e-06
3 36 -5.1670853917397741e-05 -1.6548521751802245e-07
3 37 -4.6601748492877165e-05 -3.1095647581947123e-07
3 38 -4.2715493038239521e-05 -3.3043153713205725e-07
3 39 -4.0416228113821161e-05 1.2454627155967396e-07
3 40 -4.0203950597089882e-05 6.5091991618234239e-07
3 41 -4.2892016822762329e-05 9.9863285821836312e-08
3 42 -4.6796173607048927e-05 2.8988960555060149e-07
3 43 -4.9413878620725616e-05 2.6008076407691024e-08
3 44 -5.6191133380051630e-05 -3.3849673496207869e-07
3 45 -6.4124447826509353e-05 4.5909952858710480e-07
3 46 -7.8931071982286702e-05 -5.9253890283166705e-07
3 47 -9.3918194896371629e-05 8.8892673375243489e-07
3 48 -1.0314099252959348e-04 1.6589358620674871e-06
3 49 -1.1412475582693955e-04 -1.1921630801084879e-06
3 50 -1.2454655179884382e-04 -1.5201270877368949e-06
3 51 -1.3975160327829025e-04 -1.7351150892405359e-06
3 52 -1.6178308653271996e-04 -2.6657095923805128e-06
3 53 -2.0100553821267918e-04 -3.4870597719231536e-06
3 54 -2.4301852078282481e-04 -2.8954208393068239e-06
3 55 -2.9284443537391412e-04 3.7806759106234918e-06
3 56 -3.6452820558204485e-04 1.6358609416866563e-06
3 57 -4.4237264442233235e-04 -1.4236219883263361e-06
3 58 -5.7317966090011409e-04 2.1852902389059090e-06
3 59 -7.3205707950323054e-04 5.6528377443894243e-06
3 60 -8.9796601879800876e-04 -3.2837152049799168e-06
3 61 -1.1143868512030032e-03 1.3736437751212402e-05
3 62 -1.3451961619065800e-03 1.5056401452532387e-05
3 63 -1.5145450481330058e-03 1.2793550360651025e-05
3 64 -1.7532280884116895e-03 4.4872060127876257e-06
3 65 -1.9476835228997059e-03 1.2445355039394652e-05
3 66 -2.4184207354135908e-03 5.1353218790581987e-05
3 67 -3.1731669709011475e-03 2.6237373089014486e-05
3 68 -4.3857823883182738e-03 1.1112161196746047e-04
3 69 -6.2022320195392073e-03 1.8308878789557605e-04
3 70 -1.0042593788362818e-02 4.1178019574602783e-04
3 71 -1.9623241640603924e-02 -1.4683326542190195e-04
4 0 -1.3570224478615358e-02 7.6485504534463305e-05
4 1 -8.8029779094156730e-03 2.3560559914389780e-04
4 2 -5.1195481949968648e-03 1.5412981723695392e-04
4 3 -4.0733456274612660e-03 -1.5437173092102029e-04
4 4 -3.2592287055342307e-03 -6.2583210263394024e-05
4 5 -2.6842204210223530e-03 6.2697796034035658e-05
4 6 -2.5553251722851772e-03 -6.2423108024052507e-05
4 7 -2.1583956902808776e-03 -6.7102254095406048e-05
4 8 -1.8727608286439913e-03 -1.7555715864079106e-06
4 9 -1.6303844114711088e-03 -4.4981281134185859e-05
4 10 -1.3020124622920340e-03 -5.1364439677304071e-05
4 11 -1.0197933681750405e-03 1.1508080618590862e-06
4 12 -8.3717950039081707e-04 1.1882708885823393e-05
4 13 -7.1223477839225447e-04 2.6781981433100350e-06
4 14 -5.8696664238479539e-04 6.5137881718610215e-06
4 15 -4.8617145531743483e-04 -2.2585993750432455e-06
4 16 -4.2190597071779069e-04 1.9033684768385426e-05
4 17 -3.4261283034675843e-04 1.3765239727545818e-05
4 18 -2.9670325745220918e-04 -6.4963443221918542e-06
4 19 -2.3135021292644212e-04 -1.8452564651292440e-06
4 20 -1.9761888607409644e-04 1.6847093084740000e-08
4 21 -1.7694779309647925e-04 -1.2061697229323159e-06
4 22 -1.4803021563075905e-04 3.3334024964724134e-06
4 23 -1.2918654536760824e-04 1.5863989129800654e-07
4 24 -1.1317334568800998e-04 -6.9623310634399565e-06
4 25 -9.6073888857790919e-05 -1.0632347800441876e-06
4 26 -8.7177811551316988e-05 -1.1956205717494116e-06
4 27 -8.0181774683723309e-05 7.0876161601143567e-07
4 28 -7.3128254587285466e-05 1.6978656805694044e-06
4 29 -7.2371353293798326e-05 1.2784171633442437e-06
4 30 -6.9497321322990909e-05 8.7794058091037060e-07
4 31 -5.7488522900001316e-05 2.3471624041760178e-06
4 32 -4.6292640118097556e-05 4.9665763093097167e-07
4 33 -3.8348511866328064e-05 -5.1956581496005123e-07
4 34 -3.3734092800900176e-05 -1.1350922908435721e-06
4 35 -3.0393745981791871e-05 -1.7083556981184519e-06
4 36 -2.8808574235505428e-05 -4.6962088066631408e-07
4 37 -2.5449396622180468e-05 -2.4534785242210675e-07
4 38 -2.3763304753486108e-05 -2.3262438391119251e-07
4 39 -2.1943772736967407e-05 1.1784067639189101e-07
4 40 -2.1843635968708333e-05 4.8995841344531020e-07
4 41 -2.3459169111811259e-05 1.2389211387844397e-07
4 42 -2.5785918390558377e-05 1.8125875675863238e-08
4 43 -2.6915165599547908e-05 2.7661261194307984e-08
4 44 -3.0771311652173741e-05 6.2182815433990485e-09
4 45 -3.5158725940444182e-05 3.0466610066646874e-07
4 46 -4.3545324652497706e-05 -7.5508895336792266e-07
4 47 -5.2029711880015669e-05 1.0392316230091454e-07
4 48 -5.6304458946139313e-05 1.2241316997551497e-06
4 49 -6.4255428320175267e-05 -1.5159023665655034e-06
4 50 -6.9350642976906532e-05 -1.6113063644897584e-06
4 51 -7.6646772001676545e-05 -1.4023627238828314e-06
4 52 -8.8189231799175332e-05 -2.3776483792237676e-06
4 53 -1.0953733319398016e-04 -3.5898939033550425e-06
4 54 -1.3171971200266047e-04 -4.3614026750611379e-06
4 55 -1.5872698067791868e-04 2.6710001560052966e-06
4 56 -1.9934116053211621e-04 2.3050923606178377e-06
4 57 -2.4167325486441411e-04 -5.3925216946301986e-07
4 58 -3.1641334810998266e-04 4.9860111707210587e-06
4 59 -4.0722770730375877e-04 4.5916875454780616e-06
4 60 -4.9063430874623484e-04 -5.6269125892572982e-06
4 61 -5.9137374825734288e-04 1.4484043082245446e-05
4 62 -7.4240209398343700e-04 1.6797550180604463e-05
4 63 -8.2982586261716581e-04 8.4723910765917201e-06
4 64 -9.8284990957931469e-04 -3.3852942085001681e-06
4 65 -1.0873561258635937e-03 1.3714097470968972e-05
4 66 -1.3527034880668439e-03 4.6419102824849340e-05
4 67 -1.7471704761468157e-03 2.3430500537268176e-05
4 68 -2.3935756068709842e-03 9.6834970969946306e-05
4 69 -3.3121670510441441e-03 1.6799608945286288e-04
4 70 -4.9497917112533004e-03 3.3825642551197607e-04
4 71 -9.1489871192799634e-03 6.3081500402380748e-05
5 0 -5.3762593582085162e-03 -3.5255172655536860e-04
5 1 -4.0978524740361627e-03 9.1200629661362595e-05
5 2 -2.5347154903383688e-03 1.8260782592608598e-04
5 3 -2.1450715934857611e-03 -1.4604674457739962e-04
5 4 -1.7002394418175971e-03 -7.9196495456113425e-05
5 5 -1.3492080266022100e-03 -1.0674133601827446e-05
5 6 -1.3614218079518183e-03 -7.5643743944213342e-05
5 7 -1.1138697277001688e-03 -3.8524393449839900e-05
5 8 -9.9064195562453068e-04 1.3527280769643345e-05
5 9 -8.6106939800495929e-04 -4.8061812427248190e-05
5 10 -6.8914159509614813e-04 -2.4413567703810670e-05
5 11 -5.2130308755320295e-04 4.1474050268314286e-06
5 12 -4.4511792141801337e-04 1.7707382045428217e-05
5 13 -3.8440758658039279e-04 -6.8174891244692989e-07
5 14 -3.1835260929677790e-04 7.7119900563889308e-06
5 15 -2.6305126829742593e-04 -5.2626704211721732e-07
5 16 -2.2556415115437345e-04 1.6684672010793697e-05
5 17 -1.8434261645735176e-04 1.4740946010710698e-05
5 18 -1.6457544593579369e-04 -6.8069646092199262e-06
5 19 -1.1945155960935014e-04 -1.6353861985527768e-06
5 20 -1.0606459703080540e-04 -1.6565042402793042e-08
5 21 -9.5001433707293150e-05 -1.0099292040953801e-06
5 22 -8.0501119197330250e-05 1.7511480638137573e-06
5 23 -6.6473846017819560e-05 1.9646328632724248e-07
5 24 -6.0786228377068921e-05 -4.5706679331153851e-06
5 25 -5.1331828300694987e-05 -4.8245575404599542e-07
5 26 -4.7398236965871698e-05 -1.3234454122562644e-06
5 27 -4.3218387338395948e-05 -8.1823894871491187e-08
5 28 -3.9084040959618076e-05 1.4624066312760370e-06
5 29 -4.0248471903294495e-05 1.4380366927662111e-06
5 30 -3.9475658644765305e-05 5.6092224173736950e-07
5 31 -3.1517600613485545e-05 2.5158457083113574e-06
5 32 -2.5580817231354070e-05 2.9838885511106168e-07
5 33 -2.0520180530287395e-05 -5.7463916095508570e-07
5 34 -1.8276523780608129e-05 -1.1280200266611321e-06
5 35 -1.6271467540829278e-05 -1.6933281913601411e-06
5 36 -1.5716104068407432e-05 -6.3773743499250789e-07
5 37 -1.3280208352882151e-05 -2.3975455671516259e-07
5 38 -1.3075389568579865e-05 -1.4676027975116174e-07
5 39 -1.1604958787984322e-05 2.4986801081896188e-08
5 40 -1.1529184001100935e-05 3.1395035741549618e-07
5 41 -1.2419010474844964e-05 4.3083866248093245e-08
5 42 -1.3753147091383443e-05 -2.7513991680121887e-07
5 43 -1.4483844841727921e-05 8.3368976703774651e-08
5 44 -1.6543451244219725e-05 2.4461168761011460e-07
5 45 -1.8805159787692430e-05 3.4366713256695756e-07
5 46 -2.3438092284556859e-05 -8.8551684631126571e-07
5 47 -2.8272745889518501e-05 -4.5448646407594738e-07
5 48 -2.9018596243561755e-05 9.9125541708362258e-07
5 49 -3.5265046071998066e-05 -1.7034173162084815e-06
5 50 -3.7646030236604085e-05 -1.4540627339468587e-06
5 51 -4.0182582163371508e-05 -9.7770714488350095e-07
5 52 -4.6611338547978156e-05 -1.5289018503291424e-06
5 53 -5.7328233296856040e-05 -3.0297079231414960e-06
5 54 -6.8759729925086570e-05 -5.4848824621800808e-06
5 55 -8.4142453863753202e-05 7.1339951567847557e-07
5 56 -1.0458848820134900e-04 3.0045958746133197e-06
5 57 -1.2552043832102607e-04 -4.0900381551471285e-07
5 58 -1.6791191863843637e-04 6.6244486600559706e-06
5 59 -2.2367648719046705e-04 2.0953011718364507e-06
5 60 -2.6531534602516308e-04 -5.3289252548630023e-06
5 61 -3.0096284050502051e-04 1.1777206383700939e-05
5 62 -4.0355926591109821e-04 1.7209501552697544e-05
5 63 -4.3934900931544502e-04 4.1538215370935883e-06
5 64 -5.4082721896298426e-04 -1.3512750371290665e-05
5 65 -5.9373354829684406e-04 1.3726552330408171e-05
5 66 -7.3801695410860807e-04 3.7307929115492246e-05
5 67 -9.2579689694353333e-04 6.4300133551673200e-06
5 68 -1.2800437341128751e-03 6.5706317426221237e-05
5 69 -1.7363234037551783e-03 1.2005891891402131e-04
5 70 -2.3503367011754061e-03 2.4387545319753568e-04
5 71 -4.1713953890499247e-03 9.5989008438717016e-05
6 0 -2.4350123636916361e-03 -3.6856327437178715e-04
6 1 -1.9447563927367745e-03 9.9951229813058346e-05
6 2 -1.2784650435630378e-03 1.1336786327941116e-04
6 3 -1.0868262015908932e-03 -1.5147413958147845e-04
6 4 -8.6386310471389010e-04 -6.0497064657188349e-05
6 5 -6.7098280566551269e-04 -5.3147147092164090e-05
6 6 -7.0851281782400633e-04 -1.0267336139442125e-04
6 7 -5.5184246807931942e-04 -2.1856723793719955e-05
6 8 -4.9135763520890738e-04 2.3357389988589017e-06
6 9 -4.4642374135307939e-04 -5.3181521489742602e-05
6 10 -3.5090798363433530e-04 2.0918452044839363e-06
6 11 -2.5477012503412062e-04 -3.0420381441366355e-06
6 12 -2.2898789993902079e-04 2.3051698825121556e-05
6 13 -2.0483711982185405e-04 -3.0194435576152421e-06
6 14 -1.6650160802623027e-04 5.6111729991121291e-06
6 15 -1.3756640222761457e-04 -1.9004373547890631e-06
6 16 -1.1805064705935527e-04 9.8699933675486238e-06
6 17 -9.7344977887122740e-05 1.4963331008119090e-05
6 18 -9.0765461199210620e-05 -3.4201966568915289e-06
6 19 -5.8609895582121464e-05 -1.9615184487355005e-06
6 20 -5.5550253833710095e-05 5.0715511449355658e-07
6 21 -4.8977151169647325e-05 -3.3010571495311530e-07
6 22 -4.4208461509014037e-05 3.3226092713113109e-07
6 23 -3.2657722402159017e-05 4.0363300641633620e-07
6 24 -3.1908369169519112e-05 -2.3784141442994787e-06
6 25 -2.6859645667494440e-05 -7.9389675657493401e-07
6 26 -2.5290734062611230e-05 -9.3264140148483003e-07
6 27 -2.2937073625774003e-05 -3.6219814461036344e-08
6 28 -2.0721499737247718e-05 1.3611441930891270e-06
6 29 -2.2700977765437178e-05 1.5460450944786221e-06
6 30 -2.2278730588867130e-05 6.3866008412777944e-07
6 31 -1.6957889386484236e-05 2.4410701247367279e-06
6 32 -1.4283255351311038e-05 1.9931996296576580e-07
6 33 -1.0456627119974012e-05 -9.4444513432324624e-07
6 34 -9.5839032700292583e-06 -1.0437383577581978e-06
6 35 -8.3473396629638674e-06 -1.4544392556255806e-06
6 36 -8.4871195152294953e-06 -5.3992261778447840e-07
6 37 -6.5934886574163229e-06 -1.1834046335609331e-07
6 38 -7.2117589577761306e-06 -3.6492010346099225e-07
6 39 -6.0382793173404383e-06 -7.6705511318064311e-08
6 40 -5.9472093766733206e-06 1.9297893726836350e-07
6 41 -6.3858469178849018e-06 -1.3359332361110947e-07
6 42 -7.2169415262826104e-06 -4.8109918584858921e-07
6 43 -7.7363178342365620e-06 8.6235917427355805e-08
6 44 -8.8598729553739107e-06 3.1796499268589115e-07
6 45 -9.9324624022943693e-06 2.4449124753596694e-07
6 46 -1.2430564116320903e-05 -7.7690024682113075e-07
6 47 -1.5418378720118211e-05 -9.8172128332765529e-07
6 48 -1.4108301217883680e-05 7.5502173469360758e-07
6 49 -1.8585574236764397e-05 -1.7401318925669661e-06
6 50 -1.9814883022760306e-05 -9.1564355563543977e-07
6 51 -2.0110891130821355e-05 -1.1073093781041902e-06
6 52 -2.3856214442940469e-05 -8.9082871797027655e-07
6 53 -2.9346202218088303e-05 -1.5183001209648829e-06
6 54 -3.4660000877768673e-05 -5.4955064049753636e-06
6 55 -4.4167710327857344e-05 -8.7817642867725870e-07
6 56 -5.3561314063562955e-05 2.6229673792713030e-06
6 57 -6.2090750645964708e-05 4.4795468777529206e-07
6 58 -8.7934883012053764e-05 5.9132021298596952e-06
6 59 -1.2233242195513889e-04 -1.7348232734719178e-06
6 60 -1.4299651727702593e-04 -1.8816668600968521e-06
6 61 -1.4538764386293996e-04 8.7339598240849503e-06
6 62 -2.1630896217588437e-04 1.8739341471895520e-05
6 63 -2.1948746276856076e-04 -6.4024743996723175e-07
6 64 -2.8966622230825958e-04 -2.4155796172928213e-05
6 65 -3.1786458965075526e-04 1.4686733435206180e-05
6 66 -3.9449565686306380e-04 3.3649685285491374e-05
6 67 -4.7464191975013547e-04 -1.2590755108425920e-05
6 68 -6.8094974348930997e-04 2.3612904493690463e-05
6 69 -8.9596847650023253e-04 6.9420975193378411e-05
6 70 -1.0998024235688529e-03 1.3563244684968888e-04
6 71 -1.8024068601283332e-03 6.9036129662117219e-06
7 0 -9.4709378525275863e-04 -2.8639479928324645e-04
7 1 -1.0298501946414849e-03 7.8401597326427277e-05
7 2 -6.7990921384590932e-04 6.5439507358139586e-05
7 3 -5.4223676872847647e-04 -1.6198807447904818e-04
7 4 -4.4038633609274898e-04 -2.4490998005943679e-05
7 5 -3.2982112981753508e-04 -6.8139584199301367e-05
7 6 -3.7852024864921350e-04 -9.2245131974501621e-05
7 7 -2.6970012791419936e-04 -1.3114485024312433e-05
7 8 -2.1912438197966655e-04 -7.4303734780403702e-06
7 9 -2.2502992677224048e-04 -5.4884941130666290e-05
7 10 -1.6294873890078751e-04 2.0863779329492677e-05
7 11 -1.1790052244528317e-04 -8.9741069112575933e-06
7 12 -1.1213187860878173e-04 2.4723203448115522e-05
7 13 -1.0897702910079537e-04 -4.0649319148958519e-06
7 14 -8.4583226812268416e-05 7.7792137286000835e-07
7 15 -6.7670772927515727e-05 -4.3912476883763158e-07
7 16 -6.3342370904110123e-05 1.4788916708681319e-06
7 17 -5.2260448572474810e-05 1.4632441121207760e-05
7 18 -5.1631383857392494e-05 -2.7426619405407675e-07
7 19 -2.6911980885351248e-05 -2.5996260056302826e-06
7 20 -2.8329965087873223e-05 5.2506881471380664e-07
7 21 -2.5202770434270695e-05 5.3932957595505188e-07
7 22 -2.4969322168398080e-05 -1.0603414343644486e-06
7 23 -1.5227264533389661e-05 7.9191945435425082e-07
7 24 -1.6516892577753403e-05 -5.4642480323481601e-07
7 25 -1.3366135421856858e-05 -1.1199506885040576e-06
7 26 -1.3114898527335686e-05 -1.0973308177853210e-06
7 27 -1.2342661087005140e-05 4.0554343720236945e-07
7 28 -1.0944530518528681e-05 1.6132348804611476e-06
7 29 -1.3021423535098705e-05 1.3361864224106548e-06
7 30 -1.2569865223368632e-05 9.2366079239314676e-07
7 31 -9.0249923187197216e-06 1.8807633573677826e-06
7 32 -8.1031033647970922e-06 -1.0158292452769375e-07
7 33 -5.0672967248598783e-06 -1.1007957592035917e-06
7 34 -4.7120567781484771e-06 -1.0756232457084387e-06
7 35 -3.7766085752800472e-06 -9.7792882280182631e-07
7 36 -4.4387277199433074e-06 -3.8819114810183604e-07
7 37 -2.9600643689931980e-06 2.0594240072845577e-08
7 38 -3.8840853297685268e-06 -6.0289063694472073e-07
7 39 -3.0765644521774311e-06 -4.8694153259361434e-08
7 40 -2.9549977236875243e-06 1.0730129124038851e-07
7 41 -3.0928346821763748e-06 -3.2506611795863767e-07
7 42 -3.7052337869361227e-06 -6.0751501483232829e-07
7 43 -4.1637204819528220e-06 1.7347745253518695e-07
7 44 -4.6212238410906083e-06 1.9397612748269819e-07
7 45 -5.3469322230316054e-06 1.2905763782400222e-07
7 46 -6.5818458414313371e-06 -5.3156107755340037e-07
7 47 -8.6372534189685412e-06 -1.2020376241761826e-06
7 48 -6.3677682966268158e-06 7.3733866965910249e-07
7 49 -9.4528308121210468e-06 -1.7698692744464221e-06
7 50 -1.0187023417534306e-05 -5.2282341203620177e-07
7 51 -9.8248141517474648e-06 -1.3673846075744768e-06
7 52 -1.1340896644651048e-05 -1.2502075181054199e-07
7 53 -1.5213654925354307e-05 2.0410691574168778e-08
7 54 -1.6684736035113712e-05 -4.9344985479998706e-06
7 55 -2.3156817742160072e-05 -2.2159410998137966e-06
7 56 -2.7143050735913132e-05 1.8482875597596433e-06
7 57 -2.7391632981182588e-05 7.6749076841029813e-07
7 58 -4.6268171466539404e-05 4.1116200813536050e-06
7 59 -6.7561711098156405e-05 -4.7107312081611685e-06
7 60 -7.7563011948047277e-05 2.9910662374715151e-06
7 61 -6.2705630530231505e-05 5.7584268871258636e-06
7 62 -1.1302121142943853e-04 1.7791652493019365e-05
7 63 -9.7338608497581826e-05 -1.5840841464182203e-06
7 64 -1.5453896794918374e-04 -2.9834093997405599e-05
7 65 -1.6508557630541966e-04 2.0634989221481641e-05
7 66 -2.0941494490816460e-04 3.1638736048856207e-05
7 67 -2.3280102488613163e-04 -2.5933518860651225e-05
7 68 -3.5968177523570597e-04 -1.3725555399391427e-05
7 69 -4.5215614556343262e-04 4.3823088687270917e-05
7 70 -4.6488102677851885e-04 6.2665189729450884e-05
7 71 -6.5210322569018823e-04 -6.4299337130749047e-05
8 0 -5.1295572135293978e-04 -1.2784747420256762e-04
8 1 -6.1415228898110605e-04 8.9613305116827546e-06
8 2 -3.7339296726861861e-04 1.3445057976851068e-05
8 3 -2.7401524473064581e-04 -1.4926707461063982e-04
8 4 -2.3735743550221185e-04 -1.6059432450932980e-05
8 5 -1.5016645693410825e-04 -6.4372899469616369e-05
8 6 -2.0810270683549529e-04 -4.8496717145471647e-05
8 7 -1.0741962240072069e-04 -3.3067518475583677e-07
8 8 -8.3923168695717757e-05 -5.2866561641518293e-06
8 9 -1.0085576926228280e-04 -5.5452275103918755e-05
8 10 -6.1339899201588599e-05 2.3122079188556161e-05
8 11 -4.7405945290917433e-05 -9.3758066598409163e-06
8 12 -4.9594806500835719e-05 1.9053083275317854e-05
8 13 -5.4862414010797187e-05 -9.6586825164851602e-06
8 14 -4.2348549589057933e-05 -4.0338463932168272e-06
8 15 -2.8927976384070138e-05 -2.8368217240022550e-07
8 16 -3.7748184939320462e-05 -2.6750329578442579e-06
8 17 -2.9581362306229306e-05 1.3115789240454799e-05
8 18 -2.9989538277025123e-05 2.0443753380279961e-06
8 19 -1.0421982192990464e-05 -1.6179980452482901e-06
8 20 -1.3839874422292348e-05 3.4737332617201970e-07
8 21 -1.2412103433908979e-05 8.8348549090320391e-08
8 22 -1.5114178193032032e-05 -1.9693110879569507e-06
8 23 -7.1066417453481161e-06 1.8704669540038264e-06
8 24 -8.3270864704977798e-06 5.1905931939860932e-08
8 25 -5.8096170421679141e-06 -1.3844163762999430e-06
8 26 -6.7319406925094087e-06 -1.2083357774259506e-06
8 27 -6.8059046930705683e-06 4.5052322885955627e-07
8 28 -5.4442244428920145e-06 1.9678025056415679e-06
8 29 -7.8185739713670648e-06 1.0742603118436668e-06
8 30 -7.1244742275035534e-06 1.2035120961451811e-06
8 31 -5.0280250595320785e-06 1.2291740733937552e-06
8 32 -4.5444371640890450e-06 -6.4354940216981551e-07
8 33 -2.4589823695096665e-06 -7.9839239864533408e-07
8 34 -2.0450923308272323e-06 -1.1820315879367926e-06
8 35 -1.3592285891006246e-06 -6.4531051636639905e-07
8 36 -2.1137568276778908e-06 -2.9422708336322415e-07
8 37 -1.1020201386145982e-06 2.4409515439495229e-09
8 38 -1.9592171936923027e-06 -7.1782550830476216e-07
8 39 -1.5260941823797964e-06 2.5529969202773700e-08
8 40 -1.4448107126122157e-06 -3.0005864670465370e-08
8 41 -1.4434897948546000e-06 -4.4717454819483551e-07
8 42 -1.8377226756794841e-06 -6.9738655960373389e-07
8 43 -2.4633617662643327e-06 3.0252235009547055e-07
8 44 -2.2975390707708903e-06 4.3968211369592369e-08
8 45 -2.8931752000269250e-06 -3.1573791430566115e-08
8 46 -3.6097714034435652e-06 -3.2812220234245955e-07
8 47 -4.8502630843517079e-06 -1.0832519629634236e-06
8 48 -2.4502852861171077e-06 5.9142358689992261e-07
8 49 -4.1998438504248773e-06 -1.7226868335172348e-06
8 50 -4.9414016202984980e-06 -3.5956948432874187e-07
8 51 -4.8070079873663766e-06 -1.1404046802700508e-06
8 52 -4.2937679778050274e-06 1.1108481401232564e-06
8 53 -8.4403852933355941e-06 1.2347816371173969e-06
8 54 -7.7162942882031106e-06 -3.8382006306336178e-06
8 55 -1.1390480298050403e-05 -3.3589566627966625e-06
8 56 -1.3462952737030642e-05 1.6286965549119442e-06
8 57 -9.5616829043969214e-06 1.4228022785889958e-06
8 58 -2.3364467500211891e-05 1.6904281338510047e-06
8 59 -4.0266728280716207e-05 -6.8642712650472212e-06
8 60 -4.4410543330900077e-05 7.9267454115796716e-06
8 61 -2.2287877765160285e-05 2.9779675988788574e-06
8 62 -5.5898187423218776e-05 1.2314020970914097e-05
8 63 -3.3527928235702006e-05 -8.1770143222364976e-07
8 64 -7.9887409700880402e-05 -2.5182975093808676e-05
8 65 -7.7767265007630453e-05 2.2999161829758861e-05
8 66 -1.1482678353207534e-04 2.3620323903495290e-05
8 67 -1.0739411228091060e-04 -3.7761927196909514e-05
8 68 -1.9496836399177699e-04 -3.2930699260842404e-05
8 69 -2.2887816045687504e-04 1.5898145509400318e-05
8 70 -1.5774312815980862e-04 -4.2875878767352236e-06
8 71 -1.3861314252696606e-04 -5.5552333275754812e-05
9 0 -2.1832787482376238e-04 -4.8484799008916603e-06
9 1 -3.8077520370880251e-04 -2.8366440345585000e-05
9 2 -1.8259904016582865e-04 -3.1112889696291015e-05
9 3 -1.4946084208989632e-04 -9.9541144641898246e-05
9 4 -1.4928186136658504e-04 -3.3727291522639603e-05
9 5 -4.9092163783297488e-05 -4.4715649465918194e-05
9 6 -1.2945164450503982e-04 -6.5337151974511185e-06
9 7 -1.6820081243082704e-05 1.9229893917024457e-05
9 8 -2.2232715409240895e-05 -1.8659824169533106e-06
9 9 -3.8397942013704609e-05 -4.8514760629453021e-05
9 10 -1.1848421254679451e-06 2.1177010305094909e-05
9 11 -1.0914429691981484e-05 -1.2995156424715022e-05
9 12 -2.1103664897346410e-05 8.0014025137880916e-06
9 13 -2.8568809272568444e-05 -1.2260936327668902e-05
9 14 -1.9546228183410608e-05 -6.3343153274203323e-06
9 15 -7.8744215806636701e-06 -1.6546543370358061e-06
9 16 -2.6736822576108007e-05 -1.4935274568374467e-06
9 17 -2.1435721410189901e-05 1.0833269653381236e-05
9 18 -1.6619541890247190e-05 4.4485651049973056e-06
9 19 -2.8338862058601259e-06 1.4996386258813291e-07
9 20 -6.5999815266402269e-06 -1.1032152760749389e-06
9 21 -5.6261062303502957e-06 -1.8068718548345572e-06
9 22 -9.5674347002816234e-06 -2.9045856423199492e-06
9 23 -3.0448443083085418e-06 3.0858274456819700e-06
9 24 -4.1402063790157160e-06 2.2485286156868856e-07
9 25 -2.3957530281263077e-06 -1.0126977874664034e-06
9 26 -3.4758702056732970e-06 -7.0296109140775518e-07
9 27 -3.5925370641051906e-06 5.3254727920153938e-07
9 28 -2.5483548261015760e-06 2.2280097021411961e-06
9 29 -4.9521146241708373e-06 6.0747300869076239e-07
9 30 -4.2866032553096933e-06 7.9278522837745794e-07
9 31 -3.0104143130816313e-06 7.7821164817468575e-07
9 32 -2.4340581885679513e-06 -9.8096960844357811e-07
9 33 -1.3066271820411658e-06 -3.8118097546525642e-07
9 34 -8.0685377895428182e-07 -1.2577754931258229e-06
9 35 -3.5118019016729388e-07 -3.9745042461579809e-07
9 36 -8.6332434752121809e-07 -3.1230873433335906e-07
9 37 -3.1680744527458356e-07 7.8117321219856001e-08
9 38 -1.0352946060075741e-06 -6.9066330521810144e-07
9 39 -7.3447217690088867e-07 2.3979222987433630e-07
9 40 -6.8984630242211588e-07 -8.1696366392848173e-08
9 41 -6.5204422367940277e-07 -4.9015673859990099e-07
9 42 -9.4875814674519707e-07 -6.8776747066165656e-07
9 43 -1.6652157357444155e-06 4.6430364526854675e-07
9 44 -1.1289552660997742e-06 4.2373101094590817e-08
9 45 -1.6687773012340157e-06 -2.5692023302011544e-07
9 46 -2.0995019349787567e-06 -9.8642693578336233e-08
9 47 -2.4631938843959407e-06 -1.0552719313336732e-06
9 48 -7.7173286860789084e-07 3.8437374189084754e-07
9 49 -1.2291590846594268e-06 -1.7549619225845108e-06
9 50 -2.1588932721264675e-06 -1.7271132369952925e-07
9 51 -2.4283596776493889e-06 -7.0600557443519694e-07
9 52 -5.8667186575757212e-07 2.3378598529233414e-06
9 53 -5.3515817468816353e-06 1.0629518791537211e-06
9 54 -3.4310173010732953e-06 -2.6718287130357116e-06
9 55 -5.4890326501783012e-06 -4.0379502538129856e-06
9 56 -6.6899206243645964e-06 7.6288331845862851e-07
9 57 -7.7206997808038547e-07 1.6664277908903016e-06
9 58 -9.6523163058883691e-06 -5.3771301887312458e-07
9 59 -2.6873074842660910e-05 -8.2612085548681835e-06
9 60 -2.6906095723581910e-05 7.2596966056309248e-06
9 61 -6.2372425184990994e-06 -2.2744966123825251e-06
9 62 -2.3844479333236318e-05 1.1330034007670557e-05
9 63 -5.8864730202478184e-06 -3.1172931602308774e-06
9 64 -3.9306294900402295e-05 -1.1116956032642065e-05
9 65 -3.2667118376578821e-05 1.8340431606791001e-05
9 66 -6.9592701469538062e-05 1.7207191682336622e-05
9 67 -5.6176163982674836e-05 -4.1258401658475879e-05
9 68 -1.1216436345068627e-04 -4.2178186159323635e-05
9 69 -1.1301682970114956e-04 -7.1898708097585052e-06
9 70 -4.2295850065798560e-06 -4.1468485839338503e-05
9 71 5.1262516485048629e-05 -5.5229658567557322e-05
10 0 -1.1020596105268841e-04 1.6251050990183868e-05
10 1 -2.3930266679290043e-04 -3.0684876715741800e-05
10 2 -7.6068268476450751e-05 -7.0965350557975832e-05
10 3 -8.8956447108289377e-05 -7.2642527889151513e-05
10 4 -1.1264677245248521e-04 -4.4143855065549765e-05
10 5 -1.5358626822774415e-05 -3.3318729302548367e-05
10 6 -8.2865012639185190e-05 2.8548300912693992e-05
10 7 2.1547336078703853e-05 1.2982419468684336e-05
10 8 1.3768239191164272e-06 6.1892912919176298e-06
10 9 -1.7325374500301634e-05 -3.9733356684651305e-05
10 10 2.4826984717365377e-05 1.7887642813941440e-05
10 11 7.2046010378483339e-06 -1.5523312374991230e-05
10 12 -1.5892596062837251e-05 -3.9336811163855218e-06
10 13 -1.6225391303277712e-05 -9.8009159034714952e-06
10 14 -9.1422060630518824e-06 -7.7574091803442675e-06
10 15 2.1785980137950074e-06 -4.7882730414216237e-06
10 16 -2.1655327549584320e-05 1.9746992743542673e-06
10 17 -1.6757011023156172e-05 8.0730112480686238e-06
10 18 -9.0122084461517199e-06 6.3959506139456951e-06
10 19 -2.3257653594387260e-07 8.7083653696321311e-07
10 20 -2.8647524357866065e-06 -2.9638272026392792e-06
10 21 -2.6601672597564617e-06 -3.7290120211232142e-06
10 22 -6.1428495762088327e-06 -3.8758166628451499e-06
10 23 -1.2303939787249675e-06 3.9059170513211173e-06
10 24 -1.4571964542751039e-06 5.1359699650777460e-07
10 25 -8.7073863423150675e-07 -5.0353970538385284e-07
10 26 -1.8563789531862402e-06 -2.7953070839777497e-07
10 27 -1.7843484346309643e-06 4.1144887094445129e-07
10 28 -1.0232452433945879e-06 2.0738852511077021e-06
10 29 -3.5028216266662660e-06 9.3550516458002103e-08
10 30 -2.8638863815448673e-06 1.7683879318350757e-07
10 31 -2.0947202640798806e-06 5.3454182016424859e-07
10 32 -1.2186909774944325e-06 -1.0498309325541216e-06
10 33 -7.7489581120248432e-07 -1.0781651452155208e-07
10 34 -1.1593048009253782e-07 -1.0957829051563105e-06
10 35 -2.3717192949316197e-07 -2.6179741986153662e-07
10 36 -3.1147379978884627e-07 -2.5193044989398170e-07
10 37 -5.9571359774321114e-08 2.0752029964121421e-07
10 38 -7.5184929021774233e-07 -4.8168824411580285e-07
10 39 -2.4503918942873795e-07 4.1357672912195874e-07
10 40 -4.3300975825434060e-07 -4.2431712830350263e-08
10 41 -3.4382611289078570e-07 -4.5224824642204976e-07
10 42 -4.8678115451382382e-07 -5.9490008962927731e-07
10 43 -1.1636390476288318e-06 5.7938212147943776e-07
10 44 -7.6679993479283457e-07 1.7698989139307670e-07
10 45 -9.8171241522293981e-07 -4.0122717132679617e-07
10 46 -1.3154395286974759e-06 -5.5226205052599810e-09
10 47 -9.6550319075878592e-07 -9.1446894944561292e-07
10 48 -2.7949882140098550e-07 7.6647350940314234e-08
10 49 3.1259602492131949e-07 -1.3379971266872570e-06
10 50 -6.3207639084362741e-07 -1.0504675041311228e-07
10 51 -1.1402083446250359e-06 -5.2314906467206200e-07
10 52 5.7599722623475155e-07 2.7318654621083651e-06
10 53 -3.8286554310421739e-06 5.0402426535013790e-07
10 54 -1.1178894368861093e-06 -2.1831969198095285e-06
10 55 -3.1177499289469579e-06 -3.8757938956806128e-06
10 56 -3.7004172327245495e-06 -1.4956605197877919e-06
10 57 2.8586080069523129e-06 1.6635975798941861e-06
10 58 -2.5343766677432519e-06 -1.3728516076451180e-06
10 59 -1.9910842746527749e-05 -1.0116675952076701e-05
10 60 -1.6436384025714013e-05 3.6456197008237253e-06
10 61 -4.0097962347827785e-06 -5.9287833173634392e-06
10 62 -5.2650165460657129e-06 1.1566016017716027e-05
10 63 3.7812647921841618e-06 -3.5286866030651453e-06
10 64 -2.3893659078019357e-05 5.8326249393139941e-06
10 65 -9.4825113376277677e-06 1.0972056418526312e-05
10 66 -4.7848707237319584e-05 1.6261507986416287e-05
10 67 -3.4112931023304060e-05 -4.1288878677596173e-05
10 68 -7.8257965247064060e-05 -4.6676279986943202e-05
10 69 -5.8098409919739922e-05 -9.7595742446757085e-06
10 70 7.3161762772470972e-05 -7.8178233602066438e-05
10 71 1.2243582064675213e-04 -4.7210645537932967e-05
