0 0 -1.1609819360031712e+00 -1.0733817834961177e-19
0 1 -1.5424657262790664e-01 -6.3412705378420617e-20
0 2 -5.3188482822377599e-02 8.2257446301069430e-21
0 3 -2.9244340799955994e-02 -2.3189331809125120e-21
0 4 -2.0788299217746102e-02 7.4257216375813556e-22
0 5 -1.7415695322817591e-02 5.5056144825997003e-22
0 6 -1.5074925908748428e-02 -1.3012968584510474e-22
0 7 -1.3281125037890057e-02 8.3506728567918438e-23
0 8 -1.1570376898602715e-02 3.6459439452636825e-23
0 9 -1.0092608291989965e-02 -1.8919912385442430e-23
0 10 -8.8797676526653421e-03 -2.5502278543344407e-22
0 11 -7.8400212528416287e-03 2.3355918781698850e-23
0 12 -7.2541979921322535e-03 -3.9126488351766013e-22
0 13 -6.6000423613801606e-03 -1.0914766491306307e-22
0 14 -5.7270450190783917e-03 2.0657252611624278e-23
0 15 -5.0068783230585896e-03 8.8065711203920920e-23
0 16 -4.3690339253969540e-03 -2.3352739599681854e-22
0 17 -4.1454238942451880e-03 -5.3660579258250157e-23
0 18 -3.9065980902464204e-03 -9.5201955510914419e-24
0 19 -3.3768964574118817e-03 -2.0888755629339015e-24
0 20 -2.8626144006364813e-03 -8.3308638643119045e-23
0 21 -2.4217251206981854e-03 -5.4136845928648211e-23
0 22 -2.1109088999285114e-03 -2.0741293142189561e-23
0 23 -1.9097704189474346e-03 -1.4627121932737490e-23
0 24 -1.7420851088268180e-03 5.6249921628320056e-24
0 25 -1.5236442762570147e-03 -2.2216544676979269e-23
0 26 -1.3444766766240149e-03 -2.6657470203894422e-23
0 27 -1.1673326309021624e-03 9.3668381064589944e-24
0 28 -9.9150380199201286e-04 -9.4654619258168686e-24
0 29 -8.6842349146022094e-04 -2.1855786031579961e-23
0 30 -7.9384479248033649e-04 2.2578451724534714e-24
0 31 -7.0737350137229065e-04 -7.5544030735107433e-24
0 32 -6.3191876360772748e-04 -5.0958949166476358e-25
0 33 -6.0964684589239024e-04 -2.3176920065236724e-23
0 34 -6.1176448936557009e-04 -3.6209303343162284e-23
0 35 -6.2091113878358427e-04 -1.4087969144192463e-23
0 36 -6.1619008026737388e-04 -3.1450591799240512e-23
0 37 -6.1307026416099620e-04 -1.7069168822536405e-23
0 38 -6.3956939431969180e-04 1.0152266329072487e-23
0 39 -7.0479941184833895e-04 -3.0459730614564326e-25
0 40 -7.9329493562361943e-04 2.0011689820440893e-23
0 41 -9.0781749816715423e-04 1.5031322119251809e-24
0 42 -1.0052588894258752e-03 4.7068031261608330e-23
0 43 -1.1916072537732833e-03 1.4255008354356533e-23
0 44 -1.3386121997928818e-03 2.8420913234688546e-23
0 45 -1.4460321900960423e-03 1.6874332503954284e-23
0 46 -1.6832954728294696e-03 1.1803801747422235e-23
0 47 -1.9770327839294744e-03 -8.3685688655216284e-24
0 48 -2.2105829541482253e-03 5.5986615929029458e-23
0 49 -2.4630337960051640e-03 9.4886367480247961e-23
0 50 -2.7763453899742017e-03 4.3639212976968146e-23
0 51 -3.1526896650475467e-03 1.6170832347822248e-23
0 52 -3.5910297947428301e-03 -1.3618554574481631e-22
0 53 -3.8340275019220580e-03 9.1380426930797977e-23
0 54 -4.2075396412402872e-03 1.2787853185079647e-22
0 55 -4.5606353659071305e-03 9.9086814904417800e-23
0 56 -5.1004983038659942e-03 -1.8449551027751738e-22
0 57 -6.0976864161920901e-03 2.3979122935792074e-22
0 58 -7.1900197734812857e-03 2.5626265020958914e-22
0 59 -8.3461700454567304e-03 3.3479166845600142e-22
0 60 -9.5091574296080270e-03 2.4869497577405776e-22
0 61 -1.0357296306500514e-02 1.8446780500623903e-22
0 62 -1.0998339960101392e-02 2.4152701462967409e-23
0 63 -1.1798483921493786e-02 -1.1922384658262405e-22
0 64 -1.3056923867282570e-02 2.1915313027807006e-22
0 65 -1.4752640730155139e-02 2.8248252094644187e-22
0 66 -1.7197890484638365e-02 4.8945212840444897e-22
0 67 -1.9465622658318252e-02 1.5528802011718908e-22
0 68 -2.3437410177144017e-02 7.7449008211240465e-23
0 69 -3.2393280771374287e-02 5.0204720727810279e-21
0 70 -5.6687289991698808e-02 2.6801691808075383e-21
0 71 -1.5628975040108428e-01 2.8506303383889689e-20
1 0 -3.4652135734584799e-01 3.4073564095820734e-03
1 1 -9.1192346958659895e-02 -4.4598100555795755e-05
1 2 -3.7577539216367771e-02 9.6386186958219260e-05
1 3 -2.2007109049740303e-02 -6.3065430795747375e-05
1 4 -1.5876238853476433e-02 -4.6341183923094151e-05
1 5 -1.3294611558636066e-02 -5.1791869981175200e-05
1 6 -1.1527575022631730e-02 -7.6950176402503390e-05
1 7 -1.0164457593400050e-02 -7.7753524400862343e-06
1 8 -8.8597582227316445e-03 4.1582963435590600e-05
1 9 -7.7462681970745092e-03 3.7449643403945078e-05
1 10 -6.7890102961569573e-03 5.7775460995569993e-05
1 11 -5.9985247475532874e-03 6.1976267525238389e-05
1 12 -5.5630259522632128e-03 3.4794039540037856e-05
1 13 -5.0486651147532112e-03 -1.6601537268990733e-05
1 14 -4.3889149985624288e-03 -1.6501061964583604e-06
1 15 -3.8307905227682993e-03 -7.7563608680359488e-06
1 16 -3.3353387734431986e-03 -1.2131673998994567e-05
1 17 -3.1652296611950487e-03 -1.2794049406925027e-05
1 18 -2.9899268904194152e-03 -1.0237448416011816e-06
1 19 -2.5835497130512436e-03 4.8881880529468417e-06
1 20 -2.1858803906490963e-03 -9.1247413393283000e-06
1 21 -1.8509713344754524e-03 7.4888919370441731e-06
1 22 -1.6117068192176127e-03 9.1732480933663549e-06
1 23 -1.4571353438118551e-03 8.7225894681598648e-07
1 24 -1.3303144481565719e-03 -1.5699085870795062e-06
1 25 -1.1649337423164741e-03 -1.2842870844478292e-06
1 26 -1.0269253405295836e-03 4.5551009816771282e-06
1 27 -8.9306780349663521e-04 4.6014163793441748e-06
1 28 -7.5815043491959011e-04 3.7289854345455474e-07
1 29 -6.6460011476569901e-04 8.3822596537202252e-07
1 30 -6.0778918934182333e-04 4.3448045673561558e-07
1 31 -5.4079973411781169e-04 -1.1567866770832351e-06
1 32 -4.8364638206326591e-04 -4.0575744081793959e-06
1 33 -4.6892957791344007e-04 -1.5864407660212400e-07
1 34 -4.6850812255062923e-04 1.2285731440654098e-06
1 35 -4.7440527034086700e-04 -5.5645894778151308e-07
1 36 -4.7054838744081868e-04 1.7688130529421061e-06
1 37 -4.6973414020240993e-04 5.4389338404634258e-07
1 38 -4.9018339518345946e-04 1.6435450938586958e-07
1 39 -5.3963981111273152e-04 -1.0865902694938635e-06
1 40 -6.0543807502265023e-04 -1.7682921930140625e-06
1 41 -6.9284687969533556e-04 -2.6911182952248711e-06
1 42 -7.6723825141479735e-04 -4.1725587247233385e-06
1 43 -9.0895512273042438e-04 -2.4491212551224662e-06
1 44 -1.0244526655127466e-03 -2.3319443240458312e-06
1 45 -1.1071305447751523e-03 -1.6025204845405627e-09
1 46 -1.2779473003521023e-03 -8.8383483750781553e-06
1 47 -1.5040804351363667e-03 -7.6204328743267662e-06
1 48 -1.6929931020782706e-03 -7.6086755407779764e-06
1 49 -1.8967932356227276e-03 4.0071346577902813e-07
1 50 -2.1300910593149767e-03 5.4685979952094950e-06
1 51 -2.4131630827988696e-03 5.4327239735354732e-06
1 52 -2.7616271109125027e-03 -2.9331409900552161e-06
1 53 -2.9396449311710859e-03 2.0806239785372539e-06
1 54 -3.2268596212460558e-03 -3.9623450090459400e-06
1 55 -3.4945975283766002e-03 2.6550663355388630e-05
1 56 -3.8970636907637644e-03 1.8622139526452972e-05
1 57 -4.6746110072164908e-03 4.5268758257748158e-07
1 58 -5.5119388942187035e-03 2.2975108595850743e-05
1 59 -6.3822883194681384e-03 1.3116425148339627e-06
1 60 -7.2756937344323801e-03 2.7843178893993424e-05
1 61 -7.9206907525453916e-03 3.1692446738135567e-05
1 62 -8.4409723307482028e-03 3.7247808767027549e-05
1 63 -9.0504578400273719e-03 2.1084161662861703e-05
1 64 -1.0030152850517485e-02 -9.7922701494349881e-06
1 65 -1.1313781666960171e-02 -2.5121209086893936e-05
1 66 -1.3181133201753100e-02 -9.5463572568297168e-05
1 67 -1.4832397080526721e-02 -7.6253711118494090e-05
1 68 -1.7850926867503988e-02 -4.8151477761991326e-05
1 69 -2.4444239694879483e-02 2.3409271665320497e-05
1 70 -4.0735778243148973e-02 2.1401878069732483e-04
1 71 -9.3849644838897961e-02 6.3555602982897958e-04
2 0 -1.0467800770097042e-01 2.2413249847740551e-03
2 1 -4.2770526105517362e-02 -1.7558923607647293e-04
2 2 -2.0890496490904627e-02 1.4692591589094778e-04
2 3 -1.3380488826556833e-02 -5.2318463943941515e-05
2 4 -9.7833523807211754e-03 -8.5016016819807090e-05
2 5 -8.2257722404520377e-03 -7.6973778788358871e-05
2 6 -7.1827193168189146e-03 -8.1120513587609421e-05
2 7 -6.3407720454173701e-03 -8.9252813343448588e-07
2 8 -5.5294803539034463e-03 4.6615670659285499e-05
2 9 -4.8536868568930169e-03 4.5904289638645200e-05
2 10 -4.2195505236305147e-03 7.3306320118731767e-05
2 11 -3.7338245768135034e-03 7.7550347527266419e-05
2 12 -3.4741550613115475e-03 3.7672562781872531e-05
2 13 -3.1300604500217395e-03 -1.9475690251096490e-05
2 14 -2.7349440655536220e-03 -1.2343439439642905e-06
2 15 -2.3768106335059231e-03 -1.2149066429229808e-05
2 16 -2.0611866768378046e-03 -1.3341995337126252e-05
2 17 -1.9571642556176889e-03 -1.3922768757113809e-05
2 18 -1.8658578048311835e-03 1.8839332376734692e-06
2 19 -1.6038068505609595e-03 1.8857931023849974e-06
2 20 -1.3522694027885507e-03 -1.0163941690439611e-05
2 21 -1.1491217874482339e-03 9.0810882784792769e-06
2 22 -9.9823868630495713e-04 1.4300683360613852e-05
2 23 -9.0064289760397682e-04 1.2067215390807006e-06
2 24 -8.2305756211406783e-04 -2.9694684812495427e-06
2 25 -7.2338300566807243e-04 -1.1772721800259671e-06
2 26 -6.3573664927975878e-04 4.3605176261061504e-06
2 27 -5.5282532331893267e-04 7.3060057033947487e-06
2 28 -4.7050167855717140e-04 1.3411097450721374e-06
2 29 -4.1253207947206393e-04 1.3604127284456096e-06
2 30 -3.7673756591630729e-04 1.1526033927736689e-06
2 31 -3.3657609546964656e-04 -2.7248098982694999e-06
2 32 -3.0123700015002955e-04 -5.9299169784389055e-06
2 33 -2.9454670584281450e-04 -5.9475560219113721e-07
2 34 -2.9156307836527369e-04 7.7376363749593792e-07
2 35 -2.9307088035354406e-04 -9.0022163077398999e-07
2 36 -2.9096043111515588e-04 2.7659032281762061e-06
2 37 -2.9277714385915032e-04 1.0432768871149495e-06
2 38 -3.0618939657094146e-04 -1.2809150661995785e-07
2 39 -3.3659410507711314e-04 -1.9240069883636538e-06
2 40 -3.7531045028121944e-04 -2.3065390054442203e-06
2 41 -4.2794846094591229e-04 -3.5079283428225558e-06
2 42 -4.7489588022981349e-04 -5.2966811314194201e-06
2 43 -5.6028883605190548e-04 -3.8131576131868149e-06
2 44 -6.3697673448474292e-04 -2.3722157853947490e-06
2 45 -6.8991710027001437e-04 -1.9056561232021988e-06
2 46 -7.8115043963696180e-04 -1.4058199649153892e-05
2 47 -9.2808651481104617e-04 -1.0989118904428056e-05
2 48 -1.0509250147791478e-03 -1.0706107126130754e-05
2 49 -1.1909395426017112e-03 -5.1648527098487462e-07
2 50 -1.3332820215542665e-03 7.6324125840061908e-06
2 51 -1.4971311386205639e-03 1.1239964555801089e-05
2 52 -1.7381510034043470e-03 -4.5337275760505793e-06
2 53 -1.8391901668894607e-03 -1.7311532108542862e-06
2 54 -2.0179520346389197e-03 -3.1995592827007873e-06
2 55 -2.1809909378796284e-03 3.6922891242643505e-05
2 56 -2.4131622548975960e-03 1.9988735055502450e-05
2 57 -2.9157382080153473e-03 -2.9053246880197004e-06
2 58 -3.4447454076056453e-03 2.3708316844328210e-05
2 59 -3.9838140942857550e-03 -2.8353702112013245e-06
2 60 -4.5369678308100703e-03 4.0571250059363002e-05
2 61 -4.9280769686758019e-03 4.8628691865064862e-05
2 62 -5.2846705948911129e-03 4.1112832078843214e-05
2 63 -5.6568328624793099e-03 2.2743502542298583e-05
2 64 -6.2871920739436876e-03 -2.2460011668561030e-05
2 65 -7.0684415773617547e-03 -1.6489289520722742e-05
2 66 -8.2032573011476592e-03 -1.1958765574377606e-04
2 67 -9.1703608831275821e-03 -8.7697863895016867e-05
2 68 -1.0978687926505521e-02 -4.8334672881122384e-05
2 69 -1.4725391171441553e-02 -7.1022629349782655e-05
2 70 -2.3675036924830108e-02 9.7898443972173197e-05
2 71 -4.5238087075238159e-02 4.9511534337827214e-05
3 0 -3.4393689154722913e-02 4.1386097171691049e-04
3 1 -1.8622214927654954e-02 -2.2057643776437927e-04
3 2 -1.0654747553941891e-02 1.9284150091665822e-04
3 3 -7.5240039138056210e-03 -1.4675486330455571e-06
3 4 -5.5789045759592126e-03 -5.7717641472557509e-05
3 5 -4.7325069491010721e-03 -7.2768144749720529e-05
3 6 -4.1735665786320486e-03 -2.6563032141828644e-05
3 7 -3.6806790396771739e-03 1.0467181950152471e-05
3 8 -3.2087246246410295e-03 3.5996344292799571e-05
3 9 -2.8313391743631068e-03 4.6635482619693270e-05
3 10 -2.4341749031240815e-03 6.7607884088286742e-05
3 11 -2.1627112305630082e-03 6.0324613414589997e-05
3 12 -2.0002822918144514e-03 3.5845711105822514e-05
3 13 -1.8041569879640234e-03 -1.5519621829610639e-05
3 14 -1.5864123747947414e-03 -6.3428455680485763e-06
3 15 -1.3582401221950014e-03 -1.5438990278743386e-05
3 16 -1.1736326654943334e-03 -1.4500466879006218e-05
3 17 -1.1157519673497668e-03 -1.2763970468762349e-05
3 18 -1.0816661901923560e-03 3.2366442083075771e-06
3 19 -9.1859529600063581e-04 -3.0837627660552781e-06
3 20 -7.7103311124663643e-04 -7.0240765831060075e-06
3 21 -6.5754904710588354e-04 8.2310909610152512e-06
3 22 -5.6924222317481269e-04 1.6670264155334391e-05
3 23 -5.1373276715224964e-04 -3.5613398627691983e-06
3 24 -4.7117112668242263e-04 -2.2406149654207278e-06
3 25 -4.1938887151825083e-04 -2.3521902827456548e-06
3 26 -3.6364606943162247e-04 2.8371176931579831e-06
3 27 -3.1527863130278349e-04 9.0531881764849563e-06
3 28 -2.6999566085983222e-04 1.0349456878180641e-06
3 29 -2.3615700583804968e-04 8.8593580159949203e-07
3 30 -2.1519110128560999e-04 1.0931009369558398e-06
3 31 -1.9480285889554108e-04 -3.4023633375063801e-06
3 32 -1.7268811991087780e-04 -5.1932714810700125e-06
3 33 -1.7128387294129455e-04 -6.8684468025149616e-07
3 34 -1.6924451296189367e-04 -2.9140611611700196e-07
3 35 -1.6710919199807654e-04 -1.0672480980232541e-06
3 36 -1.6605405368567072e-04 3.1291742814036229e-06
3 37 -1.6899622549444734e-04 9.0517660005912498e-07
3 38 -1.7842757758952186e-04 -1.4160004470409857e-08
3 39 -1.9378184703251096e-04 -1.6540692294500257e-06
3 40 -2.1629683988931710e-04 -1.9785619296986987e-06
3 41 -2.4456739000606196e-04 -4.1027816813286063e-06
3 42 -2.7262465918732653e-04 -3.7430364387814703e-06
3 43 -3.2129686111846646e-04 -4.6105821297815702e-06
3 44 -3.6751766908786886e-04 -1.3633180434234699e-06
3 45 -3.9810437930339689e-04 -2.8435009332756688e-06
3 46 -4.4015730858058805e-04 -1.5979036109179087e-05
3 47 -5.3092309436881472e-04 -1.0043416157770362e-05
3 48 -6.0441321196523046e-04 -9.8755840549761317e-06
3 49 -6.9105219198124703e-04 -4.5965695331655944e-08
3 50 -7.7492063583385650e-04 7.6708401441587673e-06
3 51 -8.5337682751773932e-04 1.8631716170370259e-05
3 52 -1.0263453053085537e-03 2.4715213397072553e-07
3 53 -1.0682454145888982e-03 -1.0603569161881647e-05
3 54 -1.1738699976464974e-03 -5.8436148372858228e-07
3 55 -1.2604044409997974e-03 3.3481018410238679e-05
3 56 -1.3878044192847502e-03 1.3033680059745620e-05
3 57 -1.6862922888654949e-03 -6.9486237853460215e-06
3 58 -2.0000901805750293e-03 1.2688093887875625e-05
3 59 -2.3077982079870384e-03 -6.6621086577708733e-06
3 60 -2.6156735177821824e-03 3.4608874558609659e-05
3 61 -2.8568651664248445e-03 5.0904736713232769e-05
3 62 -3.0630492384248237e-03 1.5733685638574531e-05
3 63 -3.2778133934692573e-03 1.9712120794444475e-05
3 64 -3.6543354794719147e-03 -1.3922247276181895e-05
3 65 -4.0931537467414304e-03 -5.8025498106465623e-06
3 66 -4.7095067398127367e-03 -1.0818794830242937e-04
3 67 -5.2382972147822253e-03 -9.1246909246225783e-05
3 68 -6.2198062428406014e-03 -4.5758980530310285e-05
3 69 -8.1293176272672005e-03 -1.3679134506361791e-04
3 70 -1.2746207574540870e-02 -1.9880856270803651e-05
3 71 -2.0130746994913299e-02 -4.1858338978656575e-04
4 0 -1.1856234350832233e-02 -1.6754122711791202e-04
4 1 -7.9461248609541783e-03 -2.3424962975817845e-04
4 2 -5.2758518218451456e-03 2.5364064351166444e-04
4 3 -4.1044294810509245e-03 1.4224600456756556e-05
4 4 -3.0649177794611678e-03 -1.4888513194339987e-05
4 5 -2.6204059873951415e-03 -4.6007343744399225e-05
4 6 -2.3595593144808192e-03 1.9709865246739295e-05
4 7 -2.0586928400249207e-03 1.9078103015460531e-05
4 8 -1.8078823354967849e-03 2.3832007737885102e-05
4 9 -1.5975597098486691e-03 4.4046365475385312e-05
4 10 -1.3542060112720006e-03 6.4083806178656089e-05
4 11 -1.2151131531883963e-03 2.9669700562585404e-05
4 12 -1.0948224067042563e-03 3.5558443658085381e-05
4 13 -1.0154168914495690e-03 -7.1895036177587088e-06
4 14 -8.9618757459517082e-04 -8.5580964206389038e-06
4 15 -7.4018520132010086e-04 -1.6854571621697816e-05
4 16 -6.3688427779289665e-04 -1.8870436248586806e-05
4 17 -6.0962074682358047e-04 -1.0413150123186868e-05
4 18 -6.0105577606811209e-04 1.2298332976440735e-06
4 19 -5.0458198508686173e-04 -7.7853310095926071e-06
4 20 -4.1855439961971294e-04 -1.8015262246084446e-06
4 21 -3.5648540175508398e-04 8.0071851377285304e-06
4 22 -3.0971274436314585e-04 1.5577377626259998e-05
4 23 -2.8264170030567449e-04 -6.6409606174831487e-06
4 24 -2.6026501853381573e-04 -4.0730075123357494e-06
4 25 -2.3446260416636039e-04 -5.2496286777090075e-06
4 26 -1.9905428779158366e-04 5.7351400625002642e-07
4 27 -1.7031587120914040e-04 8.8246415477451165e-06
4 28 -1.4855407660832132e-04 6.6575124634562778e-08
4 29 -1.2926057390900939e-04 -2.1507675299937618e-07
4 30 -1.1862963684099380e-04 -3.7982821310075498e-08
4 31 -1.0855402834329787e-04 -3.4968638993810322e-06
4 32 -9.4503709797759319e-05 -3.2493638565219899e-06
4 33 -9.5455194852056514e-05 -5.1465445526733639e-07
4 34 -9.5002785675327988e-05 -3.5389509071793754e-07
4 35 -9.1814766727837889e-05 -8.8406363936572623e-07
4 36 -9.1150888978298411e-05 2.9925160310081903e-06
4 37 -9.3824471084803383e-05 7.9376013974629612e-07
4 38 -1.0016462869490379e-04 -9.5785911186723652e-08
4 39 -1.0595517747905799e-04 -1.0169957700214423e-06
4 40 -1.2047734531254752e-04 -2.6824496297425178e-06
4 41 -1.3334714738000755e-04 -3.2990254865481087e-06
4 42 -1.5077765087768784e-04 -1.5910189968644562e-06
4 43 -1.7790927935239662e-04 -5.6469460963114782e-06
4 44 -2.0525318176126901e-04 2.2880908729071617e-08
4 45 -2.2035019139635668e-04 -2.6104789263771057e-06
4 46 -2.3767932429792380e-04 -1.5328656495311156e-05
4 47 -2.9411595184443846e-04 -8.2712970407522459e-06
4 48 -3.3574704357765652e-04 -8.4173160301596638e-06
4 49 -3.8663811466999813e-04 -1.0335636067128621e-06
4 50 -4.3472059102967332e-04 5.5506002370745497e-06
4 51 -4.6290975277926081e-04 2.2725520789583899e-05
4 52 -5.9436457659592715e-04 8.0514558922452647e-06
4 53 -5.9509179323685344e-04 -1.8440778610697295e-05
4 54 -6.6298528296747166e-04 6.9013004502337250e-07
4 55 -6.9689654767538705e-04 2.4031250855833306e-05
4 56 -7.7382490718457052e-04 5.8110896964661722e-06
4 57 -9.4188427704992395e-04 -7.2047227419351227e-06
4 58 -1.1206322284611724e-03 1.0210572819131826e-05
4 59 -1.2822221835231515e-03 -1.0213179543904767e-05
4 60 -1.4461905270872686e-03 1.7336894256521587e-05
4 61 -1.6019430212602574e-03 4.3074402685148974e-05
4 62 -1.6976918469135975e-03 -5.1049593131366827e-06
4 63 -1.8237940330545681e-03 2.6076181512381798e-05
4 64 -2.0314962249054426e-03 1.1648124405963676e-05
4 65 -2.2771165155685341e-03 -1.0039251765909557e-06
4 66 -2.5759072245713985e-03 -6.4054095990250220e-05
4 67 -2.8786837027910753e-03 -9.6775442749172009e-05
4 68 -3.3732213094569857e-03 -4.7962812977357451e-05
4 69 -4.2603037604764978e-03 -1.2459790484761993e-04
4 70 -6.4895593553191324e-03 -1.8958622488452918e-04
4 71 -8.9966026353333513e-03 -1.4336720149256784e-04
5 0 -3.9291658335002333e-03 5.9609015144608432e-05
5 1 -3.4161001480375441e-03 -1.6594197739797206e-04
5 2 -2.6003968743197555e-03 1.7478615802024491e-04
5 3 -2.2123285052774258e-03 1.5111341093383784e-05
5 4 -1.6326769138388128e-03 2.2500321076662041e-05
5 5 -1.4090640082861097e-03 -1.5261044574909063e-05
5 6 -1.3196577155745023e-03 3.2062320213869301e-05
5 7 -1.1293549598633268e-03 2.0290211833708805e-05
5 8 -9.9848756269007525e-04 1.9786691358934636e-05
5 9 -8.9157462088174468e-04 2.1517273506228757e-05
5 10 -7.3300058925604775e-04 5.9628685688116386e-05
5 11 -6.6739669237376640e-04 2.8059920199192589e-06
5 12 -5.8045786011149021e-04 3.3317167093154349e-05
5 13 -5.7293750264550793e-04 1.1856330908686544e-06
5 14 -4.9913282098626064e-04 -3.5735397098537102e-06
5 15 -3.9007868137333739e-04 -1.3989957024589106e-05
5 16 -3.3047144081889597e-04 -2.3609494225261316e-05
5 17 -3.2389043887201411e-04 -8.2389170512796506e-06
5 18 -3.1886887756913112e-04 -2.1550509381957388e-06
5 19 -2.6989190806864802e-04 -1.3529151637710195e-05
5 20 -2.2131192852505117e-04 2.8475433127390454e-06
5 21 -1.8351726110167461e-04 6.8487921029877699e-06
5 22 -1.6369924057781088e-04 1.3622979107584581e-05
5 23 -1.5158459987983547e-04 -7.2314327134026086e-06
5 24 -1.4110314405664322e-04 -4.2214397816971591e-06
5 25 -1.2738892821110575e-04 -6.3651463299353777e-06
5 26 -1.0500983303175834e-04 -1.6579984460670455e-06
5 27 -8.6125842003120283e-05 6.3929664620551488e-06
5 28 -7.8724613161302060e-05 -1.6810409955047686e-06
5 29 -6.7828759543241089e-05 -8.8926034597926997e-07
5 30 -6.3980211666403352e-05 -8.1680274246194970e-07
5 31 -5.9286433509609037e-05 -3.6034071910158336e-06
5 32 -5.0080169779951682e-05 -1.4569384582485634e-06
5 33 -5.2196233606281224e-05 -2.9306181180373417e-07
5 34 -5.2057971305762634e-05 -1.1511794249298785e-07
5 35 -5.0060770179906049e-05 -4.7304179625854967e-07
5 36 -4.9364804967382339e-05 2.8746933044530106e-06
5 37 -5.1003773532794899e-05 1.0296747539442713e-06
5 38 -5.4420205866617906e-05 -2.3999203743170543e-07
5 39 -5.5109851811282978e-05 -3.2691182089462248e-07
5 40 -6.4923628023744149e-05 -2.9472451431464786e-06
5 41 -7.0270856390645766e-05 -2.2658873282278692e-06
5 42 -8.0693871690362126e-05 -4.3578483301082420e-08
5 43 -9.5896682369650522e-05 -5.1105320240494199e-06
5 44 -1.1251909285355067e-04 5.8351133366695462e-07
5 45 -1.1747895241797782e-04 -8.6159442283167203e-07
5 46 -1.2609858897291612e-04 -1.1592672315327623e-05
5 47 -1.6009232841422867e-04 -5.3029211549830240e-06
5 48 -1.8106981774442145e-04 -6.5224024385772938e-06
5 49 -2.1158489224574789e-04 -4.0007432250441805e-06
5 50 -2.3841135913371970e-04 5.2052089550178370e-06
5 51 -2.4442652917779382e-04 2.1171884477458333e-05
5 52 -3.4087742037795473e-04 1.4987494445253603e-05
5 53 -3.2303878363388602e-04 -1.9876418422056047e-05
5 54 -3.6887619497667692e-04 3.2462411315568883e-07
5 55 -3.6853884490804393e-04 1.8193254913658507e-05
5 56 -4.2688675409159355e-04 -2.5194204731920105e-06
5 57 -5.2760223403610913e-04 -6.5536095240073087e-06
5 58 -6.1028696845489335e-04 8.8683676927836391e-06
5 59 -6.8098065484456646e-04 -5.9777537739745289e-06
5 60 -7.6652008130486760e-04 8.3439100928831670e-06
5 61 -8.8693495150376806e-04 3.4880567139807663e-05
5 62 -9.0996264225857407e-04 -2.4373157258156867e-05
5 63 -9.9070356663898910e-04 3.0826644156647591e-05
5 64 -1.0829747384668018e-03 2.6576454163891334e-05
5 65 -1.2286540517851751e-03 1.2849777478815369e-05
5 66 -1.3576105200852533e-03 -1.5120304289984493e-05
5 67 -1.5709921781797145e-03 -1.1236802369990931e-04
5 68 -1.7729721148991228e-03 -5.0022252758869109e-05
5 69 -2.1501294460738399e-03 -7.7192043623457198e-05
5 70 -3.2591835707345461e-03 -2.7995889665067593e-04
5 71 -4.2651780265850238e-03 3.3333024500708395e-05
6 0 -1.6040405957104119e-03 3.2901147706512063e-05
6 1 -1.5308117598791587e-03 -4.1861011444242605e-05
6 2 -1.3140575022475732e-03 3.9971942223802162e-05
6 3 -1.1764832300769495e-03 1.0834703745487444e-05
6 4 -8.3976377365963233e-04 2.3099255826966409e-05
6 5 -7.4921717382080383e-04 -4.2027347229342350e-06
6 6 -7.3196185936522790e-04 3.4111784000667432e-05
6 7 -6.0647932200793588e-04 1.5374842719525539e-05
6 8 -5.3965497737612186e-04 1.3090764283786161e-05
6 9 -5.0166823184216453e-04 9.0306552842378568e-06
6 10 -3.8450270655878495e-04 4.7298656651864435e-05
6 11 -3.5205510821535686e-04 -9.2379850107091639e-06
6 12 -3.0601423226504657e-04 3.2477903065131356e-05
6 13 -3.2939813429118256e-04 5.1249960563279340e-06
6 14 -2.7270174398640886e-04 -2.1449324541485910e-06
6 15 -1.9926030211359167e-04 -7.5659274685198088e-06
6 16 -1.6358314739600076e-04 -2.1058762989341284e-05
6 17 -1.6633875312297987e-04 -1.0793648820278515e-05
6 18 -1.5716908180446218e-04 -7.0973391228761472e-06
6 19 -1.3918722720779523e-04 -1.4892778433258058e-05
6 20 -1.1554217244576313e-04 2.6770446570687364e-06
6 21 -9.0297796924507633e-05 4.7814770212933159e-06
6 22 -8.5160845048684882e-05 1.1718664550599942e-05
6 23 -8.0166596586882398e-05 -6.8958358342290863e-06
6 24 -7.5998443254078840e-05 -1.9879280469953788e-06
6 25 -6.7971795744793467e-05 -6.2741559755240780e-06
6 26 -5.2021221387381113e-05 -4.0823820849379212e-06
6 27 -3.9658460084270011e-05 2.3016339802485937e-06
6 28 -3.9519446579434842e-05 -2.8801706347217855e-06
6 29 -3.3838939871678379e-05 -1.4320858648333843e-06
6 30 -3.3400736620796795e-05 -5.8104242288997431e-07
6 31 -3.2444924287451843e-05 -3.5067898617866907e-06
6 32 -2.5224572512712166e-05 -1.0735816522865414e-06
6 33 -2.8112565542888732e-05 1.5883627610474857e-09
6 34 -2.8094463781152960e-05 -1.6560805526967869e-07
6 35 -2.7288591581011635e-05 -4.3406625111914432e-07
6 36 -2.6840498550753951e-05 2.7044275338796650e-06
6 37 -2.7145469372567965e-05 1.1407759036528838e-06
6 38 -2.8840300265907385e-05 -1.2395282161011025e-07
6 39 -2.7819777072587089e-05 4.6284370065401236e-07
6 40 -3.3248766022701912e-05 -2.8559114860314524e-06
6 41 -3.5886124988991340e-05 -1.0406898407058650e-06
6 42 -4.1038156753926194e-05 1.2240361105325450e-07
6 43 -5.0646019663840234e-05 -4.3303764841187370e-06
6 44 -6.0247336214067574e-05 -3.5450329443128450e-07
6 45 -6.1076300729611131e-05 6.0821872982715438e-07
6 46 -6.4201282782931014e-05 -6.4402576032140220e-06
6 47 -8.7044240782950722e-05 -4.6035706825470016e-06
6 48 -9.5822557451361132e-05 -5.1715462790236562e-06
6 49 -1.1327873308592312e-04 -6.7606384021115952e-06
6 50 -1.2755368939868441e-04 5.3686193856723824e-06
6 51 -1.2662323041631282e-04 1.4122944509580427e-05
6 52 -1.9566067050434669e-04 1.9204687709930148e-05
6 53 -1.7253864659549009e-04 -1.6958264128916427e-05
6 54 -2.0596401498392008e-04 -3.6277325835531161e-06
6 55 -1.8510452543757074e-04 1.9354497281979326e-05
6 56 -2.3035985122351265e-04 -8.9242126641939411e-06
6 57 -2.9934915017803290e-04 -4.8406983171839169e-06
6 58 -3.2260114502966585e-04 3.1433952754249655e-06
6 59 -3.4298530178782414e-04 -4.3359669885100110e-06
6 60 -3.8874084267556046e-04 1.3555574411200043e-06
6 61 -4.9888602174524821e-04 3.1991766179315257e-05
6 62 -4.7844165070657377e-04 -4.1837217649124126e-05
6 63 -5.2125319280410250e-04 3.9396986737745433e-05
6 64 -5.4637995628325836e-04 3.1761719120965537e-05
6 65 -6.5574268017408162e-04 2.6454411597256811e-05
6 66 -6.7723987842926243e-04 2.1127950902646059e-05
6 67 -8.6758498750015372e-04 -1.1961972441867347e-04
6 68 -9.1051175908589725e-04 -4.6609184027359568e-05
6 69 -1.0309870874574975e-03 -1.7750288906915431e-05
6 70 -1.6248986016723997e-03 -2.8207559638005446e-04
6 71 -2.1484711396783426e-03 1.2435201537419819e-04
7 0 -7.7225734201009672e-04 -2.8831054612175650e-04
7 1 -7.8975856696690766e-04 3.2553753191090184e-05
7 2 -6.9920084814009502e-04 -4.2610473681607901e-05
7 3 -6.3037787429887158e-04 5.4296529218750414e-06
7 4 -4.1737125092322993e-04 1.7964435234964835e-05
7 5 -3.9471322877615393e-04 -8.4868261042118841e-06
7 6 -3.8731743334865999e-04 3.0425405921167035e-05
7 7 -3.1143861226711611e-04 5.2504784714654339e-06
7 8 -2.9157028969959651e-04 1.5369847082849168e-05
7 9 -2.9904887760012094e-04 5.7353701752110731e-06
7 10 -1.9485723781456326e-04 2.6763961974252464e-05
7 11 -1.7441041086379484e-04 -1.2268147116680956e-05
7 12 -1.6420117372779186e-04 2.6805354951012876e-05
7 13 -1.9239934833302895e-04 4.1311304795857049e-06
7 14 -1.4704939258449693e-04 -7.9145088397859625e-06
7 15 -9.9624300469358223e-05 -2.0705178114850715e-06
7 16 -7.6318074434420782e-05 -1.4963128177912551e-05
7 17 -8.2928026705286314e-05 -1.0063386527607542e-05
7 18 -7.3608064620030779e-05 -9.4039494358278237e-06
7 19 -6.8903552743761082e-05 -1.5140619917395216e-05
7 20 -6.0828268613453042e-05 -1.7925048494610192e-06
7 21 -4.3348311897172469e-05 2.9212218033399127e-06
7 22 -4.4600234795894024e-05 1.0953400497143126e-05
7 23 -4.1179866111432662e-05 -5.6658416628277212e-06
7 24 -4.0078800328850235e-05 5.9236387771300425e-07
7 25 -3.4408747127739714e-05 -5.5281181131688471e-06
7 26 -2.2263660701767134e-05 -6.3230409751147894e-06
7 27 -1.6262813916464463e-05 -5.6308207662363621e-07
7 28 -1.7907492684004207e-05 -2.6085965461400157e-06
7 29 -1.5904327029897197e-05 -1.6824049855310892e-06
7 30 -1.7044869776141214e-05 8.0582091242119891e-07
7 31 -1.8104142100076943e-05 -2.7823433934781232e-06
7 32 -1.2070758202143721e-05 -7.3032263998753219e-07
7 33 -1.4935918551861016e-05 2.3359770431200412e-07
7 34 -1.5229928209157489e-05 2.0523877474714569e-07
7 35 -1.4486758571161320e-05 -6.5325545606538496e-07
7 36 -1.3969359192650483e-05 2.4006746665030151e-06
7 37 -1.4396904357640323e-05 9.0652022006652173e-07
7 38 -1.5276338244483770e-05 -7.6845315296298175e-08
7 39 -1.3968350769062024e-05 9.0286931224859668e-07
7 40 -1.6258675341417726e-05 -2.7401090007788687e-06
7 41 -1.7506238315146505e-05 -3.0000228422355392e-07
7 42 -1.9596864439113962e-05 3.0015572385418413e-07
7 43 -2.6062743215799717e-05 -3.6124251316478762e-06
7 44 -3.0204782647351760e-05 -1.2751379184559494e-06
7 45 -3.0530726865993631e-05 1.0011798889938995e-06
7 46 -3.1144845868321572e-05 -1.1225859480653991e-06
7 47 -4.7674323891321977e-05 -6.4121531485734422e-06
7 48 -4.9858412995001915e-05 -5.9802363353414349e-06
7 49 -6.0722396757556780e-05 -6.6398386839398070e-06
7 50 -6.6492431999313613e-05 4.6468398834301768e-06
7 51 -6.5389355253497132e-05 7.4972356077950371e-06
7 52 -1.0910316634905134e-04 2.1652845475388531e-05
7 53 -8.9666467232246835e-05 -1.4192038745178690e-05
7 54 -1.1526546751799630e-04 -7.4796493190692308e-06
7 55 -8.8604032850954413e-05 1.7699786095698980e-05
7 56 -1.2491073098696963e-04 -9.0746691182607071e-06
7 57 -1.6943300721342067e-04 -4.9800492442504881e-06
7 58 -1.7253830566895959e-04 -1.8416409631615473e-06
7 59 -1.5304445626802666e-04 -9.9538042461253014e-06
7 60 -1.8216797393988236e-04 -5.3351195976474066e-06
7 61 -2.9416615610415223e-04 2.8237376994855510e-05
7 62 -2.4815261600733538e-04 -5.0641799433216462e-05
7 63 -2.6414559794390785e-04 3.0431987435002685e-05
7 64 -2.5750266287361060e-04 1.3348658696185253e-05
7 65 -3.5217061286998399e-04 1.5869435156723081e-05
7 66 -3.2536769869684974e-04 3.7844887330164747e-05
7 67 -4.7334565601010297e-04 -9.4798314626254909e-05
7 68 -4.6876908087876149e-04 -5.5562269809844640e-05
7 69 -4.5121626776356972e-04 -1.5524917241987759e-05
7 70 -8.1410485415710102e-04 -2.2010966366721796e-04
7 71 -1.1367740671281591e-03 1.0145063569799903e-04
8 0 -2.5060676193427555e-04 -2.7675196746495986e-04
8 1 -4.0137327592427535e-04 -4.1927109752526417e-05
8 2 -4.0620058948051421e-04 -6.5376212218557755e-05
8 3 -3.4899079396930998e-04 -2.3950086181541563e-06
8 4 -2.0345893906977824e-04 1.5574903217682240e-05
8 5 -2.1162814537691811e-04 -3.8257855631645352e-05
8 6 -1.9484631892410683e-04 2.8616543635036000e-05
8 7 -1.5615897591867285e-04 -4.5244765962567864e-06
8 8 -1.6338727269332533e-04 2.6909446988368153e-05
8 9 -1.9116323886146373e-04 1.6469780384980206e-05
8 10 -9.4708680924914397e-05 2.5276288654247020e-06
8 11 -7.5107333176270262e-05 -8.9864664514807003e-06
8 12 -8.7823502272095974e-05 1.5327508179476931e-05
8 13 -1.1312248714094995e-04 5.8175066657664697e-06
8 14 -7.5551921219411635e-05 -1.1791647192186894e-05
8 15 -4.9862853194321696e-05 4.4166076978019472e-07
8 16 -3.7010580036315934e-05 -9.8389436099942270e-06
8 17 -3.8552179555497674e-05 -6.4672446286618768e-06
8 18 -2.9826793580780346e-05 -6.9271222146387311e-06
8 19 -3.2348769347915178e-05 -1.2459800643269040e-05
8 20 -3.0723445524102017e-05 -4.6602637456957065e-06
8 21 -2.0263191952096700e-05 7.2687754022507225e-07
8 22 -2.2811308440226172e-05 9.2100198600019774e-06
8 23 -2.0495522017045248e-05 -3.6259811062430794e-06
8 24 -2.0023029950964510e-05 2.4225004816857876e-06
8 25 -1.5785488358221842e-05 -4.2759559931253322e-06
8 26 -7.3266439969278181e-06 -7.0509253699570690e-06
8 27 -5.7354435286969358e-06 -1.3345011384935203e-06
8 28 -7.3283439280561675e-06 -1.3574304173556090e-06
8 29 -7.3581200482958963e-06 -1.0933987129227259e-06
8 30 -8.3401692919445526e-06 1.3270592188611208e-06
8 31 -1.0523166927906706e-05 -2.1579847253362529e-06
8 32 -5.6446949559320699e-06 -8.2922873605581438e-08
8 33 -7.0948347496601283e-06 4.9558412674148150e-07
8 34 -8.6022931926383753e-06 4.6692019950194880e-07
8 35 -7.4115972571939350e-06 -5.3016624564610622e-07
8 36 -6.7011229449713472e-06 1.5929457172799060e-06
8 37 -7.8066812611591590e-06 5.8243042778197348e-07
8 38 -8.0045628738365330e-06 3.0250121162686030e-07
8 39 -7.1359173585367794e-06 6.6884593763590982e-07
8 40 -7.7126834154199297e-06 -2.9818695537705173e-06
8 41 -8.2688265537827825e-06 3.6682489189824785e-07
8 42 -8.5245788060388035e-06 9.4039403165949422e-07
8 43 -1.2958478827711724e-05 -3.0699712554297382e-06
8 44 -1.4024744725690946e-05 -1.0625892355183154e-06
8 45 -1.4584193102288714e-05 6.0025346568001416e-08
8 46 -1.4596722473365544e-05 9.5544673191486864e-07
8 47 -2.5635806932839979e-05 -5.4321303455564815e-06
8 48 -2.4904518641648689e-05 -6.0521397242438791e-06
8 49 -3.3728716590947238e-05 -4.9050097375209393e-06
8 50 -3.4762210988469761e-05 4.7293099345355133e-06
8 51 -3.5119110982243029e-05 5.9704962637355147e-07
8 52 -5.8002367515351591e-05 2.1983026868314776e-05
8 53 -4.3812119380864650e-05 -1.3940385158052008e-05
8 54 -6.7428558456830292e-05 -1.0507074814279158e-05
8 55 -4.0381639536168786e-05 1.4281079029085138e-05
8 56 -6.7608937600729797e-05 -7.8534592010899074e-06
8 57 -1.0042345686088819e-04 -4.3588339800380145e-06
8 58 -9.1426562279555397e-05 -3.6765242414762579e-06
8 59 -5.5821370802351971e-05 -4.9693782721238965e-06
8 60 -7.5517156060612989e-05 -1.6293140155456124e-06
8 61 -1.9010808603614715e-04 1.7997767635616362e-05
8 62 -1.2655856291835955e-04 -5.4578971813061432e-05
8 63 -1.1979710019185482e-04 2.0218633013968434e-05
8 64 -1.2135996185536562e-04 -1.1178976809593552e-05
8 65 -1.8660550625728512e-04 -4.2268372910292622e-06
8 66 -1.6676527600680295e-04 2.4942361830205395e-05
8 67 -2.4510326398913078e-04 -3.7657279676981968e-05
8 68 -2.4080198989475125e-04 -5.8535280155021341e-05
8 69 -1.5847095616852646e-04 -1.9033134754214916e-05
8 70 -4.0771596319715887e-04 -1.4112183388417175e-04
8 71 -6.5636413191863334e-04 1.2856277892721232e-04
9 0 1.5724655027511666e-05 -2.8314928158555030e-04
9 1 -2.0188762630982943e-04 -6.7987860633616346e-05
9 2 -2.6308949521806674e-04 -6.8316540758988912e-05
9 3 -2.2402355702420812e-04 -8.8911511934223416e-06
9 4 -9.4405608296789962e-05 7.5120514990174573e-06
9 5 -1.3637534339401165e-04 -6.7910364713055809e-05
9 6 -9.1798158973969613e-05 2.0512885095610965e-05
9 7 -7.3084411228777098e-05 -9.5522990199183260e-06
9 8 -9.7068100709659402e-05 2.9164418250183166e-05
9 9 -1.2941939461523182e-04 2.5487230086217702e-05
9 10 -5.3270499952142345e-05 -9.4597582738943687e-06
9 11 -2.3027003068371581e-05 -3.9950949877886044e-06
9 12 -5.0084595661171155e-05 1.9558152580084166e-06
9 13 -6.6877553067083901e-05 7.4149108416001108e-06
9 14 -3.5112897630676418e-05 -1.5181215150475971e-05
9 15 -1.9462182920946454e-05 2.3951281369815678e-06
9 16 -1.9949430653191159e-05 -9.9928968596872870e-06
9 17 -1.8666990089149244e-05 -2.4629170025989859e-06
9 18 -6.8907140976965073e-06 -4.3510408362216972e-06
9 19 -1.2536140016789844e-05 -9.2955448165235402e-06
9 20 -1.3383568269532537e-05 -5.3588010168776216e-06
9 21 -1.1394652585435426e-05 -1.0814755158138546e-06
9 22 -1.2627941890444965e-05 7.9430159042747166e-06
9 23 -7.6037177938026181e-06 -1.5106308305480250e-06
9 24 -9.1138065004295204e-06 2.8812671866788542e-06
9 25 -5.7179929167458890e-06 -2.1696705972755620e-06
9 26 -1.7185344556808865e-06 -5.3864505334666127e-06
9 27 -9.0821520074660631e-07 -1.7560904863020844e-06
9 28 -3.0800353275276474e-06 -4.3052646010410490e-07
9 29 -2.9326452445755063e-06 -4.4805241306462772e-07
9 30 -3.8761617884416880e-06 8.6690509730665269e-07
9 31 -6.2998890208648113e-06 -1.4562645755823318e-06
9 32 -2.7845421525074390e-06 5.3384393805336532e-08
9 33 -2.9182518445734382e-06 1.2182792531458697e-06
9 34 -5.2410560558528462e-06 1.0102615519548651e-07
9 35 -3.5847481594579137e-06 -5.8322127370948302e-07
9 36 -3.0470562498464722e-06 6.5516636604479847e-07
9 37 -3.9794778473662634e-06 -2.9319538807482599e-07
9 38 -4.3149624978156792e-06 4.4209461136783979e-07
9 39 -3.2277949236701946e-06 2.2771491277696746e-07
9 40 -3.5467667801492826e-06 -3.1821981449712862e-06
9 41 -3.1700692182266223e-06 1.8787179365920156e-06
9 42 -3.9188311580715652e-06 5.0387811437669469e-07
9 43 -5.8323087662688007e-06 -1.7417872110989439e-06
9 44 -6.0164689327007100e-06 -8.9055237429121991e-07
9 45 -5.9666712152146189e-06 -1.4148241357002351e-06
9 46 -5.7646388306158043e-06 -3.3413495297927714e-07
9 47 -1.2433696345543857e-05 -2.1463998449296015e-06
9 48 -1.0429319479722358e-05 -4.9417902245918414e-06
9 49 -2.2703363783295143e-05 -5.7041271891190509e-06
9 50 -1.6685493626768452e-05 5.8844924579247239e-06
9 51 -1.8375474549663067e-05 -2.2084831691161515e-06
9 52 -2.8327441119961581e-05 2.0751897949142273e-05
9 53 -1.9817168833653852e-05 -1.3279376586234767e-05
9 54 -3.9064333633638041e-05 -9.7485606549177915e-06
9 55 -1.8480193355692584e-05 1.3150385814542228e-05
9 56 -3.6584423299928191e-05 -9.9963023813942485e-06
9 57 -6.6394940905511031e-05 -6.3473652571898422e-06
9 58 -5.0287096376991580e-05 -4.5550011290686645e-06
9 59 -1.3169649951426555e-05 -1.5287179707136893e-06
9 60 -2.3907368847760216e-05 -5.3778142381181492e-07
9 61 -1.2404208945230195e-04 1.0154066143485430e-05
9 62 -6.4023108039538870e-05 -4.6884242105480595e-05
9 63 -3.8084728863948874e-05 1.4024882700683614e-05
9 64 -5.7831237697110586e-05 -1.6632743952909116e-05
9 65 -1.0796152295728793e-04 -2.2238256717770773e-05
9 66 -9.7653474820081645e-05 -7.3497976997354767e-06
9 67 -1.1723892969003305e-04 1.4573000931837074e-05
9 68 -1.1704606974069460e-04 -5.4257229445076653e-05
9 69 -2.6169085984930920e-05 -1.0396185102586760e-05
9 70 -1.9710469160971782e-04 -8.5470072117037189e-05
9 71 -3.2282543631524972e-04 1.5459431997336768e-04
10 0 1.4667414286855787e-04 -2.2508216818918161e-04
10 1 -9.9117171947611334e-05 -6.3841520785549235e-05
10 2 -1.3767208091931902e-04 -4.1911229466571130e-05
10 3 -1.5670986947516590e-04 -1.1591359611425420e-05
10 4 -4.4893445516095626e-05 -1.6415684497086634e-05
10 5 -1.0613609181299499e-04 -8.2837559724771421e-05
10 6 -4.1880798049058104e-05 1.5411452129522266e-05
10 7 -3.0092801875508589e-05 -1.9129383832068369e-05
10 8 -6.0046465911501160e-05 1.9039658657392416e-05
10 9 -9.2957176883589547e-05 2.5707840799588905e-05
10 10 -3.8854760598351280e-05 -1.0291120160622582e-05
10 11 1.9105776759887699e-06 -2.1752152609103188e-06
10 12 -2.9229030791360524e-05 -6.6512557720905201e-06
10 13 -4.2625094685024760e-05 5.4829866591898004e-06
10 14 -1.4969593752424103e-05 -1.4727328207348252e-05
10 15 2.6810827244486603e-06 3.1896398057344959e-06
10 16 -1.0226650625470260e-05 -1.0732195516627153e-05
10 17 -8.0082502975301542e-06 -5.2755745211988313e-08
10 18 9.0595705833722466e-06 1.3729030322425596e-07
10 19 -1.8859871676039982e-06 -1.0354712227998063e-05
10 20 -6.7105484299500980e-06 -6.3219230768981826e-06
10 21 -8.0013747049955897e-06 -5.1651051015842455e-07
10 22 -8.4468158529753234e-06 5.1260213814430559e-06
10 23 -2.5386610223094007e-07 4.1835478740946011e-07
10 24 -2.4871030141916353e-06 4.6150713198331339e-06
10 25 1.5788428618114715e-07 -6.8822359379885537e-07
10 26 -5.2289495544511912e-07 -3.7445432611657076e-06
10 27 6.7406349424130027e-07 -1.1051102102262251e-06
10 28 -1.8830373313615990e-06 4.4342429550111872e-07
10 29 -6.8788963750563717e-07 3.8587299279424358e-07
10 30 -2.0669856327853815e-06 1.2359407151418095e-08
10 31 -4.0492115357274820e-06 -9.0208320485045757e-07
10 32 -1.1722233258928756e-06 -6.0557660339325973e-07
10 33 -5.1016651668126339e-07 1.2145629641121752e-06
10 34 -3.3791096108111407e-06 -5.7378552517319867e-07
10 35 -1.5212802205487361e-06 -7.8759027239809591e-07
10 36 -1.2799204745110651e-06 4.4856156968331485e-08
10 37 -1.9857302785328827e-06 -4.7317014837561973e-07
10 38 -2.4781653949942027e-06 1.6713216521153166e-07
10 39 -1.0976984036581818e-06 2.7464238079481425e-07
10 40 -1.5811704225737918e-06 -2.9948670082177231e-06
10 41 -6.4150903869445170e-07 2.6186093654413933e-06
10 42 -1.8983015555101272e-06 -2.0461404236257330e-07
10 43 -1.9202604179719639e-06 -1.4687601428949372e-06
10 44 -1.9111264493688912e-06 -8.6781227104987681e-07
10 45 -3.3573462129419575e-07 -1.3789707935784018e-06
10 46 -2.3456009127982633e-06 -1.5428669590670674e-06
10 47 -7.1643616334699580e-06 8.0838024202247165e-07
10 48 -2.5005262155268057e-06 -4.1644081217521411e-06
10 49 -1.8278680765460036e-05 -8.8629533936884077e-06
10 50 -6.0044433037233497e-06 5.4701610292120959e-06
10 51 -6.8397286490973825e-06 -3.1814540502315567e-06
10 52 -1.3797710366573129e-05 1.8293045866320618e-05
10 53 -7.3077809890780440e-06 -1.5665107917669650e-05
10 54 -1.8880698490825643e-05 -4.7937065448587749e-06
10 55 -1.0459232424492509e-05 1.0782120172910151e-05
10 56 -2.2286131676589137e-05 -5.3841466188510650e-06
10 57 -4.8104462881694758e-05 -9.6786980988974228e-06
10 58 -2.8131900982409999e-05 -2.2257323013784779e-06
10 59 -1.2206951715241342e-06 -3.9720915494125485e-06
10 60 -7.4146198271402476e-06 1.8883698194873015e-06
10 61 -7.4506163889646708e-05 4.0437106241028090e-06
10 62 -2.8950534363951853e-05 -2.8130114347634439e-05
10 63 6.5693350656823668e-06 6.7398307481042617e-06
10 64 -3.5647364021120762e-05 -9.9653474380912251e-06
10 65 -5.7347521349767771e-05 -2.9359428508823102e-05
10 66 -7.2839519286598583e-05 -2.5167655393637722e-05
10 67 -4.3300982736841572e-05 3.9826287597454520e-05
10 68 -5.0902121170349377e-05 -3.5170454316390894e-05
10 69 -7.4795124003820510e-06 8.8374315146680041e-06
10 70 -7.8908040496317167e-05 -6.7079887903673504e-05
10 71 -1.0111947144826815e-04 1.3931248338962436e-04
