0 0 -1.1208457186926364e+00 -3.4594049424899166e-20
0 1 -1.4300920319280250e-01 -9.1128864803400625e-22
0 2 -5.1317130658087899e-02 5.5332119779061997e-21
0 3 -2.8806856667076275e-02 -6.4236224531805814e-22
0 4 -2.2177933983803657e-02 1.2079413629243769e-21
0 5 -1.8787221345026649e-02 8.6731071982768581e-22
0 6 -1.6474026438741633e-02 3.6012874543310179e-22
0 7 -1.4928252685112824e-02 -8.1109694748645642e-23
0 8 -1.2811623736146013e-02 8.3173797322059423e-22
0 9 -1.1417431137964290e-02 -1.3206292871149175e-22
0 10 -9.9463946311664289e-03 -3.2155913323528393e-22
0 11 -8.0531804700730465e-03 -2.4856681621353831e-22
0 12 -6.6528584319966748e-03 1.2903950532394026e-22
0 13 -5.4710389020509930e-03 -5.2971680729615797e-23
0 14 -4.5163333947757589e-03 1.5447171916006517e-22
0 15 -3.7736631044229425e-03 5.0208161403175606e-23
0 16 -3.2091272358259889e-03 5.8287059141658623e-23
0 17 -2.7666281243993113e-03 2.7105095072869651e-23
0 18 -2.3290026096024377e-03 4.8103407276027815e-23
0 19 -2.0019374908528506e-03 1.5312895674863840e-22
0 20 -1.7724159968745031e-03 -6.7215119066907004e-23
0 21 -1.5663592265014617e-03 2.1223794839502183e-23
0 22 -1.3921000963732721e-03 1.0428245161922264e-24
0 23 -1.1946226000045296e-03 -9.3413070231594797e-24
0 24 -9.9927036379515721e-04 -3.3043431132453539e-24
0 25 -8.2657231270384646e-04 2.1275555355220778e-23
0 26 -7.0618873043803250e-04 4.4520143282817622e-24
0 27 -6.2544649062137500e-04 -3.3597307486021480e-23
0 28 -5.4573430934127154e-04 -1.3626801077531669e-23
0 29 -4.9937998205096842e-04 -4.3124352018505357e-25
0 30 -5.0668323290444710e-04 -2.0742950270053022e-23
0 31 -5.2702081113304062e-04 -1.6574630189038819e-23
0 32 -5.1862964106544503e-04 -1.3631563312540227e-23
0 33 -5.0118578141468265e-04 1.7509736544492024e-23
0 34 -4.9004569434226266e-04 1.1626782974051166e-23
0 35 -4.9146493232934594e-04 -2.7497789349736960e-23
0 36 -5.0119494030151802e-04 1.2857519749810017e-23
0 37 -5.3279652677218445e-04 1.6113048678455403e-23
0 38 -5.7074943721282449e-04 8.3515795456240808e-24
0 39 -6.2098818198648984e-04 -1.9270389289009946e-23
0 40 -6.9071643633910728e-04 -2.6609087131779935e-23
0 41 -7.2875886519733189e-04 -1.8308604056307271e-23
0 42 -8.0574547570088652e-04 -1.1331037862774493e-23
0 43 -9.1469395197126544e-04 2.4352869862545923e-23
0 44 -1.0336415116001169e-03 2.8810076809030293e-23
0 45 -1.1297759055180097e-03 2.1460779981946973e-23
0 46 -1.2159193515090627e-03 -5.2618747924893849e-23
0 47 -1.2871957519526671e-03 -1.6254723959424564e-23
0 48 -1.4365760388222182e-03 5.5364657050053901e-23
0 49 -1.5604293815758778e-03 -1.7328587954631031e-23
0 50 -1.6901644929732125e-03 9.3517518788239441e-24
0 51 -1.8378915139226177e-03 -1.3831049282358290e-24
0 52 -2.0560024897632754e-03 -1.1073537551741035e-23
0 53 -2.3253917868163785e-03 -5.1739640608125844e-23
0 54 -2.4484157131633094e-03 1.0961332525426207e-22
0 55 -2.6202712759212689e-03 7.0880692676857813e-25
0 56 -2.9001724993897534e-03 -1.0835175322587637e-23
0 57 -3.3088301901261635e-03 1.4890098911671947e-23
0 58 -3.6613354138507670e-03 -3.0420001240334525e-23
0 59 -4.1465214523324816e-03 4.8706135576817067e-23
0 60 -4.8362975833901155e-03 -1.9599043810470988e-22
0 61 -5.6925819860572102e-03 -2.7372730334402417e-23
0 62 -6.9715698735515830e-03 2.8825325137698105e-22
0 63 -8.0970444831308074e-03 3.6659062305083247e-22
0 64 -9.1946463895986822e-03 1.8754926440233677e-22
0 65 -1.0561801601401152e-02 1.6881773865448232e-22
0 66 -1.2179035163398841e-02 -2.0194240594594161e-22
0 67 -1.4404211000480321e-02 -1.0264564897463407e-21
0 68 -1.8166113995011602e-02 -4.5236079476963465e-22
0 69 -2.4605630563931769e-02 -4.7216631489459793e-22
0 70 -4.2716379833984817e-02 3.5430308299620494e-21
0 71 -1.2839546069346761e-01 -1.7848512471278936e-20
1 0 -3.2020695380510084e-01 9.3622808024051063e-04
1 1 -8.5793806825784011e-02 6.5190625534871716e-04
1 2 -3.6385761571187017e-02 -2.7517541551923757e-04
1 3 -2.1421729804182874e-02 -2.3732559502519706e-04
1 4 -1.6914740079251651e-02 -1.1442231668158498e-04
1 5 -1.4344238811763709e-02 -5.8014977930482169e-05
1 6 -1.2650940544776699e-02 -2.3670561597889017e-05
1 7 -1.1446682545627982e-02 3.3769812708473484e-05
1 8 -9.7974338232105895e-03 2.4461778146601627e-05
1 9 -8.6943476994756491e-03 -2.4371845630346506e-05
1 10 -7.5869453380561433e-03 -6.9885727506124268e-06
1 11 -6.1443696366349490e-03 2.1968497508375788e-05
1 12 -5.0663665776962781e-03 5.5336009407071152e-06
1 13 -4.1762099859400468e-03 1.7134567440307018e-05
1 14 -3.4629726178044026e-03 7.9862166121993937e-06
1 15 -2.8839975223136846e-03 8.1105022687026848e-06
1 16 -2.4525756959340303e-03 1.8051055367392071e-05
1 17 -2.1164643012962039e-03 3.2007638955942528e-06
1 18 -1.7768151516906806e-03 2.8339507258052905e-06
1 19 -1.5259786133402947e-03 -5.1283295896364209e-06
1 20 -1.3547627258603768e-03 -6.5234033966082799e-06
1 21 -1.1968117643258184e-03 -3.7493991928792453e-06
1 22 -1.0625480084642870e-03 2.0058194014989480e-06
1 23 -9.1584913866412016e-04 -2.0392270862661082e-06
1 24 -7.6503377972436963e-04 1.0931022357593802e-06
1 25 -6.3246139878918404e-04 -3.8769276518208517e-06
1 26 -5.3683431096434469e-04 -3.7004543959283213e-06
1 27 -4.7526102889602282e-04 -3.9387102949907740e-06
1 28 -4.1527879006393657e-04 -2.3979791116834826e-06
1 29 -3.8057856307838889e-04 -1.5868753379959062e-06
1 30 -3.8585636338433566e-04 -3.7112713305695274e-07
1 31 -4.0245993801690013e-04 3.2546134593967057e-06
1 32 -3.9652415914711957e-04 1.4163108811661424e-06
1 33 -3.8339774595728287e-04 1.7748597186903862e-06
1 34 -3.7539651626111015e-04 1.8035179639370969e-06
1 35 -3.7642170741914843e-04 -4.3939404984952791e-08
1 36 -3.8241970868685312e-04 -1.7240726566720870e-06
1 37 -4.0716223809717964e-04 -2.4853479662920297e-06
1 38 -4.3652063578241605e-04 -2.8535518670193404e-06
1 39 -4.7413460895530087e-04 -1.8305835358057339e-06
1 40 -5.2780637791963669e-04 1.3169355491167922e-06
1 41 -5.5848688441182998e-04 -8.2641423683970433e-07
1 42 -6.1823045293113411e-04 -6.2478095698771674e-07
1 43 -7.0342692104598877e-04 -1.8670229106487719e-06
1 44 -7.9371778252425437e-04 -7.3629900374018253e-07
1 45 -8.6768536522577138e-04 7.0539268432168140e-07
1 46 -9.3556343926468825e-04 -2.5930154580331253e-06
1 47 -9.8443707248457423e-04 -5.8090209138307375e-06
1 48 -1.1018714757107580e-03 -2.8677773188720611e-06
1 49 -1.1917158227393830e-03 -6.5508441384849819e-07
1 50 -1.2922160723825627e-03 2.2454515672806090e-06
1 51 -1.4039013023687177e-03 -1.2328093849259377e-06
1 52 -1.5651425417179505e-03 3.3277359899045659e-06
1 53 -1.7788978541610542e-03 8.4799513422776379e-06
1 54 -1.8752643586759780e-03 2.2055696905853625e-06
1 55 -2.0118058658458275e-03 -9.9484970671586046e-06
1 56 -2.2202452666412681e-03 -8.3113251974842540e-06
1 57 -2.5183093199959926e-03 -1.3119923651788572e-05
1 58 -2.7966792216240666e-03 -1.8821912356720302e-05
1 59 -3.1752487634125726e-03 2.3305958557804236e-06
1 60 -3.6964040230275173e-03 -5.0660009522688511e-06
1 61 -4.3595842153938205e-03 -2.9464355500687328e-06
1 62 -5.3063584286323680e-03 -1.4263306196209040e-05
1 63 -6.1772636110429182e-03 -1.5926696782144711e-05
1 64 -7.0111413490879402e-03 9.8454583114665043e-06
1 65 -8.0500479875832125e-03 -5.8165714653853048e-06
1 66 -9.3214551788856920e-03 1.8039354754378452e-05
1 67 -1.1021560973639587e-02 6.3856186048926428e-06
1 68 -1.3848073543666791e-02 6.1462907684871711e-05
1 69 -1.8465442808173766e-02 -2.2781660334531722e-05
1 70 -3.0460003238181790e-02 -1.0448614431085844e-04
1 71 -7.5298812714308064e-02 -2.8276883770526933e-04
2 0 -9.1679470472080499e-02 1.5183400802518138e-03
2 1 -4.1591164652681374e-02 4.3504444057205165e-04
2 2 -2.0117994550400618e-02 -3.8895686211045879e-04
2 3 -1.2781388520627058e-02 -2.7150902328157834e-04
2 4 -1.0464029619693142e-02 -1.3850940752108400e-04
2 5 -8.8462429997504238e-03 -1.0485222864688482e-04
2 6 -7.9195332517071181e-03 -1.1746065117685011e-05
2 7 -7.1439342226469584e-03 6.0949914195063166e-05
2 8 -6.0894064265863595e-03 4.1791058973363980e-05
2 9 -5.3479438573111457e-03 -2.1351178422275221e-05
2 10 -4.6593114637882632e-03 -1.8379268624161118e-05
2 11 -3.7740803689468761e-03 3.7402630851590779e-05
2 12 -3.1169200209939410e-03 9.1455032574060475e-06
2 13 -2.5866494613574300e-03 2.3470072763695054e-05
2 14 -2.1633272053725628e-03 1.4989401541682852e-05
2 15 -1.7866132364685124e-03 1.1460465298918566e-05
2 16 -1.5165478174857640e-03 2.2407406769893641e-05
2 17 -1.3120957153513286e-03 5.9337629367800530e-06
2 18 -1.0942441824197894e-03 3.0296021796053043e-06
2 19 -9.3969937580496983e-04 -4.1418898460227012e-06
2 20 -8.3651117601218374e-04 -8.2971762512554392e-06
2 21 -7.3973609006770791e-04 -5.9801959964744048e-06
2 22 -6.5644054871275036e-04 2.7139601798251061e-06
2 23 -5.7160968465838028e-04 -2.8571935840314368e-07
2 24 -4.7420401133405093e-04 2.8584444642030727e-06
2 25 -3.9432606111994609e-04 -5.7789788722020543e-06
2 26 -3.2957888340556411e-04 -4.3556234472057031e-06
2 27 -2.9109066249832950e-04 -5.4668845457442737e-06
2 28 -2.5605430710368718e-04 -2.6495818811881097e-06
2 29 -2.3432373029636864e-04 -2.8990233909555328e-06
2 30 -2.3685484774406773e-04 -2.6849245508109139e-07
2 31 -2.4868668543479559e-04 3.7658159951543600e-06
2 32 -2.4585019992675754e-04 1.2870775512461583e-06
2 33 -2.3706518144049485e-04 1.5295453523622437e-06
2 34 -2.3428860943846755e-04 2.0496755112616614e-06
2 35 -2.3421554824756924e-04 4.9392645529824727e-07
2 36 -2.3651950171844265e-04 -2.6556773256684831e-06
2 37 -2.5269971138550362e-04 -3.0828956629587683e-06
2 38 -2.7152847732815584e-04 -4.1054423137528642e-06
2 39 -2.9422540724838926e-04 -1.3520501322595704e-06
2 40 -3.2760225132549012e-04 2.7132052802219589e-06
2 41 -3.4821922991232982e-04 -7.9325612616663984e-07
2 42 -3.8719359383980337e-04 -9.6331391252065550e-08
2 43 -4.4151320667822313e-04 -1.0852939967929252e-06
2 44 -4.9632233725132972e-04 -5.5922519474247985e-07
2 45 -5.4387245806435548e-04 1.2611055755043485e-06
2 46 -5.8727193505917223e-04 -3.5715336079945976e-06
2 47 -6.1252624224301336e-04 -5.9982808098015083e-06
2 48 -6.9002766420881692e-04 -5.2018001002889770e-06
2 49 -7.3727096345946818e-04 7.1650726164417885e-07
2 50 -7.9913593567657124e-04 1.1648259817517883e-06
2 51 -8.6857268634318592e-04 -4.0387049283288615e-06
2 52 -9.6278590875503863e-04 5.2697578290647499e-06
2 53 -1.1077084516381949e-03 1.0887023560589485e-05
2 54 -1.1665327602526621e-03 1.8759064202742020e-06
2 55 -1.2583108346066734e-03 -1.1326918951935778e-05
2 56 -1.3813086097792281e-03 -9.6263505086029556e-06
2 57 -1.5475998210277839e-03 -1.8184875448651344e-05
2 58 -1.7328123314066578e-03 -2.9998835908944466e-05
2 59 -1.9819312125895529e-03 7.6419038542748809e-07
2 60 -2.2914958033930146e-03 -5.2190806096088549e-06
2 61 -2.7179010095654795e-03 6.4423773073198922e-07
2 62 -3.2640356086711532e-03 -2.7917535995955818e-05
2 63 -3.8298507666872338e-03 -2.0472480921709672e-05
2 64 -4.3287163146049582e-03 -1.1232332945171345e-06
2 65 -4.9649314733993350e-03 -2.6542663262605934e-05
2 66 -5.7954942205935929e-03 2.5421676090078907e-05
2 67 -6.8488149057171653e-03 1.3578591438257682e-05
2 68 -8.5330392398882439e-03 1.1150901495373263e-04
2 69 -1.1057802884345160e-02 -4.4362947271606180e-05
2 70 -1.7211109775276345e-02 -9.4169144597428445e-05
2 71 -3.5041788284346474e-02 -2.0583196525042114e-04
3 0 -2.7968151577183235e-02 1.2529047052201299e-03
3 1 -1.9207687729230538e-02 3.0963920543951453e-04
3 2 -1.0042964708037876e-02 -3.0019553284043660e-04
3 3 -6.9860860216334692e-03 -2.4105088660647767e-04
3 4 -5.9934356514993086e-03 -1.1658577729005369e-04
3 5 -5.0684192132843418e-03 -1.2128419251063870e-04
3 6 -4.5928735067471780e-03 -1.5827651301419941e-05
3 7 -4.0965641618383938e-03 6.3627531098140285e-05
3 8 -3.4885278093921214e-03 4.5101780269991495e-05
3 9 -3.0388006118418579e-03 -1.6442772203442150e-05
3 10 -2.6257983264863461e-03 -1.7302229025787716e-05
3 11 -2.1274642637779178e-03 2.3747608699950377e-05
3 12 -1.7686346590545081e-03 1.2153757337525893e-05
3 13 -1.4778577069935756e-03 2.5051896123231370e-05
3 14 -1.2559078544426647e-03 1.8340194895172646e-05
3 15 -1.0201238856856075e-03 1.0581286654563455e-05
3 16 -8.6476102414819085e-04 2.0939218596307150e-05
3 17 -7.5213995147779247e-04 7.6791300936933122e-06
3 18 -6.1835034415671868e-04 3.1539101467395023e-06
3 19 -5.3262202149557698e-04 -3.6883427918124484e-07
3 20 -4.7601003516514599e-04 -5.7387801476137263e-06
3 21 -4.2353830838098269e-04 -5.6912478799161368e-06
3 22 -3.7431803598542260e-04 2.9782099518212966e-06
3 23 -3.3094641014572867e-04 1.9334462407443895e-06
3 24 -2.7169475986627613e-04 5.1377656465848638e-06
3 25 -2.2853972404540050e-04 -5.6617534920853470e-06
3 26 -1.8759798934571279e-04 -3.7596471875567951e-06
3 27 -1.6421765847839673e-04 -4.7742935128588181e-06
3 28 -1.4641848451063310e-04 -1.6121601402835403e-06
3 29 -1.3323636032582837e-04 -3.3467854659693364e-06
3 30 -1.3399985645407483e-04 2.9548324327389468e-07
3 31 -1.4222422810457905e-04 3.3596843779225029e-06
3 32 -1.4123438912171679e-04 3.5591687673259887e-07
3 33 -1.3450643497215086e-04 7.8059623754913294e-07
3 34 -1.3450904003891974e-04 1.3427403512869487e-06
3 35 -1.3443338967333539e-04 1.1530872918972353e-06
3 36 -1.3518254450139666e-04 -2.2438456438064479e-06
3 37 -1.4578125408579878e-04 -2.6382558730259744e-06
3 38 -1.5710497576613362e-04 -3.3907395095922917e-06
3 39 -1.6873656585227579e-04 8.6923349685039655e-08
3 40 -1.8912271088081223e-04 3.0981484762458408e-06
3 41 -2.0020767775780180e-04 -8.5644250882724510e-07
3 42 -2.2512206355804207e-04 1.5448064482621716e-06
3 43 -2.5700223064964494e-04 7.2413242308465275e-07
3 44 -2.8757850824074439e-04 1.1062278933175524e-06
3 45 -3.1791785588682070e-04 1.7845532616723601e-06
3 46 -3.4348373691921288e-04 -2.9593773600558093e-06
3 47 -3.5290479405601741e-04 -5.6106542872886801e-06
3 48 -3.9951682828705227e-04 -6.0570029400370626e-06
3 49 -4.2168503707273316e-04 3.7502479513450906e-06
3 50 -4.5738460958153843e-04 -6.5702547758398422e-07
3 51 -4.9732819258353962e-04 -5.9040727539209108e-06
3 52 -5.4694242087091919e-04 5.0874727512685644e-06
3 53 -6.4173164140013828e-04 1.2415107272973598e-05
3 54 -6.7164118642072960e-04 1.8804903931628438e-06
3 55 -7.3056230354708745e-04 -7.7373413382366748e-06
3 56 -7.9771327176399382e-04 -5.4984006701700349e-06
3 57 -8.8101207171251746e-04 -1.5018813139304683e-05
3 58 -9.9357238357169705e-04 -2.8888179505201321e-05
3 59 -1.1436592071906093e-03 -2.1984879819535911e-06
3 60 -1.3151515309788914e-03 -3.4743608614328617e-06
3 61 -1.5677523690180431e-03 5.4738862156097840e-06
3 62 -1.8545660989056469e-03 -3.4323267035695080e-05
3 63 -2.1928933041890919e-03 -1.2943618398550520e-05
3 64 -2.4714770138819023e-03 -1.3852657489589122e-05
3 65 -2.8234382251646575e-03 -5.9462560716057577e-05
3 66 -3.3368061977326669e-03 2.5563101735127815e-05
3 67 -3.9337967384231133e-03 1.5313996638177345e-05
3 68 -4.8375127663788028e-03 1.2233460539100687e-04
3 69 -6.0817340035904128e-03 -5.2604020497183940e-05
3 70 -8.8455377542573689e-03 -3.9304176361203854e-05
3 71 -1.5512854760672526e-02 5.4842153177037331e-06
4 0 -9.9184225280986478e-03 6.7644724806947408e-04
4 1 -8.6272539104135446e-03 2.0476867557085905e-04
4 2 -4.7819309800481314e-03 -1.3570648640987655e-04
4 3 -3.6142323327542978e-03 -2.2386182612801312e-04
4 4 -3.2922841136381695e-03 -9.9023529690282498e-05
4 5 -2.8217884151620892e-03 -1.0250169253996011e-04
4 6 -2.5576807638612664e-03 -1.3232237483472757e-05
4 7 -2.2478205058900518e-03 3.2593001276368542e-05
4 8 -1.9067059071931722e-03 4.9635247521890606e-05
4 9 -1.6562493179534071e-03 -1.2248253973899446e-05
4 10 -1.4154320443089338e-03 -1.2688887030246958e-05
4 11 -1.1357097204144839e-03 1.0090916611187096e-05
4 12 -9.6639498535754217e-04 1.7050956516843278e-05
4 13 -8.1084294949665295e-04 2.3699720267806262e-05
4 14 -7.0448673841176028e-04 2.1351616560745482e-05
4 15 -5.5576334818740916e-04 1.0783770536391128e-05
4 16 -4.7770222783800133e-04 1.6746574827478096e-05
4 17 -4.1339549997786818e-04 9.2843778266563169e-06
4 18 -3.3179402192999976e-04 1.8680084372112745e-06
4 19 -2.9019498932960350e-04 2.4555594653285434e-06
4 20 -2.6129170255476336e-04 -8.9978087927541058e-07
4 21 -2.3467614380677415e-04 -3.3442461270826512e-06
4 22 -2.0343439793834114e-04 4.1912587435847635e-06
4 23 -1.8561731435970904e-04 2.6429030065952196e-06
4 24 -1.4958559159916645e-04 6.3279518071760977e-06
4 25 -1.2729800520257771e-04 -4.7492794428561455e-06
4 26 -1.0278752617678892e-04 -2.8842390175720782e-06
4 27 -8.8519171812296497e-05 -2.9499854452580674e-06
4 28 -8.0463460425039951e-05 -2.0764625474303501e-07
4 29 -7.2566239648222486e-05 -2.7101858966836919e-06
4 30 -7.2266420121543974e-05 1.2457416553249614e-06
4 31 -7.8822884022472031e-05 2.5787616933601428e-06
4 32 -7.8141083305486230e-05 -1.8086808943253405e-07
4 33 -7.2070032535676741e-05 7.2452926269145286e-07
4 34 -7.3828646230716466e-05 3.8901046197354520e-07
4 35 -7.3017159486473218e-05 1.3665418317165907e-06
4 36 -7.4225938764817267e-05 -1.1171828893440865e-06
4 37 -8.1343615756112247e-05 -1.2904834087066583e-06
4 38 -8.7531902886062830e-05 -1.7606266569612842e-06
4 39 -9.2470622858478445e-05 8.3599349786786799e-07
4 40 -1.0555139502297220e-04 2.6862650768228315e-06
4 41 -1.0981457994958666e-04 -6.0442720498906400e-08
4 42 -1.2555545011298544e-04 2.9519896848543032e-06
4 43 -1.4349610922059509e-04 2.1714548495112516e-06
4 44 -1.5983498482633181e-04 2.1300584653169514e-06
4 45 -1.7939891076114518e-04 1.6047172835825812e-06
4 46 -1.9528975438692955e-04 -2.1251802660362558e-06
4 47 -1.9405351885123500e-04 -5.3551446872007195e-06
4 48 -2.2248456790255208e-04 -6.0123790281394462e-06
4 49 -2.3041272313624236e-04 7.0797407738748196e-06
4 50 -2.5069977380578118e-04 7.1234263835899440e-07
4 51 -2.7381629336064434e-04 -4.4693223874943713e-06
4 52 -2.9660680519896196e-04 4.5034076392391871e-06
4 53 -3.5715056405184541e-04 1.1752212760774516e-05
4 54 -3.7382153868028114e-04 4.3710935191439146e-06
4 55 -4.1051848547360431e-04 -6.3821564879866366e-06
4 56 -4.4397980660009585e-04 2.1692161984766183e-06
4 57 -4.8180389579808761e-04 -1.3493644051564863e-05
4 58 -5.5166244307577590e-04 -2.4485272414729348e-05
4 59 -6.3170637641227678e-04 -3.7795882324830649e-06
4 60 -7.2462451000034620e-04 -4.5768864652509730e-06
4 61 -8.6470336184362557e-04 5.2442782868124106e-06
4 62 -1.0044619552033126e-03 -2.7761518750259024e-05
4 63 -1.2113439810448035e-03 2.0345674172585036e-07
4 64 -1.3624270318127747e-03 -1.6541672886902966e-05
4 65 -1.5271082826709018e-03 -8.4639279827562855e-05
4 66 -1.8611327622559675e-03 3.0637623530041759e-05
4 67 -2.1705536111872848e-03 -2.9465110028117527e-06
4 68 -2.6407887021740436e-03 9.0629918006726655e-05
4 69 -3.2092447233411005e-03 -8.7436150845878643e-05
4 70 -4.2434030917789436e-03 -6.2425088920617125e-05
4 71 -6.7622903363859779e-03 2.6160227371020785e-05
5 0 -3.6712086211832056e-03 4.4625668486858184e-04
5 1 -3.8950401886620437e-03 1.7026300199862398e-04
5 2 -2.1586138163298507e-03 -8.3200862203875356e-05
5 3 -1.7808612939203613e-03 -2.1442134492279441e-04
5 4 -1.7491949506492652e-03 -9.9826236294989681e-05
5 5 -1.5360424351089825e-03 -6.2025310036332277e-05
5 6 -1.3850414157252724e-03 -1.2577162553864886e-05
5 7 -1.1967546605533242e-03 1.4193143852847915e-05
5 8 -1.0003919301044054e-03 5.0906070683298776e-05
5 9 -8.7851696369322394e-04 -1.1598001608445268e-05
5 10 -7.4099026175838566e-04 -7.2824042055889935e-06
5 11 -5.9010826879857866e-04 1.4063592675765778e-06
5 12 -5.1435564431259837e-04 1.3425595431129943e-05
5 13 -4.2827566765915777e-04 2.1601117649754310e-05
5 14 -3.8357410002815121e-04 1.9465273238730132e-05
5 15 -2.9321108894381573e-04 1.3223003740880302e-05
5 16 -2.6074313310593981e-04 1.1794096866133305e-05
5 17 -2.2124569240814746e-04 1.1767201151193942e-05
5 18 -1.7200458565243086e-04 1.4007288237362233e-06
5 19 -1.5354248843487152e-04 4.8448173492481026e-06
5 20 -1.3985519391267100e-04 1.7755268267709398e-06
5 21 -1.2952398986300581e-04 -1.2177026593487059e-06
5 22 -1.0492666169870941e-04 5.6505205481890628e-06
5 23 -1.0227029535659551e-04 2.0543714795894165e-06
5 24 -8.0294792480408743e-05 6.0083875950896186e-06
5 25 -6.8342288672512195e-05 -3.5668532068212183e-06
5 26 -5.4920277771465459e-05 -2.4240318692212669e-06
5 27 -4.5251819652293017e-05 -1.8901510920870159e-06
5 28 -4.3718101754644319e-05 6.2619482102420639e-07
5 29 -3.8251486978836884e-05 -1.5362052324275819e-06
5 30 -3.7765543613760982e-05 1.7136696875377226e-06
5 31 -4.3542487165751957e-05 1.8859384301371038e-06
5 32 -4.2567659748358857e-05 -1.7783088835900988e-07
5 33 -3.6627102257104700e-05 5.0697053429639358e-07
5 34 -3.8975943125966808e-05 -1.6770848611596291e-07
5 35 -3.7634039126078204e-05 1.3685913293594961e-06
5 36 -3.9551760494525387e-05 -7.3034598250050590e-07
5 37 -4.4060606098287981e-05 5.8416746615896467e-08
5 38 -4.7607229015939757e-05 -5.0130010830789176e-07
5 39 -4.9248960464868269e-05 1.7039242510167907e-07
5 40 -5.8306089624599511e-05 1.9101956870361366e-06
5 41 -5.8630666564049426e-05 6.0440571195935402e-07
5 42 -6.8312997508491002e-05 2.5536465459122614e-06
5 43 -7.6677618533063538e-05 3.0584012314457618e-06
5 44 -8.7476724085312231e-05 1.7706666131840452e-06
5 45 -9.7856956669736735e-05 9.9023899241778804e-07
5 46 -1.0870863159014908e-04 -2.6644941097750434e-06
5 47 -1.0288282598053982e-04 -4.6163529312882131e-06
5 48 -1.2103048296566518e-04 -4.8090617575945090e-06
5 49 -1.2069135453039671e-04 8.4565666094005220e-06
5 50 -1.3216265835463222e-04 2.4335137157517108e-06
5 51 -1.4884270851267187e-04 -3.2614662487380096e-06
5 52 -1.5272923070318872e-04 4.6248541077480301e-06
5 53 -1.9300404169993505e-04 7.5354368109878058e-06
5 54 -2.0385119156872175e-04 5.4886114941005079e-06
5 55 -2.2622351497603876e-04 -4.9936419109212937e-06
5 56 -2.3982259466956201e-04 9.0120079535194394e-06
5 57 -2.5628137677861208e-04 -1.1666234280530021e-05
5 58 -3.0196194318821216e-04 -1.8260727852129948e-05
5 59 -3.4032673713277795e-04 -4.9693040930616940e-06
5 60 -3.9263441690425227e-04 -8.9560209328229073e-06
5 61 -4.5778365445359691e-04 -8.4823526157948318e-07
5 62 -5.2631664855804709e-04 -1.3455515270135217e-05
5 63 -6.5699707719382586e-04 7.0893872185285539e-06
5 64 -7.4203234101607898e-04 -1.1474644637628219e-05
5 65 -8.0495536179516988e-04 -9.3191677076434547e-05
5 66 -1.0312882990359817e-03 2.6177850809039530e-05
5 67 -1.1666147915329124e-03 -1.1089717900260889e-05
5 68 -1.4046632716699673e-03 7.2137683827384872e-05
5 69 -1.6557049772088620e-03 -1.1928343488381459e-04
5 70 -1.9195846028040348e-03 -6.4461082734274460e-05
5 71 -3.0513111597851596e-03 2.2087029687288927e-04
6 0 -1.1037183986768548e-03 -3.4117900331383743e-07
6 1 -1.7963589652694530e-03 2.0864632687855438e-04
6 2 -9.1382019641267278e-04 -7.3023542103197451e-05
6 3 -8.4182466303704380e-04 -1.6285302081276999e-04
6 4 -8.7834652590802981e-04 -1.0986119996181726e-04
6 5 -7.9471815057717446e-04 -2.0678593559402693e-05
6 6 -7.4325886187691262e-04 -2.1369806954394929e-05
6 7 -6.0694625752185153e-04 6.3377111425277507e-07
6 8 -5.0713565669977694e-04 3.1884604075151176e-05
6 9 -4.5118880662525524e-04 6.7519937638048590e-07
6 10 -3.7413826296142357e-04 -4.2620276059185218e-06
6 11 -3.0899836584156467e-04 2.2436397571854948e-06
6 12 -2.7014003984392594e-04 4.3748041658051300e-06
6 13 -2.1686152836988091e-04 1.7942466929506330e-05
6 14 -2.0696020420604260e-04 1.5885836893557497e-05
6 15 -1.5309051358507335e-04 1.2554312484004932e-05
6 16 -1.3718034995747550e-04 1.0967165155372612e-05
6 17 -1.1794730541442029e-04 1.2642036023722622e-05
6 18 -8.6515595023314577e-05 2.5992392921690807e-06
6 19 -7.8694409058071245e-05 5.7527870883597459e-06
6 20 -7.2012827173700454e-05 2.1871488925673733e-06
6 21 -7.2584091773869586e-05 4.6726465850027388e-09
6 22 -5.1871796658711559e-05 4.9590841224083176e-06
6 23 -5.5477945776883701e-05 1.2161875407308258e-06
6 24 -4.1644337494834342e-05 4.5675084013821408e-06
6 25 -3.5609223409236041e-05 -3.1933520609113206e-06
6 26 -3.0051724110635111e-05 -1.7306501096906632e-06
6 27 -2.1952797227455712e-05 -1.4123129337171055e-06
6 28 -2.3790323107608080e-05 7.0072158522913519e-07
6 29 -1.9902346595388508e-05 -7.2085722852051150e-07
6 30 -1.9162167619584764e-05 1.4104602007830167e-06
6 31 -2.4059199140239947e-05 1.2770453009907956e-06
6 32 -2.2813957929315057e-05 4.0591497023462833e-07
6 33 -1.7283901210183008e-05 2.4496661466604048e-07
6 34 -2.0019657612454359e-05 -1.9501057292042492e-07
6 35 -1.8952146287608215e-05 1.3298436235860249e-06
6 36 -2.0883790853819298e-05 -4.8882850174557071e-07
6 37 -2.3533222647253356e-05 6.9781303814658232e-07
6 38 -2.5538133523608713e-05 1.4276061624482648e-07
6 39 -2.5806322055276937e-05 -5.5910757266661960e-07
6 40 -3.1881142715547661e-05 7.9320022236547549e-07
6 41 -3.1248576559526599e-05 6.6645704894813643e-07
6 42 -3.6836160714797100e-05 1.5688201851431299e-06
6 43 -3.8726931368101154e-05 3.2679558713713104e-06
6 44 -4.7292295403183279e-05 1.1190619743242092e-06
6 45 -5.1426831590006524e-05 2.9629529240525396e-07
6 46 -6.0403125299455142e-05 -4.0920807239168706e-06
6 47 -5.3139367659522239e-05 -3.6589964934094768e-06
6 48 -6.5560130398593943e-05 -3.4588810474908018e-06
6 49 -6.1404155773102815e-05 8.1267822845381407e-06
6 50 -6.6944338374047181e-05 2.3880863483404324e-06
6 51 -8.1294636473454505e-05 -1.6242910457784515e-06
6 52 -7.3253512764995162e-05 4.7501462724778085e-06
6 53 -1.0437563996529589e-04 3.5623830346976401e-06
6 54 -1.0681975191384563e-04 4.7643168088323236e-06
6 55 -1.2394529217056338e-04 -3.1799576965587816e-06
6 56 -1.2779166573790226e-04 1.2600360661161500e-05
6 57 -1.3636085825801764e-04 -1.0066787024571209e-05
6 58 -1.6431465668008863e-04 -1.0970481082043778e-05
6 59 -1.8081676863917297e-04 -6.5062678042145869e-06
6 60 -2.0970175930032565e-04 -1.1870892515709396e-05
6 61 -2.3750970103913693e-04 -3.9779337286015264e-06
6 62 -2.6892493658875059e-04 -6.8276553477046166e-07
6 63 -3.6376351237843663e-04 6.4405213651062119e-06
6 64 -4.1115772824121136e-04 -3.5585085280860483e-06
6 65 -4.1095137758544615e-04 -8.9462115401768089e-05
6 66 -5.6373881825000762e-04 1.9291423412166008e-05
6 67 -6.1458962372990336e-04 7.0278836149282832e-07
6 68 -7.2764247695060642e-04 3.4637208748811559e-05
6 69 -8.5792097630201934e-04 -1.3494719245771413e-04
6 70 -8.3356567037290311e-04 -5.5964432988211679e-05
6 71 -1.3035388051782716e-03 2.6222293146137537e-04
7 0 -2.8290751051387683e-04 -6.7041551947863158e-05
7 1 -7.9138906255197259e-04 2.5564585977573193e-04
7 2 -3.6556636511137717e-04 -3.6753419769637831e-05
7 3 -3.8162420585130942e-04 -1.0442944407998836e-04
7 4 -4.2763923247961504e-04 -1.0770234650751563e-04
7 5 -3.9451300927530441e-04 -8.7465702201982407e-06
7 6 -3.7686898961974285e-04 -1.4368037256062178e-05
7 7 -2.9241380853185800e-04 -7.0943747939232622e-06
7 8 -2.5522354435548138e-04 6.8899882427436081e-06
7 9 -2.1841870724574939e-04 1.6338495994245955e-05
7 10 -1.7697602118884210e-04 -1.8051240072653113e-06
7 11 -1.6824422576622035e-04 5.4948451658398803e-06
7 12 -1.3864583289858347e-04 1.9071810401866905e-06
7 13 -1.0321858179436727e-04 1.2125515835193531e-05
7 14 -1.1175130943756618e-04 9.8565463289717966e-06
7 15 -8.1693048081099125e-05 7.9009331848639593e-06
7 16 -6.7708569206782995e-05 1.1729103018873963e-05
7 17 -6.7185044625302736e-05 1.0210818016690469e-05
7 18 -4.0711215002387080e-05 3.4446041337321163e-07
7 19 -3.9958014039653262e-05 6.1628261112318669e-06
7 20 -3.4386606707243709e-05 -5.0124149504071342e-08
7 21 -3.9737340688430818e-05 -6.0073529950178514e-07
7 22 -2.5590545812450538e-05 3.1337110530135253e-06
7 23 -2.9732569797658383e-05 1.0410837419660001e-06
7 24 -2.0641531907955701e-05 3.5969173243195237e-06
7 25 -1.7926106656959253e-05 -3.3038309591383033e-06
7 26 -1.7028619880246956e-05 -1.1695115468827633e-06
7 27 -9.9668477676173398e-06 -8.7017294678688128e-07
7 28 -1.3168578900321143e-05 2.4185689164915331e-07
7 29 -1.0230285550930212e-05 -6.2864878183279118e-07
7 30 -9.3498411959421652e-06 1.1890227898175737e-06
7 31 -1.3208052036924657e-05 1.1203205771383509e-06
7 32 -1.1609455555608553e-05 7.1405446460893576e-07
7 33 -7.5145202899693284e-06 -2.6130122580552890e-07
7 34 -1.0378920540242563e-05 1.5099748165435678e-07
7 35 -1.0106515146769099e-05 1.2806118142990816e-06
7 36 -1.0965856118315179e-05 -1.9955919084842771e-07
7 37 -1.3090840848574926e-05 6.6055450816042223e-07
7 38 -1.3472913011917811e-05 -1.1089439393970974e-07
7 39 -1.3361675601079631e-05 -3.5816945313805664e-07
7 40 -1.7256663753260504e-05 1.0244759905211320e-06
7 41 -1.6703262297750722e-05 2.8736416848458022e-07
7 42 -1.9565978948864585e-05 1.0035147892888496e-06
7 43 -1.9389567070605185e-05 2.7884724441491702e-06
7 44 -2.5301384708420360e-05 2.1630050109163017e-06
7 45 -2.5338726461086979e-05 3.9392255265803854e-08
7 46 -3.3753151080209907e-05 -5.2882582824300690e-06
7 47 -2.7802983300884790e-05 -2.5968979262357411e-06
7 48 -3.7330790208058666e-05 -1.9801960401456852e-06
7 49 -2.9740944318467866e-05 7.0753271696630299e-06
7 50 -3.2431163435325625e-05 1.2533588848513503e-06
7 51 -4.5495059542245230e-05 3.3493998657412116e-07
7 52 -2.9623034688422237e-05 4.6307823223588826e-06
7 53 -5.7718424226767137e-05 -7.5667914042610609e-07
7 54 -5.4166140528724477e-05 3.4485817376705223e-06
7 55 -6.9466618320715093e-05 -1.6269132535272364e-06
7 56 -6.8000773330043109e-05 1.4516405107123190e-05
7 57 -7.4514433614179080e-05 -7.8318133328340808e-06
7 58 -9.0875026117034086e-05 -6.1769845421815907e-06
7 59 -9.8073187141934539e-05 -9.0755584149165008e-06
7 60 -1.0713228552651505e-04 -1.2168499420965415e-05
7 61 -1.2379846304258170e-04 -6.8925819490011227e-06
7 62 -1.2657482217458282e-04 3.2105473126666434e-06
7 63 -2.0846444566899954e-04 6.7560585711699074e-06
7 64 -2.3250473393750937e-04 7.9279184085137208e-07
7 65 -1.9559816428955565e-04 -7.1934431833211706e-05
7 66 -3.0789178704693622e-04 1.6736804719939279e-05
7 67 -3.2636742730782496e-04 2.9351962796959364e-05
7 68 -3.6793916270408958e-04 -1.3478081695194531e-05
7 69 -4.6585740405116803e-04 -1.1841328263712112e-04
7 70 -3.5403212751911354e-04 -6.0087814740667126e-05
7 71 -5.1793829030370459e-04 2.2322046377975640e-04
8 0 -1.4630887976741107e-04 -3.0697773881120709e-04
8 1 -3.4230512326227950e-04 2.3122332121379576e-04
8 2 -1.4278108623356567e-04 4.9159319827729241e-07
8 3 -1.6184500497581607e-04 -6.5997518819791733e-05
8 4 -1.8554597891275266e-04 -9.4629534961177249e-05
8 5 -2.1579974513343954e-04 -8.0817049653671839e-06
8 6 -1.7703112636732206e-04 -2.1715230832174355e-07
8 7 -1.3255404393883839e-04 -9.3339021921094333e-06
8 8 -1.3354550903475220e-04 -7.8910344749308696e-06
8 9 -9.2451256125863302e-05 2.9265383621392057e-05
8 10 -7.2648091047966570e-05 -8.0438752383517621e-07
8 11 -9.3701942081963658e-05 9.0521791088793264e-06
8 12 -6.7471212129375214e-05 3.8433697111529498e-06
8 13 -4.6071324041059434e-05 6.4300592353565222e-06
8 14 -5.8086120537477324e-05 3.2511819921663676e-06
8 15 -4.5659898502847873e-05 3.2759085849065430e-06
8 16 -3.0068730304977188e-05 9.8888033214286365e-06
8 17 -4.0074603039165996e-05 5.7340955742211138e-06
8 18 -1.6703572262623288e-05 -1.4662132978093651e-06
8 19 -2.0440482779664903e-05 6.1689058238197983e-06
8 20 -1.5493086379405316e-05 -1.5087694171080492e-06
8 21 -2.0136426734610222e-05 -2.2018387200593208e-06
8 22 -1.2966778597683989e-05 1.7180235962237092e-06
8 23 -1.5326232040463021e-05 1.4065486883159821e-06
8 24 -9.9648349603395362e-06 2.4771969636529547e-06
8 25 -8.3318224943978870e-06 -2.5714122924471226e-06
8 26 -9.6425312003052970e-06 -1.4071272542487406e-06
8 27 -4.2472819202591265e-06 -4.1212542309341200e-07
8 28 -7.5262532993627321e-06 2.0192187546848333e-07
8 29 -5.3361462067049717e-06 -8.8492825718125955e-07
8 30 -4.2158779971243176e-06 6.6329537291104048e-07
8 31 -6.7495094469805034e-06 9.6162126469604708e-07
8 32 -5.4717544878120645e-06 1.2273005704659730e-06
8 33 -2.8528972576554196e-06 -1.2719129263683085e-06
8 34 -5.5532137578448996e-06 5.8710517578518047e-07
8 35 -6.0795467496162326e-06 1.6876459901266008e-06
8 36 -5.7437756060532239e-06 1.3494430690971727e-07
8 37 -7.7471902395799355e-06 2.6119302906880899e-07
8 38 -7.2075951208677322e-06 -3.7355205872318779e-07
8 39 -6.4593605154389676e-06 -5.3318594322112131e-07
8 40 -9.1222436927399309e-06 2.2616015943441086e-06
8 41 -9.1196016211735288e-06 -3.1373762525349485e-07
8 42 -1.0051764005220605e-05 2.1722937089903086e-06
8 43 -9.7486421413995823e-06 2.5712675227345393e-06
8 44 -1.4181285656355133e-05 3.3480209227926715e-06
8 45 -1.1326412658955126e-05 3.2541981118782360e-08
8 46 -1.8549202192458656e-05 -5.2757383298718787e-06
8 47 -1.4163546360682052e-05 -2.2544292917893322e-06
8 48 -2.2725137959844761e-05 -1.0745527092500328e-06
8 49 -1.3510441041472343e-05 6.5817209201561477e-06
8 50 -1.4346073836905014e-05 -3.1703029469619627e-07
8 51 -2.5735419357546329e-05 1.2050320131405849e-06
8 52 -7.5959794948642617e-06 4.8411898466335952e-06
8 53 -3.1438020691097720e-05 -4.4275232946785534e-06
8 54 -2.6631163015301087e-05 2.0997969922269674e-06
8 55 -4.1620458329368583e-05 -1.0540878222896066e-06
8 56 -3.7251702280212553e-05 1.3436618876100611e-05
8 57 -4.1664614554845313e-05 -6.8483685154514658e-06
8 58 -5.1923648874430889e-05 -6.6602931076285714e-06
8 59 -5.7085931055003141e-05 -1.0813843558406231e-05
8 60 -5.2911861122573884e-05 -1.1428353940282334e-05
8 61 -6.2743749606905525e-05 -9.0768049392365715e-06
8 62 -5.1389224164572401e-05 3.5532411590742213e-06
8 63 -1.1702865947364138e-04 5.9144837235499626e-06
8 64 -1.3476336306885231e-04 3.3286212893556859e-06
8 65 -8.1679425528955051e-05 -4.7634807992515273e-05
8 66 -1.6647781129365633e-04 1.2178857969288030e-05
8 67 -1.7207420917634186e-04 5.4222740672134035e-05
8 68 -1.9034758480607029e-04 -2.8973603550394509e-05
8 69 -2.7935973793822151e-04 -9.4756708033627414e-05
8 70 -1.7918683513680714e-04 -5.5389867381635200e-05
8 71 -1.5382969470061807e-04 1.2220217531044533e-04
9 0 -1.5842263889598787e-05 -2.4195239523442020e-04
9 1 -1.4122307441878968e-04 1.4133057988120431e-04
9 2 -6.0347549866333154e-05 7.9263721099858282e-06
9 3 -7.7714719367922200e-05 -3.7683723735264384e-05
9 4 -7.1940329541792731e-05 -7.8252694647144367e-05
9 5 -1.2123955136323988e-04 -1.0620294622722959e-05
9 6 -8.2917233522799587e-05 1.0532988535322220e-05
9 7 -6.3811715923650295e-05 -3.9305089838372912e-06
9 8 -6.4294779532484981e-05 -9.4649852131192127e-06
9 9 -2.1437028758792577e-05 2.2441957402289257e-05
9 10 -2.7116615898859696e-05 -4.0611533889511546e-06
9 11 -5.0286824163916989e-05 1.0296600777000738e-05
9 12 -2.6209946893322987e-05 4.5083637096775428e-06
9 13 -1.6777220041898018e-05 3.9620445270296925e-06
9 14 -2.9026443691879257e-05 -4.7163205523731503e-06
9 15 -2.6545709363993554e-05 -1.5919251108538983e-06
9 16 -1.2547542306993806e-05 9.1292362219794316e-06
9 17 -2.0156272793576822e-05 1.3786534782761526e-07
9 18 -4.2993205803179255e-06 -1.2374057865865248e-06
9 19 -1.1562680191303390e-05 5.8805087735720143e-06
9 20 -4.7359090250424455e-06 -1.0447313194706515e-06
9 21 -1.0229793884099259e-05 -3.3413396176979366e-06
9 22 -5.1969751223663169e-06 2.0193448308095315e-06
9 23 -8.2329471457030083e-06 1.3413506526287431e-06
9 24 -5.0734072492171317e-06 1.4346368448575336e-06
9 25 -3.1777675719299220e-06 -1.3028719824825912e-06
9 26 -5.0763745525059305e-06 -1.8284450347269163e-06
9 27 -1.6826650557587278e-06 -4.7994676639216681e-07
9 28 -4.5375261336264707e-06 2.6476739444466025e-07
9 29 -2.4841373168987357e-06 -8.9582649815705944e-07
9 30 -1.7532775952781408e-06 2.1382769361968819e-07
9 31 -2.7945541060543550e-06 5.0981405018332875e-07
9 32 -2.2261578176095983e-06 1.4538165621202625e-06
9 33 -1.2660952019794076e-06 -2.1506688753981075e-06
9 34 -3.3257277094682134e-06 8.7259843593032514e-07
9 35 -4.2711002427293033e-06 2.2081687439588554e-06
9 36 -2.6877516042138717e-06 3.4217858409566486e-07
9 37 -4.8581213481649572e-06 -6.6975151820888714e-08
9 38 -3.9991142262776025e-06 -6.2136701085800326e-07
9 39 -2.9086429103143496e-06 -1.1103335504389396e-06
9 40 -4.3569212969822219e-06 2.5926387910976254e-06
9 41 -5.2155001530690327e-06 -1.0228703308883772e-06
9 42 -5.3186781835203202e-06 2.5492937773645436e-06
9 43 -4.7235532027943350e-06 1.9271784071835373e-06
9 44 -8.3850188420698113e-06 3.4864359903241245e-06
9 45 -3.9676209829802958e-06 -5.6328085858989724e-07
9 46 -9.4276566795966996e-06 -4.2867104715114609e-06
9 47 -7.2357959124784642e-06 -1.9692136250152274e-06
9 48 -1.4188424079319692e-05 -1.6880728718289989e-06
9 49 -6.6214103161919118e-06 6.7506791258604584e-06
9 50 -5.6579636486789546e-06 -2.9496775985622344e-06
9 51 -1.3878983506443803e-05 1.9034786349190048e-06
9 52 1.5768028928966534e-06 4.2532868493535800e-06
9 53 -1.6563596380080652e-05 -6.6367415774579448e-06
9 54 -1.3645605457273620e-05 2.6383891907167223e-07
9 55 -2.7132785289996605e-05 -1.6695450281561536e-06
9 56 -2.0985111187190670e-05 1.1308262112889028e-05
9 57 -2.1847371334940196e-05 -5.6418657448426796e-06
9 58 -2.9800584987974588e-05 -9.1672388785867049e-06
9 59 -3.9074433106564920e-05 -8.9829808021430544e-06
9 60 -2.5315615675117527e-05 -1.3426531608134788e-05
9 61 -2.7636004862515915e-05 -1.1076249066846075e-05
9 62 -1.6444733978123702e-05 5.0030718019214898e-06
9 63 -6.5429680157083527e-05 6.2680402386637854e-06
9 64 -7.8426696805545499e-05 6.2693224598260025e-06
9 65 -2.9493230218289782e-05 -2.7553233484590893e-05
9 66 -8.7591706590535453e-05 1.1524536627441927e-05
9 67 -8.2085096817459429e-05 5.3622364627892396e-05
9 68 -1.1691392036468679e-04 -1.4148967758033880e-05
9 69 -1.7800913814973289e-04 -7.9402880013661873e-05
9 70 -8.7062724171976143e-05 -4.2364387405201183e-05
9 71 -1.9559850728526003e-05 6.6732227359950634e-05
10 0 1.9111068395625515e-05 -2.3032567591826742e-05
10 1 -3.7569687039462653e-05 6.7467035368886473e-05
10 2 -3.0671495156126121e-05 -1.4396998228385147e-05
10 3 -3.4614425478347661e-05 -2.2618922463180707e-05
10 4 -2.7710225852686993e-05 -7.2784017931868867e-05
10 5 -5.7463473961194912e-05 -1.4892519406759540e-05
10 6 -6.0672164226531176e-05 1.7634319925008954e-05
10 7 -4.1270395719266332e-05 -4.6081092499716298e-06
10 8 -3.0318265452790171e-05 1.7348790442923343e-06
10 9 1.0911024508209353e-05 1.0284796411974179e-05
10 10 -4.9904086600565786e-06 -1.0115442613962367e-05
10 11 -2.4817105061281269e-05 1.0685439860398925e-05
10 12 -1.6723594336777062e-06 1.3202795423907621e-06
10 13 -6.2466015626945475e-06 2.2630942832353702e-06
10 14 -1.6879350858665576e-05 -1.0051594990896256e-05
10 15 -1.3988683191795946e-05 -5.3984304758522993e-06
10 16 -3.2002339532151566e-06 8.4531974182264674e-06
10 17 -7.6971505073763400e-06 -3.3732651951622077e-06
10 18 -5.2751196090659335e-07 -9.2566775326335081e-07
10 19 -7.5528455678067232e-06 5.4888841330305745e-06
10 20 1.3866036499506041e-06 8.8827086943952415e-08
10 21 -5.2572711543874539e-06 -2.9161363742319925e-06
10 22 -4.4687196515578456e-07 2.1398381570743471e-06
10 23 -5.6166018175063172e-06 1.2918481242530135e-06
10 24 -3.0778757321872593e-06 4.8350123749198082e-07
10 25 -7.4509531097769435e-07 -4.0009304705634380e-07
10 26 -2.4895643373055917e-06 -1.8288784630305265e-06
10 27 -1.6962336655985152e-07 -1.2260268858788729e-06
10 28 -2.6755475490026907e-06 3.0454455988866056e-07
10 29 -9.1831406244909013e-07 -8.2680370275179579e-07
10 30 -8.3215475581654001e-07 -4.3412452495445591e-07
10 31 -7.4376028719380762e-07 -1.0363065287612860e-07
10 32 -6.7697343711559229e-07 1.3830830908540278e-06
10 33 -9.9085681500378799e-07 -2.5421396208812826e-06
10 34 -2.0120846756538114e-06 7.9748229311365215e-07
10 35 -3.2443651554496916e-06 2.5128388061971142e-06
10 36 -2.9967992577328246e-07 1.6764004696948823e-07
10 37 -3.1800813875309374e-06 -8.4046832795711113e-08
10 38 -2.2254784574328298e-06 -8.1723937901881896e-07
10 39 -8.3589621275777625e-07 -1.9806577500532523e-06
10 40 -2.3220077950198023e-06 1.7415070936245788e-06
10 41 -3.4924214795330089e-06 -1.6770743147196760e-06
10 42 -2.6874142767845770e-06 1.3647592190635989e-06
10 43 -2.1916865121954134e-06 1.7479763268403455e-06
10 44 -5.5691374702833617e-06 3.1481299634434606e-06
10 45 -6.2342111745013775e-07 -4.3255934443011815e-07
10 46 -4.9084855898754922e-06 -3.1618674879637038e-06
10 47 -3.0890016954858330e-06 -1.9851819711529699e-06
10 48 -8.6572957758186376e-06 -2.4227293005967471e-06
10 49 -3.7136193253349351e-06 6.0746400752944007e-06
10 50 -1.7000423787175326e-06 -4.4233137868438984e-06
10 51 -6.6422844185465683e-06 2.1630690237103227e-06
10 52 4.9855283968409369e-06 3.9995615439608875e-06
10 53 -8.3940156925312753e-06 -6.2371831039174760e-06
10 54 -6.8704566722059595e-06 -2.8312517701734678e-06
10 55 -1.8607283051820050e-05 -2.8885638199770533e-06
10 56 -1.1257081607295676e-05 9.6979163116875548e-06
10 57 -1.1955458566050551e-05 -3.9657595061969907e-06
10 58 -1.8842394490920765e-05 -1.0937566436150772e-05
10 59 -2.7190762524643663e-05 -4.2964001930603945e-06
10 60 -1.0146222420924708e-05 -1.4765769424950887e-05
10 61 -8.9152095072562517e-06 -1.2651444483914808e-05
10 62 -3.2492889384899805e-06 6.5583679691042748e-06
10 63 -3.3204176771149350e-05 2.9114576791122271e-06
10 64 -4.4721810583000875e-05 8.1784677010096470e-06
10 65 -6.2461091153167771e-06 -1.4434335099326437e-05
10 66 -3.6748443259935973e-05 1.3153129727233559e-05
10 67 -3.2830376424919022e-05 3.4387401274603241e-05
10 68 -7.6571311069360492e-05 5.1245492305329037e-07
10 69 -1.1958500033297937e-04 -8.0684280390365509e-05
10 70 -3.8370413010531604e-05 -2.1770093705581387e-05
10 71 4.0616258799722885e-06 5.3790028730446772e-05
