0 0 -1.1974613724234606e+00 3.9246024384310004e-19
0 1 -1.7343852907318613e-01 -2.5379426247783953e-20
0 2 -7.8652041587212451e-02 2.1673395922472602e-21
0 3 -5.3931408525947085e-02 -1.1476181677294163e-21
0 4 -4.4042793786553805e-02 -9.8644558933889795e-22
0 5 -3.8489472941338962e-02 6.6469608921608064e-22
0 6 -3.4703595542638264e-02 2.6070702550836730e-22
0 7 -3.0569782210757172e-02 -3.1320860902123607e-22
0 8 -2.6382783559845288e-02 -3.8907913398666479e-22
0 9 -2.3676836312739914e-02 -1.1143645198543440e-21
0 10 -2.1525063281210767e-02 5.6788830309673592e-22
0 11 -1.8665321982270801e-02 -1.8176275614650129e-22
0 12 -1.5800000733888535e-02 -2.4934240648583776e-22
0 13 -1.2861009158980129e-02 1.8202311328319712e-22
0 14 -9.8550301639124555e-03 2.4308575468768589e-22
0 15 -8.0148587453527272e-03 -1.6206957484765588e-22
0 16 -6.8381708638402842e-03 3.7607667540256013e-22
0 17 -6.1135004102308779e-03 2.6044223870758347e-22
0 18 -5.4307303863067270e-03 -1.2487932307663027e-23
0 19 -4.8091603715465928e-03 9.7411570351235268e-24
0 20 -4.0332386433711287e-03 -6.5896417672928577e-23
0 21 -3.2117965969831420e-03 3.9033144065978571e-23
0 22 -2.5909086127462481e-03 3.2251234130422086e-23
0 23 -2.1504537228934878e-03 3.0850431596309857e-23
0 24 -1.8179852756230687e-03 -1.1624566740495700e-23
0 25 -1.5039928113064235e-03 -5.5755670852449832e-24
0 26 -1.2531610776047582e-03 3.9458032058704154e-23
0 27 -1.0752970381513712e-03 -8.9272106108196026e-23
0 28 -8.8503282448805607e-04 4.1039373252750978e-23
0 29 -7.2995449118335625e-04 1.9270662119419888e-23
0 30 -5.9312513435614699e-04 -3.1868074795404350e-23
0 31 -4.9096330459589405e-04 2.1203271665362494e-23
0 32 -4.1696490115737629e-04 6.5122764385352447e-24
0 33 -3.4971236434252595e-04 -1.5185924003784550e-23
0 34 -2.8890146506206361e-04 1.2759741538335286e-24
0 35 -2.3800610014579091e-04 -1.9516898132812513e-24
0 36 -2.1332197232985103e-04 -4.9242677013327116e-24
0 37 -2.0531201608465650e-04 -4.0313505873653880e-24
0 38 -2.0940994872798219e-04 2.4560610932776775e-25
0 39 -2.3383159566174578e-04 -4.5236450422408762e-24
0 40 -2.6825848679022109e-04 6.0138814086795980e-24
0 41 -3.0665402021367997e-04 -1.0237221186156472e-23
0 42 -3.5160472942392647e-04 -3.0710881406614244e-24
0 43 -3.7620177307772087e-04 1.0282811652241588e-23
0 44 -4.0769242572627940e-04 7.3092447604460169e-24
0 45 -4.5115930296650531e-04 4.0834536774764570e-24
0 46 -5.1074065719910783e-04 1.4241635100449035e-23
0 47 -6.0177747734042550e-04 -1.3102637305508879e-23
0 48 -7.6380113573923164e-04 -2.7467819203067839e-23
0 49 -1.0233755163692128e-03 3.3123998878389353e-23
0 50 -1.3274334439441230e-03 -5.7056559483979431e-23
0 51 -1.5203523195359181e-03 -1.4118837802548432e-23
0 52 -1.7413389966028496e-03 -7.3376256864436880e-23
0 53 -2.1380756697226785e-03 3.2245134160970215e-23
0 54 -2.6936022007498640e-03 1.3377861579784454e-22
0 55 -3.3897233144069248e-03 4.7666039123669985e-23
0 56 -3.9641159475701637e-03 5.4599942694637185e-23
0 57 -4.7135810026676054e-03 -1.5898655436707442e-23
0 58 -5.7057762062148491e-03 1.4457226162260413e-23
0 59 -6.9810229764879200e-03 -3.0879669900009836e-23
0 60 -8.3519587325935601e-03 -1.2131201423693271e-22
0 61 -9.7285721581511116e-03 3.0372985907764891e-23
0 62 -1.1571676233169964e-02 -3.0560127438807776e-22
0 63 -1.4310193437240533e-02 -4.0403567470157569e-22
0 64 -1.7493923664282804e-02 -6.5766205264834817e-23
0 65 -2.0962137017085419e-02 6.9986309658708331e-22
0 66 -2.5890238643450570e-02 1.2931893382570340e-21
0 67 -3.1646282700778877e-02 -9.1767023843261296e-22
0 68 -4.0462282980647933e-02 4.1018992919112837e-22
0 69 -5.3529562216314344e-02 4.0710888249225128e-21
0 70 -8.3476670263270020e-02 1.3706906780437310e-20
0 71 -1.8657466486038757e-01 -6.5968132742215696e-20
1 0 -3.7034237441178836e-01 -4.2552809877263975e-04
1 1 -1.0835174619937149e-01 -8.6028177462423971e-04
1 2 -5.7914145949336256e-02 -1.2332167251026982e-04
1 3 -4.0767620142398021e-02 1.1530483467149875e-04
1 4 -3.3592344191280182e-02 4.9112079535214520e-04
1 5 -2.9328835710662013e-02 4.4791039042080163e-04
1 6 -2.6510468957103014e-02 1.5547193210200855e-04
1 7 -2.3268432887431696e-02 -1.2833981342915885e-04
1 8 -2.0114309177344140e-02 -3.5593868007027999e-05
1 9 -1.8041894112954891e-02 -4.0759401074774203e-05
1 10 -1.6404955308099711e-02 -5.0142526446752452e-05
1 11 -1.4262131471564035e-02 -1.7184438669731799e-05
1 12 -1.2045971610480133e-02 6.2590182468601124e-05
1 13 -9.7815373762803644e-03 5.1339417960663337e-05
1 14 -7.5058542520924677e-03 -8.4505773024620896e-06
1 15 -6.1209731918970573e-03 3.1904802244853317e-06
1 16 -5.2244209569188640e-03 -2.1983553825028524e-05
1 17 -4.6710406427174205e-03 4.1715797719884523e-06
1 18 -4.1420675378180628e-03 1.5328295502044861e-05
1 19 -3.6738458335031482e-03 1.9733368284002746e-05
1 20 -3.1007463085319029e-03 -1.0741725476013051e-05
1 21 -2.4526397363676265e-03 -2.0094078984595961e-06
1 22 -1.9828779916457439e-03 -1.4092572341967751e-05
1 23 -1.6466032225673801e-03 -1.4858425978113412e-06
1 24 -1.3920188636118264e-03 6.5161988637200741e-07
1 25 -1.1510189614102131e-03 2.1831845115422022e-07
1 26 -9.6054807560388891e-04 3.7821881742291216e-06
1 27 -8.2424092229398257e-04 3.0083409113414978e-06
1 28 -6.7715958059516254e-04 -4.2460511413914702e-06
1 29 -5.5906782858389324e-04 1.9029302639364216e-06
1 30 -4.5288711118310722e-04 -3.2350319315190911e-07
1 31 -3.7468740369710787e-04 -2.9849280525389419e-07
1 32 -3.1615996431985530e-04 9.4882522597801500e-07
1 33 -2.6584779644674069e-04 4.9993512888934907e-08
1 34 -2.1879006053661577e-04 8.6991320320043627e-10
1 35 -1.8070766391434896e-04 -1.3878711935963447e-06
1 36 -1.6237508333421207e-04 -5.3267822171432256e-07
1 37 -1.5643741123168783e-04 3.1937526847027632e-07
1 38 -1.5876001611010498e-04 2.4628070019126751e-07
1 39 -1.7766716067483924e-04 -6.4925417728310105e-07
1 40 -2.0440517728699000e-04 -1.1409357047304129e-06
1 41 -2.3384793196435074e-04 -7.8447795347733275e-07
1 42 -2.6833125755930658e-04 -5.3368024180081510e-07
1 43 -2.8867594747455667e-04 7.9604195173718443e-07
1 44 -3.1232586841758607e-04 1.2880936274642895e-06
1 45 -3.4539234156089321e-04 3.8983637056958314e-07
1 46 -3.9004346995231585e-04 -6.0275763786072739e-07
1 47 -4.6025092726323407e-04 6.4821614347765014e-07
1 48 -5.8372713109226858e-04 2.0688055131326907e-07
1 49 -7.7851767071627706e-04 -1.3910622928076215e-06
1 50 -1.0079538633062238e-03 4.8624808636311558e-06
1 51 -1.1592498649996186e-03 1.7547255001233169e-06
1 52 -1.3324064121912906e-03 -2.0493302312245362e-06
1 53 -1.6361941024852760e-03 -4.5162972643879950e-06
1 54 -2.0538311286568836e-03 -7.3493038844248076e-06
1 55 -2.5836152232481327e-03 -7.3456667286064869e-06
1 56 -3.0313664416036297e-03 3.8692598401405570e-06
1 57 -3.6007721262901636e-03 -5.1200106908543163e-06
1 58 -4.3692962443796632e-03 3.1567466005372440e-06
1 59 -5.3417705669643696e-03 -1.6391773879134921e-05
1 60 -6.4009461885356014e-03 -1.7224043996383302e-05
1 61 -7.4558506929408002e-03 3.1603507722612343e-06
1 62 -8.8452586415434884e-03 -2.2980317687143617e-05
1 63 -1.0943305277652438e-02 -2.7172452356311839e-05
1 64 -1.3382048747206679e-02 1.3478882292863435e-05
1 65 -1.5990891573724589e-02 5.6224939370400641e-05
1 66 -1.9745438540891998e-02 7.5448165147518504e-05
1 67 -2.4117334736312130e-02 4.0931948647969483e-05
1 68 -3.0813762472274606e-02 -2.0314631413032215e-04
1 69 -4.0327662958088512e-02 2.0305693175936242e-04
1 70 -6.0311533447648849e-02 -1.9976062317612921e-04
1 71 -1.1609316281520937e-01 -4.8367138747171690e-04
2 0 -1.2509839727347397e-01 8.1532683112173730e-04
2 1 -5.5134471926981586e-02 -1.1077167228368094e-03
2 2 -3.4594546140194728e-02 -2.8181992632148484e-04
2 3 -2.4695057031014423e-02 2.0135576804711510e-04
2 4 -2.0626539573801995e-02 7.5381969831099039e-04
2 5 -1.8038906042426285e-02 5.5656450504345308e-04
2 6 -1.6462717570352704e-02 2.3394476557413621e-04
2 7 -1.4325734864707052e-02 -1.7448320931135375e-04
2 8 -1.2440322782505028e-02 -5.8849090850777271e-05
2 9 -1.1104381258598181e-02 -6.2669494288559538e-05
2 10 -1.0104051847209436e-02 -6.2356203170411861e-05
2 11 -8.8842984252817617e-03 -1.7050804429564011e-05
2 12 -7.4464190048110258e-03 6.4529950998888449e-05
2 13 -5.9911499873730231e-03 5.9443575133781162e-05
2 14 -4.6359160803214469e-03 -2.0281296665767077e-05
2 15 -3.7804914192753739e-03 -6.8435530143364745e-06
2 16 -3.2189313475443665e-03 -2.2297080230871016e-05
2 17 -2.8826344757806165e-03 2.4560306099560662e-06
2 18 -2.5538653296222785e-03 1.8800647847392617e-05
2 19 -2.2794624465159474e-03 3.3214825195753774e-05
2 20 -1.9459824987762182e-03 -1.9678756884681022e-05
2 21 -1.5157132687032508e-03 -5.4926116424563863e-07
2 22 -1.2354001162700455e-03 -1.6861472631733497e-05
2 23 -1.0209923214185900e-03 2.2277194794559734e-06
2 24 -8.6641618586972104e-04 2.4730464487855382e-06
2 25 -7.1665157736678546e-04 1.1719623024445504e-06
2 26 -5.9779958375597334e-04 3.7096337423388829e-06
2 27 -5.1282095557865449e-04 4.9854245285446784e-06
2 28 -4.2010345751045971e-04 -7.0107421404779727e-06
2 29 -3.4735599068127479e-04 2.3642132616418230e-06
2 30 -2.7938291688335651e-04 -9.8612653147414085e-07
2 31 -2.3120991576908962e-04 -5.4695291896282479e-07
2 32 -1.9262102605873915e-04 9.3073627030002193e-07
2 33 -1.6321276835900154e-04 2.8863318970493225e-07
2 34 -1.3292335799124980e-04 6.4319919521321191e-08
2 35 -1.1072582961924529e-04 -1.7266155815581511e-06
2 36 -1.0041000816541949e-04 -7.1835489318437338e-07
2 37 -9.6371972322384448e-05 4.7216783408113650e-07
2 38 -9.7249853352037664e-05 3.3251655052782519e-07
2 39 -1.0919737832039268e-04 -9.4826454963155701e-07
2 40 -1.2629817362309515e-04 -1.9412256652186772e-06
2 41 -1.4446482043589285e-04 -6.9459817645207116e-07
2 42 -1.6585217521585750e-04 -1.2531598763274992e-06
2 43 -1.8043106985277924e-04 1.0280084497100078e-06
2 44 -1.9490269247173642e-04 2.2015953583953070e-06
2 45 -2.1460980581089275e-04 2.3648183874608991e-08
2 46 -2.4209043788718908e-04 -8.6495558968732163e-07
2 47 -2.8666734446994540e-04 9.0784877658005295e-07
2 48 -3.6200628872462836e-04 5.1885969291059877e-07
2 49 -4.7872369907141492e-04 -2.1766943875009831e-06
2 50 -6.1401076094092432e-04 5.1843505668712093e-06
2 51 -7.1448248974063607e-04 2.5281882972749702e-06
2 52 -8.3035413327323419e-04 -4.3210888498646399e-06
2 53 -1.0184372430201124e-03 -6.4811036628461178e-06
2 54 -1.2675354770933013e-03 -9.8133132001886225e-06
2 55 -1.5939917111830622e-03 -9.2562909737535018e-06
2 56 -1.8757872609445599e-03 2.9827926927169708e-06
2 57 -2.2291840030312432e-03 -1.0477669234071424e-05
2 58 -2.7197352887503080e-03 7.1569298981553694e-06
2 59 -3.3222928248430430e-03 -1.9522778865966938e-05
2 60 -3.9949730649003756e-03 -1.8592823213279256e-05
2 61 -4.6277065992818061e-03 4.9500726996437963e-06
2 62 -5.4631337581780327e-03 -2.9946040293834463e-05
2 63 -6.7933816340913873e-03 -4.2332496054515438e-05
2 64 -8.3442656072103185e-03 9.7633292946223311e-06
2 65 -9.8767116871289803e-03 6.5325496041271523e-05
2 66 -1.2211152192221918e-02 1.0895207885270774e-04
2 67 -1.4863243986727358e-02 6.9108691789681925e-05
2 68 -1.9031374614637477e-02 -2.2152699746554743e-04
2 69 -2.4413850319992669e-02 1.0326289458133379e-04
2 70 -3.4962694983310894e-02 -4.2573860848408879e-04
2 71 -5.7796404696213034e-02 -4.8191069311592251e-04
3 0 -4.7038340180368177e-02 1.0456964440904500e-03
3 1 -2.6780457365287141e-02 -7.9820919806237848e-04
3 2 -1.9321213542179114e-02 -2.4015535438706975e-04
3 3 -1.3766695534066639e-02 1.7405677288204776e-04
3 4 -1.1651728021008338e-02 6.8148782467423780e-04
3 5 -1.0155219656723589e-02 4.6629048777242310e-04
3 6 -9.5117469702916194e-03 2.1424573394496400e-04
3 7 -8.1759349027121404e-03 -1.7435021902605259e-04
3 8 -7.1290697318178520e-03 -5.1087260088050103e-05
3 9 -6.2957238413680590e-03 -6.4298905030266062e-05
3 10 -5.7235132965296883e-03 -7.6942356150220463e-05
3 11 -5.1523873719125663e-03 -2.6664900831872029e-05
3 12 -4.2628960422801962e-03 2.8547317019245019e-05
3 13 -3.3677774147471405e-03 6.5488713023150336e-05
3 14 -2.6559239929883076e-03 -2.0651121507895138e-05
3 15 -2.1643132789992627e-03 -1.6216079884984663e-05
3 16 -1.8235953096945722e-03 -1.0234328311125416e-05
3 17 -1.6419321638269091e-03 -4.9251066715397275e-06
3 18 -1.4545155114633051e-03 1.7131417826150569e-05
3 19 -1.3124578594083749e-03 4.1922427085950816e-05
3 20 -1.1338592608303672e-03 -2.6448744081086915e-05
3 21 -8.6416645373605413e-04 5.8166806579594708e-07
3 22 -7.1188503552717971e-04 -1.3262968440414721e-05
3 23 -5.8455271995249824e-04 5.3001205550848689e-06
3 24 -5.0058759174814781e-04 2.9718696203902592e-06
3 25 -4.1189707078134844e-04 1.3928813106350176e-07
3 26 -3.4201229482692719e-04 3.0323154476688045e-06
3 27 -2.9327415683791136e-04 3.7803124959882907e-06
3 28 -2.4232792882930337e-04 -1.0190619644727099e-05
3 29 -1.9802345668017233e-04 8.7157621603608642e-07
3 30 -1.5816155278937681e-04 -8.6197915066055751e-07
3 31 -1.3192881559427030e-04 -2.9984674565657889e-07
3 32 -1.0795294225299182e-04 5.3625455465174013e-07
3 33 -9.2801969893144078e-05 6.3770825430580561e-07
3 34 -7.3896346634271930e-05 5.4506137508716810e-08
3 35 -6.2605031255585212e-05 -1.3762879044405859e-06
3 36 -5.7754533894195709e-05 -7.4841686900285249e-07
3 37 -5.4917359818757651e-05 4.7397582939264193e-07
3 38 -5.5024802077226929e-05 4.5612459685890896e-07
3 39 -6.1877513925534430e-05 -9.2060397862899158e-07
3 40 -7.2309183032415086e-05 -1.8301322357003529e-06
3 41 -8.2372142881604745e-05 -3.2094469561766294e-07
3 42 -9.5043933485758870e-05 -1.7906067724840074e-06
3 43 -1.0471899660893439e-04 8.1371001620465497e-07
3 44 -1.1281420695676414e-04 2.4316222785421242e-06
3 45 -1.2327912806304529e-04 -4.4172124449201320e-07
3 46 -1.3827859381515095e-04 -1.5747384635439063e-06
3 47 -1.6511182461754594e-04 5.9522933104439821e-07
3 48 -2.0731543580391291e-04 6.8543061102926119e-07
3 49 -2.7195797647367728e-04 -2.0044670466819409e-06
3 50 -3.4365181102191623e-04 3.0946542913477685e-06
3 51 -4.0897545084557654e-04 1.5087962848405372e-06
3 52 -4.7984476884286697e-04 -5.4692352429397507e-06
3 53 -5.8643735819305517e-04 -5.4674735281174033e-06
3 54 -7.2541937506700809e-04 -1.0291243215868032e-05
3 55 -9.0984677130289033e-04 -1.0404096145717495e-05
3 56 -1.0738020862392672e-03 2.9650941958497017e-07
3 57 -1.2750715638470019e-03 -8.8200630122059490e-06
3 58 -1.5645766394742041e-03 1.2240381860621111e-05
3 59 -1.9184302213517738e-03 -1.9183059381647331e-05
3 60 -2.3190521819487502e-03 -1.5479930109290052e-05
3 61 -2.6397976337476899e-03 7.6237572713898192e-06
3 62 -3.1022297642600803e-03 -3.5915535725329594e-05
3 63 -3.8971412877393452e-03 -4.1944066284903771e-05
3 64 -4.8382424848850917e-03 8.7505499288490973e-06
3 65 -5.6159403527150245e-03 6.6028700662139743e-05
3 66 -7.0309941612229157e-03 1.1513812635597268e-04
3 67 -8.4570376256452393e-03 4.2886291224065698e-05
3 68 -1.0833148831157000e-02 -1.1129309355243375e-04
3 69 -1.3644509104830102e-02 2.9660755046522413e-05
3 70 -1.8793136372517262e-02 -4.6753684493935628e-04
3 71 -2.7682040113722085e-02 -4.8355257163209989e-04
4 0 -1.8729709089538023e-02 1.4933059786258955e-03
4 1 -1.2871140530911460e-02 -2.7760690497832352e-04
4 2 -1.0431227276428007e-02 -1.9090641244255070e-04
4 3 -7.3326608385312752e-03 7.7347188940811242e-05
4 4 -6.2929009223082017e-03 4.9945898936371426e-04
4 5 -5.4537778288573022e-03 3.5770613314661294e-04
4 6 -5.2868790146478146e-03 1.2784397013843545e-04
4 7 -4.5079490156798062e-03 -1.5550275393547535e-04
4 8 -3.8786251172155876e-03 -4.2397498207585139e-05
4 9 -3.4462415018606109e-03 -5.7533452906992752e-05
4 10 -3.0646967638699512e-03 -7.6419641433886828e-05
4 11 -2.8912569517003796e-03 -3.4792671010196959e-05
4 12 -2.3409381662662676e-03 -3.8419639287216444e-06
4 13 -1.8015473245979658e-03 7.2118325957475559e-05
4 14 -1.4683019582221628e-03 -2.4854133892126545e-05
4 15 -1.1768436932222007e-03 -2.0549564640190170e-05
4 16 -9.8252564296139587e-04 2.1205607834824571e-06
4 17 -9.0526267051435670e-04 -1.3794396299815586e-05
4 18 -8.0065538814895010e-04 1.3004902529864359e-05
4 19 -7.3326501309880490e-04 3.8785512339612374e-05
4 20 -6.3272136286045722e-04 -3.1500437895525274e-05
4 21 -4.7472630354327143e-04 5.6810729741020718e-06
4 22 -3.9184173277921657e-04 -6.8391442802612665e-06
4 23 -3.1926161528584380e-04 7.3933159122186735e-06
4 24 -2.8033076047223664e-04 1.3875709777869230e-06
4 25 -2.2759721411256948e-04 -3.3611583126143661e-09
4 26 -1.8561403770761125e-04 3.5756626143481475e-06
4 27 -1.6009683528857605e-04 2.4442402981820042e-06
4 28 -1.3536250321870280e-04 -1.1204672620527484e-05
4 29 -1.0872713093168995e-04 -1.5168428212139553e-07
4 30 -8.5819699719937644e-05 -1.0729867015470648e-06
4 31 -7.1927323427563192e-05 -6.4270936466534966e-07
4 32 -5.8130536604562712e-05 -6.1796537893224733e-08
4 33 -5.0911860099270825e-05 9.8790191332635730e-07
4 34 -3.9072915580220690e-05 -1.3665250175210998e-07
4 35 -3.4047468610856548e-05 -1.0934530379796969e-06
4 36 -3.2134638613115495e-05 -8.9247731861033840e-07
4 37 -2.9902096246426654e-05 4.3380477352983661e-07
4 38 -2.9984615433080491e-05 5.9488843831441874e-07
4 39 -3.3795193776732735e-05 -7.5036753969977397e-07
4 40 -3.9550327399721909e-05 -1.4171723878092693e-06
4 41 -4.5047266094086778e-05 1.1289588072613900e-07
4 42 -5.2462742050456197e-05 -1.9115341080546267e-06
4 43 -5.8727378151391048e-05 6.6466106768548320e-07
4 44 -6.2392495270499886e-05 1.9449317040114858e-06
4 45 -6.7666198073274307e-05 -6.9236217435143623e-07
4 46 -7.4949085015012286e-05 -2.3973624338283157e-06
4 47 -9.0537852395359514e-05 -1.4259789062319437e-07
4 48 -1.1376785827208041e-04 6.0973320467671677e-07
4 49 -1.5003716331308715e-04 -1.4644742502694648e-06
4 50 -1.8401056674477722e-04 1.9753239309371040e-06
4 51 -2.2585567793860110e-04 1.4394801856272458e-06
4 52 -2.6753708561016027e-04 -4.7526720798466385e-06
4 53 -3.2436455438214105e-04 -2.7651844960893945e-06
4 54 -4.0130565172369982e-04 -1.1565523994193671e-05
4 55 -4.9822055921834064e-04 -7.1019622028580967e-06
4 56 -5.9030682140590398e-04 -2.0448115316604476e-06
4 57 -6.9501988741131517e-04 -1.1501509642183878e-06
4 58 -8.6694524131809467e-04 1.5262209404233039e-05
4 59 -1.0648031883449829e-03 -2.0677821443097119e-05
4 60 -1.2982316441069606e-03 -1.8505108575667167e-06
4 61 -1.4389378418756846e-03 5.6684584775548600e-06
4 62 -1.6887682660394882e-03 -3.4653405435132598e-05
4 63 -2.1424939375669027e-03 -2.7278874343905473e-05
4 64 -2.7174106522264629e-03 2.1488185240390388e-05
4 65 -3.0418354140885001e-03 8.4183361572215761e-05
4 66 -3.9088477132306395e-03 1.2121783134439911e-04
4 67 -4.5944440464059056e-03 -1.0097706092917837e-05
4 68 -5.9025786158120614e-03 1.0787963349959937e-05
4 69 -7.3045776619104262e-03 5.1629055167291881e-05
4 70 -9.7670736230948754e-03 -4.1254562230717519e-04
4 71 -1.3302358691242621e-02 -5.8274444798056318e-04
5 0 -8.2601260139478702e-03 1.2470306648307216e-03
5 1 -6.1057701748581392e-03 -2.4432526065894347e-04
5 2 -5.5332590621444064e-03 -1.6157340384298600e-04
5 3 -3.8123509469977059e-03 5.2822284705593861e-05
5 4 -3.3380498500361578e-03 3.8279699901010606e-04
5 5 -2.8133344802402202e-03 2.3931001709321203e-04
5 6 -2.8796076379966947e-03 6.5578084366853064e-05
5 7 -2.4329093599924447e-03 -1.6131980547885071e-04
5 8 -2.0283495711601101e-03 -1.1233760778739196e-05
5 9 -1.8600323483369909e-03 -7.4650964061529241e-05
5 10 -1.5901830780899948e-03 -6.6678155821894288e-05
5 11 -1.6026256427487077e-03 -2.6126072487540774e-05
5 12 -1.2526964197833446e-03 -3.2191594185757390e-05
5 13 -9.4259380599346103e-04 5.3961685825134680e-05
5 14 -7.9648727390108922e-04 -3.4056352581377215e-05
5 15 -6.1772017611581680e-04 -2.5496557475187453e-05
5 16 -5.1297862523219076e-04 -2.6408311147268380e-07
5 17 -4.9723970418742735e-04 -1.9586212628536155e-05
5 18 -4.3576137318371646e-04 1.2495166744100926e-05
5 19 -4.0281468304654525e-04 3.3281222641588171e-05
5 20 -3.4610964261721209e-04 -2.9692930068395749e-05
5 21 -2.5757174539857289e-04 1.2045747339184175e-05
5 22 -2.1012357376979044e-04 -1.0711957849513361e-06
5 23 -1.6669932967678191e-04 8.2421564418000170e-06
5 24 -1.5535360644702232e-04 -1.7563115553444915e-07
5 25 -1.2256529757389000e-04 5.1939762613332777e-07
5 26 -9.6885541757534252e-05 2.9065885225623387e-06
5 27 -8.4510586560572075e-05 2.7108998079274003e-06
5 28 -7.4742878395502098e-05 -1.1283547333608744e-05
5 29 -5.8026416538125284e-05 6.1989876962542527e-07
5 30 -4.5619740937456441e-05 -1.4947572158645468e-06
5 31 -3.7964306804563848e-05 -1.1092567678872193e-06
5 32 -3.0228843877122294e-05 -7.5097055112391287e-07
5 33 -2.7562030617983915e-05 9.3403947657414744e-07
5 34 -1.9725315800995470e-05 -4.4990217695008555e-07
5 35 -1.8129646146696324e-05 -1.0790426724140868e-06
5 36 -1.7318268977849362e-05 -1.0576615717809158e-06
5 37 -1.5500000398355056e-05 3.9241164838377115e-07
5 38 -1.5997157958228968e-05 7.1358948607578130e-07
5 39 -1.8010546290639527e-05 -5.0557738001360703e-07
5 40 -2.0834020921829855e-05 -1.1186737518136784e-06
5 41 -2.4096116504733044e-05 2.3698327282313003e-07
5 42 -2.8626821165660382e-05 -1.9944563898225836e-06
5 43 -3.2339056557706018e-05 3.9209578885623918e-07
5 44 -3.3644686475711086e-05 9.8962794028715724e-07
5 45 -3.5660364668583214e-05 -9.2618490384287115e-07
5 46 -3.8772955151737780e-05 -2.4204725459270358e-06
5 47 -4.7745874997118751e-05 -6.1288354153412701e-07
5 48 -6.0180192321389367e-05 -2.8072109673986120e-07
5 49 -8.0466846118026539e-05 -1.0521787655978115e-06
5 50 -9.4554404070048095e-05 2.7925069740240079e-07
5 51 -1.2105859704388054e-04 2.6485254594455972e-06
5 52 -1.4660130967508676e-04 -4.2272361186211910e-06
5 53 -1.7467204232213393e-04 -8.3793376073582792e-07
5 54 -2.2072798839357444e-04 -1.1300115329483461e-05
5 55 -2.6872004657651290e-04 1.9295859780380319e-07
5 56 -3.1287759100817803e-04 8.5548711481450260e-07
5 57 -3.6185548959223813e-04 9.5924122450080012e-06
5 58 -4.7406256365400084e-04 1.4258412433170887e-05
5 59 -5.6984131182166600e-04 -2.2963282110668397e-05
5 60 -7.1005831494942424e-04 8.1907794503476742e-06
5 61 -7.4863260532275714e-04 1.7568538847670716e-07
5 62 -9.0236835660135236e-04 -3.0670274740528419e-05
5 63 -1.1343832423146116e-03 -3.2105135731635572e-05
5 64 -1.4913193800267285e-03 4.3460032317276399e-05
5 65 -1.5792929992624631e-03 8.0827385182255263e-05
5 66 -2.1322240506477142e-03 8.1593504851270817e-05
5 67 -2.4088101268082388e-03 -2.0887716780886169e-05
5 68 -3.0950476177688435e-03 6.6982692272812849e-05
5 69 -3.8149505228051521e-03 8.8865565451178811e-05
5 70 -5.1210010533170426e-03 -2.6187923973499836e-04
5 71 -6.1562761754623448e-03 -2.7182923256404334e-04
6 0 -3.8796761126127012e-03 7.4424270111608597e-04
6 1 -2.8854825731218850e-03 -2.1522886149307903e-04
6 2 -2.9236503270365500e-03 -7.2784333960866326e-05
6 3 -1.9397345733132368e-03 9.0549807087817385e-05
6 4 -1.7137212789040289e-03 3.0644509942461174e-04
6 5 -1.4387995912293601e-03 1.6878020587633431e-04
6 6 -1.6039029222434747e-03 6.6555065011397001e-06
6 7 -1.3031642233460596e-03 -1.4905562173603694e-04
6 8 -1.0291274918943459e-03 1.9666449696811277e-05
6 9 -1.0100977462167819e-03 -8.7204334060478377e-05
6 10 -8.0289680623741775e-04 -5.2167940720960843e-05
6 11 -8.9442352843342959e-04 -1.3038653754382392e-05
6 12 -6.6309724280824137e-04 -4.3016288345201844e-05
6 13 -4.8897597174359033e-04 1.8215718852488410e-05
6 14 -4.3086140295861856e-04 -3.6303436029969686e-05
6 15 -3.1742085508528736e-04 -2.2546859887581682e-05
6 16 -2.5943338285094576e-04 -5.7327697727069274e-06
6 17 -2.7368732679015976e-04 -2.4246831201867363e-05
6 18 -2.4075521989442160e-04 1.2604756785056779e-05
6 19 -2.2229944973704746e-04 3.0233692601351650e-05
6 20 -1.8552722430115943e-04 -2.6860827400380659e-05
6 21 -1.3930421963484677e-04 1.7155656067531727e-05
6 22 -1.1296546731529874e-04 -4.5336878736713207e-07
6 23 -8.3882525425219617e-05 7.8078894150166913e-06
6 24 -8.4753344742488374e-05 -2.1030142409718272e-06
6 25 -6.3763324872525141e-05 3.4592773676930933e-07
6 26 -4.8830444647888616e-05 1.8550919795948220e-06
6 27 -4.2538155026458161e-05 3.4715519557833795e-06
6 28 -4.1108733594143582e-05 -1.0783213348098589e-05
6 29 -3.0131882240143320e-05 1.1180675798908935e-06
6 30 -2.3959459610552347e-05 -1.8338280955187372e-06
6 31 -1.8983804282797664e-05 -1.2236654250688863e-06
6 32 -1.5028696388274333e-05 -1.3538746303536540e-06
6 33 -1.4687609341040145e-05 4.7524797783854440e-07
6 34 -9.5153487750736002e-06 -8.0012305142624291e-07
6 35 -9.6627852938230958e-06 -1.0136837204337287e-06
6 36 -9.1421219601089802e-06 -1.0848282219715597e-06
6 37 -7.7315115569289863e-06 4.7431793822606644e-07
6 38 -8.5332407848033655e-06 8.5211000124139987e-07
6 39 -9.4785186546370265e-06 -1.3340803626416983e-07
6 40 -1.0795590819638285e-05 -7.8160033609798457e-07
6 41 -1.2403135140902620e-05 5.7849795570187980e-08
6 42 -1.5741507902087210e-05 -1.7085206684063745e-06
6 43 -1.7549342453347751e-05 2.4513642491563074e-07
6 44 -1.7707146713826734e-05 1.3388143942815163e-07
6 45 -1.8200817081335577e-05 -7.9950194979051669e-07
6 46 -1.9505496829381439e-05 -2.2640507368632681e-06
6 47 -2.3716662727205485e-05 -1.3381418495289236e-06
6 48 -3.1287066995674376e-05 -1.4628387805158364e-06
6 49 -4.2951825528490940e-05 -6.2747310314726216e-07
6 50 -4.6470107359655360e-05 -6.1107654822666296e-07
6 51 -6.2799374028041713e-05 4.4708004023638676e-06
6 52 -7.9604727090008961e-05 -4.7719836909848835e-06
6 53 -9.2962708856288821e-05 2.7038730176684860e-07
6 54 -1.2208613012281051e-04 -9.3096106227618676e-06
6 55 -1.4470412795881613e-04 1.6384295526443470e-06
6 56 -1.6381038502095250e-04 1.0559591960632661e-05
6 57 -1.7672009908486057e-04 1.2500472550222965e-05
6 58 -2.5903359229140693e-04 1.6918840493393518e-05
6 59 -2.9868244902764724e-04 -1.4167622510460948e-05
6 60 -3.8967955749589844e-04 6.8054428972866302e-06
6 61 -3.6732655032357839e-04 2.1836024650984994e-06
6 62 -4.8268508278267086e-04 -2.0370384813898530e-05
6 63 -5.8214829849934438e-04 -4.5842439352919334e-05
6 64 -7.8872875074788122e-04 4.5643662532874167e-05
6 65 -8.2079788358496860e-04 5.0346369263452127e-05
6 66 -1.1701438624882922e-03 4.4002582527050864e-05
6 67 -1.2309650093381365e-03 -2.0578456411532651e-05
6 68 -1.5548038753800341e-03 7.1251095799982408e-05
6 69 -1.9061473045622389e-03 1.4014192789921944e-04
6 70 -2.7438890562812902e-03 -1.6509871405805747e-04
6 71 -2.7357717645109889e-03 -9.9696109000648153e-06
7 0 -1.7236171977612991e-03 4.4802306503595072e-04
7 1 -1.3310715768729839e-03 -1.0876092017146269e-04
7 2 -1.5298575856625752e-03 -2.1756080169779039e-05
7 3 -9.3283749916877343e-04 6.8090991704970361e-05
7 4 -8.4818419261547520e-04 2.2095045338748644e-04
7 5 -7.3898949649551463e-04 1.1357468197492192e-04
7 6 -9.4029549464425552e-04 -4.7446822248378840e-05
7 7 -7.0644163278105665e-04 -1.3186870643054659e-04
7 8 -5.4157336602203760e-04 3.2168813181993599e-05
7 9 -5.4068488745973823e-04 -9.6040980522055810e-05
7 10 -3.6540323228090923e-04 -4.7347214963441950e-05
7 11 -5.1268526344332697e-04 8.1618130329836401e-06
7 12 -3.4522615649206520e-04 -4.3513045350939077e-05
7 13 -2.4455873228595320e-04 -1.2339870466797143e-05
7 14 -2.1793541075164100e-04 -3.5685778926753963e-05
7 15 -1.6019423369104417e-04 -2.6246083391880294e-05
7 16 -1.2387248093189904e-04 -1.0853954089118173e-05
7 17 -1.5076390783203377e-04 -2.1045577060742872e-05
7 18 -1.3798258398003177e-04 1.0422970440475669e-05
7 19 -1.2279136465740274e-04 2.3711124340123471e-05
7 20 -9.5621994256403687e-05 -2.4308115871861932e-05
7 21 -7.5500723490005609e-05 1.8926010194893217e-05
7 22 -6.0477047410042896e-05 -4.0931000535757502e-06
7 23 -4.0020650514816018e-05 5.3592812656986571e-06
7 24 -4.4033777450845276e-05 -1.8208993056354684e-06
7 25 -3.2813586426537924e-05 -4.4610914019700178e-07
7 26 -2.2882293259545895e-05 9.2654386888280435e-08
7 27 -2.0232840493151367e-05 3.3167742492502697e-06
7 28 -2.3278360691468148e-05 -9.2672618844782632e-06
7 29 -1.5000598056724908e-05 7.9898239521843410e-07
7 30 -1.2740617758791656e-05 -2.3824983224668444e-06
7 31 -8.6576163054477315e-06 -1.1027612728744469e-06
7 32 -7.3374483123204666e-06 -1.8312348962187241e-06
7 33 -7.4000420177631315e-06 -4.8903600862590736e-08
7 34 -4.1926075903589134e-06 -9.8038957764536494e-07
7 35 -5.2826607585986596e-06 -9.1732945316332097e-07
7 36 -4.9957425064543096e-06 -8.8390509400821651e-07
7 37 -3.6606646824857221e-06 4.8432670565286828e-07
7 38 -4.5637826565032291e-06 9.1354817512186292e-07
7 39 -5.0599715920505985e-06 -5.7993788511770380e-08
7 40 -5.7719584547477414e-06 -3.7341612044600099e-07
7 41 -5.8431948645387682e-06 -1.6904409765629775e-07
7 42 -8.8913755843239347e-06 -1.3419639615753681e-06
7 43 -9.5876050946762656e-06 1.6600224136289457e-07
7 44 -8.9543354586516229e-06 -2.4584953106628603e-07
7 45 -8.9697465499173511e-06 -4.7339631146221884e-07
7 46 -1.0000562825057438e-05 -1.7298195403876138e-06
7 47 -1.1331245346980544e-05 -1.6154734645853236e-06
7 48 -1.6377929455292522e-05 -1.6941453554996058e-06
7 49 -2.4095429570164483e-05 -1.7286496002356456e-07
7 50 -2.1357109915427125e-05 -1.5819821336927056e-06
7 51 -3.1345178222304975e-05 4.3459072974777900e-06
7 52 -4.4001909105038300e-05 -6.6976992050753569e-06
7 53 -4.9577482417801896e-05 5.7287877142262753e-07
7 54 -6.6859006704742194e-05 -7.0485896764323408e-06
7 55 -7.9782363286018431e-05 -2.9690870075473635e-07
7 56 -8.5730088970762921e-05 1.5383910902330769e-05
7 57 -7.6810725586177192e-05 1.1494079581311297e-05
7 58 -1.3997795236899484e-04 1.9784440361434677e-05
7 59 -1.5726417468410703e-04 -3.6369560175371202e-06
7 60 -2.2127686537476589e-04 6.9683478419550136e-07
7 61 -1.7424553928658849e-04 -1.9919304586919934e-06
7 62 -2.6030202949983315e-04 -8.1456830211729564e-06
7 63 -2.8760105893299836e-04 -5.6616736257831789e-05
7 64 -4.0129747702002955e-04 3.8584624331944984e-05
7 65 -4.3558698066383281e-04 3.5856516353609650e-06
7 66 -6.5554401888305103e-04 2.9564635139843307e-05
7 67 -6.1426152546031865e-04 3.2265034017127399e-07
7 68 -7.4313455394588255e-04 7.1758298632751286e-05
7 69 -8.7406985956469275e-04 1.5767153386540990e-04
7 70 -1.4450875634719274e-03 -1.2267988248994806e-04
7 71 -1.1510466460526103e-03 5.6327282409919422e-05
8 0 -1.1956656037621642e-03 5.4617157554500922e-05
8 1 -5.5885264772131580e-04 -3.0234457183366051e-05
8 2 -8.0895054940510020e-04 -3.3174977072694709e-05
8 3 -3.8921201035444739e-04 2.7927435010640284e-05
8 4 -4.1597507581263396e-04 1.5782414980174792e-04
8 5 -3.9852786076823791e-04 9.8576281392083177e-05
8 6 -5.6351145182703167e-04 -4.4518462224210143e-05
8 7 -3.8677878020620265e-04 -1.2586664325633161e-04
8 8 -3.2513428031822716e-04 5.0830989980563089e-05
8 9 -2.8053308491087203e-04 -8.5147538934030774e-05
8 10 -1.4435020160875141e-04 -5.5177544401277432e-05
8 11 -2.9673833759068100e-04 1.2467610224802142e-05
8 12 -1.8301066727961391e-04 -3.3265722832383542e-05
8 13 -1.0660370141322066e-04 -3.1233252347219981e-05
8 14 -9.7394755264928407e-05 -3.3400369305713870e-05
8 15 -8.3711113630523975e-05 -2.3782968130592424e-05
8 16 -5.0019606488104126e-05 -1.5347550553273554e-05
8 17 -8.6642540680301043e-05 -1.6294887860660610e-05
8 18 -8.0807811495412900e-05 1.2316943268466881e-05
8 19 -6.9411509381224257e-05 1.7311960075711413e-05
8 20 -4.6964977094203432e-05 -1.7867726627570539e-05
8 21 -3.8773044528594587e-05 1.7563898912833358e-05
8 22 -3.2795364272717405e-05 -6.3753799742543593e-06
8 23 -1.6620834326589496e-05 3.7811137923331505e-06
8 24 -2.0426049758641574e-05 2.4089247171494848e-07
8 25 -1.7918430516609257e-05 -2.4551138727872654e-06
8 26 -9.2207037709134941e-06 -6.3286103544227318e-07
8 27 -8.6391250024903413e-06 2.8684376483190203e-06
8 28 -1.2568855115712755e-05 -7.4105955880738116e-06
8 29 -7.6770778101509763e-06 -4.1229630586691789e-07
8 30 -6.9136346009864549e-06 -3.2920310237212430e-06
8 31 -3.4429027789680653e-06 -9.9268200746953333e-07
8 32 -3.9074128130710905e-06 -1.6851958812340360e-06
8 33 -3.0118899793603334e-06 -1.6914002682704091e-07
8 34 -1.4305228499729705e-06 -8.1639176526370594e-07
8 35 -3.0362735674580864e-06 -8.7089505270440345e-07
8 36 -2.7873634992999560e-06 -5.6412468517897848e-07
8 37 -1.5893446540957752e-06 2.8187395952612682e-07
8 38 -2.2972638121257184e-06 7.6284859182288891e-07
8 39 -2.8007416683490946e-06 -1.9640567754382632e-07
8 40 -3.2424597781679953e-06 1.8104003443368155e-08
8 41 -2.2352621158681989e-06 -3.4984559259461159e-07
8 42 -5.2610000340384197e-06 -9.7541386615741675e-07
8 43 -5.1047561468459739e-06 1.1005840224997416e-07
8 44 -4.2922730009330676e-06 3.4448826049340771e-09
8 45 -4.3048478766535065e-06 1.7655167571851115e-08
8 46 -5.3932029567631610e-06 -1.5831366840964544e-06
8 47 -5.1236390926549516e-06 -1.8087030975659015e-06
8 48 -8.4007943088271973e-06 -1.4921315156324411e-06
8 49 -1.4239325562223146e-05 -2.0752559788945024e-07
8 50 -8.6001708374428985e-06 -1.6117443577969918e-06
8 51 -1.5177117144343873e-05 3.0095457624885529e-06
8 52 -2.4731048270326888e-05 -7.3881016032177794e-06
8 53 -2.7506469299599233e-05 3.8182924868513070e-07
8 54 -3.4216872819391488e-05 -5.6053737142946386e-06
8 55 -4.3274602150230556e-05 1.2006245584343250e-06
8 56 -4.1616929356204396e-05 1.4378874244195090e-05
8 57 -2.9822620283430868e-05 9.6743740960588189e-06
8 58 -7.7531504138941137e-05 1.5985551970515681e-05
8 59 -8.2558655424010846e-05 1.3734055014393075e-06
8 60 -1.3608127692668680e-04 2.0950749540924617e-06
8 61 -8.0749158158988885e-05 -6.6597493692350718e-06
8 62 -1.3415795897890134e-04 6.8716473631140009e-06
8 63 -1.3445258381969831e-04 -5.2072910936302313e-05
8 64 -1.9725945699589800e-04 2.3863451872524298e-05
8 65 -2.3533100595539297e-04 -3.5054088431518761e-05
8 66 -3.8603933845559766e-04 7.7194366003583076e-06
8 67 -2.9352210282412427e-04 1.1809979232268003e-05
8 68 -3.2087885852627468e-04 6.7474618371664825e-05
8 69 -3.6352561015273044e-04 1.4809894586316499e-04
8 70 -7.4634454402203166e-04 -1.2275609378629231e-04
8 71 -5.2556178521681650e-04 -5.6080354895156453e-05
9 0 -7.8789471024649728e-04 -2.1281211622526435e-04
9 1 -2.0854652466747474e-04 2.1033518906751522e-05
9 2 -4.4783095105190376e-04 -2.5513429290337224e-05
9 3 -7.8476772239482849e-05 -8.8741538152020323e-07
9 4 -1.9397030232977831e-04 1.1129667782886205e-04
9 5 -2.3343356767968070e-04 1.0951715159553760e-04
9 6 -3.3021391985672523e-04 -5.8335044783824330e-05
9 7 -2.2055122656848818e-04 -1.1121656558252558e-04
9 8 -2.1782808459495158e-04 5.9108534015689806e-05
9 9 -1.4519281507180856e-04 -7.3697783671181804e-05
9 10 -4.1572919873269144e-05 -6.4510163817757296e-05
9 11 -1.7542010307659801e-04 2.8683583757736272e-06
9 12 -9.6465635803667682e-05 -2.1777306535492009e-05
9 13 -3.8191313611318291e-05 -4.0129776608426616e-05
9 14 -3.6851565623438715e-05 -2.8004988964425138e-05
9 15 -5.3758746614089803e-05 -2.9064730676164235e-05
9 16 -7.4592523865659448e-06 -1.0439762937493144e-05
9 17 -5.0791131374424640e-05 -1.1152944063635995e-05
9 18 -5.2078329736636194e-05 1.4694617723992690e-05
9 19 -3.9582624976694401e-05 1.2088581159389596e-05
9 20 -2.0787984991902762e-05 -9.5370777551017249e-06
9 21 -1.7765652941949030e-05 1.9321431507179625e-05
9 22 -1.8167681998431342e-05 -5.2940880157002185e-06
9 23 -6.7062509942159540e-06 3.5375574120052269e-06
9 24 -6.7811355984787870e-06 1.9259306205579234e-06
9 25 -1.1413562123491937e-05 -2.5280820976075079e-06
9 26 -2.8495583520361119e-06 -1.5370562691122622e-07
9 27 -3.4126608875079924e-06 1.7945004765780210e-06
9 28 -6.3392825186509092e-06 -6.0401836720512043e-06
9 29 -4.6340350392901145e-06 -1.5837094672718668e-06
9 30 -3.7021388379272227e-06 -4.0198685838913687e-06
9 31 -1.1187862442734035e-06 -4.6718683670146181e-07
9 32 -2.2789556118843237e-06 -1.5969901837247578e-06
9 33 -4.7962911472767730e-07 2.4652566942749164e-07
9 34 -1.5933528262507006e-07 -3.8859493556288322e-07
9 35 -1.8780310851309768e-06 -8.9604155042558560e-07
9 36 -1.3534465150298036e-06 -3.3762361624611423e-07
9 37 -7.0703454904796381e-07 -1.9559446822203338e-08
9 38 -6.9367440212487682e-07 4.0605900531583224e-07
9 39 -1.6296518587834916e-06 -3.1559378349889298e-07
9 40 -1.6661905695428958e-06 3.0256335251838487e-07
9 41 -6.0477705716875597e-07 -3.1830111095263116e-07
9 42 -3.1911798249952020e-06 -5.8124143965036409e-07
9 43 -2.5279384721407157e-06 2.1865538855509722e-07
9 44 -1.5902245748641418e-06 4.3913866466280341e-07
9 45 -1.8809281099013240e-06 4.4179943145440125e-07
9 46 -2.6703034624409320e-06 -1.2037583325151166e-06
9 47 -1.9111603856885706e-06 -1.3964255626151260e-06
9 48 -4.1357333914455941e-06 -1.2027872461833130e-06
9 49 -8.9149998102884674e-06 -3.0035386739784567e-07
9 50 -2.9571988996821048e-06 -4.6602379417336222e-07
9 51 -7.4296811424528956e-06 2.9136119201537750e-06
9 52 -1.2891366175286359e-05 -6.9684104495701838e-06
9 53 -1.5832953580980211e-05 -1.2591146652923237e-07
9 54 -1.3522925520736461e-05 -4.9678297960729484e-06
9 55 -2.2563298273299848e-05 1.8155083159817938e-06
9 56 -1.5143854721526498e-05 1.0712204318243809e-05
9 57 -1.1060116358077593e-05 7.8286416804221971e-06
9 58 -4.6910669123204818e-05 1.1751189030796888e-05
9 59 -4.0522490532982156e-05 4.9646630486274167e-06
9 60 -9.2051572371588998e-05 -4.1997935444012448e-07
9 61 -3.0328597322931001e-05 -1.2309554462508769e-05
9 62 -5.8155187198741637e-05 1.7621781511401142e-05
9 63 -5.2759101562944457e-05 -3.5045291704564476e-05
9 64 -8.5851164461542639e-05 3.0375150524320670e-06
9 65 -1.3380263240624494e-04 -4.7986026024083094e-05
9 66 -2.4106492222816320e-04 3.2608440978348094e-07
9 67 -1.0826593965788283e-04 6.5762464706432081e-06
9 68 -1.1885902502199860e-04 4.5652934049648658e-05
9 69 -1.4787252187878659e-04 1.1643172651600367e-04
9 70 -4.1744846363936063e-04 -1.1194186196772816e-04
9 71 -2.7988688519670486e-04 -1.6858280430285855e-04
10 0 -2.9138156989731994e-04 -7.9535791364672106e-05
10 1 -5.6878530853492823e-05 2.3231823428916403e-05
10 2 -2.0507632350009807e-04 4.6347061364602753e-05
10 3 7.5895875569056701e-05 -2.0311232114197792e-05
10 4 -6.2361263379445811e-05 8.5291350641778193e-05
10 5 -1.5208447580978749e-04 1.3390454694178067e-04
10 6 -1.7913415244536122e-04 -7.0727253549175649e-05
10 7 -1.0631760377055190e-04 -9.5004287510547000e-05
10 8 -1.6127618137033365e-04 8.0366579843750972e-05
10 9 -5.9938475181695961e-05 -6.8437331542432636e-05
10 10 7.3112725750148094e-06 -4.2718934579408173e-05
10 11 -1.3022872491952564e-04 -4.4935235440715304e-06
10 12 -5.2366532502212172e-05 -1.4297461005688163e-05
10 13 -7.2996563391971222e-06 -3.4312770217259308e-05
10 14 -9.4150754356181181e-08 -2.6950226608203655e-05
10 15 -4.3835226286312228e-05 -3.1170600145563828e-05
10 16 1.1331733328370320e-05 4.5618673319346319e-06
10 17 -3.0375082397345711e-05 -3.2553259911067739e-06
10 18 -3.6246778825525100e-05 1.5709879717601535e-05
10 19 -2.2347257303587838e-05 1.0528485556121153e-05
10 20 -9.3230411959923982e-06 -4.0727682887897325e-07
10 21 -7.5275002747684472e-06 2.0347664595367448e-05
10 22 -9.5716966890903500e-06 -3.7223879988087653e-06
10 23 -4.4132095645281351e-06 3.8615207585613994e-06
10 24 -4.7051622641560603e-08 3.4918839527136966e-06
10 25 -8.5270804956886244e-06 -2.1055488649118291e-06
10 26 -2.2328957000694597e-07 -4.6699095483304017e-08
10 27 -1.3408772148037560e-06 7.8119305598022913e-07
10 28 -3.2993152056747887e-06 -4.8001814634957375e-06
10 29 -3.1172011342535831e-06 -2.0138878136319959e-06
10 30 -1.7333847612863398e-06 -3.9568712098089650e-06
10 31 -3.5515795180589837e-07 1.8936771192957646e-07
10 32 -1.2823495846632411e-06 -1.2026842631009050e-06
10 33 5.0592174134862519e-07 6.4227996956177655e-07
10 34 4.0542472293004013e-07 2.2172980524643772e-07
10 35 -1.2745648565858718e-06 -6.7130196750361548e-07
10 36 -5.4457234567864607e-07 -2.3983216104337338e-07
10 37 -5.3321686119144956e-07 -3.5308603579895140e-07
10 38 3.5409208826171769e-07 -4.6511895418698050e-08
10 39 -8.4509479416911492e-07 -2.0122027861090457e-07
10 40 -6.1946079763970749e-07 4.5925544558985701e-07
10 41 1.2093232134698185e-07 -1.0153796828905823e-07
10 42 -1.8572908017822633e-06 4.2695321348851392e-08
10 43 -1.0321033960614362e-06 2.7039367141575676e-07
10 44 -2.9770169657803168e-07 6.9724251772901176e-07
10 45 -4.6398350355641971e-07 7.0838329654634127e-07
10 46 -6.2667953563279338e-07 -9.8988433335598917e-07
10 47 -5.9504540288224715e-07 -5.5870542922386154e-07
10 48 -1.4204269155294717e-06 -8.9941766800719348e-07
10 49 -6.1695827862429648e-06 -4.4357567882924938e-07
10 50 -8.8304023152500604e-07 7.4770288572354226e-07
10 51 -4.3398061621014149e-06 2.5974066467332032e-06
10 52 -5.9926039989434011e-06 -6.1628036291156946e-06
10 53 -9.8741497222644943e-06 -1.6003736876954059e-06
10 54 -3.2429938919587037e-06 -2.5951431396648936e-06
10 55 -1.2609248305236575e-05 -4.5034577746555349e-07
10 56 -1.5649443703022009e-06 6.2304216613826135e-06
10 57 -6.7347650566897311e-06 5.5938329681046499e-06
10 58 -2.9201429044015956e-05 5.6665956467441174e-06
10 59 -1.4703105593414607e-05 4.8941042748566412e-06
10 60 -6.2858375420744148e-05 -8.9594710002156141e-06
10 61 -6.7652884696748225e-06 -2.3198596452759179e-05
10 62 -2.3433062532224872e-05 2.4329367297119260e-05
10 63 -8.9902939973843533e-06 -1.0002752137991276e-05
10 64 -2.1427069542784603e-05 7.2593706686017318e-07
10 65 -6.6626973659785415e-05 -2.7475044804730740e-05
10 66 -1.6738422852808127e-04 9.8722796393152164e-06
10 67 4.7504831787776769e-07 -1.1091641126173416e-05
10 68 -2.8458519865639809e-05 2.4765678219855630e-05
10 69 -6.5544982293232060e-05 1.0987516928027295e-04
10 70 -2.9382613254239683e-04 -7.1743215581973843e-05
10 71 -1.1973313369900089e-04 -1.5927482291409287e-04
