0 0 -1.1355998479352374e+00 -1.1245341061119173e-20
0 1 -1.3421186719419870e-01 1.9267414227533604e-19
0 2 -4.4901198215281005e-02 1.4035147659025248e-20
0 3 -2.4232544217935879e-02 -1.7286348938777515e-22
0 4 -1.7059127755534118e-02 -2.1546171809915165e-22
0 5 -1.2867834274705456e-02 -7.7233881211799608e-22
0 6 -1.0063826881016209e-02 -3.0991219232934180e-22
0 7 -8.1877778403105367e-03 1.6364078326575361e-22
0 8 -6.8577677204039785e-03 7.8625131257137798e-23
0 9 -5.5375675827492509e-03 -5.1451956326081018e-23
0 10 -4.4652967188086850e-03 -1.5659527467880652e-22
0 11 -3.6788474902170079e-03 -4.5670701099794390e-22
0 12 -2.9518667883491412e-03 1.2120330001511036e-23
0 13 -2.2857751830337738e-03 -1.4722424572356403e-23
0 14 -1.9189790842891175e-03 5.7466493242654877e-24
0 15 -1.7237927004512821e-03 5.7862392866958310e-23
0 16 -1.4568687070721110e-03 -1.1825471560293922e-23
0 17 -1.2109136192391995e-03 5.1510590798337824e-23
0 18 -1.0295440165862845e-03 -2.4405698375193602e-23
0 19 -9.2438720211341469e-04 8.1520629409939852e-24
0 20 -8.0533184682575931e-04 3.3036518653333392e-24
0 21 -6.4452240514785669e-04 -5.3140530728583174e-24
0 22 -5.2019230347181023e-04 4.4398095900404190e-24
0 23 -4.3599785399211837e-04 -3.2611190381329808e-24
0 24 -3.7801701922143122e-04 -1.2879131424769101e-24
0 25 -3.3473532427895450e-04 -7.7074763267017504e-24
0 26 -2.9911370509492358e-04 -1.6487644466035577e-24
0 27 -2.6563138666422484e-04 8.5860581123983276e-24
0 28 -2.2450809765175712e-04 -5.3762285771186320e-24
0 29 -1.9298111125649891e-04 3.0456981423866428e-24
0 30 -1.7167752675319140e-04 -1.2773430435021765e-23
0 31 -1.5144537476735037e-04 1.4007607704489008e-24
0 32 -1.4229925960991758e-04 -4.3692566337817532e-24
0 33 -1.3653683224654841e-04 -3.9222885011944232e-24
0 34 -1.3089447945764809e-04 7.7133829444597387e-25
0 35 -1.2476344526401336e-04 2.2849754446367931e-24
0 36 -1.2164499506093269e-04 -1.8560635313490167e-24
0 37 -1.2177610684485720e-04 -4.7627868159942321e-24
0 38 -1.2448367307869401e-04 -7.7456818742193107e-25
0 39 -1.3462052917797147e-04 2.5529249246534145e-24
0 40 -1.5893636067742503e-04 -3.1251462542246275e-24
0 41 -1.8427197338684317e-04 -3.3644634427287615e-24
0 42 -2.0512779850015948e-04 -8.1220829683084544e-24
0 43 -2.2773826316621918e-04 -4.2626905216304225e-24
0 44 -2.4161731822981946e-04 -1.8197601161458034e-24
0 45 -2.5291172077805067e-04 -9.9398681298631784e-24
0 46 -2.7479700950902905e-04 5.7183233805910870e-24
0 47 -3.1411268140452961e-04 2.9407949332831339e-25
0 48 -3.6531946119322615e-04 -4.4807428990540764e-24
0 49 -4.1389091357194686e-04 -2.9076654283659873e-23
0 50 -4.8224939931921655e-04 7.0111630026492699e-25
0 51 -5.5369323848295470e-04 3.3205607241649328e-23
0 52 -6.5659998470709311e-04 2.7402844852678255e-23
0 53 -7.5733726753476687e-04 2.9786430863353619e-23
0 54 -8.3738375036263404e-04 -1.6749577157241989e-23
0 55 -9.2312747962139353e-04 -4.2111873473468563e-24
0 56 -1.0556286707595381e-03 -2.1209515685367817e-23
0 57 -1.2740583602775125e-03 2.6182363169478899e-23
0 58 -1.5260855554860579e-03 6.4738505111918425e-23
0 59 -1.7926918902141360e-03 -7.5113874129715288e-24
0 60 -2.0947419653919472e-03 -6.3184295989429871e-23
0 61 -2.5313811223688699e-03 8.8497060453407877e-23
0 62 -3.1725262483411091e-03 9.6217334238605664e-23
0 63 -3.9501631964073726e-03 2.9564547060980055e-23
0 64 -4.7927396406207828e-03 -3.1906748630610657e-22
0 65 -5.9096892975166676e-03 1.1072344553935698e-23
0 66 -7.1574259108179664e-03 -7.5998295623833750e-23
0 67 -8.4857502844128564e-03 -1.9433202938113736e-22
0 68 -1.1470547020825393e-02 1.8328715914350208e-22
0 69 -1.8209202055439307e-02 1.2397605214828028e-22
0 70 -4.0339404768577329e-02 -1.0391666137539523e-20
0 71 -1.3299204513308033e-01 3.2895230101067214e-20
1 0 -3.2301550005300050e-01 8.8045926375583661e-04
1 1 -7.6020001063917236e-02 1.7953421705048762e-05
1 2 -3.1286311173489137e-02 4.1832458993152312e-05
1 3 -1.8017651265740828e-02 -2.5829104551995797e-05
1 4 -1.2878391382104297e-02 4.9334370295505066e-06
1 5 -9.7727861838246693e-03 3.8832984517853771e-07
1 6 -7.6758047565952930e-03 9.9117712564624872e-06
1 7 -6.2531065671681966e-03 -2.4065513712826827e-06
1 8 -5.2325846408087830e-03 -6.8138252599517060e-06
1 9 -4.2301739097136701e-03 1.3180472919240021e-05
1 10 -3.4044004630531845e-03 -1.0651985627368808e-05
1 11 -2.7984892762017680e-03 -1.0859521766166572e-05
1 12 -2.2481893456462020e-03 -7.0043028448337741e-06
1 13 -1.7433716066148246e-03 1.3316210696770209e-06
1 14 -1.4696976351479790e-03 9.8300149690219856e-08
1 15 -1.3164223518866906e-03 1.0776354353538144e-05
1 16 -1.1081893788727009e-03 7.0542655816347258e-06
1 17 -9.2363958630858358e-04 -3.5899139944072750e-07
1 18 -7.8478306972370191e-04 4.4648503187748901e-06
1 19 -7.0695326221660874e-04 2.3127986617929531e-06
1 20 -6.1470473698427600e-04 3.3974036615426550e-06
1 21 -4.9039610275620116e-04 -8.2132862175440411e-07
1 22 -3.9825532383084043e-04 3.7257297003359881e-07
1 23 -3.3429898101530541e-04 8.0290084440827990e-07
1 24 -2.8867014179338480e-04 1.9330044362236713e-08
1 25 -2.5537666060710366e-04 1.4225899852731035e-06
1 26 -2.2880364278507682e-04 -5.2818019178642955e-07
1 27 -2.0313322932053474e-04 -5.2957933236950909e-07
1 28 -1.7023428860931343e-04 -1.7995741860473826e-07
1 29 -1.4745944964581669e-04 -6.9508989691331741e-07
1 30 -1.3113834155298828e-04 5.5091274693490474e-10
1 31 -1.1591867700302078e-04 -4.2854518285945115e-08
1 32 -1.0931308100368592e-04 -1.7705630739532102e-07
1 33 -1.0458413533808339e-04 -2.0254849096918042e-07
1 34 -9.9952603027411122e-05 -3.1619452675657971e-07
1 35 -9.5249794335514827e-05 -5.8205182559128983e-07
1 36 -9.2804132470081753e-05 -3.7609357180793985e-07
1 37 -9.2870646372929759e-05 -7.4308273484192132e-09
1 38 -9.4902162666960285e-05 -3.9506201765948667e-07
1 39 -1.0279496495090694e-04 -3.0306474384726611e-07
1 40 -1.2091370549025225e-04 -1.1686507274213081e-06
1 41 -1.4083307777797206e-04 -4.7224030485819254e-07
1 42 -1.5664993305980279e-04 -9.4911494947072476e-08
1 43 -1.7374731569704693e-04 -2.1390686959051860e-06
1 44 -1.8493446857917081e-04 -5.1152806422924062e-07
1 45 -1.9390934433640485e-04 1.2566265984397366e-07
1 46 -2.1120510360657726e-04 1.2891863105428797e-06
1 47 -2.4086253635726123e-04 1.0335226710105298e-06
1 48 -2.7863686283368771e-04 5.6246834805249081e-07
1 49 -3.1660430893972640e-04 5.1013785007413367e-07
1 50 -3.6908036862558170e-04 6.5713131222655029e-07
1 51 -4.2349928190032104e-04 -8.4377158335461354e-07
1 52 -5.0218557377755850e-04 -1.8624306989009876e-06
1 53 -5.7900280011201756e-04 -5.6402378316698392e-08
1 54 -6.3744685352970195e-04 4.1556205009979368e-07
1 55 -7.0229686218021788e-04 2.0363828534348375e-06
1 56 -8.0400095746004162e-04 2.4645161885298912e-06
1 57 -9.7201815207527886e-04 1.9893855653437730e-06
1 58 -1.1639828945672291e-03 3.9829397057317136e-06
1 59 -1.3721897275178032e-03 3.8347749943882518e-06
1 60 -1.5981335296881025e-03 3.3998314945261295e-07
1 61 -1.9380075471967324e-03 -2.8900580085995030e-06
1 62 -2.4282973887280014e-03 6.9545535879627673e-07
1 63 -3.0222605595035040e-03 -7.0970702505910194e-06
1 64 -3.6503083918304697e-03 1.1501793442003247e-05
1 65 -4.4944247736437128e-03 4.7076338219600612e-06
1 66 -5.4520092411140340e-03 -4.0809123331448205e-05
1 67 -6.4357553588080627e-03 -1.6411083149826264e-05
1 68 -8.6680559683592305e-03 -3.1227207328948339e-05
1 69 -1.3325616246403122e-02 -4.1272089480847910e-05
1 70 -2.7141108185516055e-02 -7.4747941749284764e-05
1 71 -7.5936237631619150e-02 -5.6315878609367650e-04
2 0 -9.6788287836396161e-02 9.0402420720191634e-04
2 1 -3.4706688051542228e-02 1.1967869111472375e-04
2 2 -1.7103594973301099e-02 1.9340865220418720e-04
2 3 -1.0732633121008941e-02 -2.2202453259955097e-05
2 4 -7.8620958822168806e-03 -1.4842333848449563e-05
2 5 -6.0017395395349019e-03 -4.4813590991051362e-06
2 6 -4.7274793587702858e-03 1.2869914353762025e-05
2 7 -3.8757256591998891e-03 -1.0364666634769531e-06
2 8 -3.2414647354820341e-03 -1.0672547355447273e-05
2 9 -2.6197021774305822e-03 1.8003525089670516e-05
2 10 -2.0992037887828190e-03 -1.1281860628017242e-05
2 11 -1.7119472266767899e-03 -1.5081885200079790e-05
2 12 -1.3877654752559492e-03 -1.1228345228246901e-05
2 13 -1.0799756608732799e-03 2.6184776281275091e-06
2 14 -9.1157478135936768e-04 -8.6068257432066144e-07
2 15 -8.1498527288294221e-04 1.1563571586510556e-05
2 16 -6.7812880605106201e-04 1.0011612361972788e-05
2 17 -5.7042307953736186e-04 2.8747976284462104e-07
2 18 -4.8412499132431127e-04 5.8562475824781636e-06
2 19 -4.3847728879960798e-04 2.1070347871429177e-06
2 20 -3.7980389632908789e-04 3.8701918473172219e-06
2 21 -2.9977193551232332e-04 -8.6971649463209476e-07
2 22 -2.4754990819544242e-04 -1.0933219566080229e-07
2 23 -2.0814387966142643e-04 4.7007367361372101e-07
2 24 -1.7841580474589600e-04 1.1863049768789545e-07
2 25 -1.5792020847440514e-04 2.1796770704513772e-06
2 26 -1.4218738083098410e-04 -6.6039432569449525e-07
2 27 -1.2613290581827403e-04 -6.0596786367789063e-07
2 28 -1.0358495697960288e-04 -1.8942316408045892e-07
2 29 -9.1203932997377545e-05 -9.4540266044837689e-07
2 30 -8.1470306092920641e-05 1.0629595739143071e-07
2 31 -7.2282913312389391e-05 -7.5312934677400193e-08
2 32 -6.8628304097944872e-05 -3.0689446089638288e-07
2 33 -6.5166464443809223e-05 -2.2522760179392194e-07
2 34 -6.1885023157368948e-05 -3.2294708962576835e-07
2 35 -5.9137349090650572e-05 -8.5414309758151719e-07
2 36 -5.7318278105484323e-05 -3.0778795317031129e-07
2 37 -5.7353334832719668e-05 5.5782460247210785e-08
2 38 -5.8638190889680998e-05 -4.9108206842422725e-07
2 39 -6.3802621206131751e-05 -1.9661179187087549e-07
2 40 -7.4123147692893731e-05 -1.4697796454608501e-06
2 41 -8.7305180839919813e-05 -8.5939193945343025e-07
2 42 -9.6400249821836936e-05 -2.2554033414325716e-07
2 43 -1.0691259004508370e-04 -3.0348280803221761e-06
2 44 -1.1491949664159318e-04 -9.5458048737307395e-07
2 45 -1.2093192552053728e-04 2.1065169629101983e-07
2 46 -1.3248749431163810e-04 1.5335474808030360e-06
2 47 -1.4982468380801391e-04 1.0813121302016712e-06
2 48 -1.7094832699752067e-04 1.0831872623008619e-06
2 49 -1.9598985671602832e-04 7.6122409253548158e-07
2 50 -2.2932275332689269e-04 1.1121441204263408e-06
2 51 -2.6299624407717675e-04 -4.4727253496548049e-07
2 52 -3.1195094270033876e-04 -3.0374475653716272e-06
2 53 -3.5904047506615631e-04 5.8080474394660809e-07
2 54 -3.9213865289116885e-04 7.8647098387541310e-07
2 55 -4.3127615520528951e-04 2.3817434155168782e-06
2 56 -4.9410163497673335e-04 3.3484860967488916e-06
2 57 -6.0069529256394686e-04 2.0073125508562032e-06
2 58 -7.1857186281990091e-04 4.7381692913896922e-06
2 59 -8.5402495886680366e-04 4.6501168892574441e-06
2 60 -9.8796552616251996e-04 5.0433710516632880e-07
2 61 -1.2068341465111465e-03 -7.3166087184418878e-06
2 62 -1.5083231120364838e-03 1.4439871803884558e-06
2 63 -1.8789567597438861e-03 -1.0329564707922522e-05
2 64 -2.2512901188353222e-03 1.9682493817308871e-05
2 65 -2.7512525817771981e-03 1.6885103401984524e-05
2 66 -3.3464135359423017e-03 -4.2693321458465857e-05
2 67 -3.9307301127900441e-03 -2.9593470595675302e-05
2 68 -5.2661106082376851e-03 -3.0025151699776745e-05
2 69 -7.7273573059446288e-03 -9.3425619169160978e-05
2 70 -1.4373889291881232e-02 -1.6096313315746963e-05
2 71 -3.4617223018228060e-02 -1.0133123385655846e-04
3 0 -3.0890105546883907e-02 1.3468393296804540e-03
3 1 -1.4172660618304321e-02 1.0820120961067562e-04
3 2 -8.6244607485869134e-03 2.6432682962364458e-04
3 3 -5.9004406350942670e-03 -9.0714812986253339e-06
3 4 -4.4499880485717050e-03 -2.9650699934816041e-05
3 5 -3.3896073147573862e-03 -1.7829111315220616e-05
3 6 -2.6749128560384192e-03 7.3746228176164517e-06
3 7 -2.2179976204858461e-03 7.8763112415918633e-06
3 8 -1.8647223244934363e-03 -1.3568449323811761e-05
3 9 -1.4956406040999239e-03 1.3237203980482899e-05
3 10 -1.1993102334551366e-03 -6.9089017617797590e-06
3 11 -9.6162341279941010e-04 -9.3851039426003467e-06
3 12 -7.9276996290784441e-04 -1.2021354254100132e-05
3 13 -6.2048785531464048e-04 5.1025058270886063e-06
3 14 -5.1996125448440348e-04 -1.5343578398791922e-06
3 15 -4.6381778877951685e-04 6.6401883965929656e-06
3 16 -3.7937663909939147e-04 9.0492396547940762e-06
3 17 -3.2453635088758607e-04 -1.1806651808119458e-06
3 18 -2.7504618826611953e-04 4.2382153241261940e-06
3 19 -2.5014419359643358e-04 1.3309909755036966e-06
3 20 -2.1548720140661815e-04 3.2104422405819545e-06
3 21 -1.6737749415375231e-04 -3.0448648757811805e-07
3 22 -1.4203964490670500e-04 -8.8169532157883217e-07
3 23 -1.1944070208878890e-04 -3.2570781383484401e-07
3 24 -1.0194638038768260e-04 2.0355576847337117e-07
3 25 -9.0153347064519311e-05 2.1543046760054306e-06
3 26 -8.1884947441679097e-05 -5.6071544268891889e-07
3 27 -7.2483390901693736e-05 -7.0174080567965976e-07
3 28 -5.7926059423369736e-05 -2.5431487313012443e-07
3 29 -5.1929915526419511e-05 -5.9233142631398982e-07
3 30 -4.7241720650391091e-05 3.0354410162234240e-07
3 31 -4.1884249329532492e-05 -1.3809331425440801e-07
3 32 -4.0093105161610625e-05 -4.5101647805739766e-07
3 33 -3.7702454333688183e-05 -2.7251595813989819e-07
3 34 -3.5346488583631266e-05 -2.4187997157243783e-07
3 35 -3.3946428237138638e-05 -7.3480063709591348e-07
3 36 -3.2625233805317263e-05 -1.6106782858432587e-07
3 37 -3.2706541756077860e-05 -3.6188032325696420e-08
3 38 -3.3516797864727949e-05 -3.5731769019839048e-07
3 39 -3.6720955138030307e-05 -1.1691315506891451e-07
3 40 -4.1800284276224230e-05 -1.2443448100818071e-06
3 41 -5.0145484328784843e-05 -1.1679313578473747e-06
3 42 -5.4426226052399723e-05 3.6894213023321607e-08
3 43 -6.0669521820825900e-05 -2.9678161680460735e-06
3 44 -6.5704746514686649e-05 -1.1331212489945484e-06
3 45 -6.9876943037279037e-05 -4.9319054129235288e-08
3 46 -7.7388019643566150e-05 1.2893042032778806e-06
3 47 -8.5904956127654450e-05 7.4800154288364834e-07
3 48 -9.6034703387571044e-05 1.2858275298953927e-06
3 49 -1.1127451464702640e-04 8.1870301553065007e-07
3 50 -1.3138943923975878e-04 1.5535889302833261e-06
3 51 -1.5097913990949071e-04 -1.1292783448392018e-07
3 52 -1.8028993101108846e-04 -4.0866452947609822e-06
3 53 -2.0575816451289422e-04 1.0941117823408039e-06
3 54 -2.2314105815866316e-04 2.4674902678133461e-07
3 55 -2.4364483589130818e-04 1.9495290432723407e-06
3 56 -2.7830487177938349e-04 2.5104032007528983e-06
3 57 -3.4357137493027621e-04 1.6862069764745781e-06
3 58 -4.0966588208934680e-04 4.2593496289073926e-06
3 59 -4.8910570777372243e-04 5.6922433035306538e-06
3 60 -5.6407670516363424e-04 2.0227741083864957e-06
3 61 -6.9734228152316588e-04 -9.4416040767893156e-06
3 62 -8.6709605737623585e-04 3.3831293508891256e-06
3 63 -1.0777530914593762e-03 -9.4328017315708097e-06
3 64 -1.2881077713271809e-03 2.3286306175551790e-05
3 65 -1.5434396457263827e-03 2.1504957377797929e-05
3 66 -1.8948290126120217e-03 -2.7970597178447282e-05
3 67 -2.2229326721625144e-03 -4.1105550366102546e-05
3 68 -2.9436979155187020e-03 -1.2423505500408567e-05
3 69 -4.1307934925289991e-03 -8.5789470866309852e-05
3 70 -7.1515592164878685e-03 -9.1720886037913404e-05
3 71 -1.4930598711821515e-02 1.7532976061381428e-04
4 0 -1.0264666236193759e-02 6.9067294932644420e-04
4 1 -5.5376773839100153e-03 -7.3135892709649906e-05
4 2 -4.1780750553660892e-03 1.8119351363267316e-04
4 3 -3.0790785419529815e-03 2.1593045190662693e-05
4 4 -2.4249661748283009e-03 -3.2159707673357802e-05
4 5 -1.8290039764266317e-03 -5.4922111519505268e-06
4 6 -1.4443830317968881e-03 -4.7277219561792441e-06
4 7 -1.2151864881224230e-03 1.6177598736124842e-05
4 8 -1.0326245064755386e-03 -4.9602971577199970e-06
4 9 -8.1879050951963852e-04 1.2242462863629236e-05
4 10 -6.6063729474243006e-04 -6.1462182753572531e-06
4 11 -5.2346424116845268e-04 -3.2838535832307660e-06
4 12 -4.3798018593083391e-04 -9.2805904846146913e-06
4 13 -3.4434359722852352e-04 5.2764027060446677e-06
4 14 -2.8124172484667189e-04 -8.4061957773181902e-07
4 15 -2.5106024798483096e-04 3.5029358503121712e-06
4 16 -2.0061650255469152e-04 6.7856292806543942e-06
4 17 -1.7650317765964126e-04 -1.8713415023805543e-06
4 18 -1.4966555329478322e-04 1.0892680213712645e-06
4 19 -1.3616314800706287e-04 4.3887985144701318e-07
4 20 -1.1713675325410700e-04 2.4874231052709294e-06
4 21 -8.8799739398692353e-05 5.9203328625752877e-07
4 22 -7.8124712714004512e-05 -1.1860252762690610e-06
4 23 -6.5972171809335379e-05 -1.2173769807024613e-06
4 24 -5.6320319054025417e-05 -3.1246247227359572e-07
4 25 -4.9332405814153401e-05 1.6678642211551102e-06
4 26 -4.5608606812590377e-05 -4.6000982358910294e-07
4 27 -4.0341936398460195e-05 -7.1060754933656281e-07
4 28 -3.0920375131005166e-05 -3.7915844697426644e-07
4 29 -2.8201694134551416e-05 -1.9669132972000532e-07
4 30 -2.6587327881587673e-05 3.3723069848601517e-07
4 31 -2.3451190316656606e-05 -1.3886751976229130e-07
4 32 -2.2588834130449473e-05 -5.7578903219970748e-07
4 33 -2.0905111994537116e-05 -3.2964787883568908e-07
4 34 -1.9393245177001716e-05 -1.4849862694649283e-07
4 35 -1.8773512191506433e-05 -4.5028156354735628e-07
4 36 -1.7767199576250994e-05 5.2019904624988714e-08
4 37 -1.7835061510943845e-05 -9.9426387452257248e-08
4 38 -1.8388430028369804e-05 -2.1384255814751254e-07
4 39 -2.0251829113161773e-05 -2.3475192118778375e-07
4 40 -2.2539691284168701e-05 -9.1684938789525375e-07
4 41 -2.7680653189456861e-05 -1.1465867949917160e-06
4 42 -2.9421549408876089e-05 3.9153645663212320e-07
4 43 -3.2724299336727735e-05 -2.4371359322571044e-06
4 44 -3.5531772852544321e-05 -9.8354555092846357e-07
4 45 -3.8592946849763917e-05 -3.5633054949425918e-07
4 46 -4.3588857052448017e-05 9.4406703128722171e-07
4 47 -4.6931861938420664e-05 5.8632062857747940e-07
4 48 -5.1259052727911960e-05 1.0235235212802204e-06
4 49 -5.9989949960431571e-05 1.0340612604510976e-06
4 50 -7.1709813743021548e-05 1.6915990224069272e-06
4 51 -8.3115251854300361e-05 1.9447524761827269e-07
4 52 -1.0077277661598935e-04 -4.7493398065252216e-06
4 53 -1.1309835792113109e-04 8.2819714419232093e-07
4 54 -1.2162425538895299e-04 -1.5443748538979885e-06
4 55 -1.3148826814908006e-04 1.8904748750880723e-06
4 56 -1.4871949216856446e-04 1.3591522168415996e-06
4 57 -1.8943526606576922e-04 5.6141220122991325e-08
4 58 -2.2482321684170331e-04 3.4060418685854284e-06
4 59 -2.6733105195894121e-04 7.1495379827352803e-06
4 60 -3.0667828172423179e-04 2.2317296402807521e-06
4 61 -3.8650756504088254e-04 -7.8103487930034939e-06
4 62 -4.7863303879244323e-04 8.0736153674207861e-06
4 63 -5.8968745939285392e-04 -7.9203003989325597e-06
4 64 -7.1153951577316492e-04 2.3578959611157260e-05
4 65 -8.2702882181419422e-04 2.0232239686077574e-05
4 66 -1.0286750761635416e-03 -1.0770053131673364e-05
4 67 -1.2106296656312617e-03 -3.4155831622187388e-05
4 68 -1.5638143627941332e-03 -1.1533168320630626e-05
4 69 -2.1055865141903327e-03 -8.2175153361288667e-05
4 70 -3.4459584806061541e-03 -1.4896983505553385e-04
4 71 -6.2283149836955985e-03 2.0119430997495963e-04
5 0 -3.4766186904249810e-03 3.3755131552584043e-04
5 1 -2.2674777488211947e-03 -1.9326814729860820e-04
5 2 -1.9287502301613873e-03 1.0657235699545657e-04
5 3 -1.5461567445319672e-03 3.8745917517556190e-05
5 4 -1.3006001270211020e-03 -3.2845858624797626e-05
5 5 -9.6894556600894200e-04 4.9607706287166574e-06
5 6 -7.6303796301429986e-04 -9.6562632126962307e-06
5 7 -6.4289618437433579e-04 8.4459279375609678e-06
5 8 -5.5631009402407105e-04 4.1503975272516943e-06
5 9 -4.3615897479343355e-04 9.8861315884494415e-06
5 10 -3.5374358795956038e-04 -5.6922188226390755e-06
5 11 -2.8867411836933782e-04 -2.6219700770173183e-06
5 12 -2.3967257083122289e-04 -4.6021192789348036e-06
5 13 -1.8702007090196264e-04 4.3595432358182581e-06
5 14 -1.4528627997474142e-04 -1.1975907271428130e-06
5 15 -1.3308567258736313e-04 3.2649797313985882e-06
5 16 -1.0300235717593218e-04 5.6231683917748818e-06
5 17 -9.3343795660985791e-05 -1.6054617692242533e-06
5 18 -7.8743302976603348e-05 -9.4553832447796046e-07
5 19 -7.1699308782132058e-05 -9.9355461433823805e-07
5 20 -6.2142461759412746e-05 2.1683737233814718e-06
5 21 -4.5242293037232180e-05 1.1993781241644599e-06
5 22 -4.1680889736527653e-05 -1.3801845096783901e-06
5 23 -3.5491082858510217e-05 -1.6882076024378826e-06
5 24 -3.0575825062805231e-05 -5.4766991682876117e-07
5 25 -2.6327879014724423e-05 1.1122470730795901e-06
5 26 -2.5074140588365023e-05 -2.5361749133037882e-07
5 27 -2.2316860208258927e-05 -6.4905979391550985e-07
5 28 -1.6077575392037851e-05 -4.9169812746195925e-07
5 29 -1.4921867645618026e-05 5.8126983302865094e-08
5 30 -1.4734358369637874e-05 2.4619625220726296e-07
5 31 -1.2933920157130983e-05 -1.3078593931159963e-07
5 32 -1.2482337353909802e-05 -6.0957390017667957e-07
5 33 -1.1293321174052192e-05 -3.6816831052693237e-07
5 34 -1.0294910865236771e-05 -7.7695077223181333e-08
5 35 -1.0084615501928158e-05 -2.5861769379150810e-07
5 36 -9.4328428971686279e-06 2.4504196228914502e-07
5 37 -9.4112479284210474e-06 -1.0505278315842257e-07
5 38 -9.7343479645972218e-06 -1.3224372178890753e-07
5 39 -1.0816422926423286e-05 -3.3636304679408520e-07
5 40 -1.1795870279049359e-05 -5.3192609372070914e-07
5 41 -1.4862255529398279e-05 -8.6464830596926345e-07
5 42 -1.5496572641648915e-05 6.4974587011483634e-07
5 43 -1.6909165792151252e-05 -1.6903200212878576e-06
5 44 -1.8695069521012719e-05 -6.0285343393252741e-07
5 45 -2.0711474147250981e-05 -6.6437248628585613e-07
5 46 -2.3859037769511117e-05 6.3062722018401251e-07
5 47 -2.4869315978773737e-05 3.5507154499025659e-07
5 48 -2.6575061039968960e-05 5.2385919245988803e-07
5 49 -3.1134413166503957e-05 1.1103776054209190e-06
5 50 -3.7541168251043494e-05 1.2582488599236773e-06
5 51 -4.4169232334710834e-05 5.4622616495041289e-07
5 52 -5.5273843876344492e-05 -4.6316199868923841e-06
5 53 -6.0603695086412706e-05 4.1910032890005352e-07
5 54 -6.4038507554102357e-05 -2.6907461637526118e-06
5 55 -6.8453905294277073e-05 1.2113043569077725e-06
5 56 -7.6291547543020139e-05 5.3527325306368337e-07
5 57 -1.0201227242257206e-04 -1.9952756556735946e-06
5 58 -1.2218100518386979e-04 3.1152048418049247e-06
5 59 -1.4238911139465225e-04 5.9373774093815441e-06
5 60 -1.6071140823235050e-04 2.4991982721383290e-07
5 61 -2.0777957900308769e-04 -6.3987911341420007e-06
5 62 -2.5420019109806982e-04 1.0536291191234811e-05
5 63 -3.1503935040190430e-04 -5.2590820419232002e-07
5 64 -3.8798563813766362e-04 2.0845268317398506e-05
5 65 -4.2646772656953840e-04 1.7990088453388395e-05
5 66 -5.4188633618186348e-04 5.7840528557286432e-06
5 67 -6.4467768904180416e-04 -2.1115027529602947e-05
5 68 -7.9656176160783083e-04 -1.5253354973027556e-05
5 69 -1.0486147543919844e-03 -7.3163841896628249e-05
5 70 -1.6184907011225402e-03 -1.3783752044049119e-04
5 71 -2.6463707569245524e-03 1.0607858309039342e-04
6 0 -1.3826456588467975e-03 2.7260373195042031e-04
6 1 -1.0450789073745690e-03 -1.9908536219662550e-04
6 2 -8.5992540076170669e-04 7.8050190445179280e-05
6 3 -7.5432328858125687e-04 4.7740823461829005e-05
6 4 -6.8424738471089413e-04 -1.8225288769853748e-05
6 5 -5.0342299046062585e-04 1.1562214463212911e-05
6 6 -3.9641441235764379e-04 -2.0745256345666203e-05
6 7 -3.3602999673224834e-04 -5.6683378702046617e-06
6 8 -2.9036479783329410e-04 8.3094354771685022e-06
6 9 -2.2493772024957562e-04 3.8436836089040637e-06
6 10 -1.8018054241149202e-04 -6.8083886852695761e-06
6 11 -1.6791576790536715e-04 -2.9223324151172771e-06
6 12 -1.2968555698484921e-04 -1.0774392619449424e-06
6 13 -1.0130643898345546e-04 2.5659505775420603e-06
6 14 -7.3465735712569834e-05 -1.1015087204882139e-06
6 15 -7.0531310732326106e-05 3.4909219325746075e-06
6 16 -5.0744041301761674e-05 5.3075149263365640e-06
6 17 -4.8349060781437318e-05 -7.0605444825159741e-07
6 18 -4.0008424702800543e-05 -1.3792258368422319e-06
6 19 -3.6522660976148171e-05 -2.2338925366233306e-06
6 20 -3.2641353730425378e-05 1.7972193585179313e-06
6 21 -2.2825766231230611e-05 1.7009048876626164e-06
6 22 -2.1767335228769406e-05 -1.3367824542391963e-06
6 23 -1.8667834079101670e-05 -2.2774516233511046e-06
6 24 -1.6487949569957539e-05 -7.1860647764902320e-07
6 25 -1.3725649068440571e-05 4.5243091622067593e-07
6 26 -1.3987027542217095e-05 -3.0253523424808508e-07
6 27 -1.2309766526916456e-05 -2.4015042307964830e-07
6 28 -8.2087697238426576e-06 -4.6864738181570499e-07
6 29 -7.6680843355460999e-06 2.1447788216991920e-07
6 30 -8.1590405863859224e-06 8.4375031333805711e-08
6 31 -7.1673769068408446e-06 -6.6848288092450738e-08
6 32 -6.8243912785202410e-06 -5.6223386696058568e-07
6 33 -5.8865986303359460e-06 -4.1439332969159610e-07
6 34 -5.2677698783192679e-06 5.2772529713394783e-08
6 35 -5.2779582134044591e-06 -1.1662782449791442e-07
6 36 -4.8838447372368310e-06 2.6591979952635326e-07
6 37 -4.7346124339059306e-06 -9.5630088108709180e-08
6 38 -4.9492488172465251e-06 -2.1061871974908719e-07
6 39 -5.5917340172162571e-06 -3.0287056169872080e-07
6 40 -6.1123082061297055e-06 -3.5257138592142720e-07
6 41 -7.8193543839658906e-06 -6.3797920989541943e-07
6 42 -7.8807916540130896e-06 6.9699024951602322e-07
6 43 -8.5901793193262970e-06 -1.0549050690901094e-06
6 44 -9.5239854309450504e-06 -2.6251742736752451e-07
6 45 -1.0822540325010570e-05 -8.9584595520689702e-07
6 46 -1.2896536788126211e-05 2.7555719746810245e-07
6 47 -1.3136177468356650e-05 2.5281534639735334e-07
6 48 -1.3011931316492363e-05 -2.3571539646952349e-07
6 49 -1.5942409873905867e-05 6.6127785511488112e-07
6 50 -1.9169057527181046e-05 4.4660391524855658e-07
6 51 -2.2576967859047046e-05 3.8761958599105417e-07
6 52 -2.9855580367186273e-05 -3.7955971524613788e-06
6 53 -3.1263679416085982e-05 8.2109300027270187e-08
6 54 -3.2422208650515901e-05 -2.8222294222412583e-06
6 55 -3.4665806302540185e-05 1.0665201716748103e-06
6 56 -3.7696931717262803e-05 -1.9779211068284348e-07
6 57 -5.3536500728102215e-05 -3.4379172955930775e-06
6 58 -6.6392439961391412e-05 2.7410685279262405e-06
6 59 -7.3562272412893700e-05 2.9759352018099510e-06
6 60 -8.3205954404813671e-05 -3.3790532126621109e-06
6 61 -1.0861813716225056e-04 -4.7605400974278758e-06
6 62 -1.3375845215603206e-04 8.5401330189790065e-06
6 63 -1.6710502605793781e-04 4.4899660043135878e-06
6 64 -2.1179711939888358e-04 1.8034411370875373e-05
6 65 -2.1633360927797023e-04 1.8067194086164385e-05
6 66 -2.8121202946381738e-04 1.3835507732834226e-05
6 67 -3.3487227050654279e-04 -1.0874891858088955e-05
6 68 -3.8950360624204590e-04 -6.2097742405211641e-06
6 69 -5.2531314529753845e-04 -4.1418909528862262e-05
6 70 -7.5052977829648542e-04 -1.0961805283455568e-04
6 71 -1.2297520410759787e-03 -1.2380502396296673e-05
7 0 -3.1597845070994800e-04 7.2255579455529666e-05
7 1 -4.9926126025807353e-04 -1.5944931146204554e-04
7 2 -3.8686435367629984e-04 2.8562168913213408e-05
7 3 -3.6420685688012003e-04 4.9984448545925657e-05
7 4 -3.4542965873367803e-04 -7.9294450658264036e-06
7 5 -2.5471632491088877e-04 5.6636811229486587e-06
7 6 -2.0931588222046439e-04 -2.7547578373535668e-05
7 7 -1.8388777867054117e-04 -1.2828873827978631e-05
7 8 -1.4479819656331892e-04 6.7521176071108437e-06
7 9 -1.1448311138793866e-04 -3.8268370086398935e-06
7 10 -8.7801323782329570e-05 -9.9157886027537949e-06
7 11 -1.0618619598560436e-04 -5.7713685201841675e-06
7 12 -6.9586670586721739e-05 1.9019795793988152e-06
7 13 -5.7253457539553962e-05 1.2146317550332715e-06
7 14 -3.8637681449856819e-05 -2.7755572006606417e-07
7 15 -3.7084605843831231e-05 1.8220899921245685e-06
7 16 -2.3991037537354038e-05 5.5597094308959728e-06
7 17 -2.4775894206456015e-05 -3.8892158476976944e-08
7 18 -1.8973672270057723e-05 1.5306425594563105e-07
7 19 -1.8119710360487748e-05 -2.9161390367497597e-06
7 20 -1.7120052741140386e-05 1.3974495658270975e-06
7 21 -1.2046569758281143e-05 1.7567564465173898e-06
7 22 -1.1370740343214766e-05 -1.0939336650785446e-06
7 23 -9.5685052463288704e-06 -2.2767159372071286e-06
7 24 -8.9982450087519707e-06 -6.8533411926015306e-07
7 25 -6.9727655261522686e-06 4.8580493485354449e-08
7 26 -8.1246465475429147e-06 -1.9243031770530448e-07
7 27 -6.7062464529276669e-06 1.2537777904019647e-07
7 28 -4.1928513846843678e-06 -6.6081162661520926e-07
7 29 -3.8409244889041092e-06 2.1387223353594019e-07
7 30 -4.5970141530563423e-06 -5.8225389426768480e-08
7 31 -4.0844036428981739e-06 -1.2548147709106760e-07
7 32 -3.7347544826250375e-06 -5.1546390107594116e-07
7 33 -2.9546331494387482e-06 -2.6550962181543798e-07
7 34 -2.5251658147470338e-06 2.7829175038472282e-07
7 35 -2.6949646927228273e-06 2.9101395598362626e-08
7 36 -2.4106750107559297e-06 2.0374307433565777e-07
7 37 -2.2074070737757483e-06 -1.8236263449907044e-07
7 38 -2.4413910358201530e-06 -3.0125555508938491e-07
7 39 -2.8912421016557175e-06 -2.3542441848598011e-07
7 40 -3.1226203547113242e-06 -2.0806718146018183e-07
7 41 -4.1600079180231461e-06 -4.4623833100424362e-07
7 42 -3.6571837792610467e-06 6.2322061100702014e-07
7 43 -4.4268424433914889e-06 -6.9979261284212518e-07
7 44 -4.5273975389975331e-06 9.0115442276190258e-08
7 45 -5.2423418136217863e-06 -9.3771486357080508e-07
7 46 -6.8383363139249567e-06 -1.2748182207762281e-07
7 47 -6.9713001622106935e-06 3.4299807268689844e-07
7 48 -5.6228831396138167e-06 -8.8667128400588755e-07
7 49 -8.4376351461088002e-06 5.9172652025633875e-08
7 50 -1.0032545529573473e-05 -4.3735590609522817e-07
7 51 -1.1344023703428992e-05 8.5062360378403045e-09
7 52 -1.5730931982715710e-05 -3.1573184748351801e-06
7 53 -1.5712270388821794e-05 -4.2970058035170473e-07
7 54 -1.5588465234560051e-05 -1.6622971963654032e-06
7 55 -1.7255198028575431e-05 1.1429628104615102e-06
7 56 -1.8361789644102221e-05 -7.0555923126095199e-07
7 57 -2.6916644649219230e-05 -3.0643263553874723e-06
7 58 -3.6758758586281162e-05 2.6736769595129036e-07
7 59 -3.6441485584149176e-05 4.0672148635705379e-07
7 60 -4.4808324163022151e-05 -5.6129085246677788e-06
7 61 -5.5253173590178379e-05 -2.3758417176065656e-06
7 62 -7.0278485233417161e-05 6.1039788389119547e-06
7 63 -8.8657899617717426e-05 4.7724470934453308e-06
7 64 -1.1475579084351057e-04 1.3507110036771981e-05
7 65 -1.1305922196232614e-04 1.4925453369639262e-05
7 66 -1.4094721362169912e-04 1.3392488053702397e-05
7 67 -1.6868773587673167e-04 -9.4510844017789430e-06
7 68 -1.8816892351690277e-04 5.7634311101052033e-06
7 69 -2.7055824572001536e-04 -1.3804855680444846e-05
7 70 -3.5171172579168250e-04 -8.8225669226569075e-05
7 71 -5.4464290615843824e-04 -6.4534641920542060e-05
8 0 -1.7299054732827413e-04 6.1928684394178680e-05
8 1 -2.3911853715574160e-04 -1.2292028644547768e-04
8 2 -2.0411686947002786e-04 2.3025057469511082e-06
8 3 -1.7847108157466638e-04 4.6499218263166224e-05
8 4 -1.7151041130673199e-04 -5.9853560746201543e-06
8 5 -1.2891085028045752e-04 -6.4173044838427002e-06
8 6 -1.1527815240439164e-04 -2.4704360666597054e-05
8 7 -1.0860417414011341e-04 -1.9056534799741755e-05
8 8 -6.8183870509189927e-05 2.3642283090893389e-06
8 9 -5.9499016191683798e-05 -9.8624879694820328e-06
8 10 -4.0855381510241402e-05 -1.0639349155707386e-05
8 11 -7.1597294426901221e-05 -5.2850152867176664e-06
8 12 -3.7276623168856910e-05 3.4598567486766437e-06
8 13 -3.5200172631136642e-05 1.2663203853946502e-06
8 14 -2.1794478185918835e-05 8.9412349654620906e-08
8 15 -1.8920919078208482e-05 -1.1947334472455511e-08
8 16 -1.0745700631390867e-05 5.7132522778690164e-06
8 17 -1.2630285369388277e-05 -2.1253300411834279e-07
8 18 -8.3101606119172257e-06 1.5138103746684034e-06
8 19 -8.5462746334991722e-06 -2.8976565873985125e-06
8 20 -9.4499060572747286e-06 7.6111496648350004e-07
8 21 -6.6602783347557736e-06 1.4190786903872214e-06
8 22 -6.0572841814467444e-06 -1.1884941271360296e-06
8 23 -4.7355143441003643e-06 -1.7560904643681063e-06
8 24 -4.8294374445469696e-06 -7.0649531419326251e-07
8 25 -3.4221060515753707e-06 -3.0594114464309141e-07
8 26 -4.9446860383559392e-06 8.5874287944053161e-08
8 27 -3.5832129296224795e-06 2.7546203194283085e-07
8 28 -2.2575969438427269e-06 -9.9179173653069945e-07
8 29 -2.0262196376742121e-06 6.3349720944296137e-08
8 30 -2.5658584344133530e-06 -1.0967040218945089e-07
8 31 -2.5393734314604391e-06 -3.4267036236150712e-07
8 32 -2.0353858643338203e-06 -4.2832747527051535e-07
8 33 -1.4451992882842976e-06 -1.9051032084179971e-07
8 34 -1.0605478291096469e-06 4.6372348363755726e-07
8 35 -1.3477997189808928e-06 6.6645348604371908e-08
8 36 -1.0554795865848436e-06 6.9014013616932946e-08
8 37 -1.0341976864778836e-06 -2.5161632396644842e-07
8 38 -1.1773641482084075e-06 -2.5174660179829083e-07
8 39 -1.5867375987706280e-06 -1.5662974965299978e-07
8 40 -1.6281951140628378e-06 3.2321120053444967e-08
8 41 -2.4237735367670486e-06 -3.4938394730014612e-07
8 42 -1.4850998468454152e-06 4.4028186006056730e-07
8 43 -2.4125547719074962e-06 -5.9991699943986898e-07
8 44 -1.9090166379082598e-06 3.3286359958987841e-07
8 45 -2.3151351706833014e-06 -8.0497351679814674e-07
8 46 -3.4451551521283607e-06 -4.3485808162476191e-07
8 47 -3.7339432955803082e-06 6.6630356665186935e-07
8 48 -2.0835816537126441e-06 -1.2434358305771295e-06
8 49 -4.7394869363049591e-06 -3.0672888101862844e-07
8 50 -5.3003172901883519e-06 -7.6905537138141107e-07
8 51 -5.9836805220518167e-06 -3.0354776919767022e-07
8 52 -7.8806745603789353e-06 -2.6382291445789981e-06
8 53 -7.6954760134341802e-06 -8.1579890818333737e-07
8 54 -6.7197038588959402e-06 -9.5027613269912083e-07
8 55 -8.8136259133688897e-06 1.4512410019386603e-06
8 56 -8.6934819061770723e-06 -1.3120335062547599e-06
8 57 -1.3170403311440947e-05 -3.3219471064100303e-06
8 58 -2.0808394351351932e-05 -2.1270217906121767e-06
8 59 -1.7293885921341097e-05 -1.2924558901254483e-06
8 60 -2.4796910706079150e-05 -6.4025722150101102e-06
8 61 -2.8446815886288633e-05 -1.7609215129395991e-06
8 62 -3.6647432909347730e-05 3.9859523618657413e-06
8 63 -4.6258356504974613e-05 7.4356384317992387e-07
8 64 -5.7301363209901248e-05 7.3903735188576127e-06
8 65 -5.9065987482299155e-05 7.9383313634825676e-06
8 66 -6.1379413592073414e-05 6.9435839424580994e-06
8 67 -8.0818449613384986e-05 -1.9387044690227622e-05
8 68 -9.5478340805327220e-05 8.5842667474658070e-06
8 69 -1.4074101912842535e-04 -1.7889488564764837e-06
8 70 -2.0435933634784870e-04 -7.2814246549567449e-05
8 71 -2.5727346855419292e-04 -6.7992663115119397e-05
9 0 -5.9340320981688194e-05 1.6335892208745246e-04
9 1 -1.2339833993672204e-04 -1.0980861492534766e-04
9 2 -1.4668604966302490e-04 -1.0069808564556604e-05
9 3 -9.2795637180299932e-05 2.7660761002247976e-05
9 4 -9.1755067675209639e-05 -1.3634655045125923e-05
9 5 -7.3381544153119368e-05 -1.1184661626833798e-05
9 6 -6.2394451170581932e-05 -1.6444162247028550e-05
9 7 -7.0835390265026820e-05 -2.3284353045215762e-05
9 8 -2.9550197222646350e-05 -6.0647939929945270e-06
9 9 -3.3818937904717324e-05 -1.5628956426953505e-05
9 10 -1.7406141625014287e-05 -1.0630429476454071e-05
9 11 -4.7633131578113188e-05 -1.9502102638286956e-06
9 12 -2.1483066346485615e-05 2.7304592337261954e-06
9 13 -2.3711359000232744e-05 3.7025523481989679e-06
9 14 -1.2600985885948554e-05 -8.0932257093938320e-07
9 15 -9.1876740746867005e-06 -9.8893195146740478e-07
9 16 -4.2389823792673889e-06 4.7847419504747103e-06
9 17 -5.5549454758550364e-06 -7.9800991061455181e-07
9 18 -3.0634349922156606e-06 2.4475246918201297e-06
9 19 -3.3729620266996592e-06 -1.8851840379583256e-06
9 20 -5.8653826971464452e-06 4.9260342138971549e-07
9 21 -3.5390652986243364e-06 1.3402589705676566e-06
9 22 -3.6054969999197857e-06 -1.3473762595782439e-06
9 23 -2.1522508052067632e-06 -1.1986874820564937e-06
9 24 -2.6246399355637059e-06 -7.2376337882951460e-07
9 25 -1.4080183743737186e-06 -6.1223949393511193e-07
9 26 -3.1799475555163039e-06 2.6642157262178355e-07
9 27 -2.0758945650787571e-06 5.4059051293124512e-07
9 28 -1.1509648538543578e-06 -1.1681500950185001e-06
9 29 -1.2019226559798655e-06 -1.7131680031412774e-07
9 30 -1.3018946629950364e-06 -1.4479282628169896e-07
9 31 -1.8419320272095235e-06 -4.0981496173943778e-07
9 32 -1.0002075782642594e-06 -2.4269543045352930e-07
9 33 -7.2364107679042232e-07 -2.2101757954170310e-07
9 34 -2.8836760148440169e-07 5.3290884236684744e-07
9 35 -5.9744845791469998e-07 2.1723831885243651e-08
9 36 -4.3285851081755892e-07 -2.1497053004187682e-08
9 37 -5.5253120999558191e-07 -2.4728445460451602e-07
9 38 -6.6877545145805355e-07 -1.4154615461043231e-07
9 39 -9.7166375478264295e-07 4.5233025134989805e-08
9 40 -8.3972885462239445e-07 1.3144596135201989e-07
9 41 -1.6453884512873753e-06 -2.4834394239523597e-07
9 42 -5.5500092827044667e-07 2.1469536193795607e-07
9 43 -1.2094012174468246e-06 -5.1823979585045667e-07
9 44 -7.2530894800973540e-07 4.1125148692055294e-07
9 45 -8.3502088739720277e-07 -7.5685720022014902e-07
9 46 -1.7334639437723551e-06 -3.9030129608299995e-07
9 47 -2.2434211552434163e-06 6.1649936427065335e-07
9 48 -4.3715990044261197e-07 -1.2082155182987109e-06
9 49 -2.9796935533790454e-06 -4.9240870943053528e-07
9 50 -3.1360399200857211e-06 -3.7528951723306812e-07
9 51 -3.0671705237793164e-06 -4.1266036104617342e-09
9 52 -3.5213137776471065e-06 -2.0249981055333659e-06
9 53 -3.0543995272261832e-06 -1.3709093246150260e-06
9 54 -2.1141305466817835e-06 -9.2047945333538589e-07
9 55 -4.5775545747065125e-06 1.6453995441904856e-06
9 56 -4.3774295365152385e-06 -1.7916859347446543e-06
9 57 -5.6639337938899633e-06 -3.2482544637702299e-06
9 58 -1.2384097154342768e-05 -3.1983561096507442e-06
9 59 -7.4461274974995062e-06 -8.9315436394174661e-07
9 60 -1.3521402203439685e-05 -4.7613845794834194e-06
9 61 -1.3913034326395254e-05 -2.3661607320322268e-06
9 62 -1.8503836282528865e-05 2.8212572661317960e-06
9 63 -2.3808131962570469e-05 -1.5272857826064325e-06
9 64 -2.2412317753292904e-05 6.0691767662917157e-06
9 65 -3.0242161052648871e-05 1.8564221108340137e-06
9 66 -1.5798347018198641e-05 -4.4100352778744707e-07
9 67 -3.6009929368938036e-05 -2.7756033758155051e-05
9 68 -5.5424592085356258e-05 7.0599629695773673e-06
9 69 -7.1722501578993470e-05 8.6989207426479767e-06
9 70 -1.2151591549725907e-04 -5.5096950393150554e-05
9 71 -1.6253167767636643e-04 -5.3532355947291832e-05
10 0 7.5407740628119734e-06 7.4445535451878972e-05
10 1 -1.1019760331776078e-04 -8.7362729212182318e-05
10 2 -1.1194910902624117e-04 -2.3115236168055125e-05
10 3 -5.4235423613959603e-05 2.5563242556537658e-06
10 4 -5.8553675571486773e-05 -1.9494798519233432e-05
10 5 -5.0307605743308585e-05 -1.5157672197108755e-05
10 6 -3.7477981755806141e-05 -7.2224701019418546e-06
10 7 -4.9069669871787936e-05 -2.2086335760990159e-05
10 8 -1.1287397174622511e-05 -1.6350534827908388e-05
10 9 -2.2032558875883694e-05 -2.0319298187513462e-05
10 10 -4.7098443677705348e-06 -9.8198259623357244e-06
10 11 -3.2246889080397001e-05 -2.1376432491347166e-07
10 12 -1.2526563206068664e-05 -1.0206449208815704e-06
10 13 -1.5908544100543813e-05 4.7915463385936210e-06
10 14 -7.3634084278592453e-06 -2.9382728889619692e-06
10 15 -3.1563943647649473e-06 -1.3000421661497782e-06
10 16 -1.0412202768161344e-06 3.9654695891045062e-06
10 17 -1.9768625703943688e-06 -4.8528888049053609e-07
10 18 7.3837514245396850e-07 3.0796528238283669e-06
10 19 -6.6571854147061729e-07 -7.3985531822448704e-07
10 20 -4.3035583916534183e-06 8.6881749297769570e-07
10 21 -2.1922431945456088e-06 7.7824313736881150e-07
10 22 -2.4486616707403344e-06 -1.4099207415141642e-06
10 23 -4.5400548160191177e-07 -6.1758409957222491e-07
10 24 -1.4197007136309723e-06 -8.8844264286088801e-07
10 25 -5.8182978815720364e-07 -8.0475035489813266e-07
10 26 -2.1412753254430456e-06 2.9403930208692672e-07
10 27 -1.3846020386255233e-06 7.9871928406329352e-07
10 28 -4.8926639291029908e-07 -1.1214005677746783e-06
10 29 -6.9095807319933108e-07 -3.7732478666255848e-07
10 30 -5.3159839982884729e-07 -6.2151290557797551e-08
10 31 -1.4016234594324092e-06 -3.1386816795650138e-07
10 32 -4.4313735600986928e-07 3.0486233191799663e-08
10 33 -4.2450292445998991e-07 -2.5071837373456909e-07
10 34 1.0263936341389171e-07 5.1601049532022459e-07
10 35 -2.1366431148039324e-07 2.6609090822822137e-08
10 36 -1.1912126994847083e-07 -8.0879166549515774e-08
10 37 -3.0713286062314152e-07 -1.5743503944052226e-07
10 38 -5.1709050062575824e-07 -8.1787061588511900e-08
10 39 -4.9827575977758218e-07 2.3873893048093198e-07
10 40 -4.8073900777341663e-07 1.0952238487819273e-07
10 41 -1.2121774795878146e-06 -3.1678171108985222e-07
10 42 -3.0551262437847754e-07 -2.7338360223049145e-08
10 43 -5.6667999294028626e-07 -2.8479247592283078e-07
10 44 -2.1269246875667996e-07 3.8759065718845657e-07
10 45 -4.6386502787639259e-08 -7.5439499139170231e-07
10 46 -9.3299327390207585e-07 -1.5461876075679730e-07
10 47 -1.5425919344193525e-06 3.0179340179449992e-07
10 48 6.7716111010978223e-08 -9.9224261356107261e-07
10 49 -2.0724260987468191e-06 -4.5476601614794080e-07
10 50 -2.0324678036221307e-06 7.4171270351417277e-08
10 51 -1.9040416560728912e-06 5.3944578117442116e-07
10 52 -1.4319825914682672e-06 -1.6923906321045137e-06
10 53 -5.7615585605854749e-07 -1.6679938205990200e-06
10 54 4.3466871457801222e-07 -1.0917172546181962e-06
10 55 -2.7712044201759641e-06 1.3515492271930662e-06
10 56 -2.3582343606049182e-06 -6.3534968357931293e-07
10 57 -1.0887245032290084e-06 -2.4889702437005004e-06
10 58 -8.1492809923450479e-06 -2.6825757021172405e-06
10 59 -2.6356591212894780e-06 4.8124471256523899e-07
10 60 -6.5872543338756439e-06 -2.4517977607335516e-06
10 61 -6.6972241297377545e-06 -9.0876659301866080e-07
10 62 -7.5833698693353200e-06 2.4572182155341882e-06
10 63 -1.3320245422405522e-05 -9.7819547175592544e-07
10 64 -5.2139723841742518e-06 4.1691881128044110e-06
10 65 -1.3139045061610538e-05 -2.5523707751330632e-06
10 66 2.5229124616805120e-06 -5.6732645911692680e-06
10 67 -1.2885769342541562e-05 -2.8719335752677980e-05
10 68 -3.1058257982000196e-05 7.4584855785157438e-06
10 69 -3.7637403010263073e-05 1.5972444489761504e-05
10 70 -8.1923175831994047e-05 -3.9685397349893593e-05
10 71 -1.1647956837489288e-04 -7.5723313258982407e-06
