0 0 -1.1783159725646022e+00 -2.9793990648276836e-19
0 1 -1.5989962673832450e-01 -3.9173244089119163e-20
0 2 -6.9950189441603139e-02 -9.9697209207953116e-21
0 3 -4.5939199472195769e-02 -3.1196008877351227e-21
0 4 -3.5142732192592160e-02 -1.4627446324593769e-21
0 5 -2.9256427009420032e-02 1.2320526459346311e-21
0 6 -2.5434500800404030e-02 -2.1406551500658246e-23
0 7 -2.0976507430008697e-02 -9.0063006033584699e-22
0 8 -1.7155930600509069e-02 -5.0410706175211066e-22
0 9 -1.4843960543661336e-02 -2.1388343627865972e-22
0 10 -1.2980625951208521e-02 4.0735813644808838e-22
0 11 -1.1667092190009391e-02 9.0089533561307833e-22
0 12 -1.0638014140824775e-02 -1.8444511401151577e-22
0 13 -9.4048801748690333e-03 -6.0106869934811738e-24
0 14 -8.3675535547947308e-03 -1.8713933131912520e-22
0 15 -7.4406488033154639e-03 4.7597836216861561e-22
0 16 -6.4683327039195470e-03 2.4681139532739881e-22
0 17 -5.6098413076150324e-03 -1.7077492338122555e-22
0 18 -4.9134971452065154e-03 -1.5370223567111719e-22
0 19 -4.0970865437294944e-03 -9.1438616253485017e-23
0 20 -3.4926972023425211e-03 1.9378555845895857e-22
0 21 -2.9405381105822208e-03 7.2113429016138795e-23
0 22 -2.4061589168001577e-03 -7.1051085880965604e-23
0 23 -2.0011793558443319e-03 5.5181595451673233e-23
0 24 -1.7073973974419743e-03 6.5891632158673910e-23
0 25 -1.4438294468919607e-03 -1.6971804151961785e-23
0 26 -1.1694402468268316e-03 1.6412808989291903e-24
0 27 -9.5660003477306404e-04 1.5838854593803780e-25
0 28 -7.9186716524594347e-04 -2.9096057215563253e-23
0 29 -6.8904641271377040e-04 -8.9397644445903188e-24
0 30 -6.1145138443018663e-04 -4.4191912595639193e-23
0 31 -5.5733783267717361e-04 2.1926321795259264e-23
0 32 -5.2879928356647362e-04 1.5030988742076145e-23
0 33 -5.0656700584234221e-04 -2.6149042239528939e-23
0 34 -4.9581316126291936e-04 3.8642496440193550e-23
0 35 -4.8591024960787900e-04 4.6955555284896576e-23
0 36 -4.7911146497013195e-04 4.1464276151248095e-24
0 37 -4.7214587591288128e-04 -1.5236959912666052e-23
0 38 -4.6541869939019430e-04 1.8240333877346492e-23
0 39 -4.8447359726316473e-04 -1.0655367700479766e-23
0 40 -5.0964278812530594e-04 1.0534152808600818e-23
0 41 -5.6766872382727341e-04 5.4513310970807734e-24
0 42 -6.2344963199962894e-04 -2.4858987644143976e-23
0 43 -7.0581691022863450e-04 1.2786737349947206e-23
0 44 -7.8539804194312441e-04 2.6499104854876474e-23
0 45 -8.4580408036912284e-04 3.6999512560887189e-23
0 46 -9.3762159009572990e-04 -1.9043283496827408e-23
0 47 -1.0752311138737703e-03 4.0171988400772407e-23
0 48 -1.1978064358760413e-03 -1.7073019320308428e-24
0 49 -1.3446028947440758e-03 -3.9822648096144916e-23
0 50 -1.5788793171253054e-03 3.5969223602246243e-23
0 51 -1.9378498816418060e-03 2.8544813547716570e-24
0 52 -2.3695020420373106e-03 -6.0513824071221874e-23
0 53 -2.9184175442989735e-03 -7.2923375488750982e-23
0 54 -3.6903170576643922e-03 -1.1262354765330626e-22
0 55 -4.5313892494720630e-03 2.7599222412202825e-23
0 56 -5.3900090963165748e-03 -7.3448158930548359e-23
0 57 -6.7490241592788871e-03 2.6937405264330281e-22
0 58 -7.9431029525110740e-03 -7.1593991148640009e-23
0 59 -9.3120120112550799e-03 -4.0966854200684777e-22
0 60 -1.1250578672836900e-02 8.6964796664007778e-23
0 61 -1.3285086859952574e-02 5.8405459188544261e-22
0 62 -1.5281374854288095e-02 9.3188704551773375e-23
0 63 -1.7960944774314584e-02 -1.3360307863138443e-21
0 64 -2.1156829504468615e-02 8.0666815056888716e-22
0 65 -2.4275718238364569e-02 1.2228383570457239e-21
0 66 -2.8053561511761294e-02 -5.3743442703886566e-22
0 67 -3.2935845257612631e-02 2.4056063529623346e-21
0 68 -3.9077945422695118e-02 -2.8582413305383882e-21
0 69 -4.7287846599253586e-02 -3.3984657787826665e-21
0 70 -6.6540815470099879e-02 -4.2838073553826833e-21
0 71 -1.5615655232099349e-01 5.9718598929926332e-20
1 0 -3.5426669236863673e-01 8.3416000222484956e-04
1 1 -9.7993760545038847e-02 -5.9705985081156317e-04
1 2 -5.0791347504021547e-02 -7.0850919751712089e-05
1 3 -3.4523172986487570e-02 1.2562599067807278e-04
1 4 -2.6649863219273661e-02 -4.3482791661807106e-06
1 5 -2.2276472607966013e-02 -4.0573457106911905e-05
1 6 -1.9376107740332410e-02 -1.7625367453826781e-05
1 7 -1.5977492066475970e-02 -1.1082553534730501e-05
1 8 -1.3099962378767380e-02 4.9061255477358619e-05
1 9 -1.1374277426524445e-02 -2.5570919281181397e-05
1 10 -9.9502240065372071e-03 -5.8563499121584986e-05
1 11 -8.9061269784718716e-03 -2.4245568244383343e-05
1 12 -8.1344754821015795e-03 -5.0584850600271529e-05
1 13 -7.2285992258683809e-03 -4.4186200950973513e-05
1 14 -6.4414987403913640e-03 -3.2066714011934776e-05
1 15 -5.7107818518630808e-03 1.4880144609433831e-05
1 16 -4.9440932591978022e-03 6.8663551882211363e-06
1 17 -4.2787150511571599e-03 -3.0052095854677693e-06
1 18 -3.7441149566782108e-03 1.6458040194889437e-05
1 19 -3.1172250933173217e-03 2.5251199382622824e-05
1 20 -2.6579410716929658e-03 1.6216394768367791e-05
1 21 -2.2383358642366225e-03 1.2539475142118297e-05
1 22 -1.8358606466010710e-03 4.5116609463690200e-06
1 23 -1.5269340932611128e-03 3.8603307918736303e-06
1 24 -1.3054020168709653e-03 1.3240368752097444e-06
1 25 -1.1019928158986342e-03 2.8858563064886269e-06
1 26 -8.9406692527809308e-04 2.0900170696740662e-06
1 27 -7.3114772479190230e-04 -8.4204703814708473e-07
1 28 -6.0468150019953482e-04 1.2387413915675106e-06
1 29 -5.2532478157269131e-04 3.1132644189190589e-06
1 30 -4.6680690093553175e-04 5.0198739779191925e-06
1 31 -4.2610020372791800e-04 1.1652966648096376e-06
1 32 -4.0434961076416990e-04 -3.1822805691494000e-07
1 33 -3.8798603740014781e-04 -2.2080256296147634e-06
1 34 -3.7922078034655234e-04 -2.0145010354985365e-06
1 35 -3.7059969498136260e-04 -2.6917447132003427e-06
1 36 -3.6466513788825557e-04 -3.1740229158245704e-07
1 37 -3.5966910794626923e-04 -1.5627860585103470e-06
1 38 -3.5447777466547528e-04 -6.6534650505383152e-07
1 39 -3.6948442007821879e-04 9.6671328961375396e-07
1 40 -3.8997462683126947e-04 -9.4715216618924148e-07
1 41 -4.3697565800496799e-04 -2.1337714846712966e-06
1 42 -4.7672892035982215e-04 1.3971305773609832e-06
1 43 -5.3822947311697332e-04 -2.3280812999877286e-07
1 44 -6.0215849708487575e-04 -2.5511701980432880e-06
1 45 -6.4845528825408687e-04 -4.3274805167812351e-06
1 46 -7.1908262303957036e-04 -4.0826575547888493e-06
1 47 -8.2358539483374854e-04 -1.6016426879806465e-06
1 48 -9.1789788454412565e-04 -2.8513823953674485e-06
1 49 -1.0275560526560386e-03 1.0320244623061580e-07
1 50 -1.2067430582046025e-03 3.2410929526103135e-07
1 51 -1.4807659723068349e-03 1.4308889115114279e-06
1 52 -1.8104383062891049e-03 -1.7183688559154318e-06
1 53 -2.2284296090352707e-03 -4.8247000525565747e-06
1 54 -2.8231752492286198e-03 1.8724375746720761e-05
1 55 -3.4692864749321403e-03 2.3598863506548231e-05
1 56 -4.1207611283928646e-03 2.1335579767691759e-05
1 57 -5.1559185848235791e-03 -5.6233899549921009e-06
1 58 -6.0637248111825269e-03 -7.5375809265730645e-06
1 59 -7.1405975369485926e-03 2.2156599530864403e-05
1 60 -8.6311206311230192e-03 5.4002417614740893e-05
1 61 -1.0179916418380688e-02 9.9907269238464400e-05
1 62 -1.1733840946628278e-02 4.4187328785806932e-05
1 63 -1.3756494976768901e-02 7.5854712708834464e-05
1 64 -1.6172094920499862e-02 -2.6929520126775474e-05
1 65 -1.8548250575783201e-02 6.2942149378386260e-07
1 66 -2.1488613221966983e-02 1.4234902280961520e-04
1 67 -2.5162250478132565e-02 1.7543289499976114e-05
1 68 -2.9772006531472960e-02 7.8814970635362160e-05
1 69 -3.5779332281344722e-02 2.6783421072358208e-04
1 70 -4.8419499856981275e-02 8.9881467402321398e-05
1 71 -9.4094433197962832e-02 8.1994865301239530e-05
2 0 -1.1002935416651334e-01 1.7751907123825047e-04
2 1 -4.8422732552162222e-02 -5.7064697882051928e-04
2 2 -2.9462306888785286e-02 -2.0127491353452229e-04
2 3 -2.0991534912927098e-02 1.8047365413386267e-04
2 4 -1.6276676970306308e-02 1.6698171477774510e-05
2 5 -1.3755097931108001e-02 1.7164181023725917e-05
2 6 -1.1927088058629473e-02 3.4912206746272854e-06
2 7 -9.7867620895923102e-03 -1.9715378147547123e-05
2 8 -8.1007621917602440e-03 5.0404490839721976e-05
2 9 -7.0768965606395392e-03 -4.3754361741764847e-05
2 10 -6.1997742260619468e-03 -9.4993784438676034e-05
2 11 -5.5040252464117661e-03 -1.7726670375824509e-05
2 12 -5.0342949888258900e-03 -6.4395188815637912e-05
2 13 -4.5313474789418374e-03 -6.3403359695976796e-05
2 14 -4.0731567045842057e-03 -5.7211594834192249e-05
2 15 -3.5710957045867382e-03 1.4808550339274069e-05
2 16 -3.0737091445474105e-03 8.0313410440129222e-06
2 17 -2.6477753484839190e-03 -5.7390611041147020e-06
2 18 -2.3124165170799868e-03 2.9279171633316597e-05
2 19 -1.9170556094126939e-03 3.0787667868322124e-05
2 20 -1.6336930316211394e-03 1.5979379006141247e-05
2 21 -1.3743398700948207e-03 2.2083184109239432e-05
2 22 -1.1350198689149178e-03 6.0952298124765109e-06
2 23 -9.4388796720854028e-04 4.5335292045992796e-06
2 24 -8.0951658661465424e-04 1.4712403324974673e-06
2 25 -6.8144602388504774e-04 3.5940824715951923e-06
2 26 -5.5432684814212257e-04 2.2648909490865153e-06
2 27 -4.5398084438309983e-04 3.1815070461670668e-07
2 28 -3.7422771122892361e-04 1.9886580483194055e-06
2 29 -3.2434431431576640e-04 4.5497218659905922e-06
2 30 -2.8947259751079554e-04 8.3404761157928007e-06
2 31 -2.6469958556671970e-04 1.8556123217944872e-06
2 32 -2.5031605902505632e-04 -7.5649923646614937e-08
2 33 -2.4128359837011497e-04 -2.9319610254672463e-06
2 34 -2.3547968125763410e-04 -2.1681837657250002e-06
2 35 -2.2947403504981227e-04 -3.6426670068875328e-06
2 36 -2.2393775720328050e-04 -5.7642838352161172e-07
2 37 -2.2137936177416833e-04 -2.2586202562909144e-06
2 38 -2.1841460314218686e-04 -1.3023203473630667e-06
2 39 -2.2808215576378845e-04 7.8004062461977594e-07
2 40 -2.4205602379134648e-04 -1.1870796421037510e-06
2 41 -2.7501616540503244e-04 -2.5812315720928210e-06
2 42 -2.9568370148993345e-04 1.5264144130205698e-06
2 43 -3.3354897675928790e-04 6.3487302350867598e-08
2 44 -3.7653565074828967e-04 -3.7663500999707844e-06
2 45 -4.0503316484809287e-04 -5.4927081763244195e-06
2 46 -4.4865846274681819e-04 -5.2906273915625355e-06
2 47 -5.1095752744977259e-04 -1.9816341480093987e-06
2 48 -5.7504816959628232e-04 -2.9588407200268487e-06
2 49 -6.4134672629380970e-04 -1.8767805970827087e-07
2 50 -7.5047870120092345e-04 -9.9637698070506751e-07
2 51 -9.1425146218340487e-04 2.8284057078780072e-06
2 52 -1.1220694929865869e-03 1.0845926107323629e-06
2 53 -1.3781165625927393e-03 -7.9383492791842860e-06
2 54 -1.7575360895501662e-03 2.3022251043712647e-05
2 55 -2.1595507879230789e-03 3.2093484548576683e-05
2 56 -2.5596240697602990e-03 2.3903420087427624e-05
2 57 -3.1959759907331155e-03 -6.7456357406637722e-06
2 58 -3.7590460597406376e-03 -2.6168524110022024e-06
2 59 -4.4451134033118619e-03 2.9067980296006762e-05
2 60 -5.3792682898404290e-03 8.1892177716164723e-05
2 61 -6.3412550678444632e-03 1.3319174070973078e-04
2 62 -7.3546452221941510e-03 5.5149985468262708e-05
2 63 -8.5812357414702285e-03 8.7132835990330664e-05
2 64 -1.0037819921966095e-02 -2.5758170115175727e-05
2 65 -1.1493290204804756e-02 -2.6541998364767087e-05
2 66 -1.3417126786439765e-02 1.9635232612147469e-04
2 67 -1.5690042112817264e-02 -9.1533331239831377e-06
2 68 -1.8433387848116510e-02 1.4050553983155893e-04
2 69 -2.1893721942741456e-02 4.1626598264833773e-04
2 70 -2.8413738337358715e-02 1.4843205338399223e-04
2 71 -4.6962031765811665e-02 7.5272468290253001e-06
3 0 -3.6676401602250476e-02 -4.0213230288654650e-04
3 1 -2.3622377060827777e-02 -5.3180458507735818e-04
3 2 -1.5883596585615389e-02 -3.2296637829772875e-04
3 3 -1.1821765851517006e-02 1.5550180051035194e-04
3 4 -9.0956962230580567e-03 7.2144256687400575e-05
3 5 -7.8163115418201680e-03 1.2627258419942988e-04
3 6 -6.7999198141552326e-03 6.9284838937414000e-05
3 7 -5.5321578711259554e-03 -3.6230148502438120e-05
3 8 -4.5960252435280858e-03 3.0926386160581229e-05
3 9 -4.0900323141130224e-03 -3.2792617138123679e-05
3 10 -3.5751168493523789e-03 -9.7703023662092247e-05
3 11 -3.1484524468023646e-03 -7.9414139308764244e-06
3 12 -2.8880884835753126e-03 -5.6273912181200713e-05
3 13 -2.6417747559411317e-03 -5.5376240126352179e-05
3 14 -2.4058137593647314e-03 -6.4471364165958700e-05
3 15 -2.0759509224622451e-03 7.1009788938960777e-06
3 16 -1.7724816509927135e-03 7.0374242148395550e-06
3 17 -1.5236222557769338e-03 -9.8924092548895661e-06
3 18 -1.3195210273132902e-03 3.5003598521336839e-05
3 19 -1.0870129380717078e-03 2.8002074067112118e-05
3 20 -9.2824279638844154e-04 1.0557670178229979e-05
3 21 -7.7527806746383997e-04 2.3404510977401157e-05
3 22 -6.4700335703225375e-04 4.4228208423195138e-06
3 23 -5.3967375765863533e-04 2.0359632295645610e-06
3 24 -4.6283439347875210e-04 1.9939429086540500e-07
3 25 -3.8966820039845670e-04 5.2470196637205707e-06
3 26 -3.1629912381632804e-04 9.6300740113090893e-07
3 27 -2.6121032081489727e-04 1.0581709870311945e-06
3 28 -2.1448331091010919e-04 2.2201467359303017e-06
3 29 -1.8497617993673719e-04 4.6896751415567417e-06
3 30 -1.6685813525476120e-04 8.8936692875178947e-06
3 31 -1.5226827576594458e-04 2.5734616269088743e-06
3 32 -1.4307323550168371e-04 3.9572931262209409e-07
3 33 -1.3861800701427709e-04 -3.2524596973417748e-06
3 34 -1.3493691361495536e-04 -2.1421357844589576e-06
3 35 -1.3060148564191323e-04 -3.2196630635928128e-06
3 36 -1.2668989869898703e-04 -9.8243290722809618e-07
3 37 -1.2541824621357652e-04 -2.1569422998976540e-06
3 38 -1.2453690051064374e-04 -1.4365477742249872e-06
3 39 -1.3018862456974509e-04 2.2371203911642764e-07
3 40 -1.3909755385820480e-04 -7.5801145487404867e-07
3 41 -1.6082387332814029e-04 -1.7672634370403319e-06
3 42 -1.6933089782668971e-04 9.3114913788938345e-07
3 43 -1.9138124626431178e-04 -1.5072567099554794e-07
3 44 -2.1861091063009986e-04 -3.7875057174552625e-06
3 45 -2.3366294561731618e-04 -4.3080488578807599e-06
3 46 -2.5862683608873376e-04 -4.8739702951418473e-06
3 47 -2.9225846373776964e-04 -1.5527522360765613e-06
3 48 -3.3595205953460672e-04 -1.5989458942976807e-06
3 49 -3.7323773545418042e-04 6.7324754637444856e-07
3 50 -4.3285708171362391e-04 -1.2012127755905017e-06
3 51 -5.1829559205566231e-04 4.9946458383219844e-06
3 52 -6.4126908425551096e-04 2.9890853043218551e-06
3 53 -7.8607028006798002e-04 -8.1817961313463626e-06
3 54 -1.0132870344100721e-03 2.0496916906779742e-05
3 55 -1.2466104219838070e-03 3.4237568427826595e-05
3 56 -1.4624894362653485e-03 1.4271758687126635e-05
3 57 -1.8312012210594897e-03 -7.4204739038632090e-06
3 58 -2.1585318109917325e-03 2.8728390219062455e-06
3 59 -2.5618127562899405e-03 3.5450782389067210e-05
3 60 -3.0958349485549850e-03 6.7335096353989408e-05
3 61 -3.6604658996876346e-03 1.3244717362075916e-04
3 62 -4.2986724879639218e-03 4.6576777304721277e-05
3 63 -4.9614924791730360e-03 1.0754512261275040e-04
3 64 -5.7341038542141915e-03 -1.7470196824912217e-06
3 65 -6.5566764611637469e-03 -6.1456224889798789e-05
3 66 -7.7732809479480686e-03 2.1237413212813215e-04
3 67 -9.1118222021324049e-03 3.4313776288764614e-06
3 68 -1.0510567300812195e-02 2.1071992998170192e-04
3 69 -1.2346409122396597e-02 3.9083939756684249e-04
3 70 -1.5284415856932024e-02 1.1172921409200591e-04
3 71 -2.2187887266753033e-02 1.6205227113917951e-04
4 0 -1.3220630516376491e-02 -4.8342251410599346e-04
4 1 -1.1361263132977110e-02 -4.2417370523923725e-04
4 2 -8.2027734021439987e-03 -3.1309849483976860e-04
4 3 -6.4036392502527439e-03 1.2027154675672015e-04
4 4 -4.8783599745977563e-03 8.9606978058474294e-05
4 5 -4.2256911307686044e-03 2.0198337504669689e-04
4 6 -3.7334231195964890e-03 1.3866647441458972e-04
4 7 -3.0144431393922567e-03 -1.2650490340573581e-05
4 8 -2.4838025548161798e-03 9.0873063263553469e-06
4 9 -2.2913837339757028e-03 -8.7956080843228002e-06
4 10 -1.9729543383929710e-03 -9.2251156585272805e-05
4 11 -1.7329029977504119e-03 3.3656863104512927e-06
4 12 -1.5999011643154024e-03 -4.1800445334262664e-05
4 13 -1.4924098051908661e-03 -3.5728747177654641e-05
4 14 -1.3774357903453083e-03 -6.0153342245507059e-05
4 15 -1.1523593415079492e-03 3.9331344468965694e-06
4 16 -9.8602107213260209e-04 6.6432329009372704e-06
4 17 -8.5188681093817799e-04 -1.2632976377011299e-05
4 18 -7.2386583199064334e-04 3.7321904609980365e-05
4 19 -5.8823650721316081e-04 2.3619475145815737e-05
4 20 -5.0668855567059866e-04 9.3603034475308697e-06
4 21 -4.1535053493518419e-04 1.8007640603675099e-05
4 22 -3.5392793749071351e-04 1.5560497747620025e-07
4 23 -2.9788736689422566e-04 -1.8728318210914074e-06
4 24 -2.5424800979298933e-04 -7.0236414997941500e-07
4 25 -2.1439034269229177e-04 5.0160037273387916e-06
4 26 -1.7169625342072797e-04 -1.1612452455829877e-06
4 27 -1.4517317107238181e-04 1.1129226581813199e-06
4 28 -1.1875019774888039e-04 2.4026710796234125e-06
4 29 -1.0035920129722911e-04 4.1400594360221391e-06
4 30 -9.2887244913696806e-05 6.8885492436891454e-06
4 31 -8.4033433272115776e-05 3.1879753250061545e-06
4 32 -7.7826369929226733e-05 5.1391544475534679e-07
4 33 -7.6238701895362413e-05 -3.2148602623872571e-06
4 34 -7.3704482812307574e-05 -1.4826529151808485e-06
4 35 -7.1314503078297691e-05 -1.9439002815155222e-06
4 36 -6.8420970254275956e-05 -7.6913984505521573e-07
4 37 -6.8458839136217354e-05 -1.5191587022370796e-06
4 38 -6.7810966956195212e-05 -1.0991332263551429e-06
4 39 -7.1496321702707775e-05 -1.3614037961644570e-07
4 40 -7.6654573930823807e-05 -5.6192971104314464e-07
4 41 -9.0126513236538024e-05 -1.1861132345245598e-06
4 42 -9.3023774777629918e-05 6.7020002684271366e-07
4 43 -1.0591982686070159e-04 -1.1392375119899734e-06
4 44 -1.2252590282013312e-04 -3.3042527498239690e-06
4 45 -1.2819105547409721e-04 -2.0827864143803689e-06
4 46 -1.4269603529332815e-04 -4.2393757711642930e-06
4 47 -1.6021965750138997e-04 -8.6078396110293571e-07
4 48 -1.9034333410125186e-04 7.1878672697880367e-07
4 49 -2.0854466292793920e-04 2.0170905933414659e-06
4 50 -2.3961360528407876e-04 -1.7099748257723718e-06
4 51 -2.8063088472088073e-04 6.2830327754323246e-06
4 52 -3.5337354658073036e-04 3.7563281201965543e-06
4 53 -4.2921762694396985e-04 -5.7004022543398622e-06
4 54 -5.5752332121977439e-04 1.0850168054339636e-05
4 55 -6.9015993157053206e-04 3.3467500541035970e-05
4 56 -7.9299491678432737e-04 1.3441855854137617e-05
4 57 -9.9726291235040536e-04 -2.0046886999524158e-05
4 58 -1.1807925039098678e-03 5.4972371765281266e-06
4 59 -1.4114820927702912e-03 4.5743290642318845e-05
4 60 -1.7052742078903188e-03 3.4389885074423554e-05
4 61 -2.0437086698695895e-03 1.1129960602185029e-04
4 62 -2.4315526234457321e-03 1.9566902545310172e-05
4 63 -2.7694045231978787e-03 9.3712234509906340e-05
4 64 -3.1242741893650824e-03 -4.0666338329251794e-06
4 65 -3.5777438383236813e-03 -9.3072934516934193e-05
4 66 -4.3324611931008870e-03 2.0032223590394483e-04
4 67 -5.1041270039232567e-03 5.5515648682043681e-05
4 68 -5.7021887879605227e-03 2.1243565324049522e-04
4 69 -6.6262249716304636e-03 3.0798733275177553e-04
4 70 -7.7838850739896286e-03 5.3866779629451494e-05
4 71 -1.0177421452930232e-02 4.9736074770656352e-04
5 0 -5.2918663776606572e-03 -3.3352174541355560e-05
5 1 -5.3845750738258751e-03 -3.7043189812519108e-04
5 2 -4.1074936532536537e-03 -1.8993968569117314e-04
5 3 -3.3284332562587863e-03 8.4652878858558738e-05
5 4 -2.5511986859518333e-03 3.8998678729576775e-05
5 5 -2.1897082753109041e-03 2.2685873144112672e-04
5 6 -1.9765189644609304e-03 1.8953266100089127e-04
5 7 -1.5834054289711802e-03 1.4106690821793928e-05
5 8 -1.3189171973780266e-03 2.9920944194698694e-07
5 9 -1.2639310060597404e-03 -7.3751827523743947e-06
5 10 -1.0474156920080920e-03 -8.3799696323391717e-05
5 11 -9.2174816131833988e-04 9.5986187361553984e-06
5 12 -8.7807156734724060e-04 -2.2859349889741484e-05
5 13 -8.1636158420364568e-04 -1.9734354968133169e-05
5 14 -7.7708174670034142e-04 -4.8181366320886824e-05
5 15 -6.1492116251437299e-04 7.4966375983791647e-06
5 16 -5.3411469291924068e-04 8.3283796977500622e-06
5 17 -4.6869093366432377e-04 -1.8148519956816409e-05
5 18 -3.8537717193221890e-04 4.0079112976159149e-05
5 19 -3.0881384157279627e-04 1.4399745010803777e-05
5 20 -2.7230516347435642e-04 7.1732808966213882e-06
5 21 -2.1553956611267380e-04 1.2726369599883283e-05
5 22 -1.8550259698677177e-04 -8.0210517491410328e-07
5 23 -1.6282159662599043e-04 -7.6726881659821698e-06
5 24 -1.3697560682411926e-04 -2.0354570921298849e-06
5 25 -1.1479543552764192e-04 4.7253388324733438e-06
5 26 -8.8866089221250084e-05 -2.5838939429763929e-06
5 27 -7.9130329382080458e-05 1.3613405323153087e-06
5 28 -6.5189016034904526e-05 1.7044175716924819e-06
5 29 -5.2596468393190955e-05 3.0821584610352674e-06
5 30 -5.0259047101944863e-05 4.4329522359513571e-06
5 31 -4.4949316982337906e-05 3.0753622530665573e-06
5 32 -4.0342432352830039e-05 2.4921876990165237e-07
5 33 -4.1080219919902892e-05 -3.0358418556643818e-06
5 34 -3.8635988866566274e-05 -8.2703175159964899e-07
5 35 -3.8044894920230698e-05 -5.3132690453975203e-07
5 36 -3.5779786491543845e-05 -7.2505930674033388e-08
5 37 -3.6764566190832719e-05 -1.3523539813707378e-06
5 38 -3.5613083143812499e-05 -7.7193733607824804e-07
5 39 -3.8411262849565561e-05 -3.2790219381040690e-07
5 40 -4.1342040070708780e-05 -8.7558584551825196e-07
5 41 -4.9148677981265670e-05 -8.6731996808915461e-07
5 42 -5.0040312848371499e-05 1.3638035229038403e-06
5 43 -5.8481185337829324e-05 -1.9386865162877849e-06
5 44 -6.8065887383703566e-05 -2.2894048357420181e-06
5 45 -6.8140855435279370e-05 -6.2989096871820490e-07
5 46 -7.6782345114371770e-05 -2.6154496817947499e-06
5 47 -8.5348372668130022e-05 -8.7477033015457824e-07
5 48 -1.0646813446617647e-04 2.7019329869397067e-06
5 49 -1.1281101386428051e-04 3.3260818395172835e-06
5 50 -1.2940027584547762e-04 -3.4400263683536494e-06
5 51 -1.4698997710604141e-04 5.2270382256572410e-06
5 52 -1.9096316103670914e-04 2.1519258627093656e-06
5 53 -2.2658460644625608e-04 -3.1834622088767170e-06
5 54 -2.9331729114369793e-04 -1.7504236976984952e-06
5 55 -3.7090188670206136e-04 2.8322958609096274e-05
5 56 -4.1684110639681485e-04 9.8790938943706515e-06
5 57 -5.2347410164161527e-04 -3.6255755857528082e-05
5 58 -6.1035437955004527e-04 5.6096297919149445e-06
5 59 -7.4647076148888730e-04 4.5204044578297985e-05
5 60 -9.1837826373395294e-04 -4.7738344697686887e-06
5 61 -1.1238980975718858e-03 9.1113718726128017e-05
5 62 -1.3574119009213193e-03 -1.6666138534602288e-06
5 63 -1.5087796181321484e-03 5.6105317705374676e-05
5 64 -1.6585968150974796e-03 -1.3370660588750563e-05
5 65 -1.9195427863273600e-03 -7.7518391207084480e-05
5 66 -2.3469187079551354e-03 1.6922817855985709e-04
5 67 -2.7751817317542005e-03 8.4317725607814582e-05
5 68 -2.9775681505577220e-03 1.5404058043131164e-04
5 69 -3.4407386384642893e-03 2.1027449840687563e-04
5 70 -3.8766444179986616e-03 3.5625003371330150e-05
5 71 -4.6558957089483646e-03 6.5304773374463127e-04
6 0 -2.5074128633242754e-03 3.7956969394187636e-04
6 1 -2.4389754916395541e-03 -1.6760475578030630e-04
6 2 -1.9512705808027401e-03 -1.3060050905445270e-04
6 3 -1.6325329031950495e-03 4.3092997049191629e-05
6 4 -1.3069296563507028e-03 -5.7613701613205738e-05
6 5 -1.0950007277575064e-03 2.4233287947082285e-04
6 6 -1.0175552079480907e-03 1.9793745042944428e-04
6 7 -8.1241402012577455e-04 3.4143637255216222e-05
6 8 -7.1648919521170320e-04 -1.5412271124551200e-05
6 9 -6.8917778551028021e-04 -1.5261515722529181e-05
6 10 -5.3509679501622114e-04 -6.6835464594895168e-05
6 11 -4.7988842201597933e-04 6.9353030925161193e-06
6 12 -4.8428605614693883e-04 -1.1754966330652352e-05
6 13 -4.3917021871833886e-04 -1.2771306679397847e-05
6 14 -4.3668504808235133e-04 -3.2718210914289012e-05
6 15 -3.2358144426226942e-04 8.4625913228382778e-06
6 16 -2.8105723968771361e-04 6.7749032108254172e-06
6 17 -2.5180236805387240e-04 -1.6358303849100210e-05
6 18 -2.0711245788677731e-04 3.6389760562251206e-05
6 19 -1.6067939982149099e-04 6.0837972646697755e-06
6 20 -1.4652799690246439e-04 6.1351334241104769e-06
6 21 -1.1269486995040871e-04 6.9665404480087510e-06
6 22 -9.1512161029253219e-05 -8.1981926613271882e-07
6 23 -8.9239628546322633e-05 -1.3537391644252710e-05
6 24 -7.3883039383650459e-05 -3.2515345483295264e-06
6 25 -5.9697790656043025e-05 5.5308503741461950e-06
6 26 -4.3621876747609790e-05 -2.2662954523106928e-06
6 27 -4.3017070286012360e-05 1.7250260391257047e-06
6 28 -3.6056286673052730e-05 6.1901329311074613e-07
6 29 -2.7280623088654629e-05 1.4914063022711478e-06
6 30 -2.6772816695387137e-05 2.3110691353961647e-06
6 31 -2.3624032585524678e-05 2.4733573903353710e-06
6 32 -2.0232648114463263e-05 -3.8682550389581958e-07
6 33 -2.1893659036568514e-05 -1.9210935933437959e-06
6 34 -1.9615970863509366e-05 -2.8815772570992977e-07
6 35 -1.9922928432364873e-05 1.2366220902896043e-07
6 36 -1.8217392293856445e-05 3.1790931769909682e-07
6 37 -1.9200255721626924e-05 -1.2559959410673939e-06
6 38 -1.8266123740757178e-05 -6.5162830935412131e-07
6 39 -2.0465674842503894e-05 -2.3574009944855305e-07
6 40 -2.2598016953695486e-05 -9.1585764772997679e-07
6 41 -2.6083410246865393e-05 -6.2236751620266446e-07
6 42 -2.6127752210089419e-05 1.8425776570470646e-06
6 43 -3.2229193846888844e-05 -1.9768041405760883e-06
6 44 -3.7651159958019943e-05 -8.6918821977231650e-07
6 45 -3.4565333162352238e-05 -3.7992447478214171e-07
6 46 -4.0892026443913527e-05 -1.5828658200065287e-06
6 47 -4.5117092009228295e-05 -3.6782388931328688e-07
6 48 -5.8500725848459339e-05 3.9757660488540106e-06
6 49 -5.9363870874172812e-05 3.8010294625005758e-06
6 50 -6.6847718110179033e-05 -4.9868487100798415e-06
6 51 -7.4524001217935265e-05 1.8097189817507363e-06
6 52 -1.0172928411067040e-04 1.3643985102666171e-06
6 53 -1.1243134006313182e-04 -1.9368539922086725e-06
6 54 -1.4777135872100453e-04 -8.6597044857933026e-06
6 55 -1.9377094255221649e-04 1.9589311101426628e-05
6 56 -2.1164143243578923e-04 2.8313631489656077e-06
6 57 -2.6563033352234043e-04 -4.5229805606179250e-05
6 58 -2.9727975443846348e-04 4.3813543803290861e-06
6 59 -3.8160447294048166e-04 3.4982492627666143e-05
6 60 -4.9321758811690143e-04 -2.9253672166668051e-05
6 61 -6.2808934827733197e-04 6.0574153069660347e-05
6 62 -7.5613818130720921e-04 -1.7265399480663408e-05
6 63 -8.0651901717711987e-04 1.7106334276297942e-05
6 64 -8.6901693104721558e-04 -2.8441299168474503e-05
6 65 -1.0277932894882738e-03 -1.4865527542185685e-05
6 66 -1.2685084881339972e-03 1.2271686564144517e-04
6 67 -1.4982352740171255e-03 6.7828005117121586e-05
6 68 -1.4920365048979659e-03 9.0279917452740549e-05
6 69 -1.7550668153227950e-03 1.2256693301582297e-04
6 70 -1.9709460360316038e-03 7.0219136054886812e-05
6 71 -2.0695383085392299e-03 6.1968303510828162e-04
7 0 -1.2215319164501032e-03 5.2805575094752859e-04
7 1 -9.9881143678491472e-04 -6.8563128932675030e-05
7 2 -8.7275910512609768e-04 -2.9194964510295239e-05
7 3 -7.4349323405325368e-04 -2.4006628625558902e-05
7 4 -6.7254115904084128e-04 -1.2055454355865548e-04
7 5 -5.1659011609290800e-04 2.2560420538536368e-04
7 6 -4.9641144428293888e-04 1.6104554792427170e-04
7 7 -4.0612686301499896e-04 4.7789174490828835e-05
7 8 -3.9818011185584971e-04 -1.8905654348469759e-05
7 9 -3.7445059921243338e-04 -2.5401905221821939e-05
7 10 -2.7237149505862900e-04 -4.8888373803814803e-05
7 11 -2.4950760733926037e-04 5.2978746620264701e-06
7 12 -2.7222546888000938e-04 -5.5860882235517369e-06
7 13 -2.4674234819440239e-04 -1.1226243477844403e-05
7 14 -2.4362467290328242e-04 -1.9677345696997759e-05
7 15 -1.6089827346190774e-04 1.0087250765354435e-05
7 16 -1.3932653200429866e-04 -5.0512544252695161e-06
7 17 -1.3220021240236592e-04 -1.1305649925030749e-05
7 18 -1.1209224107956932e-04 2.6896967578229091e-05
7 19 -7.9712391176586835e-05 -1.4507281128489839e-06
7 20 -7.8545290381806451e-05 7.0439276731168672e-06
7 21 -6.5568503177669784e-05 3.2426839671757050e-06
7 22 -4.1616704827620431e-05 1.2541099754856574e-06
7 23 -4.8019659556005015e-05 -1.6560443825361304e-05
7 24 -4.0439380406649361e-05 -3.5204226441356716e-06
7 25 -3.1026812472013140e-05 5.5136615685345936e-06
7 26 -1.9288912872651131e-05 -2.2405608542201259e-06
7 27 -2.3311251047479857e-05 2.6523238897793471e-06
7 28 -2.0551148316972873e-05 -3.2707969682280346e-07
7 29 -1.4893551018329590e-05 3.7853106609947305e-07
7 30 -1.3669707506125901e-05 1.0818187663715290e-06
7 31 -1.2583891474902141e-05 1.7914354609950672e-06
7 32 -1.0617251659848337e-05 -8.7642526797465196e-07
7 33 -1.1119678187412768e-05 -9.2459101184949846e-07
7 34 -9.7480721407101017e-06 2.8636231243098566e-07
7 35 -1.0164833137259082e-05 2.9564310232564044e-07
7 36 -9.4017897711542470e-06 3.9646174143658016e-07
7 37 -9.5234273379433386e-06 -1.0249564072324350e-06
7 38 -9.1235036768689052e-06 -6.2996815292769726e-07
7 39 -1.1042174285942788e-05 3.1389094968992026e-07
7 40 -1.2677927432537715e-05 -6.2410455774994327e-07
7 41 -1.3439310675932293e-05 -8.2783697906965441e-07
7 42 -1.2973036740753255e-05 1.9344750874528355e-06
7 43 -1.7205759620648086e-05 -2.0920269156619596e-06
7 44 -2.0904992473849132e-05 3.9045030405453664e-07
7 45 -1.6662582976709469e-05 -1.9459660368614449e-07
7 46 -2.2295623302712137e-05 -1.4374305860365723e-06
7 47 -2.4575205234865284e-05 9.7048159791604741e-07
7 48 -3.2548551827023422e-05 4.8028000301903701e-06
7 49 -2.9912288153196000e-05 3.3162877698486824e-06
7 50 -3.3106783627476417e-05 -5.4542020709303466e-06
7 51 -3.5128965394901572e-05 -9.5146219884200920e-07
7 52 -5.5154619606132658e-05 1.6146856274529733e-06
7 53 -5.0972021237145146e-05 -1.1657834962261245e-06
7 54 -6.9407539109312715e-05 -8.1628284095665634e-06
7 55 -9.8259723941947224e-05 1.0692738903942308e-05
7 56 -1.0475352284833458e-04 -7.1973932707132876e-06
7 57 -1.2757279818379744e-04 -3.6535567720423178e-05
7 58 -1.3398132168673165e-04 2.9565706914867376e-06
7 59 -1.9636885097886465e-04 1.9952694684403787e-05
7 60 -2.5968307588600871e-04 -3.9884923243337554e-05
7 61 -3.5518467580526747e-04 3.1107427063288947e-05
7 62 -4.1837631798570735e-04 -1.2552799185293028e-05
7 63 -4.1758563554788585e-04 5.5300041991905435e-06
7 64 -4.6244945383744205e-04 -5.8386151433793686e-05
7 65 -5.4619070472563332e-04 6.5413076406651234e-05
7 66 -6.9272491899830522e-04 8.8880886277007746e-05
7 67 -7.9298654509111122e-04 2.8046997725139352e-05
7 68 -7.6899395474645208e-04 3.6727803122642462e-05
7 69 -8.8991158034416580e-04 1.1952045377498752e-05
7 70 -1.0237665999531006e-03 7.1738070178879008e-05
7 71 -8.9989007260605082e-04 5.4982913874404495e-04
8 0 -7.3726691922188848e-04 5.4113602179110798e-04
8 1 -2.9730690791997130e-04 3.0814589957832261e-05
8 2 -3.8029494729134057e-04 4.0001473480305932e-05
8 3 -3.1495248266730599e-04 -5.1528881106685292e-05
8 4 -3.9506044030504246e-04 -1.3210186285241761e-04
8 5 -2.0473469992253818e-04 1.8224052623115039e-04
8 6 -2.3258260931461065e-04 1.0783778697808408e-04
8 7 -1.8474630125647906e-04 4.7889955329763161e-05
8 8 -2.0822853809662932e-04 -2.7805791876954795e-05
8 9 -2.0660452588798877e-04 -2.7916620594838616e-05
8 10 -1.4268877294107624e-04 -4.5683277675427901e-05
8 11 -1.2224952806249044e-04 1.0261664479115332e-05
8 12 -1.4835014681507304e-04 2.7883894968832452e-07
8 13 -1.5455638987059715e-04 -1.2918454903816846e-05
8 14 -1.3398915314755857e-04 -1.5299536829698492e-05
8 15 -7.3256475596527118e-05 1.9323096232894318e-05
8 16 -5.7827980852405658e-05 -1.9334355541064517e-05
8 17 -7.0088011141158089e-05 -8.4681499113210879e-06
8 18 -6.1497795558628561e-05 2.0405726020108635e-05
8 19 -3.7676269655693035e-05 -7.5009653113208975e-06
8 20 -4.0540498865362859e-05 7.7319038764848075e-06
8 21 -4.5184284999412131e-05 -2.6397547352254394e-07
8 22 -1.5122178818506455e-05 2.4001973394281630e-06
8 23 -2.6113392554983219e-05 -1.6197652814017769e-05
8 24 -2.1401748377754184e-05 -3.3276575455391839e-06
8 25 -1.5106567151627830e-05 4.2448334422167722e-06
8 26 -6.7841521185354802e-06 -2.5247432709452852e-06
8 27 -1.3051801372234914e-05 3.9831388981926105e-06
8 28 -1.2139727381518236e-05 -8.3806333721747080e-07
8 29 -9.0117817529854853e-06 -3.7776710618217012e-07
8 30 -6.3204763575710023e-06 4.9567363564231900e-07
8 31 -7.1731472006615718e-06 7.4160289082351468e-07
8 32 -5.8738997089655066e-06 -1.0484442579012233e-06
8 33 -4.9707885805909897e-06 -5.2804067943369509e-07
8 34 -4.2788997076805542e-06 4.6246407750252712e-07
8 35 -5.6374738753569363e-06 1.7744007057499729e-08
8 36 -5.1140902644646807e-06 4.4828643536652866e-07
8 37 -4.4870051224730503e-06 -8.7471554872718015e-07
8 38 -4.4484954791489542e-06 -3.7217952139110243e-07
8 39 -6.0814026363503571e-06 7.5896688722637147e-07
8 40 -7.5479467678074385e-06 -2.0098539172399105e-07
8 41 -6.4982805943869914e-06 -8.7524728199502209e-07
8 42 -6.3257656673063868e-06 1.9959417253325243e-06
8 43 -9.1209842471618957e-06 -2.5863719281314254e-06
8 44 -1.1851070945405658e-05 8.0314138138222887e-07
8 45 -7.3663611211566971e-06 -6.1329143795037253e-07
8 46 -1.2427512973284140e-05 -1.2217024286546821e-06
8 47 -1.3307375064686802e-05 1.7427449458433932e-06
8 48 -1.8891256336209084e-05 5.1470174000239571e-06
8 49 -1.4434281762550086e-05 2.4800203066889645e-06
8 50 -1.6910135400991887e-05 -5.4729201000587072e-06
8 51 -1.4683961196429951e-05 -8.8210247475767464e-07
8 52 -3.0719272525450993e-05 2.7671605433554397e-06
8 53 -2.1509057482972203e-05 -1.7720010712754264e-06
8 54 -3.0081936131616044e-05 -6.2421536218090117e-06
8 55 -4.9031615330281681e-05 2.3432815079443681e-06
8 56 -5.4632548918262523e-05 -1.4503569496849084e-05
8 57 -5.7334192622349471e-05 -2.3566099316484227e-05
8 58 -5.8733249770564672e-05 7.9195988176934275e-06
8 59 -1.0848718911850652e-04 5.3693406297875080e-06
8 60 -1.3389200104239120e-04 -4.0586864718631837e-05
8 61 -1.9903676637624123e-04 1.7713645220267868e-05
8 62 -2.2190863709799750e-04 3.4403180015678491e-06
8 63 -2.1192914291414026e-04 3.7725421048359725e-06
8 64 -2.4583341624882359e-04 -7.5616477446180901e-05
8 65 -2.8341965042066896e-04 1.2216347048498019e-04
8 66 -4.0242380490890012e-04 6.6695045702750826e-05
8 67 -4.1114232504410093e-04 -2.6531505803320842e-05
8 68 -4.0397513890240650e-04 -2.2394031352130404e-06
8 69 -4.5545140477432647e-04 -1.0145598582206241e-04
8 70 -5.8437945002985929e-04 -2.4308648685782737e-05
8 71 -3.3641743616254167e-04 3.3118804150160716e-04
9 0 -4.4823948482049773e-04 6.1848293933266867e-04
9 1 7.4148457785302345e-07 1.1842559879063065e-04
9 2 -1.9976068336432254e-04 8.2478989374549998e-05
9 3 -9.2411561236995754e-05 -4.4816054975165776e-05
9 4 -2.8814511491088936e-04 -8.7583971817678988e-05
9 5 -8.0739354520269872e-05 1.2117925180936164e-04
9 6 -9.6893612503584007e-05 6.4873320275823414e-05
9 7 -5.4717139495966879e-05 4.4497572266408520e-05
9 8 -1.0554040814587149e-04 -4.2785001945901832e-05
9 9 -1.1805765644421250e-04 -2.4234252819139781e-05
9 10 -7.4466556483607934e-05 -4.9405943108851714e-05
9 11 -5.5820538101579480e-05 8.7496482928820394e-06
9 12 -8.3130468396297807e-05 1.0787522643236540e-05
9 13 -1.1431528863473399e-04 -5.8751597849698696e-06
9 14 -7.4027568390953513e-05 -1.6843225855656437e-05
9 15 -3.0152875467262292e-05 2.4243823334173681e-05
9 16 -1.9039209142651045e-05 -2.2194823299556691e-05
9 17 -3.6279330069992818e-05 -7.0861073968411985e-06
9 18 -4.0137789931288287e-05 1.5815920701209673e-05
9 19 -2.1166561671039994e-05 -9.0292237801408406e-06
9 20 -2.0875001261352692e-05 7.2383284536167370e-06
9 21 -3.5266416559198665e-05 -2.4716274843295411e-06
9 22 -2.1840598754006663e-06 2.5169652895680546e-06
9 23 -1.5302604710614560e-05 -1.3601419040417217e-05
9 24 -1.1413868191803069e-05 -1.8651596874328020e-06
9 25 -5.9042688071224975e-06 2.6312790717425715e-06
9 26 -1.5163654192881424e-06 -2.1769041210802783e-06
9 27 -7.1672340964132849e-06 4.3585786572064355e-06
9 28 -7.6924244604355550e-06 -9.3934161854752542e-07
9 29 -6.1752432978517132e-06 -3.6680325708197419e-07
9 30 -2.9011817117670100e-06 2.7758850644549906e-07
9 31 -4.5100786516725518e-06 3.4338512625632584e-07
9 32 -3.7219237759979525e-06 -1.2894198656249799e-06
9 33 -1.7543859163916092e-06 -2.6266963889506265e-07
9 34 -1.3038459105943054e-06 6.6027484640023913e-07
9 35 -3.7852887299260820e-06 -4.6407366927243147e-08
9 36 -2.8809738674238733e-06 6.1068316553757447e-08
9 37 -2.0840877081700300e-06 -5.5359410556871442e-07
9 38 -2.1909298113398918e-06 1.9326847467942699e-08
9 39 -3.9225350786153048e-06 9.0336819429420973e-07
9 40 -5.2390289985037200e-06 -3.5535255599479966e-07
9 41 -3.1510794058707481e-06 -6.1119752107562953e-07
9 42 -2.9690705715758161e-06 1.9476499322872637e-06
9 43 -5.3611515407476984e-06 -3.0129793195908820e-06
9 44 -7.1803786409608652e-06 1.1166508605981917e-06
9 45 -2.1770111381932392e-06 -1.0349831116116100e-06
9 46 -7.5601000833290260e-06 1.8983260566643152e-07
9 47 -7.1730103210506139e-06 1.8378678298540088e-06
9 48 -1.1367156901794930e-05 5.3105933469594984e-06
9 49 -6.0498105863455057e-06 2.1521660695909020e-06
9 50 -9.5630734058571558e-06 -5.5065749107870408e-06
9 51 -5.5803648749656322e-06 -1.0087242523584953e-06
9 52 -1.8230580257938971e-05 3.0025824360725247e-06
9 53 -1.0825116642728590e-05 -3.4818578685726058e-06
9 54 -9.5186721896746726e-06 -6.4259078616899280e-06
9 55 -2.4715002357118108e-05 -3.0830967234423552e-06
9 56 -3.2094071271342264e-05 -1.8754762136049905e-05
9 57 -2.5540314209914963e-05 -1.1096795949703655e-05
9 58 -2.9435716608233309e-05 1.0293661494864155e-05
9 59 -6.1005422659723087e-05 -2.4374280087218911e-06
9 60 -6.4527127052113907e-05 -4.0222148541871100e-05
9 61 -1.0700809984075080e-04 6.4289520226506700e-06
9 62 -1.1237440269899017e-04 1.5424257167466941e-05
9 63 -9.2383118963849459e-05 4.0038262264840503e-06
9 64 -1.1345131210187436e-04 -6.6253613917503047e-05
9 65 -1.4168524463866708e-04 1.5197071453455151e-04
9 66 -2.4350917469193541e-04 6.0655533281671780e-05
9 67 -2.0710092918139821e-04 -4.5579529964493282e-05
9 68 -2.1100483378479125e-04 -3.1463230524284606e-06
9 69 -2.1749592669279070e-04 -1.3702284109859322e-04
9 70 -3.6142952076019010e-04 -8.4329710415894174e-05
9 71 -2.0689926863586517e-05 1.4263716143151972e-04
10 0 -1.5169470716731127e-04 3.1937559631856809e-04
10 1 1.6557441226537972e-04 1.5472163660120315e-04
10 2 -1.2510380534694942e-04 1.0189924514605925e-04
10 3 2.4867500410043454e-05 -5.4040894888706140e-06
10 4 -2.4734553880082470e-04 -2.9716091061475873e-05
10 5 -3.0574861345951713e-05 6.6212504975506623e-05
10 6 -5.3458128396237993e-05 4.6326561671620574e-05
10 7 1.7207686320527967e-05 6.2940664549664948e-05
10 8 -5.0059643192666313e-05 -6.6414055534022183e-05
10 9 -7.5950899167071125e-05 -1.7885238242534373e-05
10 10 -2.9725783977951054e-05 -4.5936708491332891e-05
10 11 -2.5706098742523690e-05 7.6191615362153383e-07
10 12 -4.8051461502546374e-05 2.0632745343036610e-05
10 13 -9.6167106133639193e-05 5.4356545655480830e-07
10 14 -3.8648736478866777e-05 -1.5873945894824806e-05
10 15 -1.7801055716845466e-05 1.9923323776608631e-05
10 16 -2.0445819299758348e-06 -1.7880237347908639e-05
10 17 -1.3579519653009371e-05 -7.9526606950267946e-06
10 18 -2.9060604083473791e-05 1.7593875256033804e-05
10 19 -1.5486805330483656e-05 -9.3011867305732337e-06
10 20 -9.6419093781730225e-06 7.2110816802327375e-06
10 21 -2.6692603021435332e-05 -3.6663062173546713e-06
10 22 2.5269065209767106e-06 5.0568278497672375e-07
10 23 -1.0918285451156477e-05 -9.9918617267560983e-06
10 24 -7.9768844142803038e-06 -6.1217745258246643e-07
10 25 9.1627354448940556e-08 1.4091441378550909e-06
10 26 -3.2255995240752098e-07 -1.6741866049002970e-06
10 27 -3.2510968033939585e-06 4.1332808705466075e-06
10 28 -5.7352925974451193e-06 -9.3505057631746734e-07
10 29 -4.3862671823574136e-06 -2.7843967135076124e-07
10 30 -1.4409960265799770e-06 1.6379534775267203e-07
10 31 -3.1663641000137432e-06 -4.4727895181718009e-07
10 32 -2.6290190694463565e-06 -1.4742505033454248e-06
10 33 -3.5833109229021371e-07 -3.4534355539779920e-07
10 34 2.3711112850125917e-07 3.6969124255188440e-07
10 35 -2.4443328888581180e-06 5.9515875678545559e-07
10 36 -1.4968647254168089e-06 -3.4499868615686614e-07
10 37 -1.2879558807827309e-06 -2.6572179049413859e-07
10 38 -1.1759942739507050e-06 5.9614547088003068e-07
10 39 -2.7053957322612175e-06 7.8833153108347432e-07
10 40 -3.9165403172422236e-06 -4.2325112909575570e-07
10 41 -1.5500879596516274e-06 -5.7502344184454120e-07
10 42 -1.2673980053778800e-06 1.0719981800466485e-06
10 43 -3.6900440088540369e-06 -2.4176329247530516e-06
10 44 -4.3254226761031371e-06 5.6385597646590177e-07
10 45 5.5558285742276917e-07 -1.3976886872724362e-06
10 46 -5.3279286850166967e-06 1.4245153159216646e-06
10 47 -4.4373127163908555e-06 2.1453105124843199e-06
10 48 -7.5660452124488946e-06 4.2617906538302518e-06
10 49 -1.8359608289903980e-06 2.0563249513815084e-06
10 50 -6.6858155667833229e-06 -5.4344499098381828e-06
10 51 -2.8147968777196033e-06 -1.6498164752853957e-06
10 52 -1.2539390446325057e-05 7.5661851058044235e-07
10 53 -6.9081564860446506e-06 -6.5616918956158575e-06
10 54 1.3473829664754496e-06 -5.9976595085992591e-06
10 55 -1.2097938028073522e-05 -3.5766388836461861e-06
10 56 -2.3912244472991886e-05 -1.9495134701361816e-05
10 57 -1.5363483145935774e-05 -3.8761835592249902e-06
10 58 -2.2561854399828888e-05 4.1046124436017339e-06
10 59 -2.8045220775540085e-05 -1.3521190633569074e-05
10 60 -2.8452991764780351e-05 -3.5691949017765524e-05
10 61 -4.6351241702614849e-05 -1.7047939876412301e-06
10 62 -4.6605626864029894e-05 1.4773765868406941e-05
10 63 -2.2120021443537526e-05 1.1121851046393317e-06
10 64 -6.0755372971057796e-05 -5.0638465316458378e-05
10 65 -6.4789229116433134e-05 1.6489350651986478e-04
10 66 -1.3991286639596957e-04 4.2814041154584996e-05
10 67 -1.1329725648607413e-04 -3.9250830957082052e-05
10 68 -1.2762417069242491e-04 -1.7969050644550260e-05
10 69 -1.0473982745725654e-04 -1.2947999187455119e-04
10 70 -1.8984262765566791e-04 -5.7192174819555673e-05
10 71 1.5317429162739531e-04 1.9300979693136144e-05
