0 0 -1.1670911106384172e+00 -5.1374210414532466e-19
0 1 -1.7992207494565030e-01 1.2228869229902367e-19
0 2 -8.8572600791077177e-02 -9.4008583513733978e-22
0 3 -6.3833953071258762e-02 -1.0565577363225038e-20
0 4 -5.4116807973731348e-02 -3.5023750020026431e-21
0 5 -4.8468867588294530e-02 -2.8488644306715473e-22
0 6 -4.4444887238584647e-02 -2.3344208840329484e-21
0 7 -3.9358021383054921e-02 5.7408483395085813e-22
0 8 -3.2666097721294231e-02 1.4053164574549698e-21
0 9 -2.7117928422142137e-02 1.5473201687954984e-22
0 10 -2.2946310403592109e-02 -1.9090861979037873e-21
0 11 -1.9408953608053024e-02 9.6718703342522555e-22
0 12 -1.6553596861513645e-02 -1.8609989699088875e-22
0 13 -1.4302713995528323e-02 9.3123292070370636e-23
0 14 -1.2222202651506642e-02 -2.2705738332261732e-22
0 15 -1.1006209964072890e-02 1.0850295990838541e-22
0 16 -9.9946914438210147e-03 3.5338636423820888e-23
0 17 -8.7667970777248264e-03 -5.9793581726182140e-23
0 18 -7.5349952213573579e-03 9.7927737430406934e-23
0 19 -6.6085904047643211e-03 -7.8016678524616371e-23
0 20 -5.9313103014720292e-03 1.5232771741303772e-22
0 21 -5.3658978889431375e-03 -2.8163799967653141e-22
0 22 -4.4782734157241284e-03 2.0279529205880279e-22
0 23 -3.5961006799008384e-03 1.2215807775512871e-22
0 24 -2.9676732162255046e-03 -2.6069659522324580e-23
0 25 -2.3591885979098648e-03 -1.6697027257441916e-23
0 26 -1.8873333600781682e-03 -2.5608324564062306e-23
0 27 -1.5578491697749274e-03 1.1501634238263857e-23
0 28 -1.3627521699059000e-03 1.2027486553446866e-23
0 29 -1.1930644983858048e-03 -3.7217966139681583e-23
0 30 -1.0251942107223082e-03 -2.9536126220803641e-23
0 31 -8.7263055235181283e-04 2.6174418936019729e-23
0 32 -7.5184266677703481e-04 -1.2602806507866807e-23
0 33 -6.7153739894209989e-04 -2.3742716384350341e-23
0 34 -6.0823494933142372e-04 -1.1213708817790798e-23
0 35 -5.6287104377624082e-04 1.2480840485533047e-23
0 36 -5.3332746168773318e-04 1.2092883859319973e-23
0 37 -5.2275340187006060e-04 -1.0880976341508338e-23
0 38 -5.4157907982494010e-04 -1.6323804365470868e-23
0 39 -6.1486366536566686e-04 -2.2659938246009023e-23
0 40 -7.1836005387809483e-04 8.3892501349680867e-24
0 41 -8.2603323327105015e-04 1.1702581914817467e-23
0 42 -9.5869455893955247e-04 -1.6347588637659528e-23
0 43 -1.1294508079869202e-03 7.6991525171972027e-24
0 44 -1.3158572738650736e-03 9.8449152008684003e-23
0 45 -1.4923221925184098e-03 2.2621111852486876e-23
0 46 -1.7438357029369675e-03 2.9728872129597730e-23
0 47 -2.0582667469258775e-03 1.8394424359996892e-23
0 48 -2.4724353847289655e-03 -2.7768549873615744e-23
0 49 -3.1372013502748313e-03 -2.2636326698414825e-23
0 50 -3.8544424073538252e-03 2.0798915662959533e-23
0 51 -4.3030754808419842e-03 1.2048934616459797e-22
0 52 -4.6111067034666853e-03 1.0472552868828347e-22
0 53 -5.0697272353725353e-03 -5.8701481142298182e-23
0 54 -5.5521290305756395e-03 4.0255247781280685e-23
0 55 -5.9805747018987290e-03 1.1986952046624849e-22
0 56 -6.6404128728153791e-03 -4.8034929187675526e-23
0 57 -7.0885305044557749e-03 1.4773863893790320e-22
0 58 -7.7143701959723789e-03 1.1692488375421335e-22
0 59 -8.4569697679180243e-03 -2.9782710566225310e-22
0 60 -9.5168975638629267e-03 1.9685572627880369e-22
0 61 -1.1053339750467349e-02 1.8633988941404708e-22
0 62 -1.3113299273001386e-02 2.0384382995723673e-22
0 63 -1.4981779911711901e-02 1.3299228469084102e-22
0 64 -1.7009026569798438e-02 4.0149991296652110e-22
0 65 -2.0814827136912781e-02 4.6665642069966840e-22
0 66 -2.5740890146888264e-02 2.1647995653863952e-22
0 67 -2.9706675880830626e-02 -2.2769637549235935e-21
0 68 -3.5064043882233706e-02 -4.9055466703216710e-23
0 69 -4.5004769911406672e-02 -1.8200265579106049e-21
0 70 -6.8700093480697139e-02 -1.4239542049689627e-20
0 71 -1.5957171942146894e-01 -6.7011875790649004e-22
1 0 -3.5438608500146590e-01 3.1937714548251246e-05
1 1 -1.1131476575013551e-01 6.4580237299230215e-05
1 2 -6.4549250790591067e-02 -5.2781934267741771e-05
1 3 -4.8408939837158695e-02 8.4832881173264310e-06
1 4 -4.1270729524971482e-02 -1.2741921540479836e-04
1 5 -3.6970536151507465e-02 -1.8013730982053324e-04
1 6 -3.4050583445501353e-02 -2.2029885060055733e-05
1 7 -3.0213760298388709e-02 -3.3901372551161741e-05
1 8 -2.5049461717616111e-02 1.4092506889422214e-05
1 9 -2.0826832402022634e-02 -3.8662180142968187e-05
1 10 -1.7529690148805770e-02 -4.9654649113158335e-05
1 11 -1.4860799513824506e-02 -7.1417603917734002e-05
1 12 -1.2670490189682412e-02 -3.5957267319714834e-05
1 13 -1.0996087553207461e-02 1.8844171434641043e-06
1 14 -9.3556170440031779e-03 -1.4128350574220765e-05
1 15 -8.3970813923745970e-03 -2.1652195154066866e-05
1 16 -7.6113232923316933e-03 -5.0786121670363690e-07
1 17 -6.6545396861822474e-03 -3.3452293668561082e-06
1 18 -5.7269836468503317e-03 1.6784063029943854e-05
1 19 -5.0532197962954249e-03 -1.4093919968609681e-05
1 20 -4.5302602482472113e-03 -1.2754160654079600e-05
1 21 -4.1102569529476787e-03 -1.0591979384091297e-05
1 22 -3.4209709482074077e-03 -8.0632898885046759e-06
1 23 -2.7428243773630180e-03 -5.5611705951732034e-06
1 24 -2.2576248067010820e-03 -3.7411302288656338e-06
1 25 -1.7931692643213574e-03 2.1321467058967252e-06
1 26 -1.4389722113634443e-03 -3.1933815591160908e-07
1 27 -1.1919204061683370e-03 -1.5941081631756996e-06
1 28 -1.0466146059636629e-03 4.4589059258800613e-06
1 29 -9.1042743971204759e-04 1.4716328855305215e-07
1 30 -7.8268358567174878e-04 3.8585109444286371e-06
1 31 -6.6667746757758783e-04 1.2493148876500556e-06
1 32 -5.7328937207067022e-04 -8.7457803762114579e-07
1 33 -5.1279934410119847e-04 2.6112892150513499e-07
1 34 -4.6391721750306970e-04 3.0430588151761817e-07
1 35 -4.2918851292766383e-04 2.2202678485248411e-06
1 36 -4.0575905306599062e-04 1.6767676948884057e-06
1 37 -3.9859239624056767e-04 1.8395087775631805e-06
1 38 -4.1358821103770077e-04 2.0253847885847013e-06
1 39 -4.6823667782506292e-04 1.2830687476531900e-06
1 40 -5.4817732325714616e-04 2.0601833835505775e-06
1 41 -6.3305612998469792e-04 6.7258714345492020e-07
1 42 -7.3315663835587586e-04 -3.5889830709838428e-06
1 43 -8.6387247267325634e-04 1.4486622803707635e-07
1 44 -1.0094829113155227e-03 -3.8142793070474756e-07
1 45 -1.1450750758594949e-03 6.2938647613993919e-07
1 46 -1.3371221671107892e-03 9.7359235147489789e-07
1 47 -1.5751832948535779e-03 -2.7812883492095826e-06
1 48 -1.8912261864907913e-03 -6.7726347197512255e-06
1 49 -2.4008320909054406e-03 -2.8080824947504018e-06
1 50 -2.9537631800706792e-03 5.6739253246992841e-06
1 51 -3.2944437781182064e-03 1.3087187503093107e-05
1 52 -3.5276701764436120e-03 -7.5151982510765609e-06
1 53 -3.8747712402191501e-03 1.5119819048150938e-06
1 54 -4.2714279924050986e-03 -1.2463158356095388e-05
1 55 -4.5844712060683166e-03 6.5493957089020956e-06
1 56 -5.1007873608009558e-03 -1.1075548011781336e-05
1 57 -5.4175583664747683e-03 5.9794230184584703e-06
1 58 -5.8988620630176600e-03 1.2134646851804456e-05
1 59 -6.4887649593178692e-03 1.9563971482313301e-05
1 60 -7.3053002482863982e-03 8.6029529661994355e-07
1 61 -8.4648784826716304e-03 -1.9730958784171993e-05
1 62 -1.0006298439798377e-02 4.7268939482889943e-05
1 63 -1.1394244160090820e-02 2.8262466625469019e-05
1 64 -1.2930634671860088e-02 -3.5684992398084668e-05
1 65 -1.5921886569719067e-02 2.1978949519559071e-05
1 66 -1.9633543353646817e-02 5.1883116524058853e-05
1 67 -2.2641745332515308e-02 -1.1917472646394678e-05
1 68 -2.6790493550879601e-02 1.3534808130984265e-04
1 69 -3.4056174436726837e-02 1.1630579207437035e-04
1 70 -4.9925593923420018e-02 1.0694424943233901e-04
1 71 -9.9462621111338884e-02 3.7626790626165053e-04
2 0 -1.1352049414611159e-01 -9.0447580988250868e-04
2 1 -5.5611877728769132e-02 -6.3152184180415363e-04
2 2 -3.8105535256231227e-02 -4.1417420192935595e-05
2 3 -2.9633449787094295e-02 2.8384074446706302e-05
2 4 -2.5584871595166300e-02 -9.0783966526237301e-05
2 5 -2.2815697487372704e-02 -3.4173820980876261e-04
2 6 -2.1261884260724260e-02 -3.5386528174532718e-05
2 7 -1.8885591302425581e-02 -9.9659488027483743e-06
2 8 -1.5545602576956644e-02 3.3526195773390768e-05
2 9 -1.3074655903812047e-02 -1.0022409832978879e-04
2 10 -1.0811931661750119e-02 -7.7508508173878253e-05
2 11 -9.1927024173128636e-03 -1.1392701849490599e-04
2 12 -7.8457244155858696e-03 -5.2635883704331716e-05
2 13 -6.8824930786032558e-03 2.1507713329900426e-06
2 14 -5.8057699974552786e-03 -1.3857201525670678e-05
2 15 -5.1810621937672455e-03 -3.5515700501374193e-05
2 16 -4.6825961440400141e-03 -1.1015423432260775e-05
2 17 -4.0685546968824097e-03 -1.1371576401771638e-05
2 18 -3.5113747827593242e-03 2.5422950764070221e-05
2 19 -3.1199185212124649e-03 -1.8206489410667691e-05
2 20 -2.7945738785173794e-03 -1.2323681164394136e-05
2 21 -2.5487562600430263e-03 -1.7816059819191691e-05
2 22 -2.1154959503647151e-03 -1.4718110939072499e-05
2 23 -1.6911288777592217e-03 -1.0716557629628095e-05
2 24 -1.3821588912694344e-03 -8.1569138572457526e-06
2 25 -1.1016589741573138e-03 3.4758505705608990e-06
2 26 -8.8594109533202581e-04 4.2977735085294894e-07
2 27 -7.3945725006309643e-04 3.4994281113380048e-08
2 28 -6.5513361080265684e-04 7.6051158252309744e-06
2 29 -5.6467475532558326e-04 1.8345013819101142e-06
2 30 -4.8570477507383893e-04 5.7568617738918156e-06
2 31 -4.1168054963802698e-04 1.7741769180139837e-06
2 32 -3.5336089183621105e-04 -1.6546320293337958e-06
2 33 -3.1732500498868631e-04 5.7481239122409256e-07
2 34 -2.8524282560078240e-04 4.9310611177473427e-07
2 35 -2.6433535852042226e-04 2.6245960923236014e-06
2 36 -2.5013809925537270e-04 2.2172944482710007e-06
2 37 -2.4600567222336133e-04 2.6300123092451401e-06
2 38 -2.5562002922928487e-04 2.0613398710598915e-06
2 39 -2.8791430312713516e-04 1.5682363176968976e-06
2 40 -3.3920221966370008e-04 1.7261192297440986e-06
2 41 -3.9464673186958638e-04 5.3901425041981311e-07
2 42 -4.5315459478795922e-04 -4.7383277087015594e-06
2 43 -5.3717274329324091e-04 -2.6534035993487635e-07
2 44 -6.3140402422556959e-04 6.7026066677810331e-07
2 45 -7.1655184858266394e-04 2.1731581295705388e-06
2 46 -8.3666701773293668e-04 -1.2283998161021026e-06
2 47 -9.8372727078144544e-04 -2.4639634189655927e-06
2 48 -1.1723384029628005e-03 -3.5352176950779245e-06
2 49 -1.4919627694038695e-03 6.6655909031179425e-07
2 50 -1.8400920256486364e-03 -1.6067547297678563e-06
2 51 -2.0486676926540115e-03 1.5334128702389399e-05
2 52 -2.1920349170589373e-03 -1.2857228988411206e-05
2 53 -2.4051042511529118e-03 -1.7595299416024148e-06
2 54 -2.6875031522246469e-03 -9.9848312825903670e-06
2 55 -2.8653364576222591e-03 1.2137258809246602e-05
2 56 -3.2012195704627737e-03 -1.8547677202294157e-05
2 57 -3.3633163072691310e-03 1.1028360752268283e-05
2 58 -3.6695713306465964e-03 1.2259744390325239e-05
2 59 -4.0489508651424169e-03 3.0800076863219453e-05
2 60 -4.5627227052319804e-03 1.7227711929486599e-06
2 61 -5.2534779077722362e-03 -2.3575856752776641e-05
2 62 -6.1622483281951607e-03 6.1033349515537894e-05
2 63 -7.0018925396695512e-03 4.0075318604713397e-05
2 64 -7.9130136206535980e-03 -5.4807843096756470e-05
2 65 -9.8778536068233787e-03 -9.6103667029648883e-06
2 66 -1.2092698784255021e-02 8.4885581466005199e-05
2 67 -1.3905579279376048e-02 -4.1263642825737405e-05
2 68 -1.6526720508403991e-02 1.5877957756228384e-04
2 69 -2.0788603890149485e-02 1.6315952584437118e-04
2 70 -2.9224595724624464e-02 5.5040792869342434e-05
2 71 -5.0003713197686935e-02 1.3252537093222508e-04
3 0 -4.0614527035114319e-02 -7.0145275519420619e-04
3 1 -2.6681947421908554e-02 -3.2803508943426903e-04
3 2 -2.0832639589418785e-02 -1.8120526811582404e-04
3 3 -1.6715144318057564e-02 -2.3639628608870349e-05
3 4 -1.4798856414168896e-02 -6.7796981475000203e-05
3 5 -1.3030530842925530e-02 -3.5664780302229371e-04
3 6 -1.2317983976919441e-02 -8.4156326232320318e-05
3 7 -1.0999379259930338e-02 -1.9118854519563384e-05
3 8 -8.8653999198306625e-03 5.6711458010893622e-05
3 9 -7.6044340209013295e-03 -1.0438108656779634e-04
3 10 -6.1440524315517480e-03 -5.7507216731394086e-05
3 11 -5.1991863892893756e-03 -1.4707590266078169e-04
3 12 -4.4590003989652856e-03 -6.0057603673881531e-05
3 13 -3.9622801796808070e-03 6.6176843124228490e-06
3 14 -3.3092126780550780e-03 -1.2064251890602041e-06
3 15 -2.9524800377781690e-03 -1.7875286571554881e-05
3 16 -2.6584915805751164e-03 -1.2193155063922045e-05
3 17 -2.3066969101634490e-03 -2.1400965378116854e-05
3 18 -1.9819766648871556e-03 2.5103397449173809e-05
3 19 -1.7686844124362891e-03 -2.2289589141973287e-05
3 20 -1.5873514204616595e-03 -1.9972146998360696e-05
3 21 -1.4566386698477425e-03 -1.7254839162078937e-05
3 22 -1.2020464859038183e-03 -1.4287153913576104e-05
3 23 -9.5807834476367519e-04 -1.7798010987972001e-05
3 24 -7.8194515740554816e-04 -1.0100522600154450e-05
3 25 -6.2613912265484651e-04 4.9851641879340477e-06
3 26 -5.0243806789354540e-04 2.1865783019024830e-06
3 27 -4.2277559915300690e-04 4.5802310703529815e-06
3 28 -3.7999606176042432e-04 9.4423812144904120e-06
3 29 -3.2626281651385004e-04 3.9247765442210855e-06
3 30 -2.7925251426992983e-04 3.9050243848165417e-06
3 31 -2.3448573481803640e-04 6.9074615982975607e-07
3 32 -2.0104663340055041e-04 -2.7718615045831299e-06
3 33 -1.8161761535503900e-04 -2.3961765820616660e-07
3 34 -1.6176192422974348e-04 9.0483501263160849e-07
3 35 -1.4988421254009002e-04 2.7052242191659560e-06
3 36 -1.4312655841442544e-04 1.8738891440590786e-06
3 37 -1.4023839539251733e-04 2.7401058795488834e-06
3 38 -1.4539506912383156e-04 1.2728161394233965e-06
3 39 -1.6279705560325245e-04 1.2653625683802639e-06
3 40 -1.9548972224209322e-04 8.6649065287201053e-07
3 41 -2.2852490522143459e-04 -3.9308265230540578e-07
3 42 -2.5769268469217661e-04 -6.1589503284765213e-06
3 43 -3.0977841427828841e-04 -1.3907303797477051e-06
3 44 -3.6497471197998550e-04 9.5291844552789564e-08
3 45 -4.1444732534592015e-04 3.4617177926254284e-06
3 46 -4.8714569674948826e-04 -2.1761952251301563e-06
3 47 -5.7015952657601498e-04 -2.1974208444242845e-06
3 48 -6.6841876145707941e-04 2.2214452760907841e-06
3 49 -8.6091389559413405e-04 7.1274400422158197e-06
3 50 -1.0637899183340578e-03 -1.0180462700800718e-05
3 51 -1.1802468612862279e-03 1.1047380713460943e-05
3 52 -1.2633152695776207e-03 -1.6721032967418842e-05
3 53 -1.3842078854101627e-03 -8.1122976669967435e-06
3 54 -1.5693212642483958e-03 5.2034505475909481e-07
3 55 -1.6617948243436026e-03 1.5251299834583426e-05
3 56 -1.8745323650581579e-03 -2.1226137985389323e-05
3 57 -1.9295633059171623e-03 7.9274697731062529e-06
3 58 -2.1185110424918230e-03 2.1308966229510474e-06
3 59 -2.3423527749945991e-03 2.9265775599600832e-05
3 60 -2.6435334800993752e-03 7.4444938423780502e-06
3 61 -2.9993986025161324e-03 -1.8472902707134807e-05
3 62 -3.4883476698729420e-03 5.4887402920926764e-05
3 63 -3.9725252526262838e-03 2.5385116231903183e-05
3 64 -4.4447935003464629e-03 -6.8615855742690528e-05
3 65 -5.6753362466040597e-03 -2.3760259437938678e-05
3 66 -6.8783887482728248e-03 8.1477475644534548e-05
3 67 -7.8737165921001651e-03 -7.4738662016811096e-05
3 68 -9.3504138948900094e-03 1.1034774400100122e-04
3 69 -1.1727204815041940e-02 1.4012848820585023e-04
3 70 -1.5997428560660790e-02 9.8423601384302060e-05
3 71 -2.4270189371368007e-02 1.4591407886055356e-04
4 0 -1.5494889179835101e-02 -4.6959822852345531e-04
4 1 -1.3169884879715561e-02 4.3496429587532063e-05
4 2 -1.0960248953448314e-02 -2.5517611580951771e-04
4 3 -9.1715611334788980e-03 -7.3133518910582261e-05
4 4 -8.3377851367961667e-03 -9.9004516702771325e-05
4 5 -7.1791333115857683e-03 -3.0370139965595316e-04
4 6 -6.8568654290006503e-03 -1.1410059506415391e-04
4 7 -6.2255276297657550e-03 -1.7568932632195364e-05
4 8 -4.7959864262793360e-03 5.8367810702848364e-05
4 9 -4.2045412866006009e-03 -7.7829321555265219e-05
4 10 -3.3458172935237032e-03 -1.3050035914654889e-05
4 11 -2.7890757050473892e-03 -1.5591671035788311e-04
4 12 -2.4118072557511626e-03 -5.0187235089602772e-05
4 13 -2.1768035848182469e-03 7.0853960839618240e-06
4 14 -1.7901450077793509e-03 1.6382213613395584e-05
4 15 -1.6153919777679390e-03 7.9193710534480142e-06
4 16 -1.4388812563817790e-03 -5.4765873279136026e-06
4 17 -1.2639932846005791e-03 -3.2864427900667945e-05
4 18 -1.0641743468881660e-03 2.9465173151216709e-05
4 19 -9.5506184834296152e-04 -2.0720854261417299e-05
4 20 -8.6533717298565747e-04 -2.5057493869364831e-05
4 21 -7.9265641072280362e-04 -1.4931063329374639e-05
4 22 -6.4897685703536347e-04 -8.9381386713511894e-06
4 23 -5.1754535764768610e-04 -2.3507298195889768e-05
4 24 -4.2854795908593311e-04 -1.0098719176550952e-05
4 25 -3.4080462926712701e-04 5.9659802499999977e-06
4 26 -2.7220602622291879e-04 3.9513220519732369e-06
4 27 -2.3239820283002031e-04 8.6170382547383636e-06
4 28 -2.0973646690600491e-04 9.4538410433819457e-06
4 29 -1.8295918993614535e-04 5.7491095736387175e-06
4 30 -1.5490430967097799e-04 1.7613231738874456e-06
4 31 -1.2852605161770865e-04 -2.7506408753815813e-07
4 32 -1.1040712401399577e-04 -2.7058984235634032e-06
4 33 -9.9146041979085846e-05 -1.3108740662067380e-06
4 34 -8.8095147178175167e-05 9.8813502064725778e-07
4 35 -8.0956534874884227e-05 2.5819477628322938e-06
4 36 -7.9637307918059590e-05 1.1600141209244656e-06
4 37 -7.6515870250254653e-05 2.6905471451662896e-06
4 38 -7.7804186033689202e-05 -2.9449021587397362e-08
4 39 -8.8316536290546218e-05 3.2692581962778975e-07
4 40 -1.0848454490326989e-04 8.7223208026318785e-07
4 41 -1.2815590183578511e-04 4.1902082987970755e-07
4 42 -1.4075659997910263e-04 -6.7430757624459559e-06
4 43 -1.7318592052121393e-04 -9.6784783427543643e-07
4 44 -2.0296358771921400e-04 -4.6289643913490243e-07
4 45 -2.2979020679266994e-04 4.5681283223555238e-06
4 46 -2.7457395460017697e-04 -1.3204442336183177e-06
4 47 -3.1688374872220561e-04 -7.8207309842862729e-07
4 48 -3.6499893242854790e-04 6.6716837971665127e-06
4 49 -4.7736334712210424e-04 8.2093995388547837e-06
4 50 -5.9098523420773581e-04 -1.1701690010878069e-05
4 51 -6.4692581609004061e-04 4.2768060288931688e-06
4 52 -7.0075726947633967e-04 -1.9072842470014974e-05
4 53 -7.7285945647807407e-04 -1.1454046395484443e-05
4 54 -8.7544695519977615e-04 6.5565088756587366e-06
4 55 -9.2587894994415349e-04 1.5023280779299288e-05
4 56 -1.0631360659966898e-03 -1.8028070270253762e-05
4 57 -1.0646874818467445e-03 3.0968826946325317e-06
4 58 -1.1770827745464371e-03 3.6394332201217738e-06
4 59 -1.3051306954768365e-03 2.6566568899864388e-05
4 60 -1.4694155298140316e-03 7.6894727836420314e-06
4 61 -1.6270185559141158e-03 -1.8879310188922572e-05
4 62 -1.8871977947865219e-03 3.0755257432544648e-05
4 63 -2.1617648694514857e-03 3.3888012707727726e-07
4 64 -2.3726774441165856e-03 -6.3703200559285959e-05
4 65 -3.1282796839693151e-03 -7.7822136581737790e-06
4 66 -3.7373335418268241e-03 6.5596089893535947e-05
4 67 -4.2747146220821260e-03 -1.1298493856027896e-04
4 68 -4.9997371307743616e-03 4.9764842284372186e-05
4 69 -6.3145661459981187e-03 1.2091971034164020e-04
4 70 -8.3734762610258966e-03 8.6138694564440285e-05
4 71 -1.1529826981011229e-02 -7.9365645715806735e-05
5 0 -6.4434597897831932e-03 -2.3171942678903662e-04
5 1 -6.5849318181471113e-03 4.1476810447556952e-05
5 2 -5.5968291087679384e-03 -1.4557208670980709e-04
5 3 -4.9944904214972137e-03 -8.1358907947266053e-05
5 4 -4.6317418726530106e-03 -1.3410030431805167e-04
5 5 -3.8285133006063553e-03 -2.6250327725959319e-04
5 6 -3.7494522193577740e-03 -1.0285185949376462e-04
5 7 -3.5032704033044404e-03 -5.2097450741983335e-05
5 8 -2.4685223129940898e-03 6.2928877921637031e-05
5 9 -2.2566476710281455e-03 -6.8951673637511208e-05
5 10 -1.7633249387100014e-03 4.7844982719635612e-05
5 11 -1.4345123001612565e-03 -1.2571679196267903e-04
5 12 -1.2410669180783734e-03 -1.0745121143297181e-05
5 13 -1.1655110621934079e-03 -8.6279513637503904e-07
5 14 -9.2612343333195121e-04 2.6677979429715623e-05
5 15 -8.6159639523228750e-04 2.8336659843311746e-05
5 16 -7.5349013939737277e-04 -7.2136146673429230e-07
5 17 -6.7988154115091533e-04 -2.5249145149774685e-05
5 18 -5.5504305157712502e-04 3.4439638963465966e-05
5 19 -5.0015115299374701e-04 -1.8489091112192385e-05
5 20 -4.6052728916223920e-04 -2.3821408213028421e-05
5 21 -4.1597951139402730e-04 -1.2165168750599392e-05
5 22 -3.3511398240100446e-04 -6.2863840168731572e-06
5 23 -2.7297254040680835e-04 -2.4101703588821911e-05
5 24 -2.2921382290487147e-04 -1.0124865255483210e-05
5 25 -1.7982623331560171e-04 5.5724448447642929e-06
5 26 -1.4237505106629174e-04 7.6140624262667429e-06
5 27 -1.2368172557196441e-04 1.1572195510287569e-05
5 28 -1.1218071394039167e-04 7.4345487849602623e-06
5 29 -1.0034778353631967e-04 5.4065752665484469e-06
5 30 -8.3511188181201667e-05 -7.4283250690235307e-07
5 31 -6.8750892188708455e-05 -7.1771859626646813e-07
5 32 -5.9068260031506172e-05 -1.7721694664300968e-06
5 33 -5.2319471728168177e-05 -1.7961859814324450e-06
5 34 -4.6462473395179295e-05 1.3032161038058182e-06
5 35 -4.1831016172821762e-05 2.3415633792940750e-06
5 36 -4.3738689945202702e-05 6.1776229994151478e-07
5 37 -4.1145583658823949e-05 2.3536459240319687e-06
5 38 -4.0041130092120417e-05 -8.3638957456317741e-07
5 39 -4.6980156997160146e-05 -6.4479718186073126e-07
5 40 -5.8862370201300760e-05 9.8275498675333259e-07
5 41 -6.9306595445200379e-05 5.4368967783510155e-07
5 42 -7.4592972977776046e-05 -6.4177757783434691e-06
5 43 -9.4544850004704746e-05 9.6515150728176556e-07
5 44 -1.1208050365252872e-04 -5.6975870348884764e-07
5 45 -1.2403132621659451e-04 5.5294058364547554e-06
5 46 -1.5068153728234939e-04 3.5197629640384685e-07
5 47 -1.7030888009161933e-04 -6.5533257446070196e-07
5 48 -1.9323437670438806e-04 8.6737554003762129e-06
5 49 -2.5368876892277556e-04 4.7096456959687237e-06
5 50 -3.2263850681400850e-04 -7.8160318647881461e-06
5 51 -3.4042570495999407e-04 -6.3969038924135109e-07
5 52 -3.8210610151102024e-04 -1.7026556357963991e-05
5 53 -4.2404166497211372e-04 -1.4162827006753261e-05
5 54 -4.7127592392876195e-04 3.9664189507773418e-06
5 55 -5.0486436941474797e-04 1.3993258566331948e-05
5 56 -5.9334818963290741e-04 -7.6035989994970675e-06
5 57 -5.7911762243496173e-04 1.0017066913570316e-05
5 58 -6.3772677355025122e-04 8.6646245168023761e-06
5 59 -7.1609499665604645e-04 1.6431916001562896e-05
5 60 -7.9523734130486259e-04 1.2390311203714115e-05
5 61 -8.5677245607219921e-04 -2.0697225732023485e-05
5 62 -9.8927821945001796e-04 1.8848241240415065e-05
5 63 -1.1455880403286500e-03 -1.7621899027603332e-06
5 64 -1.2293387821586566e-03 -5.8456314016467354e-05
5 65 -1.6708951380173039e-03 1.4682650268161893e-06
5 66 -1.9702512795634940e-03 2.3434869743189767e-05
5 67 -2.2283873497091723e-03 -1.3273775542502501e-04
5 68 -2.5782522870087588e-03 1.3168872364335273e-05
5 69 -3.2987903541340053e-03 1.2512258988573835e-04
5 70 -4.2284909628961037e-03 1.7055617333996577e-05
5 71 -5.3872673899664578e-03 -5.4218634515495079e-05
6 0 -2.5910403701238302e-03 -2.1613842137835706e-04
6 1 -3.3502972686300266e-03 3.1411958914952455e-05
6 2 -2.8055550184386290e-03 -9.1836106050429648e-05
6 3 -2.6458175524462124e-03 -4.0821524460773903e-05
6 4 -2.5710429881333442e-03 -1.5914886029784958e-04
6 5 -1.9927563586747683e-03 -2.3178614967493103e-04
6 6 -2.1054587775661150e-03 -6.1029717391374896e-05
6 7 -2.0071400467671831e-03 -7.4631352371612585e-05
6 8 -1.2166312844150878e-03 8.1837152404640878e-05
6 9 -1.1625567723705466e-03 -9.6610235278614948e-05
6 10 -9.2106844653988280e-04 8.3770387340600586e-05
6 11 -6.9661329555659277e-04 -6.0799901284090666e-05
6 12 -6.0664917522744986e-04 3.7205579824474628e-05
6 13 -5.9809723321224977e-04 -1.0938939404220133e-06
6 14 -4.7675047547091916e-04 2.9494044087496592e-05
6 15 -4.5608268500997514e-04 3.8114069550019303e-05
6 16 -3.8466354923287320e-04 2.7249451898802873e-06
6 17 -3.6163846188165175e-04 -2.1258226663331712e-05
6 18 -2.8494986158273370e-04 3.0025894013387244e-05
6 19 -2.4978525181078477e-04 -1.7233046379118800e-05
6 20 -2.3709434791278124e-04 -1.9219663353841384e-05
6 21 -2.1646845326783574e-04 -8.2432139249385466e-06
6 22 -1.6554524539294095e-04 -4.3892457804879857e-06
6 23 -1.4190340748708972e-04 -2.1803801141837709e-05
6 24 -1.2108170193865966e-04 -8.2780844177895898e-06
6 25 -9.4282886655686307e-05 5.2293849546906466e-06
6 26 -7.0952747297457525e-05 8.5547636712858675e-06
6 27 -6.3495681825296270e-05 1.2283198048135672e-05
6 28 -6.0115165357044609e-05 4.8403835329803867e-06
6 29 -5.3659603993028405e-05 3.5862516626197000e-06
6 30 -4.4585747469744087e-05 -1.4913660501174660e-06
6 31 -3.6203488826261511e-05 -1.1378902908824974e-06
6 32 -3.1038390334068517e-05 -5.0479520930493324e-07
6 33 -2.6598884855278979e-05 -2.1283841604846675e-06
6 34 -2.4530685925604009e-05 1.6690290205624683e-06
6 35 -2.0668840497665735e-05 2.4213453131071064e-06
6 36 -2.4601915957775831e-05 5.4779386562673858e-07
6 37 -2.2332467293918230e-05 1.6845437120478102e-06
6 38 -2.0326161604414148e-05 -1.3440179670112114e-06
6 39 -2.4232308435394224e-05 -1.1513813623336775e-06
6 40 -3.1717989583152294e-05 9.9242400172614223e-07
6 41 -3.6142889292438890e-05 3.3720350987001925e-07
6 42 -3.8022694875166775e-05 -5.8881722791359002e-06
6 43 -5.0387887111135314e-05 2.2442160962563045e-06
6 44 -6.3235092210244919e-05 1.7302992099822172e-07
6 45 -6.6412296675325962e-05 5.0159130238032583e-06
6 46 -8.0935960554862386e-05 2.4153881080504055e-06
6 47 -9.0660778511079932e-05 -2.4213742599696602e-06
6 48 -9.7723931589865226e-05 9.2549690147007503e-06
6 49 -1.2908361767456863e-04 1.7131409739849820e-06
6 50 -1.8002870446983652e-04 -6.4998060974115043e-06
6 51 -1.7012789763854689e-04 -4.0031323507843717e-06
6 52 -2.0668554178779650e-04 -1.2483471577944076e-05
6 53 -2.2839112443041057e-04 -1.1159770908284084e-05
6 54 -2.4467348377527141e-04 -2.6092586148200534e-06
6 55 -2.6901496327864970e-04 1.0787311001529688e-05
6 56 -3.2983200103967340e-04 1.2193843616966580e-06
6 57 -3.1375396530145005e-04 1.8313455102525631e-05
6 58 -3.4293718962510314e-04 1.6713917145544051e-05
6 59 -3.8904923409874693e-04 1.2256461506381360e-05
6 60 -4.2318935561972852e-04 1.7290798871011317e-05
6 61 -4.3337930095446134e-04 -1.9924474720436475e-05
6 62 -5.0509886587927902e-04 7.7978849407276050e-06
6 63 -6.1082900816454111e-04 1.9637349248320413e-06
6 64 -6.3454320918459120e-04 -3.5043630865339945e-05
6 65 -8.6242674060922283e-04 9.9395633725061447e-06
6 66 -1.0192384663906670e-03 -1.1072645891750305e-05
6 67 -1.1085489098164284e-03 -1.0211533579609927e-04
6 68 -1.3026352966853845e-03 -5.6197929575312150e-07
6 69 -1.6954687383914941e-03 9.0192569042539346e-05
6 70 -2.0425060440312083e-03 -7.4703053372742935e-06
6 71 -2.5881652004664671e-03 -4.5369713870763206e-06
7 0 -8.4180359269912331e-04 3.5965247358185650e-05
7 1 -1.7310824126217852e-03 1.0922886164259215e-04
7 2 -1.4596118354041406e-03 -2.6734675494082343e-05
7 3 -1.3471418743243755e-03 6.8598521204354471e-06
7 4 -1.4586724648743155e-03 -1.8558469363699550e-04
7 5 -1.0240127709552887e-03 -1.9004862644017158e-04
7 6 -1.2262351970917841e-03 -4.1296902373187612e-05
7 7 -1.1926535706446367e-03 -6.5289466810296030e-05
7 8 -6.1394434845597160e-04 6.3085608977821536e-05
7 9 -5.5079905251223310e-04 -1.0539805002749197e-04
7 10 -4.8824856050374432e-04 1.0677509572763125e-04
7 11 -3.2791830204087523e-04 -2.4671486072726128e-06
7 12 -2.8029501437666496e-04 6.4746047672825289e-05
7 13 -2.8833357941129395e-04 -2.4552530781234964e-06
7 14 -2.4285858741414661e-04 2.9551160407429007e-05
7 15 -2.4274714840953493e-04 3.6771011216373070e-05
7 16 -1.8979267868706186e-04 1.9363087695786564e-06
7 17 -1.8723092703223549e-04 -2.2537013323741674e-05
7 18 -1.4363334147322624e-04 2.2152361452094303e-05
7 19 -1.1839507857844012e-04 -1.6325538750605153e-05
7 20 -1.1665059056675009e-04 -1.7614650614340826e-05
7 21 -1.1407837711800467e-04 -3.0147046132966595e-06
7 22 -7.9642421289019750e-05 -3.5448331384979847e-06
7 23 -7.2160165332488030e-05 -1.8077590336373155e-05
7 24 -6.2082422419378088e-05 -6.7195455257433956e-06
7 25 -5.0785045552279074e-05 3.4286368623308072e-06
7 26 -3.4311849969837424e-05 4.7623507834831724e-06
7 27 -3.0037997553987338e-05 9.5031339676213967e-06
7 28 -3.2849131090397160e-05 2.6034085802654027e-06
7 29 -2.7722116266672891e-05 2.1771317398577182e-06
7 30 -2.3140001491490171e-05 -1.8506918125641401e-06
7 31 -1.8751190415206816e-05 -1.3155899378740344e-06
7 32 -1.6572345096859587e-05 3.3505288984663719e-07
7 33 -1.3051787461885615e-05 -2.3785253527642840e-06
7 34 -1.3495963314697027e-05 1.7524927078334112e-06
7 35 -9.5535195815942036e-06 2.8400150094299370e-06
7 36 -1.4384705626226427e-05 6.7886977905309503e-07
7 37 -1.1710031466031051e-05 1.5214693974232850e-06
7 38 -1.0492736240618984e-05 -1.4593906654937803e-06
7 39 -1.2051800355273681e-05 -1.5988237272583883e-06
7 40 -1.7013193184483226e-05 1.0117714679263569e-06
7 41 -1.8694320222180973e-05 -4.3775030191770333e-07
7 42 -1.9012564818358727e-05 -5.4026407622801367e-06
7 43 -2.6784745194726079e-05 3.7380492229652382e-06
7 44 -3.5838723748985512e-05 -2.5877923655299274e-07
7 45 -3.5835072498112275e-05 3.1696584623662310e-06
7 46 -4.3603970404793057e-05 1.5534620438580299e-06
7 47 -4.7941504234954714e-05 -4.7503000386455395e-06
7 48 -4.6598881147859061e-05 1.0585580249042822e-05
7 49 -6.5500745111565987e-05 -2.6470277309500049e-06
7 50 -1.0339277953759687e-04 -4.5135758768866610e-06
7 51 -7.9809073114745210e-05 -5.9399273222000915e-06
7 52 -1.0816762399889597e-04 -5.9315289742057021e-06
7 53 -1.2610253385200707e-04 -7.1061800686985243e-06
7 54 -1.2426018511545243e-04 -5.5795878103863609e-06
7 55 -1.3435736253549350e-04 3.3556465937487484e-06
7 56 -1.7998546467040412e-04 8.8539768598724739e-06
7 57 -1.6929904707815873e-04 2.1516915382262640e-05
7 58 -1.8405201555818403e-04 1.6213662055113178e-05
7 59 -2.1226596296177025e-04 6.6133691240656496e-06
7 60 -2.2252335268699083e-04 2.3699896933728415e-05
7 61 -2.0565104068703070e-04 -1.8073271513402650e-05
7 62 -2.5235127413698470e-04 1.0028053749097680e-06
7 63 -3.3074897768882618e-04 9.2217622808479413e-07
7 64 -3.3112097755869807e-04 2.2509932603215318e-06
7 65 -4.2281952169362862e-04 4.4261459937468315e-05
7 66 -5.2648985337290077e-04 -1.9797337848465506e-05
7 67 -5.3178777611093727e-04 -6.4842043272187483e-05
7 68 -6.3265450474947135e-04 8.4923129679445604e-06
7 69 -8.7523589180169622e-04 6.5388795812349631e-05
7 70 -9.6634111480087216e-04 -8.5913378516017530e-06
7 71 -1.2310253201657294e-03 6.0176782219502476e-05
8 0 -2.9074253894626520e-04 1.1055681524581293e-04
8 1 -8.9008122224754765e-04 6.0231491372090159e-05
8 2 -7.7081919897094720e-04 -3.7580028589606542e-05
8 3 -6.7033445658463693e-04 6.2050515046910358e-05
8 4 -8.6903619129106622e-04 -1.6930393915471769e-04
8 5 -4.8763848425785802e-04 -6.8210936315154423e-05
8 6 -7.4377391115070706e-04 -6.2203340486228852e-05
8 7 -6.8670958090278754e-04 -2.9874433767256752e-05
8 8 -2.9779476305835260e-04 6.2008524620638659e-05
8 9 -2.3211608247999512e-04 -9.3876898106356720e-05
8 10 -2.5817870311169779e-04 1.2202498675416549e-04
8 11 -1.6030144438337692e-04 4.3666488097561268e-05
8 12 -1.3321065111850141e-04 5.9487758389522597e-05
8 13 -1.2071419274558160e-04 4.9744535636216728e-06
8 14 -1.2477693403933310e-04 2.4829319439113523e-05
8 15 -1.3328373307803360e-04 2.9784063599384031e-05
8 16 -1.0501324228463072e-04 3.1445261710488254e-06
8 17 -9.7607517077669340e-05 -1.8605936883214433e-05
8 18 -7.1154482099033251e-05 1.2554815966742103e-05
8 19 -6.3631957471602384e-05 -1.0577315509069555e-05
8 20 -5.3229184850021345e-05 -1.3311063709063377e-05
8 21 -6.0006209288139683e-05 2.4999821858881404e-07
8 22 -3.5666477051674958e-05 -3.9610109783707333e-06
8 23 -3.6936883420719166e-05 -1.3399448888927683e-05
8 24 -2.8627348938437391e-05 -4.4974134844380707e-06
8 25 -2.8748516926700358e-05 2.7148223105489333e-06
8 26 -1.6835024838813176e-05 -4.7496498308352217e-08
8 27 -1.0903603853006850e-05 6.7863060044474603e-06
8 28 -1.8936870941342158e-05 1.6952810103136205e-06
8 29 -1.2891385159319674e-05 1.5141063951359518e-06
8 30 -1.1971624811393870e-05 -2.5179152276640339e-06
8 31 -1.0116037385227085e-05 -1.1078900258139810e-06
8 32 -8.6218274358433033e-06 1.1447555159715772e-06
8 33 -5.9567863903710202e-06 -2.5571475708867580e-06
8 34 -7.6538873614815873e-06 1.6316622869809687e-06
8 35 -4.0465672814254110e-06 2.7589172841578831e-06
8 36 -8.4765711530056363e-06 3.9279527526219157e-07
8 37 -5.7578718786426246e-06 1.7701225770530842e-06
8 38 -5.4468067203862537e-06 -1.2837268061819513e-06
8 39 -5.7236885203498862e-06 -1.3711989271303145e-06
8 40 -9.2542251483068856e-06 1.1501589690358415e-06
8 41 -9.6251731706760852e-06 -1.0958851308323145e-06
8 42 -9.4440067381544965e-06 -4.4833298123833723e-06
8 43 -1.2853567356808168e-05 3.9770587787913691e-06
8 44 -1.9651016158104096e-05 -1.7946635507697385e-06
8 45 -1.9453186815532131e-05 6.9126560259567910e-07
8 46 -2.5099247404301799e-05 2.6178800155944286e-08
8 47 -2.6220786832917627e-05 -5.5783253137164605e-06
8 48 -1.9728593396247824e-05 1.2338053828980596e-05
8 49 -3.2924597991646616e-05 -5.9660882563215397e-06
8 50 -5.8393790262951637e-05 -3.6531642507089591e-06
8 51 -3.3950554343903509e-05 -6.0961258027623832e-06
8 52 -5.5239129336671097e-05 -7.6988906757900628e-07
8 53 -8.1427200256406284e-05 -2.1276049342819905e-06
8 54 -6.5927527694584787e-05 -5.4979655437741489e-06
8 55 -5.8633609806489585e-05 -8.7201606776357714e-07
8 56 -9.5584113092194096e-05 9.1092592315283980e-06
8 57 -8.8529806454395497e-05 2.2379643866413101e-05
8 58 -9.5004388082284448e-05 1.6412877582711905e-05
8 59 -1.1644290155307519e-04 -2.7408139136169772e-06
8 60 -1.0754576819950616e-04 2.4707650750256049e-05
8 61 -9.5359409791691458e-05 -2.4404812641392823e-06
8 62 -1.1956907598242956e-04 -6.8019871462240411e-06
8 63 -1.8636891372713528e-04 -2.0086621552529532e-06
8 64 -1.7819518505573468e-04 2.5525620178846084e-05
8 65 -1.9682760895405361e-04 6.8604625218048336e-05
8 66 -2.7995603585601964e-04 -1.8238186153914322e-05
8 67 -2.4459312791240412e-04 -3.7057556930136619e-05
8 68 -2.7930668555972308e-04 2.2964984456204716e-05
8 69 -4.2187864022101497e-04 4.4553976144940783e-05
8 70 -4.2086502202950959e-04 -1.3026960918657685e-05
8 71 -5.8672605799357672e-04 1.0690437239775059e-04
9 0 -1.1839702758847898e-04 4.6374159516499443e-05
9 1 -4.3990505054695788e-04 8.7623168155920081e-05
9 2 -3.3079201166855452e-04 -7.0621063509466092e-05
9 3 -3.5647255988504022e-04 1.2205421037227968e-04
9 4 -4.9548705380909170e-04 -1.3780821116227818e-04
9 5 -2.0921996313835682e-04 6.1879197785392388e-05
9 6 -4.7351084886998815e-04 -7.4235383722156856e-05
9 7 -3.6712053531541956e-04 -3.7487206974903242e-05
9 8 -8.4322478621687947e-05 6.4536559924770198e-05
9 9 -7.7536947365065747e-05 -4.3010415465493670e-05
9 10 -1.4481202519378295e-04 9.8014341499456968e-05
9 11 -9.2187960072266604e-05 6.8261436704354159e-05
9 12 -7.2283086880747834e-05 2.5722771084461214e-05
9 13 -3.5322433042780411e-05 9.1788447783621020e-06
9 14 -5.3022216672895210e-05 1.5891403634784485e-05
9 15 -7.5194767852510686e-05 1.7415163683829642e-05
9 16 -7.0676910256755088e-05 7.6669721354025379e-06
9 17 -5.3846213959258038e-05 -7.8555971754466018e-06
9 18 -2.7138346972124474e-05 8.9106766644027220e-06
9 19 -3.8940967674382081e-05 -3.9456931043751854e-06
9 20 -2.1942266027976064e-05 -8.1456075403998692e-06
9 21 -2.8356065146094032e-05 9.4514238495119838e-07
9 22 -1.4447636019269758e-05 -4.4402004915403025e-06
9 23 -1.9492953481646938e-05 -1.0080678601534362e-05
9 24 -1.1399526672254545e-05 -2.4842817579194291e-06
9 25 -1.5444687890911299e-05 4.5463295975078899e-06
9 26 -9.2777993720575518e-06 -2.9107526316570468e-06
9 27 8.2575366226892273e-07 4.7511064296844827e-06
9 28 -1.2048376857594587e-05 1.1546789411455733e-06
9 29 -5.3396496364704926e-06 -1.2810094804347482e-08
9 30 -6.3585060476466603e-06 -1.9902360325644613e-06
9 31 -6.4618006690049013e-06 -6.8145662480998960e-08
9 32 -4.4454861693666011e-06 9.4907196030741100e-07
9 33 -2.5681434698891479e-06 -2.5729389510281930e-06
9 34 -4.4309100374571082e-06 1.0596778851255258e-06
9 35 -1.5889475854922094e-06 2.2150785599471180e-06
9 36 -5.0403839281045410e-06 1.1553633439531360e-07
9 37 -2.6947835108640982e-06 2.3689656706499033e-06
9 38 -2.4688336881338115e-06 -8.9677846308874337e-07
9 39 -2.4319510628417448e-06 -7.1431100185595112e-07
9 40 -4.8225269479390601e-06 1.4076405140126971e-06
9 41 -5.2568661500487017e-06 -1.1041122086902704e-06
9 42 -5.0252265621153009e-06 -2.9062763457617296e-06
9 43 -4.6662203427452084e-06 4.1161545008149247e-06
9 44 -9.7970211107349096e-06 -2.2607798455906073e-06
9 45 -1.0295836271717464e-05 1.4969691517925610e-07
9 46 -1.6861245450956350e-05 1.1175169988006893e-07
9 47 -1.4700830251200538e-05 -5.2424051662952014e-06
9 48 -7.5036565662904451e-06 1.1407279080777132e-05
9 49 -1.4277982467040205e-05 -6.3470217452771068e-06
9 50 -2.9460334478451530e-05 -3.7402675049068837e-06
9 51 -1.1102035088220405e-05 -5.0239509343227202e-06
9 52 -2.9656108962916007e-05 4.1620960544088558e-06
9 53 -6.0845605486814412e-05 2.7526574244281515e-06
9 54 -3.9393193806405942e-05 -6.6512119853281826e-06
9 55 -2.1510308476543052e-05 -3.4556969592478369e-07
9 56 -5.0772834574086354e-05 9.8811198959766264e-06
9 57 -3.9978537372746862e-05 1.4302658801319715e-05
9 58 -5.0347369716056717e-05 2.5869865359020900e-05
9 59 -5.5766133178764005e-05 -1.1172128969426419e-05
9 60 -4.1984240566852744e-05 3.0239722247757118e-05
9 61 -4.1755507173905110e-05 9.6650411053791151e-06
9 62 -4.8256109472745763e-05 -1.9630739646380009e-05
9 63 -9.1610833434475119e-05 4.1507750506458699e-07
9 64 -9.7542643248479759e-05 3.7341900471540208e-05
9 65 -1.0862836770300702e-04 6.5496587878420719e-05
9 66 -1.4454833706899816e-04 -1.1562140646584068e-06
9 67 -1.0159071788477239e-04 -1.8244224051218579e-06
9 68 -9.0870373551076941e-05 2.3861605555019818e-05
9 69 -1.7989506503511823e-04 1.4527613129243265e-05
9 70 -1.1325161992752363e-04 2.3726480957165202e-07
9 71 -2.5780026122366090e-04 5.0027130648768856e-05
10 0 1.1859558864553727e-04 1.5344425159736103e-04
10 1 -2.0378323067193863e-04 1.0711166704069922e-04
10 2 -1.0978997270338842e-04 -8.5429133321033871e-05
10 3 -2.0773897567860416e-04 1.9267937137740465e-04
10 4 -2.4205378732365708e-04 -9.3356067025517954e-05
10 5 -8.2425943714134871e-05 1.3824603578019179e-04
10 6 -3.1837775751145531e-04 -6.7332833455929582e-05
10 7 -1.9406174512173567e-04 -7.3788064653483582e-05
10 8 3.8671572422913828e-05 7.5817253115923914e-05
10 9 -1.6944915495508232e-05 8.8112855836713040e-07
10 10 -8.4343221166553620e-05 5.4261635950718797e-05
10 11 -5.2717865486884814e-05 6.7439561527037463e-05
10 12 -5.1149252428767472e-05 2.8655583714703625e-06
10 13 1.0190490529359440e-05 2.1347793716441653e-05
10 14 -7.4738710598833875e-06 1.2762273359681583e-05
10 15 -4.1387548151854109e-05 5.0217537495263655e-06
10 16 -5.3422755649396460e-05 1.3489696764380509e-05
10 17 -2.4357124260352239e-05 8.4787907285250032e-06
10 18 -5.6416259421527935e-06 1.6111750459500148e-05
10 19 -2.7103802517617902e-05 1.5712511217165510e-06
10 20 -9.2651821659778134e-06 -4.8052842177731702e-06
10 21 -1.0040808338721493e-05 2.1734019084036946e-06
10 22 -5.1006723398452481e-06 1.6668626238862861e-06
10 23 -9.2446566082035047e-06 -7.9565782463979990e-06
10 24 -1.8829538564450846e-06 -1.0198652003372088e-06
10 25 -7.1871030989652061e-06 5.2576286735197949e-06
10 26 -4.5962655900534777e-06 -3.4129679875800145e-06
10 27 7.0550981875900354e-06 3.2191550276158387e-06
10 28 -8.8702894838498126e-06 1.4061514891186215e-06
10 29 -2.0932947607706344e-06 -1.4325347791360702e-06
10 30 -3.8115884202122965e-06 -1.3578954213896044e-06
10 31 -4.5226420681654292e-06 1.0813248096720078e-06
10 32 -1.8083074467909611e-06 6.3152755563978592e-07
10 33 -5.5473961871929783e-07 -1.8281553248273321e-06
10 34 -3.0336318551327590e-06 3.3992513923138579e-07
10 35 -7.0679820771716904e-07 1.6317268051895096e-06
10 36 -2.7430573341647620e-06 -3.7916926625344984e-07
10 37 -1.1849427762201716e-06 2.7313651459162291e-06
10 38 -1.9756976115030379e-07 -4.5239703505235129e-07
10 39 -1.1429866904797886e-06 -7.4797354087833550e-07
10 40 -2.1665456198956000e-06 1.6317507862858740e-06
10 41 -2.5794949796872797e-06 -6.9235054930983121e-07
10 42 -2.3382990943444794e-06 -1.1314251826638804e-06
10 43 -7.0822999551675372e-08 4.4491063621772530e-06
10 44 -3.5854763448532061e-06 -2.4893140847550785e-06
10 45 -4.0826385012299147e-06 1.1960897358902577e-06
10 46 -1.3453636387103167e-05 4.8847987580103950e-07
10 47 -9.2759122492316689e-06 -5.2136415649791472e-06
10 48 -1.4608640928912263e-06 8.4328409663390382e-06
10 49 -4.0535540678850605e-06 -5.3646310850575663e-06
10 50 -1.1984064326584960e-05 -4.2871799513800239e-06
10 51 1.7622664632126699e-06 -4.2247521762708878e-06
10 52 -1.4833054233109445e-05 8.9690154927813861e-06
10 53 -4.9818779024716551e-05 2.5041476342939502e-06
10 54 -2.6235252602572891e-05 -8.5017483497396260e-06
10 55 -3.3458482590238758e-06 -1.0383874158014614e-06
10 56 -2.4862540913970408e-05 1.1062825263802105e-05
10 57 -1.3288779529515605e-05 5.4373483631806965e-06
10 58 -3.6647807470030032e-05 3.1259008196329561e-05
10 59 -1.9356139421751554e-05 -1.1465070468654466e-05
10 60 -3.8475337866582712e-06 3.6520318580135738e-05
10 61 -1.5334210929099913e-05 1.3583822220554336e-05
10 62 -8.1995197641012070e-06 -3.7338750920316956e-05
10 63 -2.7474013583612630e-05 7.2056871559692873e-06
10 64 -5.5147473833938258e-05 3.6365159454574675e-05
10 65 -7.5216588686756127e-05 5.6869569830512488e-05
10 66 -7.9534170501380119e-05 2.9946670023691956e-05
10 67 -4.4312575707342725e-05 4.6764791004256624e-05
10 68 1.0535203218294082e-05 2.5981973865708705e-05
10 69 -4.4900209644774326e-05 1.4432245298170140e-05
10 70 2.1424767199098345e-05 3.2509242888179618e-05
10 71 4.1661295873772327e-05 -3.8322588873484145e-06
