0 0 -1.1596938688689244e+00 -8.7641861443002497e-20
0 1 -1.4346289246154387e-01 1.1633701188078028e-19
0 2 -5.4836432329094069e-02 8.4126507306244591e-21
0 3 -3.3902961554495757e-02 1.3236268114962045e-21
0 4 -2.7107458695792151e-02 -3.2808542438271987e-21
0 5 -2.2582172553229328e-02 -5.9096914306330218e-22
0 6 -1.9331718814463893e-02 3.3386906243423114e-22
0 7 -1.7361873370956099e-02 4.3755832356811276e-22
0 8 -1.5470934834071758e-02 4.8271346450498902e-23
0 9 -1.3547540213749581e-02 -1.8692828885738495e-22
0 10 -1.1869494948125645e-02 6.1560092597737677e-22
0 11 -1.0526887647815057e-02 7.2578401835934649e-23
0 12 -9.3962035324873204e-03 -3.8838594635055188e-22
0 13 -8.4865428429147793e-03 1.1200842266910891e-22
0 14 -7.6137379820602272e-03 5.0736584290033801e-23
0 15 -6.6176147395408226e-03 -7.2851471483687526e-23
0 16 -6.1284071513430152e-03 1.3701279060825452e-22
0 17 -5.7237138617000699e-03 6.0785954686271449e-23
0 18 -5.2104701756200359e-03 -1.3087367331252944e-22
0 19 -4.8653357126408458e-03 2.8062174051099261e-22
0 20 -4.4395836019101081e-03 -3.6078557014281466e-23
0 21 -3.8915464854649691e-03 -1.2222943263261859e-22
0 22 -3.3957244702437312e-03 -1.8214280810806271e-22
0 23 -3.0276525216703710e-03 -1.4203090472363225e-22
0 24 -2.7034676686965003e-03 1.5409187777877390e-22
0 25 -2.4453191571927576e-03 -2.0945885530288658e-22
0 26 -2.1394696140777662e-03 -6.2632047252493158e-24
0 27 -1.6942335019322643e-03 -1.1238417904364866e-23
0 28 -1.3206799683453119e-03 -1.7971698145378476e-23
0 29 -1.0441851645129718e-03 3.3085740054703917e-24
0 30 -8.5181771266444020e-04 2.2576482374036432e-23
0 31 -7.2402006349482845e-04 5.9556425464305744e-24
0 32 -6.4372358200665307e-04 -6.0668047571930421e-24
0 33 -6.0347903517447951e-04 5.7698453528710762e-23
0 34 -5.7410258687709147e-04 -2.4023111246686435e-23
0 35 -5.5401601954214964e-04 -1.9700424688833941e-23
0 36 -5.0949766689620149e-04 -1.9673503965673631e-24
0 37 -4.8906964246263514e-04 9.7429890811581289e-24
0 38 -4.9217644202991212e-04 4.8011076908632484e-24
0 39 -5.1607854066236471e-04 -1.0364190143100825e-23
0 40 -5.4370808607556720e-04 -8.4576100032069635e-24
0 41 -5.7548122172867359e-04 -1.9263617151023812e-23
0 42 -6.1872822188579189e-04 1.0927604914794922e-23
0 43 -6.8538368013137886e-04 -1.5336986574263520e-23
0 44 -7.6772549438892609e-04 2.0737465994285995e-23
0 45 -8.2121266052806452e-04 5.1949205295024137e-24
0 46 -8.6537078338071280e-04 8.9690673736079201e-25
0 47 -9.6722907775476032e-04 -1.2726984791263752e-23
0 48 -1.1074906395553486e-03 -2.3013210134095813e-23
0 49 -1.2814362579546639e-03 3.0707761906360640e-23
0 50 -1.4582757532174057e-03 -2.3239923291915911e-23
0 51 -1.6152320061383744e-03 7.9726759559996231e-23
0 52 -1.8042455468084790e-03 2.2916742025522968e-23
0 53 -1.9918385854124053e-03 -6.8025006104144519e-23
0 54 -2.2490235351203345e-03 7.5328947556981906e-23
0 55 -2.7113770888959510e-03 -2.0201410791688391e-24
0 56 -3.3566521036481017e-03 -9.3202839641637616e-23
0 57 -4.2053368857719797e-03 1.9966016178204565e-22
0 58 -5.3874258494202741e-03 6.3419378482995111e-23
0 59 -6.5045197942018443e-03 1.3727928130482950e-22
0 60 -7.5145263128473935e-03 -3.7169540706873010e-22
0 61 -8.7079505717744064e-03 -1.4110934898315895e-22
0 62 -9.6802201496682186e-03 -7.7147513995697065e-23
0 63 -1.0636811840612119e-02 4.4379580520041532e-22
0 64 -1.1877664343229923e-02 -2.9571614178673611e-22
0 65 -1.3291347595452908e-02 1.1861909146874380e-23
0 66 -1.5204733497588770e-02 -3.8746554248780212e-22
0 67 -1.8072357076674497e-02 -6.2097474639217217e-23
0 68 -2.2727117756676487e-02 6.4410330981154852e-22
0 69 -3.0708432110155299e-02 6.0412484155416041e-21
0 70 -5.1482041319645615e-02 1.9587143849174585e-20
0 71 -1.4345344371295105e-01 2.7036729752999159e-20
1 0 -3.3907591225290967e-01 -1.2084627334916704e-03
1 1 -8.6572157095020252e-02 -3.1265472708851694e-04
1 2 -3.9014329062272035e-02 -7.3568810413204966e-05
1 3 -2.5467183102494073e-02 -1.1062979383240811e-04
1 4 -2.0626397685727355e-02 -8.9203440162118823e-05
1 5 -1.7255064715729712e-02 -3.1554237194690040e-05
1 6 -1.4738194050034945e-02 8.5977115116609508e-07
1 7 -1.3266146859397924e-02 -1.1459239270479120e-05
1 8 -1.1826120839880749e-02 4.0013398495340368e-05
1 9 -1.0336027734541304e-02 3.7009992459957719e-05
1 10 -9.0976035931010779e-03 6.1523280427347535e-05
1 11 -8.0820411100721093e-03 1.8362850671547927e-05
1 12 -7.1881641076420519e-03 2.3542286359764744e-05
1 13 -6.5143930015635195e-03 -9.1145227877039889e-06
1 14 -5.8515624898523664e-03 -1.8961781203025134e-05
1 15 -5.0862921899219819e-03 -2.7869970150099639e-05
1 16 -4.7004489824226002e-03 -4.7096777294459052e-06
1 17 -4.3956568666794985e-03 2.4668252370910216e-05
1 18 -4.0059561938077587e-03 1.0329308856192321e-05
1 19 -3.7264901422365670e-03 -6.9483062170575627e-06
1 20 -3.4056986743838447e-03 -3.3481853533792201e-06
1 21 -2.9801437314730989e-03 1.1270782148576960e-05
1 22 -2.6056736244022241e-03 4.5659107914054074e-06
1 23 -2.3199294478685561e-03 -4.9615635133511707e-06
1 24 -2.0746374536628463e-03 4.4401420362256755e-06
1 25 -1.8751544629042360e-03 1.0045051296242186e-05
1 26 -1.6402362366264257e-03 9.6430720332222967e-06
1 27 -1.2977102570262762e-03 1.4531543417297896e-05
1 28 -1.0137086806573795e-03 3.8279332477168459e-06
1 29 -7.9617211381706454e-04 2.3521642609493438e-07
1 30 -6.5084827569390270e-04 -3.0366925339382374e-07
1 31 -5.5306711917356302e-04 2.0276039550013667e-07
1 32 -4.9244491541241750e-04 1.5438128278012605e-07
1 33 -4.6026260514062361e-04 -1.7151006182842327e-06
1 34 -4.4051990570589830e-04 -2.7640297950241899e-07
1 35 -4.2494407416145038e-04 6.9354889721046485e-07
1 36 -3.8911007705669037e-04 1.8096908207578880e-06
1 37 -3.7450726224391939e-04 -1.4427934605950476e-06
1 38 -3.7452172490676407e-04 -1.6447778009387338e-06
1 39 -3.9480729287587704e-04 7.7475250651153575e-07
1 40 -4.1416307628383005e-04 2.9763641679262480e-06
1 41 -4.3852498281876109e-04 2.7557199527904381e-06
1 42 -4.7139041472172519e-04 4.1054989620196063e-07
1 43 -5.2372636114596087e-04 1.3887978298644202e-06
1 44 -5.8590283025462180e-04 3.2869014897915917e-06
1 45 -6.2632529400992692e-04 2.7255384241489165e-06
1 46 -6.6153338829729781e-04 -3.9522268489891028e-07
1 47 -7.4045450696513305e-04 -2.7156630164207837e-06
1 48 -8.4742774175043157e-04 6.7183239401394063e-07
1 49 -9.8222702144001080e-04 6.4366295732733553e-06
1 50 -1.1149619718674290e-03 5.7082309622960746e-06
1 51 -1.2339465741461615e-03 -3.0881514941933776e-06
1 52 -1.3801468818439740e-03 -7.3512194380139672e-06
1 53 -1.5214770059825166e-03 3.4911981490990653e-06
1 54 -1.7214223852618196e-03 5.9482256071579322e-06
1 55 -2.0696048157688583e-03 1.3826803987000250e-06
1 56 -2.5576021144840637e-03 -3.5972009376097104e-06
1 57 -3.2005227955907213e-03 -3.6794459076090705e-06
1 58 -4.1104773643754408e-03 -8.8536196523075432e-06
1 59 -4.9566466565480940e-03 -3.7470390815782805e-06
1 60 -5.7275723786511627e-03 -1.3983370205335567e-06
1 61 -6.6749403992070067e-03 1.8343708533645631e-05
1 62 -7.4298035802249640e-03 -1.7070661428148974e-05
1 63 -8.1569522365100271e-03 -3.0995558686716245e-05
1 64 -9.1284271889374158e-03 -2.4896475979419063e-05
1 65 -1.0214334738580964e-02 1.6400981942497446e-05
1 66 -1.1667233948546270e-02 -3.5487818331547600e-05
1 67 -1.3803162605359236e-02 -4.0330847139922130e-05
1 68 -1.7331531837082095e-02 -3.7496694970156735e-05
1 69 -2.3172957226302995e-02 -1.9027679466580074e-04
1 70 -3.6781235361246285e-02 -4.3133560044878025e-04
1 71 -8.5217509904694927e-02 -2.1535151988005287e-04
2 0 -1.0466142858989580e-01 -1.9856274367728566e-04
2 1 -4.2336093227683252e-02 4.7105003867084594e-05
2 2 -2.2197992966699005e-02 -9.1340270314000624e-05
2 3 -1.5388291489292522e-02 -1.4994258024580672e-04
2 4 -1.2655164447894466e-02 -9.9141527883270968e-05
2 5 -1.0699194871479054e-02 -7.1236643863802166e-05
2 6 -9.1185217295499804e-03 2.7494623270062510e-06
2 7 -8.2118634451812111e-03 -3.0067116885028869e-05
2 8 -7.3736687497254864e-03 5.7661767517229679e-05
2 9 -6.4039275848649015e-03 5.8667265187587322e-05
2 10 -5.6794983326930084e-03 7.7891133238800666e-05
2 11 -5.0490777483293992e-03 1.8938832693253177e-05
2 12 -4.4575784291535385e-03 2.7601138483111638e-05
2 13 -4.0848965350376836e-03 -1.4541296178054428e-05
2 14 -3.6650320765327172e-03 -3.7793280781043485e-05
2 15 -3.2043712176148412e-03 -3.7548256460998448e-05
2 16 -2.9475089417972038e-03 -1.0380119176798937e-05
2 17 -2.7603830432502644e-03 3.9082969989369922e-05
2 18 -2.5116594942520068e-03 1.7091086713025276e-05
2 19 -2.3154138121965219e-03 -1.2104345345559939e-05
2 20 -2.1250182524639744e-03 -1.0194802236845936e-05
2 21 -1.8513338101389665e-03 1.4687999507163552e-05
2 22 -1.6303727464768399e-03 2.7386403399011582e-06
2 23 -1.4481154970543910e-03 -9.8419339313486363e-06
2 24 -1.3031757504795322e-03 7.1619547040282699e-06
2 25 -1.1726432286012810e-03 1.5513641304300631e-05
2 26 -1.0226709872070605e-03 1.3023749760002622e-05
2 27 -8.0865917387091559e-04 1.8627718980613726e-05
2 28 -6.3778580808539057e-04 4.0097189796539673e-06
2 29 -4.9294670257377603e-04 8.5614402306127158e-07
2 30 -4.0469173733308943e-04 -8.9459804503196809e-08
2 31 -3.4332140925196896e-04 -1.0120236604442388e-06
2 32 -3.0600518129581395e-04 1.1498730738626282e-07
2 33 -2.8267889452743337e-04 -3.7955992628399829e-06
2 34 -2.7485922346837230e-04 -3.2017945094180891e-07
2 35 -2.6461718962936378e-04 1.7939401334500598e-06
2 36 -2.4061512032045145e-04 1.7207965789927876e-06
2 37 -2.3237485724003103e-04 -1.5839311180369607e-06
2 38 -2.2993060033853254e-04 -1.8472717917175370e-06
2 39 -2.4487876874927531e-04 2.0520190542809810e-06
2 40 -2.5386119536521486e-04 4.3706749613486646e-06
2 41 -2.6925998933448076e-04 2.9735910474808390e-06
2 42 -2.9105179102563845e-04 1.9579850942477298e-07
2 43 -3.2521498242272704e-04 2.0510098440425470e-06
2 44 -3.6209673019809460e-04 4.7933517347898093e-06
2 45 -3.8796893344172049e-04 3.9185219392889855e-06
2 46 -4.1031919610396984e-04 -4.4168087263146296e-07
2 47 -4.6145162308659728e-04 -4.7855190575023314e-06
2 48 -5.2962690252146127e-04 7.5352008047735713e-07
2 49 -6.1466258219366684e-04 8.3130544818605359e-06
2 50 -6.9250024471693224e-04 6.4406838401118802e-06
2 51 -7.6019641192956163e-04 -5.1789106699823263e-06
2 52 -8.5925175323967528e-04 -6.9917317907858685e-06
2 53 -9.4101287744535625e-04 5.7016884517846673e-06
2 54 -1.0700353785970242e-03 6.5757265485823044e-06
2 55 -1.2761201924566736e-03 1.8659770222396344e-06
2 56 -1.5789373560553856e-03 -6.0828870988575144e-06
2 57 -1.9684752043859746e-03 -2.4315847236203329e-06
2 58 -2.5425222480640044e-03 -9.3522321438421788e-06
2 59 -3.0549659110748516e-03 -4.7876809501509307e-06
2 60 -3.5364892824343817e-03 -5.5167512212632361e-06
2 61 -4.1581174329019281e-03 3.2316961924313004e-05
2 62 -4.6378832252416818e-03 -2.1338574440926977e-05
2 63 -5.0916836543112949e-03 -5.4841593427327886e-05
2 64 -5.7212242168509821e-03 -4.7550844897212364e-05
2 65 -6.4090398776315543e-03 1.8510501866250117e-05
2 66 -7.2848845394523987e-03 -4.6014372345387531e-05
2 67 -8.5600218156455070e-03 -7.2046100293927020e-05
2 68 -1.0723625481866953e-02 -7.3519163089292382e-05
2 69 -1.4141734470997825e-02 -2.6327067982924603e-04
2 70 -2.1195619117088577e-02 -5.2333385347580984e-04
2 71 -4.1196171088193248e-02 3.5119156929771118e-04
3 0 -3.3774535614269588e-02 4.3840820131094940e-04
3 1 -1.9548185771423039e-02 -6.0196801423966752e-05
3 2 -1.1867565175574510e-02 -1.6036000798896988e-04
3 3 -8.6043896831698389e-03 -1.2282045652752116e-04
3 4 -7.1500702664443819e-03 -6.4634508042254551e-05
3 5 -6.1469669757324456e-03 -1.0013729994247509e-04
3 6 -5.2076550146493280e-03 -1.0082620808506183e-05
3 7 -4.6702454618978428e-03 -4.2433382199192344e-05
3 8 -4.2895814952064945e-03 7.2125459043544636e-05
3 9 -3.6598502675278285e-03 4.9308163080281744e-05
3 10 -3.2885831939504159e-03 7.5184360306946338e-05
3 11 -2.9127356272657082e-03 2.0023205680534309e-05
3 12 -2.5556557738834230e-03 2.5753189550284694e-05
3 13 -2.3864050610450695e-03 -1.6459976355264632e-05
3 14 -2.1321702184637012e-03 -5.0149566820699518e-05
3 15 -1.8750976830364736e-03 -4.1451513181825925e-05
3 16 -1.7239690500208905e-03 -8.5696977179797549e-06
3 17 -1.6204222754690400e-03 4.6200467599314851e-05
3 18 -1.4587953174138699e-03 2.7187322084408778e-05
3 19 -1.3322865483279055e-03 -1.6435185721044742e-05
3 20 -1.2244476593967074e-03 -1.4199481018026399e-05
3 21 -1.0610787419857101e-03 8.9766229577148000e-06
3 22 -9.5265258928835315e-04 -5.8813731714168422e-06
3 23 -8.4126129247942853e-04 -1.4460350719460349e-05
3 24 -7.6321750727253838e-04 7.8292458361571892e-06
3 25 -6.7877930447684620e-04 1.5415679113680334e-05
3 26 -5.9166016162871967e-04 9.9788840165882711e-06
3 27 -4.6612096293898022e-04 1.5303619696410766e-05
3 28 -3.7532053051816993e-04 2.7963267887499003e-06
3 29 -2.8380506385463874e-04 2.1983992272738041e-06
3 30 -2.3241334773263313e-04 -6.7574496280467959e-07
3 31 -1.9808191626526601e-04 -1.7998420142161991e-06
3 32 -1.7650048626199341e-04 -2.4853608050048216e-09
3 33 -1.5902780706460572e-04 -5.7707759689359044e-06
3 34 -1.5856906379401833e-04 -1.2035085327922799e-06
3 35 -1.5110179285346718e-04 2.0959771943139608e-06
3 36 -1.3742620060879529e-04 1.3442547887368895e-06
3 37 -1.3258841042468176e-04 -1.6918457051843655e-06
3 38 -1.3029764940193577e-04 -2.7471482879820545e-06
3 39 -1.4051194330386548e-04 2.2848014926024493e-06
3 40 -1.4229274889848907e-04 4.0976860788308634e-06
3 41 -1.5189152601100307e-04 2.2723931617261009e-06
3 42 -1.6607719628453611e-04 -6.9510533437312955e-07
3 43 -1.8646554380657307e-04 2.4739096950971037e-06
3 44 -2.0777207204517091e-04 6.2503174472989412e-06
3 45 -2.2333671905549091e-04 4.7499658009978538e-06
3 46 -2.3552937714103124e-04 9.4788181061147366e-07
3 47 -2.6710235844671753e-04 -5.5524289299924522e-06
3 48 -3.0810918900431886e-04 7.5448528536099075e-07
3 49 -3.5922672931282414e-04 8.0166625218627096e-06
3 50 -3.9668660272501729e-04 4.4131015795602005e-06
3 51 -4.2864968835147735e-04 -4.9797904327426473e-06
3 52 -4.9609537727835591e-04 -2.7194979644262445e-06
3 53 -5.3792528962050864e-04 7.5330790096251115e-06
3 54 -6.1523012062734657e-04 5.9987567964761219e-06
3 55 -7.2337712299795078e-04 2.5473899139228124e-06
3 56 -9.0018566156086226e-04 -2.4270897366142429e-06
3 57 -1.1158531549803716e-03 -1.5969688913106661e-06
3 58 -1.4539384233137125e-03 -8.5561158571192126e-06
3 59 -1.7417505403248667e-03 -8.8392430192275957e-07
3 60 -2.0240780242305649e-03 -4.7821757386626987e-06
3 61 -2.3953446695068833e-03 3.4471975502897958e-05
3 62 -2.6743764430009237e-03 -1.6408211219586600e-05
3 63 -2.9509862179800199e-03 -7.5110661822004092e-05
3 64 -3.3201017248114975e-03 -5.8141692168779674e-05
3 65 -3.7312432567240352e-03 1.2464162682922353e-05
3 66 -4.2038112650679589e-03 -4.4515395820058895e-05
3 67 -4.9391790550323902e-03 -6.3287674866732097e-05
3 68 -6.1488473085641801e-03 -8.0194101750190452e-05
3 69 -7.9790856346024959e-03 -2.4711925322868608e-04
3 70 -1.1236733883578598e-02 -4.2367495699368419e-04
3 71 -1.9124855978306501e-02 2.7182902670013290e-04
4 0 -1.2485268361053466e-02 -1.5006715448365610e-04
4 1 -8.9089760862991370e-03 -7.7610723427778793e-05
4 2 -6.2097461534398159e-03 -1.7706904804244540e-04
4 3 -4.6490859871913155e-03 -5.8789372355095029e-05
4 4 -3.8785392278377771e-03 -1.8768660901680239e-05
4 5 -3.3776941683797694e-03 -1.2145833495480886e-04
4 6 -2.8358213108897641e-03 -1.5285398685290985e-05
4 7 -2.5446038559861152e-03 -2.4316437851927047e-05
4 8 -2.4020812728553212e-03 7.5896203442071247e-05
4 9 -2.0070984853937331e-03 2.3984430988153365e-05
4 10 -1.8351192850292939e-03 6.8562987288672161e-05
4 11 -1.6139405729504418e-03 1.7931293108676651e-05
4 12 -1.4075434472298649e-03 1.9565383715264613e-05
4 13 -1.3438575261542898e-03 -1.3936129543421268e-05
4 14 -1.1974632890315103e-03 -5.1175444691652016e-05
4 15 -1.0561387319969015e-03 -3.2257670770811081e-05
4 16 -9.6845344312628217e-04 -9.0549391125455001e-07
4 17 -9.2258875541733514e-04 4.2989390864219223e-05
4 18 -8.0812919459607936e-04 3.4168254813368243e-05
4 19 -7.3503208125949408e-04 -1.6522510539590830e-05
4 20 -6.7585588131226183e-04 -9.6561852592955772e-06
4 21 -5.7988294029425488e-04 1.3652071976325657e-06
4 22 -5.3982447557600962e-04 -1.2530141820977407e-05
4 23 -4.7163332293217742e-04 -1.4961104747006246e-05
4 24 -4.3450210888450110e-04 4.7983463787756846e-06
4 25 -3.7783898709363255e-04 1.3951639250500682e-05
4 26 -3.3077046468333557e-04 5.3529690411329250e-06
4 27 -2.5991335520853258e-04 1.1232086201166680e-05
4 28 -2.1366081253932265e-04 -3.4356606891661710e-07
4 29 -1.5812305614571449e-04 2.9552870354379287e-06
4 30 -1.2628561042217707e-04 -1.3285487664738785e-06
4 31 -1.1078452310724710e-04 -2.1743402430832168e-06
4 32 -9.9029829842371770e-05 5.3967635040331248e-07
4 33 -8.5262301668689213e-05 -6.2459158352083165e-06
4 34 -8.6844333225626560e-05 -1.3976846197635824e-06
4 35 -8.1835441208384692e-05 1.9846503576303556e-06
4 36 -7.5685332326970147e-05 1.1710848447797082e-06
4 37 -7.2523700513918286e-05 -1.4682904862771039e-06
4 38 -7.1038723816110869e-05 -3.2390053648401938e-06
4 39 -7.7204488374395098e-05 1.7363068763587718e-06
4 40 -7.5847618630300856e-05 3.4435182070904426e-06
4 41 -8.2020571285215630e-05 1.4935489755782369e-06
4 42 -9.1481261322321110e-05 -1.6928268643932386e-06
4 43 -1.0136118100874901e-04 2.8832818380878199e-06
4 44 -1.1520309616077069e-04 7.4044862739316503e-06
4 45 -1.2403055230194180e-04 4.2440899333568316e-06
4 46 -1.2981516188940843e-04 1.4482422510676030e-06
4 47 -1.4940246764552645e-04 -5.7894232443157646e-06
4 48 -1.7196091515342862e-04 3.3600631232402760e-07
4 49 -2.0430181492378191e-04 5.2512552909945567e-06
4 50 -2.1704158851876715e-04 3.7945867307096196e-06
4 51 -2.2818377268892242e-04 -3.0116100595636736e-06
4 52 -2.7533746465819881e-04 1.3610093370358791e-06
4 53 -2.9613722822301007e-04 8.3292150454542638e-06
4 54 -3.4099784940982779e-04 3.6065063814041163e-06
4 55 -3.9123841058794095e-04 4.4063019696670074e-06
4 56 -4.9317087556130089e-04 2.3211996409506156e-06
4 57 -6.0747525850045575e-04 -1.1452476044650653e-06
4 58 -8.0154280641897677e-04 -8.5103004733075763e-06
4 59 -9.5726991538363322e-04 6.9661777191447267e-07
4 60 -1.1119856651792511e-03 -3.7134840152558169e-06
4 61 -1.3258120379056812e-03 3.2872141821856789e-05
4 62 -1.4732205100878352e-03 -3.8054272993331318e-06
4 63 -1.6407339633735781e-03 -7.7213282426558873e-05
4 64 -1.8645936918953686e-03 -6.0242675532474824e-05
4 65 -2.0726353284055139e-03 1.3668867161201490e-05
4 66 -2.3128839891368752e-03 -4.1309753246770764e-05
4 67 -2.7489190159276614e-03 -2.4405412735389778e-05
4 68 -3.4107251032549617e-03 -4.7436283593432562e-05
4 69 -4.3439860944549415e-03 -1.6885809320727746e-04
4 70 -5.6630315056867084e-03 -1.9255930017443991e-04
4 71 -8.6637124032430783e-03 1.4985636849394393e-04
5 0 -5.0174637449223146e-03 -2.6045978958109110e-04
5 1 -4.0720252983828384e-03 -9.4556475153676439e-06
5 2 -3.2157627473871340e-03 -1.7513286231265164e-04
5 3 -2.4597257412126423e-03 1.0865048241492132e-05
5 4 -2.0664453610028262e-03 2.2451587239395907e-05
5 5 -1.7731682614546245e-03 -1.1434490843407344e-04
5 6 -1.4891093114836557e-03 1.0547991145827917e-06
5 7 -1.3552347944673748e-03 -6.0881202504658535e-06
5 8 -1.3160968074343907e-03 6.9278819170254073e-05
5 9 -1.0791629158855317e-03 1.8219630690038509e-06
5 10 -1.0002761543936429e-03 5.7615751491661356e-05
5 11 -8.7404048656709366e-04 1.2040092061432408e-05
5 12 -7.4907530931612348e-04 3.3729157955105141e-06
5 13 -7.4265225710472673e-04 -1.3936080736494576e-05
5 14 -6.5604267465786594e-04 -3.6507548595312570e-05
5 15 -5.7794970194400121e-04 -2.0105665404194572e-05
5 16 -5.2468456373065567e-04 3.0383578774368369e-06
5 17 -5.1356535082136957e-04 2.7532157117104344e-05
5 18 -4.3376247130814363e-04 3.0497825717763742e-05
5 19 -3.8993516390028251e-04 -8.7391275984241740e-06
5 20 -3.6387392633701926e-04 -2.1926655411818317e-06
5 21 -3.0626943767414819e-04 -4.7653144556916350e-06
5 22 -2.9803097615379800e-04 -1.4803149475278489e-05
5 23 -2.5698334428499338e-04 -1.1563966717442438e-05
5 24 -2.3786739969716128e-04 2.5944219194982189e-06
5 25 -2.0619386758799274e-04 1.3420785547386037e-05
5 26 -1.8120767696429830e-04 1.3742017422378171e-06
5 27 -1.4289227139175189e-04 6.8046072310876981e-06
5 28 -1.1801639917099449e-04 -2.7707792170024866e-06
5 29 -8.7254802683438097e-05 2.7119568565424253e-06
5 30 -6.4560450364854613e-05 -1.7332878561729855e-06
5 31 -6.0271792829459357e-05 -2.4644589170799771e-06
5 32 -5.5576449213006397e-05 1.7201213776240238e-06
5 33 -4.4368953846719924e-05 -5.0689125085312073e-06
5 34 -4.5662933800083256e-05 -1.2014575644439948e-06
5 35 -4.2502834967032751e-05 2.1049792244584343e-06
5 36 -4.0469495607695517e-05 1.3852041994594296e-06
5 37 -3.9011702380529182e-05 -9.5873515391126977e-07
5 38 -3.8858153305711224e-05 -3.0631134877437498e-06
5 39 -4.1363940229273037e-05 5.0323416881523276e-07
5 40 -3.8823676742626528e-05 2.6483138854323790e-06
5 41 -4.3425879835082095e-05 1.1938675996010512e-06
5 42 -4.9187375252340555e-05 -1.9994912715889575e-06
5 43 -5.1991114876527471e-05 3.2094776343488212e-06
5 44 -6.2264892937104153e-05 7.4550953218660195e-06
5 45 -6.6522129789868371e-05 3.1088326768156709e-06
5 46 -6.9960154102294376e-05 1.4967206317844378e-06
5 47 -8.2088881816750551e-05 -4.5173868363794507e-06
5 48 -9.3102467527008743e-05 -2.2234702252992687e-07
5 49 -1.1525941316634563e-04 3.2741244185642832e-06
5 50 -1.1535474014117507e-04 2.2564935448929572e-06
5 51 -1.1614201792157275e-04 -1.8136393025009386e-06
5 52 -1.4895088650389803e-04 2.9095756192293124e-06
5 53 -1.5818102195730259e-04 7.3049329053103270e-06
5 54 -1.8574428332769578e-04 -1.9898905640601561e-06
5 55 -2.0744166622729704e-04 5.2629058931949558e-06
5 56 -2.6713771887141045e-04 5.8799219383369302e-06
5 57 -3.2247256392770431e-04 3.2742831213680295e-07
5 58 -4.3612842332872790e-04 -8.3679249556997974e-06
5 59 -5.0768723610052026e-04 -1.2937440480383127e-06
5 60 -5.9446361682001742e-04 -5.9870754826805999e-06
5 61 -7.1592118120661157e-04 3.3870016772518764e-05
5 62 -7.8384738571273839e-04 6.3400702570081303e-06
5 63 -8.8643582212718239e-04 -6.6728117699468853e-05
5 64 -1.0364654162027967e-03 -6.6505275083861981e-05
5 65 -1.1237059891939705e-03 6.9118895862266440e-06
5 66 -1.2285856119644031e-03 -3.0485646923682166e-05
5 67 -1.5065438519154385e-03 1.4528440127365865e-06
5 68 -1.8683477381355596e-03 -3.2751577441463262e-06
5 69 -2.3184824698457840e-03 -1.0838325128676888e-04
5 70 -2.8129805118596138e-03 -5.8601135948063079e-05
5 71 -3.9084300991153861e-03 7.3001985926781027e-05
6 0 -2.2120058818106705e-03 -1.6028805424498339e-04
6 1 -1.8933027108337557e-03 1.2520540491827865e-04
6 2 -1.6728122852361234e-03 -1.7307000933767286e-04
6 3 -1.2771786405461824e-03 4.6911574941823051e-05
6 4 -1.0938270445075425e-03 3.9083041972537925e-05
6 5 -8.8583880018508314e-04 -7.9675516997937773e-05
6 6 -7.4550839276574775e-04 3.2290848163788549e-05
6 7 -7.3436165000670005e-04 3.3099688646464879e-06
6 8 -7.1172299334468735e-04 5.2946313815960893e-05
6 9 -5.7218548775003894e-04 -1.4201853976835968e-05
6 10 -5.2980924649511730e-04 3.8934237388499242e-05
6 11 -4.6635274156252293e-04 8.1806871395378993e-06
6 12 -3.8845090189200610e-04 -1.6002289092167441e-05
6 13 -4.0885653582830531e-04 -1.0017563173360030e-05
6 14 -3.5279040585648786e-04 -1.7472301483176028e-05
6 15 -3.1003358144967593e-04 -7.3199357664439761e-06
6 16 -2.7588292372261768e-04 -1.0767853853802297e-07
6 17 -2.7753585407938938e-04 7.2461432680524379e-06
6 18 -2.2802160502668348e-04 2.1087363878091321e-05
6 19 -1.9501312082435558e-04 -3.1689697705955195e-07
6 20 -1.9869733804049914e-04 7.6000916669615623e-06
6 21 -1.6007405387642436e-04 -7.5900263303049121e-06
6 22 -1.5806714006283868e-04 -1.1637732329956370e-05
6 23 -1.3524773376250092e-04 -6.7051283076420754e-06
6 24 -1.2456665985613433e-04 -1.0114970981087440e-06
6 25 -1.1245191683493490e-04 1.1359146100365082e-05
6 26 -9.7701933407770637e-05 -1.1705185040870371e-06
6 27 -7.7429543328358182e-05 4.4078557485159241e-06
6 28 -6.2793673234877575e-05 -2.6349212871338200e-06
6 29 -4.8288050667588407e-05 1.2904528969796283e-06
6 30 -3.0662827765828286e-05 -1.7662593956020328e-06
6 31 -3.2200849509515687e-05 -2.0413488164364662e-06
6 32 -3.1193010924820264e-05 2.8814039725368966e-06
6 33 -2.2614830554126533e-05 -3.2026987157588153e-06
6 34 -2.3018485333864760e-05 -6.0678922515048603e-07
6 35 -2.1777013815497484e-05 2.1796347426221549e-06
6 36 -2.1337383720081255e-05 1.2177669559119086e-06
6 37 -2.0583866729530560e-05 -2.1540471653048826e-07
6 38 -2.1568594038316398e-05 -2.7868244149127538e-06
6 39 -2.1915525759085891e-05 -2.0102098760269130e-07
6 40 -1.8870371711365952e-05 1.5037092356171921e-06
6 41 -2.2595950537240132e-05 1.5445321178932855e-06
6 42 -2.6941833680996628e-05 -1.6919181480854707e-06
6 43 -2.5720443126711907e-05 3.0205302655409137e-06
6 44 -3.3101360773064601e-05 6.0351138643569985e-06
6 45 -3.4174454683147831e-05 2.4959206812307479e-06
6 46 -3.6737437514008743e-05 1.1439807870021551e-06
6 47 -4.4206607516542013e-05 -3.2665656661621373e-06
6 48 -4.8766755375666443e-05 6.4992346378232770e-08
6 49 -6.5805093666487934e-05 9.6440798049263010e-07
6 50 -6.0105554391284170e-05 2.6703214437955567e-06
6 51 -5.7897043321573066e-05 -1.8977453589939606e-06
6 52 -8.0240029551119816e-05 2.2619195388182841e-06
6 53 -8.1993959168197612e-05 4.9561937018266516e-06
6 54 -1.0017474056720502e-04 -7.0913289573720026e-06
6 55 -1.1012634446940108e-04 4.5809488072338626e-06
6 56 -1.4300437467794382e-04 7.1372233207885114e-06
6 57 -1.6609864721901430e-04 1.7130661936475942e-06
6 58 -2.3855843696952701e-04 -8.2506375326407597e-06
6 59 -2.5535926424978111e-04 -3.0002638949968070e-06
6 60 -3.1451875873946005e-04 -8.0142441152619114e-06
6 61 -3.8129413610792242e-04 3.0257329100203440e-05
6 62 -4.0261353870098607e-04 9.7631988894768682e-06
6 63 -4.7816139225506432e-04 -4.8103368114658706e-05
6 64 -5.7952359672972290e-04 -7.3701933901841268e-05
6 65 -5.9310179548501798e-04 -5.2715711005542885e-06
6 66 -6.4355743625082030e-04 -2.1673042655897261e-05
6 67 -8.2939404785457838e-04 1.8309880480785927e-05
6 68 -1.0142041801022991e-03 2.6803927853795875e-05
6 69 -1.2583792564532634e-03 -5.8683488824418538e-05
6 70 -1.3807672355315940e-03 -2.2620330850594893e-05
6 71 -1.7822771943300860e-03 9.1549286906536723e-05
7 0 -1.0723731869855414e-03 3.1810389527777772e-05
7 1 -8.8781049366657501e-04 1.5582024625478480e-04
7 2 -8.8369217462193784e-04 -1.3349964219363126e-04
7 3 -6.6836060695751756e-04 4.9559898095366932e-05
7 4 -5.8627609078187079e-04 3.7984698144495903e-05
7 5 -4.3641154880553275e-04 -4.7340296365440602e-05
7 6 -3.5561756830118722e-04 5.2185532533953684e-05
7 7 -4.0820099292828376e-04 5.5843974623161429e-06
7 8 -3.8631793663177952e-04 2.5842991492594242e-05
7 9 -3.0464609024994076e-04 -2.1538436468393660e-05
7 10 -2.7075986336698964e-04 2.2341843473714181e-05
7 11 -2.3942756406200542e-04 9.4437598354618627e-06
7 12 -1.9650198992426145e-04 -2.6879934309970561e-05
7 13 -2.2522391054961879e-04 -5.9495736600072238e-06
7 14 -1.9260839351368619e-04 -5.1170822671679436e-06
7 15 -1.5953623027478904e-04 3.8668881200589352e-06
7 16 -1.3945890582733568e-04 -3.9315020969738604e-06
7 17 -1.4280598554690716e-04 -1.0477712438223827e-07
7 18 -1.1686431343095884e-04 1.2088073094801362e-05
7 19 -8.9639255729674443e-05 1.9872353457087099e-06
7 20 -1.0611744468591396e-04 1.0949668330498545e-05
7 21 -8.5178421578960587e-05 -7.7974162717963977e-06
7 22 -8.1943354408545342e-05 -4.5135261467836493e-06
7 23 -6.9090860079202334e-05 -2.4098618345367286e-06
7 24 -6.2833002879208902e-05 -1.9982424635715102e-06
7 25 -6.0425047547577270e-05 8.7060997550327129e-06
7 26 -5.0714316395840038e-05 -3.0545647649074230e-06
7 27 -4.0397178968084140e-05 3.7497133167688331e-06
7 28 -3.1279434511590170e-05 -7.2438629020703479e-07
7 29 -2.7255542726459933e-05 3.1960346415467928e-07
7 30 -1.3410780346231664e-05 -1.1663700304965935e-06
7 31 -1.7153500202098613e-05 -1.3621883182801987e-06
7 32 -1.7630843157381512e-05 2.5437760617527713e-06
7 33 -1.1048512363799862e-05 -1.9929017090653725e-06
7 34 -1.1096457120518523e-05 1.1869751192750668e-07
7 35 -1.0879979442678207e-05 2.0270523461077051e-06
7 36 -1.1072308282992072e-05 1.0846396080801885e-06
7 37 -1.0322165233474473e-05 1.3890192798237204e-07
7 38 -1.2193774532181847e-05 -2.4790042671866884e-06
7 39 -1.1523522157512564e-05 -6.7293830426753608e-07
7 40 -8.2817231002004167e-06 2.3277582874185277e-07
7 41 -1.1354550625530824e-05 1.9736824350952520e-06
7 42 -1.5836071648606002e-05 -7.6074376730451652e-07
7 43 -1.2888484608617284e-05 2.6969333702011387e-06
7 44 -1.7014398447158673e-05 4.0372333712616545e-06
7 45 -1.7451738991916210e-05 1.8382488512657126e-06
7 46 -1.9078477278101866e-05 2.8282379655337069e-07
7 47 -2.3533871397613904e-05 -2.4570909458711601e-06
7 48 -2.5046105410150359e-05 7.5237712634750461e-07
7 49 -3.8761962056798948e-05 -1.8677497461364980e-06
7 50 -3.0439173515439346e-05 3.5596398907508450e-06
7 51 -2.8326112546411978e-05 -1.4201208791149038e-06
7 52 -4.4432485686147940e-05 1.2847566653845599e-06
7 53 -4.1617150683580039e-05 2.3291881987881572e-06
7 54 -5.3400548509766718e-05 -7.8650845845212161e-06
7 55 -6.0469677801689619e-05 3.9886630228963925e-06
7 56 -7.6701283620843780e-05 5.6615823700527315e-06
7 57 -8.4263937197226688e-05 3.6409013443110300e-06
7 58 -1.3203889869476280e-04 -1.2928764378022562e-05
7 59 -1.1636552310955306e-04 -3.2683825685421212e-06
7 60 -1.6935189974467775e-04 -7.7159924472275771e-06
7 61 -2.0329403144082658e-04 1.7702623341395683e-05
7 62 -2.0509795431916008e-04 8.1702564833230899e-06
7 63 -2.6108935521336046e-04 -3.1030114390692732e-05
7 64 -3.2471601178491437e-04 -6.7791239397271743e-05
7 65 -3.0024368435540070e-04 -1.2433128038678888e-05
7 66 -3.4043128446376486e-04 -1.5724250383638059e-05
7 67 -4.7383632833944780e-04 2.4533378613200318e-05
7 68 -5.5674750759366514e-04 2.8237147361148614e-05
7 69 -6.6515691030935066e-04 -3.1319275925151274e-05
7 70 -6.6956427725670879e-04 -4.1881611434494365e-05
7 71 -8.4904942326793117e-04 1.1594295535835682e-04
8 0 -4.8989338406529880e-04 1.0544960069441866e-04
8 1 -4.3085196827699195e-04 9.3185286648533207e-05
8 2 -4.9884652986351130e-04 -1.0370048085329732e-04
8 3 -3.4420301755819981e-04 5.3412564987206199e-05
8 4 -3.0578338654709453e-04 4.2645534770177355e-05
8 5 -2.2418263409994095e-04 -2.2820649930431415e-05
8 6 -1.5601029693506840e-04 5.1397811352858809e-05
8 7 -2.3135300414017725e-04 1.0219688034221375e-05
8 8 -2.1737149917354126e-04 6.4266688467646290e-06
8 9 -1.5951725150807158e-04 -1.6221570466973010e-05
8 10 -1.2734519793741600e-04 4.4195715886062112e-06
8 11 -1.1464062534998848e-04 9.2959318578923772e-06
8 12 -9.8627528930737848e-05 -3.0956294645806715e-05
8 13 -1.1798825563849576e-04 -1.3751991960676030e-06
8 14 -1.0966554191171899e-04 -3.8180908444911404e-06
8 15 -7.6616983067245961e-05 8.6391817569664228e-06
8 16 -6.6099911082060685e-05 -6.3038796432027059e-06
8 17 -7.1477893818125911e-05 -2.5116147552260312e-06
8 18 -5.9817923028897591e-05 1.1724407481873984e-05
8 19 -3.6645502888816404e-05 -1.7808375259210262e-06
8 20 -5.2753792145125829e-05 1.1248637718995137e-05
8 21 -4.5964195958683419e-05 -1.0308402006674818e-05
8 22 -3.7895432261062707e-05 2.9804588423653622e-06
8 23 -3.0770685362002819e-05 1.3118554665964854e-06
8 24 -3.0217735270811080e-05 7.3593834192635396e-07
8 25 -2.9932602567587133e-05 4.5867900485374206e-06
8 26 -2.4870795403723610e-05 -4.8271655622230580e-06
8 27 -2.0325992264396960e-05 3.3569351752678439e-06
8 28 -1.4339748853009209e-05 6.4440629362923037e-07
8 29 -1.5397449984423650e-05 9.4646557173258175e-08
8 30 -5.0332182616754787e-06 -1.1507964446071541e-06
8 31 -8.7802617896196764e-06 -1.3646312945964489e-06
8 32 -1.0230675546600588e-05 1.3570001037934371e-06
8 33 -4.8424861543206225e-06 -1.2529435672942246e-06
8 34 -5.9567502000082688e-06 1.1775795750488902e-06
8 35 -4.9317918026890093e-06 1.4263428659092797e-06
8 36 -5.3940030638779100e-06 1.1626831431706888e-06
8 37 -5.0306591421145563e-06 3.2312797310110653e-07
8 38 -7.3026710401927673e-06 -1.5282767734799646e-06
8 39 -5.9134192475131555e-06 -5.6904256771682737e-07
8 40 -3.3674754615516749e-06 -7.6769876918967223e-07
8 41 -5.2996248153100318e-06 2.4716196946980300e-06
8 42 -1.0052527435294166e-05 -5.6533918390698155e-07
8 43 -7.3798742463703637e-06 1.6627806231734280e-06
8 44 -8.7415779312683104e-06 2.8447021849917319e-06
8 45 -9.7163172152889940e-06 8.5557304120379522e-07
8 46 -1.0024944502127621e-05 -1.1691431541511838e-07
8 47 -1.2029651559321224e-05 -2.5618855049652948e-06
8 48 -1.2377063231776164e-05 9.8757257627697609e-07
8 49 -2.3581345238448178e-05 -3.6382205957723607e-06
8 50 -1.4770486896394181e-05 4.6257662194498060e-06
8 51 -1.4174064144187156e-05 1.1667918075811509e-08
8 52 -2.7053036034495226e-05 -4.5754778925980945e-07
8 53 -2.1864486364479760e-05 2.6114988635438746e-07
8 54 -2.8766546842060321e-05 -5.9296161719750351e-06
8 55 -3.4649569704651442e-05 2.4614762359963241e-06
8 56 -4.3380600959219428e-05 9.7343757966556283e-07
8 57 -4.2196073776368777e-05 1.6863640123051571e-06
8 58 -7.1471475742710492e-05 -1.4791570169331729e-05
8 59 -4.1015915408064142e-05 -2.8017541001399332e-06
8 60 -8.7337285220427064e-05 -5.5156524224057592e-06
8 61 -1.0790148585911812e-04 3.9681128749329433e-06
8 62 -1.1026302327315932e-04 1.7547913577680715e-06
8 63 -1.4333760094394174e-04 -2.7895403998478588e-05
8 64 -1.8954433890807062e-04 -5.0225328566890906e-05
8 65 -1.4698767027510612e-04 -2.1130920699197826e-05
8 66 -1.9577845501941122e-04 -3.4795309984442107e-06
8 67 -2.7170255781876445e-04 1.8534683643606734e-05
8 68 -3.1698097236991746e-04 2.0069706300533244e-05
8 69 -3.3036932952181078e-04 -1.2094889039075182e-06
8 70 -3.2063940505405936e-04 -6.4160041059999675e-05
8 71 -3.7908976540170565e-04 5.9285451931109417e-05
9 0 -2.7530799518477023e-04 6.1813362487348202e-05
9 1 -2.1308433239840448e-04 3.1854954516428263e-05
9 2 -2.7635895269514796e-04 -1.0060889146819851e-04
9 3 -1.7318371849629272e-04 4.9579992669971539e-05
9 4 -1.4725373728783478e-04 4.7200034107994466e-05
9 5 -1.0979607688481433e-04 -7.5531788458296893e-06
9 6 -5.6259801177250645e-05 3.7477111853398418e-05
9 7 -1.3645803403871285e-04 2.3577755235254744e-05
9 8 -1.3113494964786586e-04 -9.2400078043028054e-06
9 9 -7.0244336650535980e-05 -8.5946188983828915e-06
9 10 -4.9990737077461065e-05 1.4908142122319305e-07
9 11 -5.1264745604590258e-05 5.2428943043093778e-06
9 12 -5.2889991818260328e-05 -2.8586848782390100e-05
9 13 -5.5871845100173504e-05 -3.9416348502770514e-06
9 14 -6.7048120196372467e-05 -1.2801731254186935e-05
9 15 -2.9712907103998950e-05 9.3435585841973683e-06
9 16 -2.9571109042092079e-05 -6.3969747894732651e-06
9 17 -3.6942285200632980e-05 -1.4633764854589622e-06
9 18 -3.1486190263053681e-05 1.3724274161942841e-05
9 19 -1.8738730683405067e-05 -9.0116705014303860e-06
9 20 -2.3840469884291740e-05 8.4370088949324750e-06
9 21 -2.4861973614776831e-05 -8.8899328513693733e-06
9 22 -1.4511608745266825e-05 6.1367942000873591e-06
9 23 -1.0077776315580837e-05 3.1227446197157254e-06
9 24 -1.3887955728267403e-05 5.4819318572764172e-06
9 25 -1.5419181750615354e-05 -2.0496037652313373e-07
9 26 -1.1068460320558555e-05 -5.9343250339826935e-06
9 27 -1.1311371242002638e-05 5.8280108872193927e-06
9 28 -5.9514357791042339e-06 8.3732538508767213e-07
9 29 -9.0529543580675968e-06 2.1099398530830471e-07
9 30 -1.1490523050965360e-06 -1.3204183156816577e-06
9 31 -3.3725172709798491e-06 -1.6777998697485587e-06
9 32 -6.4528525138889218e-06 1.6235318845173068e-07
9 33 -2.0216906298097557e-06 -1.2423123488794477e-06
9 34 -3.9376917139786554e-06 2.1286931022662794e-06
9 35 -1.5879401704418011e-06 7.3512098879175374e-07
9 36 -1.9666495213872278e-06 9.2411987606064964e-07
9 37 -2.3410252477209884e-06 2.5869943530948490e-07
9 38 -4.3008220643935577e-06 -8.9009671195312148e-07
9 39 -3.1286087803905234e-06 -2.4092560620651708e-07
9 40 -1.0658408059307496e-06 -1.2924317820938034e-06
9 41 -2.3938037596750125e-06 2.6047604554053326e-06
9 42 -6.3015133544471789e-06 -5.6613046250706636e-07
9 43 -4.7990567210490021e-06 6.3798258319585720e-07
9 44 -3.7736917602227961e-06 1.4484116583256076e-06
9 45 -6.0996475101052140e-06 1.2358062234198280e-06
9 46 -5.3598782111643210e-06 6.0422584469896303e-07
9 47 -6.0031609356087878e-06 -2.7812434102190049e-06
9 48 -6.2213816232482613e-06 9.5717601842756037e-07
9 49 -1.4609672176192191e-05 -4.9077825706639001e-06
9 50 -5.6431286782797939e-06 5.2897299696185536e-06
9 51 -7.9853661881291619e-06 5.3531088388794408e-07
9 52 -1.7620933597445832e-05 -2.4265019057452509e-06
9 53 -1.3825563494963548e-05 -1.5888282162309814e-06
9 54 -1.7078077368110008e-05 -3.2145070575474234e-06
9 55 -2.1161490652838979e-05 -9.0294141762873748e-07
9 56 -2.4918628752412166e-05 -3.3044633007051098e-06
9 57 -2.1523453490022475e-05 -1.1643245657825391e-06
9 58 -3.8505863401137239e-05 -1.5953308393382281e-05
9 59 -3.5811844385317963e-06 -2.0536303091558556e-06
9 60 -3.7996884253151861e-05 -2.0915433459624012e-06
9 61 -5.9892322707610717e-05 -5.6018045181225978e-07
9 62 -6.6654613196633785e-05 -2.0516711543305558e-06
9 63 -7.6090535544914660e-05 -3.3263763085228411e-05
9 64 -1.2742587035780579e-04 -3.6367803696335448e-05
9 65 -7.3371971559364575e-05 -2.3578637485255376e-05
9 66 -1.2578329344248401e-04 1.0031912619174627e-05
9 67 -1.5872055048317589e-04 1.1797912307335563e-05
9 68 -1.9460792160881551e-04 1.5264062744437363e-05
9 69 -1.4070098042065217e-04 3.5765817271566666e-05
9 70 -1.2988836837597666e-04 -7.7052321496473588e-05
9 71 -1.0069235604801649e-04 -3.5155821906373150e-06
10 0 -1.2076204940334152e-04 -1.5192444743577107e-06
10 1 -1.4257429413060886e-04 -1.3464751898721318e-05
10 2 -1.3901536353756473e-04 -8.2493935082292885e-05
10 3 -7.8666578300071752e-05 1.5886335060639410e-05
10 4 -6.5730626106643035e-05 2.0970969438026424e-05
10 5 -4.4017867045318540e-05 2.3873407016510373e-06
10 6 -6.9581326290905538e-06 2.5712918929662771e-05
10 7 -7.8664583695685323e-05 3.5940585086399792e-05
10 8 -8.2890875952456011e-05 -2.8044067890808417e-05
10 9 -1.5366879951945248e-05 3.2859509476742478e-07
10 10 -2.0016902472926598e-06 -2.2564057359484592e-07
10 11 -2.0721372944872528e-05 5.2912822332634170e-06
10 12 -2.9672656767856411e-05 -2.7834385279575992e-05
10 13 -2.2093379508485598e-05 -1.3842877098158115e-05
10 14 -4.0577038993853659e-05 -1.7141332695752489e-05
10 15 -7.0600830533514956e-06 6.6072209262509995e-06
10 16 -1.0027851404810553e-05 -9.8126081249442326e-06
10 17 -1.9398193501947138e-05 -5.4554114211948158e-07
10 18 -2.1220149728697472e-05 1.5404515926575666e-05
10 19 -1.7215402603361938e-05 -1.2813527009160650e-05
10 20 -5.0413612192301793e-06 3.6938902735978724e-06
10 21 -1.1928752082438412e-05 -4.0940287851835154e-06
10 22 -5.4562780002471706e-06 4.2614390170539424e-06
10 23 -3.5835713737263614e-06 1.7963208948974372e-06
10 24 -5.5216798104518618e-06 9.4518075492410699e-06
10 25 -8.3795872104085521e-06 -5.9199967902197640e-06
10 26 -4.4852842927461287e-06 -6.4058464879607712e-06
10 27 -6.9970288380328106e-06 5.6085830925270265e-06
10 28 -8.9071037799047973e-07 9.8546648387547038e-07
10 29 -4.6402671470342267e-06 1.8548121785548453e-06
10 30 7.0809012023529900e-08 -1.5034650922868645e-06
10 31 3.1008273291823606e-07 -1.6914765023043026e-06
10 32 -3.8330454078382387e-06 -9.8695756524269077e-07
10 33 -1.2618781849429927e-06 -1.8413408163783318e-06
10 34 -2.2413916996350451e-06 2.0433353279148607e-06
10 35 -1.6784128911830638e-07 6.2971262098338590e-07
10 36 -5.5986176070494223e-07 4.9381581515517561e-07
10 37 -7.6971705667723349e-07 6.0140460457551762e-08
10 38 -2.2585030676063128e-06 -9.4839145089401914e-07
10 39 -1.8309093118271543e-06 1.6914500910310427e-07
10 40 -2.3025826717580750e-07 -1.5213627508245645e-06
10 41 -1.3443160354775530e-06 2.5364408742648310e-06
10 42 -4.2811805384919314e-06 -7.2329940379411602e-07
10 43 -3.5329344604649636e-06 3.7278335193652676e-07
10 44 -6.2981037870055919e-07 -1.5004286789949275e-07
10 45 -4.6813641996692408e-06 2.1346312615968534e-06
10 46 -3.2513777581006706e-06 1.5679093867793415e-06
10 47 -2.6024379930752630e-06 -2.6361306523657902e-06
10 48 -3.9108103092062550e-06 5.8261567126191098e-07
10 49 -9.3491535589478228e-06 -5.4787897445075583e-06
10 50 -1.5834543617303092e-06 5.8692991903537232e-06
10 51 -6.0716686576377768e-06 2.2189710415021909e-07
10 52 -1.1274524540987127e-05 -4.9077746680798962e-06
10 53 -9.4123875315213747e-06 -1.4202072473224647e-06
10 54 -1.1074341617123025e-05 -4.4107419036440323e-07
10 55 -1.4590597881268896e-05 -4.4139557613621908e-06
10 56 -1.4349996156690477e-05 -8.2357991405862127e-06
10 57 -1.4349893558832029e-05 -2.5893312207684335e-06
10 58 -2.4059241625805130e-05 -1.2482942798822082e-05
10 59 1.4215313307137690e-05 -1.0771831840511000e-06
10 60 -5.6067581933456052e-06 -1.9720499311460872e-06
10 61 -3.8849072852723840e-05 -5.2177650434122659e-06
10 62 -4.7051079509718952e-05 -1.9738246102711769e-06
10 63 -4.3222821016928983e-05 -3.3766625576524869e-05
10 64 -8.3580506101343393e-05 -3.5445981759633059e-05
10 65 -4.5693799421481321e-05 -2.2820367076162579e-05
10 66 -7.6254106040267230e-05 1.7619589672314146e-05
10 67 -1.0213819625914227e-04 1.2309364606412933e-05
10 68 -1.2545879006197966e-04 5.6220652038314221e-06
10 69 -5.1485428218272432e-05 5.7588478010019504e-05
10 70 -3.7253007983367796e-05 -7.7748701269020787e-05
10 71 -1.8716056465493073e-05 -5.9577757835452177e-05
