0 0 -1.1799743416305315e+00 -4.7410703346465117e-20
0 1 -1.5801722990203859e-01 -1.5362731831313541e-19
0 2 -6.5721960250582787e-02 3.1542885659816575e-21
0 3 -4.3258489572446969e-02 6.0496700398037606e-22
0 4 -3.4180659891702145e-02 -2.0186992336979819e-21
0 5 -2.6886333564098135e-02 1.0982180071368612e-21
0 6 -1.9893567472268892e-02 -6.6665410752977914e-22
0 7 -1.5604428876057926e-02 -3.0239845481374639e-22
0 8 -1.2657938400680748e-02 -7.4929975993212895e-22
0 9 -1.0599169341457385e-02 4.0180774590011341e-22
0 10 -9.0004222097710470e-03 2.4801933924122635e-22
0 11 -7.3673289720536756e-03 3.5171167038871428e-22
0 12 -5.8617589013325797e-03 1.1126650549684266e-22
0 13 -4.7112225248202976e-03 -1.0534434492706554e-22
0 14 -3.8979678917922585e-03 4.2043884208641925e-23
0 15 -3.4546647251119623e-03 2.2352747072126078e-23
0 16 -3.0111621465367150e-03 3.0364495088906589e-23
0 17 -2.6284824930858713e-03 -5.4015869093794982e-23
0 18 -2.3179457501007463e-03 -1.7737335833888037e-23
0 19 -1.9600305913048213e-03 -9.5878293410243421e-23
0 20 -1.6512855192051263e-03 3.5395345674108616e-23
0 21 -1.3778102861368021e-03 -2.0219536053462043e-23
0 22 -1.1436263283954174e-03 -2.5651658434017075e-23
0 23 -9.4333985083943999e-04 -1.6260676587451924e-23
0 24 -7.6702835343162945e-04 2.4145703235640315e-24
0 25 -6.3244248092594706e-04 3.4091808908071663e-23
0 26 -5.0823492650874504e-04 -1.1736352950603947e-23
0 27 -4.0576955396219881e-04 -4.4665288142130095e-24
0 28 -3.5287869568764106e-04 -1.1055027198043282e-23
0 29 -3.1346762543333988e-04 2.2684722287380201e-24
0 30 -2.7887161741567038e-04 -1.2876805941259132e-23
0 31 -2.4806093407955186e-04 1.7532909423549028e-23
0 32 -2.3190396638376331e-04 -1.5748765319215173e-24
0 33 -2.2986143590800578e-04 -1.1831120865298314e-24
0 34 -2.4180885015968745e-04 2.3819186993607849e-24
0 35 -2.6754691285396361e-04 8.9810432790019445e-24
0 36 -3.1027873482184268e-04 -1.3427136424138466e-23
0 37 -3.4943727218248453e-04 3.5511508150800016e-23
0 38 -3.8554799754550321e-04 1.4238763196438655e-23
0 39 -4.2595171013478018e-04 -1.5134306206690938e-23
0 40 -4.8304443890901381e-04 -4.1095607244491504e-24
0 41 -5.4152057140150411e-04 -4.0900496071265738e-24
0 42 -6.2630445367862684e-04 -1.4479915419678000e-23
0 43 -6.9656661769974717e-04 2.8512525274675705e-23
0 44 -7.3641097638892127e-04 -2.6009730561399022e-24
0 45 -7.9335931255764360e-04 4.5493360463243542e-23
0 46 -8.9542933883854196e-04 2.3568738315125502e-23
0 47 -1.0104174280710690e-03 -2.6784872248455114e-24
0 48 -1.1210407719144239e-03 4.8697842543293054e-23
0 49 -1.3087199915502944e-03 1.5876614876786406e-24
0 50 -1.5087741315136238e-03 4.9273553099738080e-23
0 51 -1.7473922448929173e-03 -2.5393235369962306e-23
0 52 -2.0970855824601255e-03 -6.5180901977479856e-23
0 53 -2.5903927123633688e-03 -6.5479166805121241e-23
0 54 -3.1954538385030630e-03 -7.4260045572734027e-23
0 55 -3.9451061179865514e-03 -1.4863672430258561e-22
0 56 -4.7532667871808335e-03 1.1931270379710294e-22
0 57 -5.7725271523853773e-03 -1.0623673919909445e-22
0 58 -7.1617709772983660e-03 -4.3241490300390185e-22
0 59 -8.2478634997927239e-03 4.3647308157894348e-22
0 60 -8.7719655224224088e-03 -2.1611236807406879e-22
0 61 -9.6705973298228248e-03 3.6563753479840458e-22
0 62 -1.1146461272666519e-02 5.1425194154846380e-22
0 63 -1.3051451209216426e-02 -2.1702081551367321e-22
0 64 -1.4964895423026330e-02 -6.9575612286466098e-22
0 65 -1.6328663857673408e-02 -2.8270353595671134e-22
0 66 -1.8211029285005318e-02 4.2033800355349688e-22
0 67 -2.1516786641862847e-02 3.0905967495972481e-22
0 68 -2.7146148653481351e-02 3.6286206120506051e-22
0 69 -3.7077434964522316e-02 4.1443344296227337e-22
0 70 -6.2911798305957833e-02 -1.3862373759565606e-20
0 71 -1.5861899591173673e-01 4.7433517628680446e-20
1 0 -3.5727325493112211e-01 -5.2625464336059124e-04
1 1 -9.6806148805065356e-02 -9.2328012785292682e-06
1 2 -4.7479439789834078e-02 -3.0341015899972213e-04
1 3 -3.2192530454119808e-02 -1.2894052994690607e-04
1 4 -2.5801970625663702e-02 1.5835728467334114e-04
1 5 -2.0282468716221455e-02 3.5996858005594415e-05
1 6 -1.5025815181505062e-02 -7.0513105310825294e-05
1 7 -1.1862203033807344e-02 -1.7472711295478085e-05
1 8 -9.6449689525910411e-03 -3.9340567723083015e-05
1 9 -8.0733573484067008e-03 -1.2191378124875768e-05
1 10 -6.8726597881747301e-03 3.5657150138142834e-06
1 11 -5.6054838981851691e-03 3.1789259141438400e-05
1 12 -4.4835450607262238e-03 2.9259741895970563e-05
1 13 -3.6023068856707529e-03 1.0234841462990758e-05
1 14 -2.9834243149113745e-03 3.5439466073262693e-06
1 15 -2.6433462050884544e-03 1.3064746546742222e-06
1 16 -2.3045268046369199e-03 -2.7005317024695060e-06
1 17 -2.0065645628901496e-03 -5.3432199978081875e-06
1 18 -1.7687639554896523e-03 -3.3379723159171911e-06
1 19 -1.4967940288860401e-03 4.9556722588753414e-06
1 20 -1.2581974917988505e-03 7.1266170807576174e-06
1 21 -1.0463621067275974e-03 7.3639201894687525e-06
1 22 -8.6993196877675663e-04 1.0290297761030850e-06
1 23 -7.1851343148642021e-04 -8.6636740693384494e-07
1 24 -5.8501468572561173e-04 -5.9918339579960011e-08
1 25 -4.8198378333966978e-04 -3.0242587672123342e-06
1 26 -3.8738647320984407e-04 -3.0069849271579418e-06
1 27 -3.0849421365876562e-04 -2.1751286117152213e-06
1 28 -2.7046686663471475e-04 -6.5756339881691845e-07
1 29 -2.3957086985584614e-04 -1.3506014203323328e-06
1 30 -2.1349026098242346e-04 -1.3283149075365727e-06
1 31 -1.9019230534033963e-04 -1.0859234211752772e-06
1 32 -1.7833484382974375e-04 -3.6399127980439908e-07
1 33 -1.7602535301818178e-04 -9.0844334512443524e-07
1 34 -1.8442907142601997e-04 -6.7687151227037517e-07
1 35 -2.0413013142289406e-04 2.1726299273484068e-07
1 36 -2.3840910151062413e-04 1.5472656762857925e-06
1 37 -2.6684391668014017e-04 1.1598355411185244e-06
1 38 -2.9451945992816172e-04 1.1274474554811688e-06
1 39 -3.2469056488761844e-04 5.3432520046925705e-07
1 40 -3.6888750816855604e-04 -1.2246524132968717e-06
1 41 -4.1379063209607799e-04 1.3375440966642813e-06
1 42 -4.8104609665885768e-04 1.2167701004486294e-07
1 43 -5.3390282544159447e-04 1.5529426266283280e-06
1 44 -5.6484257897405996e-04 4.8105982155861927e-06
1 45 -6.0783156087030254e-04 4.2401170409652993e-06
1 46 -6.8498063405742556e-04 3.4784905924074936e-06
1 47 -7.7585817127749852e-04 -3.9937675567440647e-07
1 48 -8.5541443859263842e-04 -2.4555251219304445e-06
1 49 -1.0049991882590732e-03 -5.9396527334499122e-06
1 50 -1.1525214011534667e-03 -1.2924829024969578e-06
1 51 -1.3401104192828990e-03 8.4330769710363883e-07
1 52 -1.6048140665288208e-03 1.4091479844856355e-05
1 53 -1.9907076284775534e-03 1.0411944836563056e-05
1 54 -2.4436650733033463e-03 2.4790103451031801e-06
1 55 -3.0076452797746403e-03 1.8025249683961519e-05
1 56 -3.6311072189277862e-03 1.0949258140860960e-05
1 57 -4.4263485137091456e-03 1.0124530642796507e-05
1 58 -5.4913431236439554e-03 -7.3515506396920177e-06
1 59 -6.3021942748448384e-03 -1.5558393482030757e-05
1 60 -6.6919109958641920e-03 2.5442313148362477e-05
1 61 -7.4005786900685827e-03 -3.4595977538551967e-05
1 62 -8.5388104439573006e-03 -1.0905124270045717e-05
1 63 -9.9987378854201441e-03 2.2003912208945089e-05
1 64 -1.1454553955459247e-02 -3.0851874384374001e-05
1 65 -1.2506143614063759e-02 -8.0289411489305954e-06
1 66 -1.3925456278510972e-02 -5.4419815657765703e-05
1 67 -1.6426824268771043e-02 3.9921018487866924e-05
1 68 -2.0535303411339627e-02 -1.8301529547964593e-04
1 69 -2.7731310567885931e-02 -7.3433315554429754e-05
1 70 -4.5257033470816277e-02 2.0279407874330391e-04
1 71 -9.6093588914324402e-02 6.7753793495386040e-04
2 0 -1.1649132227109443e-01 -1.1859221349748966e-03
2 1 -4.6691282880319672e-02 6.4331437411129855e-04
2 2 -2.7140803388571930e-02 -3.3608967785026585e-04
2 3 -1.8868749821115409e-02 -1.4080029410354334e-04
2 4 -1.5496852792790849e-02 1.9393214816142601e-04
2 5 -1.2250692198425886e-02 6.7136280594020989e-05
2 6 -9.0956894015874999e-03 -9.9286259317053546e-05
2 7 -7.2637432950573315e-03 -1.7829796606548766e-05
2 8 -5.9326154539052350e-03 -6.0193192037151661e-05
2 9 -4.9632258952536602e-03 7.0484331941209852e-06
2 10 -4.2577188428080644e-03 1.8153781937466549e-05
2 11 -3.4506000908664991e-03 3.0035139490594859e-05
2 12 -2.7817989000835869e-03 3.6002409568336757e-05
2 13 -2.2364803767377611e-03 1.1773812589019976e-05
2 14 -1.8587764435631583e-03 4.4805410001944248e-06
2 15 -1.6462580915305434e-03 -4.7406939969902290e-06
2 16 -1.4318120767075335e-03 -2.4423274485067442e-06
2 17 -1.2430311963893565e-03 -4.8178870472062315e-06
2 18 -1.0918618417431432e-03 -5.3533405762347603e-07
2 19 -9.2779217847537346e-04 7.0456530828716393e-06
2 20 -7.7186583593998688e-04 9.6552893496035287e-06
2 21 -6.3473157307426169e-04 1.1236417750805913e-05
2 22 -5.3358840940938843e-04 1.3404285001363278e-06
2 23 -4.4271606343908808e-04 -2.4936570405564943e-06
2 24 -3.6044746459234009e-04 -2.1806782872643152e-06
2 25 -2.9720173616225250e-04 -4.6302788626622368e-06
2 26 -2.3807588159640842e-04 -4.3761716327777763e-06
2 27 -1.8883086747478097e-04 -2.9137453312488083e-06
2 28 -1.6899133108010808e-04 -2.9287600969167767e-07
2 29 -1.4874412541593526e-04 -1.9393038218217804e-06
2 30 -1.3325205790174659e-04 -2.1777714473680782e-06
2 31 -1.1864228447556253e-04 -1.8256278703961074e-06
2 32 -1.1204690030505274e-04 -5.8659444466752410e-07
2 33 -1.0954074029693538e-04 -1.6852396641967046e-06
2 34 -1.1432087237470182e-04 -1.3198091281727705e-06
2 35 -1.2647420526025653e-04 -6.5573488644071860e-08
2 36 -1.4948099537190595e-04 2.6126953932210871e-06
2 37 -1.6541264830210515e-04 1.6621142532207868e-06
2 38 -1.8226178772591845e-04 1.7352817855024401e-06
2 39 -2.0011134246878851e-04 6.8841630843376782e-07
2 40 -2.2827006193500089e-04 -1.4175503590167884e-06
2 41 -2.5631023510797751e-04 1.9948667270958899e-06
2 42 -3.0179019585250611e-04 9.5284908568428274e-07
2 43 -3.3383856334061047e-04 3.3173582147579111e-06
2 44 -3.5442339020567369e-04 6.7110613812947484e-06
2 45 -3.7927619549846166e-04 5.8996195804015941e-06
2 46 -4.2568204987610339e-04 4.8330783134594713e-06
2 47 -4.8659103140146897e-04 -2.1109813706044689e-07
2 48 -5.2813604347712057e-04 -3.0412299902224842e-06
2 49 -6.2981183373948758e-04 -9.1621846766518952e-06
2 50 -7.1385817768953891e-04 -2.9447204854474405e-06
2 51 -8.3640859672275798e-04 1.2667169803432422e-06
2 52 -9.9795530162768422e-04 2.0988518330676208e-05
2 53 -1.2513364607568494e-03 1.5274235971005380e-05
2 54 -1.5136005569647256e-03 5.9847621081728295e-06
2 55 -1.8559767049088395e-03 1.9043085194717075e-05
2 56 -2.2600420071640717e-03 9.8101818839330323e-06
2 57 -2.7750894884242434e-03 1.0338853962598609e-05
2 58 -3.4384458593699598e-03 -2.9210928597590282e-06
2 59 -3.8963329416947896e-03 -1.7967732812916230e-05
2 60 -4.1243128504824568e-03 2.3863864178030125e-05
2 61 -4.5920842542449582e-03 -3.4255587426141695e-05
2 62 -5.3129892159546072e-03 -9.5784550883427904e-06
2 63 -6.2207646920102635e-03 2.9583384293212982e-05
2 64 -7.1520210884406599e-03 -4.7230660432168108e-05
2 65 -7.8003998785870438e-03 -4.5150083553954228e-05
2 66 -8.6271703482247008e-03 -6.4767978779815171e-05
2 67 -1.0206928394763297e-02 9.6990488553796002e-05
2 68 -1.2471296691555741e-02 -1.9232657200299072e-04
2 69 -1.6537299047010491e-02 -1.4490812457323602e-04
2 70 -2.5560796032298161e-02 1.7107755205757129e-04
2 71 -4.7871818142506697e-02 8.2685548154141518e-04
3 0 -4.0017368851706578e-02 -1.7128420838697625e-03
3 1 -2.1094888963373106e-02 7.1052033159462553e-04
3 2 -1.4136698721612918e-02 -1.7315482198982770e-04
3 3 -1.0110689090457561e-02 -1.8608688221383187e-04
3 4 -8.3893302827480927e-03 1.3332797692175780e-04
3 5 -6.7663242529998535e-03 1.1498942687310329e-04
3 6 -5.0730065639336451e-03 -1.1307250730792613e-04
3 7 -4.0884026776262933e-03 1.1663272556476012e-06
3 8 -3.3358044930625603e-03 -6.4463212850778462e-05
3 9 -2.8014594009454987e-03 3.0846874697713432e-05
3 10 -2.4368085446310923e-03 3.2934812218176932e-05
3 11 -1.9649829104126859e-03 1.6315454329993178e-05
3 12 -1.5835062676547869e-03 3.0493846758645823e-05
3 13 -1.2815150701305580e-03 6.6248022341593760e-06
3 14 -1.0719321764774820e-03 6.7088499727552193e-06
3 15 -9.5011523912386260e-04 -7.8979798863126387e-06
3 16 -8.2249976470875224e-04 1.8652494516653815e-06
3 17 -7.1371966642628463e-04 -2.3523857342170054e-06
3 18 -6.2190663651564009e-04 3.0984618422288144e-06
3 19 -5.3390406341205174e-04 6.7376321028430928e-06
3 20 -4.3572470456983565e-04 1.1264465109896380e-05
3 21 -3.4967846965724980e-04 1.1367035448566339e-05
3 22 -2.9970733996022042e-04 7.8857562322878449e-07
3 23 -2.5282720031921798e-04 -3.2249772012693906e-06
3 24 -2.0355416706439389e-04 -3.9783855311741610e-06
3 25 -1.6963728882831268e-04 -4.6668188839078575e-06
3 26 -1.3477855610036650e-04 -4.4769716432295055e-06
3 27 -1.0645599019544691e-04 -2.9325793515145796e-06
3 28 -9.8529375731924636e-05 -1.8686288232049037e-07
3 29 -8.5733835801209520e-05 -1.7251184772658028e-06
3 30 -7.7168508440691707e-05 -2.0877548331029481e-06
3 31 -6.8562996287165423e-05 -2.2241447318413550e-06
3 32 -6.5094384058462479e-05 -8.0566610159225680e-07
3 33 -6.3181082319344948e-05 -1.9689946761783689e-06
3 34 -6.5735213370194417e-05 -1.7644393568270784e-06
3 35 -7.2718957973597561e-05 -5.0318909363840591e-07
3 36 -8.6868177299305807e-05 2.9679016962325455e-06
3 37 -9.5055376336700712e-05 1.3972778706165361e-06
3 38 -1.0432259550943213e-04 1.6438060808335423e-06
3 39 -1.1353014532415023e-04 6.5809135956679061e-07
3 40 -1.3066838719387439e-04 -8.5887123029139794e-07
3 41 -1.4629779979288636e-04 1.7438218041708786e-06
3 42 -1.7604083521023000e-04 1.3274146244916004e-06
3 43 -1.9320938366648637e-04 4.2009355620765488e-06
3 44 -2.0769460484960638e-04 5.9026620490657629e-06
3 45 -2.1917496516643865e-04 5.4790645407969999e-06
3 46 -2.4469741593509994e-04 4.8297958431234874e-06
3 47 -2.8327127783800188e-04 -5.9745265606813066e-07
3 48 -3.0039842264194727e-04 -1.9528845190445461e-06
3 49 -3.6574881198886096e-04 -1.0099200243177919e-05
3 50 -4.0620988329188092e-04 -4.6650082927057303e-06
3 51 -4.8320079592583119e-04 1.8367591634388600e-06
3 52 -5.7655272821859104e-04 1.8909510027869691e-05
3 53 -7.3209892477465468e-04 1.3434555496155787e-05
3 54 -8.6092708233119930e-04 6.3572623010934553e-06
3 55 -1.0540912486876467e-03 1.3175961336103548e-05
3 56 -1.3075649891287967e-03 9.3537949388415122e-06
3 57 -1.6140032457808910e-03 -1.8613328909505346e-06
3 58 -2.0189757655612950e-03 5.4679501034692553e-06
3 59 -2.2212382109201064e-03 -1.0329673593037318e-05
3 60 -2.3610530779117254e-03 6.3505135299846867e-06
3 61 -2.6434474147561909e-03 -2.8700551827345076e-05
3 62 -3.0637569340633245e-03 -1.6589760713276286e-06
3 63 -3.5741105655772163e-03 1.2053027547829860e-05
3 64 -4.1591073807702725e-03 -4.9141328618979755e-05
3 65 -4.5302976770435887e-03 -7.0193018366567514e-05
3 66 -4.9112264635010512e-03 -5.5257031921440016e-05
3 67 -5.8351376881473791e-03 1.4909447781695994e-04
3 68 -6.9313848264239706e-03 -9.6811562533542146e-05
3 69 -9.1207637560639550e-03 -2.2412154149562005e-04
3 70 -1.3247940852898311e-02 -2.7365812210660066e-05
3 71 -2.2527733773811117e-02 2.7249914065660393e-04
4 0 -1.4556851435855169e-02 -1.6414485850269134e-03
4 1 -8.7292519400446692e-03 4.8682678559061187e-04
4 2 -7.1296177263077704e-03 1.1349749699742418e-05
4 3 -5.2431200385220705e-03 -1.3939455029653150e-04
4 4 -4.2888623070812633e-03 3.5375741217663066e-05
4 5 -3.6033225820524218e-03 1.0745485309218624e-04
4 6 -2.7110170267300514e-03 -1.3513488891295786e-04
4 7 -2.1999948116946627e-03 -1.3441334152114055e-05
4 8 -1.7673028889693264e-03 -6.2953751066408724e-05
4 9 -1.5099794140764455e-03 3.4303556367594743e-05
4 10 -1.3365937815538300e-03 3.6500893889693811e-05
4 11 -1.0726739216306690e-03 4.5996783581421235e-06
4 12 -8.4902216511107450e-04 1.8299221169064700e-05
4 13 -7.0828522221116582e-04 -8.0656684641755055e-07
4 14 -5.9328996626414020e-04 1.2465194714093494e-05
4 15 -5.3217304256942242e-04 -2.4945849995928618e-06
4 16 -4.5095323800607180e-04 4.5586487652054737e-06
4 17 -3.9386444701861701e-04 -6.7212923950360690e-07
4 18 -3.3741220512772182e-04 3.4865685845041893e-06
4 19 -2.9608134274352428e-04 6.8630891818853739e-06
4 20 -2.3684852836617447e-04 1.0351600836633713e-05
4 21 -1.8307750305238799e-04 9.5890245235630399e-06
4 22 -1.6211480278269941e-04 1.2648298899864652e-06
4 23 -1.3798234356973362e-04 -3.3256932724871273e-06
4 24 -1.0899260039003294e-04 -4.4469769357604491e-06
4 25 -9.3381743589091606e-05 -4.1914030105554401e-06
4 26 -7.3027129898036518e-05 -3.7304050477762122e-06
4 27 -5.7180784350943629e-05 -3.0288846797652362e-06
4 28 -5.5599695139945349e-05 3.9584613095008592e-07
4 29 -4.7414071233076855e-05 -1.3304980047914114e-06
4 30 -4.3234416934381862e-05 -1.5650781505169940e-06
4 31 -3.8269875453651516e-05 -2.3383118419241610e-06
4 32 -3.6284264357114812e-05 -8.2012280525161540e-07
4 33 -3.5248939467158722e-05 -1.8596505376913644e-06
4 34 -3.6428029491600999e-05 -1.4790617079504269e-06
4 35 -3.9919553918673830e-05 -5.3482038153111483e-07
4 36 -4.8751691145715022e-05 2.5246657145026731e-06
4 37 -5.2445987958833893e-05 7.3591840913768265e-07
4 38 -5.7770207400345275e-05 1.1489492354713333e-06
4 39 -6.1361094291390760e-05 7.2790008584290699e-07
4 40 -7.1687659614767259e-05 -1.0203296631821038e-08
4 41 -8.0624944011955092e-05 9.7139451752459571e-07
4 42 -9.9317273206314869e-05 1.6929686892256495e-06
4 43 -1.0764369423664513e-04 4.2038326690099866e-06
4 44 -1.1840046744415859e-04 4.3792641556139780e-06
4 45 -1.2230551096553159e-04 3.7102945347904881e-06
4 46 -1.3588863052410141e-04 4.3873258509384040e-06
4 47 -1.5834909823765413e-04 -5.3824302267864236e-07
4 48 -1.6314234632590740e-04 -6.5595526000841449e-07
4 49 -2.0342378825915429e-04 -9.4084643210843504e-06
4 50 -2.2030491537941384e-04 -4.1818724415846120e-06
4 51 -2.6900718045967534e-04 2.7335993596766720e-06
4 52 -3.2109129890898059e-04 1.4007455159363252e-05
4 53 -4.1430059720915419e-04 5.7528435963814549e-06
4 54 -4.6486603032945973e-04 7.2172942687696204e-06
4 55 -5.7052251068231876e-04 6.8506868875184298e-06
4 56 -7.3472912291527197e-04 1.1391656583182468e-05
4 57 -8.9946839283050906e-04 -3.6541703036285811e-06
4 58 -1.1535325302981321e-03 6.1474456243038393e-06
4 59 -1.2213291197914083e-03 1.1099558153536856e-05
4 60 -1.3134919497273102e-03 -5.4318645991160169e-06
4 61 -1.4781549856822832e-03 -3.3419203407929389e-05
4 62 -1.7051423248673405e-03 2.4388944346425702e-06
4 63 -1.9715152361437344e-03 -9.1718429517065403e-06
4 64 -2.3272138474507509e-03 -2.4639091459744244e-05
4 65 -2.5360358032399145e-03 -7.0223996341336781e-05
4 66 -2.6793314434031346e-03 -1.5906076666925964e-05
4 67 -3.1802772122695140e-03 1.3950761738215040e-04
4 68 -3.6410904355130991e-03 -1.1965386340432724e-05
4 69 -4.8576801847402436e-03 -2.1745400019604686e-04
4 70 -6.4272361355558420e-03 -8.6486264292965536e-05
4 71 -1.0344533459913523e-02 2.3867193907290275e-04
5 0 -5.2475109662820495e-03 -1.2786421100975825e-03
5 1 -3.4266984682800546e-03 3.8747529509817081e-04
5 2 -3.4851633124371281e-03 1.4858015966425354e-04
5 3 -2.6683752907056611e-03 -6.5834943000976263e-05
5 4 -2.1767390824437858e-03 -2.0987368196764907e-05
5 5 -1.9145918222805253e-03 5.8122232289075457e-05
5 6 -1.4185182082058834e-03 -1.6708791518113108e-04
5 7 -1.1454509918277748e-03 -3.4583112612220395e-05
5 8 -8.9923314788504236e-04 -6.0935144773616433e-05
5 9 -7.8022782242789411e-04 1.7414879175371017e-05
5 10 -7.0609394516595188e-04 3.1055541558719466e-05
5 11 -5.7062129684316636e-04 -6.2823341534402518e-06
5 12 -4.2989370550052279e-04 6.7490075653151178e-06
5 13 -3.9040788576272310e-04 -6.9745891925094902e-06
5 14 -3.2228007272976870e-04 1.4274451424504225e-05
5 15 -2.9582960522181527e-04 5.7548564828495207e-06
5 16 -2.4143644254627196e-04 4.7981057668586422e-06
5 17 -2.1058265003850922e-04 8.3939586190742024e-07
5 18 -1.7491775147581896e-04 3.7310849012550896e-07
5 19 -1.6114871162591608e-04 5.4783049396516944e-06
5 20 -1.2580518578631791e-04 5.7059603271163034e-06
5 21 -9.4222442994573147e-05 6.2198949494441067e-06
5 22 -8.7573662562763860e-05 2.9126593929548765e-06
5 23 -7.2792764340604295e-05 -3.2773348730342292e-06
5 24 -5.6115581770614004e-05 -4.4443910261747044e-06
5 25 -4.9855517236703571e-05 -3.6441324724509307e-06
5 26 -3.8508865295347789e-05 -2.2268331642973171e-06
5 27 -2.9869127557260952e-05 -2.7711571685121956e-06
5 28 -3.0823902552618512e-05 1.0239569071033947e-06
5 29 -2.5384069243231360e-05 -1.1849174833710966e-06
5 30 -2.3870523397455185e-05 -1.1578108842650904e-06
5 31 -2.0686070645295083e-05 -2.0727586281879356e-06
5 32 -1.9876803287245126e-05 -5.8888004976602053e-07
5 33 -1.9551209916774514e-05 -1.1876245466008513e-06
5 34 -1.9753616419865474e-05 -7.1489375669760102e-07
5 35 -2.1147272562963182e-05 -3.6802733735401135e-07
5 36 -2.6784569002428209e-05 2.0878155707068144e-06
5 37 -2.7820435700640986e-05 3.0859583798644577e-07
5 38 -3.1309519320310145e-05 4.9914104996383143e-07
5 39 -3.2202114484339327e-05 5.8931825886915974e-07
5 40 -3.7955805178483564e-05 7.8227258378080585e-07
5 41 -4.3872166293906315e-05 2.0932264426088795e-07
5 42 -5.5600697365737269e-05 2.4023523565732203e-06
5 43 -5.7759656309510394e-05 3.6021462073416539e-06
5 44 -6.6494348591349963e-05 2.4860484563428264e-06
5 45 -6.6721696113862869e-05 3.2024049900413718e-06
5 46 -7.3345549232467486e-05 3.4417171307461286e-06
5 47 -8.6071394362965823e-05 3.7198762993735499e-07
5 48 -8.4900563723037058e-05 8.4669558280303313e-07
5 49 -1.0986243662336570e-04 -7.7335617636287147e-06
5 50 -1.1462560427455534e-04 -4.2358859667757243e-06
5 51 -1.4716357211657396e-04 2.1650481157720487e-06
5 52 -1.7613646318847414e-04 9.9617935772586161e-06
5 53 -2.3010166593383702e-04 -1.3304252348147685e-06
5 54 -2.4453029078231768e-04 9.8955145298730276e-06
5 55 -2.9635228593303988e-04 2.8201600712162472e-07
5 56 -4.0458552238858384e-04 1.4675690163592877e-05
5 57 -4.8821700222493794e-04 -1.5191909481905415e-06
5 58 -6.4523236368896710e-04 7.4208358152108027e-07
5 59 -6.5644676222686017e-04 2.4175422393186920e-05
5 60 -7.2581918125217673e-04 -4.2377111939351789e-06
5 61 -8.1722610885524166e-04 -3.1943622951730994e-05
5 62 -9.1925605322741751e-04 6.2634823000580040e-06
5 63 -1.0602821150732349e-03 -2.1398487784393339e-05
5 64 -1.2855604811486854e-03 -1.2615708091120385e-05
5 65 -1.3787040141290919e-03 -5.1966970916144863e-05
5 66 -1.4330796706241769e-03 4.0929399188591629e-06
5 67 -1.6956958035093657e-03 9.3941741381556339e-05
5 68 -1.8407572707941854e-03 2.8152381454109067e-05
5 69 -2.6281626549144016e-03 -1.5842209393765379e-04
5 70 -2.8710124197326866e-03 -3.2793814747247664e-05
5 71 -4.6804131530596158e-03 1.7596456563958015e-04
6 0 -1.1453410704218192e-03 -1.0115245849065806e-03
6 1 -1.1999126194706436e-03 3.5011368788633046e-04
6 2 -1.6085785829893196e-03 1.5066438840657010e-04
6 3 -1.3028609807010378e-03 -7.2852507883379790e-06
6 4 -1.1171059703453934e-03 -2.9847379780991941e-05
6 5 -1.0414750630920117e-03 3.6581597374711283e-05
6 6 -7.4406308268678135e-04 -1.6406805493257215e-04
6 7 -5.8347713998508201e-04 -4.5292316771187947e-05
6 8 -4.5119269845772167e-04 -5.2896785855033970e-05
6 9 -3.8559850947278554e-04 -1.3198870268134110e-06
6 10 -3.5931034507856284e-04 2.5105949673832233e-05
6 11 -2.9699751632726021e-04 -1.5812642957073447e-05
6 12 -2.0430491159900628e-04 -2.2236576204011048e-06
6 13 -2.1407889208280425e-04 -1.1292415237457179e-05
6 14 -1.7470646013270310e-04 1.4228779843133961e-05
6 15 -1.6382300233599628e-04 1.1908511674328362e-05
6 16 -1.2789540735652069e-04 5.6813492342111185e-06
6 17 -1.0968039881393597e-04 5.4481804379664011e-08
6 18 -8.7569987912538777e-05 -2.8335394148460724e-08
6 19 -8.6936264759611569e-05 1.8787967496395375e-06
6 20 -6.5140582154583440e-05 3.2639916181636784e-06
6 21 -4.9238349209309329e-05 2.2976985764614826e-06
6 22 -4.7506558487518346e-05 4.5087724091414343e-06
6 23 -3.8450422977361754e-05 -2.8176410686420245e-06
6 24 -2.8327544396213451e-05 -4.4618041646606371e-06
6 25 -2.5986799892323830e-05 -2.7408201644915781e-06
6 26 -1.9730896108546842e-05 -6.7369192434898693e-07
6 27 -1.5427629806728504e-05 -2.7867446086065967e-06
6 28 -1.7022523977819762e-05 1.5592084606095899e-06
6 29 -1.3330146710969382e-05 -8.0045735012685227e-07
6 30 -1.3182341492656757e-05 -1.0241023132573041e-06
6 31 -1.0986490193959176e-05 -1.5319166850559376e-06
6 32 -1.0671925346296199e-05 -3.8184072671709494e-07
6 33 -1.0784301897317736e-05 -4.2985712338621071e-07
6 34 -1.0657113627200398e-05 -1.4632779450137116e-08
6 35 -1.1001251092116175e-05 -1.0374588312343059e-07
6 36 -1.4974925760108994e-05 1.6779976231438908e-06
6 37 -1.4160057343412465e-05 1.1932303405801917e-07
6 38 -1.6832913652432662e-05 -1.7587802143886911e-07
6 39 -1.6594101910681206e-05 4.0412166355008966e-07
6 40 -1.9444044041957177e-05 9.5097550793056476e-07
6 41 -2.3264538977703915e-05 -6.1973739826864730e-07
6 42 -3.0734630122667546e-05 2.8285253296127538e-06
6 43 -2.9908133836267663e-05 3.2942692912793130e-06
6 44 -3.7207723438220751e-05 1.9736680077657059e-06
6 45 -3.6327602489651105e-05 2.6488089382710628e-06
6 46 -3.9451703966043335e-05 1.7337344535782327e-06
6 47 -4.5937137963260185e-05 1.2622488368150842e-06
6 48 -4.2718916902545365e-05 1.7369679206034425e-06
6 49 -5.7906833727743870e-05 -5.8682733365109557e-06
6 50 -5.7632900988609627e-05 -4.1992066459442044e-06
6 51 -7.9362262424176360e-05 -1.6366074212542945e-07
6 52 -9.6384227681596616e-05 6.5224732254285533e-06
6 53 -1.2339268094663737e-04 -2.1198931530546767e-06
6 54 -1.2565814134123736e-04 1.0293791599847690e-05
6 55 -1.4442742137419062e-04 -2.8451760952815818e-06
6 56 -2.1965135004646167e-04 1.2439561059430844e-05
6 57 -2.6162114746719120e-04 2.1375127967949630e-06
6 58 -3.4944551009513897e-04 -9.6823741585329441e-06
6 59 -3.4463334449646830e-04 3.3092226168868547e-05
6 60 -4.0430202817653402e-04 9.1967028411264781e-06
6 61 -4.4678181889600509e-04 -3.4044165091352618e-05
6 62 -4.8803934460673232e-04 1.0310240463189494e-05
6 63 -5.6646776277610982e-04 -2.0378107570225846e-05
6 64 -7.0740327755491850e-04 -1.4071456402247329e-05
6 65 -7.4336999546599307e-04 -2.4408763092503680e-05
6 66 -7.5384981934262891e-04 4.6404586496801404e-07
6 67 -9.0338313704946835e-04 4.0631632091535408e-05
6 68 -8.9876201880101651e-04 1.5018736567794300e-05
6 69 -1.4922422148217660e-03 -1.0541587233049270e-04
6 70 -1.2017013302489123e-03 3.6658078825581208e-05
6 71 -1.8450032776039101e-03 6.2954234967239654e-06
7 0 4.6749960500562716e-04 -8.3997159425635974e-04
7 1 -3.0649179949824874e-04 1.9227810326847232e-04
7 2 -7.4512607582460715e-04 5.7190826195159182e-05
7 3 -5.9831710052996750e-04 -1.3576285165408362e-05
7 4 -5.8398954428120001e-04 -2.4072803164992781e-05
7 5 -5.5494817652397273e-04 3.2145582307321243e-05
7 6 -4.0164386076396805e-04 -1.1659891169665007e-04
7 7 -2.9745549230056421e-04 -3.7388301863954353e-05
7 8 -2.4147337140400781e-04 -3.2373377264396403e-05
7 9 -1.8262242700161445e-04 -1.6373137950151506e-05
7 10 -1.8400302533941068e-04 2.6538976323035454e-05
7 11 -1.5898246615096362e-04 -1.9204643993457212e-05
7 12 -8.7039321039698086e-05 -5.4068009552360205e-06
7 13 -1.1179349839800558e-04 -1.4301784318533235e-05
7 14 -9.8078456169760147e-05 1.6524361331039680e-05
7 15 -8.9056456811891668e-05 1.1000372676257436e-05
7 16 -6.7926597867719904e-05 7.4308165894115013e-06
7 17 -5.6214515035531687e-05 5.6245136562933731e-07
7 18 -4.1781155564299695e-05 -1.2711858616009710e-06
7 19 -4.6560702078369618e-05 -4.0661825778791222e-07
7 20 -3.3061338727898595e-05 2.0341816424397762e-06
7 21 -2.8002292694665014e-05 1.7043252480428412e-07
7 22 -2.5802496713315242e-05 5.1430770143215259e-06
7 23 -2.0617261149230420e-05 -7.0329518346437745e-07
7 24 -1.3703873573451380e-05 -4.1474866371749252e-06
7 25 -1.2889215291265695e-05 -1.8634920502128886e-06
7 26 -9.1904703449581699e-06 2.5340236118421227e-07
7 27 -7.9095119607606691e-06 -2.6540818864759197e-06
7 28 -9.4741123546224584e-06 1.3154171859740787e-06
7 29 -7.0878163686148284e-06 -3.7149971604978382e-07
7 30 -7.3003228232790005e-06 -9.3933348994258280e-07
7 31 -5.7285903085260562e-06 -7.7825958064689213e-07
7 32 -5.3907555852264892e-06 -2.4616061550192651e-07
7 33 -6.0440232725336365e-06 -1.7352201425493816e-08
7 34 -5.8591026244946170e-06 1.7190340233201640e-07
7 35 -5.4956608818530253e-06 2.6983077421390036e-07
7 36 -8.6898637585068845e-06 1.1041989313579337e-06
7 37 -6.9552862173755054e-06 -9.7900213511061460e-08
7 38 -9.0546914093982033e-06 -4.0160619054815563e-07
7 39 -8.8367565781938084e-06 2.5955020414708353e-07
7 40 -9.3122589141459010e-06 6.7353689260387762e-07
7 41 -1.1824687609219946e-05 -1.0113498747649364e-06
7 42 -1.6450002049862203e-05 2.5984158126480680e-06
7 43 -1.4843469179271663e-05 3.2145274640391888e-06
7 44 -2.0820868109878223e-05 2.0702322413752602e-06
7 45 -1.9909954071133801e-05 1.8136006401372855e-06
7 46 -2.2004445227577209e-05 2.1592458592187207e-07
7 47 -2.3989694532695086e-05 2.1870303410761049e-06
7 48 -2.0743863809035946e-05 1.0820551055395560e-06
7 49 -2.8678423579179319e-05 -4.5722486819063099e-06
7 50 -2.7324698665393448e-05 -5.4345451409784095e-06
7 51 -4.3116809492449301e-05 -1.2566760043219093e-06
7 52 -5.5041663834405120e-05 2.0874520587522697e-06
7 53 -6.2547625771445576e-05 4.0839879869362105e-07
7 54 -6.2862423099836845e-05 8.1257596039429690e-06
7 55 -6.8132654544743443e-05 -1.1009142205997280e-06
7 56 -1.1880763424208399e-04 1.2162957198131483e-05
7 57 -1.3137692880716196e-04 1.7889526234041426e-06
7 58 -1.9043241215672857e-04 -2.3471735764566213e-05
7 59 -1.7264773609875956e-04 3.8671204022925910e-05
7 60 -2.2574683782777022e-04 1.4272900505091884e-05
7 61 -2.4164766641125531e-04 -3.8018363460983852e-05
7 62 -2.6659572390197564e-04 1.4607391612601077e-05
7 63 -3.0410148339452285e-04 -8.8907512064862519e-06
7 64 -3.9018106507931533e-04 1.9087593003353372e-07
7 65 -4.1212208257877884e-04 -1.0668098339001723e-05
7 66 -3.7173645744190099e-04 -7.6672583714774497e-06
7 67 -4.8824638739213878e-04 1.9922993008269823e-05
7 68 -4.1806860816335416e-04 -1.4680431056469605e-05
7 69 -9.1042622052956833e-04 -9.2591206453865486e-05
7 70 -5.5450554588162230e-04 6.1254698397862118e-05
7 71 -5.2646340540404716e-04 1.6123791846998397e-05
8 0 6.4913424539110793e-04 -6.4100795377689489e-04
8 1 4.6091224072931437e-05 5.2653133205967394e-05
8 2 -3.8811956649855827e-04 -4.3133954582502279e-05
8 3 -2.3035498725676714e-04 -6.6759257718625929e-05
8 4 -3.0216983668034732e-04 -2.2367611484426907e-05
8 5 -2.9113970755747262e-04 3.8644448571156149e-05
8 6 -1.9184659081415050e-04 -7.7308469919629724e-05
8 7 -1.6105191986552327e-04 -3.3502502411065976e-05
8 8 -1.3783190387111182e-04 -2.4409701922187112e-05
8 9 -7.2265693740969063e-05 -2.7138185446040915e-05
8 10 -1.0557385234878266e-04 2.1435201573300573e-05
8 11 -8.9466745179286726e-05 -2.4916056364810267e-05
8 12 -2.9614359974201446e-05 -5.4664286106927121e-06
8 13 -5.2765835669804894e-05 -1.9538631236623175e-05
8 14 -5.3081684082297918e-05 1.3048867591310544e-05
8 15 -4.9049599618673728e-05 5.1370594427634939e-06
8 16 -3.7719049535156890e-05 8.1731001245428505e-06
8 17 -2.8008425680037409e-05 -2.2696196881379978e-07
8 18 -1.8924887402557328e-05 -3.8084332645585689e-06
8 19 -2.4457185342832858e-05 -8.7713404525611669e-07
8 20 -1.6696807851708144e-05 1.4470433977221251e-06
8 21 -1.7054814068426733e-05 -4.9651840764349876e-07
8 22 -1.3978859682485991e-05 4.0415964291284805e-06
8 23 -1.1930310135966814e-05 1.5147847548875277e-06
8 24 -6.0433072376454155e-06 -3.7269328549240662e-06
8 25 -6.6882540952432806e-06 -9.2130933008223889e-07
8 26 -3.7165330704569279e-06 2.9172269874788622e-07
8 27 -3.9319461287395047e-06 -2.2552760058962179e-06
8 28 -5.6485562619132032e-06 9.5904952945979726e-07
8 29 -3.9616967327077461e-06 3.2522957550307667e-08
8 30 -4.1136311826121987e-06 -8.2058748767143397e-07
8 31 -3.0619401883314749e-06 -1.6908998213965543e-07
8 32 -2.6720610015404122e-06 -2.2437605384304155e-07
8 33 -3.4595202336157401e-06 1.8994495878900733e-07
8 34 -3.3240168139989108e-06 -7.6047883327836902e-09
8 35 -2.7113502272296679e-06 3.0856388940482529e-07
8 36 -5.1166625001721870e-06 6.8366530745543517e-07
8 37 -3.3701996145833681e-06 -4.4039697600363233e-07
8 38 -4.8753057105688905e-06 8.0600984094882023e-09
8 39 -4.8779700338790141e-06 2.6867590020616941e-07
8 40 -3.9039769988487109e-06 5.8847330254641851e-07
8 41 -6.0788908809254075e-06 -1.0783176100261520e-06
8 42 -8.4445383506231196e-06 1.9327615953837822e-06
8 43 -6.5859268981448332e-06 2.7376295397289781e-06
8 44 -1.2328865951475866e-05 1.9354698339695432e-06
8 45 -1.0820830010769258e-05 6.7507501356033558e-07
8 46 -1.3139259230292830e-05 -2.3114130985273104e-07
8 47 -1.1862663139803414e-05 3.7576853545575320e-06
8 48 -1.0376855625301689e-05 5.1584170469508432e-08
8 49 -1.2620950837028424e-05 -2.6682846943029906e-06
8 50 -1.1899889285249896e-05 -6.8356342026998224e-06
8 51 -2.4396654320532904e-05 -1.9644782424717436e-06
8 52 -3.4357649384208526e-05 -6.3127360763823665e-07
8 53 -3.0845585568080522e-05 2.3150192392826755e-06
8 54 -3.1650623403893913e-05 2.8887328413545172e-06
8 55 -3.4076701978058944e-05 8.4028946367851990e-07
8 56 -5.8846888916628401e-05 1.4662979449502769e-05
8 57 -5.8160768501636296e-05 1.1391191622894308e-06
8 58 -1.0078807791503023e-04 -3.0780899492162334e-05
8 59 -7.7708551791925474e-05 4.2439309288509617e-05
8 60 -1.2556421668454264e-04 1.3646620307414978e-05
8 61 -1.2854166709046409e-04 -4.1579296717203470e-05
8 62 -1.6168591309884668e-04 2.0019292155811854e-05
8 63 -1.7446068455583935e-04 -1.8235222479891267e-06
8 64 -2.1865594483073524e-04 8.8069914615184739e-06
8 65 -2.2673106622478012e-04 -2.3627444652170528e-05
8 66 -1.6077475089738800e-04 -2.7291865171844197e-05
8 67 -2.7630228525914717e-04 1.9479597081767889e-05
8 68 -1.5746230217681865e-04 -4.4732797684992839e-05
8 69 -5.2399730276358190e-04 -9.6971515248333098e-05
8 70 -3.0956123120621127e-04 6.2646995051639497e-05
8 71 -1.3781857962842336e-04 -1.3372923949557693e-05
9 0 5.2093102755644115e-04 -5.8175772611012018e-04
9 1 2.1635737973760047e-04 -3.7239266411048828e-05
9 2 -2.4468086302894382e-04 -7.7811551295659125e-05
9 3 -4.0336366209057072e-05 -9.8410595002159401e-05
9 4 -1.3609301426011482e-04 -4.7290542552837641e-05
9 5 -1.4383798584121754e-04 2.6085010556142781e-05
9 6 -5.8170125657316285e-05 -4.2918432477397947e-05
9 7 -8.3521951115266531e-05 -2.7104261073211169e-05
9 8 -8.0007209582833640e-05 -6.2729063529493061e-06
9 9 -4.0951614268604277e-06 -2.5148432891063382e-05
9 10 -7.2155928156267206e-05 1.7594406596284986e-05
9 11 -5.4114771146603507e-05 -2.5221461343893363e-05
9 12 -5.8224571273230022e-06 -6.1660781859373589e-06
9 13 -2.5000610680883064e-05 -2.7147276410969623e-05
9 14 -2.5515747639709035e-05 7.2947389071118918e-06
9 15 -2.8612237819596295e-05 -8.1956281938495760e-07
9 16 -2.0228053216768723e-05 6.4745716447603280e-06
9 17 -1.1725611342103836e-05 -4.9094643548692712e-06
9 18 -9.2144633345874841e-06 -6.9934177582823602e-06
9 19 -1.2617761500780122e-05 -6.8318183976064473e-08
9 20 -7.9977242022293909e-06 1.1441821011253335e-06
9 21 -1.0518290078043623e-05 -3.1943898719745872e-07
9 22 -8.1115511482742792e-06 3.5551996346151128e-06
9 23 -7.2807593151611698e-06 2.3417333674035794e-06
9 24 -1.7626837243685596e-06 -3.4663615449371837e-06
9 25 -4.2535314040561142e-06 -3.2144465779675535e-07
9 26 -1.2889215299819891e-06 2.6786660963875370e-07
9 27 -1.7779840233452535e-06 -1.9439656342531883e-06
9 28 -3.5429519734132313e-06 6.2845464250198920e-07
9 29 -2.5441588706422151e-06 1.0497778765959083e-07
9 30 -2.4845421093134334e-06 -5.9452630672243071e-07
9 31 -1.8018472904252079e-06 2.8034489029992736e-07
9 32 -1.3896053997997946e-06 -2.1450958568516157e-07
9 33 -1.9904943053522635e-06 2.4401507683961010e-07
9 34 -1.9078450798049959e-06 -2.4791999750209159e-07
9 35 -1.2905368264887324e-06 3.5595292589463581e-07
9 36 -2.8449839026390505e-06 4.4779020748223732e-07
9 37 -1.8363494652607202e-06 -7.5310583900456862e-07
9 38 -2.7668699718223319e-06 4.0108186268618623e-07
9 39 -2.9324512584102112e-06 2.0041781976376756e-07
9 40 -1.0625972380044399e-06 6.0513411966618255e-07
9 41 -3.4503140827855738e-06 -8.0800154109317014e-07
9 42 -3.9435248702161885e-06 1.2259003743304806e-06
9 43 -2.4297224134039378e-06 1.6175374707172941e-06
9 44 -7.5806507667446601e-06 1.9704929436765137e-06
9 45 -5.9540275479845836e-06 -1.0236922158511371e-06
9 46 -7.9399573791935122e-06 -2.9361721676963888e-07
9 47 -5.1216780295251166e-06 4.8396167273520375e-06
9 48 -5.1937417380603828e-06 -3.2218876421909737e-07
9 49 -5.3415122908073917e-06 -1.2271324465628071e-06
9 50 -4.4002968155257788e-06 -7.3692504608981770e-06
9 51 -1.3719027848724217e-05 -2.0870090257423775e-06
9 52 -2.4048504439081446e-05 -1.9423764913008752e-06
9 53 -1.3541615941388269e-05 1.2241643248605106e-06
9 54 -1.7287471154706367e-05 -9.1222141520339304e-07
9 55 -1.7822748842813096e-05 2.4223757058415638e-06
9 56 -2.4742986235922733e-05 1.5031223705775550e-05
9 57 -2.3996004584244732e-05 -5.3150961432535695e-07
9 58 -5.2240466990901916e-05 -2.7035605322274054e-05
9 59 -2.8514867327221377e-05 4.8365648186723027e-05
9 60 -7.1274609960128110e-05 1.5642154443970125e-05
9 61 -6.7396170496482238e-05 -3.3947122627574692e-05
9 62 -9.6244848153937513e-05 2.5506109090277271e-05
9 63 -1.0188902586284659e-04 -3.8758932455949750e-06
9 64 -1.4249506632035128e-04 2.0639651271109138e-05
9 65 -1.2242593828073038e-04 -4.0648850093656677e-05
9 66 -5.6679328949005449e-05 -3.6117799900851820e-05
9 67 -1.6115284620123454e-04 2.1684995094861008e-05
9 68 -2.3119694823576445e-05 -2.8102897742458497e-05
9 69 -2.7361644128286704e-04 -7.9771450250209802e-05
9 70 -1.7910406337942253e-04 3.5394587092522370e-05
9 71 -6.9115406716557532e-05 -8.7896538495433154e-05
10 0 2.9385302624554058e-04 -4.4312204565955264e-04
10 1 2.8152068711152897e-04 1.2089290074249989e-05
10 2 -1.8377259997851952e-04 -7.0677935853705011e-05
10 3 6.0729047567037827e-05 -1.1170048973689719e-04
10 4 -5.4156223428936269e-05 -5.7251388605312213e-05
10 5 -4.8947939246121868e-05 1.7478847253783612e-05
10 6 1.9882551064850070e-05 -1.7348910448276199e-05
10 7 -3.5365816542113029e-05 -1.3099816487609492e-05
10 8 -4.5691178077486581e-05 1.2618132349573067e-05
10 9 3.0652852941619851e-05 -1.3258306408940308e-05
10 10 -5.3789178787260898e-05 1.2766119579437404e-05
10 11 -3.2749607996749749e-05 -1.7496791027587775e-05
10 12 5.3464102969258513e-06 -6.5382152090480868e-06
10 13 -1.3750084959305184e-05 -3.2554261198437859e-05
10 14 -6.8985100540778376e-06 5.4996538776417921e-06
10 15 -1.8537237310853140e-05 -1.7263975971095493e-06
10 16 -6.7399958311448668e-06 4.1162803946501280e-06
10 17 -2.5769934534149592e-06 -7.2869434595051737e-06
10 18 -5.7693329127513309e-06 -8.9470333806979192e-06
10 19 -8.1348174209493525e-06 8.0942553561837695e-07
10 20 -4.2325174850575113e-06 7.2537616043208717e-07
10 21 -5.6895436318249668e-06 -2.4649252361245098e-08
10 22 -5.7354426019715968e-06 3.6103015876658589e-06
10 23 -4.8398095449610551e-06 2.8775224096040457e-06
10 24 2.6001511981320536e-07 -3.4704434768436228e-06
10 25 -3.1798333352358334e-06 -2.7393341092293525e-07
10 26 -6.1791401360500477e-07 5.9389121211210823e-07
10 27 -8.5390696793970869e-07 -1.5002363522309793e-06
10 28 -2.1882151792918238e-06 2.9973149221595381e-07
10 29 -1.9837192354164338e-06 -7.0456130795876446e-08
10 30 -1.6203433692370524e-06 -1.8851119210173204e-07
10 31 -1.2089015653319353e-06 4.7359542314478956e-07
10 32 -8.4506392231859308e-07 -1.6984960448343682e-07
10 33 -1.1741792559092970e-06 9.1674245854757735e-08
10 34 -9.8750139961052183e-07 -3.9071347940508239e-07
10 35 -4.2155869037148084e-07 1.1673556189925565e-07
10 36 -1.5898168264709296e-06 3.3544210179516016e-07
10 37 -1.2617660168826332e-06 -7.0690862259311714e-07
10 38 -1.8077862624944265e-06 5.5088478484204801e-07
10 39 -2.0509773580500086e-06 -5.6650199454567783e-08
10 40 1.5219074546498119e-07 6.1051528155979716e-07
10 41 -2.4606355097549115e-06 -4.5014478866554174e-08
10 42 -1.5825702588680366e-06 9.7537651741184738e-07
10 43 -3.8441749319060709e-07 2.7627240876940018e-07
10 44 -5.1579239674399341e-06 1.6246640298240622e-06
10 45 -3.0520025527455119e-06 -2.2032040553407833e-06
10 46 -4.6441516197690080e-06 -5.1248553563012296e-07
10 47 -1.4150429555747888e-06 4.1943291901221752e-06
10 48 -2.7712438469638052e-06 -6.3357686633737756e-07
10 49 -3.1053223570834991e-06 -1.2776494516979572e-06
10 50 -8.7893784348037390e-07 -5.9083476468795997e-06
10 51 -6.4410736460279304e-06 -1.6294952594607794e-06
10 52 -1.5353901032439259e-05 -3.6811154376542654e-06
10 53 -3.1162261256122809e-06 -3.9819225854302290e-07
10 54 -9.1977091432384566e-06 -3.6000250855876953e-06
10 55 -7.9617537938993416e-06 3.0395483276402256e-06
10 56 -6.3288232164418130e-06 1.0138332796449392e-05
10 57 -1.9012474768801964e-05 -1.4173361799167158e-06
10 58 -2.2757457711310777e-05 -1.6537901348934459e-05
10 59 -2.4933734982231817e-06 5.5152153338359564e-05
10 60 -3.9777705656113134e-05 2.3269580900262121e-05
10 61 -3.3833724003904415e-05 -1.8803702077171843e-05
10 62 -5.4947271274593637e-05 2.1403172540889360e-05
10 63 -7.4476332023557380e-05 -1.9936454645208973e-06
10 64 -1.0045664009595156e-04 3.3412642474766759e-05
10 65 -4.5035354822694235e-05 -4.4249741577437102e-05
10 66 -1.8361656511804439e-05 -3.8041678264704679e-05
10 67 -1.1595678384984496e-04 2.9468034914220640e-05
10 68 1.4692431325505297e-05 1.8220326217796379e-05
10 69 -1.5183435147297453e-04 -4.9803234103519194e-05
10 70 -1.3109986917873924e-04 -7.3399883722420149e-06
10 71 -6.6668406077338753e-05 -6.6925801315295179e-05
