0 0 -1.1755394697430941e+00 5.2136762703094675e-19
0 1 -1.6269625065574400e-01 1.1471254883708841e-19
0 2 -6.1736281134766494e-02 2.9726329345241342e-20
0 3 -3.3257382442530820e-02 -3.5714057908056653e-21
0 4 -2.2409324212878085e-02 -5.9324580811436421e-22
0 5 -1.7112131382725645e-02 -5.7848786512643139e-22
0 6 -1.4279884260693458e-02 3.3371733068819039e-22
0 7 -1.2144706781527344e-02 1.6510341709185991e-22
0 8 -1.0136081133604960e-02 -4.4182975653639319e-22
0 9 -8.5267964877709778e-03 -3.9417168184327490e-22
0 10 -6.9111457945950708e-03 -4.5402833673789808e-23
0 11 -5.5930194944774072e-03 2.4620382853397277e-23
0 12 -4.7365548080752166e-03 3.6292433682304618e-23
0 13 -4.0576187477076404e-03 -3.8992543129273508e-23
0 14 -3.2429724213705949e-03 -2.1129329653709801e-23
0 15 -2.5285675975930304e-03 1.4378181545645991e-22
0 16 -2.0046744946604295e-03 1.9442681861876341e-23
0 17 -1.5767694739944639e-03 8.9340494702712664e-24
0 18 -1.2480873939329559e-03 -8.3013581932743716e-24
0 19 -1.0195639737650738e-03 3.1926886029024921e-23
0 20 -8.6158005086048556e-04 -1.7902099076903563e-23
0 21 -7.2725289883835678e-04 -2.4312246757954604e-23
0 22 -6.0883004165184851e-04 2.3032968593710182e-23
0 23 -5.1044911364956389e-04 4.2735261275192750e-23
0 24 -4.3335838109271788e-04 -3.5796717240664548e-24
0 25 -3.5546541540249302e-04 6.8512554630098502e-24
0 26 -2.9975695510615696e-04 -1.2946038954089319e-23
0 27 -2.5193098135958320e-04 1.6372831973528350e-24
0 28 -2.0987085237671445e-04 5.7339203233101976e-24
0 29 -1.7899974396722542e-04 -1.9868077477672200e-24
0 30 -1.6253995924589402e-04 2.4964814091412608e-24
0 31 -1.5695091071099568e-04 2.9122967495250126e-24
0 32 -1.5230334596557662e-04 1.3492120382896994e-24
0 33 -1.4512222591039423e-04 1.4393375002187133e-25
0 34 -1.4244201408902888e-04 -4.2086691808077514e-25
0 35 -1.4902070753022753e-04 6.3108459372150965e-24
0 36 -1.6100124849673260e-04 -8.0848660058371108e-25
0 37 -1.7529348302541101e-04 4.2509143596493815e-24
0 38 -1.9229367802664531e-04 -8.6695177651475154e-25
0 39 -2.1451590502349994e-04 -2.5685918459315891e-24
0 40 -2.4130676913381799e-04 7.2877077954070520e-24
0 41 -2.8406486066136953e-04 1.5464928693464622e-23
0 42 -3.3804989417818792e-04 -1.5250616314784240e-23
0 43 -4.0311824098014805e-04 -4.7137961501750529e-24
0 44 -4.7129648098725465e-04 3.7635519747551697e-23
0 45 -5.5860206692740302e-04 -8.0822510981557830e-24
0 46 -6.5045902593193958e-04 7.4868200008662717e-24
0 47 -7.7059580336268118e-04 -1.0112621207872629e-23
0 48 -9.0167620617152356e-04 2.5457091759887358e-23
0 49 -1.0139624420269350e-03 -9.6044819244853175e-24
0 50 -1.1177182862545055e-03 1.7123081819306297e-23
0 51 -1.2193623623327652e-03 -3.0372513372571314e-23
0 52 -1.3458123653027796e-03 6.2853385741663156e-23
0 53 -1.5240231459261828e-03 -3.4960523034655959e-23
0 54 -1.8137638489831589e-03 9.9753174218762100e-23
0 55 -2.1860542159668562e-03 1.0896478538940116e-22
0 56 -2.5716609155547179e-03 -5.9465913958151380e-23
0 57 -3.0645170876789540e-03 7.6620065330113882e-23
0 58 -3.7614551613246437e-03 -8.8432245585589632e-23
0 59 -4.5274423236386684e-03 -3.4343836791092059e-23
0 60 -5.2347453044318554e-03 -2.0065320816835971e-22
0 61 -6.1651968737178780e-03 2.2241819481362826e-22
0 62 -7.2242503343086864e-03 3.7394538996031444e-22
0 63 -8.4368463426130903e-03 1.1496243983051239e-22
0 64 -9.6500694639527762e-03 3.1468545199671306e-22
0 65 -1.1335644790881004e-02 -3.9632773132312956e-22
0 66 -1.3543776847129792e-02 -3.4191415390737762e-22
0 67 -1.7394326808214525e-02 -1.5271843351716004e-22
0 68 -2.5057963767732339e-02 9.3455406250398314e-22
0 69 -3.7443370861667061e-02 6.8592473956342048e-21
0 70 -6.4381032321103260e-02 5.6833842791753393e-21
0 71 -1.5939872863920337e-01 6.9889493972660053e-20
1 0 -3.4962720339654757e-01 3.2846929465480700e-05
1 1 -9.8127097309716596e-02 -9.1903688730810115e-04
1 2 -4.4180933495363291e-02 -1.1811835260941122e-04
1 3 -2.4929499513992488e-02 -2.1540749740832241e-04
1 4 -1.6976612814803154e-02 1.4876170357269581e-07
1 5 -1.3034990607644759e-02 1.0914535399753247e-05
1 6 -1.0937737622155993e-02 -1.1161081464885475e-05
1 7 -9.2950911108084823e-03 3.4254790353652561e-05
1 8 -7.7399452058817273e-03 1.1766620879587317e-05
1 9 -6.4963824877867496e-03 7.4882981740608800e-06
1 10 -5.2696171337121228e-03 -3.1250211966137284e-05
1 11 -4.2707325745615018e-03 5.2731982134295795e-07
1 12 -3.6116576398331603e-03 4.8508713488114934e-06
1 13 -3.0980263152497315e-03 -1.3770388648149912e-06
1 14 -2.4708805678154656e-03 -7.1093832810699284e-06
1 15 -1.9225169363001533e-03 5.0987916668993417e-06
1 16 -1.5258860689677496e-03 6.7712688178796621e-06
1 17 -1.2031030217618244e-03 1.8535795181322070e-06
1 18 -9.5181684176064629e-04 -3.6383834155935348e-07
1 19 -7.7571045842654129e-04 5.6412201971561098e-07
1 20 -6.5521449939677447e-04 1.5126454204363009e-06
1 21 -5.5399576868055047e-04 1.1887594872062975e-06
1 22 -4.6473342224539837e-04 2.0372410195143159e-06
1 23 -3.8876248142065336e-04 1.4743837329319589e-06
1 24 -3.3032879508747379e-04 1.2603457460997093e-06
1 25 -2.7095738790475855e-04 -3.9574830784127676e-07
1 26 -2.2875147438870133e-04 6.9173212860708106e-07
1 27 -1.9197004482203887e-04 -1.0354844114616774e-07
1 28 -1.6046229277084763e-04 -2.3673306193876798e-07
1 29 -1.3674015565439532e-04 -1.1491898156187238e-07
1 30 -1.2496364091589283e-04 -1.0955166063416417e-07
1 31 -1.2009204660909378e-04 3.4198627628423900e-07
1 32 -1.1667848627952379e-04 -1.2937058117268179e-07
1 33 -1.1124059226714792e-04 -5.6716151829667499e-07
1 34 -1.0875444249547956e-04 -8.3038219376075789e-07
1 35 -1.1359850588212146e-04 -2.5163765175253663e-07
1 36 -1.2291257646432572e-04 -4.4014107832586227e-07
1 37 -1.3420730532158877e-04 -1.9546929344194160e-07
1 38 -1.4724100594179900e-04 -7.4235437389075685e-07
1 39 -1.6402211107467872e-04 3.3199883498627004e-07
1 40 -1.8437089984508682e-04 6.2278650060119110e-07
1 41 -2.1823745043800794e-04 1.1080046516203788e-06
1 42 -2.5907865106399394e-04 1.2820469648784666e-06
1 43 -3.0879396441615780e-04 7.7918785284875049e-07
1 44 -3.6011168491363100e-04 1.3588685912013672e-07
1 45 -4.2484007110738447e-04 1.4938693888477228e-06
1 46 -4.9647112427435725e-04 -6.7579192267755370e-07
1 47 -5.8736817751920832e-04 -2.4980289997621699e-06
1 48 -6.8756932052816452e-04 -1.3654463033110820e-06
1 49 -7.7561049854876860e-04 2.0500702766184724e-06
1 50 -8.5259280052230838e-04 4.5161688637834236e-06
1 51 -9.3006698063503282e-04 1.8489397839237991e-06
1 52 -1.0309154583891999e-03 7.0076548880788474e-06
1 53 -1.1659771441902460e-03 3.5259187764444089e-06
1 54 -1.3879171334229587e-03 -2.4273388247405544e-07
1 55 -1.6667442607256981e-03 -8.3122154093298635e-06
1 56 -1.9610647982736349e-03 -9.1591450263031003e-06
1 57 -2.3360847540702277e-03 -1.0365782200624005e-05
1 58 -2.8706110122885937e-03 -5.3737968595583784e-06
1 59 -3.4549463172400432e-03 -9.4544160416674930e-06
1 60 -4.0020402380374510e-03 -3.4803452145970442e-06
1 61 -4.7128602970770428e-03 3.3465786835545157e-05
1 62 -5.5084452310513602e-03 4.0755928002945171e-05
1 63 -6.4400814547041375e-03 -1.8334402505582739e-06
1 64 -7.3714554367729657e-03 -2.6815871632508066e-05
1 65 -8.6826664909125818e-03 -4.8217155151655821e-05
1 66 -1.0328153406362169e-02 -1.2152569364768042e-05
1 67 -1.3236764064038538e-02 -4.8039730112641052e-05
1 68 -1.8999179338354554e-02 5.9896453933530037e-05
1 69 -2.8252703412154339e-02 -2.3105012721665189e-05
1 70 -4.6284839550079601e-02 4.3638632377182053e-04
1 71 -9.5542372317251767e-02 1.5967987541024755e-04
2 0 -1.1016294936123584e-01 -5.4121645428943607e-05
2 1 -4.6898187704911047e-02 -8.3534040557799150e-04
2 2 -2.5429808995401901e-02 -3.6366117678599333e-04
2 3 -1.4986140295813431e-02 -2.8292446691774946e-04
2 4 -1.0377399919035470e-02 -5.5750695509545173e-05
2 5 -8.0235776956662317e-03 -3.9228026480742910e-06
2 6 -6.8054324400025805e-03 -1.5649267406426252e-05
2 7 -5.7842003557382954e-03 5.1948380006419999e-05
2 8 -4.7956784609201357e-03 2.3812648074155746e-06
2 9 -4.0139223517772086e-03 -6.6978846769783059e-06
2 10 -3.2462242372140663e-03 -4.9669327224242794e-05
2 11 -2.6409789066515485e-03 -3.5856729105947726e-06
2 12 -2.2230513812414145e-03 1.2268362718809058e-05
2 13 -1.9178428981339315e-03 1.2422384783873378e-06
2 14 -1.5202145658079335e-03 -8.0519989801970142e-06
2 15 -1.1729020444557368e-03 7.0823796731393712e-06
2 16 -9.3859981174012057e-04 7.1753095514211526e-06
2 17 -7.4169792191172658e-04 3.3022293162406039e-06
2 18 -5.8852140220456192e-04 1.2005989609440386e-06
2 19 -4.7820154229597265e-04 1.6149675235191186e-06
2 20 -4.0323137405862824e-04 2.3896875817621644e-06
2 21 -3.4150044678588249e-04 1.2420054965993672e-06
2 22 -2.8743580051627279e-04 2.7345220577660906e-06
2 23 -2.3915186125723082e-04 2.9720935776547181e-06
2 24 -2.0329732223583653e-04 1.5172821921581752e-06
2 25 -1.6696388576009668e-04 -2.9294731616762246e-07
2 26 -1.4155002567782635e-04 4.8062255998730138e-07
2 27 -1.1844400757405227e-04 5.6721324860313566e-09
2 28 -9.9658259864141328e-05 -2.3277657392653099e-07
2 29 -8.4463007788872528e-05 -2.1094464152757938e-08
2 30 -7.8344668884697136e-05 -1.3483503653645342e-07
2 31 -7.4870700045996262e-05 3.1360144904190189e-07
2 32 -7.2554989111360874e-05 -2.4670877169479816e-07
2 33 -6.9599029437424309e-05 -9.1795658838634200e-07
2 34 -6.7488616221137650e-05 -1.4314991774044549e-06
2 35 -7.0170074775600521e-05 -5.3394001918416242e-07
2 36 -7.6147394903533405e-05 -6.0317560938101610e-07
2 37 -8.3482899920825316e-05 -2.3449970179992006e-07
2 38 -9.1563249847159038e-05 -1.1881590224129122e-06
2 39 -1.0189278462732330e-04 1.8360461345978156e-07
2 40 -1.1469284621540952e-04 7.4957572314426074e-07
2 41 -1.3726257196703789e-04 1.5709840669964350e-06
2 42 -1.6208480423830643e-04 1.6182726486411717e-06
2 43 -1.9277769431677900e-04 6.1184033138504306e-07
2 44 -2.2203809632403789e-04 6.5873164043395175e-07
2 45 -2.5943968015686684e-04 2.1761795855231216e-06
2 46 -3.0619029815427148e-04 -1.0733225870391300e-06
2 47 -3.5992589063443375e-04 -3.1359415180214151e-06
2 48 -4.2623756249167573e-04 -1.2995316917890517e-06
2 49 -4.8144509422310804e-04 3.4432920763696822e-06
2 50 -5.2735121256764048e-04 4.4312396091964905e-06
2 51 -5.7476683945574840e-04 4.3166946996903387e-06
2 52 -6.4310552801576039e-04 9.9431850825492854e-06
2 53 -7.2659031029576797e-04 6.4873747213642945e-06
2 54 -8.6197497202296293e-04 -5.6434615291070003e-07
2 55 -1.0288202592094902e-03 -1.3710527922862300e-05
2 56 -1.2061997706099084e-03 -1.1800250149557754e-05
2 57 -1.4382062972677972e-03 -1.6925028766860965e-05
2 58 -1.7703365470706461e-03 -1.0681646060593659e-05
2 59 -2.1302997592236718e-03 -3.9848394146490648e-06
2 60 -2.4775181295209939e-03 1.9674104883395687e-07
2 61 -2.9075170165711053e-03 4.5576054748281516e-05
2 62 -3.3957596734005930e-03 3.9648773369179701e-05
2 63 -3.9751836299202498e-03 -1.8787141882738792e-05
2 64 -4.5572970940934562e-03 -4.3649038247298098e-05
2 65 -5.4039329679091671e-03 -6.8726446049254653e-05
2 66 -6.3646178553675480e-03 -4.6069209032696360e-05
2 67 -8.1354846088686657e-03 -6.7464842814566689e-05
2 68 -1.1585626180063802e-02 8.0111650833050843e-05
2 69 -1.7006960247406715e-02 5.8879090229411246e-05
2 70 -2.6460645681958061e-02 2.9884260824971737e-04
2 71 -4.4852114474624810e-02 2.6004719196619068e-04
3 0 -3.8035177920248249e-02 6.2135741709453036e-04
3 1 -2.1189881268566184e-02 -6.0482208598893058e-04
3 2 -1.3432519764621211e-02 -5.1685023559606546e-04
3 3 -8.2088538419733889e-03 -2.7607958753290496e-04
3 4 -5.8178686458049194e-03 -1.0021182777103267e-04
3 5 -4.5486332384663351e-03 -3.5044624756473869e-05
3 6 -3.9030290399175048e-03 -2.9795717143489204e-05
3 7 -3.3385623412606467e-03 4.3058590973486375e-05
3 8 -2.7643876983976805e-03 -1.2510060225949767e-05
3 9 -2.3019611736867056e-03 -1.8264609025740033e-05
3 10 -1.8553932062830428e-03 -4.9689808014627116e-05
3 11 -1.5060127806736619e-03 -1.1925748749184004e-05
3 12 -1.2658327276781549e-03 2.0236735136588276e-05
3 13 -1.1005699929664008e-03 2.2390475890490777e-06
3 14 -8.6191916341121853e-04 -7.8877055673482104e-06
3 15 -6.5605614028775507e-04 7.4919555712272474e-06
3 16 -5.3200194549036085e-04 6.6606434747592924e-06
3 17 -4.1971893685083435e-04 4.2139399000430673e-06
3 18 -3.3606694800787732e-04 1.6469927284008289e-06
3 19 -2.7328331632325896e-04 2.0530450424404196e-06
3 20 -2.2894335336495671e-04 3.1557020691095721e-06
3 21 -1.9445561473587354e-04 5.4763336601168669e-07
3 22 -1.6414502189712271e-04 3.1469344886378451e-06
3 23 -1.3550470218880444e-04 3.4519824328928307e-06
3 24 -1.1553802538999375e-04 1.4047906329170624e-06
3 25 -9.5157496314978872e-05 -1.1049025946280553e-07
3 26 -8.0833885037984743e-05 -3.4281016778715916e-07
3 27 -6.7505410877733921e-05 1.3276504042642058e-07
3 28 -5.7141843424856812e-05 -1.3516789925730300e-07
3 29 -4.7845636103980904e-05 3.2745848947603285e-07
3 30 -4.5406704356283624e-05 2.7920681925838284e-09
3 31 -4.3450035234365067e-05 3.0101073140764771e-07
3 32 -4.1531648799309483e-05 -3.1013331280372191e-07
3 33 -4.0379108732556475e-05 -1.0078722782741474e-06
3 34 -3.8726328701148211e-05 -1.4662348282100658e-06
3 35 -4.0184736628137740e-05 -5.8403517126362221e-07
3 36 -4.3812106782402975e-05 -5.1294546122577658e-07
3 37 -4.7836218258390488e-05 -1.0717814271880904e-07
3 38 -5.2573405421744258e-05 -1.2173253457626951e-06
3 39 -5.8894656498130247e-05 2.0183231058808919e-07
3 40 -6.6332197421943960e-05 4.7716382372356372e-07
3 41 -8.0805618033247676e-05 1.3194117310839360e-06
3 42 -9.4008030131033219e-05 1.2714559663885894e-06
3 43 -1.1168661011134571e-04 2.3209875627865791e-07
3 44 -1.2588688182653572e-04 1.1269420267008790e-06
3 45 -1.4546420503404941e-04 2.8378535576447170e-06
3 46 -1.7340550141740883e-04 -1.1307259250012887e-06
3 47 -2.0132812180801422e-04 -1.5813981059646145e-06
3 48 -2.4401229361424280e-04 -9.6032886536656868e-07
3 49 -2.7760947794911145e-04 3.1078941480804625e-06
3 50 -3.0181786958800860e-04 2.2168992210103058e-06
3 51 -3.2920101184070360e-04 7.2122506469235373e-06
3 52 -3.7053294897697553e-04 1.0105364649914948e-05
3 53 -4.1807066255840006e-04 8.3892965568397985e-06
3 54 -4.9621000860685521e-04 5.1321944099828669e-07
3 55 -5.8712150373329663e-04 -1.6793062776593365e-05
3 56 -6.8468272946300372e-04 -1.4533305577262661e-05
3 57 -8.1718114303991861e-04 -2.0726009504108723e-05
3 58 -1.0010010150536580e-03 -1.9065461099696529e-05
3 59 -1.2094970217294099e-03 -2.2782947718250398e-06
3 60 -1.4111335787099501e-03 -3.6840957606276689e-07
3 61 -1.6503074357686076e-03 4.3103593471484382e-05
3 62 -1.9325550987154324e-03 2.7333107793409877e-05
3 63 -2.2644461477830191e-03 -2.9401517117289241e-05
3 64 -2.5916794256322898e-03 -4.4393192810562099e-05
3 65 -3.1019245082505773e-03 -7.2726081744570471e-05
3 66 -3.6172314029979061e-03 -9.4107650222384316e-05
3 67 -4.5937071942172844e-03 -1.0464508057334717e-04
3 68 -6.4954092999265321e-03 9.2715899637645679e-05
3 69 -9.3277770605997533e-03 1.3589451932958962e-04
3 70 -1.3982033530555313e-02 1.0560995064488158e-04
3 71 -1.9839205763679445e-02 2.5657972517913424e-04
4 0 -1.5423515623070488e-02 1.1893167432029249e-03
4 1 -9.3623471712341675e-03 -1.0231578070857148e-04
4 2 -6.7662693008974139e-03 -3.5315562030075170e-04
4 3 -4.2160987721909489e-03 -1.8817463486167947e-04
4 4 -3.1144238206195466e-03 -1.0929970834088384e-04
4 5 -2.4986449652596261e-03 -5.4591073522255158e-05
4 6 -2.1453214447207996e-03 -3.0760426350752802e-05
4 7 -1.8538731541256619e-03 3.2588814608813239e-05
4 8 -1.5313973869317888e-03 -2.7133948250156943e-05
4 9 -1.2710635283484351e-03 -1.3437297992290915e-05
4 10 -1.0211175411148840e-03 -4.4804230578091715e-05
4 11 -8.2174797348976781e-04 -1.3750083232925352e-05
4 12 -6.9057933928872101e-04 2.3983140057032741e-05
4 13 -6.0869735411977067e-04 -2.3197237387670154e-06
4 14 -4.6924083722670680e-04 -6.7497483270712969e-06
4 15 -3.4915532653586630e-04 5.9634028029755593e-06
4 16 -2.8828259783212376e-04 8.3389133565476784e-06
4 17 -2.2718056122204700e-04 4.8503137004557369e-06
4 18 -1.8388562898037064e-04 1.0439276012029833e-06
4 19 -1.4937606143572714e-04 1.1727763871661661e-06
4 20 -1.2421554366253109e-04 3.1569327942223393e-06
4 21 -1.0678588858523393e-04 6.7943148557238387e-07
4 22 -8.9686875333829977e-05 2.9459260136649169e-06
4 23 -7.3847338947107157e-05 2.7398328537257277e-06
4 24 -6.2781195686540168e-05 1.0918821684158034e-06
4 25 -5.2152960360542553e-05 -6.4886668513126118e-08
4 26 -4.4306182036886140e-05 -8.9320114134979283e-07
4 27 -3.7015295829177666e-05 4.0549234209357394e-07
4 28 -3.1455714201791948e-05 -2.1376244165727591e-07
4 29 -2.5934189690058379e-05 5.1908894428359135e-07
4 30 -2.5249398940727561e-05 8.7998374213284483e-08
4 31 -2.4232618858748780e-05 2.7718933766569170e-07
4 32 -2.2551093481061645e-05 -4.8307231075051387e-07
4 33 -2.2533820777117193e-05 -9.5494463757690756e-07
4 34 -2.1225904987242095e-05 -1.2708830954614451e-06
4 35 -2.2255919909004880e-05 -4.7823964265812168e-07
4 36 -2.4250295421603131e-05 -4.8430772180653780e-07
4 37 -2.6236097087911642e-05 3.4308367406694622e-10
4 38 -2.9001851209551194e-05 -1.2466986218138693e-06
4 39 -3.3059109666552155e-05 1.9321307670328472e-07
4 40 -3.7113706752427166e-05 1.3461111383291042e-07
4 41 -4.5839385209186441e-05 8.9421486374336053e-07
4 42 -5.2590918886094753e-05 6.4730513164697786e-07
4 43 -6.2364995896092685e-05 -1.7576704029124707e-07
4 44 -6.8418520439656765e-05 1.3743946113117509e-06
4 45 -7.7085889681997221e-05 3.4814929547979339e-06
4 46 -9.3690896853329563e-05 -1.6666459350315400e-06
4 47 -1.0662727876175854e-04 -8.5001333059932492e-07
4 48 -1.3269932111920120e-04 -1.0391525792081702e-06
4 49 -1.5351707533482222e-04 7.2415460125819253e-07
4 50 -1.6425532049526450e-04 -8.9027067454522547e-07
4 51 -1.8128324807907729e-04 8.2265880236969756e-06
4 52 -2.0357940896506788e-04 8.5234939814090016e-06
4 53 -2.2936364153625175e-04 7.7607262229421900e-06
4 54 -2.7556366940709718e-04 3.2048060698804925e-06
4 55 -3.1964271535353007e-04 -1.5870504011106707e-05
4 56 -3.7673489332642942e-04 -1.6777883652912655e-05
4 57 -4.3926075871256399e-04 -2.2102797767742806e-05
4 58 -5.3835030796126602e-04 -2.0819155892789503e-05
4 59 -6.5235217808693618e-04 -2.5670623560610382e-06
4 60 -7.6746743308727414e-04 1.3730144808465985e-06
4 61 -8.9601185036259181e-04 3.0686924733316123e-05
4 62 -1.0575334417714183e-03 2.0709681403078460e-05
4 63 -1.2415295028165279e-03 -3.6297991551272372e-05
4 64 -1.4063303994075523e-03 -3.4244607074846000e-05
4 65 -1.6964862808621028e-03 -5.7093356035348105e-05
4 66 -1.9716242431520757e-03 -1.2026192567462790e-04
4 67 -2.4759367551556600e-03 -1.4199532034174221e-04
4 68 -3.4933372293474364e-03 1.0010969334202484e-04
4 69 -4.8430068680839237e-03 1.2541527850809767e-04
4 70 -7.0316645020488929e-03 1.1929041691099378e-05
4 71 -8.9577419545398811e-03 1.6080735357228714e-05
5 0 -6.1837136994175954e-03 1.5604301252890168e-03
5 1 -3.9591091730609273e-03 5.7758944695044927e-05
5 2 -3.3707239512610850e-03 -2.1607852667252178e-04
5 3 -2.0444044831814554e-03 -5.7978017725880957e-05
5 4 -1.6157176637245875e-03 -1.0139735881645527e-04
5 5 -1.3616845252182876e-03 -5.0662004312163931e-05
5 6 -1.1370568893937117e-03 -3.2324571584542017e-05
5 7 -1.0004170084270687e-03 2.2469750889509962e-05
5 8 -8.1464331147772999e-04 -3.5041346414609148e-05
5 9 -6.8119854098045026e-04 -2.1446159280611820e-06
5 10 -5.4602532026163731e-04 -4.5317736147919817e-05
5 11 -4.3508390351562219e-04 -9.4132524197669219e-06
5 12 -3.6255685475485792e-04 2.3391114788364923e-05
5 13 -3.3013500223405551e-04 -4.6797757540034673e-06
5 14 -2.4879608538221369e-04 -3.8906979873699377e-06
5 15 -1.7905277548187077e-04 4.1056846048148626e-06
5 16 -1.5100324814170513e-04 9.0140464890775772e-06
5 17 -1.1884749632281926e-04 4.1304439530512429e-06
5 18 -9.9473697750485158e-05 1.4745572970741584e-06
5 19 -7.9365873002431911e-05 -1.7254556819183561e-07
5 20 -6.5191319265550852e-05 2.5117070621760329e-06
5 21 -5.7326262586310409e-05 8.2296354623794225e-07
5 22 -4.7580283915650479e-05 2.5854667298023075e-06
5 23 -3.9676703836058152e-05 1.5522553439084253e-06
5 24 -3.3273162110073085e-05 6.3368239957127572e-07
5 25 -2.7935415414479650e-05 -2.8649370989500950e-07
5 26 -2.3630433726298850e-05 -8.7681088415350429e-07
5 27 -1.9831519122073003e-05 4.4784596879659422e-07
5 28 -1.6829681817217124e-05 -4.4236360506228080e-07
5 29 -1.3757553325815094e-05 5.6002089590528766e-07
5 30 -1.3703927362262873e-05 1.9820256898620714e-07
5 31 -1.3136172507001887e-05 1.9729422279052693e-07
5 32 -1.1894468962775497e-05 -5.6703923762520398e-07
5 33 -1.2088780711009882e-05 -9.1161717883021525e-07
5 34 -1.1236357517582126e-05 -9.2861637577267467e-07
5 35 -1.2131115816154489e-05 -3.1440943169967851e-07
5 36 -1.2974542611783711e-05 -5.7348773588455246e-07
5 37 -1.4029270944787635e-05 2.1571461761003216e-07
5 38 -1.5619659531781769e-05 -1.2200199466830581e-06
5 39 -1.8363079233825447e-05 1.8237053378692920e-07
5 40 -2.0263204918727419e-05 4.8265446822174964e-08
5 41 -2.5316493539627768e-05 5.7666812010721425e-07
5 42 -2.9222980301785862e-05 -1.5882381729146315e-07
5 43 -3.3615813202596932e-05 -5.7817678135919107e-07
5 44 -3.6711266399402288e-05 1.8571149938214818e-06
5 45 -3.7991424739055141e-05 3.0171141750533387e-06
5 46 -4.8597949694853448e-05 -2.4598927836647601e-06
5 47 -5.3086691056952500e-05 -9.1571025760413536e-07
5 48 -6.8553915803858074e-05 -3.0479835423510076e-07
5 49 -8.3176857322532117e-05 -1.4894256633067105e-06
5 50 -8.5533417041714418e-05 -2.3988375527565076e-06
5 51 -9.7369335398917890e-05 7.0693893096592217e-06
5 52 -1.0801479470527161e-04 7.2649854747452979e-06
5 53 -1.2099639542287458e-04 6.5233458884457827e-06
5 54 -1.4883096546518409e-04 5.4298558357413040e-06
5 55 -1.6858534884696627e-04 -1.1717066580506961e-05
5 56 -2.0435751904128696e-04 -1.7641127341249093e-05
5 57 -2.2615800134947008e-04 -2.0533914359866737e-05
5 58 -2.8473167150933374e-04 -2.1805094327633970e-05
5 59 -3.4250278764328784e-04 -2.5382932421779144e-06
5 60 -4.0674258397520226e-04 7.7091548101146213e-06
5 61 -4.6978656223869357e-04 2.1699208378742260e-05
5 62 -5.6947384844621609e-04 2.0435365783593725e-05
5 63 -6.6613404068630727e-04 -3.6968693689528307e-05
5 64 -7.3848910876951352e-04 -2.1687751679351200e-05
5 65 -8.8900129485675560e-04 -3.4268529592691150e-05
5 66 -1.0452889481745670e-03 -1.0809730175090277e-04
5 67 -1.2910085655783339e-03 -1.5432350678308947e-04
5 68 -1.8224232272462679e-03 7.4221399860101945e-05
5 69 -2.4425757732582051e-03 1.0162994654522226e-04
5 70 -3.4102803625322329e-03 5.9220955760948119e-05
5 71 -4.0531120058011133e-03 -6.3491571645543895e-05
6 0 -2.1674797405521981e-03 1.3018604742278028e-03
6 1 -1.5415133473995384e-03 5.4002238001280673e-05
6 2 -1.6291528105465360e-03 -1.2804654320037605e-04
6 3 -9.5613526237052059e-04 2.4162458425860007e-05
6 4 -8.0660140501686770e-04 -9.4807876992111001e-05
6 5 -7.2613355503132744e-04 -3.3681695442387452e-05
6 6 -5.7690866044877466e-04 -3.1247731945202535e-05
6 7 -5.2154885373549141e-04 1.0683920665599631e-05
6 8 -4.1062923113947353e-04 -5.0561604192092576e-05
6 9 -3.5971179379654230e-04 4.4251776934224296e-06
6 10 -2.8514693486965712e-04 -4.3641864205685981e-05
6 11 -2.2647084466126144e-04 -2.4356368594137282e-06
6 12 -1.8469697044691365e-04 2.2024008660816223e-05
6 13 -1.7784408131065152e-04 -3.1996434671857252e-06
6 14 -1.3183377405135994e-04 -3.9124423826720159e-07
6 15 -8.6598526225577300e-05 4.1353335068290278e-06
6 16 -7.8396880444427447e-05 8.0543131617872222e-06
6 17 -5.9765035116413562e-05 2.5844705991735411e-06
6 18 -5.4001402834393372e-05 9.4360469244021597e-07
6 19 -4.1471304278751748e-05 -1.5110891136571364e-06
6 20 -3.2773793881652182e-05 1.5640370468221976e-06
6 21 -2.9741281743176155e-05 1.1664354296293123e-06
6 22 -2.4183535624847297e-05 1.6993163227023488e-06
6 23 -2.1725631390243199e-05 5.8223249334808992e-07
6 24 -1.7399208307139838e-05 3.4031204389808776e-07
6 25 -1.4689396775665344e-05 -3.9158746372180435e-07
6 26 -1.2627618287070488e-05 -5.3329403784903852e-07
6 27 -1.0495271003403751e-05 3.1087041954623166e-07
6 28 -8.8336646413375382e-06 -7.5711271454097970e-07
6 29 -7.2043822751153534e-06 5.4054753952417070e-07
6 30 -7.2674529635715296e-06 3.5253279662433049e-07
6 31 -7.0056029005983375e-06 1.1253172673720143e-07
6 32 -6.1996987480595543e-06 -5.8576346746986930e-07
6 33 -6.2234486812906944e-06 -8.0879393312499443e-07
6 34 -5.7082378015129141e-06 -6.9232521863268070e-07
6 35 -6.5237561971180700e-06 -3.1632838254446387e-07
6 36 -6.8139197998739597e-06 -4.5462610662532620e-07
6 37 -7.3916275090274797e-06 3.3490342856268691e-07
6 38 -8.1808697818401214e-06 -9.6655871574197571e-07
6 39 -1.0159353957412814e-05 1.5267940859413542e-07
6 40 -1.0741233406323768e-05 -1.9966539121597029e-07
6 41 -1.4000782048315107e-05 8.1016541154960303e-08
6 42 -1.6590282492878518e-05 -8.7997663927728291e-07
6 43 -1.7408077922110892e-05 -7.6838838414251639e-07
6 44 -1.9517291029652075e-05 2.0230348407453463e-06
6 45 -1.7501950525931359e-05 2.0803279816538217e-06
6 46 -2.3987810525546852e-05 -3.2234067709063868e-06
6 47 -2.4608582067796816e-05 -8.5463519934756614e-07
6 48 -3.4096318905255515e-05 5.9342230938052271e-07
6 49 -4.5132172828680459e-05 -2.7869185200587923e-06
6 50 -4.3611856560073223e-05 -2.9143543559793650e-06
6 51 -4.9868306203433388e-05 5.2696694214626397e-06
6 52 -5.5645147305288403e-05 7.0342908306377020e-06
6 53 -6.1565806377104749e-05 6.4848610568892141e-06
6 54 -7.8128112803229710e-05 5.9076116555679470e-06
6 55 -8.6393058382283462e-05 -7.1548069087247160e-06
6 56 -1.0730945117570453e-04 -1.6243482630788504e-05
6 57 -1.1025937994975300e-04 -1.8968369963625919e-05
6 58 -1.4978897516416533e-04 -2.0827061528327676e-05
6 59 -1.7657551675568880e-04 -2.2628036719259849e-06
6 60 -2.1867629846654342e-04 1.4010436724380363e-05
6 61 -2.4067174824418333e-04 1.6156395929472749e-05
6 62 -3.0972385158982744e-04 1.2247845770334107e-05
6 63 -3.6174691159997869e-04 -4.1279917899308389e-05
6 64 -3.8192306273507939e-04 -1.3340953940619420e-05
6 65 -4.5235911916574677e-04 -1.0696971881615559e-05
6 66 -5.3340016409938714e-04 -7.9675137280336931e-05
6 67 -6.4948047049289608e-04 -1.3550719951271143e-04
6 68 -9.0340616610549789e-04 2.4334183924679057e-05
6 69 -1.2118600607631883e-03 8.0074131885717685e-05
6 70 -1.6318394818124612e-03 1.1770763257924776e-04
6 71 -1.8352342593250003e-03 -8.8254944019367234e-05
7 0 -6.5597755219686589e-04 8.3081076325033400e-04
7 1 -5.3987425763413622e-04 6.6918795635304709e-05
7 2 -7.7247457185293023e-04 -1.0715977243104652e-04
7 3 -4.1541082263615110e-04 4.6315025049235695e-05
7 4 -3.9986448080517632e-04 -7.8905239087500155e-05
7 5 -3.7619114896783801e-04 -1.5892464335818557e-05
7 6 -2.7511764179225033e-04 -3.0271705805336687e-05
7 7 -2.4887031906232446e-04 -8.6042790858062834e-07
7 8 -2.0080406019413368e-04 -5.3645154623197640e-05
7 9 -1.9151920545747058e-04 5.2590483082976223e-07
7 10 -1.3945751623540116e-04 -3.5170529547353562e-05
7 11 -1.1607891506891543e-04 5.0937986077366620e-06
7 12 -8.7266872367061267e-05 1.9493096089104892e-05
7 13 -9.9558734185982488e-05 -2.2019138009359614e-06
7 14 -6.8382297767463569e-05 1.9416332565715271e-06
7 15 -3.7349202875502602e-05 4.7221922387715431e-06
7 16 -3.9879011238195008e-05 6.6070906312938055e-06
7 17 -2.8695627654486306e-05 8.8029753292524586e-07
7 18 -2.9811331965892830e-05 1.2502870616151102e-07
7 19 -2.1563297310977870e-05 -1.7685945747131764e-06
7 20 -1.5230084489918781e-05 2.7942480781721380e-07
7 21 -1.5236671847779532e-05 1.1746216498558258e-06
7 22 -1.1298496219006126e-05 3.8549755948430040e-07
7 23 -1.2375811829535358e-05 1.2516516145635945e-08
7 24 -8.9922356321173180e-06 4.7212953662031377e-07
7 25 -7.4874793781845560e-06 -3.6610253263377250e-07
7 26 -6.6227070854281687e-06 -3.6352192476341074e-07
7 27 -5.4721118764825606e-06 1.3384322102648915e-07
7 28 -4.4895072512501374e-06 -9.2685474542089228e-07
7 29 -3.7322251124042940e-06 5.1422630456761510e-07
7 30 -3.7843204454167748e-06 3.9751664949014387e-07
7 31 -3.7231761702932131e-06 4.5499069676972741e-08
7 32 -3.1714520308310743e-06 -5.1758438531586550e-07
7 33 -3.0145101059309123e-06 -5.5930025444691317e-07
7 34 -2.7827329468539879e-06 -5.2975265784719811e-07
7 35 -3.4129591185166472e-06 -4.1226544629590638e-07
7 36 -3.5434829926430456e-06 -7.4490130861236018e-08
7 37 -3.7552719255705190e-06 2.9922987651769869e-07
7 38 -4.2186483057939044e-06 -6.7785633704773572e-07
7 39 -5.7429656963303953e-06 4.5888433495012377e-08
7 40 -5.2003683666253263e-06 -3.0252754336522947e-07
7 41 -7.8364674323828401e-06 -4.2609772237326834e-07
7 42 -9.5942940516563983e-06 -9.5647091946273170e-07
7 43 -9.0763169325075301e-06 -8.2984495297435342e-07
7 44 -1.0815861010368365e-05 1.9923039796953074e-06
7 45 -7.7420979154057145e-06 8.5295582279930621e-07
7 46 -1.0946555856063411e-05 -3.1331506207835512e-06
7 47 -1.0226750068084818e-05 -7.9668132046898566e-07
7 48 -1.5593364331554351e-05 1.7665918535115514e-07
7 49 -2.4147679446568362e-05 -2.3616181463849171e-06
7 50 -2.2521613028695633e-05 -2.4161996858559673e-06
7 51 -2.3824321238855819e-05 3.5402320325871490e-06
7 52 -2.8062254812092657e-05 6.6142713884723364e-06
7 53 -2.9165954073224063e-05 6.4862244681102855e-06
7 54 -3.9196998053902770e-05 4.6160809687029613e-06
7 55 -4.2085624602406208e-05 -4.8140388069954699e-06
7 56 -5.2878136147953430e-05 -1.3157524931691783e-05
7 57 -5.1974887532771656e-05 -1.8508646314221078e-05
7 58 -7.9346648007312586e-05 -1.6716831368921840e-05
7 59 -8.8739708672844534e-05 -1.4416343334046194e-06
7 60 -1.2080151560428224e-04 1.5909489442579866e-05
7 61 -1.2404246087269606e-04 1.6148807284039603e-05
7 62 -1.6809902474921863e-04 -1.5766379272608128e-06
7 63 -2.0423015430809317e-04 -4.2179983245562515e-05
7 64 -1.9829450502473160e-04 -7.3122939228526734e-06
7 65 -2.2988140779405431e-04 1.3225192875600687e-05
7 66 -2.5659114296987929e-04 -4.8519628969507310e-05
7 67 -3.1914743533872193e-04 -9.7055115571426180e-05
7 68 -4.3641959226879386e-04 -4.9481129191269762e-06
7 69 -5.9959664485239521e-04 8.5116678149200548e-05
7 70 -7.5823267845035694e-04 1.3605500015403246e-04
7 71 -7.6365346214862199e-04 -6.9353703305194763e-06
8 0 -3.1121436962601863e-04 3.5932487184575618e-04
8 1 -2.1060907684834323e-04 9.4565080129906765e-05
8 2 -3.3466090429746831e-04 -1.2576454832912752e-04
8 3 -1.5659228178887432e-04 4.1148685293949639e-05
8 4 -1.9210162623500458e-04 -3.6871088910069634e-05
8 5 -1.9477853033059319e-04 -1.2857577000237699e-05
8 6 -1.2037434210710756e-04 -4.4388636346753119e-05
8 7 -1.0145114204652720e-04 -1.2059677883360807e-05
8 8 -1.0352822249247959e-04 -4.3467670102493184e-05
8 9 -1.0411908884653475e-04 -4.9026423298421642e-06
8 10 -6.3155638188617418e-05 -2.0711074800501299e-05
8 11 -6.1535768694566807e-05 1.0399001827458767e-05
8 12 -3.7487888680217667e-05 1.6714238109331730e-05
8 13 -5.9952151534068535e-05 -4.7194768507918140e-06
8 14 -3.5276768306420952e-05 2.7450134964477499e-06
8 15 -1.3450876772161572e-05 5.8677357070032778e-06
8 16 -1.8521962017858418e-05 5.7818874283146848e-06
8 17 -1.2616259227569888e-05 -1.8715312175091273e-07
8 18 -1.5967960465446882e-05 5.1759327388366520e-07
8 19 -1.0812426916966606e-05 -2.0423877609656427e-06
8 20 -5.6778472887190756e-06 -6.5631505626724033e-07
8 21 -7.8327599240524251e-06 1.2073291429536415e-07
8 22 -5.0941543979214600e-06 -6.2568824772936136e-07
8 23 -7.0703208751102705e-06 2.5464162469632596e-07
8 24 -4.5640349099646504e-06 7.0377284081693097e-07
8 25 -3.8004984888211577e-06 -1.7498282471664228e-07
8 26 -3.3124428402273926e-06 -3.5967034121889185e-07
8 27 -2.7742513225655068e-06 -1.5563625822289803e-07
8 28 -2.1949860585060219e-06 -8.3991129062827099e-07
8 29 -1.9341069544374161e-06 3.6984598057870918e-07
8 30 -1.8299601955085158e-06 3.8359352306270175e-07
8 31 -2.0438186460622090e-06 -8.2632806258686887e-08
8 32 -1.6454213103051842e-06 -3.5754922482009858e-07
8 33 -1.2895287927262100e-06 -3.4234682801244924e-07
8 34 -1.3477918918712684e-06 -3.3708701028233987e-07
8 35 -1.7122307652472345e-06 -4.5968906184918435e-07
8 36 -1.8734650550659709e-06 1.4443070093703266e-07
8 37 -2.0074620565614124e-06 1.2872677860797095e-07
8 38 -2.1801845728050297e-06 -3.9349689060417941e-07
8 39 -3.2750578972633178e-06 -1.7811580364979469e-07
8 40 -2.1101943821269722e-06 -4.0518798368478991e-07
8 41 -4.6255884674059346e-06 -9.7223831407261619e-07
8 42 -5.4634388210378363e-06 -7.8309073448823934e-07
8 43 -5.2304091245173470e-06 -8.2177156281755957e-07
8 44 -6.0599856179288930e-06 2.0644718262224215e-06
8 45 -3.7299644643265618e-06 -1.5836925670172308e-07
8 46 -5.0133805403487263e-06 -2.6385743442292606e-06
8 47 -3.1064593485845215e-06 -5.3430655350991062e-07
8 48 -6.6957059946814283e-06 -3.2608027554395260e-07
8 49 -1.3635208170876008e-05 -4.6347870219531205e-07
8 50 -1.2245546726638084e-05 -4.5437162090473009e-07
8 51 -1.0493973724319658e-05 1.6856037868977143e-06
8 52 -1.4975200054199250e-05 4.9404351131170548e-06
8 53 -1.1575538818162282e-05 6.2278911726073462e-06
8 54 -1.8162130539127407e-05 3.5722389189053793e-06
8 55 -1.9324637149110612e-05 -2.6126314640785542e-06
8 56 -2.4098416771715797e-05 -9.2097661784331212e-06
8 57 -2.3876556481112946e-05 -1.8294739145382681e-05
8 58 -4.4466787068802803e-05 -9.7657070508321695e-06
8 59 -3.8347865573966368e-05 -2.1239444634712034e-07
8 60 -6.6036524132712508e-05 1.3786590787504116e-05
8 61 -6.3920270252629423e-05 1.4923004921013676e-05
8 62 -8.6722632382389131e-05 -7.5001976618853642e-06
8 63 -1.2109917344791728e-04 -3.0728826866919981e-05
8 64 -1.0821509331095362e-04 -5.3403368561258846e-06
8 65 -1.0877487297513054e-04 3.0317462263130045e-05
8 66 -1.2185402011116348e-04 -2.9402746744337011e-05
8 67 -1.4836895104187550e-04 -6.0759978786047328e-05
8 68 -1.8304286246554968e-04 -2.1285306398266443e-05
8 69 -3.0708888287261764e-04 8.1847793645308507e-05
8 70 -3.7701784449144232e-04 1.1547456643841424e-04
8 71 -2.4650843683150754e-04 1.0046368117535096e-04
9 0 -3.3320478652353085e-04 1.5382520638347738e-04
9 1 -5.6017234455366569e-05 1.6158655949808005e-04
9 2 -1.2658741068173230e-04 -1.3896860123077017e-04
9 3 -6.4091969926849157e-05 2.8904148229794561e-05
9 4 -7.7517774293508037e-05 -1.1708782375754625e-05
9 5 -1.0516269997246663e-04 -9.4689905061643375e-06
9 6 -4.3268534610399034e-05 -6.3156867915477541e-05
9 7 -3.8167384040834618e-05 -1.5832710133698729e-05
9 8 -6.2551494535185133e-05 -3.7193491838531255e-05
9 9 -5.7208437351592684e-05 -1.5223861789079521e-05
9 10 -2.6861094418007757e-05 -6.2768714380050423e-06
9 11 -3.2577538421255839e-05 1.1956594579432896e-05
9 12 -1.1705361222004704e-05 1.2957716271062366e-05
9 13 -3.6365154528685449e-05 -9.8165331171822007e-06
9 14 -1.9744440622812369e-05 1.3098519494766028e-06
9 15 -1.5841796237003740e-06 4.9202944932432903e-06
9 16 -6.0689110050689862e-06 4.3612145325081110e-06
9 17 -4.1146946049200473e-06 -1.6049130041868746e-06
9 18 -8.2160595990617145e-06 1.9921037521198475e-06
9 19 -4.9148585409178111e-06 -2.0018868004383978e-06
9 20 -9.7527128773632037e-07 -4.9905238213326970e-07
9 21 -4.5877204343112875e-06 -8.4912748391552192e-07
9 22 -2.5628841551430790e-06 -5.7450794554094667e-07
9 23 -3.9089715093327180e-06 7.6591198946305356e-07
9 24 -2.4346238670169223e-06 9.9277507611575113e-07
9 25 -1.9511795446570409e-06 1.6442478131334231e-07
9 26 -1.4484153062797536e-06 -3.4484542991863477e-07
9 27 -1.3461007019917248e-06 -5.1418151094916917e-07
9 28 -1.0903673295879058e-06 -6.4897114172624539e-07
9 29 -1.0109158127519725e-06 1.9905247578148594e-07
9 30 -8.5491987000411302e-07 3.2057097206175023e-07
9 31 -1.0929523107554153e-06 -1.7749035616175410e-07
9 32 -9.0678599114481198e-07 -4.5086026984808123e-07
9 33 -4.0968042514448154e-07 -2.3864694357614145e-07
9 34 -5.8908059159579462e-07 -1.8544534926399860e-07
9 35 -8.4714571708388108e-07 -5.1726243037929086e-07
9 36 -1.1491630493889555e-06 2.0045928703643376e-07
9 37 -1.2374361159880227e-06 -9.3618062964855493e-08
9 38 -1.0671712635696216e-06 -3.7985124040056818e-07
9 39 -1.9299145072785368e-06 -7.3734976094050459e-08
9 40 -4.9495551296052531e-07 -2.5377405673248643e-07
9 41 -2.9549458761135899e-06 -1.2711447740211737e-06
9 42 -2.8017431471271063e-06 -3.9179705025705745e-07
9 43 -2.9050859853537153e-06 -8.5521712713781635e-07
9 44 -3.1778112462452514e-06 1.9099604166943755e-06
9 45 -1.7038057582307977e-06 -3.5680329948010486e-07
9 46 -2.4289349420243353e-06 -1.9119807008513604e-06
9 47 3.6412339270136168e-07 -3.0897787479478702e-07
9 48 -3.0116630218043229e-06 -1.1890097524773111e-06
9 49 -7.8744240321816253e-06 2.1042210357808274e-06
9 50 -7.0145198789934365e-06 2.3947325750468594e-06
9 51 -3.7443259081345324e-06 -1.3533598941404574e-06
9 52 -8.9277998749448751e-06 3.1036449007991269e-06
9 53 -2.3794194860322370e-06 5.3869688905223973e-06
9 54 -6.8748210057823184e-06 4.6998464522082700e-06
9 55 -7.5004232180660927e-06 -4.0551124814759651e-07
9 56 -1.1540854775658648e-05 -6.2426113850441985e-06
9 57 -9.6406254580823472e-06 -1.4504078485466067e-05
9 58 -2.2521711079131236e-05 -4.6542784236180569e-06
9 59 -1.1997758636979355e-05 8.5782613058669620e-07
9 60 -3.1399498634191475e-05 8.3653501765167054e-06
9 61 -3.0847663182887862e-05 1.0401180321797903e-05
9 62 -4.7244998710338804e-05 -5.4734751745638081e-06
9 63 -7.3834301287952267e-05 -1.5401499150495832e-05
9 64 -6.5554802212294304e-05 -1.2553621008980860e-05
9 65 -4.5153685651969323e-05 3.5633362506244419e-05
9 66 -6.9163918349253998e-05 -2.5354101637180763e-05
9 67 -6.9299262932304105e-05 -4.5462166272587061e-05
9 68 -5.3155420311706245e-05 -3.6830070457096569e-05
9 69 -1.7535602237177440e-04 7.3149648448034472e-05
9 70 -2.2572713438692688e-04 7.9656541514219991e-05
9 71 -3.6757265863554602e-05 1.4997461866259257e-04
10 0 -3.3689828164507507e-04 3.3830556834454468e-05
10 1 4.7860583012787925e-07 1.7240070445976883e-04
10 2 -5.3187930762879921e-05 -1.1492760313634713e-04
10 3 -4.2998489276938318e-05 3.0497613415321060e-05
10 4 -2.7766467609017779e-05 -1.2781812442469191e-05
10 5 -5.6456869002396609e-05 8.6109992210218715e-07
10 6 -5.5756496461736243e-06 -7.3098700614496049e-05
10 7 -1.9708780749948388e-05 -9.1484670687695414e-06
10 8 -4.8570935033060091e-05 -3.1887870267607715e-05
10 9 -3.4379206722992014e-05 -2.3698762955755325e-05
10 10 -1.1634318207370690e-05 1.8457109979079413e-06
10 11 -1.3403636598255286e-05 1.1655990053498514e-05
10 12 2.2551090784838205e-06 7.7429284141705018e-06
10 13 -2.0278198861983458e-05 -9.9155493386627281e-06
10 14 -1.1081323316540251e-05 4.9249986086888700e-07
10 15 3.1372665474093252e-06 1.2055755159917203e-06
10 16 -8.2500111728936802e-07 2.5584693299715245e-06
10 17 1.2043227257267210e-07 -2.1299530821188457e-06
10 18 -3.9835344967163314e-06 2.1581771603900668e-06
10 19 -1.5509410941320540e-06 -1.3329330121115954e-06
10 20 1.6604731259306042e-06 4.6098902613763752e-07
10 21 -2.9753245384306747e-06 -9.2456480423271460e-07
10 22 -1.7487303316670392e-06 -6.8776943996137160e-07
10 23 -1.8835344099514861e-06 1.0053999398081806e-06
10 24 -1.3080131924453041e-06 9.9311601715606587e-07
10 25 -8.6340393139820018e-07 3.9230908533548017e-07
10 26 -5.3412463587769628e-07 -1.9831023343218118e-07
10 27 -6.2997160518283325e-07 -7.1858075150886229e-07
10 28 -5.7450491018306498e-07 -5.5111770784118373e-07
10 29 -5.2517376039796887e-07 3.9527383317750547e-08
10 30 -2.5468365545268567e-07 1.4059568711200203e-07
10 31 -5.3210450172159105e-07 -2.4723364317351211e-07
10 32 -4.3771289937950750e-07 -5.7413925121615922e-07
10 33 -3.7783804152544420e-08 -2.1169163352689015e-07
10 34 -2.4266846935886059e-07 -2.3886658795333846e-08
10 35 -4.4555144349091818e-07 -6.7079210918822699e-07
10 36 -6.7731803784490441e-07 2.4600829799705660e-07
10 37 -7.6390585702482852e-07 -4.0195522911805197e-07
10 38 -6.6352998477961432e-07 -2.8984653801108412e-07
10 39 -1.2554809269770480e-06 1.9046016140144661e-07
10 40 5.2670661326993519e-08 5.5879268501559237e-08
10 41 -1.6713933649914945e-06 -1.3989508757291601e-06
10 42 -1.6080324893495185e-06 1.1270978499466606e-07
10 43 -1.4663553387680182e-06 -1.5203456597602873e-06
10 44 -1.3567832539608699e-06 1.3727007197087069e-06
10 45 -7.6152763812279460e-07 -4.1298956951232006e-07
10 46 -1.5220475690238610e-06 -8.7961290276675108e-07
10 47 1.5780012623131842e-06 5.7972842452578556e-09
10 48 -1.9656812643272053e-06 -2.2158170268695676e-06
10 49 -4.3828281904179487e-06 3.8129593687624192e-06
10 50 -4.1500340711820279e-06 4.3794191808400878e-06
10 51 -5.7989063778314998e-08 -4.1203260659830539e-06
10 52 -5.2778557292229473e-06 2.5298520777771132e-06
10 53 2.3234704929364233e-06 4.0146649220133860e-06
10 54 -1.7299586758268573e-06 4.9322543767717341e-06
10 55 -1.8841903838470758e-06 1.3174717466032284e-06
10 56 -5.8982801314346287e-06 -3.4899152594026115e-06
10 57 -1.9951420532107593e-06 -7.9473371548866173e-06
10 58 -7.3309544775019853e-06 -4.3920116420300097e-06
10 59 -3.7787559985510059e-06 1.9985561995316494e-06
10 60 -8.0122236336821891e-06 1.5434434154538561e-06
10 61 -1.0673304167744690e-05 9.1484128464726856e-06
10 62 -3.2750288579971371e-05 -7.2318814977876012e-06
10 63 -4.8660210550419288e-05 -1.1692760715805771e-05
10 64 -4.5501941111498746e-05 -2.4078817546298701e-05
10 65 -1.5022542661347925e-05 2.9129553161077394e-05
10 66 -4.5746754474732600e-05 -2.8026013054242494e-05
10 67 -2.5160637648469992e-05 -3.6595026506425179e-05
10 68 -6.1046765386180355e-06 -2.9765821128505777e-05
10 69 -1.1464359199868455e-04 8.0268548351311364e-05
10 70 -1.3765941900200371e-04 5.5131181770227896e-05
10 71 2.2267123729854140e-05 1.4555072715627209e-04
