0 0 -1.1449964447876273e+00 7.8793775140427814e-20
0 1 -1.4556343643234776e-01 -6.5409889242939097e-20
0 2 -5.1054021593763509e-02 1.1214183221578311e-21
0 3 -2.8904377149144109e-02 8.8002603594145495e-22
0 4 -2.1026663419391866e-02 3.9318836002849776e-22
0 5 -1.7276509565514662e-02 2.2244186015823712e-22
0 6 -1.4632801413711280e-02 1.7966751164843573e-22
0 7 -1.2405494422431945e-02 -2.8752755320209710e-23
0 8 -1.0329415256108370e-02 4.9148427686031631e-23
0 9 -8.2289362013400792e-03 -3.3945912735851688e-23
0 10 -6.5328765821826458e-03 3.5847955430544246e-22
0 11 -5.3311791419938864e-03 3.2784521951515256e-23
0 12 -4.3972347669253963e-03 9.2217188831447022e-23
0 13 -3.6327196660707402e-03 6.8649539983947279e-23
0 14 -3.0883538334320663e-03 -7.4736230748591981e-23
0 15 -2.6836296195883909e-03 -5.8998519281741033e-24
0 16 -2.3754058144808870e-03 8.1894659674612789e-23
0 17 -2.0966559245135128e-03 7.6239103951313412e-23
0 18 -1.9490844890935209e-03 -7.3059895874138632e-24
0 19 -1.8740147863535960e-03 -4.3904644298368893e-24
0 20 -1.8116206858547058e-03 1.9630875060791149e-23
0 21 -1.6897918899115958e-03 3.8166301723555518e-24
0 22 -1.5867629389596158e-03 6.0526152068589703e-23
0 23 -1.3300450683629418e-03 1.3628941097872192e-23
0 24 -1.1047948946697325e-03 3.2096848149318293e-23
0 25 -9.2729857609150296e-04 2.6723315530357782e-23
0 26 -7.5962786289771088e-04 3.6131201268220825e-23
0 27 -6.2743492110293422e-04 -1.6773227027020907e-23
0 28 -5.0483402466508563e-04 6.7711237061851619e-24
0 29 -4.0468446434386505e-04 4.7685892227157718e-24
0 30 -3.3205866618345994e-04 2.2630426995530061e-24
0 31 -2.8364093698037110e-04 1.1423402264544051e-23
0 32 -2.4682240356805555e-04 -1.0636908000226959e-23
0 33 -2.1828152083873981e-04 -1.2198927087441666e-23
0 34 -2.0386965006714190e-04 5.4921208538668241e-24
0 35 -1.9736895599378301e-04 -1.4243336279655990e-25
0 36 -1.9523025053717804e-04 1.3900077771140891e-25
0 37 -1.9204024622483808e-04 -5.3573850697489127e-24
0 38 -1.8407956625672461e-04 1.4006796925990728e-24
0 39 -1.8187416022698378e-04 -2.5348342938521375e-24
0 40 -1.8906423107896027e-04 -1.2311739862321498e-23
0 41 -2.0620951093392245e-04 1.3458073218383279e-23
0 42 -2.3091899098070344e-04 7.6428011932964605e-24
0 43 -2.5402435354995574e-04 -1.5889138405920383e-23
0 44 -2.7976843252899614e-04 1.3973328393684548e-23
0 45 -3.0443381268171978e-04 2.0473988380261431e-23
0 46 -3.3778224032497158e-04 -1.9414468967991270e-23
0 47 -3.9015597330588060e-04 1.3107905526545945e-23
0 48 -4.4966682735733497e-04 1.0852675890863821e-23
0 49 -5.3598455262082755e-04 1.2485953779931407e-23
0 50 -6.6317593348742560e-04 -7.7209275926006986e-24
0 51 -8.5620481376688813e-04 4.0629424224909808e-24
0 52 -1.0592746272433335e-03 5.5693428127119334e-23
0 53 -1.2245466926688795e-03 -3.2943824097068525e-23
0 54 -1.4244346389448599e-03 -4.8352450289999020e-23
0 55 -1.6558057678561088e-03 2.6916542981424810e-23
0 56 -1.8271677722303005e-03 -4.5724245002989212e-23
0 57 -2.0336581856285258e-03 -6.9286741451028229e-23
0 58 -2.4712317949761847e-03 -5.8661185026650433e-23
0 59 -3.0333168521861930e-03 1.3363263459303759e-22
0 60 -3.6040235913105730e-03 1.0362945537075128e-22
0 61 -4.2988831634786428e-03 -8.0066553355798083e-23
0 62 -5.2504442353050193e-03 4.0949896012361680e-23
0 63 -6.6438822871737963e-03 1.8170087271923399e-22
0 64 -8.2929896522314795e-03 -4.6198201505937304e-22
0 65 -1.0481510408201252e-02 -3.8205263779234879e-22
0 66 -1.3518602338198174e-02 -4.2524273152784145e-22
0 67 -1.6628566400388275e-02 -6.5924521267623032e-22
0 68 -2.1110789476994012e-02 -1.0782534801833530e-21
0 69 -2.9794723203015527e-02 -1.0182174937907700e-21
0 70 -5.1971124639610691e-02 1.0408741434742868e-20
0 71 -1.4230227360614603e-01 -4.7486737523022718e-20
1 0 -3.3219116510886731e-01 -4.0435864702462433e-05
1 1 -8.6167478206147827e-02 2.9301228871763752e-04
1 2 -3.6257761949630582e-02 1.5927555831502117e-05
1 3 -2.1773563535670677e-02 1.0123043092574145e-04
1 4 -1.6044067304843042e-02 5.5134539669433617e-05
1 5 -1.3186178858311675e-02 -1.8385824108633997e-05
1 6 -1.1196767744814300e-02 -5.1605127329188973e-05
1 7 -9.4324959869901154e-03 -7.2989514918861959e-05
1 8 -7.8637984743341379e-03 -2.1684719474701355e-05
1 9 -6.2787501776943493e-03 -1.9236799591901500e-05
1 10 -4.9921295151457573e-03 1.7981823808989124e-05
1 11 -4.0608770098590260e-03 1.3977326819179125e-06
1 12 -3.3531701132282240e-03 -2.3932922176855373e-05
1 13 -2.7754927485502475e-03 -1.2729074407908764e-05
1 14 -2.3540095203854528e-03 -5.9009870871344775e-07
1 15 -2.0447163569995964e-03 3.5722651201475309e-06
1 16 -1.8073985799151387e-03 1.2403829610633394e-05
1 17 -1.6009129605522869e-03 1.3635428984408748e-05
1 18 -1.4913592480581873e-03 8.7125164948756965e-06
1 19 -1.4326730244741716e-03 2.0032718302835833e-06
1 20 -1.3861139710722452e-03 -1.8847361805732900e-06
1 21 -1.2901082243914072e-03 2.4256053914737470e-07
1 22 -1.2137180333751947e-03 -3.9184474271862819e-07
1 23 -1.0152437719675390e-03 1.0270392686303655e-06
1 24 -8.4491856991688913e-04 -4.7219766386941435e-06
1 25 -7.0748318489236061e-04 -2.8269888208506866e-07
1 26 -5.7869796203962958e-04 3.0684824626091539e-07
1 27 -4.7730020865309323e-04 -1.5408589395490191e-07
1 28 -3.8449768933937088e-04 1.3863824228404976e-06
1 29 -3.0809216381840539e-04 -1.0140745256913362e-06
1 30 -2.5323451799025027e-04 3.7966411124095415e-08
1 31 -2.1621480425543574e-04 -3.5683165038506235e-07
1 32 -1.8853072756664383e-04 9.8839324109290451e-08
1 33 -1.6687322422137904e-04 -1.9574341497458986e-07
1 34 -1.5589384810318687e-04 1.1246022832177133e-07
1 35 -1.5056069029225608e-04 4.5054710926403321e-07
1 36 -1.4864479749275277e-04 2.7723397034149198e-07
1 37 -1.4693747979955480e-04 -3.1487959615208311e-07
1 38 -1.4065667854765108e-04 -9.9631340737058467e-07
1 39 -1.3872450812433266e-04 -3.6144329648912985e-07
1 40 -1.4467788440307574e-04 -6.2085778301125793e-07
1 41 -1.5783286548692676e-04 8.8015850467050957e-07
1 42 -1.7704793252982292e-04 1.0665617572691328e-06
1 43 -1.9460416548367881e-04 2.2792360037022521e-07
1 44 -2.1323235755889695e-04 1.5910248064463274e-06
1 45 -2.3197614963540761e-04 3.4645532508423396e-07
1 46 -2.5738289627429481e-04 -6.3847652988054156e-07
1 47 -2.9785890946330796e-04 -3.7968475194206364e-07
1 48 -3.4327534555907732e-04 -5.2389201501171925e-07
1 49 -4.0766078725465920e-04 -2.3401306685811401e-06
1 50 -5.0601972406315993e-04 -2.6098286994133123e-06
1 51 -6.5331296994105702e-04 -1.2250818166335851e-06
1 52 -8.0952475699650991e-04 2.1816719444659741e-06
1 53 -9.3560226282265264e-04 -3.0854075880535093e-06
1 54 -1.0873684045019203e-03 1.8611867186481515e-06
1 55 -1.2579684433480067e-03 -8.4717866418891272e-06
1 56 -1.3909170158511784e-03 -3.3331443112862461e-06
1 57 -1.5494192149528366e-03 -3.9109904241539723e-06
1 58 -1.8879280467047183e-03 1.0240436692043458e-06
1 59 -2.3166828672052512e-03 7.8944353889199170e-06
1 60 -2.7600394117522913e-03 6.4249578658050373e-06
1 61 -3.2786395800212978e-03 -5.9736995609390065e-07
1 62 -4.0043153093479739e-03 1.2627298994909551e-05
1 63 -5.0716466146584855e-03 -6.7001448784474333e-06
1 64 -6.3340408216568892e-03 -1.8749126688763368e-05
1 65 -7.9470091522229579e-03 3.1845954495488120e-06
1 66 -1.0251947514488333e-02 2.8026171082466914e-05
1 67 -1.2599200911084900e-02 3.0370917899860096e-05
1 68 -1.6010165470374590e-02 -4.2561682070260628e-06
1 69 -2.2494145796939195e-02 8.1610191904839377e-05
1 70 -3.7074978994562427e-02 1.6654110445169527e-05
1 71 -8.5685846356314321e-02 1.1848624806113579e-04
2 0 -1.0067046468895960e-01 5.3105971773441765e-04
2 1 -4.0334534092001245e-02 5.0635502310827181e-04
2 2 -2.0266996322103097e-02 -4.6724451255998492e-05
2 3 -1.3186830480925895e-02 1.1586373297088563e-04
2 4 -9.9624332978593619e-03 6.0176044536217929e-05
2 5 -8.1204137406933295e-03 -4.7090636966426223e-05
2 6 -6.9369583425177607e-03 -7.0713859418520845e-05
2 7 -5.7563339420901392e-03 -9.9606292604043759e-05
2 8 -4.8507503050946197e-03 -3.9738099451648182e-05
2 9 -3.8826328149352174e-03 -1.8203574118746049e-05
2 10 -3.1104185033731580e-03 1.9561952810132064e-05
2 11 -2.5079131900422116e-03 -4.8225390497394899e-06
2 12 -2.0681560177480333e-03 -3.4783114854481647e-05
2 13 -1.7183796717821225e-03 -1.9626963864447795e-05
2 14 -1.4548278610418250e-03 -2.0356069593375079e-06
2 15 -1.2546486812795435e-03 7.1022426792518168e-06
2 16 -1.1075812204605663e-03 1.8855195878442831e-05
2 17 -9.9668973651820952e-04 2.1606247477948056e-05
2 18 -9.2561614962685028e-04 1.1637878314325015e-05
2 19 -8.9063758952892579e-04 3.5398230839643288e-06
2 20 -8.5995742392884803e-04 -3.1780074138797991e-06
2 21 -7.9603803115588332e-04 4.2709232209326685e-07
2 22 -7.5395903278759687e-04 1.7143739515498340e-06
2 23 -6.2590150697292588e-04 3.3948884165355576e-06
2 24 -5.2632006767763871e-04 -6.3862722361049726e-06
2 25 -4.3715320871867583e-04 -4.6616335670146127e-07
2 26 -3.5654623224366328e-04 9.0442311998318352e-07
2 27 -2.9324964008611918e-04 -8.2118383162909251e-07
2 28 -2.3635736499929194e-04 2.7894599103746522e-06
2 29 -1.8964612322469254e-04 -1.3314877350352160e-06
2 30 -1.5550984012423626e-04 -2.3543646902193066e-07
2 31 -1.3323987662599784e-04 -8.6548080503362906e-07
2 32 -1.1633701584912595e-04 -3.8107455907461278e-08
2 33 -1.0325506446887577e-04 -4.5697664663492649e-07
2 34 -9.6775176699123928e-05 -3.2936314830745323e-08
2 35 -9.2669904477057680e-05 6.3718342739745818e-07
2 36 -9.1229972014040915e-05 5.9686787785195992e-07
2 37 -9.1558194295596993e-05 -3.5649192319631844e-07
2 38 -8.7355156351093794e-05 -1.4437841872857539e-06
2 39 -8.5677778623964525e-05 -4.1197058388397947e-07
2 40 -8.9467935111068686e-05 -7.1352228003595788e-07
2 41 -9.7961166028099112e-05 1.0733232609919595e-06
2 42 -1.1000142276695318e-04 1.7034527065192431e-06
2 43 -1.2065395673185116e-04 -3.5309878280593304e-07
2 44 -1.3101250625154674e-04 1.8901727224566192e-06
2 45 -1.4286799548222026e-04 3.3246148717989410e-08
2 46 -1.5870779869990229e-04 -1.4186965370221477e-06
2 47 -1.8419539447341997e-04 -3.7556469842981157e-07
2 48 -2.1223909226195632e-04 -2.3395394656936673e-07
2 49 -2.4978164708349483e-04 -2.5101558793001506e-06
2 50 -3.1233896372829991e-04 -3.9159894255031676e-06
2 51 -4.0217405044337928e-04 -1.7102227866147770e-06
2 52 -4.9965991006006329e-04 1.8703662382440328e-06
2 53 -5.8023617945655707e-04 -6.0838576705602499e-06
2 54 -6.7288115827644573e-04 3.8048594043511929e-06
2 55 -7.7005619516016166e-04 -1.0260559799768940e-05
2 56 -8.5559004664642602e-04 -5.6412361660834865e-06
2 57 -9.5197951485812081e-04 -8.9927463287060280e-06
2 58 -1.1678193386274014e-03 1.9340212864714619e-06
2 59 -1.4282991358005289e-03 9.9592948607850726e-06
2 60 -1.7118063073099877e-03 8.8743662355290065e-06
2 61 -2.0239455588865747e-03 2.9597388535333432e-06
2 62 -2.4734519832486828e-03 2.2115151671863526e-05
2 63 -3.1346664149100524e-03 -8.4718311723588471e-06
2 64 -3.9295849323234900e-03 -2.1409828982202444e-05
2 65 -4.8699547007991385e-03 -1.8257787387492689e-05
2 66 -6.2630362288311186e-03 4.0685777814770282e-05
2 67 -7.6602248307531436e-03 5.9144395968200823e-05
2 68 -9.8464093388699325e-03 6.7889836222057585e-06
2 69 -1.3624323716121647e-02 5.5027479061751213e-05
2 70 -2.0561862470340593e-02 1.6789403931024468e-04
2 71 -4.0589934443861275e-02 -5.3823177278745953e-05
3 0 -3.2461282849090681e-02 3.5988617813718175e-05
3 1 -1.7805988415058725e-02 4.0272576844434954e-04
3 2 -1.0664236150090387e-02 -4.6857044446135136e-05
3 3 -7.3644537267013466e-03 5.4004598149661109e-05
3 4 -5.7000348132371630e-03 3.8799220345285135e-05
3 5 -4.6255970929992528e-03 -6.0087259479803579e-05
3 6 -3.9785359824446717e-03 -6.1970488875026200e-05
3 7 -3.2407039877441878e-03 -1.0085207419713768e-04
3 8 -2.7759652671576008e-03 -4.8200289294883960e-05
3 9 -2.2183522167289059e-03 -9.1706543675539615e-06
3 10 -1.8090065551214047e-03 1.0941939050912873e-05
3 11 -1.4360215001523820e-03 -1.3460345599614815e-05
3 12 -1.1771635823965845e-03 -3.6156707187289608e-05
3 13 -9.8114556752053024e-04 -1.8609311323585524e-05
3 14 -8.2951736717928447e-04 -1.9589151703003725e-06
3 15 -7.0926866107928722e-04 1.0222611760155508e-05
3 16 -6.2548765447932543e-04 1.8753719376425530e-05
3 17 -5.7654342071950242e-04 2.2637127730780980e-05
3 18 -5.3112681260668153e-04 1.2159233972746815e-05
3 19 -5.1049438162954145e-04 5.8991344355505431e-06
3 20 -4.9213228750821293e-04 -2.4560840716675276e-06
3 21 -4.4941406078736617e-04 3.7041678083960327e-07
3 22 -4.3120708740041462e-04 3.2024931813331033e-06
3 23 -3.5676249587752269e-04 3.1704440334648184e-06
3 24 -3.0280675653548099e-04 -4.8999188598792966e-06
3 25 -2.4951849502309208e-04 -9.6626984664564944e-07
3 26 -2.0363289400696942e-04 3.6189338470236482e-07
3 27 -1.6657962951892755e-04 -8.1445687100457613e-07
3 28 -1.3305552307433155e-04 3.3780635662121751e-06
3 29 -1.0713619313663658e-04 -1.0525280697154751e-06
3 30 -8.7547064127812402e-05 -5.0573176127141995e-07
3 31 -7.5558677227668798e-05 -1.0005766977010225e-06
3 32 -6.5685844657650022e-05 -2.1563828369233491e-07
3 33 -5.8946536308520205e-05 -6.2598774246863519e-07
3 34 -5.5744902584295600e-05 -1.5070754441888184e-07
3 35 -5.2907308163467475e-05 6.4595649704698523e-07
3 36 -5.1177130415265631e-05 6.3043179945618164e-07
3 37 -5.3104180395139810e-05 -4.5151041932972598e-07
3 38 -5.0237831001420427e-05 -1.4553595403873525e-06
3 39 -4.8799062079900375e-05 -2.5630337824906745e-07
3 40 -5.0264705875635915e-05 -3.2995848573372496e-07
3 41 -5.6189359008562794e-05 8.5365770591358281e-07
3 42 -6.3345040362720027e-05 1.7569997723656214e-06
3 43 -6.8848488130737913e-05 -1.0009327846785953e-06
3 44 -7.3720965772076127e-05 1.6621694585134535e-06
3 45 -8.1544750902192738e-05 -4.4096838227300207e-07
3 46 -9.0436853489563054e-05 -1.9811382742258365e-06
3 47 -1.0508671252596654e-04 -9.0004525226936008e-07
3 48 -1.2125177823210750e-04 3.0509706203801413e-07
3 49 -1.4044648238210517e-04 -1.4679109320415156e-06
3 50 -1.7723811087451120e-04 -4.0883068412620483e-06
3 51 -2.2853727232028501e-04 -1.9793160118936003e-06
3 52 -2.8175997435016183e-04 -5.6987194329492355e-07
3 53 -3.3059782902146153e-04 -7.8658594552342524e-06
3 54 -3.8293303829508169e-04 4.0256039558721823e-06
3 55 -4.3485525325176407e-04 -8.4970525749936718e-06
3 56 -4.8601041517861614e-04 -5.9486100067000331e-06
3 57 -5.3852822866691009e-04 -1.2166211806416234e-05
3 58 -6.7054541672460647e-04 2.3471223028333379e-06
3 59 -8.0768970908311568e-04 9.3452244747463990e-06
3 60 -9.8045751428019385e-04 8.2442526795325228e-06
3 61 -1.1542435224699838e-03 4.6221958335701823e-07
3 62 -1.4058468221870865e-03 2.0411901016477016e-05
3 63 -1.7846472142907807e-03 -6.6804657974227052e-06
3 64 -2.2518101686311142e-03 -1.3163169035667488e-05
3 65 -2.7613191963067009e-03 -3.7769468850393985e-05
3 66 -3.5256425607505452e-03 3.8571007819672522e-05
3 67 -4.2630171046969517e-03 9.0970183926305289e-05
3 68 -5.6013923136777896e-03 3.2139683373427506e-05
3 69 -7.5327975996750925e-03 1.7758518849607448e-05
3 70 -1.0406607310148010e-02 1.6615079982309615e-04
3 71 -1.8168170639554799e-02 -4.9207447716949111e-05
4 0 -1.1777975887857995e-02 2.0158652475282725e-05
4 1 -7.7691847156779086e-03 2.8222372430431836e-04
4 2 -5.4671619060314026e-03 1.1698181335382907e-07
4 3 -3.9657519251731039e-03 1.4238792100524028e-06
4 4 -3.1154379794614945e-03 4.9688497987546120e-05
4 5 -2.5336146590201588e-03 -4.5882502505089885e-05
4 6 -2.2066653244833382e-03 -5.1802460580026825e-05
4 7 -1.7447623198073722e-03 -8.0004030190639026e-05
4 8 -1.5146764426219714e-03 -4.4486042873265668e-05
4 9 -1.2178353331233234e-03 1.7521765868404938e-06
4 10 -1.0145445362728584e-03 -2.4897514944707736e-07
4 11 -7.9099388954914033e-04 -1.8932815001133019e-05
4 12 -6.4129031985050511e-04 -3.4045124911897507e-05
4 13 -5.3734144252616186e-04 -1.6989745986314597e-05
4 14 -4.5579961543264165e-04 -1.7516370857136319e-06
4 15 -3.8267837843955493e-04 9.9098836612866636e-06
4 16 -3.3903188423638274e-04 1.3982419395308317e-05
4 17 -3.2014045967361363e-04 2.1081701150860892e-05
4 18 -2.9252881904548976e-04 1.1238901357703190e-05
4 19 -2.7992661543390940e-04 7.2655775160714435e-06
4 20 -2.6852067483228858e-04 -5.6259356862861161e-07
4 21 -2.4254993037324651e-04 -1.8913307036907182e-06
4 22 -2.3576934256987761e-04 2.6101679748896036e-06
4 23 -1.9574891941367159e-04 1.5146996000221369e-06
4 24 -1.6543371797291594e-04 -5.0871174495910656e-06
4 25 -1.3624493052148549e-04 -1.2910085828351578e-06
4 26 -1.1125644322900697e-04 -3.2316796006040161e-07
4 27 -9.1336285860187363e-05 -7.3407107650055443e-07
4 28 -7.1876120855434859e-05 3.1324095568721528e-06
4 29 -5.7498508199345918e-05 -4.2081968439562511e-07
4 30 -4.6934037615688635e-05 -3.9618698360499203e-07
4 31 -4.0935279139346918e-05 -6.7663003553911563e-07
4 32 -3.5084986831559372e-05 -4.6851718222261393e-07
4 33 -3.2076955633266756e-05 -7.4405034146514535e-07
4 34 -3.0875682165410414e-05 -1.2904711193607502e-07
4 35 -2.9119416435658266e-05 3.6509376667986056e-07
4 36 -2.7266885095112053e-05 4.5479276355203491e-07
4 37 -2.9916810039360322e-05 -7.2651474346472183e-07
4 38 -2.7760943543407809e-05 -1.1789169672511007e-06
4 39 -2.6486442571673669e-05 -1.9666231372797878e-08
4 40 -2.6535553004950842e-05 -1.7306768800414819e-07
4 41 -3.0798596379591970e-05 6.0764597902186588e-07
4 42 -3.5288526368836543e-05 1.5902242152128406e-06
4 43 -3.7367665909723159e-05 -1.3945468717864767e-06
4 44 -3.9169707641338942e-05 1.2559186871902887e-06
4 45 -4.5182561604866251e-05 -7.7347711356255457e-07
4 46 -4.9892378679410721e-05 -1.9053102013765930e-06
4 47 -5.7510780582061611e-05 -1.2481249330374398e-06
4 48 -6.6307183590836599e-05 7.3030880946668921e-07
4 49 -7.5299173157119907e-05 -6.2456230638403931e-07
4 50 -9.5496767898050467e-05 -3.3775206464948172e-06
4 51 -1.2542138314423408e-04 -2.7689862135986409e-06
4 52 -1.5172339362523840e-04 -1.7746625704759422e-06
4 53 -1.7769223614159721e-04 -7.1486214939905207e-06
4 54 -2.0982429824458357e-04 1.6538595252851390e-06
4 55 -2.3551511230504357e-04 -5.0067227854297039e-06
4 56 -2.6442120103878331e-04 -6.1463785046040718e-06
4 57 -2.9163952420553218e-04 -1.3563812475071122e-05
4 58 -3.7316582790661431e-04 1.1368768111057291e-06
4 59 -4.3722865612565566e-04 6.8580472905394961e-06
4 60 -5.4094274959197973e-04 7.2690607303037986e-06
4 61 -6.3427945600134331e-04 -4.1636956031690634e-06
4 62 -7.5793129586870876e-04 7.4791927512544419e-06
4 63 -9.6527626980913439e-04 -1.0401541666478817e-06
4 64 -1.2333358753422680e-03 -8.1821076154759137e-07
4 65 -1.5064525330840139e-03 -4.3562617817955928e-05
4 66 -1.9076708393075583e-03 3.0629485096166911e-05
4 67 -2.2715530927066782e-03 8.2411511870058324e-05
4 68 -3.0196182520087129e-03 3.7383788277860237e-06
4 69 -3.9006076498996679e-03 3.3978298401829192e-05
4 70 -5.0751415454122354e-03 7.7243638391919560e-05
4 71 -8.0148651997181408e-03 -4.1168312553508733e-05
5 0 -4.4197100392422599e-03 3.3842507880004259e-05
5 1 -3.4150943273085145e-03 3.7304193462440219e-04
5 2 -2.7455419351336005e-03 4.2363621712641127e-05
5 3 -2.1125741273577852e-03 -2.9458263637740499e-05
5 4 -1.6500210698113596e-03 4.6633853314941702e-05
5 5 -1.3567651951846350e-03 -2.0872480510470686e-05
5 6 -1.2069602529956934e-03 -5.1899445723140050e-05
5 7 -9.1925590692652976e-04 -4.9185870092247232e-05
5 8 -7.9606444188622322e-04 -3.0231301575632026e-05
5 9 -6.4875441053126391e-04 6.6802400657904681e-06
5 10 -5.5193598500728129e-04 -1.0909457987422929e-05
5 11 -4.2154905887254867e-04 -1.7573758585889928e-05
5 12 -3.3805171717154580e-04 -2.9432193491330416e-05
5 13 -2.8414475343891695e-04 -1.9950656674956203e-05
5 14 -2.4974091904704819e-04 7.9064250877075618e-07
5 15 -1.9721648245806905e-04 8.1711968700669170e-06
5 16 -1.7804919743408124e-04 7.9589916387844151e-06
5 17 -1.7132416078922459e-04 1.8033026710082258e-05
5 18 -1.5601691965112669e-04 1.0774015241494692e-05
5 19 -1.4627766880912941e-04 4.7996138299010515e-06
5 20 -1.4249789286340124e-04 -7.5480458759129959e-07
5 21 -1.2690054669136868e-04 -3.7017069899311860e-06
5 22 -1.2503203022631469e-04 3.4210582518782197e-07
5 23 -1.0378216113207194e-04 -2.1100774706138928e-07
5 24 -8.6942064872451278e-05 -6.2501153270709728e-06
5 25 -7.2218937538580955e-05 -2.2727336992799756e-07
5 26 -5.9239270395318677e-05 -1.3269154054460177e-07
5 27 -4.9566148523547125e-05 -9.6440476061294474e-07
5 28 -3.7517904668206945e-05 2.8081497586656482e-06
5 29 -2.9847157635897439e-05 -1.7915113339624336e-07
5 30 -2.4493035840650371e-05 -6.8399132267142656e-08
5 31 -2.1316931507088451e-05 7.2334112944030701e-08
5 32 -1.7959980903877453e-05 -4.6671038798580686e-07
5 33 -1.6978469000396593e-05 -7.3133402381144672e-07
5 34 -1.6662390026730484e-05 -1.5812820105622632e-07
5 35 -1.5713715505624974e-05 5.4883539411840831e-08
5 36 -1.3848913128477261e-05 3.3190997592540607e-07
5 37 -1.6756331486219113e-05 -1.1192952264176301e-06
5 38 -1.4995275266350366e-05 -8.1261557708814429e-07
5 39 -1.3792467846880986e-05 1.0965744208919531e-07
5 40 -1.3454508279724365e-05 -3.2098218809469792e-07
5 41 -1.6445756036594003e-05 3.9128632207137058e-07
5 42 -1.9195514255587199e-05 1.2510577606571128e-06
5 43 -1.9465949575545284e-05 -1.4141221775920714e-06
5 44 -2.0208159551883390e-05 7.1146103437891424e-07
5 45 -2.4751766412347161e-05 -8.1701466561402129e-07
5 46 -2.7389526965196676e-05 -1.4735069933251544e-06
5 47 -3.0376026093585875e-05 -1.1458133020322041e-06
5 48 -3.5381005253513613e-05 1.1005811179713428e-06
5 49 -3.9501087398620649e-05 1.0365544832316202e-07
5 50 -4.9389693689978029e-05 -3.1014187844141631e-06
5 51 -6.7264288603908443e-05 -3.1263868772644708e-06
5 52 -7.9836662105809469e-05 -1.4599416737047317e-06
5 53 -8.9587469963731866e-05 -5.2353111978222517e-06
5 54 -1.1397438887349721e-04 -4.9282314345831445e-07
5 55 -1.2391163804271384e-04 -1.7584026570428090e-06
5 56 -1.4019023084912052e-04 -6.6271449749829804e-06
5 57 -1.5388840290273399e-04 -1.3469119320594132e-05
5 58 -2.0491983378937288e-04 -3.2223138952145545e-06
5 59 -2.3215784322149565e-04 3.8009008399809532e-06
5 60 -2.9128969561192139e-04 4.8481176714591169e-06
5 61 -3.3958243606626356e-04 -1.0139449688973119e-05
5 62 -3.8757754709287025e-04 -5.8513347937012422e-06
5 63 -5.0444158863429376e-04 5.5221974217014239e-06
5 64 -6.4492443106984210e-04 1.2156849168611736e-05
5 65 -8.0407087760024751e-04 -2.7341018472325850e-05
5 66 -1.0155808715646281e-03 1.1402097375129224e-05
5 67 -1.1730704113493960e-03 5.3699952543620649e-05
5 68 -1.5530104635686794e-03 -2.0689229042163716e-05
5 69 -1.9289950165910770e-03 3.3878578042911026e-05
5 70 -2.4287877625366679e-03 1.4282565266345094e-04
5 71 -3.4040349597254751e-03 7.1014561310939170e-05
6 0 -1.6238184242470114e-03 2.8133726442685812e-04
6 1 -1.3521413613702181e-03 4.0498301696886824e-04
6 2 -1.3254285471029071e-03 1.0036584252954324e-04
6 3 -1.1172912102881223e-03 -1.7759638758160135e-05
6 4 -8.2917621131603416e-04 3.5185411814817256e-05
6 5 -7.1120582061494917e-04 -8.0420359451963097e-06
6 6 -6.5935495711491403e-04 -5.2742364912297188e-05
6 7 -4.7927062815139267e-04 -1.8599504655517773e-05
6 8 -4.0731129233474895e-04 -2.2535076699748075e-05
6 9 -3.3531872778959755e-04 1.2819838237524140e-05
6 10 -2.9390653441762531e-04 -1.7741106644117441e-05
6 11 -2.2428719653440384e-04 -1.0006156923665170e-05
6 12 -1.7834815259107272e-04 -2.1408059254988929e-05
6 13 -1.4689322023021513e-04 -1.7915416956601330e-05
6 14 -1.3771252462822171e-04 4.5833988991541028e-06
6 15 -9.7496019201728887e-05 7.2978125485716829e-06
6 16 -9.1893556351657366e-05 3.1396904498988660e-06
6 17 -8.9513199719475152e-05 1.4384327376147783e-05
6 18 -8.1490482740278924e-05 1.1039245489454262e-05
6 19 -7.4180994691968493e-05 1.5867812434079210e-07
6 20 -7.5621548471958849e-05 -5.8215874090758167e-07
6 21 -6.5831662797412820e-05 -5.6120346874986288e-06
6 22 -6.5310080294725455e-05 -2.2387667906300253e-06
6 23 -5.3747359916991087e-05 -2.4686647572772874e-06
6 24 -4.4281947681749351e-05 -6.8713762059287512e-06
6 25 -3.8068209333764660e-05 1.2734892941251311e-07
6 26 -3.1123337377505212e-05 8.7644622237760406e-07
6 27 -2.6762755543296664e-05 -8.3478362743460555e-07
6 28 -1.8553794221456200e-05 2.2448034418243348e-06
6 29 -1.5095268922739912e-05 -3.6114606058136602e-07
6 30 -1.2631013689690047e-05 4.4993065916504708e-07
6 31 -1.0583196623884690e-05 6.1584656226858538e-07
6 32 -8.7298633497275776e-06 -1.8468042361751318e-07
6 33 -8.7063965750808452e-06 -5.4161096267177261e-07
6 34 -8.9044246804610328e-06 -2.3816181739554502e-07
6 35 -8.4062418502483823e-06 -2.1402980024782162e-07
6 36 -6.5550133761078766e-06 1.1033260774728767e-07
6 37 -9.2719288325595276e-06 -1.0839457836220998e-06
6 38 -8.0790377838840860e-06 -5.3684221291536777e-07
6 39 -7.1327544088141938e-06 1.9781673925577760e-07
6 40 -6.7305583663408295e-06 -5.2994833770050028e-07
6 41 -8.7423035413633638e-06 1.2519867005752871e-07
6 42 -9.7133326827066190e-06 6.7789223542393046e-07
6 43 -9.6792193104221125e-06 -1.3523878909543100e-06
6 44 -1.0214298835871483e-05 2.2972684691349719e-07
6 45 -1.3330490620069075e-05 -4.6174930076307178e-07
6 46 -1.5222786888841947e-05 -1.0018275366576646e-06
6 47 -1.5461748619838937e-05 -5.8300875141533874e-07
6 48 -1.8811800738114802e-05 5.7133331494263689e-07
6 49 -2.0913110297009649e-05 5.5730726080504798e-07
6 50 -2.5068760788447195e-05 -3.2840111954168985e-06
6 51 -3.5682969411202823e-05 -1.8328313120231193e-06
6 52 -4.2357742686114093e-05 -8.9346661724935192e-07
6 53 -4.2735876549525187e-05 -1.9990212015887044e-06
6 54 -6.1925537564133250e-05 -5.9481860033493909e-07
6 55 -6.2451923139850493e-05 -8.1359257213326357e-07
6 56 -7.2403369980015582e-05 -4.5663498115071366e-06
6 57 -8.2728111754992289e-05 -1.3224608579319405e-05
6 58 -1.1034900241547735e-04 -6.4932637804183102e-06
6 59 -1.2174232771898985e-04 1.5403773901015752e-06
6 60 -1.5710718271156614e-04 2.3637470119179320e-06
6 61 -1.8152730709842740e-04 -1.1395613291389883e-05
6 62 -1.8797992170587084e-04 -1.3950530834357353e-05
6 63 -2.6079859222614428e-04 1.3405197453867328e-05
6 64 -3.2444649733696869e-04 1.9200108024586396e-05
6 65 -4.1634526138655074e-04 -8.8673566654705597e-06
6 66 -5.3358281336259689e-04 -1.5772324052568147e-06
6 67 -5.8723115155870820e-04 2.2074546037346265e-05
6 68 -7.7069768970428791e-04 -1.7929176046182610e-05
6 69 -9.2284079961727882e-04 2.9685923835757664e-05
6 70 -1.1999251218754278e-03 2.1097578826267355e-04
6 71 -1.3594710093383366e-03 1.6797885187025164e-04
7 0 -7.7267252055883743e-04 2.7549094553350873e-04
7 1 -5.2415453300501326e-04 2.8394403503322426e-04
7 2 -6.1966059442458178e-04 9.7159524114610933e-05
7 3 -5.7433548875359731e-04 1.2931785581579072e-06
7 4 -3.9560877295729868e-04 2.7900920855796730e-05
7 5 -3.7017580761350291e-04 -1.2854061382873533e-05
7 6 -3.7337535156549770e-04 -3.6004200983695835e-05
7 7 -2.5023976344400710e-04 -6.1476122426565534e-06
7 8 -2.1204216200884692e-04 -1.6416946572885599e-05
7 9 -1.6520884060231673e-04 1.1750866945178653e-05
7 10 -1.5561474751754354e-04 -2.1358549585105125e-05
7 11 -1.2251368950302053e-04 -1.6339834471553320e-06
7 12 -1.0024688671327346e-04 -1.3159978116369756e-05
7 13 -7.4932398851641757e-05 -1.0612571046632735e-05
7 14 -7.5966721404580303e-05 1.0919224298273214e-05
7 15 -4.8473187468419757e-05 4.5948776257775410e-06
7 16 -4.6815344562588495e-05 -1.1919425591499194e-06
7 17 -4.5182802447232836e-05 1.1455565248939124e-05
7 18 -4.2947990268212206e-05 1.2003692064660484e-05
7 19 -3.6567027772139071e-05 -2.9928218740160215e-06
7 20 -3.9633145485159786e-05 -1.5889659802625931e-06
7 21 -3.4701547887619454e-05 -6.7325055888683001e-06
7 22 -3.3731540338813243e-05 -4.2538279048010241e-06
7 23 -2.7120891961332215e-05 -3.9966190133737120e-06
7 24 -2.1960027697073096e-05 -5.7241402256464882e-06
7 25 -2.0586792215862768e-05 -2.1392811777630740e-07
7 26 -1.5836185971746875e-05 1.2254746834918605e-06
7 27 -1.4252174346924344e-05 -3.3559915288126172e-07
7 28 -8.5973624892114523e-06 1.6050627946604541e-06
7 29 -7.2026678586453347e-06 -6.3710064537656704e-07
7 30 -6.5050484492222914e-06 1.1239509944270844e-06
7 31 -4.9195037369598985e-06 9.4605345148800189e-07
7 32 -3.8305748674172863e-06 -1.4254262937718077e-07
7 33 -4.0924347936881731e-06 -2.7312580281722303e-07
7 34 -4.7945081332830642e-06 -2.1656208580567984e-07
7 35 -4.4735790406264207e-06 -4.4351018025359383e-07
7 36 -2.7693324871625258e-06 -1.9983089953804113e-08
7 37 -5.1408383760713958e-06 -6.6526792639208586e-07
7 38 -4.3512430392170724e-06 -3.5203699890361071e-07
7 39 -3.6809757598048154e-06 1.8383324614643648e-07
7 40 -3.4634524266919336e-06 -4.9184912963515339e-07
7 41 -4.7286814846037976e-06 -1.7312142612960252e-07
7 42 -4.4162653906839533e-06 7.6268203276475247e-08
7 43 -4.3045654652757200e-06 -1.1469556247220246e-06
7 44 -5.0379110361083189e-06 6.4065500625266393e-08
7 45 -7.1571551326072660e-06 -1.2349244011470368e-07
7 46 -8.5010847926814775e-06 -8.1392067357838287e-07
7 47 -7.6032529739114135e-06 1.1693658583241300e-07
7 48 -9.9238790272609940e-06 -2.5387316865445327e-07
7 49 -1.1419766645265973e-05 9.6323644376057513e-07
7 50 -1.2274751940400766e-05 -2.7236129290116766e-06
7 51 -1.9061723423386221e-05 -5.5241799813191242e-07
7 52 -2.2581452141122627e-05 -1.3541418310966548e-06
7 53 -1.8991110690598785e-05 -5.5668558081292331e-08
7 54 -3.4333759845700416e-05 -3.4347630957768876e-07
7 55 -3.1195451056040570e-05 -8.6842318676967423e-07
7 56 -3.6121619220284520e-05 -1.6185824191298554e-06
7 57 -4.6822993870391185e-05 -1.2610434786914469e-05
7 58 -5.7836207939469063e-05 -8.9362822375418048e-06
7 59 -6.3579303931375600e-05 -1.6716444799166253e-06
7 60 -8.4399930129366082e-05 -4.0643948676489406e-07
7 61 -9.9704727415336102e-05 -7.6047836597232379e-06
7 62 -8.9783914467993521e-05 -1.7192264613348998e-05
7 63 -1.3887213763674459e-04 1.7069281588348937e-05
7 64 -1.5773410233382542e-04 2.0523126378177356e-05
7 65 -2.0481121718764377e-04 2.9842448470736846e-06
7 66 -2.7561485559510169e-04 1.5030921228182654e-06
7 67 -2.9242133905290333e-04 -8.1588153287221822e-06
7 68 -3.6876606486228533e-04 -4.8515736436153902e-06
7 69 -4.2460340158290892e-04 4.8234576421823195e-05
7 70 -6.2574525291739550e-04 1.8696193346239866e-04
7 71 -4.6615088975610042e-04 2.5588834611947224e-04
8 0 -8.4889429625906155e-04 1.7177033096330772e-04
8 1 -1.8242998031407486e-04 2.1996210164451738e-04
8 2 -2.3643087807377492e-04 7.8093547505897850e-05
8 3 -2.9286456975124341e-04 1.6892912844360638e-05
8 4 -1.7462090254356143e-04 2.5730856228285314e-05
8 5 -1.9298471823126623e-04 -2.4707547329452556e-05
8 6 -2.2290030645676355e-04 -1.6776624693626241e-05
8 7 -1.3144131036652341e-04 -2.3566703857109265e-06
8 8 -1.1239805873912231e-04 -1.0079136388349671e-05
8 9 -7.5638856856247058e-05 2.9683052511585740e-06
8 10 -7.8860419888171176e-05 -2.5763589868189697e-05
8 11 -6.5419828281993331e-05 3.0698656096912789e-06
8 12 -6.1629923948867585e-05 -7.9941777342907521e-06
8 13 -3.7993011120985237e-05 -1.6099623736876216e-06
8 14 -3.8475420463318344e-05 1.4551334372795897e-05
8 15 -2.4731879337202311e-05 1.7668920206741832e-06
8 16 -2.3019338691132341e-05 -3.5776569728434244e-06
8 17 -2.4194713100023715e-05 8.5213206705945941e-06
8 18 -2.2881468877528251e-05 1.0636145912617237e-05
8 19 -1.6463485844153362e-05 -3.7077195213072990e-06
8 20 -2.0702717792847153e-05 -2.8212459067716810e-06
8 21 -1.8234671159587025e-05 -5.1340627123310475e-06
8 22 -1.6344596656264778e-05 -5.5229926458854237e-06
8 23 -1.4233642620484253e-05 -3.6338716639422275e-06
8 24 -1.1170055556253587e-05 -3.1064070816297556e-06
8 25 -1.2251288289026144e-05 -1.8778077150677184e-07
8 26 -7.4189731037782403e-06 1.0011611166227859e-06
8 27 -7.5687138009884376e-06 3.3992319841884439e-07
8 28 -3.8045306356028749e-06 5.1319777929817731e-07
8 29 -3.0444496110215274e-06 -8.0630340390988117e-07
8 30 -3.2632952323057037e-06 1.5506345877118825e-06
8 31 -2.1669469342802910e-06 1.0847626486997947e-06
8 32 -1.3161425934459995e-06 -1.3420985034774662e-07
8 33 -1.5681810110718069e-06 -8.4541085467716936e-08
8 34 -2.6179391450536273e-06 -9.6139908358903791e-08
8 35 -2.2428178366160829e-06 -2.9886552659469437e-07
8 36 -9.3073092668412680e-07 9.2387844275459849e-08
8 37 -2.8728288311159714e-06 -2.8340715979040423e-07
8 38 -2.2978255698176580e-06 -4.1158491910252877e-07
8 39 -1.9114427100690338e-06 5.3818843871113181e-08
8 40 -1.8737302979262005e-06 -3.0561284228283217e-07
8 41 -2.6761011877984872e-06 -2.8150022019985523e-07
8 42 -1.7812693681341430e-06 -2.1839509640460331e-07
8 43 -1.5023820823871885e-06 -6.2966504270508739e-07
8 44 -2.5412164739744549e-06 4.1425171895963440e-08
8 45 -3.9109171946236157e-06 6.8708605409786698e-08
8 46 -4.9560587966726152e-06 -8.4770132364579421e-07
8 47 -3.8716652631794825e-06 1.8046477488044564e-07
8 48 -4.7354341987996255e-06 -8.5575358730338074e-07
8 49 -6.3105499339383479e-06 1.2962952089374175e-06
8 50 -5.5728922132991552e-06 -1.0248005414475592e-06
8 51 -1.0106387500256173e-05 -7.8493402973310022e-07
8 52 -1.2641440705514321e-05 -2.1865299078970540e-06
8 53 -6.7672779157240438e-06 8.1395553302370582e-07
8 54 -1.9215368625354540e-05 7.8537859422035445e-07
8 55 -1.6269702683990391e-05 -1.1077415810749662e-06
8 56 -1.6883903434862803e-05 -1.1532358471148786e-06
8 57 -2.5955060246106031e-05 -1.0631347785739728e-05
8 58 -2.8839424095353622e-05 -9.5980917622623227e-06
8 59 -3.2462706878048515e-05 -1.6272799220407830e-06
8 60 -4.4729799297532537e-05 8.3909967250558573e-07
8 61 -5.5733698449220101e-05 -3.2740793696203268e-06
8 62 -4.3345791596065585e-05 -1.6400201020530671e-05
8 63 -7.7289293303435506e-05 1.5009557818642458e-05
8 64 -7.1118475728273377e-05 1.6701949925059458e-05
8 65 -9.7521171772003065e-05 8.1312359825665012e-06
8 66 -1.4627508629661278e-04 1.6931222785010046e-05
8 67 -1.5447276658570245e-04 -4.1412349932464362e-05
8 68 -1.7812216449900232e-04 -3.7636620634613261e-06
8 69 -1.9432516935251353e-04 8.5058406115053273e-05
8 70 -3.1831772362223465e-04 1.3269079099832354e-04
8 71 -1.2872487834081548e-04 3.2680473958263459e-04
9 0 -8.6485478532872303e-04 2.2897998243264094e-04
9 1 -6.1350455253576943e-05 1.9790081423110516e-04
9 2 -6.8085961834080721e-05 5.9636414366487062e-05
9 3 -1.4765522554881103e-04 2.2243930354073779e-05
9 4 -7.1099131294156392e-05 2.6541249799222715e-05
9 5 -1.0072845264577437e-04 -3.3313319118049292e-05
9 6 -1.3464499743550358e-04 9.9872694295766855e-07
9 7 -7.1971173246962138e-05 4.0789703121252382e-06
9 8 -5.8895972267188368e-05 -2.5330446197425119e-06
9 9 -2.6980846198317217e-05 -6.4024055749404903e-06
9 10 -3.8709029251524039e-05 -2.3191388284775028e-05
9 11 -3.4108022286730024e-05 3.7059454534163667e-06
9 12 -4.0539339709291892e-05 -7.5388628873167282e-06
9 13 -1.9101525627125422e-05 6.8323876291332687e-06
9 14 -1.4473793635714474e-05 1.3447936012660168e-05
9 15 -1.3419039096886750e-05 2.6086705831542564e-06
9 16 -1.1443405397555901e-05 -3.6909662547852572e-06
9 17 -1.5393607415350544e-05 5.0414513070373105e-06
9 18 -1.1007507248362911e-05 6.9171691544508589e-06
9 19 -5.6818513663506527e-06 -3.1143361215671339e-06
9 20 -1.0611854022787892e-05 -3.7670852302886505e-06
9 21 -8.1572841426092082e-06 -2.9838850086316843e-06
9 22 -7.5169354228527800e-06 -6.2927297410035619e-06
9 23 -8.7162175418322832e-06 -2.8720935655511125e-06
9 24 -7.1620096593843283e-06 -3.8902139429864179e-07
9 25 -6.9950776473518152e-06 2.1579266583132568e-07
9 26 -2.0300703598210845e-06 3.1155213966822581e-07
9 27 -3.6549696830747773e-06 5.2445981780796127e-07
9 28 -1.2594784926592136e-06 -8.2490048265887388e-07
9 29 -8.6218166065848780e-07 -7.1398415293388195e-07
9 30 -1.6261222337552314e-06 1.3206214182731466e-06
9 31 -8.2389226596765135e-07 1.0989882831990120e-06
9 32 -1.4359902643887305e-07 -1.2646724634348603e-07
9 33 -4.2843550263308082e-07 1.0827509969260491e-07
9 34 -1.4823555461823316e-06 4.7563899660696021e-08
9 35 -1.1437387491149441e-06 1.4167854811353504e-08
9 36 7.7990959298525480e-09 2.6791240431572397e-07
9 37 -1.6150339764076755e-06 -3.2017233872054611e-08
9 38 -1.2041553262071089e-06 -3.7683247911646826e-07
9 39 -9.6421470632162370e-07 -7.6965360507188132e-08
9 40 -9.3549577583008584e-07 -8.8262008890062329e-08
9 41 -1.5740412888224151e-06 9.4342207669587845e-09
9 42 -7.3553710757034002e-07 -5.2870204371703458e-07
9 43 -1.6728322895401330e-07 -2.5810055982172353e-07
9 44 -1.4680857998827473e-06 -1.4532067876060235e-07
9 45 -2.1561190518809801e-06 1.7475262751167127e-07
9 46 -2.9341237705612026e-06 -1.0649497321344594e-06
9 47 -2.1043638415121756e-06 1.5539765758460409e-07
9 48 -1.5303676882849032e-06 -8.3324421805274232e-07
9 49 -3.6363137451529297e-06 1.7171990337548411e-06
9 50 -2.4384829023738156e-06 6.9222499041858773e-07
9 51 -5.6320165717657581e-06 -1.3750540875616997e-06
9 52 -7.3764680862357573e-06 -1.8772104605397627e-06
9 53 -1.1786360337274128e-06 6.5347358621413318e-07
9 54 -1.0424531714861306e-05 6.0036615416567355e-07
9 55 -9.4941745457994898e-06 -7.8630833950896702e-07
9 56 -7.7395469317321662e-06 -1.2006924139479407e-06
9 57 -1.3500653707006450e-05 -7.0359233926910154e-06
9 58 -1.2502437106705860e-05 -8.0170021291408439e-06
9 59 -1.7635756848322038e-05 -1.2658034962053511e-06
9 60 -2.3935865026658936e-05 4.3418842588801479e-06
9 61 -3.2205135141709185e-05 2.5136659876213221e-06
9 62 -2.2945390967605531e-05 -1.5690764561228216e-05
9 63 -3.8771503610881051e-05 1.1757198192400023e-05
9 64 -3.0490978398828634e-05 1.3361089858001548e-05
9 65 -4.0787635957008627e-05 9.6606908391955833e-06
9 66 -8.3958113370232701e-05 3.3849255462236340e-05
9 67 -8.9660171450081134e-05 -6.0089186763127086e-05
9 68 -1.0569055584845583e-04 -8.6193349896552134e-06
9 69 -9.7558658424797177e-05 9.1333872700524043e-05
9 70 -1.4692091496427314e-04 7.6797486744146877e-05
9 71 4.2288648647896218e-05 2.4480674730506383e-04
10 0 -5.6366844631111938e-04 1.5091508692963322e-04
10 1 -9.3190592266158213e-06 1.9732585212020910e-04
10 2 -2.9261984426000323e-06 4.8519876912470536e-05
10 3 -8.9697739012091328e-05 2.8096613720385347e-05
10 4 -2.9382692357428687e-05 2.6776468103548893e-05
10 5 -5.8514811651766145e-05 -3.9403490253210412e-05
10 6 -7.9142112326534490e-05 6.4948358523353946e-06
10 7 -4.0904144615460198e-05 5.4545130645834905e-06
10 8 -2.6090513645122504e-05 3.0467027197385751e-07
10 9 -1.3974262574256074e-06 -7.5688119359535406e-06
10 10 -2.3946093111136122e-05 -1.6004521078599199e-05
10 11 -1.7395722615160900e-05 1.3801287628101877e-06
10 12 -3.0416827664911852e-05 -9.5740648978045936e-06
10 13 -6.2426191645276802e-06 9.0513187001758692e-06
10 14 -7.0223699213583249e-07 1.2013186335850370e-05
10 15 -8.1119226758677459e-06 4.5370862170585736e-06
10 16 -5.1783113106172318e-06 -1.4522341858867597e-06
10 17 -1.2132487212738819e-05 2.4329341921276720e-06
10 18 -3.9545151672383471e-06 3.0617256332979773e-06
10 19 -8.1476783614180689e-07 -3.3012763011763980e-06
10 20 -4.7133116168932242e-06 -4.5234438948716206e-06
10 21 -3.1644633310150255e-06 -2.4839455938407003e-06
10 22 -2.8867894077307009e-06 -5.0712255096621578e-06
10 23 -5.4228839108950255e-06 -2.9822434371422832e-06
10 24 -6.1277994440298631e-06 8.5835845169920469e-07
10 25 -3.1633813943111979e-06 2.2523678935352365e-07
10 26 9.0680435933582482e-07 -7.5734343496955991e-07
10 27 -1.7714430410941912e-06 2.0484217402914426e-07
10 28 -3.2582778901900686e-07 -2.0075536370808704e-06
10 29 -1.5180887177197978e-07 -1.0793598609802672e-07
10 30 -9.7869209688459332e-07 6.6466598410250986e-07
10 31 -3.4962122269095703e-07 1.1555134502635080e-06
10 32 4.5434680328784222e-07 1.0443369910072486e-07
10 33 9.8730459424286710e-09 2.9550771682894271e-07
10 34 -1.0151621628960419e-06 2.0703909724630473e-07
10 35 -7.2426238055943107e-07 4.6044209360633560e-07
10 36 4.3196862176911565e-07 4.1768081830149198e-07
10 37 -9.4004554699628719e-07 3.5192785721466153e-08
10 38 -6.7557300812502573e-07 -4.9502479726453705e-07
10 39 -4.1680554875447139e-07 -8.2346112155213531e-08
10 40 -3.9032761463607151e-07 4.4098316633338397e-08
10 41 -8.3865057970974542e-07 2.8196714550505896e-07
10 42 -3.2386650045838460e-07 -7.9793339587346327e-07
10 43 3.1891282011571164e-07 -8.5517464303135476e-08
10 44 -8.6992188403044808e-07 -5.2639288754499019e-07
10 45 -1.0699783501605076e-06 1.4627545997807398e-07
10 46 -1.8747534812314185e-06 -1.1743781997002304e-06
10 47 -1.1838501341852348e-06 1.6599769046832623e-07
10 48 -2.8550588414796461e-08 -7.0170500911465539e-07
10 49 -2.1558646914232085e-06 1.8085864269723843e-06
10 50 -1.6068929876600766e-06 1.3669311730457136e-06
10 51 -3.5656791402349082e-06 -1.8618897753945354e-06
10 52 -4.0511521597305660e-06 1.6449281781155025e-07
10 53 4.3765178655145802e-07 3.2991260478090836e-07
10 54 -6.2571029839408513e-06 8.5836513441159179e-07
10 55 -6.3059770911827908e-06 -2.3522961285210267e-06
10 56 -5.0071726030056251e-06 -2.3523842453838495e-06
10 57 -6.0739690818297837e-06 -4.5733095887235910e-06
10 58 -3.8316714221640440e-06 -5.7851151180797362e-06
10 59 -1.1290776459107505e-05 -2.7102515456836428e-06
10 60 -1.3391020779676786e-05 7.9164900963901747e-06
10 61 -1.7001006506359852e-05 5.9171017319241003e-06
10 62 -1.6267996580266656e-05 -1.3603946578112022e-05
10 63 -1.2445624540306834e-05 9.0924280221072003e-06
10 64 -1.5028492725369739e-05 1.5553037093771460e-05
10 65 -1.5580169950872230e-05 1.5737358868471098e-05
10 66 -5.1522786221846408e-05 3.7143339653221923e-05
10 67 -5.5750544239872732e-05 -6.2379226271554384e-05
10 68 -8.2224839162120615e-05 -6.0102748126599568e-06
10 69 -4.5330228334700975e-05 6.2069163628262258e-05
10 70 -8.7545782896282691e-05 4.0761478253622168e-05
10 71 7.3213816937991842e-05 1.9161264969556985e-04
