0 0 -1.1602393768398547e+00 4.2559244422626180e-19
0 1 -1.5480938390904270e-01 2.1835065757287231e-20
0 2 -6.5419956528513401e-02 3.9146976147278035e-21
0 3 -4.1386435038728284e-02 -9.7094784790252565e-22
0 4 -3.1456911493610129e-02 -1.9473179339766887e-21
0 5 -2.4815764736449857e-02 5.6629240917377297e-22
0 6 -1.9141138230900388e-02 6.5262521992793502e-22
0 7 -1.4442674560336082e-02 1.0378745089290314e-22
0 8 -1.2402893635753866e-02 8.5062714300536310e-23
0 9 -1.1501629732413060e-02 -3.1012889019212683e-22
0 10 -1.0887418058289326e-02 -6.7103403860288842e-22
0 11 -9.7730061900018969e-03 -2.3303915106265578e-22
0 12 -8.5574777507482283e-03 -6.5605788640149204e-23
0 13 -7.4237986791249374e-03 2.1474587611626555e-23
0 14 -6.1919962356167656e-03 8.4800488407763288e-23
0 15 -5.0637466834588963e-03 1.7587178173637308e-23
0 16 -4.4627002176430850e-03 1.4167027230115636e-22
0 17 -3.9636528812456301e-03 8.1916181545806983e-23
0 18 -3.4817233088432296e-03 6.4304476852498092e-25
0 19 -3.3591506786308199e-03 1.4315603241918185e-22
0 20 -3.1589833063896257e-03 -1.8439205246055827e-22
0 21 -2.7759175573939562e-03 1.4880099446385295e-22
0 22 -2.2630210408838315e-03 1.2688307435753109e-22
0 23 -1.7329623909567156e-03 -1.1404605303340035e-22
0 24 -1.3291555927048473e-03 1.5369897645894601e-23
0 25 -1.0681545689628011e-03 1.4797497564118760e-23
0 26 -8.9255054412094674e-04 2.8471948839936429e-23
0 27 -7.4647900866119294e-04 -1.1683417308951868e-23
0 28 -5.9804277138048956e-04 2.3801493295076538e-23
0 29 -4.6776209883697201e-04 1.1509714998455180e-24
0 30 -3.7808101334318273e-04 2.3455518529724273e-23
0 31 -3.2349346783973418e-04 2.3346515652775556e-24
0 32 -2.9742834917106459e-04 -1.7853416537573325e-23
0 33 -2.9524392280997404e-04 4.1049689142944906e-24
0 34 -3.1902222134376598e-04 1.1322699419772121e-23
0 35 -3.6166319119262816e-04 1.8689212777478780e-25
0 36 -3.7262537443485976e-04 -6.4541898544867281e-24
0 37 -3.5493489727202068e-04 -1.6471097843726420e-23
0 38 -3.6732605092829881e-04 -2.1366304786577816e-24
0 39 -4.1949108764212064e-04 2.1720147092804727e-23
0 40 -4.5845434794728921e-04 5.9646077490874823e-24
0 41 -5.0487374235470730e-04 -8.0760919672379358e-24
0 42 -5.7207052265827076e-04 5.3357009585626950e-25
0 43 -6.5726536008347527e-04 5.6004565868214003e-23
0 44 -7.0322904619760616e-04 2.2138751321569054e-23
0 45 -7.8284230414586275e-04 -1.9384301763804463e-23
0 46 -8.9767207113476959e-04 2.0543175339892666e-23
0 47 -1.0462166109897635e-03 -2.3322643200244763e-23
0 48 -1.1911409408957364e-03 -5.9876796376626884e-23
0 49 -1.3761140436956429e-03 -5.5120663889324375e-23
0 50 -1.6224870373517668e-03 -8.1514300723449857e-23
0 51 -1.8871389221136333e-03 -1.1573243800342666e-23
0 52 -2.1670631819361674e-03 1.6387488423169792e-22
0 53 -2.5392567612748281e-03 -5.0685435661165929e-23
0 54 -3.0988768912761288e-03 2.2800950282953216e-23
0 55 -3.8746094133197567e-03 -7.4074334486154149e-23
0 56 -4.6221513995780188e-03 -1.4493291192051675e-22
0 57 -5.5452144771573932e-03 1.7543647505693996e-22
0 58 -6.9343883191018332e-03 3.6087421626010286e-23
0 59 -8.0747300963133310e-03 1.6975425299631841e-22
0 60 -9.1918287345987473e-03 -4.9631617608762271e-22
0 61 -1.0425094074665695e-02 1.4426424188119348e-22
0 62 -1.2200253470714338e-02 -5.2760694009083789e-22
0 63 -1.4804282530427535e-02 9.8290104604891980e-23
0 64 -1.7817216489113233e-02 -7.0933960230347830e-22
0 65 -2.1933356009959017e-02 9.9574733727120426e-22
0 66 -2.5868565043754236e-02 -6.0020274687554360e-22
0 67 -2.9434153702592288e-02 6.7934107436343777e-22
0 68 -3.4150210407433157e-02 -4.4697258251358611e-22
0 69 -4.2194525709996183e-02 -7.8512854230568127e-22
0 70 -6.2616277237372522e-02 -5.2866473504985972e-21
0 71 -1.5696133924995825e-01 5.4234566448404840e-20
1 0 -3.5294647634376791e-01 -2.4100743764101525e-03
1 1 -9.4810620289597816e-02 -5.3756522473120945e-05
1 2 -4.7572283605739139e-02 1.9058681418626062e-04
1 3 -3.1277483182772549e-02 2.2199409870741281e-04
1 4 -2.3949687728017012e-02 6.6334114551175802e-05
1 5 -1.8860916452950509e-02 -1.4474619435342115e-04
1 6 -1.4516022129461280e-02 -3.9849340390956487e-05
1 7 -1.1005237559584869e-02 3.9088420254810175e-05
1 8 -9.4424148109706497e-03 -3.9127740301275158e-06
1 9 -8.7709102542601319e-03 -8.6060117457008105e-06
1 10 -8.3633710479829940e-03 -3.6096398589054144e-06
1 11 -7.4829227512820829e-03 4.7582604156404334e-05
1 12 -6.5412122664733801e-03 3.1673166858304144e-05
1 13 -5.6594465558499184e-03 2.6918099429457196e-05
1 14 -4.7260988927359327e-03 1.6364388036867169e-05
1 15 -3.8713770648578024e-03 8.8683449551150372e-06
1 16 -3.4147199635659016e-03 -5.7904962383297533e-06
1 17 -3.0340922839350304e-03 1.1791553932117568e-05
1 18 -2.6715261467401986e-03 3.7504756345417761e-06
1 19 -2.5850245887795381e-03 -2.3053630238465283e-06
1 20 -2.4254232685978708e-03 7.2122838384858509e-06
1 21 -2.1274172994788848e-03 6.3524724215039808e-06
1 22 -1.7263379853441343e-03 3.6471208134152361e-06
1 23 -1.3173320386191173e-03 -3.4231940722165891e-06
1 24 -1.0142092406154348e-03 -4.6222066361437190e-06
1 25 -8.1729797939480726e-04 -8.6078045470191917e-06
1 26 -6.8095348307450725e-04 -1.7006854940977317e-06
1 27 -5.6821309425000681e-04 6.2986083930709257e-07
1 28 -4.5639163295913893e-04 -1.5201941714731947e-06
1 29 -3.5654704908628086e-04 1.0636165430221785e-06
1 30 -2.8846754989090537e-04 2.1025160610479166e-06
1 31 -2.4674208246733709e-04 6.2022707754912709e-07
1 32 -2.2711293169622195e-04 -6.0792740559796103e-07
1 33 -2.2458777102458310e-04 -1.1959157539676108e-06
1 34 -2.4088375079534750e-04 9.2239213339490200e-07
1 35 -2.7219719908960169e-04 1.3998609603759528e-06
1 36 -2.8244246475220383e-04 -7.8753589446342978e-07
1 37 -2.7070068346727840e-04 -1.5934742152504747e-06
1 38 -2.8035332438498470e-04 -1.6575116743672155e-06
1 39 -3.2068201927049338e-04 -3.0340413530797088e-06
1 40 -3.4971809756650436e-04 -2.5810292005882716e-06
1 41 -3.8554917429256346e-04 4.9085765135697647e-07
1 42 -4.3662816858253757e-04 -1.4578859204878391e-06
1 43 -5.0164891583305007e-04 -1.0245895989704959e-06
1 44 -5.3768804034675527e-04 -2.0484090967687774e-06
1 45 -6.0011710279687035e-04 1.0908794700260933e-06
1 46 -6.8661526485835303e-04 -1.7107461072145518e-06
1 47 -8.0164377420718609e-04 2.4406721579536696e-06
1 48 -9.1227827935680232e-04 7.8864115638224869e-06
1 49 -1.0547051017054171e-03 9.5421081317243280e-06
1 50 -1.2415152781304762e-03 7.6105343182062030e-06
1 51 -1.4414251992123830e-03 8.9049897514623267e-06
1 52 -1.6583632281068044e-03 5.8947037495965818e-06
1 53 -1.9481389951659224e-03 5.6563092632518091e-06
1 54 -2.3736533447020528e-03 1.2327169849509561e-05
1 55 -2.9654029098155929e-03 2.2939060883443240e-05
1 56 -3.5449964952953927e-03 -2.6059367250666183e-05
1 57 -4.2365117889621284e-03 -4.7836208280650730e-05
1 58 -5.3073573551784209e-03 -6.1727184337368490e-05
1 59 -6.1782959142934321e-03 -3.3004704308436575e-05
1 60 -7.0177709436386373e-03 -4.1674407094416941e-05
1 61 -7.9767653669463486e-03 -6.7595651278088133e-05
1 62 -9.3151609218653578e-03 2.9667417214827535e-05
1 63 -1.1288215284695841e-02 3.5587736278229571e-05
1 64 -1.3565722691300202e-02 4.5420253808029066e-05
1 65 -1.6648062348064832e-02 -8.1374392624490246e-06
1 66 -1.9692436068775167e-02 -5.3723312052086191e-05
1 67 -2.2482664247262887e-02 -3.6355929754524042e-05
1 68 -2.6110300412269302e-02 5.7621967716344960e-05
1 69 -3.1967037858119052e-02 5.0534777400823131e-06
1 70 -4.5082447434310433e-02 2.6399658229258379e-04
1 71 -9.4677379016051069e-02 6.2929734978861836e-05
2 0 -1.1628038937256310e-01 -5.1007314360560104e-04
2 1 -4.5653048636156379e-02 1.2018326288901500e-04
2 2 -2.7335480952965455e-02 2.0311327420989591e-04
2 3 -1.9130156542423997e-02 2.8870441875780922e-04
2 4 -1.4699211732858116e-02 1.5374314438042756e-04
2 5 -1.1551880583385198e-02 -2.0138108027685167e-04
2 6 -8.8192918893016115e-03 -3.5328181669274918e-05
2 7 -6.7787386006139304e-03 6.8074942974593943e-05
2 8 -5.8143385637335352e-03 -1.4601218832436209e-05
2 9 -5.4167562189754324e-03 -1.4287396385241618e-05
2 10 -5.2365773407212135e-03 3.7290345808473742e-06
2 11 -4.6462414554409330e-03 7.6468435092817325e-05
2 12 -4.0725095727847105e-03 3.9394817930967418e-05
2 13 -3.4871437334911908e-03 4.1988716626702673e-05
2 14 -2.9282609137024755e-03 2.9970129889075464e-05
2 15 -2.4065354149418496e-03 1.6275322139427125e-05
2 16 -2.1266020570727931e-03 1.7063299939657058e-06
2 17 -1.8909046236883159e-03 1.0899237486984087e-05
2 18 -1.6720093455056769e-03 4.8805372834312947e-06
2 19 -1.6278356555892639e-03 -5.7156564875302439e-06
2 20 -1.5174320673375674e-03 9.4744634740163705e-06
2 21 -1.3170871238787367e-03 7.0961814490186490e-06
2 22 -1.0614551495895376e-03 1.9998104445495919e-06
2 23 -8.0677052492949023e-04 -4.6028607152064917e-06
2 24 -6.2504809709239186e-04 -6.8618286151155338e-06
2 25 -5.0634167857232344e-04 -1.0557906155486727e-05
2 26 -4.2072084161242832e-04 -3.2475763739010311e-06
2 27 -3.4860880178310717e-04 -1.8157718651560711e-07
2 28 -2.8244635770051759e-04 -2.2867875153144741e-06
2 29 -2.2001494322381113e-04 1.4481917030310370e-06
2 30 -1.7828351025782932e-04 2.8838304603619992e-06
2 31 -1.5273515167573255e-04 1.0068347387146860e-06
2 32 -1.4119064437178119e-04 -1.3080859405622472e-06
2 33 -1.3807997610066741e-04 -1.8449546713126590e-06
2 34 -1.4433741406907308e-04 3.5460424792751279e-07
2 35 -1.6300924673532476e-04 2.4728883493092175e-06
2 36 -1.7196582161773736e-04 -8.4868821319009435e-07
2 37 -1.6641639755592214e-04 -2.0141298675671846e-06
2 38 -1.7271588538648401e-04 -1.7383674991574709e-06
2 39 -1.9748569702556504e-04 -3.7438659469009874e-06
2 40 -2.1553352816261926e-04 -4.4751209579510099e-06
2 41 -2.3850933573761046e-04 1.0297335307961921e-06
2 42 -2.6907764722528633e-04 -2.5582556459360651e-06
2 43 -3.1007892648659326e-04 -1.1749152651544048e-06
2 44 -3.3356711938457915e-04 -2.6626067585616005e-06
2 45 -3.7467280774372021e-04 6.8444859660462478e-07
2 46 -4.2531637027402424e-04 -3.7829429413018817e-06
2 47 -5.0009647728405581e-04 3.7674959291928468e-06
2 48 -5.7093112539826740e-04 9.7103076606614703e-06
2 49 -6.6208335703849030e-04 1.2109035387095527e-05
2 50 -7.7076976407615481e-04 1.2439310619342419e-05
2 51 -8.9337966068306698e-04 1.3229315297377238e-05
2 52 -1.0333042494716737e-03 8.8164444861600805e-06
2 53 -1.2206612439676033e-03 8.0523870163321882e-06
2 54 -1.4849688701004753e-03 1.9349689430122398e-05
2 55 -1.8462879385458370e-03 3.3506147145532217e-05
2 56 -2.2211022411350481e-03 -2.9838933646697634e-05
2 57 -2.6275030720526705e-03 -5.5437618409008468e-05
2 58 -3.2961837525013293e-03 -8.7726459534945883e-05
2 59 -3.8309146387700138e-03 -3.5655552170773098e-05
2 60 -4.3497357146898129e-03 -6.4316414829130436e-05
2 61 -4.9682970234222355e-03 -1.2678986983796626e-04
2 62 -5.7699295035399467e-03 3.5475470919512602e-05
2 63 -6.9805520019777939e-03 6.2644617552065453e-05
2 64 -8.3808120066461832e-03 6.8598895616628193e-05
2 65 -1.0170418533049700e-02 3.6533866604379034e-05
2 66 -1.2114751557318634e-02 -8.9888753097883592e-05
2 67 -1.3843511410620773e-02 -9.9694839541552442e-06
2 68 -1.6222692727851602e-02 1.2542307889102053e-04
2 69 -1.9442098644171128e-02 -7.1158097930462756e-05
2 70 -2.6048532397557545e-02 1.3096763424476977e-05
2 71 -4.6168481805281589e-02 3.3788428238992052e-04
3 0 -4.0639410824850446e-02 -4.6495338603871070e-04
3 1 -2.0561309805206089e-02 5.4505467029313545e-05
3 2 -1.4285067896375649e-02 1.4659166483598410e-04
3 3 -1.0739780237781748e-02 2.3131291299751880e-04
3 4 -8.3263562909593122e-03 2.0215980517177549e-04
3 5 -6.4866293632921618e-03 -1.9488807345511864e-04
3 6 -4.8901005038483689e-03 -5.0125597777165806e-05
3 7 -3.8600762619080001e-03 7.2501786618153606e-05
3 8 -3.3103285916689152e-03 -1.3681225115855825e-05
3 9 -3.1012884600010366e-03 -1.2255347807684585e-05
3 10 -3.0464410181107256e-03 2.5631827822752871e-05
3 11 -2.6560670313699481e-03 7.6040421473916190e-05
3 12 -2.3585061351109431e-03 4.1277044218324123e-05
3 13 -1.9726812188324656e-03 4.8809041581124225e-05
3 14 -1.6878813734988350e-03 3.6250317912330914e-05
3 15 -1.3815558795955214e-03 2.0119044342357844e-05
3 16 -1.2266691187378801e-03 9.0510442925717383e-06
3 17 -1.0981281668477338e-03 -1.3519464298033662e-06
3 18 -9.6937303290572463e-04 2.7658314681141865e-06
3 19 -9.6051146290884683e-04 -7.0436951944799324e-06
3 20 -8.7972826710815155e-04 1.5084450776359435e-05
3 21 -7.4924865583929758e-04 2.7365077000792056e-06
3 22 -6.0133202566234204e-04 -1.4978248227123817e-06
3 23 -4.5119801856523609e-04 -2.8222196036213913e-06
3 24 -3.5272836380917432e-04 -6.4670400669111215e-06
3 25 -2.8869747141469193e-04 -9.8846695129841768e-06
3 26 -2.4026309174991382e-04 -4.9966839293697066e-06
3 27 -1.9648076091124513e-04 -7.3403584638571741e-07
3 28 -1.6125192619480860e-04 -2.2156440985323705e-06
3 29 -1.2572441678736324e-04 1.5725340831716172e-06
3 30 -1.0159439983945968e-04 2.9681535219353629e-06
3 31 -8.7158666821696027e-05 1.3077156755949316e-06
3 32 -8.1496377354931096e-05 -1.5502723280259497e-06
3 33 -7.8649545777879906e-05 -1.7380531317936064e-06
3 34 -7.8355949484064361e-05 -3.2128454114938181e-07
3 35 -8.9308274787450219e-05 1.9632376693194571e-06
3 36 -9.6964108006881435e-05 -1.1340482277892276e-06
3 37 -9.4436810974366506e-05 -1.7060685401831021e-06
3 38 -9.7395108551424209e-05 -1.3270381897083193e-06
3 39 -1.1132632120380346e-04 -3.6819302117431158e-06
3 40 -1.2202398770205410e-04 -5.4625569930101900e-06
3 41 -1.3738021266861345e-04 3.1773518848363030e-07
3 42 -1.5238851865345955e-04 -2.3949377300694605e-06
3 43 -1.7694403388125702e-04 -1.1707615596673132e-06
3 44 -1.9080685103131862e-04 -3.2823839662223726e-06
3 45 -2.1653505969923960e-04 5.2408416345973383e-07
3 46 -2.4294972133449597e-04 -4.9737796785698845e-06
3 47 -2.8943908592515122e-04 4.9068440624184929e-06
3 48 -3.3408716532239076e-04 8.1318149453762344e-06
3 49 -3.8771801272635166e-04 1.1187037488920857e-05
3 50 -4.4158338985716684e-04 1.5043040611238884e-05
3 51 -5.1215014471631224e-04 1.4286524107020255e-05
3 52 -5.9752585462059761e-04 1.0119031754680180e-05
3 53 -7.1074670403500689e-04 6.7120830711240410e-06
3 54 -8.6336148889459407e-04 2.2291800339590876e-05
3 55 -1.0666721050538942e-03 2.7003822603086368e-05
3 56 -1.2937688144035410e-03 -2.5213326450872577e-05
3 57 -1.5097163828882453e-03 -4.9357456127977425e-05
3 58 -1.8886462818168649e-03 -9.3614961615133281e-05
3 59 -2.1888307331074208e-03 -2.7542567993816421e-05
3 60 -2.5035366204990217e-03 -7.0412742799171309e-05
3 61 -2.8709223208530938e-03 -1.2928334904759039e-04
3 62 -3.3229904755969833e-03 3.9252356026387397e-05
3 63 -3.9957864078462571e-03 6.2128938149018782e-05
3 64 -4.7849881282898410e-03 5.2759061981950335e-05
3 65 -5.7290860694765742e-03 6.6416300037156167e-05
3 66 -6.8683068543528283e-03 -1.1042918020999213e-04
3 67 -7.8070519189857241e-03 2.7734238745409509e-05
3 68 -9.4154427012809357e-03 1.6922931385357398e-04
3 69 -1.0859188439985115e-02 -1.6709552617185931e-04
3 70 -1.4156042012752928e-02 -1.9804713069737051e-04
3 71 -2.1541737780057753e-02 -1.6246144969873789e-04
4 0 -1.5187696340007511e-02 2.4675612439230119e-04
4 1 -9.0264490727942608e-03 1.7558416416036223e-04
4 2 -7.1629448974830602e-03 -3.3638470083227192e-05
4 3 -5.7545922771201153e-03 1.8054118600942647e-04
4 4 -4.5723933280207010e-03 2.0182850756804923e-04
4 5 -3.4854713865606376e-03 -1.5633662366663109e-04
4 6 -2.5692415935181252e-03 -7.4320759058534703e-05
4 7 -2.1033631811158567e-03 5.4343451313471937e-05
4 8 -1.8186294506922298e-03 -5.1543211229436939e-06
4 9 -1.7176501464172386e-03 -1.1072062955716495e-05
4 10 -1.7144530631366145e-03 3.4872358429152848e-05
4 11 -1.4584526160613548e-03 6.4206169074324435e-05
4 12 -1.3167498762775558e-03 3.8831416860542505e-05
4 13 -1.0643727304364319e-03 4.6146715258533420e-05
4 14 -9.5364191085298350e-04 2.7908230646676943e-05
4 15 -7.5784553389314697e-04 2.2632535183054906e-05
4 16 -6.8382906987130151e-04 9.4809623079693760e-06
4 17 -6.2199359072966109e-04 -9.2624028576767871e-06
4 18 -5.3958698540258873e-04 1.4634140245117880e-06
4 19 -5.5637321311241420e-04 -6.9598626089263143e-06
4 20 -4.8619711028919754e-04 2.1929812465782710e-05
4 21 -4.0906848546029865e-04 3.2283984918564693e-06
4 22 -3.2645106864980736e-04 -1.7243946044889433e-06
4 23 -2.3900852602882345e-04 -9.4086285067235526e-07
4 24 -1.8840475322228688e-04 -4.9715475871201835e-06
4 25 -1.5745614456635495e-04 -7.9863611037823293e-06
4 26 -1.3032505166288145e-04 -6.0743415188187315e-06
4 27 -1.0504538450206992e-04 3.4109183029836811e-07
4 28 -8.8075232262289452e-05 -1.1415510842986958e-06
4 29 -6.9429537765623077e-05 1.5688368981858036e-06
4 30 -5.4973705782255051e-05 2.8756440579942639e-06
4 31 -4.7500564380018247e-05 1.6638615400819035e-06
4 32 -4.5687177594049850e-05 -1.2606551582690357e-06
4 33 -4.3270000094130376e-05 -1.1286721489911760e-06
4 34 -4.0028182320893772e-05 -8.6006866077745624e-07
4 35 -4.6395011537293966e-05 1.0075846908718631e-06
4 36 -5.2527807378137037e-05 -1.6873381862800375e-06
4 37 -5.1388291958817070e-05 -1.2234896178748069e-06
4 38 -5.2279070496865078e-05 -8.2105352047207096e-07
4 39 -5.9831687517704989e-05 -3.0540790375057526e-06
4 40 -6.5725655073258779e-05 -5.3319179878321640e-06
4 41 -7.6185654940804000e-05 -7.9846656704856063e-07
4 42 -8.2044556246083932e-05 -1.5501808096181292e-06
4 43 -9.7210875136256105e-05 -1.5905291842926578e-06
4 44 -1.0443615184268778e-04 -2.7193971479996599e-06
4 45 -1.2036717742045229e-04 3.0106030481532222e-07
4 46 -1.3260133369227174e-04 -3.9976869974113209e-06
4 47 -1.5981854427084049e-04 5.1902424327421360e-06
4 48 -1.9065799021957986e-04 5.6561662876512230e-06
4 49 -2.1958125684011664e-04 8.3974542630568032e-06
4 50 -2.4163266789504735e-04 1.4807241564052279e-05
4 51 -2.8032599711200093e-04 1.2119144452573842e-05
4 52 -3.3194777748576525e-04 1.1464558356459940e-05
4 53 -3.9524725950020674e-04 5.6077904917039388e-06
4 54 -4.8558741328656773e-04 2.0581497229661638e-05
4 55 -5.9002375435381917e-04 1.0629875863509596e-05
4 56 -7.2165189943226122e-04 -2.3150424541294636e-05
4 57 -8.3611307523000938e-04 -3.8885259351810486e-05
4 58 -1.0383807027912518e-03 -8.5773545368520804e-05
4 59 -1.1797882964897377e-03 -2.2429531664250001e-05
4 60 -1.4018899217778504e-03 -7.6618182468298979e-05
4 61 -1.6010175279186599e-03 -9.8651156834952212e-05
4 62 -1.8532879722878085e-03 5.2601967326726769e-05
4 63 -2.1897428219588809e-03 2.8028358175459554e-05
4 64 -2.6247734316126991e-03 2.5938817973638009e-05
4 65 -3.1230697139379556e-03 4.5853663444071331e-05
4 66 -3.7176758458313812e-03 -1.0080543120257798e-04
4 67 -4.2009903678655609e-03 7.0191464051585657e-05
4 68 -5.2999824444604640e-03 1.4541411935558996e-04
4 69 -5.7963332800871374e-03 -1.4965625357162265e-04
4 70 -7.4664567941398162e-03 -2.8240378384641646e-04
4 71 -9.9912857205674329e-03 -1.4029531189556449e-04
5 0 -5.4204422434825763e-03 2.7774038398044640e-04
5 1 -3.7839076278155521e-03 7.4517333497601989e-05
5 2 -3.5280427344378021e-03 -1.5750344412302056e-04
5 3 -3.0768968002285076e-03 1.5081640530639653e-04
5 4 -2.4569019385224647e-03 2.0655707402952888e-04
5 5 -1.8315790309057073e-03 -1.2509964034385063e-04
5 6 -1.3124242426107689e-03 -8.8808222109446606e-05
5 7 -1.1139788734116475e-03 3.9238604484143262e-05
5 8 -9.7404903458614021e-04 9.2206108864205283e-06
5 9 -9.3393595555902708e-04 -5.5926451889308939e-06
5 10 -9.4735337862087495e-04 2.9700431770762675e-05
5 11 -7.6898169605205797e-04 5.2157530900119374e-05
5 12 -7.2429538114589015e-04 3.1416102285497155e-05
5 13 -5.5048166251919967e-04 4.6137283414752403e-05
5 14 -5.3855474571211370e-04 1.7898312776731741e-05
5 15 -3.9847967661206350e-04 2.1045496024997239e-05
5 16 -3.6548620883212086e-04 5.7293790110769825e-06
5 17 -3.5085067629475787e-04 -1.1946748537444555e-05
5 18 -2.9238870704068829e-04 4.3299418222975077e-06
5 19 -3.1799518248927262e-04 -4.4365441255994644e-06
5 20 -2.5847004893111725e-04 2.2749873805408752e-05
5 21 -2.2102867517000553e-04 5.0458035339352379e-06
5 22 -1.7160928874050164e-04 -3.0235121149213580e-06
5 23 -1.2300894851580434e-04 -5.5186678326693307e-07
5 24 -9.6031582049278664e-05 -3.5859459752251603e-06
5 25 -8.4339562850101521e-05 -7.0542047914665604e-06
5 26 -6.7560034587386080e-05 -6.3679936971216078e-06
5 27 -5.3793212362950729e-05 1.1942065936208811e-06
5 28 -4.6414009522041955e-05 3.7616105634768571e-07
5 29 -3.7532076380933634e-05 1.4621598104473514e-06
5 30 -2.8605115218265943e-05 2.7693490823210482e-06
5 31 -2.5342336628205602e-05 1.6981781838964330e-06
5 32 -2.5352697098920750e-05 -1.0434329531796087e-06
5 33 -2.3564137452390446e-05 -5.1870790569923320e-07
5 34 -2.0270682082990272e-05 -1.0551281923500036e-06
5 35 -2.2913161296765619e-05 1.8281106511498854e-07
5 36 -2.7483322324386241e-05 -1.6898626720163321e-06
5 37 -2.7394332380726511e-05 -1.0232185216008146e-06
5 38 -2.7204983778146751e-05 -4.3518678552175917e-07
5 39 -3.1325699993871572e-05 -1.9701588287477619e-06
5 40 -3.3872465020840191e-05 -4.7181749591910808e-06
5 41 -4.1271227581416560e-05 -9.8165909069920717e-07
5 42 -4.3133867239832582e-05 -5.0059840607537075e-07
5 43 -5.1894952376685884e-05 -1.7573375289373968e-06
5 44 -5.4961149315943647e-05 -1.0296401382993594e-06
5 45 -6.5053508201557648e-05 -5.4842067629407115e-07
5 46 -6.9707494750585026e-05 -1.9791371650279452e-06
5 47 -8.5332681949735494e-05 4.4360888716929972e-06
5 48 -1.0769671954476041e-04 3.9722178199669688e-06
5 49 -1.2062323123520446e-04 5.5592277043071686e-06
5 50 -1.2951199317432396e-04 1.2574803756359707e-05
5 51 -1.4787262487271695e-04 8.4023567545288745e-06
5 52 -1.8158235352501982e-04 1.1020607385510952e-05
5 53 -2.0947051163706844e-04 4.4192102456244748e-06
5 54 -2.6542673556393027e-04 1.6057167389510790e-05
5 55 -3.1566399243135524e-04 -1.2468720854700151e-06
5 56 -3.9028541593027848e-04 -2.1772094893692277e-05
5 57 -4.5106487446342717e-04 -2.8549609438500124e-05
5 58 -5.5235444554966272e-04 -7.0870342303504176e-05
5 59 -6.0473880200767182e-04 -2.3711586372315934e-05
5 60 -7.8072254816704081e-04 -7.7183973786467853e-05
5 61 -8.6606240949920583e-04 -7.3011442374347409e-05
5 62 -1.0116161179697112e-03 6.3390639866439430e-05
5 63 -1.1503814310503764e-03 5.3172730613079807e-07
5 64 -1.4032455652311971e-03 3.3930321826572345e-06
5 65 -1.6853980308944234e-03 6.9101424597245733e-06
5 66 -1.9597209052522493e-03 -7.6483803985458618e-05
5 67 -2.1789119975614770e-03 8.8171785682088501e-05
5 68 -2.9211680421155463e-03 6.6623134512385038e-05
5 69 -3.0106757450624974e-03 -1.4922647571740115e-04
5 70 -3.8466226212507323e-03 -2.9198262471585997e-04
5 71 -4.5939404373505893e-03 1.0091055506272448e-04
6 0 -2.1628834168614876e-03 -1.9254697968415204e-04
6 1 -1.5029814530925956e-03 6.2810949523422362e-05
6 2 -1.6968790097479872e-03 -2.2053301672240056e-04
6 3 -1.6634912106317215e-03 1.4278672494001614e-04
6 4 -1.3088537760741381e-03 1.4121046113137341e-04
6 5 -9.2244754533958204e-04 -1.1890990134743954e-04
6 6 -6.5915532037166889e-04 -1.0637726633305488e-04
6 7 -5.8418386054477818e-04 3.2647063589757552e-05
6 8 -5.1157871483474907e-04 1.9928447618728744e-05
6 9 -5.0763922955206870e-04 -9.2460861906457995e-06
6 10 -5.3187060804348236e-04 2.5542513165790579e-05
6 11 -3.7630712331359701e-04 5.0844109261338912e-05
6 12 -4.0700753225345439e-04 1.7515472467153878e-05
6 13 -2.7347712404682267e-04 4.0847671601977689e-05
6 14 -3.0246079832727560e-04 1.3703636336180330e-05
6 15 -2.0125485079612899e-04 1.2971198805124754e-05
6 16 -1.8009445094699096e-04 5.5864051424699887e-06
6 17 -2.0218607797224433e-04 -1.3501503188167403e-05
6 18 -1.5398190055166118e-04 4.7040213068689391e-06
6 19 -1.7996460478582742e-04 -5.7387913064082348e-06
6 20 -1.3362629377922572e-04 2.0265318276560377e-05
6 21 -1.2112533364671622e-04 5.1035845397447424e-06
6 22 -9.0292897712761829e-05 -7.1924350145178066e-06
6 23 -6.2996495966191244e-05 -8.4147468377317345e-07
6 24 -4.8344555312194696e-05 -2.7216423090603489e-06
6 25 -4.5202156408851344e-05 -5.9919684185931797e-06
6 26 -3.4954203238651018e-05 -6.2698141781492574e-06
6 27 -2.6259042365872662e-05 2.1583321902049191e-06
6 28 -2.3698322462533403e-05 1.9952636568371185e-06
6 29 -1.9980260888540719e-05 1.2242332306446479e-06
6 30 -1.4424417204151456e-05 2.5083879766762436e-06
6 31 -1.3276747469449916e-05 1.5779001192985908e-06
6 32 -1.3976214195580140e-05 -1.4326918771953933e-06
6 33 -1.3091449260812763e-05 -3.2954891648550639e-07
6 34 -1.0724280747597564e-05 -8.6579087618699107e-07
6 35 -1.1031494651250553e-05 -4.1933523112809325e-07
6 36 -1.3649021735596104e-05 -1.2935201333069826e-06
6 37 -1.4415512402342416e-05 -6.6248674755103348e-07
6 38 -1.3989118167978238e-05 -3.0333963950468608e-07
6 39 -1.5982248566611925e-05 -7.7202720836781918e-07
6 40 -1.7221698764971463e-05 -3.7117312773556745e-06
6 41 -2.2541901562965806e-05 -9.7938437434505026e-07
6 42 -2.2410038068077018e-05 3.3692694613624342e-07
6 43 -2.7766540259346525e-05 -1.6860323548402525e-06
6 44 -2.7906346135318304e-05 2.4921496488960064e-07
6 45 -3.3821544861522694e-05 -1.3613144361801233e-06
6 46 -3.4856874240349235e-05 2.7976572488608855e-07
6 47 -4.5018716111390172e-05 2.4661936250465608e-06
6 48 -6.0016511899445171e-05 2.8855859820340005e-06
6 49 -6.4244735552016285e-05 4.1360713501825362e-06
6 50 -6.9837044752404720e-05 9.9343418528509739e-06
6 51 -7.5856597402483385e-05 5.0354959836706729e-06
6 52 -1.0125476700021616e-04 8.6119355526936775e-06
6 53 -1.0937482260125397e-04 2.0663842789386863e-06
6 54 -1.3878608628624861e-04 1.1531399282226445e-05
6 55 -1.6317039817745737e-04 -4.2589275072131414e-06
6 56 -2.0831507156768162e-04 -1.7784809836825750e-05
6 57 -2.4682913991118068e-04 -2.3730060342633137e-05
6 58 -2.8635717286494501e-04 -5.4220882800870267e-05
6 59 -2.9083993082710521e-04 -2.3683030131064070e-05
6 60 -4.2522173827990280e-04 -6.4430358288343023e-05
6 61 -4.5604115780279949e-04 -4.5233100736195412e-05
6 62 -5.3966546947095998e-04 7.0100931203467292e-05
6 63 -5.7064277109346708e-04 -5.5523459763798283e-06
6 64 -7.2507894092422578e-04 1.3555736030467602e-05
6 65 -8.6678110193003999e-04 -3.5602603856988117e-05
6 66 -1.0284286331342742e-03 -1.9783868996248309e-05
6 67 -1.0915336281591070e-03 7.0181650464750243e-05
6 68 -1.5716417790928596e-03 -4.5114198038505673e-06
6 69 -1.4693424101495625e-03 -1.5305674087021207e-04
6 70 -2.0100201777883933e-03 -2.8670595275298030e-04
6 71 -2.0157502272040544e-03 2.3944850344841169e-04
7 0 -6.4399189575912888e-04 -1.0516886032261854e-03
7 1 -5.2547602514114143e-04 2.9207423729508011e-06
7 2 -8.1793020223350763e-04 -2.4969797254938549e-04
7 3 -8.9578406255278874e-04 1.3654405895250637e-04
7 4 -6.9383300726811974e-04 4.4507294197122995e-05
7 5 -4.2137117397058005e-04 -1.0521082241577860e-04
7 6 -3.1578565109481019e-04 -1.0982473373742065e-04
7 7 -3.1288077706313798e-04 2.4071889615475175e-05
7 8 -2.6038096695463458e-04 1.8500113004560034e-05
7 9 -2.7503261240789765e-04 -1.1308973978243640e-05
7 10 -3.1324208652790190e-04 2.9799924861560499e-05
7 11 -1.6958428047413816e-04 4.8107797274090936e-05
7 12 -2.3670638508715023e-04 8.3343505553324838e-06
7 13 -1.3375282452047509e-04 2.5738651156340772e-05
7 14 -1.7343294535337336e-04 1.7844776785196462e-05
7 15 -9.5271750955783820e-05 8.1506186547903161e-06
7 16 -8.0322040518306152e-05 6.2382304939610438e-06
7 17 -1.1895916452646856e-04 -1.1452994058096744e-05
7 18 -8.0187531619851449e-05 2.6887270611930092e-06
7 19 -1.0198925760113356e-04 -7.9509281077171938e-06
7 20 -6.5590184575358280e-05 1.8573571842935705e-05
7 21 -6.6405641143190620e-05 4.9714039674013793e-06
7 22 -4.9434406241029051e-05 -5.5643284709153957e-06
7 23 -3.0257966987162532e-05 -8.9496811875523149e-07
7 24 -2.4186728651869302e-05 -1.5111131469642812e-06
7 25 -2.4302072658322544e-05 -4.2852396830244667e-06
7 26 -1.8067048325047460e-05 -6.1497417733667962e-06
7 27 -1.2525557412613377e-05 3.2076335195254545e-06
7 28 -1.1547793694912609e-05 2.4660055848308077e-06
7 29 -1.0504140229744989e-05 1.0794057063571419e-06
7 30 -7.0960603427778990e-06 2.0777104591980439e-06
7 31 -6.7959651123894415e-06 1.4061715232581118e-06
7 32 -7.5050726262075205e-06 -1.8742467725776083e-06
7 33 -7.5218802587646464e-06 -3.8550756925490433e-08
7 34 -6.3018701882962172e-06 -3.1976919731276687e-07
7 35 -5.4690598043826727e-06 -8.0670705115711540e-07
7 36 -6.6433203080880313e-06 -8.3846863123946672e-07
7 37 -7.3280878785235219e-06 -3.7888671930389269e-07
7 38 -7.3534798994497017e-06 -3.4263160099119030e-07
7 39 -7.9348644287979925e-06 4.2192586623340968e-07
7 40 -9.1723806519923972e-06 -2.6729115374711092e-06
7 41 -1.2464344823632809e-05 -8.5251801555346807e-07
7 42 -1.1109706183523980e-05 1.2991018911798327e-06
7 43 -1.5238362500795708e-05 -1.4257476448104892e-06
7 44 -1.3623206653869669e-05 8.8666124036781688e-07
7 45 -1.6736758952604065e-05 -1.9178900407882041e-06
7 46 -1.7644846532855810e-05 1.5811422741133521e-06
7 47 -2.3596506129614428e-05 1.0136544417639830e-06
7 48 -3.2550814966688872e-05 2.6816684464435079e-06
7 49 -3.3739327569652850e-05 2.4905569238812002e-06
7 50 -3.6371158537753876e-05 7.0034788258041135e-06
7 51 -3.8412531480745770e-05 2.1555365636959220e-06
7 52 -5.9670791790227157e-05 7.1786667428069990e-06
7 53 -5.8888904642993555e-05 1.2287485334349008e-06
7 54 -6.9225829277863924e-05 9.1912390476796381e-06
7 55 -8.1507322784575453e-05 -6.7258863139714588e-07
7 56 -1.1436584599762466e-04 -1.3200957755570035e-05
7 57 -1.3852425700795851e-04 -1.9526096730361072e-05
7 58 -1.4631583690639537e-04 -4.0157209314914328e-05
7 59 -1.2835103542332515e-04 -2.0581645699370706e-05
7 60 -2.1920708184813319e-04 -3.8363147678512897e-05
7 61 -2.5124218590004464e-04 -1.8290792582695749e-05
7 62 -2.9073515272155803e-04 7.3291026871552929e-05
7 63 -2.5899338900753826e-04 4.1887514817284374e-06
7 64 -3.7084421224781535e-04 1.9908298511641492e-05
7 65 -4.0630397238706491e-04 -3.5799776312264310e-05
7 66 -5.3436108851920468e-04 1.8593810587253521e-05
7 67 -5.2651536642103942e-04 5.7840885444337861e-05
7 68 -8.3826234761224323e-04 -3.8651902514158540e-05
7 69 -6.4506545918313293e-04 -1.1160552488190626e-04
7 70 -1.0415993764630435e-03 -2.8628690848655152e-04
7 71 -7.9567139395419920e-04 2.4123001565332368e-04
8 0 9.1161702366062544e-05 -1.0181170106484403e-03
8 1 -1.3308761560995339e-04 -6.8916088930965906e-05
8 2 -4.3380460911750024e-04 -2.4351538363864055e-04
8 3 -4.6615373564013244e-04 9.6471707590218547e-05
8 4 -3.3029556142669277e-04 1.3917282545462854e-06
8 5 -1.4624469691176418e-04 -9.7216378742839417e-05
8 6 -1.3895296412214347e-04 -1.0351646297295422e-04
8 7 -1.8009772286286551e-04 2.6531472208614933e-05
8 8 -1.3056554707364888e-04 1.2285256048449096e-05
8 9 -1.4378428283371193e-04 -9.2018323657798905e-06
8 10 -1.9739771760118343e-04 3.4523039308857779e-05
8 11 -6.6768742105044322e-05 3.5101881309401869e-05
8 12 -1.3271386068561736e-04 3.1758184628760807e-06
8 13 -6.5762206728798317e-05 9.4073370279767072e-06
8 14 -1.0676922898748813e-04 2.0013697443330536e-05
8 15 -3.7574941526631483e-05 3.0044066054098595e-06
8 16 -3.1159776871916743e-05 4.0322913532689878e-06
8 17 -7.0686188308943248e-05 -1.0620976190971304e-05
8 18 -3.9053098677662213e-05 4.7196988792344441e-06
8 19 -5.9753876922868456e-05 -7.2879915846727325e-06
8 20 -2.9323417967335317e-05 1.6438247507741832e-05
8 21 -3.6121931802108558e-05 6.9006374218235682e-06
8 22 -2.5328243500620324e-05 -1.7166838837019664e-06
8 23 -1.2397749085377549e-05 -1.0741079024131832e-06
8 24 -1.1622844594326810e-05 -4.2547426104489363e-08
8 25 -1.2522150268468143e-05 -2.8292714014141386e-06
8 26 -8.8479437016522540e-06 -4.9740220854165900e-06
8 27 -5.9145422184536678e-06 3.0725717348000478e-06
8 28 -5.2163408436839659e-06 2.4587561871724212e-06
8 29 -5.4517743433057152e-06 9.8487073608149349e-07
8 30 -3.3750584961824897e-06 1.7007359711527999e-06
8 31 -3.6059293326563965e-06 1.0347395772989155e-06
8 32 -4.0526637411121317e-06 -2.1359434293588485e-06
8 33 -4.6215737707924521e-06 2.5861722686619730e-07
8 34 -3.9823296620872836e-06 3.2661056905993222e-07
8 35 -3.0451845645165677e-06 -7.1554919281070572e-07
8 36 -3.5547253834552161e-06 -3.2989639339410871e-07
8 37 -3.8477664196958046e-06 3.5050428679597023e-08
8 38 -4.1166329881510407e-06 -8.8093028321882779e-09
8 39 -4.0798993547343510e-06 7.9567789725787541e-07
8 40 -5.3261776570589523e-06 -1.4307892465233138e-06
8 41 -6.9052415812808189e-06 -1.2424380637051594e-06
8 42 -4.9037906092924988e-06 1.7392234591107255e-06
8 43 -8.1033353214693644e-06 -4.7530216700799827e-07
8 44 -6.2411890021305271e-06 9.9459370089452459e-07
8 45 -7.0937877845972416e-06 -2.6919527355241499e-06
8 46 -9.0496113642590793e-06 2.4097053895894646e-06
8 47 -1.3140420253167548e-05 -6.0897344846063393e-07
8 48 -1.5289170058352439e-05 2.9121919310894555e-06
8 49 -1.7810752070504083e-05 1.0807667575742215e-06
8 50 -1.7508897744059172e-05 4.4281073288020177e-06
8 51 -1.9952072103977900e-05 -1.4846571267897281e-06
8 52 -3.6667619609570601e-05 4.4287470010732059e-06
8 53 -3.6688672829388719e-05 1.0486442750027097e-06
8 54 -3.4568121938149030e-05 8.1224289877324080e-06
8 55 -3.8759254633249537e-05 6.8182309804227469e-06
8 56 -6.6292965187119324e-05 -9.6352555046603573e-06
8 57 -7.4550883484326478e-05 -1.5134191750211059e-05
8 58 -7.0677751134999741e-05 -2.3243213952268941e-05
8 59 -5.1350545628010711e-05 -1.8198991164032001e-05
8 60 -1.0929477910775692e-04 -1.9281606036056703e-05
8 61 -1.4664223230227233e-04 -1.2439722705612683e-05
8 62 -1.6079717128022320e-04 7.7812877420487320e-05
8 63 -9.7057170770745529e-05 8.5759286673694498e-06
8 64 -1.8098831434096687e-04 2.5488149914076254e-05
8 65 -1.6635229612896465e-04 -2.0454493952195492e-05
8 66 -2.7456638659141991e-04 1.6172577027278210e-05
8 67 -2.3288664983751436e-04 6.7093235821238557e-05
8 68 -4.6460064565007384e-04 -3.4460261477580282e-05
8 69 -2.3538265687000367e-04 -5.9212890211339229e-05
8 70 -5.1101431558643162e-04 -2.3116426329623335e-04
8 71 -2.9022574732859237e-04 1.3964180982482569e-04
9 0 1.4004748338266362e-04 -1.0957948404152886e-03
9 1 3.7863698085526884e-05 -1.0142228384448869e-04
9 2 -2.4053760853160402e-04 -1.7412895809492998e-04
9 3 -2.3534280437560663e-04 5.8835470279502137e-05
9 4 -1.4123544622906973e-04 -2.6380148392756719e-05
9 5 -2.4240498576860297e-05 -8.6172499382864922e-05
9 6 -4.6783094597782071e-05 -9.1288297474130924e-05
9 7 -1.1386445249912737e-04 3.4949852156912600e-05
9 8 -7.0215876451732917e-05 2.6967066742115442e-06
9 9 -6.8052468647349082e-05 -1.5080450067596376e-05
9 10 -1.2198051888624416e-04 3.4118373959986391e-05
9 11 -1.2982238275763917e-05 1.5938719630451436e-05
9 12 -6.9280160647641661e-05 9.6503186746409417e-06
9 13 -3.0331298734114673e-05 -8.5845974636913929e-06
9 14 -6.2874316844526318e-05 1.1775405478743009e-05
9 15 -6.6131162755271282e-06 1.7925859207258432e-06
9 16 -7.4234153312084563e-06 1.2677457433445190e-06
9 17 -4.9853060067001827e-05 -1.0262448604918328e-05
9 18 -1.8936100466589427e-05 8.2978088580486825e-06
9 19 -3.5401504193451816e-05 -3.9133361352666686e-06
9 20 -1.0369458458112521e-05 1.6205988196506779e-05
9 21 -1.8557543762385219e-05 1.0130736773274197e-05
9 22 -1.1343608963524539e-05 2.1238822542112694e-06
9 23 -2.6721383981269901e-06 -1.7966810684622610e-07
9 24 -5.3917687274462825e-06 1.1728675278999601e-06
9 25 -5.6996758188817232e-06 -2.5754294471723404e-06
9 26 -3.9849092426069051e-06 -4.1389665001870059e-06
9 27 -2.5385884011788589e-06 1.8460408709078338e-06
9 28 -2.2139915984405284e-06 2.7123034049828563e-06
9 29 -2.7896730920937792e-06 7.2522100756918161e-07
9 30 -1.7615689206555115e-06 1.4739620085731830e-06
9 31 -2.1730971509719009e-06 6.4504310632357628e-07
9 32 -2.0883803425616542e-06 -2.1843564671490617e-06
9 33 -3.1725029874368446e-06 7.7751384614944976e-07
9 34 -2.4908237037473262e-06 8.4434497373805230e-07
9 35 -1.9296615116287659e-06 -8.7987930228006398e-08
9 36 -2.8168856198051401e-06 -3.7525713460136456e-07
9 37 -1.8453959245684840e-06 3.0295714917778225e-07
9 38 -2.5914146508022036e-06 1.9229157474010947e-07
9 39 -2.2805827920924495e-06 6.7092694670798849e-07
9 40 -3.8876928392075104e-06 -6.1647784299990062e-07
9 41 -3.3506876496293065e-06 -1.5876419610891647e-06
9 42 -2.0830314007384710e-06 2.1192119704418357e-06
9 43 -4.6954982004903910e-06 4.4710991721025910e-07
9 44 -3.2291683880101665e-06 7.3226055671830334e-07
9 45 -3.2021153191380846e-06 -3.2972006220544967e-06
9 46 -4.7394293340433128e-06 3.6153395204263233e-06
9 47 -7.4032778193872237e-06 -2.1174188864856116e-06
9 48 -5.3002989258813040e-06 2.5553328532691451e-06
9 49 -1.0706918492929604e-05 4.2022715933473944e-07
9 50 -9.3160828864627676e-06 6.4593905437771384e-07
9 51 -1.1717990122604624e-05 -4.9614289839732665e-06
9 52 -2.2081380926591869e-05 2.8468174059877245e-08
9 53 -2.4605766831130616e-05 3.0030125881532768e-07
9 54 -1.5020621821151821e-05 8.7039566939421788e-06
9 55 -1.5721373258615447e-05 7.2559988490891265e-06
9 56 -4.2935346399120754e-05 -9.1903716593678884e-06
9 57 -4.2461968010009388e-05 -9.3540628214517189e-06
9 58 -2.6157804793133683e-05 -1.8389771562564879e-05
9 59 -1.8705362640946160e-05 -1.3348692593280795e-05
9 60 -5.2867418655672217e-05 -1.3734107358358464e-05
9 61 -8.8246080836570112e-05 -9.2988443214873370e-06
9 62 -9.8996291182411149e-05 7.1841946511080036e-05
9 63 -1.0110740157454923e-05 1.6637876287568007e-05
9 64 -8.4797639548167078e-05 4.6300303644934053e-05
9 65 -4.7220364368938164e-05 1.2307743947788323e-05
9 66 -1.3576773786075000e-04 9.2177220896854172e-06
9 67 -6.5914358368671604e-05 7.7033749280500878e-05
9 68 -2.6338153397977032e-04 -9.2116773763269407e-06
9 69 -2.7908953022864006e-05 2.1872387186604467e-05
9 70 -2.2510519277158509e-04 -9.5103359782953078e-05
9 71 -6.1707440613252546e-05 1.1911755267922439e-04
10 0 1.0948902037617618e-04 -6.7265230452019957e-04
10 1 3.7975002544011220e-05 -2.6703256030896840e-05
10 2 -1.3784577901412767e-04 -1.4567657815914411e-04
10 3 -1.6563313515145913e-04 2.6983441814172730e-05
10 4 -7.4806759406161383e-05 -4.4453107822661935e-05
10 5 2.0215886430023695e-05 -7.4959821307100548e-05
10 6 -2.7587765097200991e-06 -8.0587369330013735e-05
10 7 -9.0110774403877615e-05 3.6985567164648470e-05
10 8 -3.2893439328460416e-05 -1.3976412183169244e-06
10 9 -1.9394459734579921e-05 -1.3895678953615109e-05
10 10 -6.5671225022792705e-05 3.0924582080207409e-05
10 11 7.2779075566160506e-06 8.5302986030900654e-07
10 12 -3.5555789463391037e-05 1.5632153782114198e-05
10 13 -1.9650647565120392e-05 -1.6967541873238739e-05
10 14 -3.1147843295840783e-05 -9.0568096184299942e-07
10 15 3.1761325273516342e-06 5.1118519232721740e-06
10 16 4.6393152012766852e-06 7.1057461375179500e-06
10 17 -4.4330573476374892e-05 -5.2469453411793767e-06
10 18 -8.9653623458382940e-06 1.1612423212251026e-05
10 19 -1.9059012459838149e-05 8.6235259071461413e-07
10 20 -3.6806050149816597e-06 1.7985314581358475e-05
10 21 -7.3055614767317928e-06 9.2689633813276050e-06
10 22 -6.5081691422354945e-06 3.5490069208266600e-06
10 23 2.8252320725815715e-06 -1.2964988167625951e-06
10 24 -2.5656838703495379e-06 1.5834180956196764e-06
10 25 -8.6306329823011196e-07 -3.4973329147710377e-06
10 26 -1.1820778338746787e-06 -4.2948447012004599e-06
10 27 -7.6613958204471378e-07 1.2609256871470644e-06
10 28 -3.2658857969544925e-07 2.2921408902678525e-06
10 29 -1.0784451538095557e-06 2.1174731335684918e-07
10 30 -1.0074262711071785e-06 1.0476924247540277e-06
10 31 -1.4601042952093523e-06 4.4063828519787037e-07
10 32 -7.8296924020504039e-07 -1.8822985545164186e-06
10 33 -2.3510043256612980e-06 1.0788347829978886e-06
10 34 -1.5951369756311257e-06 1.2271054772028777e-06
10 35 -1.4623146664791200e-06 6.7403617974005001e-07
10 36 -2.9561505605135442e-06 -5.2568930647122737e-07
10 37 -1.0416383663724691e-06 2.0564194098868696e-07
10 38 -1.7932321607435410e-06 2.3454131504417858e-07
10 39 -1.4519429798100068e-06 -2.4918217292510641e-07
10 40 -3.7707920879057105e-06 -8.9452647409924642e-08
10 41 -8.9043140009392596e-07 -1.4415232098754345e-06
10 42 -1.1064598158276369e-06 2.2557795317082013e-06
10 43 -3.0151609243244391e-06 6.9467982970424298e-07
10 44 -2.3722937063344458e-06 8.3240058001207356e-07
10 45 -1.6771776368495296e-06 -2.9108712784395840e-06
10 46 -2.9367338885048840e-06 4.5361613949791153e-06
10 47 -2.8085995364717576e-06 -1.5382806926822994e-06
10 48 -7.0364106403420098e-07 8.9152123608078758e-07
10 49 -8.0713485519071729e-06 -1.7106680792452907e-07
10 50 -5.8398851630732644e-06 -2.1159103256817150e-06
10 51 -8.8630158504688948e-06 -5.7015077043312047e-06
10 52 -1.5088728491321971e-05 -3.3383816160891946e-06
10 53 -1.8696439259256598e-05 1.8915842079576665e-06
10 54 -5.0385968121706460e-06 5.0801615568514959e-06
10 55 -7.4271219797480798e-06 6.0063869809324211e-06
10 56 -3.3326651497694042e-05 -8.7401828126067201e-06
10 57 -2.1601874078242852e-05 -5.3051723052966388e-06
10 58 4.4571579516965007e-06 -1.2067487578058557e-05
10 59 3.5438370287585908e-06 -6.0644561606956075e-06
10 60 -3.4116818900009370e-05 -8.0934433540457743e-06
10 61 -4.8472540951566452e-05 -9.5966799166146710e-06
10 62 -5.9313738474831212e-05 5.6575975917928528e-05
10 63 1.9293360874073984e-05 1.6344430771936877e-05
10 64 -5.8659886537575727e-05 5.0251205715558050e-05
10 65 6.0605446512525896e-06 5.5663973135706327e-05
10 66 -7.4063411425941017e-05 -1.3300925130892857e-05
10 67 1.8340004523789303e-05 9.2035715123769957e-05
10 68 -1.3722419685176571e-04 3.6077476385797970e-05
10 69 5.5344868648124849e-05 5.1001987083716544e-05
10 70 -7.3740883759754473e-05 2.4412694850341090e-05
10 71 -6.8532959040400711e-05 2.7665885864578768e-05
