0 0 -1.1578882167504960e+00 -2.8905036730601905e-19
0 1 -1.5362924990853041e-01 -1.4998820640257717e-19
0 2 -5.5639047914531656e-02 7.3785951350050023e-21
0 3 -3.2864711886120640e-02 2.7473680694315998e-21
0 4 -2.2844786387484325e-02 4.9724707202515905e-22
0 5 -1.7619072774215674e-02 6.0039121574294542e-22
0 6 -1.4451172916866852e-02 -5.4393662107855769e-23
0 7 -1.2237177442318399e-02 -8.4894715920283497e-24
0 8 -1.0365184719768111e-02 -2.6649898927072677e-22
0 9 -8.8646540393699808e-03 -3.3361874885061467e-22
0 10 -7.2038588137219393e-03 2.4884788458162991e-22
0 11 -5.8023238113678287e-03 1.6300843160187981e-22
0 12 -4.6998962374311349e-03 -2.5450863626239926e-22
0 13 -3.8754149761475814e-03 -2.3793730793464794e-22
0 14 -3.1785263780541246e-03 2.5422852794097720e-23
0 15 -2.6595327731433085e-03 4.8937195713741235e-23
0 16 -2.2885301133360411e-03 4.5209162267675421e-23
0 17 -1.9638949694275420e-03 4.5587044390374581e-24
0 18 -1.7372088235059931e-03 2.6646175872041755e-23
0 19 -1.5123945274778360e-03 -4.9786340544619988e-23
0 20 -1.3083246095095620e-03 5.2908725131885359e-23
0 21 -1.0908391969169070e-03 1.6712765849390621e-23
0 22 -8.9643649608849604e-04 -1.3743412817528933e-23
0 23 -7.6636094586614398e-04 -5.1110826292669042e-23
0 24 -6.6785217215037179e-04 2.0598947580512215e-24
0 25 -5.9074955066309043e-04 -9.8863405835645086e-24
0 26 -5.0812077142325105e-04 -2.2749249430247513e-26
0 27 -4.3845778794793520e-04 1.8612855892371320e-23
0 28 -3.9247552915518125e-04 2.5813130538676448e-23
0 29 -3.8165329494394511e-04 -2.2997247245352773e-24
0 30 -3.7598712989635533e-04 -3.6156258013752400e-23
0 31 -3.3208340506161028e-04 5.9424578359079111e-24
0 32 -2.7913506895363660e-04 -1.8986005676366457e-24
0 33 -2.4565337633383223e-04 -6.8338020265456390e-24
0 34 -2.2682688350408561e-04 7.7779543554046999e-24
0 35 -2.1072268616293853e-04 -1.2285111285639101e-23
0 36 -1.9817729608436659e-04 4.0691392789728160e-24
0 37 -1.9439548778481109e-04 -1.2652335892244025e-23
0 38 -2.0637935959745958e-04 7.3299126945199974e-24
0 39 -2.3241945735710806e-04 -5.6474569371159338e-24
0 40 -2.7302920487988838e-04 5.7717757327623685e-24
0 41 -3.2255027126230641e-04 -9.8256419143434072e-24
0 42 -3.8112210630807222e-04 -2.0579271360745495e-23
0 43 -4.5125740462118578e-04 8.8563445849509878e-24
0 44 -5.1668603914226281e-04 -6.1770581299799306e-24
0 45 -5.9575602162947568e-04 -2.7512669057109247e-24
0 46 -6.7620063170662978e-04 -1.0602990154159400e-23
0 47 -7.3301442309227642e-04 -9.0895245845993095e-24
0 48 -7.8915692046994685e-04 2.6419142778340160e-23
0 49 -8.3343674220471989e-04 -1.8360798982800167e-23
0 50 -8.5591739708385905e-04 -1.7703712839204718e-23
0 51 -8.8856301561607580e-04 -2.2372346934736567e-24
0 52 -9.4125046596227465e-04 -4.8855639752981189e-24
0 53 -1.0161226774311051e-03 -5.0208356183373468e-23
0 54 -1.1826407677496640e-03 4.0939710231357578e-23
0 55 -1.4449497996878152e-03 4.7944710252047954e-23
0 56 -1.8045354239793255e-03 -8.6714316799679941e-23
0 57 -2.2207293824736767e-03 -1.0567634450767487e-22
0 58 -2.7429403715021178e-03 -8.4001946525987493e-23
0 59 -3.5251288906425768e-03 1.6943494240713607e-22
0 60 -4.4846330888693295e-03 9.0680044146753745e-23
0 61 -5.8744453594420766e-03 5.0827616641088562e-23
0 62 -7.5579982846382763e-03 1.8050589994463926e-22
0 63 -9.4275665873623377e-03 -2.6331685010813395e-22
0 64 -1.1594340525049915e-02 -2.6310671501102825e-22
0 65 -1.4193086385218929e-02 4.5536274596138174e-22
0 66 -1.7297359289939127e-02 -9.9172655144365628e-22
0 67 -2.0611316261469999e-02 2.4713165000332642e-22
0 68 -2.5302918081487390e-02 -2.8507687945067083e-22
0 69 -3.6216629785808599e-02 5.9325108111310514e-21
0 70 -6.0273433474103341e-02 1.0606030982514075e-20
0 71 -1.4813978680552059e-01 -2.9794430005839279e-20
1 0 -3.3671146799247437e-01 8.0645327063507874e-04
1 1 -9.0975617657100660e-02 3.4218871659673236e-05
1 2 -3.9565549406027072e-02 1.7299671155375401e-04
1 3 -2.4685334673080053e-02 4.6318848535776961e-05
1 4 -1.7324584454565656e-02 1.0145180652793298e-05
1 5 -1.3349077998757283e-02 -7.1196388509678192e-05
1 6 -1.0995838600852126e-02 -3.3695356884546433e-05
1 7 -9.3310065458418762e-03 -6.0295895776310337e-05
1 8 -7.9486682279837784e-03 -3.7605810614973668e-05
1 9 -6.8043050770782735e-03 9.9183322933563532e-06
1 10 -5.5259702809453580e-03 5.5134203060416983e-05
1 11 -4.4360623083651235e-03 3.0051104586994143e-05
1 12 -3.5810934192423561e-03 2.1371845459927019e-05
1 13 -2.9563950655295780e-03 2.2479087167052943e-05
1 14 -2.4272324676215973e-03 8.9293192449273487e-06
1 15 -2.0356242749351803e-03 5.3945506379503764e-06
1 16 -1.7465079554375626e-03 5.5480260921433547e-06
1 17 -1.4992236418768694e-03 1.3408512705952981e-06
1 18 -1.3243365925030589e-03 1.4011548347742350e-06
1 19 -1.1533797761363854e-03 7.0044762062414083e-07
1 20 -9.9539589307373871e-04 1.5848354796436405e-06
1 21 -8.3093879166173251e-04 5.6406396996329258e-06
1 22 -6.8234979081800381e-04 4.4021546236289535e-06
1 23 -5.8409389472701832e-04 2.9945193992755106e-06
1 24 -5.0827226826318688e-04 3.4132586627835984e-06
1 25 -4.4937821133744955e-04 -2.5623390801381691e-07
1 26 -3.8678406704457127e-04 7.5477758295075628e-09
1 27 -3.3398398697824950e-04 1.8719198793726184e-07
1 28 -2.9953470077812645e-04 -7.2456197645812756e-07
1 29 -2.9114397376604452e-04 4.0951655047870486e-07
1 30 -2.8580006724493489e-04 -2.6251305047740406e-07
1 31 -2.5368824385638454e-04 -1.8538548385304362e-06
1 32 -2.1357078269713671e-04 -7.5499365128425454e-07
1 33 -1.8728682206147965e-04 -1.2590373229445817e-06
1 34 -1.7349367785963660e-04 -5.7286864796306783e-08
1 35 -1.6103867467005857e-04 -6.8302476853144734e-07
1 36 -1.5120551393589974e-04 -5.5972172676477054e-07
1 37 -1.4826098037804043e-04 -6.7506328420353769e-07
1 38 -1.5747464883128105e-04 -6.8874030853648353e-07
1 39 -1.7733585530663767e-04 1.3700371668442491e-07
1 40 -2.0856549153307495e-04 6.2481903414720834e-07
1 41 -2.4637327497014424e-04 1.1285230802201855e-06
1 42 -2.9050259089342435e-04 1.5594141062155514e-06
1 43 -3.4461382324209842e-04 9.8113541705200598e-07
1 44 -3.9424514420667963e-04 3.2086449137883127e-07
1 45 -4.5398198080257187e-04 1.5647266579890261e-07
1 46 -5.1585139705619554e-04 2.2983463507487931e-06
1 47 -5.5862227695023829e-04 1.5899040524694709e-06
1 48 -6.0201827356612489e-04 -1.7875130754125558e-06
1 49 -6.3666697952563273e-04 -5.2727580996025846e-06
1 50 -6.5617532405346228e-04 -1.2790089924787597e-06
1 51 -6.8132605804065529e-04 4.9140586280913139e-06
1 52 -7.2224799877106019e-04 5.4983786028509046e-06
1 53 -7.8065317683323064e-04 2.5017143282789944e-06
1 54 -9.0936459804260975e-04 3.4743491062300088e-06
1 55 -1.1061749634064381e-03 3.9860903222199474e-06
1 56 -1.3792184461563612e-03 3.7161358101637353e-06
1 57 -1.6957545030933359e-03 6.1220922462000135e-06
1 58 -2.1055251458092397e-03 1.1930182372781371e-06
1 59 -2.7022962177196399e-03 -9.1038043971684449e-06
1 60 -3.4353292775907655e-03 -7.0883461796093871e-06
1 61 -4.4782440860418283e-03 -2.2151394614890473e-05
1 62 -5.7659339553073272e-03 1.4718541186071694e-05
1 63 -7.1695200402044044e-03 2.9475555340612053e-05
1 64 -8.8312676421051402e-03 3.5459683561514989e-05
1 65 -1.0801435268896943e-02 5.4150262167897263e-05
1 66 -1.3123566927389248e-02 -2.5576591936459244e-05
1 67 -1.5694610246109148e-02 5.7140766530282409e-05
1 68 -1.9312273552954874e-02 -1.8480127102873437e-06
1 69 -2.7407197478550905e-02 5.2826135661136200e-05
1 70 -4.3480417712459855e-02 2.1086666716664366e-04
1 71 -9.0091475165531579e-02 7.9068972002380191e-05
2 0 -1.0365847151100381e-01 1.1333023117361565e-03
2 1 -4.2983131712886834e-02 -1.6183285454174144e-05
2 2 -2.2087997470713203e-02 2.1089550792544452e-04
2 3 -1.4876495597135308e-02 1.3859803129247033e-04
2 4 -1.0612007301078592e-02 1.8980456702154042e-05
2 5 -8.1712159590766210e-03 -8.1717739906764063e-05
2 6 -6.7829211399131400e-03 -3.5116142510918133e-05
2 7 -5.7511036736362731e-03 -8.1940783368676152e-05
2 8 -4.9658492205811658e-03 -2.8155904556987040e-05
2 9 -4.2675751708121335e-03 2.2581557079384321e-05
2 10 -3.4486683369846917e-03 8.8673689111636226e-05
2 11 -2.7515615241793089e-03 3.5371895292314003e-05
2 12 -2.1964926971969802e-03 2.6216588361030734e-05
2 13 -1.8263693007960497e-03 2.7454795688444385e-05
2 14 -1.5015345144195420e-03 1.6595691477440319e-05
2 15 -1.2681193602061341e-03 7.9055289618425177e-06
2 16 -1.0742917116104704e-03 5.7500285982237367e-06
2 17 -9.2520167527978181e-04 7.7416429238356309e-07
2 18 -8.1448986128462191e-04 1.0431410017696148e-06
2 19 -7.1110955620637493e-04 5.8911883385443562e-07
2 20 -6.0951138026549159e-04 2.5345099626741950e-06
2 21 -5.1162492792935078e-04 7.5062213340491295e-06
2 22 -4.1914964490338613e-04 4.2800690262053860e-06
2 23 -3.5905290864523832e-04 4.7663534157978558e-06
2 24 -3.1339550469575720e-04 4.6736212698503529e-06
2 25 -2.7604415351582313e-04 -6.3308757618624884e-07
2 26 -2.3878924791739635e-04 -4.2638983247617415e-07
2 27 -2.0565095158020139e-04 2.2708515357973743e-07
2 28 -1.8482490826412026e-04 -8.0142447829921812e-07
2 29 -1.7996697445155264e-04 4.4079040952443655e-07
2 30 -1.7443400815921983e-04 2.6747294922852884e-08
2 31 -1.5660902056003110e-04 -2.5558029485093500e-06
2 32 -1.3265139921182114e-04 -1.0994888765460172e-06
2 33 -1.1496633022674826e-04 -1.9916968624203212e-06
2 34 -1.0758789409290831e-04 -2.5115479872251313e-07
2 35 -9.9798073458312454e-05 -1.1503804877505126e-06
2 36 -9.3519977179380771e-05 -8.4031255348280934e-07
2 37 -9.1468625575108180e-05 -1.0668568505709513e-06
2 38 -9.7190778913291691e-05 -6.1837594897663288e-07
2 39 -1.0954346083275808e-04 1.7918737133393527e-08
2 40 -1.2899151883565335e-04 8.9191665894342716e-07
2 41 -1.5243878716666561e-04 2.1731076095725506e-06
2 42 -1.7862619987099701e-04 1.9350708438471805e-06
2 43 -2.1370784341529972e-04 9.2329323826116773e-07
2 44 -2.4268253668312980e-04 7.0213169748691479e-07
2 45 -2.7856176005018303e-04 -1.1159447607070992e-06
2 46 -3.1735432780555586e-04 4.1061277507801856e-06
2 47 -3.4399157671971445e-04 1.3925415534978056e-06
2 48 -3.7217520368731569e-04 -2.0482213929425582e-06
2 49 -3.9496423978973449e-04 -4.9302961621690401e-06
2 50 -4.1033011446157112e-04 -9.0632224461623428e-07
2 51 -4.2644419423827981e-04 7.4303617562608487e-06
2 52 -4.5176838221895138e-04 7.3021555640517761e-06
2 53 -4.9062094620259576e-04 1.9551760629540235e-06
2 54 -5.7321049376967770e-04 5.4393842709180802e-06
2 55 -6.8923676824239708e-04 6.4263810782559354e-06
2 56 -8.5332946343108398e-04 3.5454899049092928e-06
2 57 -1.0491933243863400e-03 7.0281687015038531e-06
2 58 -1.3202744703626555e-03 5.1283189022570239e-08
2 59 -1.6900222479953699e-03 -1.5664455371046441e-05
2 60 -2.1363838652305556e-03 -6.7921921015261955e-06
2 61 -2.7559483651055203e-03 -3.1879728071791954e-05
2 62 -3.5604107231539108e-03 2.7332672638015316e-05
2 63 -4.3945348817478616e-03 4.3012965517029142e-05
2 64 -5.4193491867320972e-03 4.5970846450750104e-05
2 65 -6.6496024009568295e-03 8.5840228572454006e-05
2 66 -8.0032464546291853e-03 -4.7684607735214264e-05
2 67 -9.6441905185110331e-03 7.2336886798031512e-05
2 68 -1.1881278716100197e-02 2.1269002546939330e-05
2 69 -1.6761328631347851e-02 1.2285836575135417e-04
2 70 -2.4990324261625282e-02 2.9573437830197527e-04
2 71 -4.2775047749923314e-02 -2.3939726193465669e-04
3 0 -3.4602229868614533e-02 5.4975564888692485e-04
3 1 -1.8368184874463497e-02 -1.3125790622955786e-04
3 2 -1.1219481726568266e-02 1.4606365389765625e-04
3 3 -8.2801540024833344e-03 2.0201940523957365e-04
3 4 -6.0210012076306486e-03 2.9283840266010055e-05
3 5 -4.6539454585555733e-03 -8.5275793436598906e-05
3 6 -3.8746038721240539e-03 -3.9553538564989350e-05
3 7 -3.2687038871594422e-03 -6.9024831489568694e-05
3 8 -2.8610268293614224e-03 -2.6416864974366464e-05
3 9 -2.4765608418430242e-03 3.4022857813359388e-05
3 10 -1.9826848456631473e-03 1.0011365233481760e-04
3 11 -1.5720650090262063e-03 2.4183336048190297e-05
3 12 -1.2297115745827081e-03 2.1764252864954721e-05
3 13 -1.0413311378936465e-03 2.1882995161850829e-05
3 14 -8.5570635410831127e-04 2.1367114130913200e-05
3 15 -7.3366894553204235e-04 6.9034687011383416e-06
3 16 -6.0508717480237519e-04 3.7080814229254459e-07
3 17 -5.2686585213901663e-04 -3.1448633332543721e-06
3 18 -4.5902875690204299e-04 1.0868245170559925e-06
3 19 -4.0343899489168634e-04 -8.0324111971284413e-08
3 20 -3.4257489273553426e-04 3.7769059848493376e-06
3 21 -2.9032594955450363e-04 7.0880189704718581e-06
3 22 -2.3679610175848697e-04 3.7529846458000095e-06
3 23 -2.0339509370656338e-04 5.5377686757310730e-06
3 24 -1.7859323288184687e-04 4.9307221560403946e-06
3 25 -1.5625618360383788e-04 -1.3016852806709770e-07
3 26 -1.3653971811527122e-04 -3.4674450676283251e-07
3 27 -1.1692846220111668e-04 3.3278705574637416e-07
3 28 -1.0495342726963513e-04 -5.1039455259504292e-07
3 29 -1.0251883809249532e-04 5.3177201871054403e-07
3 30 -9.8139729185794581e-05 -2.6067976493857388e-07
3 31 -8.8215210657081210e-05 -2.3927478472763598e-06
3 32 -7.6024166815030284e-05 -1.3861257069536835e-06
3 33 -6.4115920526030407e-05 -2.2815128090069972e-06
3 34 -6.1136554447564987e-05 -6.6977397980148595e-07
3 35 -5.7165907380258975e-05 -1.3662735069268469e-06
3 36 -5.3257518464265344e-05 -7.6026347358674682e-07
3 37 -5.1917914861643146e-05 -1.1099218130921394e-06
3 38 -5.5437065847385641e-05 -3.4250306596231075e-07
3 39 -6.2331760821283006e-05 -3.4833566569457326e-08
3 40 -7.3078823884102564e-05 1.0563524678170641e-06
3 41 -8.7048872342872238e-05 2.9230339645993433e-06
3 42 -1.0103616096743877e-04 1.8257324101669959e-06
3 43 -1.2316197031277592e-04 4.7101976437554490e-07
3 44 -1.3794475284386766e-04 1.0854072233826944e-06
3 45 -1.5736079421957417e-04 -2.3786564414234835e-06
3 46 -1.7936261472560294e-04 4.8875553630006721e-06
3 47 -1.9569601272723171e-04 1.0111093037470180e-06
3 48 -2.1263549371741561e-04 -1.3834897150890641e-06
3 49 -2.2732779347290412e-04 -2.3669676384709640e-06
3 50 -2.3901767915805676e-04 2.6135956903239634e-07
3 51 -2.4872040572025803e-04 7.9678141321348699e-06
3 52 -2.6147665791928152e-04 6.9726777016091900e-06
3 53 -2.8672542604416001e-04 2.7916679579944786e-08
3 54 -3.3834792813146504e-04 4.7579380415015655e-06
3 55 -3.9880782906939250e-04 6.7040756059661887e-06
3 56 -4.8842756081443530e-04 3.1084157101302019e-06
3 57 -6.0047113193612413e-04 5.2460510545717313e-06
3 58 -7.6405648734366774e-04 2.1389352594004065e-06
3 59 -9.8072440687223283e-04 -1.9564377278927664e-05
3 60 -1.2240707743668301e-03 -4.4947708713294734e-06
3 61 -1.5657975174057372e-03 -3.4360620207703821e-05
3 62 -2.0367106727406993e-03 3.0591071874588494e-05
3 63 -2.4768788323479385e-03 5.0023870225878193e-05
3 64 -3.0386443064121271e-03 4.0071293258424437e-05
3 65 -3.7613297796836890e-03 1.0715276271128750e-04
3 66 -4.4693373053863745e-03 -5.2152972283157914e-05
3 67 -5.4484548374657679e-03 6.8111124515366427e-05
3 68 -6.7241825099795182e-03 5.0139009615214287e-05
3 69 -9.3759444259436022e-03 1.3958716612220797e-04
3 70 -1.3178526401769825e-02 3.0225000652954600e-04
3 71 -1.8686732743016111e-02 -2.2498772186652823e-04
4 0 -1.1602628151690050e-02 -1.7436377953585408e-04
4 1 -7.6890734959107884e-03 -3.3355614304341480e-05
4 2 -5.5496044267672913e-03 4.9457082789474838e-05
4 3 -4.4327775715686879e-03 2.0936755251741183e-04
4 4 -3.2810299720111469e-03 2.2203610325318188e-05
4 5 -2.5976417178313923e-03 -9.4028599586203727e-05
4 6 -2.1171650520154044e-03 -4.5633326511326746e-05
4 7 -1.7826057624468496e-03 -3.5521436292707333e-05
4 8 -1.5871035775752210e-03 -4.2458276473488057e-05
4 9 -1.3632791274676200e-03 5.1387024291143852e-05
4 10 -1.0811713827612280e-03 9.4352438391633901e-05
4 11 -8.5409256631969099e-04 1.5816464100657853e-05
4 12 -6.5249799443750439e-04 2.1291820590864302e-05
4 13 -5.7136992481943865e-04 1.2888627350059748e-05
4 14 -4.6597075939342034e-04 2.1522305200123327e-05
4 15 -4.1236991645134910e-04 5.4516146073123355e-06
4 16 -3.2213446773993897e-04 -5.4705295087099714e-06
4 17 -2.8718243671506854e-04 -7.4059635911836813e-06
4 18 -2.4415623123217949e-04 4.0952432191845045e-06
4 19 -2.1747115743826068e-04 -2.0488165117538496e-06
4 20 -1.8196211742946508e-04 6.2130953001605714e-06
4 21 -1.5640376495213909e-04 6.0850530966891245e-06
4 22 -1.2774435520998830e-04 2.4400365244326969e-06
4 23 -1.1026821481534837e-04 5.3328435379210406e-06
4 24 -9.6824269247138196e-05 4.2435762479782623e-06
4 25 -8.4916610295883869e-05 6.7792740808618296e-08
4 26 -7.5733803020187267e-05 -9.4921592299110955e-08
4 27 -6.4016236809029178e-05 2.5592513455185331e-07
4 28 -5.7244725847917412e-05 -1.4814148362841010e-07
4 29 -5.5863970898730001e-05 5.1808744373413832e-07
4 30 -5.3679182165417630e-05 -5.0477943937676944e-07
4 31 -4.7268107352805304e-05 -1.8232486959998514e-06
4 32 -4.1761391621238838e-05 -1.6190135899417284e-06
4 33 -3.3533871450412787e-05 -1.8416464369961961e-06
4 34 -3.2901468110586957e-05 -7.6718175693021628e-07
4 35 -3.1309699633783926e-05 -1.2750824380358861e-06
4 36 -2.9127217602200677e-05 -6.9260074185307492e-07
4 37 -2.8002285441241949e-05 -9.9898474183103282e-07
4 38 -3.0161471434946292e-05 5.0864864294346254e-08
4 39 -3.3944825397235260e-05 2.7284491181370778e-09
4 40 -3.9078233657552285e-05 8.5187556379409331e-07
4 41 -4.7371760714637608e-05 3.0615581336248940e-06
4 42 -5.4672739131185613e-05 1.8328612215249157e-06
4 43 -6.8684071190313080e-05 -7.3298725916191211e-08
4 44 -7.4849948139941492e-05 1.1346491393058680e-06
4 45 -8.5531935850970250e-05 -2.1191105914079173e-06
4 46 -9.6794207447269210e-05 5.1076794070323446e-06
4 47 -1.0710510442932565e-04 5.8144796232415567e-07
4 48 -1.1695077302550615e-04 -1.2163529807936894e-06
4 49 -1.2518219082750004e-04 -3.8631035669161489e-07
4 50 -1.3426914815901342e-04 9.7300549818751581e-07
4 51 -1.4004745392599959e-04 7.2299956156953422e-06
4 52 -1.4526539320619127e-04 5.9660706123330653e-06
4 53 -1.6086912718021187e-04 -2.5411469912176828e-06
4 54 -1.9320761372819758e-04 2.8839839929602201e-06
4 55 -2.2173774086463454e-04 4.1070603270537339e-06
4 56 -2.7029284040537354e-04 2.5701234067086343e-06
4 57 -3.2931089627709538e-04 -8.7639143792618325e-07
4 58 -4.2339123113389903e-04 4.1090584305414399e-06
4 59 -5.4443647642391012e-04 -2.4739913336561768e-05
4 60 -6.7204570133854672e-04 -5.9881767729723131e-06
4 61 -8.5373271512734379e-04 -3.5811884343512021e-05
4 62 -1.1218065424552339e-03 1.7189545123338458e-05
4 63 -1.3237767188807961e-03 4.6041929108822798e-05
4 64 -1.6061364274614694e-03 3.7134683481863643e-05
4 65 -2.0219164784932618e-03 1.0764579700136542e-04
4 66 -2.3708927453054123e-03 -2.4065755315422709e-05
4 67 -2.9618524253899521e-03 3.7669005102090647e-05
4 68 -3.6733103050118295e-03 5.4557144964101866e-05
4 69 -4.9745562334311778e-03 7.0082503169331936e-05
4 70 -6.7081953391533913e-03 1.7440650933043232e-04
4 71 -7.9938386133457245e-03 -2.5038561604882680e-04
5 0 -4.4740417618389311e-03 -2.9831863821688944e-04
5 1 -3.4846323026353609e-03 -6.7497677034924561e-06
5 2 -2.6287184263265747e-03 6.6958933738667581e-05
5 3 -2.2843390790354984e-03 1.8837996866387605e-04
5 4 -1.7351535789130704e-03 2.8954729259630782e-05
5 5 -1.4430447429501952e-03 -6.8404822748768180e-05
5 6 -1.1213557179899128e-03 -4.1533489687983343e-05
5 7 -9.3812957313490250e-04 -1.2365914246516889e-05
5 8 -8.6381535732212142e-04 -6.2381748923165994e-05
5 9 -7.1528473542375624e-04 6.1017784304497902e-05
5 10 -5.5611378862347946e-04 7.6338604634936492e-05
5 11 -4.5106555909657129e-04 1.1525366421024501e-05
5 12 -3.3471014042146303e-04 2.1951206222210170e-05
5 13 -3.0805401463508138e-04 1.3342257136157956e-05
5 14 -2.4729932115388244e-04 2.0236761841139308e-05
5 15 -2.2610957493943233e-04 2.3513200484839130e-06
5 16 -1.6582188782789773e-04 -8.1006172893171185e-06
5 17 -1.5231426689924036e-04 -9.5074424968080506e-06
5 18 -1.2564221770837187e-04 8.1500313864807607e-06
5 19 -1.1299270089556646e-04 -3.1154696066032795e-06
5 20 -9.2529460377262674e-05 5.2758754189831098e-06
5 21 -7.8841503942901067e-05 4.7884957621938643e-06
5 22 -6.6485125563204539e-05 6.4536381960807610e-07
5 23 -5.8515655405896247e-05 4.6780701627079613e-06
5 24 -5.0772882757840656e-05 2.4129273563127114e-06
5 25 -4.4334161041361655e-05 -3.7840462692096323e-08
5 26 -4.0940834259330940e-05 3.9209623804371114e-08
5 27 -3.4169276350961684e-05 -2.3739085052481941e-07
5 28 -3.0581337697264938e-05 3.6646222124225526e-07
5 29 -2.9569140421076691e-05 1.3885906862628996e-07
5 30 -2.9241155549916955e-05 -4.7999826185208444e-07
5 31 -2.4857542178088025e-05 -1.7867924266039049e-06
5 32 -2.2392034599898828e-05 -1.6716530335390586e-06
5 33 -1.6807544691062708e-05 -1.0194750550492513e-06
5 34 -1.7270790991247008e-05 -6.0116625616258527e-07
5 35 -1.6575588199401600e-05 -1.0748106860419352e-06
5 36 -1.5659345581585308e-05 -6.9705789687778142e-07
5 37 -1.4467710944427397e-05 -7.5098959084399985e-07
5 38 -1.5783826905573374e-05 3.5866368414963094e-07
5 39 -1.7666783157758126e-05 -1.6843612565275018e-07
5 40 -2.0029328783072264e-05 5.7002196147589528e-07
5 41 -2.5217013646807272e-05 2.3986843069512697e-06
5 42 -2.9053961142438863e-05 2.0221325736410934e-06
5 43 -3.7345228673763379e-05 -1.3033722779641631e-07
5 44 -3.9074395911795134e-05 1.4917481273455101e-06
5 45 -4.5937204623272046e-05 -9.7974465933224870e-07
5 46 -5.0873893650563772e-05 4.4839541287952363e-06
5 47 -5.7289110974765096e-05 -1.5858876931482087e-07
5 48 -6.2920550963572712e-05 -1.2233778774043374e-06
5 49 -6.7005436464366791e-05 7.2401818766635540e-07
5 50 -7.3419131571302027e-05 8.8029836578759269e-07
5 51 -7.6315416095317642e-05 5.9448273207762831e-06
5 52 -7.8425056807009843e-05 4.4208198495858584e-06
5 53 -8.8176146393277577e-05 -3.7575852349806183e-06
5 54 -1.0754434974710548e-04 1.1397095952436866e-06
5 55 -1.1965950116500472e-04 2.1359326632558249e-06
5 56 -1.4588589244267947e-04 2.9710713354313051e-06
5 57 -1.7631599499699262e-04 -5.6745370167395267e-06
5 58 -2.2831623279950626e-04 6.8214723927296770e-06
5 59 -2.9296732921340723e-04 -2.6510295987534303e-05
5 60 -3.6279041505688658e-04 -1.0109694571366489e-05
5 61 -4.5623259444275266e-04 -3.2184791386542861e-05
5 62 -6.0392661298303311e-04 7.1294479708264941e-07
5 63 -6.6756079525784003e-04 3.2659191246716245e-05
5 64 -8.2046290460910539e-04 4.0189672377287451e-05
5 65 -1.0544184030663890e-03 8.1154308225557669e-05
5 66 -1.2014480278276496e-03 1.9253812293851797e-05
5 67 -1.5854577201045463e-03 2.1994204969189872e-05
5 68 -1.9845333914496515e-03 5.7576297051907112e-05
5 69 -2.5418643653133672e-03 6.7779539349140173e-06
5 70 -3.3743470585716607e-03 1.0900485476997342e-04
5 71 -3.5320122342141565e-03 -1.5263580938469523e-04
6 0 -2.1367396464311446e-03 -3.2884023911337217e-04
6 1 -1.7070200098210058e-03 -7.1412508376109967e-05
6 2 -1.2303761654154578e-03 7.7792865978551336e-05
6 3 -1.1569564744284371e-03 1.4008236459164459e-04
6 4 -9.1088440661746793e-04 5.4281433290863066e-05
6 5 -7.9348609557220329e-04 -1.5399062850955532e-05
6 6 -5.7694732768760195e-04 -1.8637337014027821e-05
6 7 -4.7069344884165384e-04 -1.0335887057173258e-05
6 8 -4.5341537177577589e-04 -6.5876523423762562e-05
6 9 -3.6832312824135643e-04 6.3641453217905082e-05
6 10 -2.6748039070354461e-04 5.1546879940166824e-05
6 11 -2.3564423888002313e-04 9.8764012555245209e-06
6 12 -1.6855233987814758e-04 2.5252295604121105e-05
6 13 -1.6586141328970994e-04 2.0029640388216218e-05
6 14 -1.2977249403777391e-04 1.8274424000240582e-05
6 15 -1.2014244013957239e-04 2.1434995913022025e-07
6 16 -8.3933146495299247e-05 -5.7336652520744893e-06
6 17 -7.9715761088422623e-05 -9.3496442716934087e-06
6 18 -6.2824651929314115e-05 1.1315866024644473e-05
6 19 -5.5539669315578768e-05 -1.4396894114611264e-06
6 20 -4.4796903492961777e-05 3.9489496655565426e-06
6 21 -3.5540646703585677e-05 3.3139193946568685e-06
6 22 -3.3633026428896718e-05 -8.0947451063857296e-07
6 23 -3.0203890630404112e-05 3.9853002688048485e-06
6 24 -2.6203787053292903e-05 3.1309277087613149e-07
6 25 -2.1748333958206150e-05 -4.6129134960549393e-07
6 26 -2.2040191734774927e-05 2.3630975842371478e-07
6 27 -1.7775096065681050e-05 -3.6446891679239082e-07
6 28 -1.6095434957861626e-05 9.1147153715337899e-07
6 29 -1.5039856178371531e-05 -1.7516242671487114e-07
6 30 -1.5933882366603480e-05 -6.6529523257503349e-07
6 31 -1.2833246461721871e-05 -1.8137842778074985e-06
6 32 -1.2046484193315521e-05 -1.4086365174257255e-06
6 33 -8.3040457804980402e-06 -5.0050917593277476e-07
6 34 -8.9033771327724964e-06 -4.2513171193986083e-07
6 35 -8.6085671397566219e-06 -7.7800142598022495e-07
6 36 -8.3978471248842420e-06 -8.1662505848132530e-07
6 37 -7.2718184958486070e-06 -4.3064990448584399e-07
6 38 -7.8199542919336124e-06 4.8085516126068149e-07
6 39 -8.8292606054654722e-06 -3.0834909319160073e-07
6 40 -9.6748343956898275e-06 3.4371216547543405e-07
6 41 -1.3247817039300662e-05 1.6316245469704133e-06
6 42 -1.5097008672321538e-05 2.1540999975521775e-06
6 43 -1.9969877461181546e-05 7.2640700449759357e-07
6 44 -1.9547763945229777e-05 1.9444885085123660e-06
6 45 -2.4340466295564058e-05 3.5185494795224398e-07
6 46 -2.6610192452023553e-05 4.2310226804948789e-06
6 47 -3.0452143581362243e-05 -7.7463174669355770e-07
6 48 -3.3029528107871566e-05 -8.9943678909111381e-07
6 49 -3.4680801366074376e-05 5.9336046565489512e-07
6 50 -3.9044278610100730e-05 -4.4547952149312162e-07
6 51 -4.0426287620516544e-05 4.4367972265424072e-06
6 52 -4.1393676542760909e-05 2.9474517541268405e-06
6 53 -4.7612693565229456e-05 -3.1463194582923008e-06
6 54 -5.8868953188599414e-05 1.1011406155239377e-07
6 55 -6.3111472648367899e-05 1.2251521317278732e-06
6 56 -7.4686222783815467e-05 2.6261414703893048e-06
6 57 -9.5074055713055512e-05 -7.1067054431592706e-06
6 58 -1.2080633143616620e-04 9.4944215920610368e-06
6 59 -1.5445637756013463e-04 -2.4239721476746662e-05
6 60 -1.9543677316726451e-04 -1.3307728911150730e-05
6 61 -2.4165034385219866e-04 -2.7683713961778525e-05
6 62 -3.2297014297145966e-04 -8.4832028797907575e-07
6 63 -3.1749603622076484e-04 1.1654126282219711e-05
6 64 -4.1675893011094398e-04 4.5651774524362439e-05
6 65 -5.3842194969112335e-04 4.4934948274280436e-05
6 66 -5.8901952628665388e-04 5.3125677469563694e-05
6 67 -8.5580927364650521e-04 1.6925035136681875e-05
6 68 -1.0857476090020814e-03 6.3775267810447462e-05
6 69 -1.2611113698474136e-03 -2.7249175230458578e-05
6 70 -1.7221741595146970e-03 3.5417952196710047e-05
6 71 -1.5521277483899682e-03 -5.8006377676587107e-05
7 0 -1.3911795014972790e-03 -2.0553286627979816e-04
7 1 -8.6324159128290941e-04 -3.7412126839212893e-05
7 2 -5.8453726283160185e-04 7.4120439231514592e-05
7 3 -5.7166321420535639e-04 1.0674943939734600e-04
7 4 -4.8171168693887943e-04 6.2557140857388339e-05
7 5 -4.4183170172700317e-04 8.1167968154808995e-06
7 6 -2.9658280233471455e-04 1.0122567013050672e-05
7 7 -2.1237967715664573e-04 -1.8185267403297455e-05
7 8 -2.3476490119765366e-04 -5.1997697301182789e-05
7 9 -1.9426020467164042e-04 6.8562076810055236e-05
7 10 -1.1472295036505934e-04 2.4681291568491024e-05
7 11 -1.3022867741735707e-04 7.9164344434054025e-06
7 12 -8.2020096010962626e-05 2.2934269741895057e-05
7 13 -9.0243533442059754e-05 2.3963570008629175e-05
7 14 -6.5720196373003281e-05 1.5965124185752370e-05
7 15 -6.0985870791280513e-05 9.2392371230155251e-07
7 16 -4.3808063078292960e-05 -3.1963347405577297e-06
7 17 -4.0964823050127397e-05 -8.8487189415572330e-06
7 18 -3.0501340933376353e-05 1.3451584111840905e-05
7 19 -2.4525997846859723e-05 4.8848727602798339e-07
7 20 -2.1169336624794706e-05 2.7866368926069365e-06
7 21 -1.2868318800941454e-05 1.8017198127042015e-06
7 22 -1.6655811978092967e-05 -1.8413361215274729e-06
7 23 -1.4692494729348957e-05 2.9483742376422272e-06
7 24 -1.3052925336277140e-05 -7.4207917105036225e-07
7 25 -9.3193295314638161e-06 -9.3797547381784697e-07
7 26 -1.1559663796907356e-05 2.4569016242598899e-07
7 27 -8.3453818711377663e-06 -9.3725491197434322e-08
7 28 -8.5975073992854185e-06 1.3739504035462474e-06
7 29 -7.2990685555072665e-06 -4.0003351031593957e-07
7 30 -8.5386744233692464e-06 -5.2472225793857570e-07
7 31 -6.4681378349182724e-06 -1.7963849885296305e-06
7 32 -6.7316106960081611e-06 -1.3300280644110023e-06
7 33 -4.0504540814517152e-06 -4.1030336408833753e-07
7 34 -4.6424345217913261e-06 -2.3258413069616559e-07
7 35 -4.4920832136560665e-06 -5.1245882963961195e-07
7 36 -4.6025784099677272e-06 -8.9125126474058555e-07
7 37 -3.5936771095643656e-06 -1.9459565743836854e-07
7 38 -3.6167575377677213e-06 5.7582060024259038e-07
7 39 -4.1301633377583327e-06 -1.9079003615229359e-07
7 40 -4.1978157143093550e-06 3.0711183389915330e-07
7 41 -6.7945133354057539e-06 1.1251595429364301e-06
7 42 -7.2241139101421938e-06 1.7886439913939096e-06
7 43 -1.0899386157215179e-05 1.4285110907708622e-06
7 44 -9.6512937576731425e-06 2.3212221304000146e-06
7 45 -1.2871342834601695e-05 1.2425096685958829e-06
7 46 -1.4270084231825340e-05 3.6324456303016169e-06
7 47 -1.5697247182787008e-05 -9.1243559243444329e-07
7 48 -1.6864283499039924e-05 -1.0503682162766899e-07
7 49 -1.7260498902167938e-05 -1.8510435412648031e-07
7 50 -2.0007747172175262e-05 -1.9238278407952939e-06
7 51 -2.1407446198282136e-05 3.1785493367638073e-06
7 52 -2.1634327500005979e-05 2.6818867053949131e-06
7 53 -2.4686621702143248e-05 -1.7360534988300246e-06
7 54 -3.2082561034211224e-05 4.1916958198033982e-07
7 55 -3.2303158091504167e-05 7.2178180697051911e-07
7 56 -3.6313976201308201e-05 3.1785384481397696e-06
7 57 -5.0387449801091932e-05 -6.4631331063193607e-06
7 58 -6.3262787221785241e-05 8.9427414817230688e-06
7 59 -7.9116862521124177e-05 -2.0788667019090170e-05
7 60 -1.0595110769862078e-04 -1.0550105288163468e-05
7 61 -1.2343765950397715e-04 -2.8657274853022327e-05
7 62 -1.7720152680467515e-04 9.2112547045364745e-06
7 63 -1.4569147141043641e-04 -1.3649891449459790e-05
7 64 -2.1942019874187957e-04 4.4122407292330398e-05
7 65 -2.7502464049729953e-04 1.4124570782572330e-05
7 66 -3.0153622285405333e-04 6.4564816440247766e-05
7 67 -4.6970826429513021e-04 6.3981631926885754e-06
7 68 -5.6714084618384613e-04 5.5372252378290898e-05
7 69 -5.9631957577727926e-04 -3.5297818387615479e-05
7 70 -8.9475982518429022e-04 1.6131629514970512e-05
7 71 -6.8836441657254437e-04 -4.3759874112038325e-05
8 0 -9.1989955854017630e-04 -1.3683531196372227e-04
8 1 -4.7867940773974586e-04 -4.9518138758830166e-05
8 2 -2.8854478331664479e-04 5.4976496347302902e-05
8 3 -2.8237713577614239e-04 7.2835180233361293e-05
8 4 -2.5890406979472074e-04 4.9916052640473579e-05
8 5 -2.4544628372352825e-04 -2.5404053488035956e-06
8 6 -1.6516587369487979e-04 3.3675334747228674e-05
8 7 -7.8112774226486646e-05 -1.4716496150943202e-05
8 8 -1.1839726911216804e-04 -3.3974569720317733e-05
8 9 -1.0824984025187931e-04 7.2257621343127689e-05
8 10 -4.2441977081216861e-05 3.5479541726795677e-06
8 11 -8.4631640685651176e-05 6.3760735214025454e-06
8 12 -3.8934867001299046e-05 1.6178719637629459e-05
8 13 -4.8598887666878334e-05 2.6646519727569723e-05
8 14 -2.8360718551865842e-05 1.3024159296585545e-05
8 15 -3.0341647444918363e-05 -2.7903949465710367e-06
8 16 -2.4460222758552801e-05 -2.3670177832456033e-06
8 17 -2.0822625586005810e-05 -8.1237112853607666e-06
8 18 -1.3117103586347077e-05 1.3708704662545401e-05
8 19 -9.3323714635155408e-06 1.6590646657910322e-07
8 20 -9.7598754998313600e-06 5.6093394555030015e-07
8 21 -2.1754148153308723e-06 1.9388819752276229e-06
8 22 -7.7687526626686449e-06 -2.2453791212368360e-06
8 23 -6.5684395467140324e-06 2.3244140416929015e-06
8 24 -6.3246720744653590e-06 -1.4581032235899051e-06
8 25 -2.9539867849984121e-06 -1.0154536621375085e-06
8 26 -5.3976124000926712e-06 4.3918917697364482e-07
8 27 -3.6208739422828366e-06 4.5301160822259334e-07
8 28 -4.7694508908364528e-06 1.4356550661392003e-06
8 29 -3.2919838473715747e-06 -6.6080569314219681e-07
8 30 -4.6446897284925943e-06 -2.7688104915228326e-07
8 31 -3.1652494455348597e-06 -2.0187623173655223e-06
8 32 -3.9035298356897752e-06 -1.3714571548295281e-06
8 33 -1.9542409594774639e-06 -2.6008446658646093e-07
8 34 -2.5221912450401533e-06 -2.4038073739262800e-07
8 35 -2.4685117233290418e-06 -2.7168993687799025e-07
8 36 -2.5633301305983825e-06 -7.8983547832040407e-07
8 37 -1.8148041059726824e-06 -6.1831498324098059e-08
8 38 -1.5321793350239274e-06 5.3389809924865073e-07
8 39 -1.9892199491784053e-06 2.5769081889576051e-07
8 40 -1.3046402566635905e-06 1.8885549167795391e-07
8 41 -3.1952508274817845e-06 5.5261806348612618e-07
8 42 -3.0121988339815926e-06 1.0185766864632258e-06
8 43 -5.8810850716690468e-06 1.5559890644580245e-06
8 44 -4.9010396960388366e-06 2.6547645172543258e-06
8 45 -7.2338371120427633e-06 1.4915684719929682e-06
8 46 -7.5356014325020665e-06 2.7181760956638382e-06
8 47 -7.2965524242544715e-06 -1.0921551975883816e-06
8 48 -7.9545873938292914e-06 7.6386926729472047e-07
8 49 -7.8400266239233498e-06 -6.9684718484010782e-07
8 50 -1.0617873763682447e-05 -2.2873583997720755e-06
8 51 -1.1498688303471496e-05 2.0501978978351442e-06
8 52 -1.0931291589851264e-05 2.5641827065909132e-06
8 53 -1.3002220042417364e-05 -9.5648504220800612e-07
8 54 -1.7279442431780565e-05 2.0166711629913932e-07
8 55 -1.6559734660571125e-05 -2.7064170547129134e-07
8 56 -1.7309854699446010e-05 3.8970633304726716e-06
8 57 -2.4037606163364749e-05 -5.2051265472997558e-06
8 58 -3.3623225186800210e-05 5.8272108079450260e-06
8 59 -3.6891408648452787e-05 -1.5367790487240990e-05
8 60 -6.0021671402318521e-05 -6.2547264592232846e-06
8 61 -5.9396905004347543e-05 -2.5233012380417828e-05
8 62 -1.0413359516170537e-04 2.1440398414675845e-05
8 63 -6.7390481265595955e-05 -3.0464870504540127e-05
8 64 -1.2336771834476175e-04 3.6132992460559683e-05
8 65 -1.3978129798210539e-04 -1.6628015408705633e-05
8 66 -1.7143067798926017e-04 6.4189533738096056e-05
8 67 -2.5001567017400047e-04 5.4446869967260999e-06
8 68 -2.5722697943479390e-04 4.4291899655958671e-05
8 69 -2.5107925156222155e-04 -4.3377606272641399e-05
8 70 -4.7121355883313277e-04 -1.9232042789585810e-05
8 71 -2.5026875599924085e-04 -1.6292738601847448e-05
9 0 -5.1752984731067548e-04 -5.0530949990226715e-05
9 1 -2.4792518777980166e-04 -1.0454154060423391e-04
9 2 -1.3682052874906329e-04 4.4249314481083057e-05
9 3 -1.6776481139436889e-04 4.6699066301273392e-05
9 4 -1.5842868103900184e-04 1.4566109612973938e-05
9 5 -1.2985769944914076e-04 -3.0504108252017513e-05
9 6 -9.9384392090196732e-05 4.3209435303639488e-05
9 7 -1.6979546662897270e-05 -4.2706360912198287e-06
9 8 -5.0924150126887906e-05 -2.0982910177619674e-05
9 9 -6.5537315614477593e-05 6.3671423758580899e-05
9 10 -1.0176850355005866e-05 -1.2152978531671256e-05
9 11 -6.2477665659067043e-05 3.8891683689700615e-06
9 12 -2.1377917022799007e-05 7.4827157541558529e-06
9 13 -2.5923851251411790e-05 2.5804095213491523e-05
9 14 -8.1228892830055844e-06 8.9520505836076642e-06
9 15 -1.6907086373203253e-05 -8.3674892911181299e-06
9 16 -1.5093053394739575e-05 -1.9582971612123784e-06
9 17 -9.8865543479931394e-06 -6.7010299748798974e-06
9 18 -4.2339922002868995e-06 1.2665874749711234e-05
9 19 -1.8836044960321064e-06 -4.8140209767827534e-07
9 20 -5.6001372288607192e-06 -9.6963051555385139e-07
9 21 1.8760956534698703e-06 2.3724793042066342e-06
9 22 -3.2140351954984826e-06 -1.8372759984122769e-06
9 23 -3.3521711468605236e-06 1.8930282466433030e-06
9 24 -2.9755646053932407e-06 -1.5341855090848281e-06
9 25 3.6493433686587337e-07 -9.8358578134253205e-07
9 26 -1.7986786967389889e-06 4.4122542271499809e-07
9 27 -1.2788424835837920e-06 8.9272240370960481e-07
9 28 -2.6668230972305660e-06 1.2082132406289310e-06
9 29 -1.3715429159367929e-06 -8.6410607551360957e-07
9 30 -2.9365937618643642e-06 -3.7865668794176276e-07
9 31 -1.3973017460402175e-06 -1.8047055190692791e-06
9 32 -2.1896864837082967e-06 -1.4575767727583952e-06
9 33 -9.9867356753042262e-07 -1.9017742280864271e-07
9 34 -1.3083781798174264e-06 -1.1286219511143089e-07
9 35 -1.4237550530240525e-06 -1.0578399383402949e-07
9 36 -1.4489693171063062e-06 -4.1914311228084038e-07
9 37 -9.7174502721465309e-07 -3.3856896082746434e-08
9 38 -5.0499430643681354e-07 3.4404219737287950e-07
9 39 -1.0941438751298297e-06 6.1182157020579630e-07
9 40 2.4987400838858534e-07 1.4927037422737243e-07
9 41 -1.1892975482455593e-06 1.4642234436167655e-07
9 42 -8.4923531158695734e-07 4.3279015201395590e-07
9 43 -2.9803185761237529e-06 1.0336588792596071e-06
9 44 -3.2751219846078621e-06 2.9450318641562430e-06
9 45 -4.9361241255735847e-06 1.2849490876732028e-06
9 46 -3.5911452434184145e-06 1.6247432771169078e-06
9 47 -3.1346848787636242e-06 -9.4131354381352400e-07
9 48 -3.7568286494669703e-06 1.1204608407107072e-06
9 49 -3.7059867591543541e-06 -1.2468495572906877e-06
9 50 -6.1554812581415614e-06 -1.5662034529551101e-06
9 51 -6.1231186509502850e-06 9.4427503278367040e-07
9 52 -5.0976906702265590e-06 3.0077323455894358e-06
9 53 -7.6575394400750334e-06 -6.6213778758699716e-07
9 54 -9.4140661729641267e-06 -4.3093160748198564e-07
9 55 -7.8553455742076844e-06 -2.3208419630216524e-06
9 56 -8.9535900914964899e-06 5.1963365759568202e-06
9 57 -9.5264628375709781e-06 -5.1470202464136324e-06
9 58 -1.8308555711511321e-05 2.2111006615456163e-06
9 59 -1.5476252608599344e-05 -1.1944792417922488e-05
9 60 -3.8895833992986934e-05 -4.7139096342460308e-06
9 61 -2.9182076411820074e-05 -1.9528755816844773e-05
9 62 -6.2794463359461689e-05 3.1531159124042739e-05
9 63 -2.8368296213914234e-05 -3.1460092179190096e-05
9 64 -7.7411463848425227e-05 2.4527154929424955e-05
9 65 -6.3654681474119727e-05 -2.8114132705516886e-05
9 66 -1.0706946088296181e-04 7.2437472334906781e-05
9 67 -1.1422520242463032e-04 8.2431908940588124e-06
9 68 -9.4826832783810556e-05 2.0526485181235801e-05
9 69 -6.3901139024727572e-05 -3.5827754824818855e-05
9 70 -2.3645995228445147e-04 -4.7261936193217303e-05
9 71 -3.5710365459501625e-05 1.8706052336569127e-05
10 0 -3.7953107970514256e-04 -2.6405959173699978e-05
10 1 -1.7043041008836003e-04 -1.1552032539288442e-04
10 2 -8.8554542652574168e-05 3.5565844768945676e-05
10 3 -9.6045537457553959e-05 1.6062080893822300e-05
10 4 -1.0834762360729807e-04 -1.1223965542345493e-05
10 5 -6.5134313963688859e-05 -4.7975879737110146e-05
10 6 -4.9749435309226512e-05 3.8993908592135988e-05
10 7 -3.0837621708812597e-06 7.0430039905798606e-06
10 8 -1.1334501373533826e-05 -9.4480838347297026e-06
10 9 -4.6162332178537623e-05 5.9528689828070869e-05
10 10 -2.2328076496229810e-06 -1.3558194048912511e-05
10 11 -4.8851189255708480e-05 -3.1011274995939655e-06
10 12 -1.4954379990609146e-05 2.6555567179899266e-06
10 13 -1.4836222715929774e-05 2.5179107805253461e-05
10 14 2.2957218169153989e-06 2.7196958329247903e-06
10 15 -1.2517117782603373e-05 -1.0718996921736445e-05
10 16 -1.2999371809624037e-05 -3.1676346273848980e-06
10 17 -3.5113806025400421e-06 -3.7180365633825014e-06
10 18 -1.4803868691902654e-06 1.0573316638956478e-05
10 19 1.2029196955038083e-06 -7.3086135501036298e-07
10 20 -3.7998954228028068e-06 -1.1957060616306843e-06
10 21 2.4072666395745861e-06 2.5862635870040266e-06
10 22 -1.7291747498880860e-06 -1.3563162389380107e-06
10 23 -1.6486354120369718e-06 1.2428800929631353e-06
10 24 -1.6333895724389422e-06 -1.3983123168017699e-06
10 25 1.6515751846729086e-06 -1.0790856695266889e-06
10 26 1.0705148604340536e-07 4.2259821060020289e-07
10 27 -6.9214632718437062e-07 6.8704934215553716e-07
10 28 -1.5091746756882306e-06 6.9083932057144022e-07
10 29 -1.0608467868093984e-06 -9.6777091743152849e-07
10 30 -2.5052581416521007e-06 -4.5617407228570500e-07
10 31 -2.6616080869412710e-07 -1.1278719300313989e-06
10 32 -1.3318237241561624e-06 -1.3044528831322486e-06
10 33 -3.3669490641300145e-07 -2.3819269236416592e-07
10 34 -7.1124815797969446e-07 -7.7952602884586268e-08
10 35 -8.6114094635590714e-07 3.9481311770230641e-08
10 36 -8.6155588149848798e-07 -3.1866685866299167e-08
10 37 -5.0194569079077943e-07 1.9273352493437230e-08
10 38 2.6720563689209286e-08 1.4391538690296041e-07
10 39 -7.1728743485971742e-07 6.2108204877616812e-07
10 40 8.1613268216704684e-07 1.4067142661174987e-07
10 41 -3.2304941886037719e-07 -5.3453981772840472e-08
10 42 -1.0531745596771580e-07 1.8298780800657209e-07
10 43 -1.1445051618620089e-06 3.1852974308182460e-07
10 44 -2.3047091566458867e-06 3.1173957099273469e-06
10 45 -4.5480177881320008e-06 7.2356701421301008e-07
10 46 -1.5328624208487560e-06 2.9834867108157681e-07
10 47 -1.5997645534457242e-06 -3.5581270767545306e-07
10 48 -1.7505208701544801e-06 6.7872120652289579e-07
10 49 -2.5054402567994624e-06 -1.4229082071493709e-06
10 50 -3.6125319274322392e-06 -1.0984593056437319e-06
10 51 -3.8903210203946389e-06 1.6733688078501449e-07
10 52 -1.6007835821764119e-06 3.3788377001666191e-06
10 53 -4.0825673447361231e-06 -5.6182087710371759e-07
10 54 -5.0433623071445602e-06 -6.8405076989099583e-07
10 55 -2.2984750587514902e-06 -3.3365930888732396e-06
10 56 -4.6336587307237043e-06 6.4970055506051633e-06
10 57 -3.4223022512223335e-06 -4.4936286421050617e-06
10 58 -9.9242765560947094e-06 9.6456490610883567e-08
10 59 -6.1590324525632390e-06 -9.5262366547108137e-06
10 60 -2.8229370084052508e-05 1.1056357360167204e-07
10 61 -1.1493002165519788e-05 -1.4151020580523246e-05
10 62 -2.9330853979438192e-05 3.7904197902857799e-05
10 63 -1.2046288812417906e-05 -2.4430187181275381e-05
10 64 -5.6817290784310532e-05 5.5265027505045322e-06
10 65 -2.4668824827948051e-05 -1.5823450313565348e-05
10 66 -6.8980565537251381e-05 6.5408982396355868e-05
10 67 -2.0845788996781982e-05 1.1276612789954318e-05
10 68 -2.7689653748369907e-05 -4.0716568969118655e-06
10 69 3.7346291066561598e-05 -1.7765221177450324e-05
10 70 -9.3793800530712115e-05 -7.3607242800859728e-05
10 71 6.3278379398401990e-05 5.7618010795319326e-05
