0 0 -1.2575105992952247e+00 5.8995150569332553e-20
0 1 -2.0572415093596094e-01 -1.7664228685613934e-20
0 2 -1.0174224110489138e-01 1.8651971462714141e-20
0 3 -6.8432645315169169e-02 3.8503261864715698e-21
0 4 -5.1442183739272486e-02 -2.3213518661084140e-21
0 5 -4.0371606287633595e-02 3.6415031676405814e-24
0 6 -3.3758867121921499e-02 6.9213679193855272e-22
0 7 -2.9566655585775734e-02 1.2051210757650632e-21
0 8 -2.4959184779755568e-02 -4.3608719843000277e-22
0 9 -2.1372663531745727e-02 7.6733312066300566e-23
0 10 -1.8566761281030495e-02 1.2913132183792098e-21
0 11 -1.6533938908619525e-02 2.5488058713814527e-22
0 12 -1.4264243285530198e-02 -3.8896938151866665e-22
0 13 -1.1446761984409574e-02 1.2863095115418026e-22
0 14 -9.1226443613392095e-03 1.9658852383857040e-22
0 15 -7.2305925879418455e-03 -9.9162400963214317e-23
0 16 -5.5719878585011127e-03 2.1203689307205157e-22
0 17 -4.3036651021222637e-03 -1.6832798691925471e-22
0 18 -3.5189599269057630e-03 -1.2344590715565998e-22
0 19 -2.9731090655576143e-03 7.3745750943565008e-23
0 20 -2.6105695531628199e-03 -1.0637936892963650e-22
0 21 -2.3143193023362351e-03 2.8239939906764517e-23
0 22 -1.9458000628941594e-03 -8.1791437800628196e-23
0 23 -1.5759162717942394e-03 4.4139266646558110e-23
0 24 -1.3166732656482633e-03 -5.5336076256401658e-23
0 25 -1.1613718414692940e-03 5.9876919694545056e-24
0 26 -1.0105519495320692e-03 4.2668756922055340e-23
0 27 -8.3412938327863883e-04 6.1328508469252768e-24
0 28 -7.1674218905201333e-04 -1.3607326748984716e-23
0 29 -6.5442354955139767e-04 -1.1976505354456309e-23
0 30 -6.1915751679036469e-04 1.9432894703757299e-23
0 31 -6.0486796476575126e-04 8.6984868953174342e-24
0 32 -5.6138817211467604e-04 8.6198689423610321e-24
0 33 -4.9833618755843346e-04 9.0335096924506689e-24
0 34 -4.5204003936681766e-04 -1.5492572066092941e-23
0 35 -4.2396395981242774e-04 -1.5046143813272708e-23
0 36 -4.3757211362354309e-04 8.6326605960294716e-24
0 37 -5.0024619566823507e-04 -8.5762519608305774e-24
0 38 -6.1330459051162339e-04 1.7660815592202170e-23
0 39 -6.9998038474764857e-04 3.1114360827054330e-23
0 40 -7.7882843321428234e-04 3.5483652953341506e-23
0 41 -8.9499928278285166e-04 -2.5957737357303743e-24
0 42 -1.0358841059256720e-03 1.6406934571243418e-23
0 43 -1.1724612962147531e-03 4.0199477552258864e-23
0 44 -1.2649668368468567e-03 5.0506050853614592e-23
0 45 -1.4071443696163414e-03 -2.8234943369581492e-23
0 46 -1.5207797209299272e-03 -1.9350320029301515e-23
0 47 -1.6429998214675958e-03 -4.5760215977847118e-23
0 48 -1.8281991173989211e-03 1.3944831906415483e-22
0 49 -2.2214660993175443e-03 -6.9638275312168183e-23
0 50 -2.6678569654522530e-03 6.7993102469376861e-23
0 51 -3.1564544584464570e-03 -2.0970044876092119e-23
0 52 -3.7274340073056274e-03 -9.8786274038220072e-23
0 53 -4.3255347225197834e-03 -1.7908077260660454e-22
0 54 -5.0392145814337911e-03 -1.1998221753252060e-22
0 55 -5.8612216055087428e-03 2.5521023330309570e-22
0 56 -6.8882298972788277e-03 -2.2156411165106221e-22
0 57 -8.0792182571140323e-03 -6.5034491228864006e-23
0 58 -9.1253233208692351e-03 2.1796653324618704e-22
0 59 -1.0988416337459277e-02 4.8579337896124025e-22
0 60 -1.4143655061119934e-02 -7.1864441097713374e-22
0 61 -1.8142391389994461e-02 -2.9602555286216528e-22
0 62 -2.2748609910687022e-02 6.6124489998777298e-22
0 63 -2.7510898164707684e-02 2.3764050624017733e-23
0 64 -3.2593351418206996e-02 1.6646275952977308e-21
0 65 -3.7450495465691430e-02 1.9897426666200330e-23
0 66 -4.6323135004575230e-02 -2.8674228852409881e-21
0 67 -6.1179012800008765e-02 4.1215180740560501e-21
0 68 -7.1663517280259381e-02 1.5574946046395203e-21
0 69 -8.2401967610145094e-02 -7.7318037372490748e-21
0 70 -1.1305342108622456e-01 -9.4090713405803483e-21
0 71 -2.1391565918619210e-01 4.0619974374717127e-20
1 0 -4.0384276510724459e-01 -8.1277790417620926e-04
1 1 -1.3399698604387111e-01 -4.8284193106785711e-04
1 2 -7.5405144205502012e-02 1.8507580119361854e-05
1 3 -5.1663237948835115e-02 2.8263486541559295e-04
1 4 -3.9213846639729648e-02 1.4941257806457106e-05
1 5 -3.0876339204451906e-02 -6.3896372639097814e-05
1 6 -2.5902350448314362e-02 -4.7237088624112974e-05
1 7 -2.2649104948170982e-02 -7.2533674349083442e-05
1 8 -1.9074759081482043e-02 -3.4205552300139788e-05
1 9 -1.6337693813141162e-02 -5.7793837102121318e-05
1 10 -1.4164015041899652e-02 6.7029409930765370e-05
1 11 -1.2650462351274252e-02 -3.5396571933349691e-06
1 12 -1.0874479234641818e-02 -5.1645592045258343e-05
1 13 -8.7182722872487517e-03 -9.7368243699565932e-05
1 14 -6.9369000544932894e-03 2.1824103697106061e-05
1 15 -5.5169762679663113e-03 4.1675624362469857e-05
1 16 -4.2481110904162723e-03 3.2207345104652691e-05
1 17 -3.2904656368405527e-03 8.0551916134752697e-06
1 18 -2.7007686061922501e-03 -1.2052866954103902e-05
1 19 -2.2715821097535243e-03 -1.0883773376791228e-05
1 20 -1.9962814696345044e-03 4.2101223884933637e-06
1 21 -1.7682022527171503e-03 -4.7514667699036734e-06
1 22 -1.4910318702789154e-03 -4.7462640677332654e-06
1 23 -1.2065778435075116e-03 -7.0424310362379265e-06
1 24 -1.0053777511140568e-03 3.7792277517121423e-06
1 25 -8.8769274050114080e-04 -5.7001181100100641e-06
1 26 -7.7071281075497336e-04 -2.9842050385955095e-06
1 27 -6.3637635326817894e-04 -1.0498377317274038e-06
1 28 -5.4774167424333079e-04 2.5608304305515431e-08
1 29 -5.0028604925475085e-04 6.7184833701867091e-07
1 30 -4.7397395263420978e-04 -1.6351606236268871e-07
1 31 -4.6170673880954478e-04 1.0657854324205134e-06
1 32 -4.2958742343683057e-04 6.8851626091532557e-07
1 33 -3.8024276487264806e-04 1.2924562259731079e-06
1 34 -3.4449379563742386e-04 1.2711344930764384e-06
1 35 -3.2333636050823977e-04 1.0428960721436921e-06
1 36 -3.3481367785866465e-04 -1.2379733615294056e-06
1 37 -3.8387003882317614e-04 -2.9831897315290566e-06
1 38 -4.6996275026577440e-04 2.9305884688320862e-06
1 39 -5.3460218137002503e-04 2.4584741436157402e-06
1 40 -5.9514713845181227e-04 4.0163743237239187e-06
1 41 -6.8819472107185657e-04 3.7977018124933043e-07
1 42 -7.9012089938707052e-04 1.7061695766479125e-06
1 43 -8.9746693667634822e-04 -7.4782007499656014e-07
1 44 -9.6842681270284208e-04 4.4015982120412439e-06
1 45 -1.0760735684039460e-03 4.7593384992617115e-06
1 46 -1.1625640999439041e-03 4.7334481363187245e-06
1 47 -1.2582646931607784e-03 5.2945705204912358e-06
1 48 -1.3966131876929756e-03 4.6815424280285587e-06
1 49 -1.6893480861066730e-03 7.9292903250327397e-07
1 50 -2.0264183546282563e-03 -7.2906175696051193e-06
1 51 -2.4058135817656462e-03 -1.7121693428836403e-05
1 52 -2.8529363021696126e-03 -2.8179306268646107e-05
1 53 -3.3288497770149169e-03 -2.1951898735567464e-05
1 54 -3.8641225303726028e-03 -1.1812790603274032e-05
1 55 -4.4955663896223113e-03 -3.9415488445502843e-06
1 56 -5.2757839186126365e-03 -2.7535445235016284e-06
1 57 -6.1870750666380911e-03 -2.2255376550338564e-05
1 58 -6.9655071433840166e-03 2.8978724411360374e-06
1 59 -8.3735828965592774e-03 -1.1827984082319634e-05
1 60 -1.0778013472003377e-02 4.3525587185844450e-05
1 61 -1.3858992773688347e-02 4.7977465448390684e-05
1 62 -1.7391899940048739e-02 4.7279056532206229e-05
1 63 -2.1037412037021728e-02 -4.6748625211457760e-05
1 64 -2.4905453978987795e-02 -1.9778645441092418e-04
1 65 -2.8578971057416795e-02 -1.6237937492469840e-04
1 66 -3.5388782201446416e-02 7.3966771550669291e-05
1 67 -4.6822364949956730e-02 -2.0498081258483347e-04
1 68 -5.4648552782811943e-02 -1.6081554901460474e-04
1 69 -6.2668080622680436e-02 -8.4838583523843980e-05
1 70 -8.3838331835787178e-02 -1.3487948661385023e-04
1 71 -1.3710391450157122e-01 1.2504324517383740e-04
2 0 -1.4200190570815244e-01 -1.0986422422741818e-03
2 1 -7.0655228608601031e-02 -1.0845519977893145e-03
2 2 -4.4631024190114624e-02 2.3117813924445548e-05
2 3 -3.1383163403285341e-02 2.7053634575366727e-04
2 4 -2.4103254027778985e-02 6.1463503921829047e-05
2 5 -1.9225438228347134e-02 -6.9216548834940165e-05
2 6 -1.6199647044786578e-02 -1.4055667834609310e-04
2 7 -1.4092914115993577e-02 -8.0772959527096929e-05
2 8 -1.1807796647993717e-02 -6.9317103815978723e-05
2 9 -1.0185692144885964e-02 -7.8726983844889256e-05
2 10 -8.7745359250835184e-03 7.1338370528494755e-05
2 11 -7.8872326375974949e-03 1.6558875099547259e-05
2 12 -6.6965896555880536e-03 -6.4780916330010933e-05
2 13 -5.3858791442980393e-03 -1.3166570208162279e-04
2 14 -4.2672040584195341e-03 3.0533770872291890e-05
2 15 -3.4046154120501229e-03 5.2602748492986154e-05
2 16 -2.6213948776431942e-03 4.5286135414707489e-05
2 17 -2.0448311571394568e-03 9.5399710456303670e-06
2 18 -1.6852438462130299e-03 -1.5732107073650935e-05
2 19 -1.4003546667558096e-03 -1.6633173011672647e-05
2 20 -1.2332362405176678e-03 7.3187419730604557e-06
2 21 -1.0960478362357262e-03 -5.0658285055580111e-06
2 22 -9.3252972668649546e-04 -5.5516917856857027e-06
2 23 -7.5127962078057233e-04 -7.9207035828125171e-06
2 24 -6.2228645978883070e-04 6.6234180819707961e-06
2 25 -5.4929605723353845e-04 -5.4043384230636649e-06
2 26 -4.7468983114233755e-04 -3.1249178634218495e-06
2 27 -3.9346399289502616e-04 -1.2771740117732188e-06
2 28 -3.3895378592546974e-04 -3.0546308794975873e-07
2 29 -3.1059836813350771e-04 1.4165228920656295e-06
2 30 -2.9505300671896543e-04 -1.5099079390468352e-06
2 31 -2.8423552781919165e-04 1.4380713449976484e-06
2 32 -2.6656553564531637e-04 8.3679665358307017e-07
2 33 -2.3472685717684083e-04 7.2853032060874423e-07
2 34 -2.1293550897063526e-04 1.9497358252991983e-06
2 35 -2.0022676559022128e-04 1.4292872948532342e-06
2 36 -2.0783313415043955e-04 -9.8235401089160884e-07
2 37 -2.3945579678284678e-04 -3.6272842428851657e-06
2 38 -2.9283255776253205e-04 3.4304490152089815e-06
2 39 -3.3121538223530682e-04 1.8692521871147458e-06
2 40 -3.7015736507733785e-04 5.3146305378779277e-06
2 41 -4.3242415142852206e-04 1.2650527342738967e-08
2 42 -4.8870903298543560e-04 4.5628305151478365e-06
2 43 -5.5868266525476763e-04 9.2135878405102640e-07
2 44 -6.0302269545429370e-04 6.6130963740455424e-06
2 45 -6.6527327005049756e-04 7.7100704306632350e-06
2 46 -7.1786846667156953e-04 8.5450273996339367e-06
2 47 -7.8390838543662277e-04 1.0211927895805957e-05
2 48 -8.6531550250354590e-04 9.4198583692400062e-06
2 49 -1.0372435604169442e-03 3.8585402096042090e-06
2 50 -1.2421138238523264e-03 -8.9571872378375535e-06
2 51 -1.4858190729208501e-03 -2.3511653897459762e-05
2 52 -1.7691705859075619e-03 -3.6862646590403459e-05
2 53 -2.0902161257369597e-03 -2.8457316101271574e-05
2 54 -2.4089902403821774e-03 -1.2937651462555528e-05
2 55 -2.8175025085614720e-03 -9.4938386698641388e-06
2 56 -3.2869264147270079e-03 -8.2361617894498916e-06
2 57 -3.8750798786419201e-03 -2.7148394735615971e-05
2 58 -4.3374923277523470e-03 -3.8675827569874521e-06
2 59 -5.1814484360285197e-03 -2.3256145130147557e-05
2 60 -6.6450535890291420e-03 6.7915502398407831e-05
2 61 -8.5589506165815923e-03 6.6634345031964194e-05
2 62 -1.0772250051429733e-02 1.8794906768378496e-05
2 63 -1.2995734230241369e-02 -1.5995458400489017e-05
2 64 -1.5362172323894098e-02 -2.8653749993359063e-04
2 65 -1.7685394229815903e-02 -3.1963274780142894e-04
2 66 -2.1929799341593639e-02 1.3596086372155244e-04
2 67 -2.9033654849562836e-02 -2.3866528584068748e-04
2 68 -3.3819718820513989e-02 -2.4411914941815306e-04
2 69 -3.8826334218141419e-02 -1.9662171363564666e-04
2 70 -4.9690921835458104e-02 1.2049862055763178e-04
2 71 -7.3635069222998700e-02 -3.5777284395242586e-04
3 0 -5.6351590523173622e-02 -3.3403637616251868e-04
3 1 -3.5497009127277906e-02 -1.3168126345016675e-03
3 2 -2.4387963319577807e-02 2.0024657127058737e-04
3 3 -1.7789878269664491e-02 2.5837399633093965e-05
3 4 -1.3673256866556462e-02 1.2930375512508967e-04
3 5 -1.1120147331342083e-02 -3.1343542740246417e-05
3 6 -9.3873516403454298e-03 -2.0347040184822565e-04
3 7 -8.1370941163873695e-03 -4.8876649589002188e-05
3 8 -6.7740040095636425e-03 -8.9249775934979815e-05
3 9 -5.9138203346849362e-03 -7.1678231250969410e-05
3 10 -5.0440608391834080e-03 6.2275073149129639e-05
3 11 -4.5902301172471294e-03 3.5671043013209928e-05
3 12 -3.8286590894507041e-03 -6.3491704969973489e-05
3 13 -3.0805921706360756e-03 -1.0801077142691324e-04
3 14 -2.4269271960463933e-03 3.2225281805474095e-05
3 15 -1.9313133744113156e-03 5.2247802145330786e-05
3 16 -1.4929388224066912e-03 4.3813560650594901e-05
3 17 -1.1764343789699685e-03 8.8045251869147149e-06
3 18 -9.7649508990798337e-04 -1.4557590792728029e-05
3 19 -7.8939536556107016e-04 -1.3943548384283237e-05
3 20 -6.9864384656006075e-04 1.0084220916522465e-05
3 21 -6.2990619274250941e-04 5.9541727324471748e-07
3 22 -5.4184832958643003e-04 -3.1090738881342070e-06
3 23 -4.3365260952946274e-04 -4.0215640670888757e-06
3 24 -3.5743599248614917e-04 1.0039166293026661e-05
3 25 -3.1358335612021647e-04 -2.4759058332926869e-06
3 26 -2.6865973555078817e-04 -1.3899183911762783e-06
3 27 -2.2540217736428494e-04 -7.0696725725013538e-07
3 28 -1.9249487879098218e-04 3.8908444299255658e-08
3 29 -1.7705804874637059e-04 2.0923611234566941e-06
3 30 -1.6972065354362562e-04 -3.0116997083109539e-06
3 31 -1.6034139052419644e-04 1.5873191332146675e-06
3 32 -1.5181884283846042e-04 9.0439943954622990e-07
3 33 -1.3304320825314710e-04 6.8931605061619805e-07
3 34 -1.2176011906386743e-04 1.8873908476989791e-06
3 35 -1.1496437761011358e-04 1.3796156125524344e-06
3 36 -1.1826171072267852e-04 3.6833780726562224e-07
3 37 -1.3667182726080158e-04 -3.7224652906294836e-06
3 38 -1.6978434322326857e-04 1.6018441928209613e-06
3 39 -1.9118987592094404e-04 -3.1486021974878798e-07
3 40 -2.1298143281947584e-04 2.7129115222292859e-06
3 41 -2.5204255778154877e-04 -1.9454500688365128e-06
3 42 -2.8050890354396714e-04 6.0467813862512125e-06
3 43 -3.2168463238115995e-04 1.9296418448276684e-06
3 44 -3.4515917146878811e-04 4.6419754199478558e-06
3 45 -3.7690906504716625e-04 7.7670610645644500e-06
3 46 -4.0788638434355497e-04 1.0603866089787336e-05
3 47 -4.5228080056234461e-04 1.6149635239183654e-05
3 48 -4.9791958400448289e-04 1.4031333349116953e-05
3 49 -5.8563400837751279e-04 6.5267969590027101e-06
3 50 -7.0486460846406855e-04 -8.9452114818173995e-06
3 51 -8.4507796005524815e-04 -2.2413731920325146e-05
3 52 -1.0100984871995956e-03 -3.2154847540901716e-05
3 53 -1.2172128817288562e-03 -2.8251943673753697e-05
3 54 -1.3868961935639777e-03 -1.8602289068778031e-05
3 55 -1.6445777805425446e-03 -1.1463796848455737e-05
3 56 -1.8913006165275519e-03 -1.7384703629166049e-05
3 57 -2.2546089759305169e-03 -9.1069076604976829e-06
3 58 -2.5107516951761487e-03 -1.1585148474840981e-05
3 59 -2.9659863585121417e-03 -3.6954691886415339e-06
3 60 -3.7971564781733177e-03 6.0146897612434044e-05
3 61 -4.8552474764680222e-03 6.2895874557314222e-05
3 62 -6.1525004332086191e-03 -2.6315459199228970e-05
3 63 -7.4227828348690664e-03 5.3296930755053690e-05
3 64 -8.6819729227651070e-03 -2.8033828892584921e-04
3 65 -1.0103030201929694e-02 -2.7057759376113773e-04
3 66 -1.2563959926051811e-02 1.3138119496762483e-04
3 67 -1.6637784839220321e-02 -2.1695357413604988e-04
3 68 -1.9368357253849351e-02 -3.1219815033780830e-04
3 69 -2.2462693143347999e-02 -9.3683318638114840e-05
3 70 -2.7165404592231879e-02 2.4720949301643716e-04
3 71 -3.7955856971904997e-02 -7.4023181585565348e-04
4 0 -2.3827405113872529e-02 -4.1484406418402287e-05
4 1 -1.7805053382305973e-02 -1.1859983222869855e-03
4 2 -1.2780657420848227e-02 3.2237677033363627e-04
4 3 -9.8123005072749854e-03 -1.8031219250467465e-04
4 4 -7.5045123614025560e-03 1.4893176812838364e-04
4 5 -6.2208381805726925e-03 -3.5225632450202122e-06
4 6 -5.2689480612184356e-03 -1.5141432680888914e-04
4 7 -4.5455802502597353e-03 -7.9068021605021750e-06
4 8 -3.7536717383778277e-03 -7.8178312113594920e-05
4 9 -3.3170556223965186e-03 -3.9974306638050015e-05
4 10 -2.7764056181165766e-03 5.7403389592130880e-05
4 11 -2.5670101639156157e-03 3.2989703578279566e-05
4 12 -2.1187860160397651e-03 -5.2866073468166729e-05
4 13 -1.7074065767801894e-03 -7.0055362480319258e-05
4 14 -1.3232342652644816e-03 3.1883685610287205e-05
4 15 -1.0408196121598735e-03 4.6859614673530370e-05
4 16 -8.2087424873429312e-04 3.8266567678507164e-05
4 17 -6.4516720569929092e-04 6.7989806016709855e-06
4 18 -5.4407623079553156e-04 -1.1445622939527865e-05
4 19 -4.2158107320650886e-04 -8.7653292835969949e-06
4 20 -3.7946538524716815e-04 9.8152299406002806e-06
4 21 -3.4766859898876726e-04 6.8964067386404537e-06
4 22 -3.0521203909744785e-04 6.7129010154286322e-07
4 23 -2.4011840680921296e-04 -7.7674911484012082e-07
4 24 -1.9843815548063192e-04 1.2331294448854175e-05
4 25 -1.7117482628896733e-04 -9.1515378168004971e-07
4 26 -1.4468240813647509e-04 6.1808789559913776e-08
4 27 -1.2334652898978360e-04 8.3934253265281872e-08
4 28 -1.0483788800168191e-04 1.0181544026189626e-07
4 29 -9.6181494231213131e-05 2.1442491960921499e-06
4 30 -9.2808027615748484e-05 -2.9371755963152568e-06
4 31 -8.6901735633859302e-05 1.2207974627025670e-06
4 32 -8.1547631399677683e-05 1.2224557552259268e-06
4 33 -7.1667602372419906e-05 1.1390326562012109e-06
4 34 -6.6696926476492949e-05 1.7908105788300196e-06
4 35 -6.4016467038544603e-05 1.4669161549945840e-06
4 36 -6.4180895964096682e-05 1.7952157753525962e-06
4 37 -7.3717694054576912e-05 -3.8203650606134693e-06
4 38 -9.5896970833107053e-05 -2.4797046192145177e-07
4 39 -1.0728038613193355e-04 -1.7172271116459942e-06
4 40 -1.1688986612716069e-04 -4.4109309698982269e-07
4 41 -1.4076992677840199e-04 -3.6332041813009627e-06
4 42 -1.5468584312980477e-04 6.0905945717383549e-06
4 43 -1.7840332671645504e-04 2.4202470407599797e-06
4 44 -1.8652245788079901e-04 1.2384589200468667e-06
4 45 -2.0103610503264816e-04 6.7987598254275503e-06
4 46 -2.2016837495025080e-04 1.0580379047205944e-05
4 47 -2.4988414742016041e-04 1.8237184324835301e-05
4 48 -2.7775103422604845e-04 1.6211218254721517e-05
4 49 -3.1460064807207008e-04 6.2131851196381063e-06
4 50 -3.8650387340113045e-04 -7.0306646667028627e-06
4 51 -4.5881078773687522e-04 -1.5166071166438130e-05
4 52 -5.5242422181423444e-04 -2.3965922595072427e-05
4 53 -6.7690551809654754e-04 -2.1581633684041688e-05
4 54 -7.6446477830742054e-04 -3.2737911696445377e-05
4 55 -9.2480849155092946e-04 -1.6642114615708625e-05
4 56 -1.0405490307512243e-03 -3.1646434368343236e-05
4 57 -1.2692225084358969e-03 1.9519602442912343e-05
4 58 -1.3941275009276542e-03 -5.5481290396693130e-06
4 59 -1.6450680894820448e-03 1.4477995525428571e-05
4 60 -2.0630210149864335e-03 3.3886741807640420e-05
4 61 -2.6147898937996703e-03 5.5060711072072851e-05
4 62 -3.4067120437085065e-03 -2.8195592402569399e-05
4 63 -4.0743273808730275e-03 7.2430888626526119e-05
4 64 -4.6376699345372224e-03 -2.2798402382298748e-04
4 65 -5.5335988645561756e-03 -1.2405718263367241e-04
4 66 -6.9370720042288905e-03 -7.7209722157545733e-06
4 67 -9.0864412929940134e-03 -1.8311851036800471e-04
4 68 -1.0590264600230581e-02 -3.0109605299423345e-04
4 69 -1.2678398788717741e-02 -1.9564878279522952e-05
4 70 -1.4096676635420058e-02 1.3954534119799508e-04
4 71 -1.9267879404886820e-02 -7.3172570648471060e-04
5 0 -1.0303354274020779e-02 6.0017250208225462e-04
5 1 -9.1868245115245342e-03 -7.4029782901525077e-04
5 2 -6.4377169902957347e-03 3.7724466816002351e-04
5 3 -5.2949031472638254e-03 -1.3919399405909699e-04
5 4 -3.9779368927101962e-03 1.4274398531207908e-04
5 5 -3.4068683125821168e-03 3.1670157803086035e-05
5 6 -2.8946254279899582e-03 -6.8320516233989065e-05
5 7 -2.4694518013500242e-03 5.1517683214487692e-05
5 8 -2.0410545102892679e-03 -4.4538600167948121e-05
5 9 -1.8314368887666465e-03 -1.2974152455241458e-05
5 10 -1.4729905073816033e-03 3.2702602344640257e-05
5 11 -1.4087747654770292e-03 2.0402670209892987e-05
5 12 -1.1463580837191845e-03 -3.6110553310441781e-05
5 13 -9.4375308814495420e-04 -5.4966472375163340e-05
5 14 -7.0125104437783448e-04 2.6945414401253578e-05
5 15 -5.2720262331710295e-04 4.3179626207636995e-05
5 16 -4.4365499568659261e-04 3.2807274288086580e-05
5 17 -3.4123577290956497e-04 8.2401157337345134e-06
5 18 -2.9661306003737014e-04 -7.3113955136726451e-06
5 19 -2.1679990982142219e-04 -2.1419132555155827e-06
5 20 -2.0145783474537264e-04 8.8263303328610929e-06
5 21 -1.8866595077837172e-04 1.0378006872089501e-05
5 22 -1.6768299976472746e-04 3.9920831291678527e-06
5 23 -1.2912576338989026e-04 -6.8427689673222494e-07
5 24 -1.0732508513028129e-04 1.2975924405297010e-05
5 25 -9.0946571694526022e-05 -1.0400780038030302e-06
5 26 -7.4229389468882123e-05 1.6106877989281282e-06
5 27 -6.4768698033198436e-05 2.8753042103248903e-07
5 28 -5.5142435024063066e-05 -7.9875189621814460e-08
5 29 -4.9812814785939371e-05 2.3213921434980870e-06
5 30 -4.8757924249752688e-05 -2.4102341763872750e-06
5 31 -4.6293604657157147e-05 2.6430835628032945e-07
5 32 -4.0802546603115567e-05 1.6259255229983526e-06
5 33 -3.7019938655790511e-05 1.8691787038532052e-06
5 34 -3.5468038502626014e-05 2.0656484293659254e-06
5 35 -3.5153148162962937e-05 1.3641413772226321e-06
5 36 -3.3619950119640032e-05 2.7826428899104735e-06
5 37 -3.7787754847073800e-05 -3.9938400960942294e-06
5 38 -5.3404011477374382e-05 -1.1644278028977699e-06
5 39 -5.9176757312047678e-05 -3.3625839155812586e-06
5 40 -6.1592522610539130e-05 -2.7727894520162124e-06
5 41 -7.5079888582896395e-05 -4.5119215108135890e-06
5 42 -8.3282344508644953e-05 4.8284496873205339e-06
5 43 -9.6197951224384729e-05 8.6273702204822037e-07
5 44 -9.6747234515658778e-05 -1.1781124109951842e-06
5 45 -1.0192535843989968e-04 6.1574196342541365e-06
5 46 -1.1635274452020178e-04 9.8245835509909656e-06
5 47 -1.3326864693162697e-04 1.5263482984536791e-05
5 48 -1.5380996802508151e-04 1.4836029110113806e-05
5 49 -1.5970754284996784e-04 5.9213562525673637e-06
5 50 -2.0968666405485567e-04 -3.0933981281048304e-06
5 51 -2.4350802491861372e-04 -4.1752274198591937e-06
5 52 -2.9294318328296567e-04 -1.6190773707739596e-05
5 53 -3.5708676684797596e-04 -6.3423660575369846e-06
5 54 -4.0776344568544071e-04 -3.6105267500792805e-05
5 55 -5.0987527292525067e-04 -2.0354740614905838e-05
5 56 -5.6441892528377518e-04 -3.7912440989024464e-05
5 57 -7.0602322955455956e-04 4.1445845305403962e-05
5 58 -7.5214860600489948e-04 6.4274566499840334e-06
5 59 -9.0631944563345716e-04 5.2730618094296806e-06
5 60 -1.0536304341693071e-03 1.0284476432793133e-05
5 61 -1.3415386870850416e-03 1.6016079571720964e-05
5 62 -1.8757069961609515e-03 -6.6763043815030364e-06
5 63 -2.1678624419504931e-03 6.9010239521828442e-05
5 64 -2.4061317251241059e-03 -1.6416529796071499e-04
5 65 -2.9853630647057629e-03 -4.3760558531024566e-05
5 66 -3.7081145311935303e-03 -1.7116304398653336e-04
5 67 -4.8045563105695386e-03 -2.6974223542569685e-04
5 68 -5.6512129791278318e-03 -2.4471632275918930e-04
5 69 -7.0405379832539170e-03 -6.4501578223020596e-05
5 70 -7.0003396914911685e-03 -1.3271752375538105e-04
5 71 -9.8629920290730037e-03 -5.1050584154748140e-04
6 0 -4.2563232608004943e-03 1.0587964719285879e-03
6 1 -4.8426969406897644e-03 -3.2276699158484141e-04
6 2 -3.1359097660927332e-03 4.5516815837318359e-04
6 3 -2.8049613466761998e-03 -6.6086201783647304e-05
6 4 -2.0109802184286665e-03 1.6808026803194538e-04
6 5 -1.8384115382011142e-03 1.0129243686391622e-04
6 6 -1.5690586838348352e-03 1.7782832023874484e-05
6 7 -1.3111003834252518e-03 8.4273582498535312e-05
6 8 -1.0978143775337132e-03 -1.1259351638500902e-05
6 9 -9.7722723071658624e-04 -1.3202714819885963e-05
6 10 -7.5806993157552743e-04 1.3323666976999309e-05
6 11 -7.6933417186103592e-04 -1.0952551668869436e-06
6 12 -6.1397314507610648e-04 -3.5553399658945407e-05
6 13 -5.3782195903150521e-04 -5.5628657524386816e-05
6 14 -3.5234760257484466e-04 2.1318310015748781e-05
6 15 -2.4355349074536503e-04 3.9529267208161929e-05
6 16 -2.3633401841127228e-04 2.5758030265409502e-05
6 17 -1.7520536422451470e-04 1.1238086507329942e-05
6 18 -1.6037576458165193e-04 -2.9847551332685170e-06
6 19 -1.0728142993504018e-04 2.3489970960132636e-06
6 20 -1.0699164652160052e-04 7.4020311254052644e-06
6 21 -9.9236612402617302e-05 9.2925699015460649e-06
6 22 -8.8476840208983197e-05 5.4335187648532049e-06
6 23 -6.6768899505001525e-05 -1.5158689611645064e-06
6 24 -5.5609789300449214e-05 1.1921433011552163e-05
6 25 -4.7168356758362591e-05 -2.1570169267623102e-06
6 26 -3.6501039584138161e-05 2.8565920581090357e-06
6 27 -3.3117525823433082e-05 -1.7133186256417642e-07
6 28 -2.7765887527071888e-05 -9.9174127731425966e-09
6 29 -2.4329330447826719e-05 1.8297298467860795e-06
6 30 -2.5256985682634723e-05 -1.6403002532960526e-06
6 31 -2.4199732988411558e-05 -6.2557334949799013e-07
6 32 -1.7946432262896112e-05 1.5422027786221058e-06
6 33 -1.8323398472079094e-05 1.8274525911166508e-06
6 34 -1.8442023404036868e-05 2.1327574674766760e-06
6 35 -1.9732553587004461e-05 7.2653003231985430e-07
6 36 -1.6975522580524748e-05 3.4246030021876765e-06
6 37 -1.8474649253242826e-05 -3.8903789484688636e-06
6 38 -2.9317458740575898e-05 -1.2794704377396383e-06
6 39 -3.2767536775732275e-05 -4.3292174544056305e-06
6 40 -3.1468531526079821e-05 -2.9529795866485378e-06
6 41 -3.7221365457229320e-05 -5.3151729464459436e-06
6 42 -4.3973635920096204e-05 2.6380259204650351e-06
6 43 -5.0243401157406664e-05 -1.6342484994298068e-06
6 44 -4.8507164367796529e-05 -2.7768256235779184e-06
6 45 -4.9611527493361548e-05 6.5970538393564728e-06
6 46 -6.2207000889464428e-05 6.4421662075054227e-06
6 47 -6.6597855296456068e-05 1.0594314682396225e-05
6 48 -8.4945508759505425e-05 1.2058911082835408e-05
6 49 -7.5480421462790167e-05 9.0559544028359967e-06
6 50 -1.1411442388343197e-04 1.9914968760308456e-06
6 51 -1.2930813376474216e-04 3.4403985534103873e-06
6 52 -1.4850364576420467e-04 -1.0750833523856265e-05
6 53 -1.8021943842607660e-04 6.9541523103954325e-06
6 54 -2.1171832039842327e-04 -2.7565548977023526e-05
6 55 -2.8146379562527565e-04 -2.2587828377995989e-05
6 56 -3.0972746174011265e-04 -2.4800007789716256e-05
6 57 -3.9370867254550517e-04 5.4472567139639819e-05
6 58 -3.9525231073956723e-04 1.2580430327913042e-05
6 59 -4.8807946945890658e-04 -1.0255901533810166e-05
6 60 -5.1006885528460380e-04 -3.8573609100924115e-07
6 61 -6.3946064982970698e-04 -2.2994320196630905e-05
6 62 -1.0407689620799210e-03 -1.3086620048517960e-05
6 63 -1.1471333200394392e-03 7.0097023879027719e-05
6 64 -1.2426898964317764e-03 -1.2118409732263222e-04
6 65 -1.6245753433830864e-03 -2.1178775170177789e-05
6 66 -1.9163475924143026e-03 -2.3697182562063847e-04
6 67 -2.5266538509980249e-03 -2.8904296804235823e-04
6 68 -2.9848649970612667e-03 -2.2195645521580891e-04
6 69 -3.8539238544172561e-03 -1.2008528351636474e-04
6 70 -3.4176951140304779e-03 -4.3784141910266849e-04
6 71 -4.9944035796680390e-03 -3.6959593615393504e-04
7 0 -1.7335579092350474e-03 1.0116834164254926e-03
7 1 -2.5215442026269848e-03 -2.1822656251781596e-04
7 2 -1.4179422540744882e-03 4.0904530564573347e-04
7 3 -1.5477038711185567e-03 -2.9771045335563757e-05
7 4 -9.5576131023206439e-04 2.2214050259807103e-04
7 5 -9.6098649613041533e-04 1.5780170411279430e-04
7 6 -8.3799699569230544e-04 8.6733746216221719e-05
7 7 -6.7070401674835785e-04 1.0963963815547880e-04
7 8 -5.7338657513608616e-04 -1.3493191373596242e-05
7 9 -5.0108643552800773e-04 -4.2803540046070814e-05
7 10 -3.6718433336003494e-04 2.2903403870951928e-05
7 11 -4.1095960589440634e-04 -1.9622945499084587e-05
7 12 -3.3624617462333788e-04 -3.6766550809303780e-05
7 13 -3.2296661512463851e-04 -5.4525192922276120e-05
7 14 -1.5505730111923147e-04 1.1697136900632530e-05
7 15 -1.0485973947994836e-04 3.3704922064120770e-05
7 16 -1.2462720046603248e-04 1.8172680212945704e-05
7 17 -8.6477369988638948e-05 1.4002335628669643e-05
7 18 -8.5361487382146494e-05 8.5785773387528527e-07
7 19 -5.0959804240137253e-05 3.9312273701502761e-06
7 20 -6.0933472847434589e-05 3.4728578945164637e-06
7 21 -5.0264240516198759e-05 8.8205950722923303e-06
7 22 -4.3067087108888217e-05 4.9498639173155063e-06
7 23 -3.2301791918603089e-05 -2.6421129249088129e-06
7 24 -2.7483462331362814e-05 1.0054696939095616e-05
7 25 -2.2828514091014546e-05 -3.0817561712770080e-06
7 26 -1.7038265211654418e-05 3.5018965278333708e-06
7 27 -1.7582544362737008e-05 -5.5266822413102208e-07
7 28 -1.3754698213586366e-05 4.5357200775519581e-07
7 29 -1.0150071272905003e-05 7.8401884348320073e-07
7 30 -1.2741794583645400e-05 -1.2846193541751411e-06
7 31 -1.2668696726534710e-05 -1.6748798118686327e-06
7 32 -5.9848955962928648e-06 1.1434864844548650e-06
7 33 -8.3426026401231533e-06 1.5003369911726080e-06
7 34 -9.5767318634123003e-06 2.0404589423784451e-06
7 35 -1.1116530673845335e-05 -1.4687020661444696e-07
7 36 -8.3027121038235292e-06 3.3627145940952690e-06
7 37 -9.2139147483530447e-06 -3.3911460408185787e-06
7 38 -1.5359356824317652e-05 -1.3607167216383888e-06
7 39 -1.8418900806606840e-05 -4.3948300966563766e-06
7 40 -1.5302398515491681e-05 -2.0102104867590139e-06
7 41 -1.6636858350091739e-05 -5.4552068829634382e-06
7 42 -2.2860497815262311e-05 2.0504890997818728e-07
7 43 -2.4976312540373789e-05 -3.2857032646864877e-06
7 44 -2.5059921273816812e-05 -3.9199636558804185e-06
7 45 -2.2353178106207447e-05 5.9048764853724719e-06
7 46 -3.3804042262744875e-05 3.2626718693198202e-06
7 47 -2.8995920385695795e-05 5.4768112504291752e-06
7 48 -4.7109221636507310e-05 9.3053203936835465e-06
7 49 -3.2138477642491893e-05 1.0843051984271752e-05
7 50 -6.0596490465412886e-05 7.7179107808447392e-06
7 51 -7.2954347951723904e-05 6.1528481985144517e-06
7 52 -7.2711175703503669e-05 -9.0495285436790276e-06
7 53 -9.1767234710696358e-05 1.6221675043573641e-05
7 54 -1.0447725631241527e-04 -1.7072090378506018e-05
7 55 -1.5349359554323852e-04 -2.2226562630264373e-05
7 56 -1.7816460733860538e-04 -1.2581392768440776e-05
7 57 -2.2184777740853610e-04 4.9087569071589228e-05
7 58 -2.1187509120134198e-04 1.0740688546842745e-05
7 59 -2.3044596573140445e-04 -3.1925136359227603e-05
7 60 -2.3042759439613662e-04 -1.0699096429333739e-06
7 61 -2.8247744533939015e-04 -4.3850577911459595e-05
7 62 -5.7450266874438437e-04 -8.7546784384819848e-06
7 63 -6.1666726530537836e-04 5.7944938731707838e-05
7 64 -6.6434648420269000e-04 -9.9508830633440146e-05
7 65 -8.6483171917856787e-04 -5.8214469781550760e-05
7 66 -9.9855924407203384e-04 -2.6014837428830849e-04
7 67 -1.2770067466686412e-03 -2.7025557259414761e-04
7 68 -1.5862277173257953e-03 -1.6010861605312635e-04
7 69 -2.0103057679209495e-03 -1.2131296236278208e-04
7 70 -1.7740947504783818e-03 -4.8005207093037227e-04
7 71 -2.5042219831137185e-03 -3.8330729723882659e-04
8 0 -6.2455762844217566e-04 7.7833613230335710e-04
8 1 -1.4475316229640425e-03 -1.8554848667726978e-04
8 2 -5.3550939615288392e-04 3.1973544904490231e-04
8 3 -9.8993200922567665e-04 7.2485264707263263e-06
8 4 -4.0207631332018568e-04 2.1998827922568054e-04
8 5 -5.0235303676606478e-04 1.8090646124423740e-04
8 6 -4.3291956370196155e-04 1.3011428120195367e-04
8 7 -3.4163346261810061e-04 1.2424984010518748e-04
8 8 -2.8351442557622173e-04 -2.2650691718633413e-05
8 9 -2.5828917857024109e-04 -7.0044850220573276e-05
8 10 -1.5837338556649286e-04 4.5900447226101812e-05
8 11 -1.9878791243808932e-04 -2.1552289166416001e-05
8 12 -1.9241831268049849e-04 -3.8312051267400659e-05
8 13 -2.0708502700942776e-04 -4.0728094452804241e-05
8 14 -4.8357025361621052e-05 7.0888183997503646e-06
8 15 -4.0917452854217174e-05 3.1414196807683710e-05
8 16 -6.4465120626354839e-05 1.1362829910979274e-05
8 17 -4.3945002371081074e-05 1.7568333775972612e-05
8 18 -4.5197169795015356e-05 3.3891528219282545e-06
8 19 -2.3377466813668707e-05 5.1386331012736771e-06
8 20 -3.7613432735305834e-05 1.2471947284192987e-06
8 21 -2.5887295126185519e-05 9.3329652766477228e-06
8 22 -1.6290958044894249e-05 7.1732376633657005e-07
8 23 -1.4363784336855056e-05 -2.6576614518052251e-06
8 24 -1.3106098335548486e-05 7.3975290179214037e-06
8 25 -1.0223334272099541e-05 -3.3026004610501065e-06
8 26 -8.2184359264720727e-06 3.6133395864090221e-06
8 27 -1.0397602906018640e-05 -4.4280159317567196e-07
8 28 -7.8669223877321431e-06 9.5981246941506406e-07
8 29 -2.6460616770937167e-06 1.0295386722233893e-07
8 30 -6.2793558477242936e-06 -1.2081449980112093e-06
8 31 -6.8526456491936852e-06 -2.0198127903988730e-06
8 32 -7.3593249275438929e-07 7.5795890943601119e-08
8 33 -3.1331917758794568e-06 1.1167984431604776e-06
8 34 -5.0900200594624033e-06 2.3620005673424377e-06
8 35 -6.2990776736342186e-06 -3.5351174438093774e-07
8 36 -3.6828466387261005e-06 3.1529526848652061e-06
8 37 -4.8951873643304534e-06 -2.4671301025517744e-06
8 38 -7.5726439943940705e-06 -1.0843197510509527e-06
8 39 -1.0406456212457704e-05 -4.3410850760712739e-06
8 40 -7.1508742550270372e-06 -5.8034957217854556e-07
8 41 -6.3687572049312239e-06 -4.4819369447728502e-06
8 42 -1.2714954263940288e-05 -6.8982115146528908e-07
8 43 -1.3590109072683797e-05 -4.0262100177318787e-06
8 44 -1.3687754460975525e-05 -3.8521847823826304e-06
8 45 -8.2880900218233215e-06 3.2073167669578742e-06
8 46 -1.8608938316368921e-05 2.2417275705482424e-06
8 47 -7.9677079165281846e-06 1.2850173021792471e-06
8 48 -2.9244255910053148e-05 7.8757720532030357e-06
8 49 -1.0654219420418485e-05 1.0745112118293778e-05
8 50 -2.9804226556815474e-05 9.7054578953958040e-06
8 51 -4.4466349965552446e-05 5.3117642766214047e-06
8 52 -3.3508638438520907e-05 -1.1134288779034862e-05
8 53 -5.2083020608507030e-05 1.8095511812696010e-05
8 54 -4.6499976272858450e-05 -1.6154067486061578e-05
8 55 -7.9797823619490055e-05 -2.2554218843847017e-05
8 56 -1.0713376123778265e-04 -1.2267272399056944e-05
8 57 -1.2739965518865549e-04 3.1982777768278906e-05
8 58 -1.2620174040342438e-04 7.2521948920953500e-06
8 59 -8.6709115968088932e-05 -4.2380906108505343e-05
8 60 -8.8191116761552558e-05 2.2213166201800046e-06
8 61 -9.3712090843296617e-05 -4.7156529422813322e-05
8 62 -2.9411930744603008e-04 4.5797764955370500e-06
8 63 -3.5627140034192049e-04 4.5633913008552369e-05
8 64 -3.6990291819382270e-04 -6.7454957456016795e-05
8 65 -4.2400457632335321e-04 -1.1908034118868072e-04
8 66 -5.2985126008114544e-04 -2.4147317221267597e-04
8 67 -6.0143264563005500e-04 -2.1164672153864653e-04
8 68 -7.8095220419773328e-04 -1.1038654539727092e-04
8 69 -9.6636381617147429e-04 -1.0046087667412802e-04
8 70 -1.0369557234461782e-03 -3.2020050290086665e-04
8 71 -1.3534734508885793e-03 -4.8830455538552712e-04
9 0 -2.2859408270600111e-04 5.2112389585270199e-04
9 1 -7.2389653010334926e-04 -8.3093530825793354e-05
9 2 -1.1694025064492101e-04 2.3118379013029671e-04
9 3 -6.7452445536224023e-04 6.9658107692465666e-05
9 4 -9.2571970633590340e-05 1.5176846299575243e-04
9 5 -2.4899078757665438e-04 1.6324377701279507e-04
9 6 -2.1619388468932307e-04 1.4778416428820666e-04
9 7 -1.7160998589779106e-04 9.1194046841683589e-05
9 8 -1.4400586762625586e-04 -2.5149163274027805e-05
9 9 -1.2441296371341507e-04 -8.1480912767356611e-05
9 10 -4.3191166075787041e-05 6.2392969958143855e-05
9 11 -6.9752731829770875e-05 -4.9192638684376520e-06
9 12 -1.1156747277379728e-04 -3.4132705269988201e-05
9 13 -1.2713220539544137e-04 -2.6770131014634521e-05
9 14 -1.3134349752269713e-06 1.0979877547692676e-05
9 15 -1.8425591806257954e-05 2.5432250544138838e-05
9 16 -3.1021350860664754e-05 7.7820333331327418e-06
9 17 -2.1967917140951090e-05 1.7624817115712233e-05
9 18 -2.4794189394152627e-05 5.3934552412833366e-06
9 19 -9.7423109581882294e-06 5.1907271384442469e-06
9 20 -2.5040655676306121e-05 3.5159798311177305e-06
9 21 -1.4657518048286755e-05 7.4874288928322877e-06
9 22 -3.2128020858981927e-06 -2.9273870853692879e-06
9 23 -4.5600765306386814e-06 -8.4697142474974623e-07
9 24 -6.4902038604498653e-06 4.3763688477337130e-06
9 25 -5.0880592370306354e-06 -2.4567942198375405e-06
9 26 -4.0794904963745774e-06 2.5259530098187147e-06
9 27 -6.6204745248833705e-06 -6.9677224871125204e-07
9 28 -5.8771706847933507e-06 9.1077936412149748e-07
9 29 9.6977747035539705e-07 -9.1048664083579344e-08
9 30 -3.1061708642825302e-06 -8.2465799369037240e-07
9 31 -4.1500505143407132e-06 -1.5812126702427643e-06
9 32 6.0761197172367893e-07 -1.0571751259217242e-06
9 33 -4.1236802285548655e-07 1.0778268877434166e-06
9 34 -2.5502804079232817e-06 2.2779183674115052e-06
9 35 -3.9976901068994280e-06 1.2511026176295715e-07
9 36 -1.2472288883470178e-06 2.3362147390119203e-06
9 37 -2.2640186844364183e-06 -1.7440651738715490e-06
9 38 -4.0757167927006273e-06 -1.2541163218975413e-06
9 39 -5.6239871072005865e-06 -4.5431850850884006e-06
9 40 -3.4827875953789972e-06 3.3938556723093653e-07
9 41 -2.2282069443638107e-06 -3.1095579126937666e-06
9 42 -8.2407699516431520e-06 -2.0521760574143520e-07
9 43 -7.3102526844105027e-06 -4.2304787249598441e-06
9 44 -8.5389968774008790e-06 -4.8529790409716393e-06
9 45 -7.0250029176039815e-07 8.3969185848770568e-07
9 46 -1.1794398306295084e-05 2.7295178329841940e-06
9 47 6.2178610207326550e-07 4.3863910082968633e-07
9 48 -1.8923370467738357e-05 6.1781927171920123e-06
9 49 2.1019557119125737e-06 1.1175908015197861e-05
9 50 -1.2192373689011898e-05 7.3420948436886357e-06
9 51 -2.6421229016287776e-05 2.4479698029585745e-06
9 52 -1.3855222617651793e-05 -1.2048951284683425e-05
9 53 -3.0931569505317165e-05 1.4298243784419949e-05
9 54 -1.1235806404181544e-05 -1.7190231176173551e-05
9 55 -2.8719352782928271e-05 -2.5665270726712264e-05
9 56 -6.0014557186405411e-05 -1.7257553111938955e-05
9 57 -7.8248451193506439e-05 1.6415899509511504e-05
9 58 -7.9522457254856553e-05 -3.7238948895290159e-07
9 59 -2.3528982186610105e-05 -3.7155858273530818e-05
9 60 -1.8812967730094046e-05 -6.4805638063590171e-06
9 61 -3.0649946254853182e-07 -4.1410386682010032e-05
9 62 -1.5669312827606917e-04 1.4405735787146274e-05
9 63 -2.1367859522976871e-04 -1.5668877970648642e-06
9 64 -2.1794820439686665e-04 -2.1089510980752876e-05
9 65 -1.7699742873456887e-04 -1.8014980350542241e-04
9 66 -2.5686478755622758e-04 -1.7232426059928275e-04
9 67 -2.6597194687723888e-04 -7.7355619196958010e-05
9 68 -3.6998705990733713e-04 -7.3525568308767787e-05
9 69 -4.2729711354647039e-04 -1.0819706338877133e-04
9 70 -6.9444856018856997e-04 -1.5596819654721325e-04
9 71 -8.5667592844493085e-04 -5.1881142237429352e-04
10 0 1.0684530735102440e-05 1.6984488078314729e-04
10 1 -2.0443414040715682e-04 -2.6632717323503634e-05
10 2 4.1548592792624127e-05 1.1834126597393967e-04
10 3 -4.6024713491633147e-04 1.3443184903757867e-04
10 4 5.2803335550609578e-05 4.7729446123444532e-05
10 5 -1.1253454692800480e-04 1.2735505252630874e-04
10 6 -1.1399176095307398e-04 1.3065146219687088e-04
10 7 -8.4491381133357623e-05 3.3787154505577054e-05
10 8 -6.7550737073592714e-05 -1.8927990170903847e-05
10 9 -4.2563061742016270e-05 -8.3976666677113197e-05
10 10 -4.4534801883834767e-06 7.0897102480703064e-05
10 11 -8.8302531432780343e-06 9.3383338086461411e-06
10 12 -6.3665280283305403e-05 -2.0863636489363771e-05
10 13 -6.9181206648680969e-05 -3.0601474810891729e-05
10 14 1.8338525663081033e-05 1.3133508122887529e-05
10 15 -1.4203469619213393e-05 1.7734116137663986e-05
10 16 -1.5687420271184604e-05 8.2363120251061537e-06
10 17 -1.2248481872849899e-05 1.4533932998918902e-05
10 18 -1.1956465860238908e-05 9.6263910800178102e-06
10 19 -5.7502103451362317e-07 4.9361646431794931e-06
10 20 -1.6320451821538590e-05 9.0711601696414999e-06
10 21 -9.8917762043939901e-06 4.6595953887314375e-06
10 22 3.7125689478333516e-06 -4.9420347595177352e-06
10 23 -6.9001179976791148e-07 2.2770234265292537e-06
10 24 -2.9462620721861843e-06 1.9850049982548470e-06
10 25 -2.7994789580121839e-06 -1.9683042590929955e-06
10 26 -1.8506774057468673e-06 2.0998786403431144e-06
10 27 -4.4732698521978664e-06 -1.1660578722931689e-06
10 28 -4.7775824273555985e-06 3.3363368233489525e-07
10 29 3.1539672268693494e-06 -9.7073194557247529e-07
10 30 -1.8798905427759544e-06 -1.0310396050485850e-08
10 31 -3.2578655383475007e-06 -9.9112212418745509e-07
10 32 7.8056520169388681e-07 -1.6157071814803009e-06
10 33 1.0443243925291591e-06 9.3702324561866199e-07
10 34 -1.1700131582332008e-06 2.2259396333410106e-06
10 35 -2.6924447413608939e-06 6.4599290401722476e-07
10 36 -5.9983318430962257e-07 1.6508420870771800e-06
10 37 -6.7910498727209851e-07 -1.2546326543036231e-06
10 38 -3.3578935078602961e-06 -1.1314704489382551e-06
10 39 -2.5965789299960010e-06 -4.4259610000490242e-06
10 40 -1.6212756829764561e-06 7.5758082475131818e-07
10 41 -1.0576014034655244e-06 -1.8591234020527561e-06
10 42 -6.3209552160347287e-06 9.9646430738673780e-07
10 43 -4.0845042108575288e-06 -3.6443729544033708e-06
10 44 -5.2961333922821331e-06 -4.9749640846962505e-06
10 45 1.9881210487376583e-06 -8.8514497992782253e-07
10 46 -8.7508038995730347e-06 2.7302551474831111e-06
10 47 1.6036885833053681e-06 1.3534150935067121e-06
10 48 -1.2201377376196977e-05 4.7523652540496141e-06
10 49 1.1384073830836506e-05 1.0754283906678510e-05
10 50 -3.7564472161814928e-06 2.7857274442724679e-06
10 51 -1.7272193690820351e-05 2.1271700175834894e-06
10 52 -3.4439295611047747e-06 -1.6590827859909184e-05
10 53 -2.0928807880630080e-05 1.2365528426277551e-05
10 54 1.0064187788827297e-05 -2.0788101505362734e-05
10 55 -6.1258195569969257e-06 -2.7157706075017845e-05
10 56 -3.0167428847693428e-05 -2.3397666397056423e-05
10 57 -4.5061080038608128e-05 1.3668268169208997e-05
10 58 -6.2328295285813356e-05 -5.6776385254440235e-06
10 59 -1.1189829336878785e-05 -2.6162132123259210e-05
10 60 1.5692768219571092e-05 -1.0378928768515393e-05
10 61 3.5970838153721628e-05 -1.9259142655934296e-05
10 62 -8.7602213587362578e-05 -3.8865902650628913e-06
10 63 -1.5334178932620185e-04 -5.9502165075388770e-05
10 64 -6.6149671543594082e-05 3.4507589495815145e-05
10 65 -5.8235478115106385e-05 -2.1955432411019604e-04
10 66 -8.7865156439876962e-05 -8.9890690074827855e-05
10 67 -1.4050529895131653e-04 6.4154281070108712e-05
10 68 -1.8131954271066318e-04 -2.8935134699992049e-05
10 69 -1.7215339465472069e-04 -7.7138319582009530e-05
10 70 -4.2817753743389330e-04 -5.9810143876182606e-05
10 71 -6.9134400362355565e-04 -4.7071770060885327e-04
