0 0 -1.1364030094121802e+00 -2.0171171313761934e-20
0 1 -1.3439391370580545e-01 -2.5484508329478349e-20
0 2 -4.6111323884511668e-02 -1.2207096809136262e-21
0 3 -2.8583544731365294e-02 -1.4091233383440139e-21
0 4 -2.1391894950879679e-02 1.3151439006191744e-21
0 5 -1.7021183527530820e-02 -3.5624178246310308e-22
0 6 -1.4052933756738733e-02 7.7560864446532776e-22
0 7 -1.1941507566699228e-02 -1.0972662261555907e-22
0 8 -1.0788297226295745e-02 -1.9253208057035586e-22
0 9 -9.6192341656383823e-03 -9.7662962709395165e-23
0 10 -8.9495418081043249e-03 1.3832928380502260e-23
0 11 -8.0958925591626436e-03 -3.5831750415240396e-22
0 12 -6.9537378535747150e-03 -9.5298790675276233e-23
0 13 -6.3387551798459287e-03 3.9488260248914282e-22
0 14 -5.6098871591107853e-03 -4.9948505629165494e-22
0 15 -4.7433990826167083e-03 1.9624005592368946e-23
0 16 -4.0113885608442203e-03 6.2937231008842378e-23
0 17 -3.4215776572284889e-03 5.1169555188329790e-23
0 18 -2.8619116352154115e-03 -7.1965692717794817e-24
0 19 -2.4082051268369360e-03 2.7908046606764226e-23
0 20 -2.0291955491411997e-03 -8.0472162336413678e-23
0 21 -1.7477367357030191e-03 -4.3164444314452818e-23
0 22 -1.5288938895087882e-03 9.8582365989073331e-23
0 23 -1.3354075287458731e-03 5.1476405715033644e-23
0 24 -1.1798229840440854e-03 -2.0481619462483107e-23
0 25 -1.0743760225233709e-03 -1.3443509919833603e-23
0 26 -9.4470438765691795e-04 -3.9433241740718427e-23
0 27 -8.2004842734022070e-04 1.0328056433867508e-23
0 28 -7.0756939382507717e-04 4.9846624248207062e-23
0 29 -5.9034547321380911e-04 -1.2440345449918993e-23
0 30 -4.9051252962494288e-04 -1.0457755496419915e-24
0 31 -4.1183257528019235e-04 -6.7973784563626149e-26
0 32 -3.6709534273871491e-04 -6.2914164568482028e-24
0 33 -3.4435106021219391e-04 -5.9373201447075530e-24
0 34 -3.3704782184827936e-04 -2.5165847591255682e-24
0 35 -3.3952577604929451e-04 4.8208839520583541e-24
0 36 -3.5435964145421131e-04 -1.9546348250349958e-23
0 37 -3.8672275686511489e-04 -5.5084485765644460e-24
0 38 -4.0797394322243219e-04 -1.3819381008726219e-23
0 39 -4.2299239837071686e-04 -2.0638745137986130e-23
0 40 -4.6300730386647965e-04 7.0845192185255649e-24
0 41 -5.2033576856616928e-04 1.5505314053820864e-24
0 42 -5.6106369248949781e-04 -7.5343582528394894e-24
0 43 -6.0476626722980064e-04 2.4900950163947262e-23
0 44 -6.4631109596135984e-04 -3.1434356665581748e-24
0 45 -7.1196056884327433e-04 2.6528132469209417e-23
0 46 -8.0222158814723381e-04 -4.7951496496952863e-25
0 47 -8.5709665756719927e-04 1.5417305170209342e-23
0 48 -9.1333127502631571e-04 -4.0660542998525494e-24
0 49 -1.0251043717219655e-03 -2.6688657755564549e-23
0 50 -1.2490132619958733e-03 8.1103942928663072e-23
0 51 -1.5367393455217565e-03 -1.7478788738858328e-22
0 52 -1.7822684623033595e-03 -4.5909263265323856e-23
0 53 -1.9274015830959090e-03 1.1370133081965934e-22
0 54 -2.1347169831933792e-03 -6.1346829396001311e-23
0 55 -2.4279397908574200e-03 9.7582792823351877e-23
0 56 -2.7666115824628301e-03 6.2768752282982826e-23
0 57 -3.1399327942348131e-03 -3.1142831494840513e-23
0 58 -3.5560752288835763e-03 3.0750278780858896e-24
0 59 -3.9579362265610551e-03 -3.2641685175535188e-22
0 60 -4.5719413802802573e-03 1.4925298390158868e-22
0 61 -5.3875495653102120e-03 2.4401171595150139e-22
0 62 -6.4434096334977506e-03 2.5062188753540506e-22
0 63 -7.9342303679957801e-03 2.1051421783115626e-22
0 64 -9.3714446367420077e-03 -8.5037638975062656e-23
0 65 -1.0919651863319148e-02 5.8717915973304988e-22
0 66 -1.2600423010145131e-02 -9.5912389221578116e-23
0 67 -1.4927630978521511e-02 1.4590770345473055e-23
0 68 -1.8340234454677837e-02 6.4966844561394657e-23
0 69 -2.5257744432752891e-02 1.9874569279525022e-21
0 70 -4.6825692644723263e-02 4.8722293008257397e-22
0 71 -1.3412331226410021e-01 1.1935027915524306e-19
1 0 -3.2924943318428307e-01 -3.2195011794234289e-03
1 1 -7.5802472538920987e-02 -1.5876644407382433e-04
1 2 -3.2030749308911213e-02 -2.5193803250769727e-04
1 3 -2.1408674434517175e-02 4.5214731807830017e-05
1 4 -1.6252978779560095e-02 9.6018525929089681e-05
1 5 -1.3018873084719535e-02 4.5982372204167025e-05
1 6 -1.0761864071863712e-02 8.9588465235803072e-05
1 7 -9.1517184553397326e-03 2.3065011488109387e-05
1 8 -8.2782592861258570e-03 3.7524930293052189e-05
1 9 -7.3641813170143887e-03 -3.0041364609536095e-05
1 10 -6.8599737199615584e-03 -1.4789047380880097e-05
1 11 -6.1933665390628174e-03 1.6901967504770621e-05
1 12 -5.3166669606181565e-03 3.4173822541685832e-05
1 13 -4.8569058407074931e-03 2.5432808456114049e-05
1 14 -4.2809744458307550e-03 1.7545605893881774e-05
1 15 -3.6202514208656029e-03 7.9645847439087234e-06
1 16 -3.0657169867087833e-03 8.3956519032907691e-06
1 17 -2.6122661474217192e-03 -3.7969596760663867e-06
1 18 -2.1921193376860750e-03 -6.3236543138542394e-06
1 19 -1.8440810264607292e-03 -1.6837515592105398e-06
1 20 -1.5556299445298977e-03 4.5737751333988835e-06
1 21 -1.3357670304902022e-03 -4.9853996472550438e-09
1 22 -1.1646661548906866e-03 2.1836088221514776e-06
1 23 -1.0219329517239864e-03 -1.6960140688935095e-07
1 24 -9.0008001715426058e-04 -1.0418905942827992e-06
1 25 -8.2274657993030773e-04 7.2017637560744043e-07
1 26 -7.2085652297177252e-04 3.4290351307751470e-07
1 27 -6.2655161766673149e-04 -1.1246981178548399e-06
1 28 -5.4272556393224550e-04 2.2364163010188376e-06
1 29 -4.5096003286186902e-04 1.1741625967010754e-06
1 30 -3.7430070487792701e-04 -5.6711658533490842e-07
1 31 -3.1472087693254909e-04 -9.0519152767968470e-08
1 32 -2.8027598288664108e-04 1.0934386960365581e-06
1 33 -2.6303777269909154e-04 1.4751614764555871e-06
1 34 -2.5775055206205422e-04 8.1932566822573828e-07
1 35 -2.6042047147492429e-04 8.6479149691689996e-07
1 36 -2.7157251241670806e-04 4.5756019753966973e-07
1 37 -2.9630613155167941e-04 1.1599850577204041e-06
1 38 -3.1290896012602234e-04 -3.9849315600370951e-07
1 39 -3.2446849341018078e-04 1.2373555287044034e-06
1 40 -3.5475460307824933e-04 1.3464176180209610e-06
1 41 -3.9998994340333137e-04 -2.6293735293017260e-06
1 42 -4.3108582588722053e-04 -1.8324666941783732e-06
1 43 -4.6345930130354954e-04 -6.8871827201969041e-07
1 44 -4.9527086753880568e-04 1.3066917920304441e-06
1 45 -5.4389315620095911e-04 3.9520654503625255e-07
1 46 -6.1364911596740828e-04 6.1020564544976924e-07
1 47 -6.5832507273894179e-04 2.4586404382806822e-06
1 48 -7.0085094130519106e-04 1.5289698510786732e-06
1 49 -7.8475932914284612e-04 5.3692923956474447e-07
1 50 -9.5597222410196737e-04 2.3161204383254347e-06
1 51 -1.1729959741910688e-03 6.3151146433312642e-06
1 52 -1.3602687730274673e-03 7.8692647084522204e-06
1 53 -1.4738674388167492e-03 -1.0945896364474737e-06
1 54 -1.6255667211292001e-03 -4.2209069791774912e-06
1 55 -1.8508519606069205e-03 -1.3964528585141791e-05
1 56 -2.1114620646152356e-03 -1.3649802109308946e-05
1 57 -2.3962236747905674e-03 -1.0378211964933464e-05
1 58 -2.7172166192000508e-03 -1.2832699651298445e-05
1 59 -3.0216015622632798e-03 -1.4504605714905323e-05
1 60 -3.4831946154620513e-03 -2.6734172732088122e-05
1 61 -4.1136136965553970e-03 -1.0688062691692390e-05
1 62 -4.9139722008395585e-03 -1.3423727378382737e-05
1 63 -6.0644304913055518e-03 6.2035060943681174e-06
1 64 -7.1625796569878674e-03 2.0181713518363230e-06
1 65 -8.3612322400176860e-03 8.0245146306667033e-05
1 66 -9.6035491495964423e-03 3.2867542759444087e-05
1 67 -1.1369744100061169e-02 6.3239263574434761e-05
1 68 -1.3908967309660377e-02 -6.6476175429187834e-06
1 69 -1.8827726179832315e-02 -1.1703990238105614e-04
1 70 -3.3271993310030654e-02 -7.6488318337528894e-05
1 71 -7.7634979841170709e-02 -4.0831158545623109e-04
2 0 -9.7620826636615865e-02 -2.5835637825864467e-03
2 1 -3.4216392523695009e-02 -1.5905100356557178e-04
2 2 -1.7983229345931204e-02 -3.1935249818417470e-04
2 3 -1.3033050632059024e-02 1.3968832123318690e-04
2 4 -1.0005472322341230e-02 1.4616555957767591e-04
2 5 -8.1172274540400723e-03 7.4088003625979372e-05
2 6 -6.7288615732066584e-03 1.2584682151948998e-04
2 7 -5.7059877668869221e-03 4.8122133161767513e-05
2 8 -5.1652907078737391e-03 6.0144681450000912e-05
2 9 -4.5883166688127260e-03 -4.0989786821904346e-05
2 10 -4.2923883274584591e-03 -2.0170482218147881e-05
2 11 -3.8364977864317447e-03 1.9291452590269250e-05
2 12 -3.2725836652409863e-03 4.0485555396271538e-05
2 13 -3.0184001037411594e-03 2.6694882877642046e-05
2 14 -2.6436599127336279e-03 1.4512801314211890e-05
2 15 -2.2407160495231788e-03 1.2689377351708766e-05
2 16 -1.9118252945757158e-03 1.8744705713353327e-05
2 17 -1.6222991276233685e-03 -8.8288330916566046e-06
2 18 -1.3643498155433706e-03 -3.7013602540243639e-06
2 19 -1.1430068944508597e-03 -1.1758105276630574e-06
2 20 -9.6922604630856550e-04 7.0835489068882277e-06
2 21 -8.3106162005986816e-04 -1.3517119921400165e-06
2 22 -7.1918360729483343e-04 1.9351008634936188e-06
2 23 -6.3231026598421086e-04 -5.6165928453637415e-07
2 24 -5.5414274318547039e-04 -9.9992730044946605e-07
2 25 -5.1368830577685977e-04 2.1543209785107117e-06
2 26 -4.4555233052800969e-04 -3.3052279066248282e-07
2 27 -3.8480993268502265e-04 -1.3251081627030998e-06
2 28 -3.3885606984100002e-04 4.1757251041739985e-06
2 29 -2.7951174240843071e-04 2.8036344191164075e-06
2 30 -2.3130734966660691e-04 -3.9064995215885092e-07
2 31 -1.9498585641228311e-04 -3.0567636490519405e-07
2 32 -1.7364073069010816e-04 1.8699050873387355e-06
2 33 -1.6291435426967298e-04 2.1233822973229304e-06
2 34 -1.5958109251615303e-04 6.9277747348798159e-07
2 35 -1.6294825710752629e-04 9.5637878202278897e-07
2 36 -1.6934453038455790e-04 9.3485806867214719e-07
2 37 -1.8440379446269922e-04 1.1841676803380427e-06
2 38 -1.9612934388641849e-04 -1.1555838012989687e-06
2 39 -2.0366238896159418e-04 1.6520415894669195e-06
2 40 -2.2095770373501328e-04 1.1849547015322662e-06
2 41 -2.5124270850748629e-04 -3.8366295265031846e-06
2 42 -2.7040779996372386e-04 -2.1115440686866784e-06
2 43 -2.8803691587033100e-04 -9.0656469401876990e-07
2 44 -3.0951311522517454e-04 1.9267855840247890e-06
2 45 -3.3589848998239022e-04 1.3443300171483618e-06
2 46 -3.8021856885706539e-04 -2.9260879445611316e-08
2 47 -4.1314761547348651e-04 2.9597701527056599e-06
2 48 -4.3842853425632780e-04 2.4689683866799556e-06
2 49 -4.8929032899620644e-04 8.1158644432717076e-07
2 50 -5.9584623048182105e-04 2.0362797261019292e-06
2 51 -7.2195774648352350e-04 6.0980487619405404e-06
2 52 -8.3715529263855620e-04 9.0147831604308005e-06
2 53 -9.1337486448812399e-04 -1.5831440151954870e-06
2 54 -1.0031539212430761e-03 -1.8492600706613189e-06
2 55 -1.1362511409969442e-03 -1.6950734305981243e-05
2 56 -1.3001118447437505e-03 -1.3368286327961125e-05
2 57 -1.4731017128285144e-03 -1.4305318131379924e-05
2 58 -1.6776870120604516e-03 -2.0066802124194164e-05
2 59 -1.8694413722428979e-03 -2.5741649868599394e-05
2 60 -2.1530514620236203e-03 -3.4475573985146025e-05
2 61 -2.5514382503241222e-03 -1.1724316384966452e-05
2 62 -3.0351083254287182e-03 -2.0096660178303499e-05
2 63 -3.7812131908996033e-03 7.7145121197998321e-06
2 64 -4.4477048395062191e-03 -5.8641419948139927e-06
2 65 -5.2143615810386137e-03 1.0184470088029908e-04
2 66 -5.9368895960681817e-03 5.4515283884915591e-05
2 67 -6.9895761741927253e-03 9.9965304634701751e-05
2 68 -8.4461534129841222e-03 -5.4986687049387805e-06
2 69 -1.1147710734419902e-02 -2.1230361180505118e-04
2 70 -1.8813153187957433e-02 -6.9151338601891591e-05
2 71 -3.5659252546054197e-02 -8.4922952484532677e-04
3 0 -3.3556886821001199e-02 -7.5890145274276155e-04
3 1 -1.4616151627338028e-02 3.0372449428607052e-05
3 2 -9.3939386479545174e-03 -2.7263400264718006e-04
3 3 -7.3837987900343370e-03 1.8629694931664739e-04
3 4 -5.6815322102540325e-03 1.2068282095784564e-04
3 5 -4.6907950376137821e-03 8.1402497919837838e-05
3 6 -3.9197850993466865e-03 1.2936373579714184e-04
3 7 -3.3162512832966532e-03 7.1277302725387430e-05
3 8 -2.9819365214276508e-03 7.2027665518953023e-05
3 9 -2.6457736142154686e-03 -3.5925062714277530e-05
3 10 -2.4871397357061455e-03 -1.7841783837491707e-05
3 11 -2.1853724608208889e-03 1.5908968700148559e-05
3 12 -1.8503884358589929e-03 2.7930546912113042e-05
3 13 -1.7250614731660460e-03 1.8862371581871229e-05
3 14 -1.5120495961782972e-03 4.0463925103867748e-06
3 15 -1.2825584936511395e-03 1.5040525573836361e-05
3 16 -1.1051937117586451e-03 2.7964068127926215e-05
3 17 -9.3385081218205367e-04 -9.4225945561908022e-06
3 18 -7.8473240936213231e-04 -4.8248252328179204e-07
3 19 -6.5567840279571674e-04 -4.2269631678768476e-07
3 20 -5.5694762884977696e-04 7.9444521716006456e-06
3 21 -4.8062546685588965e-04 -5.7964733177497796e-07
3 22 -4.1110406111645703e-04 7.7785700694390196e-07
3 23 -3.5956786343245209e-04 -2.0127200195379630e-06
3 24 -3.1321871719444688e-04 -6.7032134264695557e-08
3 25 -2.9611586544795452e-04 2.8305195767902340e-06
3 26 -2.5414376105328422e-04 -1.5267544241351710e-06
3 27 -2.1669304439327558e-04 -1.2864973535071056e-06
3 28 -1.9571381677716001e-04 5.4205667668346131e-06
3 29 -1.5955068271591359e-04 3.8487079929631462e-06
3 30 -1.3205886552573599e-04 -4.4897500560456683e-08
3 31 -1.1198526116783347e-04 -6.8437644240450773e-07
3 32 -9.9498046244475671e-05 2.0450465036328608e-06
3 33 -9.3362132684685902e-05 1.7492225008872382e-06
3 34 -9.0894724847718849e-05 6.0318136556320201e-07
3 35 -9.4538192821689058e-05 5.7493466578779269e-07
3 36 -9.8360115651727751e-05 8.0096307296994666e-07
3 37 -1.0650932879364186e-04 4.2628490567026525e-07
3 38 -1.1431165645392385e-04 -1.9700829980413233e-06
3 39 -1.1933756280710440e-04 1.3901350881045838e-06
3 40 -1.2752345611398606e-04 4.0687602082924845e-07
3 41 -1.4681180804971107e-04 -4.1368482598015411e-06
3 42 -1.5804085492654603e-04 -1.7903254158530009e-06
3 43 -1.6501594781520235e-04 -1.0206501178901300e-06
3 44 -1.7991711372505775e-04 1.5905737453944654e-06
3 45 -1.9164437620303588e-04 1.4818890356464514e-06
3 46 -2.1801918034800727e-04 -3.1259903877230986e-07
3 47 -2.4160890832100750e-04 2.2263117915465517e-06
3 48 -2.5486390804603417e-04 2.7276957823765577e-06
3 49 -2.8376575083052330e-04 1.5533060903224588e-06
3 50 -3.4222564699549032e-04 1.6909848419701830e-06
3 51 -4.1089601419005517e-04 7.6287794465895873e-06
3 52 -4.7349451834984984e-04 8.2745967807016034e-06
3 53 -5.2168038548231323e-04 -3.5110279974769703e-06
3 54 -5.7394907113004785e-04 3.6241918436524234e-07
3 55 -6.3825135260129782e-04 -1.1131053995250598e-05
3 56 -7.3507175352105502e-04 -8.1704897329160377e-06
3 57 -8.3058047494166925e-04 -1.6205404135556429e-05
3 58 -9.5635285533708344e-04 -2.1968322003675426e-05
3 59 -1.0715233497705706e-03 -2.8070667166807274e-05
3 60 -1.2343277872003820e-03 -3.0849936556046910e-05
3 61 -1.4681096393362385e-03 1.2642359783335603e-06
3 62 -1.7336685071386790e-03 -1.3390499777421449e-05
3 63 -2.1955410919875119e-03 1.2531206703817766e-05
3 64 -2.5678878164067708e-03 -1.2313445161259040e-05
3 65 -3.0286458827005979e-03 9.0671741453467674e-05
3 66 -3.4086683953353804e-03 5.0332300433928242e-05
3 67 -3.9559451814880596e-03 9.5816577709971555e-05
3 68 -4.6946547365928088e-03 1.3557857639142224e-05
3 69 -5.9899129400462440e-03 -2.3567893615596619e-04
3 70 -9.8952603431483599e-03 -9.2673259740555370e-05
3 71 -1.5497039915930587e-02 -7.4017077820712316e-04
4 0 -1.2333325621845987e-02 -4.1173053007960322e-04
4 1 -6.3257203841655231e-03 2.0642859177356446e-04
4 2 -4.7786461735211715e-03 -3.1489484840954354e-04
4 3 -4.0362066198041903e-03 1.5922705944108656e-04
4 4 -3.0636697548800922e-03 7.4981066877942778e-05
4 5 -2.5763859137643780e-03 7.4553067243403109e-05
4 6 -2.1933093831421821e-03 1.2087882748095305e-04
4 7 -1.8528014215247440e-03 7.3693288690589799e-05
4 8 -1.6498734518471724e-03 6.4733262556757428e-05
4 9 -1.4621605264011478e-03 -2.1564649574970245e-05
4 10 -1.3853751471082220e-03 -1.0368226414661979e-05
4 11 -1.1840803601235990e-03 1.0943959599384295e-05
4 12 -1.0054751993703282e-03 1.5010519489681056e-05
4 13 -9.3584315051071013e-04 7.5726364905819448e-06
4 14 -8.3367913085051655e-04 2.9063301762896342e-06
4 15 -7.1151918066769465e-04 2.0032609570494650e-05
4 16 -6.1202368616254828e-04 3.2147541430950810e-05
4 17 -5.1337102820597281e-04 -4.4563751922925152e-06
4 18 -4.3554206410489872e-04 2.5124342770774538e-08
4 19 -3.6332683733215980e-04 -2.3710054947686388e-07
4 20 -3.0650913522824527e-04 5.7784737919253430e-06
4 21 -2.6703304556308278e-04 1.3841361697141862e-06
4 22 -2.2465797913038136e-04 1.9244401963606813e-07
4 23 -1.9440857360317315e-04 -2.9033199282638475e-06
4 24 -1.6890979810683330e-04 3.9604185797931541e-07
4 25 -1.6319747432442372e-04 3.2797678877452509e-06
4 26 -1.3844375524560412e-04 -2.6839395101282232e-06
4 27 -1.1634815132290949e-04 -1.1244445957483899e-06
4 28 -1.0835174070317630e-04 5.7546148104473707e-06
4 29 -8.6896963460046257e-05 3.7147297534453937e-06
4 30 -7.2441467036886588e-05 5.5010297351583563e-08
4 31 -6.1916500620552982e-05 -6.6765060413102747e-07
4 32 -5.4623912625517335e-05 1.7551620251975083e-06
4 33 -5.1453225542006190e-05 1.0213958174163195e-06
4 34 -4.9461200226880031e-05 4.4605564784585197e-07
4 35 -5.2810733121302344e-05 1.7562974640078446e-07
4 36 -5.5112251339438916e-05 2.7790390728525829e-08
4 37 -5.9419378718567542e-05 8.7050573417001496e-08
4 38 -6.4309324774462204e-05 -2.2108595016554386e-06
4 39 -6.7430248467088453e-05 1.2996145481370144e-06
4 40 -7.1020612224441249e-05 -1.9770677993339082e-07
4 41 -8.2053137948334513e-05 -3.1962794351489646e-06
4 42 -8.9310776281174525e-05 -1.2159053339765903e-06
4 43 -8.9758738741666313e-05 -1.0627075979489220e-06
4 44 -9.9818900667788003e-05 8.3012000053397203e-07
4 45 -1.0479728752452058e-04 1.0719369127766677e-06
4 46 -1.1992021793011111e-04 2.4391516051916354e-07
4 47 -1.3567612268028566e-04 1.3200842623928299e-06
4 48 -1.4117502435400279e-04 2.5377907026186733e-06
4 49 -1.5833655604725874e-04 1.6090764224703879e-06
4 50 -1.8732665759762883e-04 2.7672181043486366e-06
4 51 -2.2419938535459558e-04 8.8529395222125320e-06
4 52 -2.5629061278550257e-04 7.9497573802767787e-06
4 53 -2.8565757280453263e-04 -4.7790022676280548e-06
4 54 -3.1511594684670958e-04 -2.1574920837888306e-06
4 55 -3.4022648874585098e-04 -4.3907884921488776e-06
4 56 -3.9250812465735997e-04 -6.7096916849796328e-06
4 57 -4.4475500640927163e-04 -1.2478310244995172e-05
4 58 -5.2469202309789469e-04 -2.0584177340860904e-05
4 59 -5.9182247364825971e-04 -2.6489880208252107e-05
4 60 -6.8426833670556407e-04 -2.1817734700046313e-05
4 61 -8.2116434130120549e-04 1.5334065585007639e-05
4 62 -9.4377727988935478e-04 -7.4127765036282244e-06
4 63 -1.2327888717453448e-03 2.0043169335667136e-05
4 64 -1.4192615052003694e-03 -1.9624051371645768e-05
4 65 -1.7007294537834583e-03 6.4453897725558958e-05
4 66 -1.8876496735220261e-03 2.8126406187936213e-05
4 67 -2.1380036919138650e-03 8.5137724976233392e-05
4 68 -2.4883957791092203e-03 3.2067209436186536e-05
4 69 -3.0977861406427504e-03 -1.6873128305570383e-04
4 70 -4.8824159879582666e-03 -1.3055341402173039e-04
4 71 -6.5145007364332168e-03 -3.6797662652486118e-04
5 0 -4.9604840005935073e-03 -6.3747840273101859e-04
5 1 -2.8425244694116267e-03 1.4513793432595497e-04
5 2 -2.4171328623720924e-03 -3.0141871063108828e-04
5 3 -2.1159064756240062e-03 1.0965236257608389e-04
5 4 -1.6003719405360403e-03 4.8388931258913955e-05
5 5 -1.3297747444016657e-03 5.8771220222385721e-05
5 6 -1.1841410238402023e-03 9.4474062761336998e-05
5 7 -1.0086916556031500e-03 6.1995571883648583e-05
5 8 -8.9311679239171139e-04 5.5349990651949336e-05
5 9 -7.8826058759717431e-04 -3.3924340367362916e-06
5 10 -7.5150298538014285e-04 2.1528121630371502e-06
5 11 -6.2299817723890599e-04 -1.6513460077286310e-06
5 12 -5.2801132651481811e-04 8.7560817247004667e-06
5 13 -4.9350099602403995e-04 -3.3376959098815522e-06
5 14 -4.4798756076672879e-04 1.7643142886803527e-06
5 15 -3.8832169076914887e-04 2.5563527217794577e-05
5 16 -3.2934160308578870e-04 3.2889975228321780e-05
5 17 -2.7315740796261112e-04 -7.4328486681438765e-07
5 18 -2.3906954034043013e-04 -1.2061315676504898e-06
5 19 -1.9848995143604734e-04 7.8136090974518477e-07
5 20 -1.6317613829492061e-04 8.8845293809983417e-07
5 21 -1.4444618269089543e-04 1.7362112742450047e-06
5 22 -1.1663405470957153e-04 -2.1936722900590792e-06
5 23 -1.0054527832032572e-04 -2.8272234110415357e-06
5 24 -8.8036663389967480e-05 9.4648929849730828e-07
5 25 -8.5969618198220347e-05 2.9451673378345851e-06
5 26 -7.3573734142782870e-05 -2.7814650928683578e-06
5 27 -6.0555528890683086e-05 -1.3637771016227009e-06
5 28 -5.8678619760677087e-05 5.8635507788977965e-06
5 29 -4.6080514834076994e-05 2.8009837287531667e-06
5 30 -3.8850581157921458e-05 1.9769598137898134e-08
5 31 -3.3359673218060770e-05 -7.1204111523441773e-07
5 32 -2.9337864986567284e-05 1.1328430010689574e-06
5 33 -2.8001406897833009e-05 6.4108517423441763e-07
5 34 -2.6520020947571406e-05 -3.4196115632136590e-08
5 35 -2.8854338614593168e-05 -5.2739972112346128e-08
5 36 -3.0705476335676298e-05 -6.5981686855342095e-07
5 37 -3.2878078552807494e-05 2.1862256649391632e-07
5 38 -3.5902212724717516e-05 -1.7732755656163228e-06
5 39 -3.7325098258256565e-05 1.4633092376831448e-06
5 40 -3.8701486151569042e-05 -3.0198720827749043e-07
5 41 -4.4404004113299833e-05 -2.1782307030143888e-06
5 42 -4.9493124831391896e-05 -1.3018111485834036e-06
5 43 -4.6983108832444203e-05 -7.2524373368086741e-07
5 44 -5.3277653837355756e-05 1.4734867337235593e-07
5 45 -5.5144447339930749e-05 4.0783804872078967e-07
5 46 -6.3879545482087345e-05 1.0588561373568560e-06
5 47 -7.3392541332360791e-05 -8.5841418187591978e-08
5 48 -7.5890139228861357e-05 2.6100763071642400e-06
5 49 -8.6475020577408932e-05 1.8469619668755915e-06
5 50 -9.9818790232183887e-05 3.5847742075819181e-06
5 51 -1.1866815810760403e-04 6.3426718441218374e-06
5 52 -1.3456901246708725e-04 7.2646351692631696e-06
5 53 -1.5186000116500169e-04 -6.2564015575305793e-06
5 54 -1.6581143176373964e-04 -4.0023483062645956e-06
5 55 -1.7308207445133016e-04 -9.0071795761113854e-07
5 56 -1.9844498951076438e-04 -9.9376892328664567e-06
5 57 -2.2753367959554689e-04 -7.8379654762715349e-06
5 58 -2.8480810964342032e-04 -1.9821944712662084e-05
5 59 -3.2142001764203171e-04 -1.9457481659838265e-05
5 60 -3.7320721541064203e-04 -1.2950364257873933e-05
5 61 -4.4993363585287959e-04 2.0488447324383597e-05
5 62 -4.9092045503955611e-04 -7.9698597594950611e-06
5 63 -6.8015731082685972e-04 1.7482048575489134e-05
5 64 -7.5738179271543941e-04 -2.6037732343788377e-05
5 65 -9.2900027248168037e-04 4.1641725016428062e-05
5 66 -1.0364017148423021e-03 1.4269196333621836e-05
5 67 -1.1357741337649221e-03 7.0173995602074328e-05
5 68 -1.2992899661042347e-03 2.4371196994080856e-05
5 69 -1.5727142024448185e-03 -7.4505772204728064e-05
5 70 -2.3020660332918664e-03 -9.6812372690152306e-05
5 71 -2.5651716034675071e-03 -1.8368738767061867e-04
6 0 -1.9408709985146212e-03 -5.2882970994216861e-04
6 1 -1.1485566846831513e-03 1.0348123607448285e-05
6 2 -1.2044479221245542e-03 -2.5982362185492260e-04
6 3 -1.0403894223943672e-03 6.6853357837738477e-05
6 4 -8.0571047904759896e-04 2.5958319916140624e-05
6 5 -6.3781505279940365e-04 5.1652434495722292e-05
6 6 -6.2706632076343319e-04 6.5859332739915218e-05
6 7 -5.3852903228209328e-04 4.3501642206860759e-05
6 8 -4.8013773036994448e-04 5.3283726141842054e-05
6 9 -4.1829381531786620e-04 4.2414064995549613e-06
6 10 -4.0848844266315568e-04 1.4628860610256939e-05
6 11 -3.1872780189502536e-04 -4.8033769813599474e-06
6 12 -2.7902693089401962e-04 1.2745750947531449e-05
6 13 -2.5548276097402535e-04 -1.1252056214885636e-05
6 14 -2.3335798689367251e-04 2.1155291909479905e-06
6 15 -2.0985567888451241e-04 3.1835343086608171e-05
6 16 -1.7953951240315925e-04 3.0207306398195367e-05
6 17 -1.4116669714950519e-04 4.6556354782115720e-06
6 18 -1.2898049351850994e-04 -2.6579067727673860e-06
6 19 -1.0682692149193701e-04 4.5966040241890886e-06
6 20 -8.3924448593988092e-05 -4.4363540402569370e-06
6 21 -7.5515627976447940e-05 2.1493240332629548e-06
6 22 -5.8328568091766352e-05 -4.3710650721241783e-06
6 23 -4.9922548355971261e-05 -2.4480710201530883e-06
6 24 -4.4483119075041535e-05 1.9884736627817162e-06
6 25 -4.3228261115035362e-05 2.8238264492318940e-06
6 26 -3.9025720620627596e-05 -2.0339662361648562e-06
6 27 -3.0187504372669871e-05 -1.2656917539929751e-06
6 28 -3.1480583018052676e-05 6.0499206362170397e-06
6 29 -2.4178888681876451e-05 1.4575077070739002e-06
6 30 -2.0406210262264977e-05 2.9207384663986158e-07
6 31 -1.7635365085428085e-05 -1.1672838477650194e-06
6 32 -1.5651509784201773e-05 8.2439871760791671e-07
6 33 -1.5201872966435351e-05 4.3542180160438325e-07
6 34 -1.3942793224438720e-05 -2.9572997130435875e-07
6 35 -1.5475021199365695e-05 -2.7947877485636017e-07
6 36 -1.7291657827916980e-05 -9.0827218274416709e-07
6 37 -1.8099726881401546e-05 2.1444227723371919e-07
6 38 -2.0022249527476724e-05 -1.2643861044797145e-06
6 39 -2.0814742360106256e-05 1.3112957903389678e-06
6 40 -2.0635018355670230e-05 -3.7628015893847341e-07
6 41 -2.3264018651211092e-05 -4.0357976646343795e-07
6 42 -2.6589224921862564e-05 -1.7458359406720662e-06
6 43 -2.3353938426687430e-05 -3.5667996503392078e-07
6 44 -2.8444548556163988e-05 -3.8052282284819628e-07
6 45 -2.8396967269142560e-05 -1.9085071019789821e-08
6 46 -3.2959671174418744e-05 2.0263841268817533e-06
6 47 -3.8288163744283367e-05 -1.8123881414970106e-06
6 48 -4.0175803104920315e-05 2.6760503888745993e-06
6 49 -4.6868388217273567e-05 1.9533242726895750e-06
6 50 -5.1787485071765358e-05 3.8378512064029051e-06
6 51 -6.0968691748199144e-05 3.9909457296185631e-06
6 52 -6.8422288034615585e-05 5.3084109756904627e-06
6 53 -7.9374164855706820e-05 -6.9969655415255436e-06
6 54 -8.3597602391878478e-05 -4.0504153278283436e-06
6 55 -8.4263369731041535e-05 -1.3133249235031241e-06
6 56 -9.4920604967748673e-05 -1.2095568660412730e-05
6 57 -1.1234667531932116e-04 -2.6389294927363538e-06
6 58 -1.5027197319079371e-04 -1.6831137831610202e-05
6 59 -1.7323261718021611e-04 -9.2307298652875649e-06
6 60 -1.9334460891784570e-04 -7.2496371466046891e-06
6 61 -2.3827015444761031e-04 1.9181158557988006e-05
6 62 -2.4879617262039370e-04 -1.1127694168201641e-05
6 63 -3.7049336105374073e-04 7.3922918423902173e-06
6 64 -3.9429913842989984e-04 -4.0231330390672531e-05
6 65 -4.9614705250219059e-04 3.3849703933290897e-05
6 66 -5.7181472547028229e-04 4.7262627857667435e-06
6 67 -5.9067448773493395e-04 5.2446313934011889e-05
6 68 -6.6968016723279616e-04 6.6832151477307106e-06
6 69 -7.8888488127670494e-04 -1.3847087582812635e-05
6 70 -1.0863477472542356e-03 -5.1323847131090031e-05
6 71 -1.0118582385438826e-03 -1.3690477406147356e-04
7 0 -8.4477744581250985e-04 -3.6013994141363540e-04
7 1 -4.4140552618827423e-04 3.3726433246738305e-05
7 2 -5.7554156648052075e-04 -2.1216670646812121e-04
7 3 -4.6896234488554819e-04 2.5439507575470148e-05
7 4 -3.8472441444843220e-04 1.3643924822187135e-05
7 5 -2.8001999023528657e-04 5.7160689531106253e-05
7 6 -3.3264192823604576e-04 4.3883848992227113e-05
7 7 -2.7461911553941748e-04 2.5280753564210386e-05
7 8 -2.5365734318000212e-04 6.0004373142100630e-05
7 9 -2.1309239354714283e-04 2.7170140028674360e-06
7 10 -2.3102234238055709e-04 2.0937967409469332e-05
7 11 -1.6361927286222193e-04 -4.4599772989619248e-07
7 12 -1.5585637578570830e-04 1.6598859221306723e-05
7 13 -1.3095631231785463e-04 -1.4930485574798963e-05
7 14 -1.1363263510800853e-04 4.6520582085410922e-06
7 15 -1.1262443529358942e-04 3.5032956336444856e-05
7 16 -1.0538780737679864e-04 2.1473702668089722e-05
7 17 -7.1864338483233468e-05 1.2018207494120883e-05
7 18 -6.5083208430871073e-05 -2.4291470819949276e-06
7 19 -5.6884900758091291e-05 1.1502214275834885e-05
7 20 -4.2988672138849172e-05 -9.0012540571831609e-06
7 21 -3.8614694237442537e-05 3.1652281894943253e-06
7 22 -2.8912401439660285e-05 -5.5726022085123221e-06
7 23 -2.4870395199208181e-05 -2.4707822197223104e-06
7 24 -2.1681248206837019e-05 1.8236150812496684e-06
7 25 -2.0631408571043127e-05 2.5184755978371366e-06
7 26 -2.1538042958467624e-05 -6.5983074583179308e-07
7 27 -1.3511432895484279e-05 2.7425429574111240e-07
7 28 -1.7111121931027330e-05 5.6555807913261001e-06
7 29 -1.2457510689072439e-05 2.6925544180103477e-07
7 30 -1.0617173190099897e-05 4.3457436391876960e-07
7 31 -9.3289794533413499e-06 -1.3610324442069913e-06
7 32 -8.3959762225509679e-06 6.4763448625049666e-07
7 33 -8.5224524527771629e-06 2.8654757019532305e-07
7 34 -7.2304066196217389e-06 -1.7092257273861211e-07
7 35 -8.6421794658511338e-06 -4.6221361203778972e-07
7 36 -1.0090221464958356e-05 -3.9127015179095614e-07
7 37 -1.0326741087785776e-05 2.4954924701811481e-08
7 38 -1.1277242727160788e-05 -1.1004245847799671e-06
7 39 -1.1888063566630091e-05 9.4669833503257495e-07
7 40 -1.0486160419503076e-05 -6.9262442021936937e-07
7 41 -1.1460585406933404e-05 1.3805752039627320e-06
7 42 -1.3932666940786970e-05 -1.5107047999429035e-06
7 43 -1.0787737016769219e-05 -1.8914587224006600e-07
7 44 -1.5839454446819641e-05 -3.6792538127003062e-07
7 45 -1.4620842807434996e-05 -3.3774459209886927e-07
7 46 -1.6102023989654101e-05 2.1483047653211429e-06
7 47 -1.8949322125926588e-05 -3.2337817906899080e-06
7 48 -2.0846401149086916e-05 2.8392571232587182e-06
7 49 -2.5684389676683194e-05 1.8954980839304649e-06
7 50 -2.5654311737356786e-05 2.5604629250732031e-06
7 51 -3.1966962915406494e-05 1.4419117300597720e-06
7 52 -3.4688344726472252e-05 3.6065335307746078e-06
7 53 -4.1788897217837651e-05 -5.9195549897995730e-06
7 54 -4.1298733765471137e-05 -2.5619647437955392e-06
7 55 -4.1295352148499180e-05 -3.3304854217484973e-06
7 56 -4.0576703773879247e-05 -1.2496647588771831e-05
7 57 -5.4090632673874457e-05 -6.7170673224248851e-07
7 58 -7.4007826912374374e-05 -1.0146059870668098e-05
7 59 -9.1852503687936778e-05 -2.3658126195252151e-06
7 60 -9.2948832286351781e-05 -5.1789761261634942e-06
7 61 -1.2062985081493925e-04 1.2818959177438844e-05
7 62 -1.2801467800874273e-04 -1.2941231007394329e-05
7 63 -1.9420368698877652e-04 -2.1578917715086001e-06
7 64 -2.0240340636789689e-04 -4.9475063333570196e-05
7 65 -2.6320230865427150e-04 3.4908274891242431e-05
7 66 -3.1758628420513834e-04 1.1605334111826501e-06
7 67 -3.1128861329630312e-04 3.9560251934199462e-05
7 68 -3.5006041441719134e-04 4.5864944349019172e-07
7 69 -3.9208395275000708e-04 2.1515700444386815e-05
7 70 -5.2433017201883889e-04 -2.7732505828053707e-05
7 71 -4.7776117262337674e-04 -9.7636255172980766e-05
8 0 -4.8528428400152791e-04 -2.4860464323497666e-04
8 1 -1.5026085266872457e-04 6.1456006608072734e-05
8 2 -2.5639139888703052e-04 -1.4936296164322940e-04
8 3 -1.9581353323593105e-04 -1.5831420337798908e-05
8 4 -1.8175290112388905e-04 1.9135104182118423e-05
8 5 -1.1650519018010206e-04 6.2475635050092184e-05
8 6 -1.7448058913551467e-04 2.9897473884637435e-05
8 7 -1.2758411504475308e-04 8.0246209629746196e-06
8 8 -1.3085806007675780e-04 6.6446247673942519e-05
8 9 -1.0214201387835951e-04 -7.4693859473950078e-06
8 10 -1.3841489294948078e-04 2.5891872780527890e-05
8 11 -8.7744525686129466e-05 -6.7303526726398129e-07
8 12 -9.3631420840333785e-05 1.7009090051678953e-05
8 13 -6.6094194648954081e-05 -1.6911798073310990e-05
8 14 -5.0968356238914409e-05 5.4913075470843177e-06
8 15 -5.7260206500039742e-05 3.2488103418064170e-05
8 16 -6.7338187443716769e-05 1.1388553786614447e-05
8 17 -3.9515166011588811e-05 1.8553446551713582e-05
8 18 -3.1816051185762370e-05 -1.6679069881620752e-06
8 19 -2.9938953345333558e-05 1.9273078013038866e-05
8 20 -2.2399455031261470e-05 -1.0184677249628622e-05
8 21 -1.8337740976097473e-05 3.1932551196603595e-06
8 22 -1.5428144390491011e-05 -5.7023747188115167e-06
8 23 -1.4482381406586974e-05 -3.7737526549641456e-06
8 24 -1.1348640034826201e-05 1.0929124562822003e-06
8 25 -9.4149257078072415e-06 7.6753892565962746e-07
8 26 -1.2883110180540205e-05 -4.3352604753040404e-07
8 27 -4.5334841988695119e-06 8.8016174808014245e-07
8 28 -9.8480152201494998e-06 4.1440779274761019e-06
8 29 -5.9402181532163004e-06 -3.6573053545760416e-07
8 30 -5.7829244272778098e-06 3.6507116711834392e-07
8 31 -4.9405834463584068e-06 -1.1102819930117790e-06
8 32 -4.1021868498752768e-06 6.0068692063968903e-07
8 33 -5.1270219536600018e-06 1.6611683060066446e-07
8 34 -3.7804782477781349e-06 7.9917114350943369e-08
8 35 -5.3166797212619838e-06 -4.9823100982402593e-07
8 36 -6.0822162789923194e-06 1.4855251930954985e-07
8 37 -6.3836612984019565e-06 -5.6765356112602626e-09
8 38 -6.6463062608193177e-06 -9.0332430849341223e-07
8 39 -7.3705285136031565e-06 7.3407521831444784e-07
8 40 -4.7968395847443734e-06 -1.3706655286944907e-06
8 41 -5.7441779461105135e-06 2.4727073320069503e-06
8 42 -7.4153779734541602e-06 -7.9370493138708094e-07
8 43 -4.7552665525414970e-06 2.6278442028396146e-07
8 44 -9.1694217069877128e-06 2.0318221476581372e-08
8 45 -7.4015358959375144e-06 -2.9650293368723556e-07
8 46 -7.1835606987923338e-06 1.8242952063081176e-06
8 47 -8.8989546740658563e-06 -3.4853829735474612e-06
8 48 -1.0922326234418662e-05 2.9679960366719006e-06
8 49 -1.4867732635486854e-05 1.2798760302313555e-06
8 50 -1.2906693862794967e-05 1.6168401588102693e-06
8 51 -1.8102205011054635e-05 2.4506670924706963e-08
8 52 -1.6744555865893073e-05 2.9022137193142897e-06
8 53 -2.2489881074404314e-05 -6.8846341363396105e-06
8 54 -2.2254071687239082e-05 -8.9090011361250128e-07
8 55 -2.2452130004563194e-05 -4.7777681060149962e-06
8 56 -1.4268269322792930e-05 -1.0980299683856237e-05
8 57 -2.6474889884055893e-05 3.1701342434622379e-06
8 58 -3.0669164576875132e-05 -6.0581175979427153e-06
8 59 -4.8253445829618998e-05 -2.5966649228193071e-06
8 60 -4.1221863969960079e-05 -5.6124446957252100e-06
8 61 -5.8326086355079138e-05 7.4125999445819114e-06
8 62 -6.2370397310071183e-05 -1.6911767151668740e-05
8 63 -9.5226127153555764e-05 -4.4035455328401032e-06
8 64 -1.0096591640300920e-04 -5.4648252536387333e-05
8 65 -1.4371100256386289e-04 2.9325716627885256e-05
8 66 -1.7902328764165078e-04 2.0094430397972267e-06
8 67 -1.6287921256671951e-04 2.1097326119840254e-05
8 68 -1.9307035432888399e-04 5.1753466305111134e-06
8 69 -2.0000961577889959e-04 2.7490595856953133e-05
8 70 -2.6345265487583879e-04 -9.3999217340072598e-06
8 71 -2.2132485033345598e-04 -8.8007849783858921e-05
9 0 -2.7058182776815035e-04 -1.4642812128940326e-04
9 1 -5.4983530264613672e-06 1.0715961666914907e-05
9 2 -1.0428866035039802e-04 -6.9048127443009413e-05
9 3 -8.5438040194054158e-05 -3.8910643356014816e-05
9 4 -9.0745002054187996e-05 1.1801408476928498e-05
9 5 -4.6325865110127918e-05 5.4810271570147743e-05
9 6 -9.6418102835335121e-05 2.1878155172987496e-05
9 7 -5.8105937950172243e-05 -9.9698757916020024e-06
9 8 -6.3164869579857252e-05 6.0959161577640892e-05
9 9 -5.2273002249694198e-05 -9.5640363137783819e-06
9 10 -7.9607851159930039e-05 1.8396571827935973e-05
9 11 -4.7175850263764887e-05 2.8193499099822291e-06
9 12 -5.9775067327279293e-05 1.8703178169666182e-05
9 13 -3.0683449317165238e-05 -2.1878475577111586e-05
9 14 -2.5845739768172156e-05 6.9336219364838014e-06
9 15 -3.0988534476727588e-05 2.3603775227610388e-05
9 16 -4.1673865464159295e-05 5.3399700466901452e-06
9 17 -2.3474518743202835e-05 2.0857143574120610e-05
9 18 -1.6151270542109347e-05 -1.0319405660800741e-06
9 19 -1.6425616769597942e-05 2.5171810724700918e-05
9 20 -1.2361870425745506e-05 -9.8028536445156607e-06
9 21 -7.4116767909843255e-06 2.1672694122762987e-06
9 22 -8.4346188898666510e-06 -3.3158075499919876e-06
9 23 -9.9121034854098295e-06 -4.9896398257037035e-06
9 24 -6.6052230429993678e-06 5.2073817620160998e-07
9 25 -4.2533426928835459e-06 -6.4446243068157259e-07
9 26 -8.4383732498121964e-06 -1.3804449043697284e-06
9 27 -7.8878878708157632e-07 6.5741717803376411e-07
9 28 -5.7146626442301779e-06 2.5382946518661141e-06
9 29 -2.2249710563311390e-06 -4.7467980539381891e-07
9 30 -3.5992794317455847e-06 4.6723463637775797e-07
9 31 -2.6008843452780972e-06 -4.0172517459161180e-07
9 32 -1.7200870964677878e-06 4.6505241046391132e-07
9 33 -3.5845027598254168e-06 3.3339327417000493e-07
9 34 -1.9103319758851217e-06 3.6594552248894360e-07
9 35 -3.7243519862143277e-06 -3.6584706923317045e-07
9 36 -3.7010646922597175e-06 3.5459689745554160e-07
9 37 -4.0580529954409222e-06 1.8585814162635969e-07
9 38 -4.0096880186868288e-06 -8.6575466269560612e-07
9 39 -5.0156577959805342e-06 3.3290485584626807e-08
9 40 -2.1723061258800503e-06 -1.9604693809310235e-06
9 41 -3.0049115454859924e-06 3.0029538063966700e-06
9 42 -4.4951235970162523e-06 3.4604478347095557e-08
9 43 -1.7826713300822256e-06 4.1027861643110478e-07
9 44 -5.4699809173044459e-06 9.3559226707101778e-08
9 45 -3.6843479830763089e-06 -6.8161158086702773e-07
9 46 -2.7814422408404944e-06 1.6533636157236033e-06
9 47 -3.3836342264016088e-06 -3.0265999206737021e-06
9 48 -5.9944006332861021e-06 2.7534646986766138e-06
9 49 -9.5504847244859694e-06 5.1769029874071665e-07
9 50 -7.1049240880803975e-06 -2.1267260195599812e-07
9 51 -1.0933619432521574e-05 -8.7883657663712026e-07
9 52 -7.9351661200305675e-06 2.2361421511457280e-06
9 53 -1.2691566540716541e-05 -7.3349835393098317e-06
9 54 -1.3895522316148237e-05 1.2010314489400477e-06
9 55 -1.2418450146765344e-05 -3.9616909096795776e-06
9 56 -1.8076304655534443e-06 -7.7614193267380756e-06
9 57 -1.5446380567859064e-05 6.5342818802077202e-06
9 58 -1.0561146067477100e-05 -4.4655637419620064e-06
9 59 -2.3152933738030551e-05 -3.3667874253874800e-06
9 60 -1.4023034979987447e-05 -6.6485285276210291e-06
9 61 -2.6115441672390311e-05 3.9671755466001693e-06
9 62 -2.6254042796290847e-05 -2.1658453195050675e-05
9 63 -3.9514630142049463e-05 -3.2503698294796290e-06
9 64 -5.2701980198927581e-05 -5.2459480073546089e-05
9 65 -8.6504268979255519e-05 2.5960319641662096e-05
9 66 -9.2907494394374205e-05 1.2865647040332273e-05
9 67 -8.0530484167094156e-05 2.9715672243309990e-06
9 68 -1.1035942784401060e-04 1.8547676373408579e-07
9 69 -1.1503581235136241e-04 2.4725164541547269e-05
9 70 -1.4893909040042806e-04 2.8421007650025989e-05
9 71 -1.2216595292638817e-04 -9.4378460220283632e-05
10 0 -1.6904586720498902e-04 -3.5807723000719709e-05
10 1 2.2032107534119208e-05 -6.7604641119389240e-06
10 2 -2.1990898648149223e-05 -1.9627195947506763e-05
10 3 -5.6433459311224295e-05 -3.6362973252891427e-05
10 4 -5.4564313062227483e-05 4.3886400013654985e-06
10 5 -1.5388199460757738e-05 5.4462720668933514e-05
10 6 -6.8495734821633460e-05 1.5727607322998099e-05
10 7 -2.6244373765803008e-05 -2.6285285763330676e-05
10 8 -3.1769797617376044e-05 4.0903320211742407e-05
10 9 -2.6959383974234594e-05 -5.4684554342156649e-06
10 10 -3.5747368317065867e-05 7.1852557368267982e-06
10 11 -2.1510511786857809e-05 8.5541572224348661e-06
10 12 -3.4397867732116239e-05 1.3164062839080845e-05
10 13 -1.1221239888621108e-05 -2.5984043573996551e-05
10 14 -1.3160228726490985e-05 1.2283148835609779e-05
10 15 -1.9025943443029014e-05 1.6990461489179124e-05
10 16 -2.6642973127066921e-05 2.3028426531112716e-06
10 17 -1.6849946090283008e-05 2.0597693091475779e-05
10 18 -9.7772357725751827e-06 2.9932856321157813e-07
10 19 -8.6794025064063597e-06 2.4442295397726480e-05
10 20 -5.8737021407682723e-06 -7.1185650850847594e-06
10 21 -1.7057782388901381e-06 1.3185208272625283e-06
10 22 -4.8281495205081169e-06 -5.9170522346375327e-07
10 23 -7.4384814726713877e-06 -6.4494322461384381e-06
10 24 -5.1693060879095427e-06 5.0664710119728797e-07
10 25 -2.0355749895021074e-06 -1.6100634186146441e-06
10 26 -5.9382376258718016e-06 -1.8491134916772250e-06
10 27 3.8031274937515604e-07 1.5217267680446461e-06
10 28 -2.8168928215887436e-06 1.3517421592510888e-06
10 29 -4.9667280736523372e-08 -3.6987901776309294e-07
10 30 -2.2499970707466585e-06 1.2477135172933861e-08
10 31 -1.4876284358373618e-06 2.8680095239217341e-07
10 32 -3.5021207453466384e-07 1.8457398181866500e-07
10 33 -2.6076426552245688e-06 3.6379899947445824e-07
10 34 -7.8483547692922789e-07 5.7789643125898369e-07
10 35 -2.3723789614507589e-06 -3.6399018236545712e-07
10 36 -2.3051971517850927e-06 3.3334979168534154e-07
10 37 -2.7800440364248880e-06 3.3790702691177480e-07
10 38 -2.7211855493014674e-06 -8.5662131957749608e-07
10 39 -3.3066154658095741e-06 -9.4727262689259838e-07
10 40 -1.2042287848648946e-06 -2.3171145511854081e-06
10 41 -1.6593190768773645e-06 2.8620565457893829e-06
10 42 -2.8850864766446948e-06 9.2090570227622018e-07
10 43 2.7308402078172769e-07 4.9585070706345993e-07
10 44 -3.2091837222201322e-06 -1.5416428248785688e-07
10 45 -2.2682911631667204e-06 -1.3077952849617424e-06
10 46 -9.1784751235801701e-07 1.1879807404894988e-06
10 47 -1.4972508205079125e-06 -1.9799758146586039e-06
10 48 -3.8349661037439330e-06 2.2020110627471482e-06
10 49 -6.6421493749008848e-06 -3.8268223055858167e-07
10 50 -3.6579458742340267e-06 -1.9781382661302113e-06
10 51 -7.0323014020371121e-06 -1.0231408387668500e-06
10 52 -4.7603245131280149e-06 1.9635612936212163e-06
10 53 -7.4016156176488618e-06 -4.9379348105201626e-06
10 54 -7.9379439316298868e-06 3.6251899225464045e-06
10 55 -6.0739657222047632e-06 -8.1877271453437277e-07
10 56 5.5553245146817817e-06 -5.1229779438886249e-06
10 57 -1.2645373402624496e-05 7.7136378430381532e-06
10 58 -4.2216242212747403e-06 -2.7211663122398497e-06
10 59 -8.8851154270312403e-06 -4.8758226936192277e-06
10 60 -4.2441322057303757e-06 -6.3814928718970256e-06
10 61 -1.1520324960464592e-05 5.9803852541273121e-06
10 62 -4.3596813889095166e-06 -2.2918726036637288e-05
10 63 -7.8152929771780275e-06 -2.5971366306754027e-06
10 64 -3.2591286844907792e-05 -4.1033609630138707e-05
10 65 -5.2569133247650080e-05 3.0422168949775676e-05
10 66 -4.3636247067825102e-05 1.6418485064744902e-05
10 67 -3.6660715865327945e-05 -8.4959100192300366e-06
10 68 -6.1891987327944168e-05 -4.9278629175719081e-06
10 69 -7.1804353020648703e-05 1.4462065199329657e-05
10 70 -1.1867872561948910e-04 3.8590910999619892e-05
10 71 -8.6702126326451914e-05 -6.6753175788096972e-05
