0 0 -1.2246866605490925e+00 -2.2103971904754441e-19
0 1 -1.9911624216521237e-01 5.2131172003719557e-20
0 2 -9.3302385640499336e-02 -2.2826191966865556e-21
0 3 -6.3899765075832990e-02 -3.1022915465139546e-21
0 4 -5.1259749910030426e-02 -3.8133419128161670e-21
0 5 -4.5005846528492884e-02 1.4027346677519390e-21
0 6 -4.2106821451560826e-02 7.6424822350618418e-22
0 7 -4.0080811788786863e-02 -6.6773440216462605e-22
0 8 -3.7151236884726775e-02 -8.6595515064273179e-23
0 9 -3.4800836940637091e-02 -1.7324947738181649e-21
0 10 -3.0892364319771774e-02 -3.4152947277780047e-21
0 11 -2.5993677764141142e-02 3.0412305362214985e-22
0 12 -2.1300990427480095e-02 7.6344253029742000e-22
0 13 -1.7953774478615257e-02 -2.6747307809300001e-22
0 14 -1.5033748591480104e-02 1.1554350659111708e-21
0 15 -1.2661296275432650e-02 -5.9397489000266941e-22
0 16 -1.0619295317706327e-02 -5.3166351759773604e-23
0 17 -8.9395339988228555e-03 -8.4358362363296332e-22
0 18 -7.7312306228510723e-03 -1.0115929472996799e-21
0 19 -6.8560086198452674e-03 1.2100658689578846e-22
0 20 -6.2143112229344627e-03 -9.3967611362592055e-23
0 21 -5.9034682499615456e-03 3.2392518534484685e-22
0 22 -5.3563218775385148e-03 -1.8281977207270694e-22
0 23 -4.7117590908532644e-03 8.2489369761868103e-23
0 24 -4.0021841434782282e-03 1.5649338011808168e-22
0 25 -3.4157860459559167e-03 -7.3455946074808372e-23
0 26 -2.8371927134515423e-03 -1.0324087235547580e-22
0 27 -2.2987428398620426e-03 1.5273497538209605e-22
0 28 -1.8920684713496882e-03 3.6452499484774804e-23
0 29 -1.5111248945378244e-03 -4.7621048798713138e-23
0 30 -1.2725708834175908e-03 5.9340754934600085e-23
0 31 -1.0946252274287923e-03 -2.8153473399992110e-23
0 32 -9.8452003160250622e-04 -6.1776806551017384e-24
0 33 -8.8091986115334359e-04 4.6781194023939181e-23
0 34 -7.4927384770156113e-04 2.1539157166016113e-23
0 35 -6.8495198861821067e-04 1.1142776687079587e-23
0 36 -6.6271193135220517e-04 -2.6270958027021172e-25
0 37 -6.8212741482229157e-04 -5.0163263628616574e-23
0 38 -6.8116350990088663e-04 3.7115637476765904e-23
0 39 -6.4609994342943583e-04 -4.6022735287140195e-23
0 40 -6.9041748570455039e-04 -1.1457572735555921e-23
0 41 -7.3202208153642120e-04 2.5196662364979793e-23
0 42 -7.7557118443093446e-04 1.1406052293473786e-23
0 43 -8.6875676690591284e-04 3.9396705568285634e-25
0 44 -1.0101263228398723e-03 -1.1303382619752572e-22
0 45 -1.1608781383806426e-03 -7.3590950862425809e-23
0 46 -1.3367346925282121e-03 -7.1811344872223495e-23
0 47 -1.6033856092904932e-03 -2.2827400807293386e-23
0 48 -1.9712074968225562e-03 -3.5833011080870332e-23
0 49 -2.3082381431587611e-03 -1.1822400195016561e-22
0 50 -2.6099821425568902e-03 4.2834860854107179e-24
0 51 -2.9936804454960440e-03 -3.4093275705766995e-23
0 52 -3.3709193429175823e-03 -8.8565711589015781e-24
0 53 -3.6716230377897030e-03 -1.0370042336008077e-22
0 54 -4.0350190485125255e-03 1.9065112482737365e-22
0 55 -4.7330812996760349e-03 6.0078496929329901e-23
0 56 -5.8314677161389796e-03 1.4677751937694922e-23
0 57 -7.1772943886720215e-03 -1.7138171982435615e-22
0 58 -8.7581454154384720e-03 -4.5336627833297345e-22
0 59 -1.0362516567404065e-02 3.0416742112482943e-22
0 60 -1.2308002989900311e-02 -3.5649025748914957e-22
0 61 -1.4703855221672389e-02 -5.8507335054558775e-22
0 62 -1.8150741203492610e-02 -1.6331023906509346e-22
0 63 -2.2752427287108232e-02 -2.3855426140745970e-22
0 64 -2.6651874133383269e-02 4.3839566562011285e-22
0 65 -3.0381346469155392e-02 1.2376052053543014e-21
0 66 -3.6311023968219801e-02 1.9092397852930467e-21
0 67 -4.2609455579536618e-02 8.2132650123642778e-22
0 68 -5.3491506640931767e-02 -2.2522279047607018e-21
0 69 -7.1461476495022824e-02 1.8862048668843481e-21
0 70 -1.0116983976924640e-01 9.8803728811204435e-21
0 71 -1.9898538942768051e-01 1.5829773676739858e-19
1 0 -3.9534933061542499e-01 -2.3771503653924465e-03
1 1 -1.2925501978405643e-01 8.1214760923538831e-05
1 2 -6.7703119571590351e-02 8.4967026128034812e-04
1 3 -4.8028640613507548e-02 2.2426840535140662e-04
1 4 -3.8937500885240658e-02 3.6351626800945855e-05
1 5 -3.4353508654299356e-02 1.9173504633365437e-04
1 6 -3.2142493737413222e-02 -1.2314650706474949e-04
1 7 -3.0527761895474896e-02 -2.2164267110858437e-04
1 8 -2.8444155000831580e-02 -8.6292616710183673e-05
1 9 -2.6711460114891433e-02 -1.3957605159270017e-04
1 10 -2.3643281383752567e-02 5.7934768351220022e-05
1 11 -1.9904008185476964e-02 4.7979715771206285e-05
1 12 -1.6249552848404892e-02 5.0251209913441146e-05
1 13 -1.3718182123540387e-02 3.0821735551351993e-05
1 14 -1.1511728062474040e-02 2.2817778626606948e-05
1 15 -9.6515446555590703e-03 1.1654269983217944e-04
1 16 -8.1036775510060499e-03 5.3977931008730370e-05
1 17 -6.8275927510143015e-03 2.4394396330649079e-05
1 18 -5.9252341328011665e-03 2.2791161771966631e-05
1 19 -5.2607971489361258e-03 4.7224381834672442e-05
1 20 -4.7662295565029985e-03 -1.3641624203158962e-05
1 21 -4.5245868580828588e-03 2.8370607480031525e-06
1 22 -4.0815052431820448e-03 -2.9812465116463270e-05
1 23 -3.5961638050694467e-03 -9.1498381034753920e-06
1 24 -3.0484520357480578e-03 7.5509828013341460e-06
1 25 -2.6035879923022314e-03 -1.0987910388273448e-05
1 26 -2.1681100387370123e-03 -8.3095811743339653e-06
1 27 -1.7575993895707237e-03 -9.7007958260376551e-06
1 28 -1.4487223845775644e-03 1.4580125249894695e-06
1 29 -1.1540640097981211e-03 -7.1281415786071839e-08
1 30 -9.6943810111915643e-04 4.6612332913833918e-06
1 31 -8.3637090726060303e-04 7.9817381264162716e-06
1 32 -7.5366765374889233e-04 2.4639536044737882e-06
1 33 -6.7363281506349583e-04 -3.6124130731306275e-06
1 34 -5.7226083806392143e-04 -2.9194372223638933e-07
1 35 -5.2301096256172279e-04 7.9257302702194512e-08
1 36 -5.0585947908596892e-04 -2.6872527869229111e-06
1 37 -5.1898679093232271e-04 -1.0065230900547132e-06
1 38 -5.1861226421698271e-04 2.2003931436393637e-06
1 39 -4.9261596378118232e-04 4.2014135839671176e-06
1 40 -5.2686915057615377e-04 2.7663889228294085e-06
1 41 -5.5926145927244757e-04 2.7829827107061274e-06
1 42 -5.9387033046256208e-04 -2.7587961918879364e-07
1 43 -6.6357021972910052e-04 -2.1457342859759918e-06
1 44 -7.7166479454385934e-04 -8.7258946877745780e-07
1 45 -8.8866325392136444e-04 2.1720200725720160e-08
1 46 -1.0174179812301092e-03 -4.5083576516158740e-06
1 47 -1.2204497630216393e-03 6.2264869991421412e-07
1 48 -1.5006496404948466e-03 -1.4746836857206074e-06
1 49 -1.7577027443188263e-03 5.4270473599519397e-07
1 50 -1.9889867702540783e-03 -1.3509910912988497e-05
1 51 -2.2821583741970135e-03 -9.2774252825648366e-06
1 52 -2.5786333677465158e-03 1.0931513775509803e-05
1 53 -2.8131969890680948e-03 1.7068915750829150e-05
1 54 -3.0921411692281910e-03 -1.7468214922884776e-06
1 55 -3.6245156463894433e-03 3.2719705155248403e-06
1 56 -4.4628444726575785e-03 2.7149424584759426e-07
1 57 -5.5053334457375721e-03 7.9400175508865967e-06
1 58 -6.7220402995494689e-03 3.7388578709821399e-05
1 59 -7.9236670655995663e-03 7.4620988319348399e-05
1 60 -9.4508746968576113e-03 6.7519823106782360e-05
1 61 -1.1295188139787247e-02 -8.5909580126562593e-06
1 62 -1.3869778099770275e-02 -5.6013459944235044e-06
1 63 -1.7346124899435243e-02 5.9003284598845146e-05
1 64 -2.0350064976162395e-02 -6.1422307772576897e-05
1 65 -2.3186479912239953e-02 -1.1034312037674714e-04
1 66 -2.7750995784089957e-02 -1.7636609088011876e-04
1 67 -3.2449653103811579e-02 -2.3353323925892757e-04
1 68 -4.0210105015061649e-02 -2.8134575469375569e-04
1 69 -5.3450367113966217e-02 -4.5531714408311421e-04
1 70 -7.4271418053752966e-02 -5.1524171066671671e-04
1 71 -1.2628083745243765e-01 -1.3920599668925139e-03
2 0 -1.4296073559101841e-01 -2.4955768275697053e-03
2 1 -6.7697589904284927e-02 2.7147071986924007e-04
2 2 -3.9154318423630881e-02 1.0458854516852921e-03
2 3 -2.9230220961286246e-02 1.9845608458575066e-04
2 4 -2.3940118862369433e-02 4.9973906832634779e-05
2 5 -2.1256227510832015e-02 2.5752947643768715e-04
2 6 -1.9890592252943966e-02 -1.1570977188517226e-04
2 7 -1.8718643485830487e-02 -3.5471535336701292e-04
2 8 -1.7730465162187920e-02 -1.1279473397043008e-04
2 9 -1.6641369074616458e-02 -2.2394779508199718e-04
2 10 -1.4641662181386335e-02 6.4020154481083213e-05
2 11 -1.2372307535371314e-02 6.9845159059448724e-05
2 12 -1.0057631193365470e-02 7.9748207328008924e-05
2 13 -8.5234949119508494e-03 3.3155444395733439e-05
2 14 -7.1772062386280290e-03 4.1816378220204539e-05
2 15 -5.9463766814762398e-03 1.6617476250823388e-04
2 16 -5.0281951409367137e-03 1.0161556685819350e-04
2 17 -4.2261756247738390e-03 4.1937616794103641e-05
2 18 -3.6913102369219280e-03 3.3548643390816906e-05
2 19 -3.2788683767322989e-03 7.1249655101218980e-05
2 20 -2.9851478269142745e-03 -2.1965009229778065e-05
2 21 -2.8266302132498914e-03 2.3537023176478669e-05
2 22 -2.5074019199006993e-03 -3.7027486364824022e-05
2 23 -2.2094446532892925e-03 -1.2299897745381346e-05
2 24 -1.8722419693129747e-03 5.8962747844356864e-06
2 25 -1.6108527358661821e-03 -1.1930417845839041e-05
2 26 -1.3377386222428540e-03 -9.6490665262226583e-06
2 27 -1.0901701986880698e-03 -1.3598921399025319e-05
2 28 -9.0020016192501450e-04 4.0323571361907714e-06
2 29 -7.1457414978042682e-04 -5.6345291132431426e-07
2 30 -5.9486443752104626e-04 7.6684705387602485e-06
2 31 -5.1812468534318369e-04 1.2271972323920422e-05
2 32 -4.6818101854846005e-04 3.5803977697093633e-06
2 33 -4.1868846729519366e-04 -5.3690718536289442e-06
2 34 -3.5482839054474320e-04 4.5042877856650242e-07
2 35 -3.2342684233162348e-04 5.4788099593300866e-07
2 36 -3.1217077252099554e-04 -3.2234985418439737e-06
2 37 -3.1853326762841950e-04 -2.2917099372651948e-08
2 38 -3.1771362712172040e-04 3.6529524872006004e-06
2 39 -3.0496039453270686e-04 6.1138371602322708e-06
2 40 -3.2500374196056214e-04 4.0018301647648827e-06
2 41 -3.4647672787089769e-04 5.6764077068136583e-06
2 42 -3.6976829943962644e-04 -1.6846774722803096e-07
2 43 -4.1050882935897475e-04 -2.7654021216322307e-06
2 44 -4.7995411486518886e-04 -5.9727196038972771e-07
2 45 -5.5173767543603843e-04 4.4574535006138125e-07
2 46 -6.2901790710440369e-04 -8.1045937806808529e-06
2 47 -7.5195848175160340e-04 -2.9627282052374167e-06
2 48 -9.2143198704828827e-04 -5.1693017072923900e-06
2 49 -1.0852332585664069e-03 2.6394487804511251e-06
2 50 -1.2259151896205735e-03 -1.4532450968465142e-05
2 51 -1.4098187020929855e-03 -1.2408880697093543e-05
2 52 -1.5992621264860243e-03 1.0951915484424043e-05
2 53 -1.7524616800299016e-03 1.6979766006033931e-05
2 54 -1.9317971429756060e-03 1.0050349413795700e-06
2 55 -2.2537405853085548e-03 -7.5833020583420695e-07
2 56 -2.7808925784110136e-03 -8.7411878706884596e-06
2 57 -3.4495872136631610e-03 9.1514475550688426e-06
2 58 -4.2083627532129584e-03 3.8299878126381682e-05
2 59 -4.9162228245715669e-03 9.0347933554666345e-05
2 60 -5.9174551049028679e-03 7.8822183267210257e-05
2 61 -7.0870307843319755e-03 8.9883567928685139e-06
2 62 -8.6400023420729229e-03 8.4857431567419324e-06
2 63 -1.0720493588578628e-02 4.6680627187305340e-05
2 64 -1.2576504199332457e-02 -1.0313618994679357e-04
2 65 -1.4359576635550538e-02 -1.3914650090566437e-04
2 66 -1.7262483632476868e-02 -2.0785990324160975e-04
2 67 -1.9972600535852366e-02 -2.8422432808802091e-04
2 68 -2.4090360660147511e-02 -3.9343363387268221e-04
2 69 -3.1900365004556910e-02 -7.4276758221776063e-04
2 70 -4.3294930254826954e-02 -9.7077209426996755e-04
2 71 -6.3684513417292019e-02 -1.3976836974160761e-03
3 0 -5.6390106055456204e-02 -1.1517634688767186e-03
3 1 -3.2496280978965827e-02 2.7322105513427229e-04
3 2 -2.0924438028930403e-02 9.1903923890273090e-04
3 3 -1.6544840873978145e-02 1.8725258288764221e-05
3 4 -1.3698586351793548e-02 6.7218591835042365e-05
3 5 -1.2163079450016441e-02 1.7369710311823579e-04
3 6 -1.1458318759191533e-02 -7.0057087407872007e-05
3 7 -1.0506121344288705e-02 -3.5377478249605033e-04
3 8 -1.0248387975898892e-02 -1.2478960565219359e-04
3 9 -9.5907180179320480e-03 -2.1624285942475904e-04
3 10 -8.3477575848463423e-03 5.4813540243150669e-05
3 11 -7.0842959445130181e-03 1.1148617708341226e-04
3 12 -5.7759362989336172e-03 9.2865994568774721e-05
3 13 -4.9833520270939347e-03 -9.8628577188826665e-07
3 14 -4.1324486733743228e-03 4.6480159945321286e-05
3 15 -3.3745353376955522e-03 1.6661003152075769e-04
3 16 -2.8930208912623695e-03 1.2654890445980621e-04
3 17 -2.4177474560722412e-03 5.0680397722951669e-05
3 18 -2.1339404061727243e-03 4.2794267331707068e-05
3 19 -1.8846521738559701e-03 6.4119641350253085e-05
3 20 -1.7469698334759639e-03 -1.9022567042163724e-05
3 21 -1.6508736424951551e-03 4.3475171390659287e-05
3 22 -1.4109358339060101e-03 -2.7868884021451600e-05
3 23 -1.2301289550355843e-03 -1.2329521579160862e-05
3 24 -1.0600422475375590e-03 8.4713864298022803e-07
3 25 -9.2102145300097251e-04 -1.0398182868863330e-05
3 26 -7.5146697506132769e-04 -1.9793427815285552e-06
3 27 -6.2421804855713775e-04 -1.1588476461660570e-05
3 28 -5.1609219524275773e-04 7.1736871512144680e-06
3 29 -4.0955692817112616e-04 -2.1950654821010729e-06
3 30 -3.3457207667830443e-04 9.4766001072975717e-06
3 31 -2.9826983264012562e-04 1.1809301884775729e-05
3 32 -2.7047542653713352e-04 3.4991139654089533e-06
3 33 -2.4076736554794263e-04 -5.8699882343517542e-06
3 34 -2.0329900092459590e-04 1.5542099719685925e-06
3 35 -1.8539939299078040e-04 1.0978014959403221e-06
3 36 -1.7647681985009695e-04 -2.2719134505061993e-06
3 37 -1.7940291769178343e-04 1.7071913973904995e-06
3 38 -1.7914812915374454e-04 3.3753025071154002e-06
3 39 -1.7481172072516751e-04 5.2350819410147143e-06
3 40 -1.8580578820646289e-04 3.2532349351700019e-06
3 41 -1.9841385910039511e-04 8.4479525856208308e-06
3 42 -2.1374199844478861e-04 4.4629522309582526e-07
3 43 -2.3459103586182325e-04 -1.5220669499531139e-06
3 44 -2.7798207500757098e-04 -3.8597362786718400e-07
3 45 -3.1518306944514708e-04 -6.4317482617329033e-07
3 46 -3.6021109392330775e-04 -8.4926679585432412e-06
3 47 -4.2745620940204767e-04 -6.3377016091200514e-06
3 48 -5.1789652234800752e-04 -3.3727893785685356e-06
3 49 -6.2024524269018442e-04 2.6225819884077824e-06
3 50 -6.9625440595720567e-04 -1.3449555856082104e-05
3 51 -8.0598148613178738e-04 -1.3199396040361140e-05
3 52 -9.0891276159518037e-04 8.9971781621256931e-06
3 53 -1.0107095438157097e-03 6.7881350624693128e-06
3 54 -1.1206169274780634e-03 8.8722292484979067e-07
3 55 -1.2849537976402476e-03 -6.4340518159731792e-06
3 56 -1.6139547009665011e-03 -1.0569605644250290e-05
3 57 -2.0132937535430441e-03 8.0734647361051785e-06
3 58 -2.4375583689456438e-03 4.0397739552619875e-05
3 59 -2.8442127139925487e-03 8.3526454436131330e-05
3 60 -3.4363418486522261e-03 7.7477249192647003e-05
3 61 -4.1260186624277476e-03 2.3562623380499529e-05
3 62 -4.9964772045989298e-03 4.5793332231039053e-05
3 63 -6.1238535638323977e-03 -1.3319177480057511e-06
3 64 -7.1861553304740635e-03 -1.2809341694206689e-04
3 65 -8.2573521004850482e-03 -1.2515441679503356e-04
3 66 -9.9762601336589110e-03 -1.6331943515433955e-04
3 67 -1.1342112264067625e-02 -2.7454150413426119e-04
3 68 -1.3367032783922395e-02 -3.8617583482314355e-04
3 69 -1.7673077013097331e-02 -7.3359810225719741e-04
3 70 -2.3163882917428873e-02 -9.2180510054461781e-04
3 71 -3.0326342570200095e-02 -1.0084684199651247e-03
4 0 -2.3607314403530266e-02 -1.1667728497523791e-03
4 1 -1.5375771066580956e-02 1.9135566741232851e-05
4 2 -1.0779434568044822e-02 6.9804358242374440e-04
4 3 -9.0306946315809582e-03 -9.3894657344559447e-05
4 4 -7.5836882790893444e-03 3.8561236175344315e-05
4 5 -6.6900428144509288e-03 5.1159773336456134e-05
4 6 -6.4672674248357062e-03 -3.7916226445066394e-05
4 7 -5.6323084489231980e-03 -2.3877982204190701e-04
4 8 -5.6617484514208654e-03 -1.8254867260551936e-04
4 9 -5.2955354155429495e-03 -1.3001146257322639e-04
4 10 -4.5830498314045204e-03 1.0293972542551278e-04
4 11 -3.8660013426912300e-03 1.3509911582154210e-04
4 12 -3.2192034292641077e-03 8.6291271214288499e-05
4 13 -2.8739920381913005e-03 -1.0988033206638383e-05
4 14 -2.2545371595939600e-03 3.3844109784345653e-05
4 15 -1.8320973995151640e-03 1.4226848341829414e-04
4 16 -1.5982520051232617e-03 1.2029210177585633e-04
4 17 -1.3266534777620161e-03 5.7958430089420969e-05
4 18 -1.1971493911981464e-03 4.4109111291569372e-05
4 19 -1.0356843516379903e-03 4.1715130626317559e-05
4 20 -9.8542476492139244e-04 -4.1068212436939761e-06
4 21 -9.2742044429868962e-04 4.6507617051948851e-05
4 22 -7.4980944355674476e-04 -2.0358716658065571e-05
4 23 -6.4036934421178441e-04 -1.1016262115891018e-05
4 24 -5.7683569042023025e-04 -1.0121437080063764e-06
4 25 -4.9780543944512637e-04 -1.3491621838590204e-05
4 26 -3.9491340254124778e-04 2.7084835440131831e-07
4 27 -3.3917593745203618e-04 -7.6524914021991874e-06
4 28 -2.8295232695946644e-04 7.9505957983840227e-06
4 29 -2.2441698931061494e-04 6.3989617737409844e-08
4 30 -1.7917352235453024e-04 8.6028679220920299e-06
4 31 -1.6501212196962762e-04 8.5247496804043825e-06
4 32 -1.5155413700533628e-04 1.9814855514182380e-06
4 33 -1.3320900126136966e-04 -3.8635918083257821e-06
4 34 -1.1080114965441023e-04 2.3035574942691926e-06
4 35 -1.0196903815085025e-04 2.4176950075598743e-06
4 36 -9.4870409866304258e-05 -5.5964070326249547e-07
4 37 -9.5559384285821397e-05 2.5994533652717112e-06
4 38 -9.7324476696438459e-05 3.0109385325358054e-06
4 39 -9.6014039120348080e-05 3.5659286992757665e-06
4 40 -1.0257289303448908e-04 2.0928642580156536e-06
4 41 -1.0876096971475885e-04 8.8293689401365418e-06
4 42 -1.2044331107389993e-04 1.1058590758052530e-06
4 43 -1.2909568352225596e-04 -4.7947163175691231e-08
4 44 -1.5517228615513211e-04 1.6028154212793894e-07
4 45 -1.7038334222303076e-04 -2.5467384154842083e-06
4 46 -1.9935891390770064e-04 -8.7167268826859872e-06
4 47 -2.3226683840695846e-04 -6.6754783379762694e-06
4 48 -2.7636133780744595e-04 1.4793870106242697e-06
4 49 -3.4027515972121121e-04 1.8844003619581802e-06
4 50 -3.7819791171076871e-04 -1.0715635965105012e-05
4 51 -4.4250033675302024e-04 -1.1663664312141285e-05
4 52 -4.9532884745834456e-04 7.2349449230079278e-06
4 53 -5.5802062064775086e-04 -5.3187227584229608e-07
4 54 -6.2425596531528538e-04 4.3837592300343175e-06
4 55 -6.9298488450677338e-04 -1.0862821025357008e-05
4 56 -9.0928665367819906e-04 -5.3791879397333972e-06
4 57 -1.1304846531881732e-03 -1.5238934825880374e-06
4 58 -1.3598189600654202e-03 4.3268365405770955e-05
4 59 -1.6053850405981097e-03 7.3724437518032018e-05
4 60 -1.9264418008725162e-03 8.2957616419886542e-05
4 61 -2.2983585501076763e-03 1.3834553881962607e-05
4 62 -2.7651210861120469e-03 6.0238365655505787e-05
4 63 -3.3913417546633522e-03 -1.2417286730583006e-05
4 64 -3.9658507110878786e-03 -1.2178734260583615e-04
4 65 -4.5832125245538879e-03 -1.0679185350032165e-04
4 66 -5.5999686106623170e-03 -9.7003748133244258e-05
4 67 -6.2256635607930762e-03 -2.4279058539677164e-04
4 68 -7.0994528368921103e-03 -2.7473652182179393e-04
4 69 -9.4832409677363307e-03 -5.7262399227788212e-04
4 70 -1.2165924292363009e-02 -7.3346801908613169e-04
4 71 -1.4645664555569099e-02 -4.5396234286237508e-04
5 0 -1.0488774544472794e-02 -5.3629490608247596e-04
5 1 -7.3659148789154945e-03 -3.2289660062963937e-05
5 2 -5.4437924600094240e-03 4.9764707481452994e-04
5 3 -4.7841331317551306e-03 -1.4865610147463815e-04
5 4 -4.1127818136866235e-03 8.1477828287043058e-05
5 5 -3.5267310912462640e-03 -5.4399762895015720e-05
5 6 -3.5905610999898692e-03 2.7994634697170563e-05
5 7 -2.9462601963462882e-03 -1.4418606023955611e-04
5 8 -3.0530023094393708e-03 -2.4144050067873612e-04
5 9 -2.8391156826278515e-03 -5.7322656603364674e-06
5 10 -2.4812357323973459e-03 1.5945298136812178e-04
5 11 -2.0420202146660578e-03 1.1426430060195120e-04
5 12 -1.7802823130650563e-03 6.7769707897366723e-05
5 13 -1.6680005305158077e-03 -1.8731664093309336e-06
5 14 -1.1760172987017553e-03 3.0211396614148319e-05
5 15 -9.5419767914392854e-04 1.0678634303144062e-04
5 16 -8.5827644262261320e-04 8.3136199278535674e-05
5 17 -6.9457245550653187e-04 5.8216266739691580e-05
5 18 -6.5093509897482698e-04 3.7204137038770927e-05
5 19 -5.5674248494237775e-04 1.8417114814504380e-05
5 20 -5.4521710697426221e-04 -4.3044073439908853e-06
5 21 -5.0640903182133374e-04 4.0118612682192955e-05
5 22 -3.7623376598768259e-04 -2.1031121443493366e-05
5 23 -3.1972825392144233e-04 -5.7339178972174023e-06
5 24 -3.0280536348597955e-04 -6.2653473688587752e-06
5 25 -2.6161710387332586e-04 -1.2081803014341477e-05
5 26 -1.9513391216393461e-04 -3.2824388923040439e-06
5 27 -1.7504541309453758e-04 -5.8355476797444633e-06
5 28 -1.5066064711320796e-04 9.2670527833188225e-06
5 29 -1.1827549703825031e-04 6.5942447790005387e-07
5 30 -9.2381372921058680e-05 6.5523457003616434e-06
5 31 -8.8643737064740457e-05 5.0295900784210405e-06
5 32 -8.3738355459291372e-05 9.6246680513790643e-08
5 33 -7.1088674013466887e-05 -1.2415690979804577e-06
5 34 -5.7770580597726489e-05 1.5781252519473043e-06
5 35 -5.3813488858826210e-05 2.4789477323227399e-06
5 36 -4.9444125993604347e-05 1.3794099741624411e-06
5 37 -4.8798955581865585e-05 2.6689073060235704e-06
5 38 -5.2161382578434181e-05 3.1199273626230795e-06
5 39 -5.0915216697038314e-05 2.0072309454449142e-06
5 40 -5.6494728455735719e-05 1.8061886516367830e-06
5 41 -5.7819574215981231e-05 7.1773114819889299e-06
5 42 -6.8127885245257964e-05 1.4800917638787750e-06
5 43 -6.8482573215507218e-05 6.9374900460916250e-07
5 44 -8.3966159423414725e-05 9.9023799250013762e-07
5 45 -8.8047861414317771e-05 -4.1182885307586100e-06
5 46 -1.0756058037508082e-04 -7.8674622758111290e-06
5 47 -1.2307030560525863e-04 -5.3413540466241648e-06
5 48 -1.4198688831373470e-04 6.0002089865163157e-06
5 49 -1.8164715750385558e-04 3.8791518087305092e-07
5 50 -1.9955985863107139e-04 -1.0671781422926971e-05
5 51 -2.3556735882294364e-04 -7.7118334771740269e-06
5 52 -2.6493802746864231e-04 4.2553074211530769e-06
5 53 -2.9833135571793318e-04 -6.1676869194124262e-06
5 54 -3.3654100467896228e-04 8.3999948338815218e-06
5 55 -3.5616200156475287e-04 -1.1099561085146270e-05
5 56 -5.0775767089322299e-04 2.3760867284127987e-06
5 57 -6.1614458387529165e-04 -1.4119890532768858e-05
5 58 -7.3894690312518952e-04 4.1523244376379744e-05
5 59 -8.9277610626321521e-04 7.6172289335292990e-05
5 60 -1.0703130101679243e-03 8.7698810108050547e-05
5 61 -1.2386919856642951e-03 -1.2978916854629226e-07
5 62 -1.4952405747783741e-03 2.4657674948094506e-05
5 63 -1.8806182573741861e-03 -2.7157465536333893e-05
5 64 -2.1646694972876539e-03 -9.8594428541589000e-05
5 65 -2.5119228379508842e-03 -7.3528254481442895e-05
5 66 -3.0574844213627586e-03 -6.2333452813456504e-05
5 67 -3.3089656503031022e-03 -2.1450386703649889e-04
5 68 -3.6618270586189837e-03 -2.0417738500065223e-04
5 69 -5.0356910178994459e-03 -2.8023321292658778e-04
5 70 -6.2701536570360650e-03 -6.4700714368953478e-04
5 71 -7.0199847370225688e-03 -5.7618328244754162e-05
6 0 -5.3275919458153570e-03 -4.2484665600554019e-04
6 1 -3.8504746961191918e-03 -2.7215562405722951e-05
6 2 -2.6400424345043145e-03 3.8033763694124753e-04
6 3 -2.5306518030891578e-03 -1.8258897484222026e-04
6 4 -2.1610833213491784e-03 1.1979521484404215e-04
6 5 -1.7271658669359797e-03 -1.0005364712984874e-04
6 6 -1.9443501813100476e-03 1.2645142170908407e-04
6 7 -1.5264239999823405e-03 -4.1519685264457043e-05
6 8 -1.7043382153541470e-03 -2.3051114249897481e-04
6 9 -1.5192262801176698e-03 1.1512247669141028e-04
6 10 -1.3321014761507903e-03 2.0089956713275898e-04
6 11 -1.0456355231970376e-03 5.6510889781420709e-05
6 12 -9.7317708941089805e-04 4.0799753152010457e-05
6 13 -9.7211423478674370e-04 2.5653191061566155e-05
6 14 -5.7594792072792526e-04 3.3787938023918001e-05
6 15 -4.8607990338298983e-04 8.5180026226049985e-05
6 16 -4.5960166851769717e-04 3.4181885572187267e-05
6 17 -3.3876673091587264e-04 4.6114585333107903e-05
6 18 -3.4578615708786057e-04 3.4937312525684085e-05
6 19 -2.9503045192888429e-04 -5.3095021834191430e-06
6 20 -2.9927082242822266e-04 -7.8604225810841940e-06
6 21 -2.7185900351634954e-04 3.5302855859996286e-05
6 22 -1.8349104397589580e-04 -2.7616312078252259e-05
6 23 -1.6218054661680244e-04 -2.4200952906364783e-06
6 24 -1.6217802863887116e-04 -6.7543690739920484e-06
6 25 -1.3615989048554097e-04 -5.7817435065944775e-06
6 26 -8.9495973505856490e-05 -7.9587884757366355e-06
6 27 -8.7046185524648304e-05 -6.7040222205427671e-06
6 28 -7.7309842473966282e-05 9.1022897502561016e-06
6 29 -6.1668897222922362e-05 -6.5193797761842063e-07
6 30 -4.6157260191717488e-05 3.0118828696242115e-06
6 31 -4.4987298150183133e-05 2.4907335233308768e-06
6 32 -4.5962531586637439e-05 -6.5560216163816955e-08
6 33 -3.7364446824562874e-05 5.3440529476391451e-07
6 34 -2.9222645334103124e-05 1.0739871932664952e-06
6 35 -2.6678801990280644e-05 1.7803814144876285e-06
6 36 -2.4758526529482861e-05 2.2034970961690100e-06
6 37 -2.4103005118839397e-05 3.0515391844626195e-06
6 38 -2.7367686068679160e-05 3.9118180440356137e-06
6 39 -2.5996015117268904e-05 1.4163654139131025e-06
6 40 -3.0807429668432024e-05 1.6776738522040780e-06
6 41 -3.0186573597746288e-05 5.8012298627414399e-06
6 42 -3.9236418493536498e-05 2.2316689567716612e-06
6 43 -3.4688569373255030e-05 5.7234083027802321e-07
6 44 -4.4228826367555701e-05 2.3809530137902524e-06
6 45 -4.3083045058911322e-05 -4.6667304758580870e-06
6 46 -5.5055101241713344e-05 -5.4849870377135722e-06
6 47 -6.3522022205693968e-05 -2.9643947583895634e-06
6 48 -7.2270796381247498e-05 6.8231784545010261e-06
6 49 -9.4613368329412269e-05 1.1412620927214973e-06
6 50 -1.0116792230300536e-04 -1.3862112829785425e-05
6 51 -1.1984167278975523e-04 -2.8800441571919694e-06
6 52 -1.4231141499107517e-04 7.0998216750685846e-07
6 53 -1.5594376054824623e-04 -4.8591603939902643e-06
6 54 -1.7320895473031778e-04 1.2777951531181367e-05
6 55 -1.7420304932243790e-04 -8.6635072882550309e-06
6 56 -2.8779214428784582e-04 1.3127618719394679e-05
6 57 -3.2341212997196860e-04 -2.0222847767455507e-05
6 58 -3.8116560962442005e-04 3.2392259465545523e-05
6 59 -4.9744599682310031e-04 8.1731850945711783e-05
6 60 -5.8499099172923408e-04 7.8354666863445800e-05
6 61 -6.5544448235894991e-04 -1.5368564761513481e-05
6 62 -7.8771233528776585e-04 -3.4344856656433638e-05
6 63 -1.0351106912305577e-03 -3.9464407115487081e-05
6 64 -1.1431420456724645e-03 -1.1406547161609667e-04
6 65 -1.3872126036786013e-03 -5.1704951524567877e-05
6 66 -1.6119511563810549e-03 -4.2683957699666727e-05
6 67 -1.7328692597650566e-03 -1.9714803331329024e-04
6 68 -1.8155057453381957e-03 -1.6517689191939948e-04
6 69 -2.6791237658580196e-03 -5.2833414476428026e-05
6 70 -3.1592403733394989e-03 -5.2174973035026590e-04
6 71 -3.5358094409914387e-03 -3.8017488057744893e-05
7 0 -3.0331978678849181e-03 -1.3589267305669849e-04
7 1 -2.1648371935042831e-03 -1.6901957781105548e-05
7 2 -1.1855150009837342e-03 2.3434693513762011e-04
7 3 -1.4462796336363469e-03 -1.3613726694310164e-04
7 4 -1.0482703194851241e-03 1.3320150375528922e-04
7 5 -7.3907413456567972e-04 -9.5766800746176957e-05
7 6 -9.9663063866269508e-04 2.1705941884221387e-04
7 7 -7.9159741148301563e-04 1.9813595597781952e-05
7 8 -9.8480179258883939e-04 -1.9918200275059406e-04
7 9 -8.2259614552172399e-04 1.4544981137296293e-04
7 10 -6.6269608618357086e-04 1.9704600116335409e-04
7 11 -4.9535441161492101e-04 4.3569783070327092e-06
7 12 -4.9788643730702936e-04 7.3604380459477775e-07
7 13 -5.7980423142354207e-04 4.0950128060245967e-05
7 14 -2.6217999442470997e-04 2.8760150035160154e-05
7 15 -2.4941386811139368e-04 8.2724928359490617e-05
7 16 -2.3946517751767722e-04 3.5588592161463222e-06
7 17 -1.5597020571656920e-04 3.2903308990322681e-05
7 18 -1.8324812921001972e-04 3.6549646808676272e-05
7 19 -1.4775350802085109e-04 -1.7047170836765800e-05
7 20 -1.6118104535884156e-04 -7.3063244528155699e-06
7 21 -1.3709077213586244e-04 3.1069579468406293e-05
7 22 -9.3202350940673704e-05 -2.9745850104480158e-05
7 23 -8.7621234633720541e-05 -8.7223923556622951e-06
7 24 -9.4033811561358669e-05 -4.8392042040029889e-06
7 25 -6.9196876217045839e-05 -1.0936009569468717e-06
7 26 -4.0200539949417210e-05 -1.1419110203969025e-05
7 27 -4.2550719204147006e-05 -9.2130896624106508e-06
7 28 -3.8442676382198930e-05 5.5829454110946983e-06
7 29 -3.3651368435555150e-05 -2.7193756579044472e-06
7 30 -2.2368871522548722e-05 4.1861922716160857e-07
7 31 -2.2245436390685416e-05 -6.5862295207841933e-07
7 32 -2.4970473951670204e-05 3.9126530676474417e-07
7 33 -1.9257992826279219e-05 1.5864933402881455e-06
7 34 -1.4360363706438916e-05 4.4967501314425771e-07
7 35 -1.2556060815912847e-05 1.6132489173885638e-06
7 36 -1.1798689037951000e-05 1.8320842446731020e-06
7 37 -1.1927410821417403e-05 2.8154153203748619e-06
7 38 -1.4208826680409567e-05 3.7455503732699770e-06
7 39 -1.3127110916389364e-05 1.4510303270385395e-06
7 40 -1.6477555135376580e-05 1.5472535935646414e-06
7 41 -1.5030685488758108e-05 4.6632546116850435e-06
7 42 -2.3238822467215590e-05 2.6986871011928400e-06
7 43 -1.6777741374461979e-05 5.7576079203380374e-07
7 44 -2.1969712400728696e-05 3.7306797219744442e-06
7 45 -2.0325374043050035e-05 -4.3341321134909620e-06
7 46 -2.4320475222798244e-05 -2.2314255895766002e-06
7 47 -3.1689300235157070e-05 -1.9760132039502468e-06
7 48 -3.7068937007536331e-05 5.7706332295503338e-06
7 49 -4.9335737350049475e-05 6.0571244629155139e-06
7 50 -4.9089620072658228e-05 -1.6400624472826801e-05
7 51 -5.7664415395333422e-05 -1.4964903487896741e-06
7 52 -7.9835641161473344e-05 -9.8491814498474362e-07
7 53 -8.1366184835671664e-05 -1.2182099198832895e-06
7 54 -8.7221767746528431e-05 1.1168866191094884e-05
7 55 -7.4812704962663645e-05 -6.0595493109768531e-06
7 56 -1.7064204936265926e-04 1.8992376838626134e-05
7 57 -1.6926521613852761e-04 -2.2763077367909593e-05
7 58 -1.7597155764962919e-04 3.0097349430156912e-05
7 59 -2.8072098692855107e-04 8.6188846896539031e-05
7 60 -3.0560737999885080e-04 5.1037697529376340e-05
7 61 -3.4603622058915841e-04 -1.3182048735050119e-05
7 62 -3.8257420313157352e-04 -7.8885237967013839e-05
7 63 -5.8057669262564723e-04 -4.3922725988080522e-05
7 64 -5.8803231851449304e-04 -1.1339822464571791e-04
7 65 -7.7332915835104073e-04 -3.8146769635117298e-05
7 66 -8.1919780966323340e-04 2.0609299925397969e-05
7 67 -9.0571607235673561e-04 -2.2969252114609902e-04
7 68 -9.3450484337173319e-04 -1.2748914404718051e-04
7 69 -1.4431231538712351e-03 6.1423149220498952e-05
7 70 -1.5873387327781658e-03 -5.0578987469191013e-04
7 71 -1.7693952108353837e-03 -1.4098705321235992e-04
8 0 -1.8851387010152599e-03 -2.6070917002222072e-04
8 1 -1.2434045293462639e-03 -8.9983843582254190e-05
8 2 -5.7816421274068991e-04 1.3401422444461923e-04
8 3 -9.1698602329620487e-04 -6.3883676794395617e-05
8 4 -4.3696030828151725e-04 1.4316579286656448e-04
8 5 -2.3480595483610158e-04 -9.9798862816950925e-05
8 6 -4.7472683261910834e-04 2.6051542374064084e-04
8 7 -3.8920560173269443e-04 2.0233468045807323e-05
8 8 -6.1456102885875936e-04 -9.7133395408092234e-05
8 9 -4.7133096464588151e-04 1.3135805519798340e-04
8 10 -2.6109075404003035e-04 1.6608602084925960e-04
8 11 -2.2701442578317133e-04 7.6506234177194975e-06
8 12 -2.4223849385076950e-04 -2.6365772115134638e-05
8 13 -3.2969696355477875e-04 2.8423094418705912e-05
8 14 -1.1354823717556179e-04 1.0266184999755587e-06
8 15 -1.1799831265914149e-04 6.7993165309898404e-05
8 16 -1.2102976992357834e-04 -1.6111791843425935e-05
8 17 -7.5162509009084281e-05 3.6404362628013073e-05
8 18 -9.1127251100574507e-05 3.6467816736856038e-05
8 19 -7.1224621305245080e-05 -2.3895010125323811e-05
8 20 -7.8482648856545111e-05 -9.8297348693844626e-06
8 21 -6.5337790414147411e-05 1.7949614620148725e-05
8 22 -5.8198536387249925e-05 -3.0864015345425595e-05
8 23 -4.8986982593790765e-05 -2.0174940124945103e-05
8 24 -6.1784237222638482e-05 8.9952657607936834e-07
8 25 -3.6583233773103060e-05 1.9014950798477128e-07
8 26 -2.1710560641683896e-05 -1.2374913701960201e-05
8 27 -2.1426679731632232e-05 -1.2495865949412262e-05
8 28 -1.9186976921454670e-05 6.2342027989473373e-07
8 29 -1.8820198230296797e-05 -3.3796569308732434e-06
8 30 -1.0853497059324953e-05 -1.5777546354683487e-06
8 31 -1.1160388084786871e-05 -2.1922941845792306e-06
8 32 -1.3425034047277960e-05 6.6553956294366476e-07
8 33 -1.0157828964226767e-05 1.1322428276750662e-06
8 34 -6.7602850180889740e-06 -9.4467182315085251e-08
8 35 -5.7224195048540134e-06 2.0048437731368023e-06
8 36 -5.8251895286165179e-06 1.2757403543333652e-06
8 37 -6.1125762516925554e-06 2.1828654355276223e-06
8 38 -6.9285497111437960e-06 2.3183090700642305e-06
8 39 -7.1670979036507289e-06 1.2600921816766234e-06
8 40 -8.8382594247619111e-06 1.1515264240702818e-06
8 41 -7.3002180830627682e-06 3.8941649980317318e-06
8 42 -1.4163996412606941e-05 2.1631501158653804e-06
8 43 -7.7536673106322552e-06 -9.8549969897164882e-08
8 44 -1.0705400968874712e-05 4.7585375916297782e-06
8 45 -9.7197292347838285e-06 -3.7974477640435848e-06
8 46 -9.4520254974056483e-06 3.2253183548527725e-07
8 47 -1.4749961824619903e-05 -2.2142140016497130e-06
8 48 -1.9359146268350339e-05 4.2384357019681177e-06
8 49 -2.6624206022968669e-05 9.6153864105811653e-06
8 50 -2.0683508907189212e-05 -1.3283979229800373e-05
8 51 -2.6277651333250378e-05 2.6190509571259842e-06
8 52 -4.9485864169305591e-05 -4.3926864167205152e-06
8 53 -4.1833936100665317e-05 2.3612719584349991e-06
8 54 -4.6305972392750492e-05 4.5208966574122520e-06
8 55 -2.2554104428916301e-05 -2.0981693817826062e-06
8 56 -1.0669950808349619e-04 1.9203232398777765e-05
8 57 -9.3667559508340452e-05 -1.9357818955462189e-05
8 58 -7.1242636183637271e-05 3.1330664236793118e-05
8 59 -1.5924947809052971e-04 7.2833319786399223e-05
8 60 -1.6140937454225154e-04 3.5340133638780405e-05
8 61 -1.7790358444183101e-04 3.0559266647257160e-07
8 62 -1.5758152244042372e-04 -1.1473272376229697e-04
8 63 -3.3178598639130937e-04 -4.8202786044613876e-05
8 64 -2.7894976368478096e-04 -9.5315546627912630e-05
8 65 -4.3254904676849880e-04 3.4622722485038988e-07
8 66 -4.2975702720770512e-04 7.4566467325091226e-05
8 67 -4.7471354869441519e-04 -2.3871695780261070e-04
8 68 -4.6284173743328113e-04 -4.1948917577348046e-05
8 69 -7.8962332950219423e-04 9.2226995314608450e-05
8 70 -7.7667131605100486e-04 -5.5366665483202050e-04
8 71 -9.0049955200396979e-04 -2.5103369529646342e-04
9 0 -1.2564989104526525e-03 -5.4507703011241217e-04
9 1 -7.0399986192181286e-04 -2.3066322982938354e-04
9 2 -4.2213733305343612e-04 5.9895219633173622e-05
9 3 -6.2620079897136166e-04 -1.3303180839205762e-05
9 4 -1.3128835083732723e-04 1.5453728935407225e-04
9 5 2.5491836164688020e-05 -1.1185441776060042e-04
9 6 -1.5564561465904067e-04 2.6853063666548466e-04
9 7 -1.7443643758319457e-04 -1.2690489884096734e-05
9 8 -4.2134062510234958e-04 -2.1181754923428721e-05
9 9 -2.9510213676026923e-04 1.0072188266546729e-04
9 10 -6.9687869895091289e-05 1.6301486553308933e-04
9 11 -1.1392308543309938e-04 3.5589857583791775e-05
9 12 -1.1643942196886858e-04 -5.1782431973597571e-05
9 13 -1.6089527789419662e-04 8.1221611670254103e-06
9 14 -4.8951701799996737e-05 -2.6095313806966862e-05
9 15 -4.7369825772709747e-05 4.7750177981307049e-05
9 16 -6.1526542295457990e-05 -3.7486306530191088e-05
9 17 -2.4721595829420873e-05 4.8817796817371677e-05
9 18 -4.3246985512527419e-05 2.7162042815485676e-05
9 19 -3.5353228758544996e-05 -2.6633366225036222e-05
9 20 -4.0374727467791975e-05 -1.4706052041812552e-05
9 21 -3.1538007398556487e-05 4.6760041063922432e-06
9 22 -4.4797668686661528e-05 -3.9991020612161843e-05
9 23 -2.0691614583649037e-05 -3.0947577996842120e-05
9 24 -4.4455264364455871e-05 1.1886286216428936e-05
9 25 -2.4500349070618743e-05 -2.6254943694435102e-06
9 26 -1.7974856393400162e-05 -1.0691975543408289e-05
9 27 -1.0133096114218206e-05 -1.1943142868044957e-05
9 28 -9.5783258107193398e-06 -3.9281236743087391e-06
9 29 -1.1595902049570037e-05 -2.5769321703647077e-06
9 30 -5.9197172589929784e-06 -2.4859403464434372e-06
9 31 -5.7999066576831025e-06 -2.2774378546135609e-06
9 32 -6.8705421001753777e-06 7.9994065775615103e-07
9 33 -6.7926693388327144e-06 1.7697131648246291e-07
9 34 -2.9437912193888712e-06 -1.5073506075415986e-06
9 35 -2.9514948298840324e-06 3.1303626464471105e-06
9 36 -3.4003518969846378e-06 7.0269510486639971e-07
9 37 -3.7967311313510871e-06 1.2890128317268590e-06
9 38 -3.5198912404764132e-06 7.8135392629595606e-07
9 39 -4.6160874540431548e-06 1.3580191617234603e-06
9 40 -4.7083593195854319e-06 1.1366388734286397e-06
9 41 -4.6743691595053366e-06 3.4722562278857478e-06
9 42 -8.9830389939952312e-06 3.4154372873371206e-07
9 43 -2.9575253707222747e-06 -1.0983422621084913e-06
9 44 -4.8497764482058593e-06 5.7847303172137484e-06
9 45 -5.1474312878120917e-06 -2.5454768131331227e-06
9 46 -2.9294602145213771e-06 1.6137524206258461e-06
9 47 -6.7046041448152022e-06 -2.8480172801471835e-06
9 48 -8.7074360209166087e-06 5.3579447785409733e-06
9 49 -1.3906906860723802e-05 8.7067124867765147e-06
9 50 -4.1054551114079889e-06 -8.7504376904839568e-06
9 51 -8.3860841781726135e-06 7.1634413448402549e-06
9 52 -3.5242185964547105e-05 -6.1824606508133895e-06
9 53 -1.7439772780904691e-05 6.6532296839276945e-06
9 54 -2.4633643411207565e-05 3.1863527501314032e-06
9 55 5.1258705544669661e-07 -1.7305681539040300e-06
9 56 -6.6780110665825930e-05 1.4792112916481983e-05
9 57 -5.4544011313924561e-05 -1.1360105498759378e-05
9 58 -2.8094927063663723e-05 2.3670898459463293e-05
9 59 -8.9617683836502567e-05 5.8267026518282073e-05
9 60 -9.0103284790685935e-05 3.0532672042991499e-05
9 61 -8.8057918409991992e-05 5.0696220639070340e-06
9 62 -4.2922981078081127e-05 -1.2573304939803549e-04
9 63 -1.7861834123841786e-04 -5.9899344663428911e-05
9 64 -1.0753227158077772e-04 -7.7249692367303374e-05
9 65 -2.6185508735931869e-04 6.9106574699670894e-05
9 66 -2.5022990825994802e-04 1.0649347787220669e-04
9 67 -2.2759507953400162e-04 -2.0605226588020790e-04
9 68 -1.9543678075970890e-04 4.6590895583121029e-05
9 69 -4.1035372440234032e-04 7.9000679296047983e-05
9 70 -3.8824817910257712e-04 -5.6001800957090745e-04
9 71 -4.1573429607877485e-04 -3.5188285724320581e-04
10 0 -9.1081431310573537e-04 -6.4052836853796503e-04
10 1 -3.1876787734708639e-04 -2.5012537055731852e-04
10 2 -4.4628404981347867e-04 1.2492797330969469e-05
10 3 -3.7083895852083737e-04 6.0276426803333619e-05
10 4 2.4017617510668308e-06 1.3210773586644895e-04
10 5 1.2325358730177883e-04 -9.5694817020727137e-05
10 6 1.8443424620473310e-05 2.5631593530202432e-04
10 7 -6.5105908283422318e-05 -7.1069225121410425e-05
10 8 -2.9488560904325202e-04 4.7704521749624647e-05
10 9 -2.2137061189887050e-04 4.7366435779750867e-05
10 10 9.5680005953166381e-06 1.6494741199906448e-04
10 11 -7.4758585382742827e-05 7.7476574506431402e-05
10 12 -6.5238750344930843e-05 -7.2191733208875952e-05
10 13 -7.2344380019289620e-05 -4.5016335854727600e-06
10 14 -2.6946826851464192e-05 -2.4478698064668944e-05
10 15 -2.1940863258329424e-05 3.1401162743566270e-05
10 16 -4.2060363484687038e-05 -5.7392852645358352e-05
10 17 1.0055445134086749e-05 5.4692657135016640e-05
10 18 -2.2299714596892833e-05 1.5161966887915191e-05
10 19 -1.6571976067638079e-05 -2.3608530872528827e-05
10 20 -2.7775507777256881e-05 -1.6476572063034665e-05
10 21 -1.5394296073839984e-05 -2.2266760170141111e-06
10 22 -3.4479968237221864e-05 -5.0487254938747989e-05
10 23 -1.7735420151802267e-06 -3.0709065738778062e-05
10 24 -3.1821739067630581e-05 1.7112653998669308e-05
10 25 -1.8574813689897920e-05 -3.4119379174625457e-06
10 26 -1.7351508955335268e-05 -4.6650900126642053e-06
10 27 -3.8237498017058182e-06 -8.2281203501803049e-06
10 28 -5.4950313243506026e-06 -5.6899667824344023e-06
10 29 -5.5635280571748977e-06 -2.7540061375046016e-06
10 30 -4.2355013169163639e-06 -2.4825032555386058e-06
10 31 -3.5206713333230826e-06 -9.0563977679734243e-07
10 32 -3.1162726244592548e-06 5.4211239080870297e-09
10 33 -4.8852826139340579e-06 -4.9848792582444745e-07
10 34 -1.2073642622053329e-06 -1.9830711081253714e-06
10 35 -3.0361504105758301e-06 4.0980001454337236e-06
10 36 -2.8124360790720546e-06 -1.7766065572201217e-07
10 37 -2.4438334891522635e-06 1.0854485345535179e-06
10 38 -2.2331510511172599e-06 -1.1397419027955857e-06
10 39 -2.9442726593909819e-06 1.0894730016868210e-06
10 40 -2.1198600573730313e-06 1.7602684701880740e-06
10 41 -3.9030866106725461e-06 2.4566473524463217e-06
10 42 -5.4921607711013151e-06 -7.9008872389109076e-07
10 43 -6.2516017779630322e-07 -2.1116011440828582e-06
10 44 -1.8254853671413663e-06 5.4179464417531110e-06
10 45 -4.5183624478909800e-06 -1.3449980854576824e-06
10 46 -5.5545848030115247e-07 8.0753022205835077e-07
10 47 -3.9685547216568232e-06 -2.5370735251704749e-06
10 48 3.2178490087864829e-07 7.3923399171330581e-06
10 49 -6.9517392046420512e-06 6.9471519375220846e-06
10 50 3.2978287374872548e-06 -3.7210867947959314e-06
10 51 2.8835803126162279e-06 8.3145588623868137e-06
10 52 -2.2223198835500637e-05 -6.4540134659761144e-06
10 53 -1.3505551774088698e-06 1.2834290591107878e-05
10 54 -1.1037799101547929e-05 7.4259577928000259e-06
10 55 1.2990551908358234e-05 7.8133397447299234e-07
10 56 -4.2071986777859820e-05 1.4799937288510343e-05
10 57 -3.2169485049970326e-05 -4.4983435772536692e-06
10 58 -1.5048048803590144e-05 1.6639819379552700e-05
10 59 -4.5118104171147922e-05 5.0151534560401100e-05
10 60 -4.5034133050515181e-05 3.2461121367894121e-05
10 61 -4.3755948109602814e-05 -7.8265421125845805e-06
10 62 -1.2374399112424722e-05 -1.0210930673441500e-04
10 63 -7.3719781048425822e-05 -8.5064602742507161e-05
10 64 -1.6761766294632801e-05 -6.0741265955606042e-05
10 65 -1.4968792670335050e-04 1.0624951826281518e-04
10 66 -1.6971025596779809e-04 9.6084563706923070e-05
10 67 -1.2531971290956817e-04 -1.3411145581256222e-04
10 68 -1.0188758712861594e-04 8.5435114110721575e-05
10 69 -1.3071620765228489e-04 4.6151752696860297e-05
10 70 -1.8883076694364536e-04 -4.5992420867168373e-04
10 71 -1.7301473682900838e-04 -3.3902348293900902e-04
