0 0 -1.2103287713864910e+00 2.9690337687967993e-20
0 1 -1.6774032225018592e-01 5.4800121445458123e-20
0 2 -6.8208409740455916e-02 1.8331340647009112e-21
0 3 -4.3802833730975099e-02 -3.0463672518271499e-21
0 4 -3.3200157330493058e-02 7.9794500984190060e-22
0 5 -2.5938590348057327e-02 4.5231813060538841e-22
0 6 -2.0247742283884054e-02 -5.2377695313588925e-22
0 7 -1.6341083001724165e-02 -2.5045645460872417e-22
0 8 -1.3065931193846912e-02 -6.9678286850703324e-22
0 9 -1.0078388463903323e-02 2.1406225761019671e-22
0 10 -7.8626343841809807e-03 -2.1832036024415196e-22
0 11 -6.1042107729553114e-03 -2.6822207473762773e-23
0 12 -4.7896489776142930e-03 -1.1273005327321820e-22
0 13 -3.7901353529961861e-03 8.2203123123532288e-24
0 14 -3.1618565958587003e-03 -5.0695506019351607e-23
0 15 -2.6854997547146185e-03 1.0360394585302571e-23
0 16 -2.2833207878655546e-03 -1.4603588346094407e-23
0 17 -1.9192984617073605e-03 -3.4846994826095949e-23
0 18 -1.6548544767408821e-03 -3.3254109074407294e-23
0 19 -1.4700743136937095e-03 -2.9537240029311503e-23
0 20 -1.3078086693105535e-03 1.5328772887095288e-23
0 21 -1.1541538345506831e-03 -1.1889520884235962e-22
0 22 -1.0023458827222536e-03 4.9232193779272491e-23
0 23 -8.4558204995913405e-04 6.1722052573207681e-24
0 24 -6.9662739959133670e-04 -1.7564674523050941e-23
0 25 -5.7031671742322463e-04 -3.6581044549152428e-24
0 26 -4.5834309475572562e-04 1.9687499598127306e-25
0 27 -3.7832768290232293e-04 -3.8600160702585982e-25
0 28 -3.2732725930361052e-04 -3.8396139089977987e-24
0 29 -2.8473596597101210e-04 1.1406729664899720e-24
0 30 -2.5703756760571536e-04 -7.0464062553298499e-24
0 31 -2.2477815517998810e-04 2.9182081037441883e-25
0 32 -2.0604943254892859e-04 7.3288775080333881e-24
0 33 -2.0131344359661907e-04 2.0641587989229907e-24
0 34 -2.2028752679659709e-04 -6.9217699494407809e-24
0 35 -2.5370930028273246e-04 1.3458242122579218e-25
0 36 -2.9069913858932454e-04 -5.4803734001861004e-24
0 37 -3.2776407223744902e-04 -1.0311859762498136e-23
0 38 -3.5272147553841210e-04 2.1527767667412204e-23
0 39 -3.7551016599944798e-04 2.6100323420987035e-23
0 40 -3.7937800286555430e-04 1.7683146186936950e-23
0 41 -4.1223091306489222e-04 1.5877129468692150e-23
0 42 -4.7958179938199465e-04 3.4767896742595332e-23
0 43 -5.4261914243852597e-04 1.8523583917572338e-23
0 44 -6.3155110309404258e-04 -1.5828855786341305e-23
0 45 -7.5465047382886280e-04 -7.5601158294415263e-24
0 46 -9.0118297991507827e-04 2.0700169271377702e-24
0 47 -1.0309734733195469e-03 3.0863361831916189e-23
0 48 -1.1690799150921314e-03 -8.4458794802389364e-23
0 49 -1.3896452563601572e-03 -3.0901271151068172e-23
0 50 -1.6485598312748740e-03 -1.3221597019948525e-22
0 51 -1.9669000550004514e-03 -3.8719444198371235e-24
0 52 -2.3380926281278119e-03 -3.3200974413519999e-23
0 53 -2.7276312140207220e-03 -7.6642184788898359e-24
0 54 -3.1759072431341074e-03 1.5315190358651058e-22
0 55 -3.5504711860694098e-03 -4.8589631562670513e-23
0 56 -4.0780162054449122e-03 -1.1621107896539394e-22
0 57 -4.8872484262532890e-03 -1.0411937930612391e-22
0 58 -5.8596729917500118e-03 -1.4449266781966452e-22
0 59 -6.9451384811876028e-03 6.2312826605214380e-23
0 60 -8.1828146083399479e-03 -1.5459836381536408e-22
0 61 -9.4836031986139397e-03 1.0691355572545914e-22
0 62 -1.0956313812087099e-02 -6.0155911826843966e-23
0 63 -1.2287018273148084e-02 2.2664605623867682e-23
0 64 -1.4821827572166490e-02 2.4640646308498784e-22
0 65 -1.9179793752107155e-02 7.2401551618061419e-22
0 66 -2.3552718472759245e-02 -8.2302317013906641e-23
0 67 -2.8892121418245653e-02 1.0527192985171313e-21
0 68 -3.7269133858662130e-02 -3.8251051964975174e-22
0 69 -4.9433159405009690e-02 -8.8227395485501336e-22
0 70 -7.8724010997520702e-02 8.1524958057001370e-21
0 71 -1.7805278716798462e-01 -9.7314646684465304e-20
1 0 -3.7493428727544015e-01 -2.5375031581533006e-05
1 1 -1.0128398507031931e-01 -1.6391629327409593e-04
1 2 -4.9374214247426523e-02 -4.5815086248511100e-04
1 3 -3.3088007401894270e-02 1.9587166372328046e-04
1 4 -2.5335436216564214e-02 1.6576470495344587e-04
1 5 -1.9794877760780004e-02 1.2839330621330701e-05
1 6 -1.5465930284332042e-02 5.5243661900608959e-07
1 7 -1.2507211886844116e-02 2.1051571666079941e-05
1 8 -9.9589458173766077e-03 -3.0034101582190915e-05
1 9 -7.6898529776603039e-03 1.2650483350924312e-05
1 10 -5.9911786835988223e-03 5.9653205687258573e-05
1 11 -4.6243042298107113e-03 2.8772057343912084e-05
1 12 -3.6405500170940139e-03 -2.5690875911634017e-07
1 13 -2.8803578426906101e-03 1.5030932921313169e-06
1 14 -2.4156168896239450e-03 -5.7207631660013323e-06
1 15 -2.0520037162294899e-03 2.8179586481710124e-06
1 16 -1.7488272315715702e-03 -5.0259050179228614e-06
1 17 -1.4661409571475727e-03 -2.6085845524084315e-07
1 18 -1.2675748803276309e-03 -6.4569932975970665e-08
1 19 -1.1264914909644970e-03 -6.1462299947956357e-06
1 20 -1.0001488298442254e-03 3.8212397664022606e-06
1 21 -8.8258981492193845e-04 -6.7784502124860739e-07
1 22 -7.6350628173637713e-04 6.6225199510079705e-07
1 23 -6.4495743504177478e-04 2.1160320391972236e-06
1 24 -5.3233122173543083e-04 -2.0418003423834771e-06
1 25 -4.3686572385959145e-04 -3.6650757563037363e-07
1 26 -3.5017778353706061e-04 1.7868000812661782e-06
1 27 -2.8965841388047127e-04 1.6438416501020803e-06
1 28 -2.5001855500034534e-04 2.5490474025163689e-06
1 29 -2.1772029366833864e-04 8.4154912913204696e-07
1 30 -1.9620842413522097e-04 4.9019774259426672e-07
1 31 -1.7107235837297141e-04 -2.4662363505179789e-07
1 32 -1.5762592723623915e-04 -3.2726509726945732e-07
1 33 -1.5351381279521664e-04 -5.6966395692539391e-07
1 34 -1.6791869043137792e-04 5.2501860488446195e-07
1 35 -1.9339046687689323e-04 2.7953850717305244e-07
1 36 -2.2093214864170403e-04 -4.7968579239044604e-07
1 37 -2.4955868466947610e-04 -8.5294929712627463e-07
1 38 -2.6913336434763969e-04 4.2207001414939085e-07
1 39 -2.8746445066087420e-04 1.2376402320674015e-07
1 40 -2.8876017825956709e-04 -1.6599384964482043e-07
1 41 -3.1430807132548519e-04 1.9139558876903077e-06
1 42 -3.6504379226807537e-04 2.0999876556239203e-06
1 43 -4.1175623330043083e-04 -3.8280578510720752e-06
1 44 -4.8082374306878376e-04 -5.4770797176316169e-06
1 45 -5.7597430704607047e-04 -2.7414226188727906e-06
1 46 -6.8835767480228459e-04 1.7382997185213594e-07
1 47 -7.8687289759146978e-04 1.2218690456826266e-06
1 48 -8.9333169807530733e-04 1.1625208516835567e-06
1 49 -1.0581590273571937e-03 -9.9552852134672579e-07
1 50 -1.2572749371272962e-03 3.4070907820613728e-06
1 51 -1.5000552273318653e-03 1.6829797769114538e-06
1 52 -1.7879088171299559e-03 3.4673774448425335e-06
1 53 -2.0918123242384353e-03 -3.6007511109834648e-06
1 54 -2.4348872480713891e-03 -3.3951650852638317e-06
1 55 -2.7179999773630703e-03 -2.4074854399393130e-06
1 56 -3.1234182808205558e-03 5.4772976205619830e-06
1 57 -3.7266822824689170e-03 2.4724274587890971e-05
1 58 -4.4726576071825548e-03 -1.5378260425567801e-06
1 59 -5.2782683954954428e-03 1.0703434114545466e-05
1 60 -6.2341403963551319e-03 -7.8776431360216751e-06
1 61 -7.2200927356586442e-03 -3.1071275206090374e-05
1 62 -8.3671055063319448e-03 3.1842864435206939e-05
1 63 -9.3810910150002053e-03 2.2989954100715923e-05
1 64 -1.1321493100150019e-02 -2.9116586274986045e-05
1 65 -1.4632512038163948e-02 -5.9508652816310524e-05
1 66 -1.8038609217821730e-02 -2.1817203484700753e-05
1 67 -2.2092141075618466e-02 -5.0193367536297145e-05
1 68 -2.8469445308737764e-02 -9.4527408128655520e-06
1 69 -3.7086330366095058e-02 -5.0024641913260528e-06
1 70 -5.6626743699272612e-02 3.6491011662235068e-05
1 71 -1.0941186327489484e-01 -5.1318065566566609e-04
2 0 -1.2609265994561553e-01 -3.0487861929309645e-05
2 1 -5.0511109867125294e-02 -4.9721613515648971e-04
2 2 -2.8699489719368934e-02 -3.8779448641167727e-04
2 3 -2.0251602190932548e-02 2.8288662186225905e-04
2 4 -1.5794938556769302e-02 1.8156425326259031e-04
2 5 -1.2240774193942483e-02 3.6238055846620772e-05
2 6 -9.6086893608482576e-03 -1.3725678316199454e-05
2 7 -7.8009744347572029e-03 2.8326842888332450e-05
2 8 -6.1390073028373187e-03 -4.6399554356830155e-05
2 9 -4.7648356243735722e-03 2.8616928381654605e-05
2 10 -3.6969144107092391e-03 7.9762118263433754e-05
2 11 -2.8164762171274281e-03 3.8218753268166368e-05
2 12 -2.2307645461934924e-03 5.5123050112017855e-06
2 13 -1.7708835617304148e-03 -8.6917073563931001e-08
2 14 -1.4945867786539109e-03 -3.9803819705359055e-06
2 15 -1.2670682331528259e-03 3.0689417856891530e-06
2 16 -1.0866204262275033e-03 -6.8862911288981095e-06
2 17 -9.0505054540553390e-04 1.4337434648801454e-06
2 18 -7.8917294040935356e-04 -1.1168073063154944e-06
2 19 -7.0099430038597556e-04 -8.9075376882314833e-06
2 20 -6.2040691851239884e-04 6.0219439963149470e-06
2 21 -5.4839390841460265e-04 -1.0479814772328913e-06
2 22 -4.7010022416812388e-04 1.3361601807195350e-06
2 23 -3.9794812747141246e-04 2.0583367075515774e-06
2 24 -3.2878172063685102e-04 -3.1797594955228524e-06
2 25 -2.7207137267251354e-04 -1.1880347794814452e-06
2 26 -2.1717226812473825e-04 3.0839536855590011e-06
2 27 -1.7979744731962152e-04 1.5924999136601559e-06
2 28 -1.5482375114994019e-04 3.4410272811043184e-06
2 29 -1.3470631887447021e-04 1.0605385056697067e-06
2 30 -1.2092911506930785e-04 6.2703781098315721e-07
2 31 -1.0538743913440230e-04 -9.2099938946193504e-08
2 32 -9.8105588879247987e-05 -2.7568261401716343e-07
2 33 -9.4726013504917576e-05 -9.2542265926577850e-07
2 34 -1.0417671078173044e-04 4.3206448804593650e-07
2 35 -1.1944900449050892e-04 3.0625296214348836e-07
2 36 -1.3547820979763257e-04 -5.5413488472829357e-07
2 37 -1.5348421758237875e-04 -5.0723636202121020e-07
2 38 -1.6630357248088138e-04 1.2051920591668547e-06
2 39 -1.7920407881709925e-04 5.3564919848786701e-07
2 40 -1.7736105308114192e-04 -2.9392373371790401e-07
2 41 -1.9407419423168439e-04 2.5137348043664229e-06
2 42 -2.2427032835519291e-04 2.7708592047155089e-06
2 43 -2.5044919354990476e-04 -4.9158378863115218e-06
2 44 -2.9580345578144067e-04 -7.4861414599749137e-06
2 45 -3.5541047531663416e-04 -4.4507132545951207e-06
2 46 -4.2636852697583102e-04 5.7690972386611273e-07
2 47 -4.8824221184158112e-04 2.3763700465165446e-06
2 48 -5.5472503638749518e-04 2.0794739415926655e-06
2 49 -6.5363335964875471e-04 -9.6372332298898792e-07
2 50 -7.7589135535616649e-04 4.1519387787260850e-06
2 51 -9.2328862303350963e-04 5.2082078838424677e-06
2 52 -1.1099799701088497e-03 7.1585835278864247e-06
2 53 -1.3078533928701504e-03 -8.6890238155930059e-06
2 54 -1.5198295271098966e-03 -4.5823240165204450e-06
2 55 -1.6863209294288473e-03 -7.3637612473013305e-06
2 56 -1.9427062066766450e-03 1.1996046234517989e-05
2 57 -2.2982092474233768e-03 4.2118351539264751e-05
2 58 -2.7734883392063702e-03 -5.9751736755780550e-07
2 59 -3.2433810570305262e-03 7.0482100381639389e-06
2 60 -3.8510027287543833e-03 -9.4643471590010798e-06
2 61 -4.4498009713285595e-03 -3.9612166874640109e-05
2 62 -5.1880808602360207e-03 3.4677337692090735e-05
2 63 -5.8238587369971182e-03 2.9929433263999233e-05
2 64 -7.0335770544735039e-03 -3.5641565441280373e-05
2 65 -9.0130802221203860e-03 -7.8356376397245979e-05
2 66 -1.1222068908089879e-02 -4.4760935331266884e-05
2 67 -1.3756683800106834e-02 -7.6057000062744820e-05
2 68 -1.7651714901151489e-02 -8.6036888356452840e-05
2 69 -2.2364858425818600e-02 4.6745777642016713e-05
2 70 -3.2416827142623957e-02 2.1146820342113056e-04
2 71 -5.4559391942317216e-02 -2.3372348602600574e-04
3 0 -4.4791076326980921e-02 4.4924232035988151e-04
3 1 -2.3908916973389233e-02 -1.7823243282577770e-04
3 2 -1.5535203810642061e-02 -3.2112966346871917e-04
3 3 -1.1471044418324002e-02 1.9408969817761641e-04
3 4 -9.1707335829003828e-03 1.4906074098302284e-04
3 5 -7.0198004765833167e-03 8.5740204744838084e-05
3 6 -5.5480641277959909e-03 -4.3196329805710795e-05
3 7 -4.5104452417748702e-03 2.1905479829045781e-05
3 8 -3.4884273448922919e-03 -5.2331023656957968e-05
3 9 -2.7366602899500667e-03 3.1783761921191629e-05
3 10 -2.1067753988898200e-03 8.2615947005789794e-05
3 11 -1.5862013106716947e-03 2.9022716371761388e-05
3 12 -1.2593332537436434e-03 1.2363581255855337e-05
3 13 -1.0044882744106524e-03 -2.1159376676868115e-06
3 14 -8.4958236465560257e-04 -2.0163939948691650e-06
3 15 -7.2041599010209934e-04 2.5906522395843935e-06
3 16 -6.2526554473086682e-04 -7.9307547657577655e-06
3 17 -5.1438448332968465e-04 3.7821965655400971e-06
3 18 -4.5487722867939732e-04 -2.0753675833367819e-06
3 19 -4.0343989845941875e-04 -9.5018210891293419e-06
3 20 -3.5242381492367328e-04 6.7078435215489267e-06
3 21 -3.1297706027176711e-04 3.8115004397873126e-07
3 22 -2.6660076798629096e-04 1.0573258740314434e-06
3 23 -2.2687516252385041e-04 8.3025819749019310e-07
3 24 -1.8670973859832900e-04 -3.8390678323482758e-06
3 25 -1.5713257425744247e-04 -1.8421166640742333e-06
3 26 -1.2469787269274565e-04 3.1164639708335000e-06
3 27 -1.0276056027662081e-04 9.5605556190258633e-07
3 28 -8.8314107562840750e-05 3.3617016872029667e-06
3 29 -7.6700871080216158e-05 7.0789560050143467e-07
3 30 -6.8806471775274396e-05 5.3831864686908543e-07
3 31 -5.9914294647508103e-05 1.6500792971152655e-07
3 32 -5.6996939617258885e-05 -5.1535785587334199e-09
3 33 -5.4155330222976343e-05 -1.0938926620756473e-06
3 34 -6.0371651465474335e-05 -2.1332280401453772e-07
3 35 -6.8208687746720435e-05 3.2855238769111466e-07
3 36 -7.6219937695575209e-05 6.3890348738067243e-09
3 37 -8.7448642077544921e-05 6.2833225103343078e-07
3 38 -9.4816954839584862e-05 1.7680376615898907e-06
3 39 -1.0318311502720029e-04 6.1557404962941533e-07
3 40 -1.0011542039245403e-04 -5.6383552136074477e-07
3 41 -1.1124489464248777e-04 2.2918434058152121e-06
3 42 -1.2747048764720259e-04 2.9576169591919814e-06
3 43 -1.4014745023157351e-04 -4.3978478670002682e-06
3 44 -1.6690427756593947e-04 -7.6835281455362965e-06
3 45 -2.0352967194937926e-04 -5.4101979010537851e-06
3 46 -2.4482888304382821e-04 5.7904313107080269e-07
3 47 -2.8087864462364806e-04 1.9955493899333834e-06
3 48 -3.2016284516533071e-04 2.2046832352446647e-06
3 49 -3.7514609508321509e-04 1.3788849322067343e-07
3 50 -4.4177325247403475e-04 4.0243043064937676e-06
3 51 -5.2104205952173497e-04 7.2996758509270361e-06
3 52 -6.3706311815921960e-04 9.2757144841114725e-06
3 53 -7.6193676763647528e-04 -9.8325469656621056e-06
3 54 -8.7774221294190037e-04 -8.0615842170291674e-06
3 55 -9.6607566986219820e-04 -1.0967097735108858e-05
3 56 -1.1113663492739294e-03 1.2017923346420994e-05
3 57 -1.2997345558261215e-03 4.7712617616846507e-05
3 58 -1.5907540978861488e-03 -7.5540303278509662e-07
3 59 -1.8342475481473968e-03 9.1613004349524652e-06
3 60 -2.1844778087122671e-03 -1.1403842420688506e-05
3 61 -2.5286425591493833e-03 -2.7087037171383274e-05
3 62 -2.9964723040155805e-03 2.0885338847283678e-05
3 63 -3.3782910607950143e-03 2.3360817168699732e-05
3 64 -4.0580015198058367e-03 -4.0229408169673222e-05
3 65 -5.1055334624576596e-03 -9.9673138709649499e-05
3 66 -6.4383742014618266e-03 -7.3381382771822208e-05
3 67 -7.9791811646738164e-03 -1.0499059963993483e-04
3 68 -1.0195735138877107e-02 -1.5523319796389163e-04
3 69 -1.2435780132877394e-02 9.6422225928123912e-05
3 70 -1.7178044920473097e-02 1.7785274372857598e-04
3 71 -2.6594727182194348e-02 -2.2203210236370805e-04
4 0 -1.7456638052831864e-02 1.0986993984910690e-03
4 1 -1.1054954623916790e-02 2.3365005750971304e-04
4 2 -8.1859858832579579e-03 -1.7022256507516704e-04
4 3 -6.2969517060301834e-03 5.9120985258603635e-05
4 4 -5.1186655214993503e-03 1.1655182090978456e-04
4 5 -3.8764164004343898e-03 7.0046732187076350e-05
4 6 -3.0904121885024496e-03 -7.1291192137372370e-05
4 7 -2.5098156281313632e-03 1.3850773045209117e-05
4 8 -1.9083354423168023e-03 -4.6818113513966820e-05
4 9 -1.5236622704834757e-03 1.4199708657128724e-05
4 10 -1.1405964683390566e-03 7.6359213521843265e-05
4 11 -8.5519719797725409e-04 1.9330841908634299e-05
4 12 -6.7783605912077915e-04 1.8102559355267034e-05
4 13 -5.4848896932445086e-04 -3.0219026179985763e-06
4 14 -4.5798141476738352e-04 8.2420904944165567e-07
4 15 -3.9332863080659503e-04 4.0639103110498397e-07
4 16 -3.4616085121979499e-04 -8.5464704206305577e-06
4 17 -2.7966188193779992e-04 5.3217240874784678e-06
4 18 -2.5070242422306651e-04 -1.7678701806017031e-06
4 19 -2.2325505754813933e-04 -8.2188397043237335e-06
4 20 -1.8802651974364956e-04 6.8488896510924575e-06
4 21 -1.6965207210881093e-04 1.5818705086442232e-06
4 22 -1.4638988121787994e-04 1.9380350512656171e-07
4 23 -1.2392578288752460e-04 -3.1191824578165168e-07
4 24 -1.0128084082326657e-04 -3.9356780323290395e-06
4 25 -8.7283928225872831e-05 -2.5993002607913688e-06
4 26 -6.8756348534748673e-05 2.6898029095151438e-06
4 27 -5.6335187739598378e-05 3.3654960298912274e-07
4 28 -4.8320704133377220e-05 2.7747672236032652e-06
4 29 -4.1828572081490368e-05 1.4833564002686050e-07
4 30 -3.7666541680986844e-05 5.7317443889372532e-07
4 31 -3.2674839258294790e-05 2.3812155084199681e-07
4 32 -3.2103145994265580e-05 2.0272028254919893e-07
4 33 -2.9939895016737619e-05 -9.3373318914742361e-07
4 34 -3.3900955356715257e-05 -1.0682160024361729e-06
4 35 -3.7488599521124115e-05 4.7747195866442748e-07
4 36 -4.0880621649768969e-05 6.2633692346808443e-07
4 37 -4.8036174881630640e-05 1.4448729427497576e-06
4 38 -5.1395991547969360e-05 1.7439419550291693e-06
4 39 -5.6433140814503307e-05 2.5252007804513368e-07
4 40 -5.3610267993029369e-05 -4.0975863274167226e-07
4 41 -6.1465111726023719e-05 1.4217598555328138e-06
4 42 -6.9428438162103239e-05 2.4563373923188624e-06
4 43 -7.5160776489542741e-05 -3.3398907714743466e-06
4 44 -8.9743631427056811e-05 -6.6708250460054178e-06
4 45 -1.1285195997472049e-04 -5.4131702009403959e-06
4 46 -1.3522191791011298e-04 9.5414254127577196e-08
4 47 -1.5523609576483286e-04 3.2116173746603520e-07
4 48 -1.7843980465111249e-04 1.4401080966293234e-06
4 49 -2.0797163282504157e-04 3.4561671132488567e-06
4 50 -2.4186515534587819e-04 2.8564032550119753e-06
4 51 -2.7984768934061828e-04 6.4478311092996731e-06
4 52 -3.5363742591716836e-04 8.5028285155579257e-06
4 53 -4.2641581917000573e-04 -6.2457625071946304e-06
4 54 -4.9091421125860193e-04 -9.0058623620737038e-06
4 55 -5.3623548977124226e-04 -1.1337358612100602e-05
4 56 -6.0109353607021201e-04 1.5794425586193628e-05
4 57 -6.9683969476462191e-04 4.4987516203827636e-05
4 58 -8.7362271202812548e-04 2.9003143926162831e-06
4 59 -9.9675052260808595e-04 1.6494514806832717e-05
4 60 -1.1800610107023726e-03 -8.1300211095794166e-06
4 61 -1.3959598539489146e-03 -2.4168010127749991e-05
4 62 -1.6874781374828841e-03 5.9077820623930537e-06
4 63 -1.9086751597762062e-03 1.0669783793448575e-06
4 64 -2.2545452237007573e-03 -5.5264930862164766e-05
4 65 -2.7432066617793750e-03 -9.5958345582527525e-05
4 66 -3.5289437821751741e-03 -8.6989705455614596e-05
4 67 -4.4090580092420381e-03 -1.5305085044837698e-04
4 68 -5.6735269601606558e-03 -1.4175481938808108e-04
4 69 -6.6255138793687466e-03 7.3915101421811880e-05
4 70 -8.7732743538019783e-03 7.3360573560222959e-05
4 71 -1.2711843869229756e-02 -1.1431700981127890e-04
5 0 -7.6072507290977174e-03 8.9989361413266781e-04
5 1 -5.1556522493445148e-03 6.2767837335311232e-04
5 2 -4.3253129565544142e-03 3.5127834720173201e-05
5 3 -3.3920821245875363e-03 -1.3241490944178236e-05
5 4 -2.8010493934662946e-03 8.8874286564171443e-05
5 5 -2.0917784857092227e-03 6.2909042647354212e-05
5 6 -1.6953661608546029e-03 -1.0290864247766253e-04
5 7 -1.3701469982686902e-03 4.9766435500226341e-06
5 8 -1.0215891660569892e-03 -4.2032094708900336e-05
5 9 -8.3776964228971667e-04 -2.2848952028846989e-06
5 10 -5.9552313294230607e-04 6.4780130120363797e-05
5 11 -4.4770178304626385e-04 1.4790233075907838e-05
5 12 -3.5117070392512033e-04 1.9542645297727356e-05
5 13 -2.9127566894848755e-04 -1.4683107362515391e-06
5 14 -2.3605656331851180e-04 3.7049738243658776e-06
5 15 -2.1165402539387106e-04 1.0415791057088518e-06
5 16 -1.8546703934954728e-04 -6.9156658030385614e-06
5 17 -1.4943747048903395e-04 4.2930293205355187e-06
5 18 -1.3483380090274929e-04 -1.6181949043824506e-06
5 19 -1.2194560725695881e-04 -5.1236650544945421e-06
5 20 -9.3959550982511894e-05 6.4709837222207541e-06
5 21 -8.8312419328838163e-05 1.4310211124347344e-06
5 22 -7.9542956390144412e-05 -2.6072262670371944e-07
5 23 -6.5525697301281380e-05 -1.4020081764732840e-06
5 24 -5.3506744075281552e-05 -2.6033531068251451e-06
5 25 -4.7151270289849547e-05 -2.9880225920253329e-06
5 26 -3.6499121186944740e-05 2.1677368972010936e-06
5 27 -3.0017768343641902e-05 -4.3491308139982044e-07
5 28 -2.5632034465913672e-05 1.9704907907337066e-06
5 29 -2.2245789863205225e-05 -2.8340575005836884e-07
5 30 -2.0087530784395084e-05 4.7878837658645972e-07
5 31 -1.7395684359693164e-05 2.6392869010924345e-07
5 32 -1.7565778782376924e-05 2.3454587880979105e-07
5 33 -1.6294984864974296e-05 -5.6248910870975484e-07
5 34 -1.8493090086575001e-05 -1.5804182800944372e-06
5 35 -2.0115154774272872e-05 8.5517426245882494e-07
5 36 -2.1506880673225582e-05 1.6409569526552119e-06
5 37 -2.5575790583395131e-05 1.2601290666005002e-06
5 38 -2.6905946086132075e-05 1.4578647533819958e-06
5 39 -2.9935543925185441e-05 5.1504909570620525e-08
5 40 -2.7236191028181451e-05 -2.7176810486435849e-07
5 41 -3.3276152828812503e-05 6.3945037325975213e-07
5 42 -3.6878283215144840e-05 1.7200743014625320e-06
5 43 -3.9270753723736150e-05 -2.3432708195173455e-06
5 44 -4.6777493798912841e-05 -5.4741262472329839e-06
5 45 -6.1996868352862577e-05 -3.9405180601734322e-06
5 46 -7.2992367323805956e-05 2.0465334812354756e-07
5 47 -8.3807563759365572e-05 -1.0220436746334984e-06
5 48 -9.7735333362421501e-05 7.5728058093588861e-07
5 49 -1.1162043153812573e-04 4.9496395626952872e-06
5 50 -1.2988838554622896e-04 -6.6324637840494851e-07
5 51 -1.4419746193601867e-04 3.4361803485386343e-06
5 52 -1.9396430638917694e-04 6.8484360914960048e-06
5 53 -2.2968495203451868e-04 -3.5059118082068359e-06
5 54 -2.7340388967821871e-04 -8.8094350614118909e-06
5 55 -2.9485756754758427e-04 -9.0114403809592438e-06
5 56 -3.1196569708174485e-04 1.8645982412090112e-05
5 57 -3.6175718679743796e-04 3.8866103310644670e-05
5 58 -4.7094320850814275e-04 8.1165407640787827e-06
5 59 -5.3969223064475930e-04 2.4507483417082752e-05
5 60 -6.2004085241621897e-04 -7.8313146319097355e-06
5 61 -7.6514190625035774e-04 -2.1961937818664877e-05
5 62 -9.5551767293964511e-04 -1.2765266066996366e-05
5 63 -1.0600836677710111e-03 -2.2340255616661914e-05
5 64 -1.2209664079852679e-03 -5.4226527986390068e-05
5 65 -1.4041690938202522e-03 -8.2993158778652264e-05
5 66 -1.8721678167464206e-03 -7.0169432797066670e-05
5 67 -2.3462060804354114e-03 -1.6330187173976403e-04
5 68 -3.0727760495236458e-03 -9.6844925928853186e-05
5 69 -3.4818049598496397e-03 7.0014678496016004e-06
5 70 -4.4040753280793514e-03 -4.2610169319130304e-05
5 71 -5.8816288792263149e-03 1.2949541064909145e-04
6 0 -3.3959118318557203e-03 7.2636709262150357e-04
6 1 -2.4246848647023374e-03 6.3565323583724754e-04
6 2 -2.3161161401441793e-03 1.4419009475961372e-04
6 3 -1.7398070264539982e-03 4.4731369772231934e-06
6 4 -1.5270059167219862e-03 1.0041375831752298e-04
6 5 -1.1025088095610400e-03 6.7838918941671330e-05
6 6 -9.1705705925115638e-04 -9.9114158768576452e-05
6 7 -7.4076245358198779e-04 -7.2238481821124926e-06
6 8 -5.3838406849309134e-04 -4.4912442647884119e-05
6 9 -4.6959167588356938e-04 -1.6066796512951022e-05
6 10 -3.0783139075640586e-04 4.6233642317258920e-05
6 11 -2.3158681338970020e-04 7.1250468955317139e-06
6 12 -1.7805017740582854e-04 1.3612307225374779e-05
6 13 -1.5404905042341280e-04 8.4631065761215353e-07
6 14 -1.1835554761562533e-04 4.4670175100289685e-06
6 15 -1.1287996288424598e-04 4.0930578648959248e-06
6 16 -9.6546490159879285e-05 -2.4040794950544878e-06
6 17 -7.9120627321138437e-05 3.7188047376089176e-06
6 18 -7.2773307572343994e-05 -1.3336022208619249e-06
6 19 -6.7463199339122561e-05 -1.9880180674027822e-06
6 20 -4.3223714504876633e-05 5.3723423262765552e-06
6 21 -4.2768076012753649e-05 1.7943714328306584e-06
6 22 -4.2809152708592350e-05 -1.4063876736815414e-06
6 23 -3.3801953510985294e-05 -1.7678683806101283e-06
6 24 -2.7822939958218271e-05 -6.3860168861049645e-07
6 25 -2.4890776229358155e-05 -3.1515416481196926e-06
6 26 -1.9027339064348049e-05 1.8128942693057494e-06
6 27 -1.5360099242349167e-05 -5.7202136062229009e-07
6 28 -1.3373884895270300e-05 1.2113458481578580e-06
6 29 -1.1616264746342782e-05 -3.1631208550003822e-07
6 30 -1.0444445865492983e-05 3.9485198558932907e-07
6 31 -9.1797002323200475e-06 3.3965937125479546e-07
6 32 -9.2679010159331226e-06 2.8085198672805678e-07
6 33 -8.8924179397956466e-06 -1.3767567670994536e-07
6 34 -1.0006858158088060e-05 -1.7141369763919600e-06
6 35 -1.0781907969826150e-05 1.0633340648142934e-06
6 36 -1.1382077074245248e-05 1.9467786035666868e-06
6 37 -1.3487608762760685e-05 8.7041195107264875e-07
6 38 -1.3850457128333680e-05 1.2645825586274945e-06
6 39 -1.5717024490137202e-05 3.6321340374690628e-09
6 40 -1.3418089495064091e-05 -1.9884536955431214e-07
6 41 -1.7737650788762042e-05 4.6826597608145441e-07
6 42 -1.9373977889730602e-05 7.3226421621921908e-07
6 43 -2.0383397684077815e-05 -1.7401382349215315e-06
6 44 -2.4504932945037442e-05 -4.7640273051726193e-06
6 45 -3.4375638779291800e-05 -2.4584695012306552e-06
6 46 -3.8384605148479989e-05 6.7621398526776490e-07
6 47 -4.5691104795261702e-05 -1.5254430578533714e-06
6 48 -5.2955295475518392e-05 -4.2847121464221025e-07
6 49 -5.8010809587100032e-05 4.3667991106742016e-06
6 50 -7.0580639027587321e-05 -3.2297893245383121e-06
6 51 -7.1443831953945134e-05 6.2323193685247623e-07
6 52 -1.0592337188628585e-04 6.2326716912267274e-06
6 53 -1.1780792165506973e-04 -1.2039488698324044e-06
6 54 -1.5194432223577655e-04 -1.0538850282100571e-05
6 55 -1.6061153855596828e-04 -5.9652227114304994e-06
6 56 -1.5584228215856063e-04 1.4238153325697983e-05
6 57 -1.8600679198142703e-04 2.9642294130691237e-05
6 58 -2.5248127099562431e-04 1.4921523702537963e-05
6 59 -2.9719479611166398e-04 2.1352153562926516e-05
6 60 -3.3083900457233013e-04 -1.3334979703334212e-05
6 61 -4.1784725450702293e-04 -2.9923579615717209e-05
6 62 -5.4513392701647275e-04 -2.5983330451485781e-05
6 63 -5.7998377550713546e-04 -3.7801510450245345e-05
6 64 -6.6005859893438466e-04 -3.5168420561469208e-05
6 65 -7.0989771509051319e-04 -5.7620228782536244e-05
6 66 -9.7689056371468908e-04 -3.9149269361056789e-05
6 67 -1.2415943810507213e-03 -1.4146488205261774e-04
6 68 -1.6378425070581620e-03 -6.4004472736614183e-05
6 69 -1.8924533722159890e-03 -2.5159331252478156e-05
6 70 -2.2177825677036174e-03 -8.3490904424878958e-05
6 71 -2.6549398460645988e-03 2.2968364967069824e-04
7 0 -1.4183226849837250e-03 5.4464195937577956e-04
7 1 -1.0665959184662736e-03 6.2957495599895040e-04
7 2 -1.2315904018880012e-03 1.6291773655465567e-04
7 3 -8.3320554793418408e-04 1.9240575514113598e-05
7 4 -8.2014642229287190e-04 1.0478471616964082e-04
7 5 -5.7306348949288694e-04 6.4402001915283305e-05
7 6 -4.9489793897554923e-04 -8.8954143877867833e-05
7 7 -3.9888755193723502e-04 -1.7343920579420152e-05
7 8 -2.8647296189050563e-04 -4.4536327160589799e-05
7 9 -2.7267018329701198e-04 -2.0892372123497932e-05
7 10 -1.5795627635471386e-04 3.6777263150747744e-05
7 11 -1.2276599645599860e-04 -5.3725815017854669e-06
7 12 -8.7923155581543259e-05 6.4945291197150327e-06
7 13 -8.4321109740703471e-05 4.3617363160023744e-06
7 14 -5.5883891778453945e-05 4.5169767428327916e-06
7 15 -5.9961441950492896e-05 4.7063737421229267e-06
7 16 -4.7849445049938697e-05 3.2038524186984161e-07
7 17 -4.0438967521975834e-05 2.2466831162195117e-06
7 18 -3.8911025597667412e-05 -1.5621505414905506e-06
7 19 -3.7655936062205800e-05 4.4394528136058006e-08
7 20 -1.8865824876280711e-05 4.2778461145432235e-06
7 21 -1.8350199064704935e-05 3.1557463215255847e-06
7 22 -2.2660923343687137e-05 -1.3589202352971310e-06
7 23 -1.8072935815736639e-05 -1.0949496994190601e-06
7 24 -1.3644675447640578e-05 1.0831461247460025e-06
7 25 -1.3226569184978043e-05 -2.7593933013867010e-06
7 26 -9.9919635560092053e-06 1.8351552645908061e-06
7 27 -7.7488860499674083e-06 -2.5961866473773765e-07
7 28 -7.1039638751104857e-06 6.4879969442458753e-07
7 29 -5.8201484453926809e-06 -2.0780313104976075e-07
7 30 -5.4779025372721998e-06 4.2090651352532699e-10
7 31 -4.9078273899786178e-06 3.0169867121767260e-07
7 32 -4.5086737135540582e-06 1.4547997021295933e-07
7 33 -4.8216595343951433e-06 1.6690242511605744e-07
7 34 -5.4821029606451394e-06 -1.4405255132673341e-06
7 35 -6.1657684547318776e-06 9.4179397372014771e-07
7 36 -6.0872564913986001e-06 1.9863643997576298e-06
7 37 -7.3480483971654187e-06 5.6911639482246873e-07
7 38 -7.1790949166098046e-06 6.3173914353230963e-07
7 39 -8.3553918797685074e-06 -2.3392247073877383e-07
7 40 -6.3860501683366653e-06 -4.7989007849285603e-07
7 41 -9.2668770341717601e-06 8.6384394840188829e-07
7 42 -1.0505445274866121e-05 -3.3787823612098591e-07
7 43 -1.0682420729465683e-05 -1.8198168906135233e-06
7 44 -1.3421708231062200e-05 -4.2372221977501017e-06
7 45 -1.9370966506872324e-05 -1.5845120937061512e-06
7 46 -1.9108674284571447e-05 8.5590511006211996e-07
7 47 -2.5531229305534911e-05 -8.8301628296693569e-07
7 48 -2.7122054599388103e-05 -1.0341952202500761e-06
7 49 -2.9927227093904455e-05 2.4099444842702980e-06
7 50 -3.9272708791623666e-05 -2.9312619281028935e-06
7 51 -3.2044726295333907e-05 -1.4134816677838233e-06
7 52 -5.8713869794745823e-05 7.3061769782269741e-06
7 53 -6.0194427353268882e-05 2.0717238552287965e-06
7 54 -8.3710122744667345e-05 -8.9665310671460071e-06
7 55 -8.5269501768411434e-05 -1.0392301439543026e-06
7 56 -7.6053072079229370e-05 9.1316026661010054e-06
7 57 -9.7163417549815841e-05 2.1686385512916246e-05
7 58 -1.3740132351277264e-04 1.6266705849611344e-05
7 59 -1.6233073532158717e-04 1.2942769181220345e-05
7 60 -1.8194931111139971e-04 -2.1179162616991841e-05
7 61 -2.2568040967040870e-04 -3.1263507051922600e-05
7 62 -3.1019608637554506e-04 -2.5703516042366443e-05
7 63 -3.1830046305841733e-04 -3.4871179696708568e-05
7 64 -3.5842981655811426e-04 -8.0167737974914288e-06
7 65 -3.7141834009222401e-04 -1.9137105210395561e-05
7 66 -5.1268560481728905e-04 3.2895066980353284e-06
7 67 -6.5179920499030327e-04 -8.6022774274644831e-05
7 68 -8.7484455225035108e-04 -3.3645663203710374e-05
7 69 -9.9877103119264685e-04 -5.8490249384759707e-05
7 70 -1.1167580291092975e-03 -8.2672733272084624e-05
7 71 -1.1060480162116487e-03 4.5384479431807952e-05
8 0 -4.6483974502388632e-04 5.4252091597236241e-04
8 1 -4.1435709510866098e-04 5.1918792199334598e-04
8 2 -6.0893459374812998e-04 1.2661499153698266e-04
8 3 -3.4117718032987887e-04 4.8620055746853093e-06
8 4 -4.3970878983441746e-04 1.1207042649265806e-04
8 5 -2.9198074247903356e-04 6.0122430310734681e-05
8 6 -2.7790135617338088e-04 -8.9419320265343914e-05
8 7 -2.1479534347721091e-04 -1.8903852299239589e-05
8 8 -1.5372941066423514e-04 -3.9315010276902476e-05
8 9 -1.6031718078503778e-04 -2.5107814701969484e-05
8 10 -7.5718341662467641e-05 3.5398041158077769e-05
8 11 -6.7595482777131578e-05 -8.3743188601609276e-06
8 12 -3.9856153529735901e-05 -4.3374050668940201e-06
8 13 -4.6734644947548760e-05 5.7095192267299817e-06
8 14 -2.3556626904051768e-05 2.0385982218409208e-06
8 15 -3.1746709604590166e-05 2.2559951905958417e-06
8 16 -2.2340785774904484e-05 3.0049260414366476e-07
8 17 -2.0619113497143531e-05 6.6177089933946228e-07
8 18 -1.8909501013927572e-05 -2.2720519489978345e-06
8 19 -2.1371054952025361e-05 8.7250816951529408e-07
8 20 -7.6783364463511546e-06 3.4059787475454381e-06
8 21 -6.9260329899494964e-06 3.7402600964881291e-06
8 22 -1.2418132295065233e-05 -9.2784849084540812e-08
8 23 -1.0634198760723948e-05 4.8554292849097596e-08
8 24 -6.5016715663470984e-06 2.0904312546374995e-06
8 25 -7.5046556305214078e-06 -1.8868562312929208e-06
8 26 -5.7265360712616352e-06 2.1390730406648942e-06
8 27 -4.0822564215811680e-06 3.4342378080233146e-07
8 28 -4.1376869763387238e-06 5.7314434304067370e-08
8 29 -2.6088955648557757e-06 3.5187295452562386e-08
8 30 -2.9945345808280052e-06 -4.8580515017103852e-07
8 31 -2.7450995725521244e-06 1.0273360591848922e-07
8 32 -2.0477556882630320e-06 -1.3571709793476161e-07
8 33 -2.7150919279487799e-06 3.9055877690457060e-07
8 34 -3.0685675808454683e-06 -9.9525470162158870e-07
8 35 -3.6989467713539211e-06 8.3327421867471140e-07
8 36 -3.3465145742127592e-06 1.7789015393426140e-06
8 37 -4.2571815056336550e-06 2.9259399263372409e-07
8 38 -3.7491960103344372e-06 -1.5117070316832589e-07
8 39 -4.6164354721459432e-06 -5.8133130767655529e-07
8 40 -3.1079867921035270e-06 -9.4465628078039374e-07
8 41 -4.6565196623101366e-06 1.2419481254499597e-06
8 42 -5.6025846744313012e-06 -1.0648226133968944e-06
8 43 -5.6722101804541907e-06 -1.3976702906525044e-06
8 44 -7.8979152279630804e-06 -3.5759024419576103e-06
8 45 -1.1421262609501610e-05 -9.8196425824945695e-07
8 46 -7.8971773061493268e-06 8.4345441563058752e-07
8 47 -1.4911080351164821e-05 -6.3522416468315511e-07
8 48 -1.4185204473916445e-05 -9.4244285733090740e-07
8 49 -1.6370495350558485e-05 2.6501431523381263e-06
8 50 -2.2359230381885763e-05 -2.8098289869504261e-06
8 51 -1.2840509930542157e-05 -3.9026870788795580e-06
8 52 -3.3178584968093495e-05 8.9558812940813806e-06
8 53 -3.2295237329759084e-05 3.3293147424854252e-06
8 54 -4.6562182278460073e-05 -1.0739909037788970e-05
8 55 -3.8965858811080760e-05 3.6180818519023265e-06
8 56 -3.5869138716851135e-05 6.4350193953050500e-06
8 57 -4.7859251482668684e-05 1.5284088021969956e-05
8 58 -7.4722393404624965e-05 1.1198493846273037e-05
8 59 -8.5537789380518516e-05 6.8449498750537765e-07
8 60 -1.0235844628369195e-04 -2.5509476322056548e-05
8 61 -1.1765831988256433e-04 -3.1780025349186425e-05
8 62 -1.8635672371015684e-04 -2.0743217418084785e-05
8 63 -1.8145929144020018e-04 -7.7779669194035009e-06
8 64 -1.8165730383862874e-04 2.4820410638447694e-06
8 65 -1.9091661683235287e-04 9.1311424346047071e-06
8 66 -2.7000671265925939e-04 1.4835308704152211e-05
8 67 -3.3584630816346750e-04 -3.7916459290454106e-05
8 68 -4.9363361100841015e-04 -2.0303269109286733e-05
8 69 -4.7526126025534217e-04 -4.4973936624057899e-05
8 70 -5.8067805614347805e-04 -3.4677153691057087e-05
8 71 -3.9640733028919241e-04 -1.0533906713247181e-04
9 0 -3.9676088155142519e-05 4.3767367994236838e-04
9 1 -1.4693686563805726e-04 4.0972565330900482e-04
9 2 -2.3548086504124723e-04 1.2458862007016047e-04
9 3 -9.9823361998569476e-05 6.4574636216968469e-07
9 4 -2.5186350785191407e-04 1.1182657793793477e-04
9 5 -1.4296346454104300e-04 4.7651050510273720e-05
9 6 -1.7298133784401413e-04 -8.4438140857496789e-05
9 7 -1.2129378005100547e-04 -1.8843549130247925e-05
9 8 -7.6391902563710301e-05 -3.9543707207376174e-05
9 9 -8.6247998495744951e-05 -2.8154631954550910e-05
9 10 -2.6245243150454364e-05 3.6174015687414519e-05
9 11 -3.6302527090351711e-05 -8.6375268968886875e-06
9 12 -1.3500709475607113e-05 -1.1551604005381037e-05
9 13 -2.6316249160205577e-05 3.6744986581628283e-06
9 14 -9.6824519708432248e-06 -9.0443294556815775e-08
9 15 -1.7765787334347804e-05 3.2483742247376311e-07
9 16 -1.0574558689841448e-05 -1.3318926813873945e-06
9 17 -1.1964007641289663e-05 -1.4242032571826026e-06
9 18 -6.3494295157187381e-06 -3.2842895258475865e-06
9 19 -1.3127845026558265e-05 2.1334293272138876e-06
9 20 -2.5665235587371232e-06 2.0720204585761515e-06
9 21 -2.0374973492488833e-06 3.3165377626629671e-06
9 22 -5.9589027622942231e-06 2.1648622580190357e-06
9 23 -7.0331234791735170e-06 2.5062654422611881e-07
9 24 -3.5079646030551026e-06 2.1459931165151679e-06
9 25 -5.2347432928117362e-06 -1.1360050740942400e-06
9 26 -3.7316158459607477e-06 2.0721895840911854e-06
9 27 -2.4804677581431485e-06 3.4721807404965684e-07
9 28 -2.6552752324429798e-06 -2.6635499639550808e-07
9 29 -9.5280945432677917e-07 2.8948437900188451e-07
9 30 -1.5693211483281810e-06 -7.3843638919350803e-07
9 31 -1.6638035035811558e-06 -2.1493912273482340e-07
9 32 -9.9169310079871049e-07 -3.6733111824812827e-07
9 33 -1.4852452914898595e-06 4.9803182535941701e-07
9 34 -1.7030091877129510e-06 -5.8381537146020400e-07
9 35 -2.1460643778373132e-06 8.2275435522566239e-07
9 36 -2.0541932606274387e-06 1.6421237173302193e-06
9 37 -2.6698735215187268e-06 5.4902438749224417e-08
9 38 -2.0580303306575383e-06 -9.7091050451180937e-07
9 39 -2.5337934396828320e-06 -1.0494540631571449e-06
9 40 -1.3612545631493023e-06 -1.3903392329651748e-06
9 41 -2.5352527079850385e-06 1.6730746555404030e-06
9 42 -3.0312213876264796e-06 -1.1390094689317211e-06
9 43 -3.0927561564200627e-06 -7.1107782007098694e-07
9 44 -4.4728848279234507e-06 -2.9397468611722230e-06
9 45 -7.4819963801738396e-06 -5.7395076222624349e-07
9 46 -2.6871987782916693e-06 2.9771463720071221e-07
9 47 -9.0941064315942707e-06 -4.4240280640291152e-08
9 48 -7.9525664587202465e-06 -8.5329044590746887e-07
9 49 -8.8598445028004531e-06 3.5638183519502243e-06
9 50 -1.2515836695610492e-05 -4.1619746654462322e-06
9 51 -4.3177182624118602e-06 -4.3538252133155473e-06
9 52 -2.0013369990187599e-05 1.0762451505386828e-05
9 53 -1.9789089744058132e-05 2.4721947004737558e-06
9 54 -2.6119393290162666e-05 -1.1563930428776133e-05
9 55 -1.2830902954019155e-05 4.4847451508952004e-06
9 56 -1.4588589397642015e-05 5.6693510108694652e-06
9 57 -1.9242201772899539e-05 7.6413323841680121e-06
9 58 -3.9871505121679040e-05 7.6988589739121573e-06
9 59 -3.8752952328829678e-05 -3.8133051487379889e-06
9 60 -5.8249136219804423e-05 -2.5144492308606335e-05
9 61 -6.1052884158828872e-05 -2.6326650074194543e-05
9 62 -1.1537848332983089e-04 -2.6260224652351690e-05
9 63 -1.0844796782449218e-04 1.6553685039464897e-05
9 64 -7.7401975730211309e-05 1.0155309262759799e-05
9 65 -8.9905392361761530e-05 -9.6090862070692662e-07
9 66 -1.6460574417827371e-04 -1.3324072373801422e-05
9 67 -1.5511636828413202e-04 2.6995319315635232e-07
9 68 -2.6811643860886509e-04 -1.9958276804518137e-05
9 69 -1.6275674754248287e-04 4.9389167716200707e-06
9 70 -3.0581774537994570e-04 -8.9587077421243421e-07
9 71 -9.1128525674007659e-05 -1.4795646177889011e-04
10 0 5.2346160363549449e-05 1.8596134844397192e-04
10 1 -3.6158036055198449e-06 3.3069850507398978e-04
10 2 -6.9112085683468430e-05 1.0250136905697872e-04
10 3 -9.9609909859458027e-07 9.3971746752776787e-06
10 4 -2.0295204655400108e-04 1.0228901784545929e-04
10 5 -7.5887169991781651e-05 2.7424430878778278e-05
10 6 -1.0827596104623156e-04 -6.7628984467872860e-05
10 7 -6.8222970445348929e-05 -1.2512088499159503e-05
10 8 -4.1154763625878072e-05 -4.0743545654849063e-05
10 9 -4.1393844779639662e-05 -2.5929380007985574e-05
10 10 5.3033172376558841e-06 3.0255044151760912e-05
10 11 -1.6052347287691675e-05 -8.5056347900688296e-06
10 12 -2.3859405209132189e-08 -1.1647457643906178e-05
10 13 -1.5384471674816698e-05 2.6548752270083909e-06
10 14 -3.1524615356786113e-06 -6.3471157262697504e-07
10 15 -1.1347538449622898e-05 -1.2379093983744545e-06
10 16 -4.3316182491148905e-06 -2.1820641175253781e-06
10 17 -8.8167246526325844e-06 -3.7565357413636290e-06
10 18 1.1545568357216726e-06 -3.4678752640829748e-06
10 19 -8.7835574156684177e-06 3.6617934276635578e-06
10 20 2.0917798380585374e-07 5.5867315406622100e-07
10 21 -9.8820034356783246e-07 2.3582519139047594e-06
10 22 -1.5195606374806680e-06 3.5380949048739167e-06
10 23 -4.5700217973607992e-06 4.8638089684584452e-07
10 24 -2.2112624615311104e-06 1.4806860899714726e-06
10 25 -4.1749431862924587e-06 -1.0852088402280908e-06
10 26 -2.6814997228085405e-06 1.4037369789134440e-06
10 27 -1.3635154716131522e-06 8.3857333363842762e-08
10 28 -1.4310865822598286e-06 -4.1904209106031816e-07
10 29 -1.8155046946664436e-07 4.5411464172835202e-07
10 30 -7.7350407376225844e-07 -5.9031112974396705e-07
10 31 -1.0871627718010438e-06 -4.6407092279110003e-07
10 32 -6.3590085742517015e-07 -5.5354504588495589e-07
10 33 -5.4226970510455180e-07 5.0120608616979677e-07
10 34 -8.0026926550567728e-07 -1.4618673456548960e-07
10 35 -1.1396913526281175e-06 8.6455187735682224e-07
10 36 -1.4488765697839208e-06 1.2368683294535975e-06
10 37 -1.5606698978294226e-06 -1.2651712401225232e-08
10 38 -1.1794131126553378e-06 -1.5820703665862941e-06
10 39 -1.2814286582055447e-06 -1.4660537368531033e-06
10 40 -3.3997453744884582e-07 -1.3542704335691762e-06
10 41 -1.8267014822765879e-06 2.1715610665759419e-06
10 42 -1.5634905230556492e-06 -5.4797653279189638e-07
10 43 -1.7761333091841149e-06 -1.8877830656444560e-07
10 44 -2.8339472139213903e-06 -2.2795239379318102e-06
10 45 -5.6081061416389702e-06 -7.9407004098908016e-07
10 46 -8.3044269790045532e-07 -1.2135108996339666e-07
10 47 -6.3735999822035060e-06 2.0986012148693727e-06
10 48 -4.8177582613012260e-06 -9.0235661856556771e-07
10 49 -5.2827629578767924e-06 3.5152980823909130e-06
10 50 -6.8789602312489260e-06 -4.4788242119651543e-06
10 51 -3.2747012262070078e-06 -4.6497456002394053e-06
10 52 -1.3325584206568825e-05 1.0452002982883201e-05
10 53 -1.1880872464126193e-05 2.9211444885698159e-06
10 54 -1.4446598522291955e-05 -8.1683754693598970e-06
10 55 -3.9952487472496085e-07 6.8422677943079409e-06
10 56 -2.7577133690029155e-06 5.2379526118974083e-06
10 57 -3.3439649676700668e-06 3.0166312791548488e-06
10 58 -1.9461159799330617e-05 3.4389434468775639e-06
10 59 -1.4464970857354997e-05 -4.6527157244583391e-06
10 60 -3.3166413849786567e-05 -1.6862016705597913e-05
10 61 -3.6142571549839751e-05 -1.5877413679389356e-05
10 62 -6.4561913737488431e-05 -2.9826274648111327e-05
10 63 -5.9730992421261197e-05 2.2560635504243350e-05
10 64 -2.4150517812732587e-05 7.8057532223433234e-06
10 65 -3.9475765534286967e-05 -4.1978683724086459e-05
10 66 -1.3683289402804301e-04 -2.5377076765969718e-05
10 67 -6.3266028219079295e-05 -5.8363435794930639e-06
10 68 -1.3213101413555323e-04 -1.9430421921861237e-05
10 69 4.0156295445195155e-06 3.8553616146295370e-05
10 70 -1.5921823328675797e-04 2.4945738769179985e-05
10 71 4.0182631996618263e-05 -1.0915513535405512e-04
