0 0 -1.2168546047865001e+00 -6.3864911156859920e-20
0 1 -1.5188251834606517e-01 -3.6179913942076018e-20
0 2 -4.9131457236050315e-02 -1.2109551160610894e-20
0 3 -2.5422028914331176e-02 -4.2854485778756107e-21
0 4 -1.6677623274791123e-02 -6.5488455569356442e-22
0 5 -1.3043939602901631e-02 -6.9600265865859469e-22
0 6 -1.1084124479665690e-02 -1.5447209074404390e-22
0 7 -9.4869540737749797e-03 1.4459657767680459e-22
0 8 -7.9180368289746127e-03 -2.2524425708668593e-22
0 9 -6.6826895409865103e-03 -7.2020959793927176e-23
0 10 -5.5689608927667915e-03 -1.4522921047801567e-22
0 11 -4.7107621334900257e-03 -3.4076441120797052e-23
0 12 -4.1643773182710453e-03 7.1276831928054397e-23
0 13 -3.6689758686030056e-03 8.4768995205279347e-23
0 14 -2.9830527965897160e-03 7.1253043292556640e-23
0 15 -2.3649753690000558e-03 1.0818397972459270e-23
0 16 -1.9126922791545186e-03 -1.0507545615103520e-23
0 17 -1.5428494111990750e-03 2.6388238069198530e-23
0 18 -1.2866511133999138e-03 -2.1279282269419117e-23
0 19 -1.0967373581723648e-03 1.1650357667892301e-23
0 20 -9.4890433477707540e-04 -3.2237698626119249e-23
0 21 -8.2622550898091870e-04 1.2645034903359866e-23
0 22 -7.2991847249581621e-04 4.9556330672312407e-24
0 23 -6.4926025938161485e-04 -4.6153153981524774e-24
0 24 -6.0751147138324313e-04 2.2279509712489135e-23
0 25 -5.5277079471122712e-04 -2.6312414247033449e-23
0 26 -4.9414160258609455e-04 -1.7170721730521998e-23
0 27 -4.4758255227991540e-04 -2.2512758524520835e-23
0 28 -4.1145535702740576e-04 -2.7631573148665560e-24
0 29 -3.9208027380686103e-04 6.5988901713928839e-25
0 30 -3.7838572038678973e-04 -1.2333192810560417e-23
0 31 -3.8311434456183885e-04 4.9743889907356596e-24
0 32 -3.8863678219441442e-04 1.5837096538673860e-23
0 33 -3.9227496641581800e-04 1.4627646410630014e-23
0 34 -3.9905944057039766e-04 1.4803447355116853e-23
0 35 -4.4657747622866493e-04 -3.7659717196391306e-24
0 36 -5.2070501886800991e-04 -2.9088569430585885e-23
0 37 -5.8170747688055142e-04 -2.7124489393009035e-23
0 38 -6.4703296243725909e-04 3.4157689912766933e-23
0 39 -7.1118039345960155e-04 -6.2411382066615764e-23
0 40 -7.7467413814361541e-04 2.1269959019131543e-23
0 41 -8.8670529020854643e-04 7.7630202351974112e-24
0 42 -1.0186318187846701e-03 2.0157734870267919e-24
0 43 -1.1644038760786264e-03 2.7065742354708646e-24
0 44 -1.3792489073841539e-03 -1.8968478799587253e-23
0 45 -1.6970624970449719e-03 -9.7699624594763403e-23
0 46 -1.9361398893534107e-03 9.2239160780638527e-23
0 47 -2.1032709780769237e-03 -1.5474216744975494e-23
0 48 -2.4517969441190698e-03 -7.1443164454171798e-23
0 49 -2.8460938151331616e-03 1.1202290148710420e-22
0 50 -3.1319534209938928e-03 3.8832805506243311e-23
0 51 -3.3601627748177038e-03 2.5418849754754408e-23
0 52 -3.4176223859178722e-03 -9.7919237236168236e-23
0 53 -3.5839352427826780e-03 -6.1648752064515812e-23
0 54 -3.7873326401560380e-03 2.1759352143510401e-23
0 55 -4.1363178183605005e-03 -1.2294437626520409e-23
0 56 -4.5570616526213002e-03 -4.9838834477577825e-23
0 57 -5.0792903711730526e-03 -5.0834935007426159e-23
0 58 -5.9244466730285694e-03 -3.8158727840809593e-24
0 59 -6.9914039310453886e-03 4.3248761189415441e-23
0 60 -8.1141544209506252e-03 -5.8232214268444678e-23
0 61 -9.5960056083951115e-03 -1.7845063904717686e-22
0 62 -1.1085463865820114e-02 1.3456564550979404e-22
0 63 -1.3023393171623278e-02 1.6982073428603541e-22
0 64 -1.4681157685410276e-02 -6.7330816588909084e-22
0 65 -1.6060764336525316e-02 -4.1333851549191555e-22
0 66 -1.7910552342472338e-02 -5.0944639503027399e-22
0 67 -2.1272137768691971e-02 -3.3070908939328328e-23
0 68 -2.5739881232448310e-02 -2.1306926738717190e-21
0 69 -3.4282404715894513e-02 -3.2214355727352700e-21
0 70 -5.6517512989477790e-02 -8.9341309155167431e-21
0 71 -1.5620821759386130e-01 -1.1652658672834996e-20
1 0 -3.7084550343200784e-01 -1.1412156176739394e-04
1 1 -9.1093507485880909e-02 7.0826078115644243e-04
1 2 -3.5119996684951506e-02 2.5406985713280733e-04
1 3 -1.9026115804693870e-02 6.6939243736455014e-05
1 4 -1.2700903186781446e-02 -5.4535161041055568e-06
1 5 -9.9647802552600036e-03 3.1561566866534505e-05
1 6 -8.4680020884128175e-03 -2.1127126919327874e-05
1 7 -7.2451160542038500e-03 -3.1601330909513988e-05
1 8 -6.0690589776071450e-03 -2.5572194133941665e-05
1 9 -5.1275296518058901e-03 -5.3749445873006290e-06
1 10 -4.2641535002017963e-03 -1.0913068613288828e-05
1 11 -3.5928705378208583e-03 -2.6395493250584580e-05
1 12 -3.1632818163396304e-03 -2.9443294607319703e-05
1 13 -2.7938704373371781e-03 -4.1733359478152247e-06
1 14 -2.2740082843868232e-03 1.6598121101457630e-06
1 15 -1.8101480213851869e-03 3.7025025112289446e-06
1 16 -1.4653935039679723e-03 -2.1544028830151484e-06
1 17 -1.1777690393064166e-03 -1.2143383997304647e-06
1 18 -9.8138417779163197e-04 4.8219368065728868e-06
1 19 -8.3815400972418643e-04 2.0109771789478264e-06
1 20 -7.2427619931066751e-04 3.0913730238699772e-06
1 21 -6.2987012762944655e-04 1.8631210107791130e-06
1 22 -5.5756683465343286e-04 2.1932084330760310e-06
1 23 -4.9560478008879745e-04 2.9493445658758876e-06
1 24 -4.6517692869380516e-04 2.9741487257184945e-06
1 25 -4.2159894605468649e-04 1.9163256608264637e-06
1 26 -3.7713510564396196e-04 -9.4095752272252137e-07
1 27 -3.4163710266692552e-04 -8.4951291886887966e-07
1 28 -3.1553220534592737e-04 -2.2990447416173463e-07
1 29 -3.0068800322022890e-04 -6.1919834574270778e-07
1 30 -2.9030234365800720e-04 -2.0345372170410496e-07
1 31 -2.9310634819841125e-04 -8.9489902532016433e-07
1 32 -2.9718788108582656e-04 -3.7065850449551177e-07
1 33 -2.9952130553167019e-04 1.6616596086486886e-07
1 34 -3.0477986137061988e-04 -9.4044227755719010e-07
1 35 -3.4049387501209586e-04 -6.8132410970410317e-07
1 36 -3.9622328360477125e-04 1.5764660056171824e-06
1 37 -4.4486094327048320e-04 6.6736883396092751e-07
1 38 -4.9500956757045139e-04 2.9109754088431742e-06
1 39 -5.4455634902015758e-04 2.3726286232657686e-06
1 40 -5.9340354263109126e-04 -1.2905563791983091e-06
1 41 -6.8111631554363479e-04 -1.7571303670284080e-06
1 42 -7.8041448055176429e-04 -1.6812295814539270e-06
1 43 -8.8734741608627093e-04 -7.5869854893994757e-06
1 44 -1.0521906762912003e-03 -3.3985624853100557e-06
1 45 -1.2925245442765882e-03 -1.2632000391267245e-06
1 46 -1.4802664204470403e-03 -5.2624662633694420e-06
1 47 -1.6069140419067412e-03 -7.0571606995216095e-06
1 48 -1.8803207924871794e-03 -2.6792525250774967e-06
1 49 -2.1855629466211051e-03 -6.8658039500773567e-06
1 50 -2.4079636197402426e-03 -6.5703223689337567e-06
1 51 -2.5883750687163065e-03 -6.3860903534806850e-06
1 52 -2.6291582236232726e-03 -1.1483317829267429e-05
1 53 -2.7517656973297003e-03 1.2586583272586530e-06
1 54 -2.8988441347325079e-03 6.0178328792097497e-06
1 55 -3.1612536127689096e-03 3.8360723398722289e-06
1 56 -3.4828786428319990e-03 1.2870319539706409e-05
1 57 -3.8699772317306444e-03 9.7884917846866788e-06
1 58 -4.5164008736995167e-03 1.5945787008505251e-05
1 59 -5.3236151326827895e-03 -2.8772706402992536e-05
1 60 -6.1981269604880571e-03 -3.6203200771448199e-06
1 61 -7.3327480718043507e-03 -1.7038637823415891e-05
1 62 -8.4803270211251010e-03 -6.1419265106015959e-05
1 63 -9.9272016161690672e-03 -5.4054107617401089e-05
1 64 -1.1302034425039909e-02 -3.9839289370121002e-06
1 65 -1.2374246286932103e-02 -1.3827899792608411e-05
1 66 -1.3728330757442810e-02 -8.1742914000007343e-06
1 67 -1.6251462086892828e-02 5.2889517540743024e-05
1 68 -1.9545097442290965e-02 8.6375373457401640e-05
1 69 -2.5649609847499703e-02 -9.9057111008730552e-05
1 70 -4.0004338975711304e-02 -1.7232010925223815e-04
1 71 -9.4420893852153506e-02 1.2555078655235245e-04
2 0 -1.2013562358328654e-01 1.2835619924959983e-03
2 1 -4.1898679058037264e-02 4.7467757298932754e-04
2 2 -1.9789047466727688e-02 3.8914888169834316e-04
2 3 -1.1343598943211802e-02 2.1272236022402085e-04
2 4 -7.8325950270038362e-03 -1.2332024844277905e-05
2 5 -6.1856336387807508e-03 4.5165119591262056e-05
2 6 -5.2580825461099748e-03 -2.3081108322059996e-05
2 7 -4.4746531327958883e-03 -5.0952181704677539e-05
2 8 -3.7843645181342357e-03 -3.8687993105922358e-05
2 9 -3.2148111796206692e-03 -6.3643977572059228e-06
2 10 -2.6512065249186235e-03 -1.2773554742209738e-05
2 11 -2.2201872487275223e-03 -2.8869600822318554e-05
2 12 -1.9423476685662871e-03 -3.9885502798709977e-05
2 13 -1.7327706230867933e-03 -8.8195870126795806e-06
2 14 -1.4125955094778709e-03 -7.6107500891911893e-07
2 15 -1.1294899417251991e-03 2.5184638260613357e-06
2 16 -9.1681702565144668e-04 2.8162982494961029e-06
2 17 -7.2782135681322168e-04 1.5910455840475451e-06
2 18 -6.0637771386683442e-04 6.3517854347747736e-06
2 19 -5.1845751488181725e-04 2.2462958660871584e-06
2 20 -4.4918049177409733e-04 4.5193920287215583e-06
2 21 -3.8819788961753742e-04 2.7476778952286243e-06
2 22 -3.4560313480212838e-04 1.8654331040013241e-06
2 23 -3.0667267401415544e-04 3.6631814609299969e-06
2 24 -2.9015828156436324e-04 3.8136021111633320e-06
2 25 -2.5972222127373983e-04 2.1850611138318625e-06
2 26 -2.3211671684148243e-04 -1.8395702597066971e-06
2 27 -2.1118608975010606e-04 -8.5653320991410329e-07
2 28 -1.9667942912989978e-04 5.5929683460188560e-08
2 29 -1.8732162388497396e-04 -9.6075713196998550e-07
2 30 -1.8159700950965430e-04 1.5492294893686242e-07
2 31 -1.8182700285533941e-04 -9.6481354819783077e-07
2 32 -1.8413088617937574e-04 -6.3122814560344492e-07
2 33 -1.8543755680102379e-04 -1.4635651093451638e-07
2 34 -1.8959545320678680e-04 -1.6839643392720465e-06
2 35 -2.1055187109960880e-04 -9.7539819511336046e-07
2 36 -2.4365173442470549e-04 1.7332706864128476e-06
2 37 -2.7671494674068168e-04 5.3189605324745911e-07
2 38 -3.0647885679617042e-04 3.4697587632118529e-06
2 39 -3.3900932296557684e-04 1.6791365060244600e-06
2 40 -3.7072660097833479e-04 -2.8213349683974501e-06
2 41 -4.2503058409700158e-04 -1.5001617121350406e-06
2 42 -4.8601760259674328e-04 -1.9845721226365363e-06
2 43 -5.4580081623415268e-04 -9.6849035167424200e-06
2 44 -6.5057692017151086e-04 -6.0005535726960641e-06
2 45 -7.9533572932473872e-04 1.1963729098294809e-06
2 46 -9.1792444368051407e-04 -7.1172955537997320e-06
2 47 -9.9732010938810328e-04 -1.0656639525231633e-05
2 48 -1.1746061085366772e-03 -3.6855742707029450e-06
2 49 -1.3672989456484693e-03 -7.1428356441565374e-06
2 50 -1.5156597742346316e-03 -2.9899957595987046e-06
2 51 -1.6343409188370813e-03 -4.5444698616523053e-06
2 52 -1.6459465805590985e-03 -1.3712513344591982e-05
2 53 -1.7224307626863187e-03 4.5062640239653668e-06
2 54 -1.8088250847459438e-03 1.4454901930800740e-05
2 55 -1.9685904004737111e-03 2.1864089059794728e-06
2 56 -2.1591437675169451e-03 1.5983651042638659e-05
2 57 -2.3814299547907868e-03 9.6805770766992269e-06
2 58 -2.7879559772876960e-03 2.0032228522256579e-05
2 59 -3.2699185072750277e-03 -4.2974762292572197e-05
2 60 -3.8340631728875974e-03 -1.7371872480339376e-05
2 61 -4.5380217851346636e-03 -2.2245263509366736e-05
2 62 -5.2679654806428913e-03 -7.6914518401537032e-05
2 63 -6.1182523012479175e-03 -7.3565055138628490e-05
2 64 -7.1069544101633100e-03 -4.5137920148980564e-06
2 65 -7.8014530636442260e-03 -1.7830161386178961e-05
2 66 -8.5756658115762434e-03 -7.7260409185737562e-06
2 67 -1.0061197481196382e-02 6.1954847315564266e-05
2 68 -1.1981644445541366e-02 9.9598147283896875e-05
2 69 -1.5337446807123897e-02 -6.8371692307921385e-05
2 70 -2.2562456766222930e-02 -2.4553602724488265e-04
2 71 -4.5515352595189539e-02 4.2229155765195865e-05
3 0 -4.1361239606898442e-02 -7.4375465810165090e-05
3 1 -1.8370250415054971e-02 6.0345810878116232e-04
3 2 -1.0182035579608865e-02 4.1062109142200740e-04
3 3 -6.2068755216631933e-03 3.0677518789909485e-04
3 4 -4.4811395741727079e-03 -9.6809288500615295e-06
3 5 -3.5469682723090752e-03 4.6801391111205388e-05
3 6 -3.0104429883465703e-03 -1.7216593229682966e-05
3 7 -2.5311384719265096e-03 -5.1448202294818727e-05
3 8 -2.1844143527103062e-03 -3.9079341774152548e-05
3 9 -1.8696221026955613e-03 -5.7923897711846753e-06
3 10 -1.5306919170508099e-03 -5.4849064964232171e-06
3 11 -1.2707910912735871e-03 -2.4136460069098951e-05
3 12 -1.1114387240704802e-03 -3.7554841008712100e-05
3 13 -1.0048665764517805e-03 -9.5930705668925269e-06
3 14 -8.1734382787660375e-04 -5.3506778174152856e-06
3 15 -6.5562232919163957e-04 8.1513975644399905e-07
3 16 -5.3457225803711715e-04 7.5822353145727069e-06
3 17 -4.1562808957726805e-04 5.0012740237901676e-06
3 18 -3.4674360286916480e-04 4.8469783070036750e-06
3 19 -2.9745198863343327e-04 2.0195896968679788e-06
3 20 -2.5715687090906885e-04 5.6253190025294831e-06
3 21 -2.1954697031061909e-04 2.7711640667970598e-06
3 22 -1.9937273661462643e-04 3.1831092600578023e-07
3 23 -1.7559526350053548e-04 2.4574985676097508e-06
3 24 -1.6838356103016357e-04 3.2576022991730945e-06
3 25 -1.4781810951191728e-04 1.8121373247298953e-06
3 26 -1.3196966524432234e-04 -2.4589238941863425e-06
3 27 -1.2077237064626124e-04 -3.8674556236611579e-07
3 28 -1.1353463263327641e-04 1.1638938328423876e-08
3 29 -1.0809892089795734e-04 -8.4808778130512373e-07
3 30 -1.0612043848601442e-04 5.3459092785990769e-07
3 31 -1.0367203924484062e-04 -7.7859989802782101e-07
3 32 -1.0552234742905429e-04 -9.8097836800498553e-07
3 33 -1.0629548516225653e-04 -6.4222873610529733e-07
3 34 -1.0960562146887834e-04 -1.7652712164512264e-06
3 35 -1.2121431421182061e-04 -8.6243789299251320e-07
3 36 -1.3871795610021170e-04 1.5412948697105163e-06
3 37 -1.6014523454606691e-04 3.0784341285221443e-07
3 38 -1.7520694104651194e-04 2.3898291729247541e-06
3 39 -1.9634248709718551e-04 1.2948013571545560e-07
3 40 -2.1394458784840988e-04 -2.9388276062077345e-06
3 41 -2.4440285120974826e-04 -1.3016234031913880e-06
3 42 -2.8079982167717946e-04 -1.4322216724450998e-06
3 43 -3.0899233906961251e-04 -9.4058280396089553e-06
3 44 -3.7104732827893447e-04 -8.8897134926731252e-06
3 45 -4.4862843373661814e-04 3.4332844144336320e-06
3 46 -5.2790861600800795e-04 -8.3092153808012909e-06
3 47 -5.7201781261349187e-04 -1.3935494670084530e-05
3 48 -6.7810044753136727e-04 -4.5160910355354820e-06
3 49 -7.9704442477288040e-04 -5.1557866920183546e-06
3 50 -8.8943311877230462e-04 -7.9881745011317288e-07
3 51 -9.6519821785458963e-04 -2.4280401482711012e-06
3 52 -9.5768645478026783e-04 -1.1777533012994536e-05
3 53 -1.0052599603041349e-03 6.3965441293162821e-06
3 54 -1.0473154250155946e-03 2.3491761257084438e-05
3 55 -1.1422848638118874e-03 -4.7427004144494174e-06
3 56 -1.2402751781799540e-03 1.9840784798042565e-05
3 57 -1.3494726938471245e-03 9.4738545805571224e-06
3 58 -1.5818386139509985e-03 1.7607591830994496e-05
3 59 -1.8425798490811728e-03 -4.3563924691390240e-05
3 60 -2.1790307703763909e-03 -4.2060078441542535e-05
3 61 -2.5945286071457608e-03 -2.7647118775499894e-05
3 62 -3.0286117033306958e-03 -7.9313805503924850e-05
3 63 -3.4973693252831960e-03 -7.0469340797339343e-05
3 64 -4.1547718124566825e-03 -1.0335611602320285e-05
3 65 -4.6014938067554575e-03 -2.6963867985089923e-05
3 66 -4.9627679455086305e-03 8.2715931098811625e-06
3 67 -5.7576488452829267e-03 7.9276549757619519e-05
3 68 -6.7687522427360199e-03 8.2703258583472327e-05
3 69 -8.5288466771473396e-03 5.0750107194089068e-05
3 70 -1.1764926178872707e-02 -1.8982214142387643e-04
3 71 -1.9789849782995025e-02 -3.4525729164725438e-05
4 0 -1.4654079528018374e-02 3.1872361588769412e-04
4 1 -7.8020102057976852e-03 2.3660113410878765e-04
4 2 -5.1017952602829325e-03 2.6678264528099847e-04
4 3 -3.2312776993833284e-03 3.4951256670438818e-04
4 4 -2.4549185357886365e-03 -2.3715599995166197e-05
4 5 -1.9317683277133223e-03 1.8462559523937193e-05
4 6 -1.6463570550788052e-03 -6.1918777685068058e-06
4 7 -1.3587310169731945e-03 -3.4301618407536051e-05
4 8 -1.2123978459787643e-03 -3.1748977847548635e-05
4 9 -1.0454942244126917e-03 1.2835107833762128e-06
4 10 -8.5080000941508500e-04 7.0790373827978421e-06
4 11 -7.0023602496251548e-04 -1.9150734022752066e-05
4 12 -6.1666665515779030e-04 -3.1799650064266764e-05
4 13 -5.6425748123154580e-04 -9.6888308369172477e-06
4 14 -4.5493691618708217e-04 -9.9675185683976120e-06
4 15 -3.6560502724769560e-04 -1.3372793821065704e-06
4 16 -3.0035714814883983e-04 9.4728667979939433e-06
4 17 -2.2784932181648142e-04 5.7650004338435712e-06
4 18 -1.8974007320439760e-04 2.3781998517245028e-06
4 19 -1.6575613276458248e-04 1.8141618191360401e-06
4 20 -1.4033961758495178e-04 6.1724635953480822e-06
4 21 -1.1772707394515915e-04 2.4084454732180294e-06
4 22 -1.1141087921115777e-04 -7.9433102446661378e-07
4 23 -9.6274601830422012e-05 9.7120001005099281e-07
4 24 -9.4774824962822499e-05 1.8997707993069011e-06
4 25 -8.0900776166048142e-05 1.5845561762004979e-06
4 26 -7.1929218861095881e-05 -2.6242351200960181e-06
4 27 -6.6486501400620703e-05 1.1863277038427079e-07
4 28 -6.2933590797178556e-05 -7.9371816311742380e-07
4 29 -6.0203956152991648e-05 -4.3546300137005354e-07
4 30 -5.9633271956308699e-05 7.7527334094661107e-07
4 31 -5.6380631738197682e-05 -5.6731131505841946e-07
4 32 -5.8126665621511392e-05 -9.0791042674773193e-07
4 33 -5.8637035920190448e-05 -8.6047857808082353e-07
4 34 -6.0625289645221453e-05 -1.3604810078056956e-06
4 35 -6.7453403684715626e-05 -6.3239041598063358e-07
4 36 -7.5318236522456798e-05 1.7492105844079101e-06
4 37 -8.9628603992770190e-05 8.2371383090888174e-07
4 38 -9.5658474783177506e-05 1.6647269030905667e-06
4 39 -1.0949889985790095e-04 -8.0669408152168300e-07
4 40 -1.1829055888040292e-04 -1.7249433759675593e-06
4 41 -1.3325079014369769e-04 -1.9887012892817274e-06
4 42 -1.5720108817017688e-04 5.1736523256794660e-08
4 43 -1.6762422689712284e-04 -8.2524323091439238e-06
4 44 -2.0198646904886553e-04 -1.1182749565202236e-05
4 45 -2.4133994956556932e-04 2.7022559016216324e-06
4 46 -2.9254913838594449e-04 -6.9939733572153074e-06
4 47 -3.1558396423959971e-04 -1.7140400610611377e-05
4 48 -3.7730811301931073e-04 -3.9572834128001410e-06
4 49 -4.4787183113660596e-04 -2.2407916146060373e-06
4 50 -5.0485433709575637e-04 -2.7327830358020283e-06
4 51 -5.5293918907781928e-04 -3.5584937153686178e-06
4 52 -5.3132434332495062e-04 -1.0964841626839410e-05
4 53 -5.7171001440388142e-04 7.8787723972316165e-06
4 54 -5.8449604969416393e-04 2.8088075457601491e-05
4 55 -6.4381487122021732e-04 -6.8503707948104464e-06
4 56 -6.8538794340748514e-04 2.0151855206817544e-05
4 57 -7.2644885147782898e-04 9.6445706061425695e-06
4 58 -8.4532665608841177e-04 8.8965544479899335e-06
4 59 -9.8466785703476916e-04 -4.4315668355498318e-05
4 60 -1.1893433786088954e-03 -5.0372991163083952e-05
4 61 -1.4304756553054909e-03 -1.6265256671348273e-05
4 62 -1.6764640645236533e-03 -8.3125212597487901e-05
4 63 -1.9448957898863921e-03 -6.8509504740213361e-05
4 64 -2.3350686628633923e-03 -2.9218784518012386e-05
4 65 -2.6259525928537340e-03 -4.4813367109409067e-05
4 66 -2.7348353651459110e-03 1.5836996031612435e-05
4 67 -3.1663147755213441e-03 8.5241931195780606e-05
4 68 -3.6720546524457967e-03 7.0788413736915876e-05
4 69 -4.5944632056358079e-03 9.5968680927260879e-05
4 70 -6.0971323921451773e-03 -2.0936362305867289e-04
4 71 -8.4960163629022555e-03 1.3339483625995119e-05
5 0 -5.7095508431558974e-03 3.7039305879810354e-04
5 1 -3.1940302605414799e-03 3.1375133255699542e-05
5 2 -2.5414597231972697e-03 1.6352880571322812e-04
5 3 -1.5997636778302799e-03 3.2746296348564044e-04
5 4 -1.2885702006409396e-03 -3.8311497769838985e-05
5 5 -9.9861724903775833e-04 -2.8744523680946798e-06
5 6 -8.6955055521826445e-04 -5.9294527872270392e-06
5 7 -7.0846914391421787e-04 -1.0554775153369902e-05
5 8 -6.5796819971175547e-04 -2.0214623268437945e-05
5 9 -5.6864182780616904e-04 6.4190175768380503e-06
5 10 -4.5917261705039964e-04 1.3697642029591125e-05
5 11 -3.7969320445346426e-04 -1.3343483178453800e-05
5 12 -3.3739424405744675e-04 -2.0895331236459558e-05
5 13 -3.0963587581385823e-04 -8.4859786348081913e-06
5 14 -2.4910995549905674e-04 -1.2731069866165835e-05
5 15 -1.9699170048733229e-04 -6.2039067175568282e-06
5 16 -1.6316350056713358e-04 9.3073366074676996e-06
5 17 -1.2317649110633123e-04 5.1029959230401238e-06
5 18 -1.0002650624507884e-04 -2.7114230817965451e-07
5 19 -8.9722209455478345e-05 1.6476200985229575e-06
5 20 -7.3462428365517763e-05 4.7699172809146447e-06
5 21 -6.0466823487263731e-05 1.2497342217961570e-06
5 22 -6.1130103368762883e-05 -9.6396753244548911e-07
5 23 -5.1653019523852473e-05 2.9066150181808332e-08
5 24 -5.2176253917001726e-05 6.7169026660701739e-07
5 25 -4.3181770384973227e-05 1.8686574679058695e-06
5 26 -3.8113170469020199e-05 -2.3474280417545866e-06
5 27 -3.5666101750684085e-05 3.6607144483695674e-07
5 28 -3.4079564580203494e-05 -1.4782525911721908e-06
5 29 -3.2822139301962718e-05 9.8468841010735546e-08
5 30 -3.2305923287652831e-05 7.3739117915017937e-07
5 31 -2.9883759655300936e-05 -5.7023567361535343e-07
5 32 -3.1595487930154307e-05 -5.8624223088032005e-07
5 33 -3.1899864266704957e-05 -1.2242095371824541e-06
5 34 -3.2559955405518687e-05 -6.3813376411041980e-07
5 35 -3.6548486061856627e-05 -6.3338947111699460e-07
5 36 -3.8902280420890591e-05 1.3995300779675779e-06
5 37 -4.9091791575131372e-05 1.2696216513937113e-06
5 38 -5.0900772908351345e-05 1.8662022253192901e-06
5 39 -5.8556625491962722e-05 -6.9585220670245600e-07
5 40 -6.4406541276942938e-05 -1.6417188907163240e-07
5 41 -6.9546439143550653e-05 -2.0314151812969228e-06
5 42 -8.5247184201428842e-05 1.4100341706258080e-06
5 43 -8.6705773688060766e-05 -6.0570484697498928e-06
5 44 -1.0713838751632989e-04 -1.0526688290138660e-05
5 45 -1.2843240258804991e-04 7.8296157424566646e-07
5 46 -1.5782574612072038e-04 -3.8361161936359093e-06
5 47 -1.6881090360075640e-04 -1.6595801457785391e-05
5 48 -2.0594015567456403e-04 -5.6386487078597015e-06
5 49 -2.4527217912897505e-04 3.0600776475845677e-07
5 50 -2.8119758227865320e-04 -2.3980643478078305e-06
5 51 -3.0713816751083624e-04 -3.9404439018955327e-06
5 52 -2.8074584847271206e-04 -1.0231449043643815e-05
5 53 -3.1781409901983213e-04 8.7353910044460910e-06
5 54 -3.2301682389202760e-04 2.4345524129154989e-05
5 55 -3.5882810094582505e-04 -3.2237144592422334e-06
5 56 -3.7289978378847867e-04 1.8913410403634833e-05
5 57 -3.7510556499664098e-04 8.5139878897367244e-06
5 58 -4.1955101673331211e-04 7.2601408765858937e-07
5 59 -5.0770791702016600e-04 -3.8976098949453551e-05
5 60 -6.3242725039672752e-04 -3.3679897812688805e-05
5 61 -7.7352434271709476e-04 -3.6016643883932610e-06
5 62 -9.1088435941203100e-04 -7.3548185525505936e-05
5 63 -1.0574204225056022e-03 -6.5314162948463728e-05
5 64 -1.2801393676080751e-03 -3.2382762583891483e-05
5 65 -1.4765625756570221e-03 -4.4711379215840505e-05
5 66 -1.4588289396136663e-03 1.8006058079152016e-05
5 67 -1.6972997647055417e-03 7.9864164430603390e-05
5 68 -1.9321621686370131e-03 7.4741692071927633e-05
5 69 -2.4349577553594457e-03 7.7395217866024063e-05
5 70 -3.2357705943848246e-03 -2.2416709592489959e-04
5 71 -3.7317694579371758e-03 1.1640906545950978e-04
6 0 -2.3685888277158351e-03 2.1702199211026595e-04
6 1 -1.2549824655676690e-03 9.3389345015179441e-05
6 2 -1.3314641746433409e-03 8.3214116869933198e-05
6 3 -7.3219947580520492e-04 2.4958157952033560e-04
6 4 -6.4744064803569183e-04 -3.5769702403616318e-05
6 5 -4.8674253374250703e-04 -1.0846257001563988e-05
6 6 -4.4698012425310914e-04 -7.7666201495145552e-06
6 7 -3.5966304314009596e-04 1.2281456272652493e-05
6 8 -3.4678483875412246e-04 -1.1921643258447617e-05
6 9 -3.0235407596203209e-04 1.2018901248792224e-05
6 10 -2.4124884979550036e-04 1.6783219698273925e-05
6 11 -2.0908985964606855e-04 -4.8790888028971250e-06
6 12 -1.8585680264846864e-04 -1.2614477771096999e-05
6 13 -1.6515280438485317e-04 -8.5349049639292906e-06
6 14 -1.3590701308372868e-04 -1.2206331364606044e-05
6 15 -1.0589574002238464e-04 -1.1290875136213644e-05
6 16 -8.4453116713368854e-05 7.2104639063259433e-06
6 17 -6.5445872729261276e-05 3.9862104608137830e-06
6 18 -5.0075789983682918e-05 -1.3255174128795257e-06
6 19 -4.7000611862459649e-05 1.2556545042430544e-06
6 20 -3.7295681698925819e-05 2.0140784287458570e-06
6 21 -2.9555113910126090e-05 -1.6032666876147290e-07
6 22 -3.3744996899709877e-05 -8.9605878145352491e-07
6 23 -2.7741907353191298e-05 -2.4323889818574540e-08
6 24 -2.8449991303803101e-05 8.2605130878157185e-08
6 25 -2.2899838987094166e-05 2.0432348898709472e-06
6 26 -1.9970643867922358e-05 -1.8461323862391798e-06
6 27 -1.8619748765556366e-05 4.6741446097987186e-07
6 28 -1.8082457078139895e-05 -1.8627827923120438e-06
6 29 -1.7687967089301427e-05 3.0221297850473482e-07
6 30 -1.6896698786320399e-05 4.2441168826155595e-07
6 31 -1.5471836223232096e-05 -7.2346445565390410e-07
6 32 -1.7341814915530058e-05 -6.1971152641178354e-07
6 33 -1.7367499003179114e-05 -1.7377172744645703e-06
6 34 -1.7112864806734703e-05 -4.8703331232950565e-07
6 35 -1.9167379582089435e-05 -8.2314056408005126e-07
6 36 -1.9560444370618934e-05 4.5148328678119194e-07
6 37 -2.6195503513020560e-05 1.0637925838300264e-06
6 38 -2.6563603687866196e-05 2.5778854499865926e-06
6 39 -3.0608506634468443e-05 -2.4578282430764061e-07
6 40 -3.5401253242125663e-05 6.5848218976897135e-07
6 41 -3.5001676993409472e-05 -1.3972932341291187e-06
6 42 -4.3539659769743380e-05 2.4222716798019182e-06
6 43 -4.2884129248500342e-05 -4.7578563758878375e-06
6 44 -5.6757084489742756e-05 -7.8403065091219633e-06
6 45 -6.6705001304055922e-05 -1.0707766375852119e-06
6 46 -8.4438859837558149e-05 -4.4303649260812303e-07
6 47 -8.8551477415988388e-05 -1.6053408992373209e-05
6 48 -1.0973147551685023e-04 -9.1788147763980101e-06
6 49 -1.3423113673001193e-04 -1.2244817921693025e-06
6 50 -1.5926585699601038e-04 -8.3817798067276781e-07
6 51 -1.6430569442670237e-04 -1.3702177400859889e-06
6 52 -1.3950492147033638e-04 -6.2546892557945695e-06
6 53 -1.7294641651794171e-04 3.9553288088458255e-06
6 54 -1.7893316854821636e-04 1.9163008810619673e-05
6 55 -1.9901427434439631e-04 -1.3587157992407391e-06
6 56 -2.0231840897050622e-04 1.8666018615592839e-05
6 57 -1.8671535034858348e-04 3.1422455229882777e-06
6 58 -1.8697280886540002e-04 -3.1439048195721152e-06
6 59 -2.5403938037626804e-04 -2.8587226455940767e-05
6 60 -3.3254999642211964e-04 -9.7130162346609087e-06
6 61 -4.1699395090793377e-04 -1.0552578151656999e-07
6 62 -4.9029394553470310e-04 -6.2552187167345526e-05
6 63 -5.7488167725355799e-04 -5.5820287808691279e-05
6 64 -7.1249869035893061e-04 -2.8352575525256489e-05
6 65 -8.0425408166021777e-04 -3.6769430251177113e-05
6 66 -7.8099256731165327e-04 7.5996419983098922e-06
6 67 -8.9805956951916402e-04 5.7154644175820618e-05
6 68 -9.9324064173080895e-04 6.9497774620097140e-05
6 69 -1.3371407634272423e-03 3.6376501095375384e-05
6 70 -1.6892066144816214e-03 -2.2687029196081208e-04
6 71 -1.7141772227143740e-03 2.2737228993091913e-04
7 0 -9.7726898937285957e-04 -8.4730490761271367e-05
7 1 -5.5246611876376222e-04 2.3020510341450199e-04
7 2 -7.4963149665669402e-04 8.3490476089588870e-06
7 3 -3.0752225530348312e-04 1.6373552774309716e-04
7 4 -3.2392410141946648e-04 -2.3580700926462668e-05
7 5 -2.2136369577111228e-04 -1.4205460626832450e-05
7 6 -2.1959681828325389e-04 5.4548559558231115e-06
7 7 -1.7738466914434152e-04 2.9283076643521313e-05
7 8 -1.7510713756307392e-04 -4.7486314445004879e-06
7 9 -1.5748038084182877e-04 1.7341775624416760e-05
7 10 -1.2437415388430597e-04 1.4617268473210496e-05
7 11 -1.1870945781186197e-04 6.5516504732778960e-06
7 12 -1.0355222694883391e-04 -7.2062271872874569e-06
7 13 -8.6356113360022891e-05 -6.6274457134417942e-06
7 14 -7.1612580406244325e-05 -1.0060200512224527e-05
7 15 -5.6836358627058472e-05 -1.1728116394379029e-05
7 16 -4.0447400472825489e-05 3.6965642295606211e-06
7 17 -3.3459102393531451e-05 3.1153184220967343e-06
7 18 -2.3175018860098590e-05 -1.6422891467273037e-06
7 19 -2.2328891070608427e-05 -1.4434825410764866e-07
7 20 -1.7524179822774018e-05 -2.0984059224385839e-07
7 21 -1.4170132139630629e-05 -2.0111651445364350e-06
7 22 -1.8289567435766147e-05 -6.9079995749648399e-07
7 23 -1.5116007397991949e-05 5.0469094675895782e-07
7 24 -1.5955191388730929e-05 -2.4214097935252312e-07
7 25 -1.2625111058661591e-05 1.8092415740777371e-06
7 26 -1.0655528163650370e-05 -1.5604476736005679e-06
7 27 -9.9085599165225322e-06 5.5448759164144644e-07
7 28 -9.5405237292874639e-06 -1.6861516958852014e-06
7 29 -9.7178257157284870e-06 3.5590698022383033e-07
7 30 -9.1054650222164024e-06 -8.2721590461442956e-08
7 31 -7.5588529535747107e-06 -4.5620812641410452e-07
7 32 -9.8377378455459862e-06 -8.6866953647884336e-07
7 33 -9.5547365399801906e-06 -1.7214862957333536e-06
7 34 -8.9772829176566997e-06 -5.1272292479151695e-07
7 35 -9.9465634915001149e-06 -8.6207216437714418e-07
7 36 -9.9259787727369576e-06 -3.5447408012896029e-07
7 37 -1.3092380190962398e-05 3.9328577339470874e-07
7 38 -1.3891266943603584e-05 3.3968255521844429e-06
7 39 -1.6273882215063574e-05 4.7421733418393682e-08
7 40 -1.9898341891937824e-05 5.5476253078366037e-07
7 41 -1.8140421553103628e-05 -1.1358477438583733e-06
7 42 -2.0404567872416486e-05 2.5325265785749422e-06
7 43 -2.1404592066409385e-05 -3.6446731753162696e-06
7 44 -3.1870023067911240e-05 -4.6873652789756420e-06
7 45 -3.3306616309727390e-05 -3.7399397003056510e-06
7 46 -4.5184207771312423e-05 2.2946234517103566e-06
7 47 -4.5844927061651509e-05 -1.6268486605696537e-05
7 48 -5.5888659653851112e-05 -1.2313941267412114e-05
7 49 -7.6805903708938446e-05 -3.5106321735446570e-06
7 50 -9.4015600738797846e-05 1.5551015371647300e-06
7 51 -8.4447530978583394e-05 2.9253482820664969e-06
7 52 -6.6565875328901685e-05 -5.4167571548371690e-06
7 53 -9.1108048385077028e-05 -1.9908975373356289e-06
7 54 -1.0143521321699360e-04 1.5167922385273073e-05
7 55 -1.0407542484098181e-04 -1.8524869561292938e-06
7 56 -1.0999567698032128e-04 1.5874350448288581e-05
7 57 -9.1241560675319922e-05 -1.6895184435210565e-06
7 58 -6.8791867375687929e-05 -4.6784312972788512e-06
7 59 -1.2800081609233081e-04 -7.5929782181124542e-06
7 60 -1.7626437805072956e-04 3.7993214916535710e-06
7 61 -2.2020429751643840e-04 5.4191406504425063e-07
7 62 -2.6204629934354343e-04 -6.0727939213800777e-05
7 63 -3.0762340140291468e-04 -4.1188518050754637e-05
7 64 -4.0671314994774791e-04 -3.1061559629330378e-05
7 65 -4.1561901352918438e-04 -2.7682562296159057e-05
7 66 -4.1089037101906233e-04 -4.0301457883366230e-06
7 67 -4.9792251019507448e-04 4.5901577886811002e-05
7 68 -4.9580397199531741e-04 7.7342288715778057e-05
7 69 -7.3344354443902811e-04 -1.1230815699155623e-05
7 70 -8.6364641283453677e-04 -2.1899009228533764e-04
7 71 -8.2629751206536519e-04 2.4664095542243324e-04
8 0 -4.2778993979031179e-04 -3.1487425280607776e-04
8 1 -3.0442992352056161e-04 2.5911552772610790e-04
8 2 -4.3850651133429860e-04 -3.1723982777227574e-05
8 3 -1.1753651423700203e-04 1.0620839427289641e-04
8 4 -1.6299515997242990e-04 -1.8408088522895385e-05
8 5 -8.8022271335117981e-05 -1.9345500765219888e-05
8 6 -9.9649206684874003e-05 2.1220254655622900e-05
8 7 -8.3950175454985997e-05 3.7606057854993961e-05
8 8 -8.4748456501502461e-05 8.7222890494237586e-06
8 9 -7.8694053363031024e-05 1.9788165448890937e-05
8 10 -6.5386837706885088e-05 1.0954824604344253e-05
8 11 -7.4964721655555635e-05 1.2255136929794133e-05
8 12 -5.6926382869884041e-05 -4.3480262433292622e-06
8 13 -4.2999670635215857e-05 -1.6143722410703769e-06
8 14 -3.4339810838469742e-05 -6.5156698545410688e-06
8 15 -3.1166476308289582e-05 -9.1755510558157680e-06
8 16 -1.5814696569992745e-05 -5.6992170075549567e-07
8 17 -1.5353530843166699e-05 2.7209694846073448e-06
8 18 -8.7705662203310817e-06 -1.5624967182346993e-06
8 19 -9.0691954487056233e-06 -9.9571283119606961e-07
8 20 -6.7950076483855134e-06 -1.1031294424342977e-06
8 21 -7.5229357495789415e-06 -3.8214470141118507e-06
8 22 -9.1392992533226650e-06 -9.2112225877267829e-07
8 23 -8.2634072750527369e-06 9.4515713950772131e-07
8 24 -9.0852843894362204e-06 -5.0898075367842995e-07
8 25 -7.1981435375813945e-06 1.0930839505819576e-06
8 26 -5.6790695801163846e-06 -1.5964026478628105e-06
8 27 -5.3711055000487503e-06 6.7758623503510594e-07
8 28 -5.0624651627586009e-06 -1.2197418161755446e-06
8 29 -5.7604156081757270e-06 6.6107305165928416e-07
8 30 -5.2315780874805292e-06 -4.4187252904414634e-07
8 31 -3.2470485990825381e-06 1.7607147624041566e-07
8 32 -5.4219455993717624e-06 -9.3430408099064418e-07
8 33 -5.4546423111164790e-06 -1.2752698248781943e-06
8 34 -4.9579540163486276e-06 -5.9979774344526386e-07
8 35 -5.1096557486826869e-06 -7.0072536680244040e-07
8 36 -5.4750880381511263e-06 -5.8100539462416122e-07
8 37 -5.8642450119250993e-06 -4.8432988126931734e-07
8 38 -7.3548829142706001e-06 3.8472874948973011e-06
8 39 -9.0288549397040455e-06 5.4063293672118937e-07
8 40 -1.1068690318369829e-05 -2.4777018432953418e-07
8 41 -9.5937798977595147e-06 -1.1746533226699559e-06
8 42 -8.8915080126194811e-06 1.5588724875971011e-06
8 43 -1.1583816590782012e-05 -1.7533734888923511e-06
8 44 -1.7776570242882357e-05 -1.6495776881708504e-06
8 45 -1.5840466427240487e-05 -5.3151572450528847e-06
8 46 -2.5170583961007789e-05 2.2925246340759626e-06
8 47 -2.3998518313804985e-05 -1.5196919172381659e-05
8 48 -2.6609922321074802e-05 -1.0431262324355555e-05
8 49 -4.8400613738556481e-05 -5.6196712637568013e-06
8 50 -5.8641717428561007e-05 3.1604631337407507e-06
8 51 -3.9321222389562669e-05 6.2383344578696631e-06
8 52 -3.2077386834537992e-05 -7.4315622180589570e-06
8 53 -4.9409641236716246e-05 -3.6726826478198096e-06
8 54 -6.2370102946337355e-05 1.4476686897085811e-05
8 55 -4.8937468879498456e-05 1.2322268061527875e-06
8 56 -6.0013888436084415e-05 9.6896367442742793e-06
8 57 -4.3309249984679721e-05 -4.1161026836071015e-06
8 58 -2.0754804076710608e-05 -1.9761288351985978e-07
8 59 -6.8141658373085335e-05 3.6411147779145151e-06
8 60 -9.5252033313344774e-05 5.7756313372254036e-07
8 61 -1.0863713066832017e-04 2.6368480973680352e-06
8 62 -1.3772945451901729e-04 -6.6136926417195133e-05
8 63 -1.6127806831813709e-04 -3.5241952402659766e-05
8 64 -2.3352856614727380e-04 -3.6572570256993978e-05
8 65 -1.9884840816805950e-04 -1.0889777200503543e-05
8 66 -1.9646766528554408e-04 -2.8346998727111940e-05
8 67 -2.8001976154257044e-04 5.4226896717428541e-05
8 68 -2.6167026855547905e-04 8.0152003373905906e-05
8 69 -3.6474688789369254e-04 -2.7689898252071532e-05
8 70 -4.7487644708343169e-04 -1.8309117870317300e-04
8 71 -3.5501589381971180e-04 2.0165142191798382e-04
9 0 -1.7043088444412141e-04 -4.0683816155968221e-04
9 1 -1.4162335735889981e-04 2.1382277866347158e-04
9 2 -2.9180302737494604e-04 -4.9991982431572871e-05
9 3 -3.7166300561133561e-05 6.6732635048770878e-05
9 4 -1.0085827269323368e-04 -1.2615191344787107e-05
9 5 -2.1695292659004257e-05 -1.7465334091315430e-05
9 6 -3.7216421299181790e-05 3.5658424991233953e-05
9 7 -4.1384778321721400e-05 4.2060594472487581e-05
9 8 -3.6384512766077214e-05 1.6296786419114431e-05
9 9 -3.9201997439601216e-05 2.2182326271397502e-05
9 10 -4.0257325512908428e-05 7.1630990187600339e-06
9 11 -5.5169780699468194e-05 1.0654998420676770e-05
9 12 -3.2554298731443947e-05 -2.1069690380504149e-07
9 13 -2.0502599059926368e-05 2.8621465098971999e-06
9 14 -1.6470565695594795e-05 -4.2797408080664231e-06
9 15 -1.6448552480942772e-05 -4.1828207567754649e-06
9 16 -1.6586910690810354e-06 -3.4029606157716104e-06
9 17 -5.7827767093128212e-06 2.0609951145368297e-06
9 18 -1.9690570332469247e-06 -2.2653525368680658e-06
9 19 -3.2640415134722943e-06 -1.2435760060290895e-06
9 20 -2.1654470326480763e-06 -8.1931982549273924e-07
9 21 -4.7966542425228345e-06 -4.5691145254549737e-06
9 22 -3.7123241041647354e-06 -1.1571610122391751e-06
9 23 -4.0143591992721135e-06 1.3788594760425022e-06
9 24 -5.4580211029534446e-06 -7.3465497885159156e-07
9 25 -4.3425666957359858e-06 2.9771101567248292e-07
9 26 -2.7310963016509719e-06 -1.6600930353697335e-06
9 27 -2.7072185895260203e-06 7.9806176296963305e-07
9 28 -2.7234683845497595e-06 -9.6751252283136046e-07
9 29 -3.9086099504212219e-06 8.8682530163773344e-07
9 30 -3.1823722577334702e-06 -3.9842588357355989e-07
9 31 -1.0237823035153985e-06 7.0731613573349789e-07
9 32 -3.0793815847754530e-06 -8.0008758564590184e-07
9 33 -3.3544312443399578e-06 -6.6141444665578056e-07
9 34 -2.8401056398421790e-06 -3.1880567686695830e-07
9 35 -2.4903419697697897e-06 -3.3425238095951270e-07
9 36 -3.4038058145264755e-06 -4.0915857471824790e-07
9 37 -2.8788132388148180e-06 -1.2374615885052274e-06
9 38 -3.9671056540099248e-06 4.3057004507242147e-06
9 39 -5.7094364250880671e-06 7.8432399896630246e-07
9 40 -6.3088962473634359e-06 -6.3908862883406846e-07
9 41 -4.8626463657863161e-06 -1.2112308752033606e-06
9 42 -3.4823058907401845e-06 9.6302138889973577e-07
9 43 -8.4621002603038429e-06 3.1565374135465176e-07
9 44 -9.2636415522996740e-06 1.7330050872843702e-06
9 45 -4.9974973594241825e-06 -6.1963484554196078e-06
9 46 -1.4014822934978706e-05 9.2637028677430398e-07
9 47 -1.3804809271544949e-05 -1.1702880824067871e-05
9 48 -9.8795590043891508e-06 -5.7330819312971569e-06
9 49 -3.3652364193582907e-05 -7.5838090346469151e-06
9 50 -3.5881993499824053e-05 1.4510238230275460e-06
9 51 -1.7827235045604759e-05 7.7860563985517271e-06
9 52 -1.8258776201107905e-05 -8.4482888085115106e-06
9 53 -2.8359513096243791e-05 1.5720575410094891e-06
9 54 -4.0334476225167181e-05 1.8601724819048281e-05
9 55 -2.3912446784436071e-05 6.7646816435832298e-06
9 56 -2.7866393224995606e-05 5.9133659107221932e-06
9 57 -2.1736523816806374e-05 -8.0823442457165272e-06
9 58 -3.9780156249445754e-06 7.3444467015795300e-06
9 59 -3.7674201502567743e-05 -1.2534972292508454e-06
9 60 -4.9640083168596609e-05 5.3042236588185930e-07
9 61 -4.3791862162440712e-05 1.2892557129430968e-05
9 62 -7.3217209644190951e-05 -6.4426344977231768e-05
9 63 -7.6616821262604458e-05 -4.4782149309906486e-05
9 64 -1.3284317489706669e-04 -2.7339287465169284e-05
9 65 -8.3269197927680314e-05 1.9755837162003399e-05
9 66 -5.8769793976942358e-05 -5.4262391992160157e-05
9 67 -1.5880629677028223e-04 6.1213158561903690e-05
9 68 -1.5004141040098607e-04 8.6232502109659742e-05
9 69 -1.5287854231010379e-04 -2.9333515460620783e-05
9 70 -3.2270283888677278e-04 -1.1358668149075251e-04
9 71 -1.8414327217931435e-04 2.0465932753308805e-04
10 0 -1.0270623730789488e-04 -2.6363477763822059e-04
10 1 -5.1239255764995786e-05 1.2925228995169200e-04
10 2 -1.8547370130008348e-04 -5.3105011902200187e-05
10 3 -8.2000408084022298e-06 4.1146331864969447e-05
10 4 -8.1458850940943812e-05 5.5085235624656873e-06
10 5 1.0815455460201547e-05 -5.9256681428453013e-06
10 6 -4.1660142482544856e-06 4.0931380356038269e-05
10 7 -1.9753180042148693e-05 3.7294887913982999e-05
10 8 -1.0149445152821033e-05 1.5438457810692246e-05
10 9 -1.9184999243410626e-05 2.2686470973288143e-05
10 10 -3.2330286565532870e-05 4.6412022251506342e-08
10 11 -4.3346320606560649e-05 6.4012108747602409e-06
10 12 -2.2392763694029136e-05 6.6135548460661698e-06
10 13 -8.0325191669401380e-06 3.4080730001090317e-06
10 14 -9.2859045188349102e-06 -3.6037827205574461e-06
10 15 -6.4978106784291567e-06 6.9703446244090588e-07
10 16 6.6764787317933298e-06 -6.0748829518268623e-06
10 17 -2.6593836094900103e-06 1.7059768396100219e-06
10 18 7.5161602077759426e-07 -2.3492632042349458e-06
10 19 -1.9717807844295212e-06 -2.2294109057211933e-06
10 20 -1.0113090110291508e-06 7.5950613561740527e-08
10 21 -2.9383201376273681e-06 -4.8657052911303157e-06
10 22 -5.2230387330791948e-07 -1.2047057626737726e-06
10 23 -1.4125015582044960e-06 1.6560022930891278e-06
10 24 -3.4781885440807734e-06 -8.4698381301533145e-07
10 25 -2.6768968381771196e-06 -4.2332012229402862e-07
10 26 -8.2406031678546680e-07 -1.5912871553494483e-06
10 27 -7.5240400500398996e-07 7.7606251400302321e-07
10 28 -1.2099784749972732e-06 -5.5076819929895131e-07
10 29 -3.0564434291877325e-06 8.5962886702468275e-07
10 30 -1.9416611285490675e-06 -3.5513390692959030e-07
10 31 -2.2038874230686997e-07 1.0903555452358616e-06
10 32 -2.0404898221449095e-06 -1.4264465415174614e-07
10 33 -2.2418221755777082e-06 -3.6821795959133885e-07
10 34 -1.3543565955008085e-06 1.0786549229167094e-07
10 35 -1.1705336038023436e-06 2.8271699166130856e-07
10 36 -1.9713235338764777e-06 -1.2965251727016674e-07
10 37 -1.6720724791042565e-06 -1.8231377964632492e-06
10 38 -2.4860249440918360e-06 4.4938052698226168e-06
10 39 -4.9413872529069908e-06 5.6942083757342891e-07
10 40 -4.4526191172261639e-06 -3.9305729363556188e-07
10 41 -2.3172099899557663e-06 -1.0166974700333982e-06
10 42 -1.0373009456726248e-06 7.3715761079263530e-07
10 43 -6.6801269892166221e-06 1.1275656958826106e-06
10 44 -3.8452642259297817e-06 4.4789819436240838e-06
10 45 1.2037915802388277e-06 -5.3375241075685374e-06
10 46 -6.2324966908243465e-06 1.0932157138557806e-06
10 47 -1.0224774772876122e-05 -7.2257790177915641e-06
10 48 -9.7918653140477675e-07 -4.1735579712402705e-06
10 49 -2.3586540511992963e-05 -9.7484687089293623e-06
10 50 -2.2779619915674715e-05 -8.9706163656311409e-07
10 51 -1.1462449431467355e-05 9.9919939913880098e-06
10 52 -1.2335213861828294e-05 -9.8427359558280042e-06
10 53 -1.6143698724092428e-05 7.3348394120546699e-06
10 54 -2.6690245299451074e-05 2.1975291684024524e-05
10 55 -1.2960343023013641e-05 1.0611094295582245e-05
10 56 -9.9615860487548282e-06 3.7806573224563357e-06
10 57 -1.4771538233961181e-05 -1.3021695186575919e-05
10 58 3.4164685582415284e-06 1.3114364142294687e-05
10 59 -2.1378785028297126e-05 -8.6133273936850946e-06
10 60 -2.5158299597874330e-05 9.3400212826365051e-07
10 61 -1.1994961330321722e-05 2.8911487603650292e-05
10 62 -3.0747286507644170e-05 -6.2149158904390654e-05
10 63 -2.9634594260588317e-05 -4.4675627555717348e-05
10 64 -7.4606709913364758e-05 -1.4877126272005910e-05
10 65 -2.7036838946058270e-05 3.2599886192859761e-05
10 66 2.5551188430225050e-05 -6.1583726705669229e-05
10 67 -1.0078338751487522e-04 4.6716252832885248e-05
10 68 -1.2024925596547494e-04 8.3123747824229716e-05
10 69 -3.0904570237619847e-05 -5.3623242810904424e-05
10 70 -2.5485353844561658e-04 -4.5586455826762214e-05
10 71 -1.3751859729383694e-04 1.2229864349155742e-04
