0 0 -1.1541852258489087e+00 1.4866703978102161e-19
0 1 -1.3135095252697038e-01 -2.0888349955465833e-19
0 2 -3.5606289668601465e-02 9.1054084756554020e-21
0 3 -1.6985695747621307e-02 -2.1700777957788968e-21
0 4 -1.1512002210978808e-02 -4.6559183428099355e-22
0 5 -8.7807837839180471e-03 4.4524627597462867e-23
0 6 -7.4002197635993743e-03 3.4904973890127819e-22
0 7 -6.3647819283270219e-03 6.9511706279423272e-23
0 8 -5.3275691122406680e-03 6.5012012223205279e-24
0 9 -4.6301571885337322e-03 1.4253111744264821e-22
0 10 -3.9821246172741425e-03 6.4921786002009773e-23
0 11 -3.3895945041443527e-03 -1.3040000932311326e-22
0 12 -2.9095834558425992e-03 4.5200680608981885e-23
0 13 -2.4822119151111316e-03 1.1622181424118370e-22
0 14 -2.1425680746653976e-03 8.4342765998224424e-23
0 15 -1.8754084474177830e-03 -8.5338186444277132e-23
0 16 -1.5961145821247510e-03 -3.1150838753765459e-24
0 17 -1.3999169992777686e-03 4.0596231500708610e-24
0 18 -1.2467429208783336e-03 -8.2240488674568281e-23
0 19 -1.0799781394790159e-03 1.5544042762255133e-23
0 20 -9.3470122289924184e-04 -1.5936321908523682e-23
0 21 -8.1944375233201873e-04 1.0117128248035496e-23
0 22 -7.5958997280219955e-04 -4.7513343124826978e-24
0 23 -7.0595986467780400e-04 4.4030746210014463e-23
0 24 -6.3453986468917274e-04 8.8274599356899414e-24
0 25 -5.6747620251275009e-04 -5.1412692917711459e-24
0 26 -4.9156493213867874e-04 -7.0134125910617554e-24
0 27 -4.1823278189601093e-04 -8.2721432806841453e-24
0 28 -3.7102008450605787e-04 -8.3211776430198177e-24
0 29 -3.2981931814978101e-04 -1.6903299158666684e-23
0 30 -2.9349637969386589e-04 -2.4989725862142175e-24
0 31 -2.6778535034332042e-04 -1.3731751944181623e-24
0 32 -2.5222635136403057e-04 -8.4625446854370397e-24
0 33 -2.4418326975562818e-04 4.1380308425782178e-24
0 34 -2.4456128476215441e-04 1.0206285228554409e-24
0 35 -2.3966905296482827e-04 6.5478968687087709e-24
0 36 -2.3946368023740168e-04 -1.1158577613847138e-24
0 37 -2.4673590330616673e-04 1.7191084905795421e-25
0 38 -2.6081015261083938e-04 9.1328805455706920e-25
0 39 -2.7168141202662058e-04 -1.2552726444456143e-23
0 40 -2.8559156759896942e-04 -1.2744497514336259e-23
0 41 -2.8504203415417255e-04 -9.5841773028304969e-24
0 42 -2.7440817117838995e-04 -2.0702993530302763e-24
0 43 -2.8028816184107663e-04 -3.5228432782012531e-24
0 44 -2.9911100801654805e-04 -2.9000578478655023e-24
0 45 -3.2753882988849684e-04 -7.7068164668078974e-24
0 46 -3.6469668651261918e-04 1.1280087122203308e-24
0 47 -4.0580035318345308e-04 -8.4227837610966666e-24
0 48 -4.3851815740411442e-04 2.3304630774634029e-23
0 49 -4.9112390419803567e-04 4.1432938306534729e-24
0 50 -5.7015937900142582e-04 -2.1047312662488359e-23
0 51 -7.3324284342497607e-04 -1.2637349614484464e-23
0 52 -9.8109966245610476e-04 -1.3622794746232308e-23
0 53 -1.2702397299513932e-03 -1.1065129041328085e-23
0 54 -1.6080213924316176e-03 7.5924011622747743e-23
0 55 -2.1047169570005868e-03 4.4065129896089452e-23
0 56 -2.7242435820692594e-03 -1.2465586068510528e-22
0 57 -3.3094165244123654e-03 -4.1400403352301148e-23
0 58 -3.7603674841349528e-03 1.7303724294476809e-22
0 59 -4.1930189655649689e-03 -3.3574024940615739e-23
0 60 -4.5004140589254499e-03 -4.5639611359344441e-23
0 61 -4.6220226968456141e-03 1.8765540721662789e-22
0 62 -4.5747870304760768e-03 2.9598112411111362e-22
0 63 -4.6593224499029383e-03 1.4725193329816118e-23
0 64 -4.9915869334019461e-03 -1.6051897742919369e-22
0 65 -5.5795537000189310e-03 -1.2645478936552245e-22
0 66 -6.6178524250188175e-03 -2.1578536466995832e-23
0 67 -8.7046874099669328e-03 4.8458637768984805e-22
0 68 -1.1993932417482787e-02 -1.3214482479821997e-22
0 69 -1.8379361329530046e-02 9.2422610612508072e-22
0 70 -3.6135867685277837e-02 -5.7952698246912650e-21
0 71 -1.2164648469009751e-01 -5.9626735100473472e-20
1 0 -3.3066432553956310e-01 -3.8156254010174931e-03
1 1 -7.3495127314545786e-02 -1.0448996628039232e-03
1 2 -2.3328652252061911e-02 -1.5459602149425839e-04
1 3 -1.2501027801989447e-02 -2.8536044056426438e-05
1 4 -8.6589794207960497e-03 2.3196930831206970e-05
1 5 -6.6694646195562934e-03 1.2679498613217780e-05
1 6 -5.6289355397511100e-03 4.4225752718719903e-06
1 7 -4.8170225261811904e-03 1.9301904490625999e-05
1 8 -4.0389301718289465e-03 -1.4948896622700041e-05
1 9 -3.5311824718575117e-03 -7.8125399741655472e-06
1 10 -3.0494473737738051e-03 -5.9660497759448847e-06
1 11 -2.5932650705070971e-03 9.1062776121032517e-06
1 12 -2.2231487432191883e-03 4.0665311288951150e-06
1 13 -1.9019146923429729e-03 3.6285105833185331e-06
1 14 -1.6463949851636579e-03 6.9779020601036473e-08
1 15 -1.4394061567890133e-03 1.3281702446967503e-06
1 16 -1.2235456103672794e-03 -9.8453287425077963e-08
1 17 -1.0702023724069953e-03 -1.4154405083981241e-06
1 18 -9.5098693954130155e-04 -1.6873713816552672e-06
1 19 -8.2572608896019516e-04 -1.8088250837846193e-08
1 20 -7.1497750423442146e-04 8.8026752163304171e-07
1 21 -6.2596127825967015e-04 1.3563854844992740e-06
1 22 -5.7986720301764704e-04 2.9233353685699867e-06
1 23 -5.4092301729197320e-04 2.1586502963095781e-06
1 24 -4.8410522255299180e-04 1.8186531925609489e-06
1 25 -4.3321046467950647e-04 9.7895060353281393e-07
1 26 -3.7516622230032595e-04 1.3037659350573904e-06
1 27 -3.1986121081696242e-04 2.4506377553550358e-07
1 28 -2.8419898850829556e-04 8.0058987705588716e-07
1 29 -2.5311069466368261e-04 8.2613259771044380e-07
1 30 -2.2488078877704569e-04 2.4185160762953730e-07
1 31 -2.0448563301903169e-04 -3.0287376774218252e-07
1 32 -1.9247881714202277e-04 -1.0876043423124713e-07
1 33 -1.8616466277241323e-04 -2.8942260682242128e-07
1 34 -1.8670899693006322e-04 -2.3838606364004096e-07
1 35 -1.8302882381841253e-04 -6.4036387444854161e-07
1 36 -1.8352653261186712e-04 -4.1864317663680829e-07
1 37 -1.8834656695410616e-04 3.9895726191417919e-07
1 38 -1.9916472612680459e-04 8.9361465544743702e-07
1 39 -2.0687175876371366e-04 1.2970543776731331e-07
1 40 -2.1786246155188564e-04 -4.3647495879895438e-07
1 41 -2.1711768018548315e-04 -5.6910804131669051e-08
1 42 -2.0879257441655725e-04 -9.2814709387561396e-07
1 43 -2.1405440260719444e-04 -8.1279389070857127e-07
1 44 -2.2930930072024604e-04 -4.7232809706290392e-07
1 45 -2.5036678499202399e-04 9.4563775350860871e-07
1 46 -2.7884783090268919e-04 4.7018874537215881e-07
1 47 -3.1093863689146938e-04 7.9229192843271987e-07
1 48 -3.3458942171780851e-04 1.1089702843022553e-06
1 49 -3.7580883891331841e-04 1.2115668639066549e-06
1 50 -4.3519031750146627e-04 4.1464122215064163e-07
1 51 -5.5922621354543298e-04 -4.9795614846887257e-10
1 52 -7.4786368622247672e-04 1.7638101808148144e-06
1 53 -9.6999318176980184e-04 3.5272528516491462e-07
1 54 -1.2252806818890136e-03 4.9015147613080973e-06
1 55 -1.6016937513055451e-03 6.4800606183074459e-06
1 56 -2.0740549291207761e-03 -2.8867525442861742e-06
1 57 -2.5182076255402083e-03 -5.9229868851683906e-06
1 58 -2.8734421249188048e-03 -6.5247623866230058e-06
1 59 -3.2238853180411395e-03 -5.0176951628534749e-06
1 60 -3.4611515137941205e-03 -1.9186189552364297e-06
1 61 -3.5379329352772685e-03 -1.2109088912024763e-06
1 62 -3.5045531137917925e-03 -1.4035801735229497e-05
1 63 -3.5751234956618236e-03 -6.0292988612904519e-06
1 64 -3.8214345445621448e-03 2.2587148061043117e-07
1 65 -4.2738879861071305e-03 7.5458509612399978e-06
1 66 -5.0456639605680623e-03 9.9506986335861967e-06
1 67 -6.6230966246769466e-03 3.4147801122175905e-05
1 68 -9.1621202009596128e-03 4.7258455358455451e-05
1 69 -1.3796740604786710e-02 1.1666804258555394e-04
1 70 -2.4707069769390341e-02 3.8877561045250135e-05
1 71 -6.6573456804817063e-02 -1.3189094351955343e-04
2 0 -1.0130000103494774e-01 -2.5679711762815506e-03
2 1 -3.3304302639229233e-02 -1.1112882786517174e-03
2 2 -1.2177868050549677e-02 -8.8121352229145501e-05
2 3 -7.3535283569485330e-03 -5.3717131831274441e-05
2 4 -5.2075325844646980e-03 4.2198596661202838e-05
2 5 -4.0968678381975718e-03 9.2280503803693426e-06
2 6 -3.4599954638991491e-03 1.1287980078978685e-05
2 7 -2.9349373554399087e-03 3.1760134088037014e-05
2 8 -2.4668560462531670e-03 -1.5301667025782781e-05
2 9 -2.1762212223774510e-03 -1.3001488494316732e-05
2 10 -1.8995396714523260e-03 -2.5278083458403082e-06
2 11 -1.6099400443325598e-03 1.3580256271871471e-05
2 12 -1.3832573216706323e-03 3.7233962648118855e-06
2 13 -1.1899138797177545e-03 4.3402666431384679e-06
2 14 -1.0359318467662779e-03 -2.2513448094106913e-06
2 15 -9.0022831904530514e-04 2.8843053884462116e-06
2 16 -7.6692779047525181e-04 1.7960755790785124e-06
2 17 -6.6354619075256554e-04 -1.2638132086269127e-06
2 18 -5.8868495450725602e-04 -2.6837826665039016e-06
2 19 -5.1379392865443972e-04 6.9390457946078764e-07
2 20 -4.4469720979454244e-04 1.8299490546571183e-06
2 21 -3.8779591631683748e-04 2.2761168738962013e-06
2 22 -3.5889346411532023e-04 3.9359077491928659e-06
2 23 -3.3658616317826641e-04 2.4371102215431798e-06
2 24 -2.9815875592843300e-04 2.5017161277551047e-06
2 25 -2.6743565933990012e-04 7.6217839917739207e-07
2 26 -2.3251748833444323e-04 2.2644159537485167e-06
2 27 -1.9826750177621660e-04 2.1358157607974125e-07
2 28 -1.7736831093272652e-04 1.3477181875996221e-06
2 29 -1.5841814117729244e-04 8.8714486501407034e-07
2 30 -1.4035790137362626e-04 2.6089767481105922e-08
2 31 -1.2650775746278671e-04 -4.8918942012410416e-07
2 32 -1.1913060491553828e-04 6.2319160828584068e-08
2 33 -1.1476485401710523e-04 -5.2247768731095758e-07
2 34 -1.1555943170018937e-04 3.7467664217165729e-08
2 35 -1.1293430734223756e-04 -8.3645379680916481e-07
2 36 -1.1432398773990317e-04 -9.2317032209219544e-07
2 37 -1.1628653717235720e-04 7.2169448281373725e-07
2 38 -1.2310451687332939e-04 1.0618730589837778e-06
2 39 -1.2710763829668401e-04 2.1565150649738737e-07
2 40 -1.3433165502824796e-04 -1.0291224292746682e-06
2 41 -1.3349776502927859e-04 -4.7806064045561381e-07
2 42 -1.2816913383824455e-04 -1.5312775736975498e-06
2 43 -1.3256373454032414e-04 -1.3056945221741543e-06
2 44 -1.4285588559853751e-04 -4.4551403876883773e-07
2 45 -1.5504204826409453e-04 1.0427374262481415e-06
2 46 -1.7307738160937620e-04 4.4759307636991521e-07
2 47 -1.9346179039876046e-04 9.6084043498492409e-07
2 48 -2.0623801354486244e-04 1.1119762237144777e-06
2 49 -2.3326032720587343e-04 1.9321323975107577e-06
2 50 -2.6903093943178634e-04 2.6410919191140399e-07
2 51 -3.4616705760815813e-04 -1.9471406345686360e-07
2 52 -4.6265238779512948e-04 1.6876254360229492e-06
2 53 -5.9833945825334069e-04 2.0132405327742729e-06
2 54 -7.5474833670710389e-04 7.1889586397671227e-06
2 55 -9.8158007240298976e-04 9.3863741614271827e-06
2 56 -1.2751109316040854e-03 -4.0005622364245254e-06
2 57 -1.5421149676768981e-03 -4.6961180298804008e-06
2 58 -1.7848832268915012e-03 -7.0873162924711978e-06
2 59 -2.0375806347893385e-03 -1.0557992267080313e-05
2 60 -2.1729531248482524e-03 -1.2027404411696339e-05
2 61 -2.1879851495092135e-03 -2.1472447358787058e-06
2 62 -2.1791889222084523e-03 -3.2873154754785669e-05
2 63 -2.2337953984456942e-03 -1.8186187273679919e-06
2 64 -2.3786018283862074e-03 -3.1925562190767948e-06
2 65 -2.6625589043788645e-03 7.0210548144585245e-06
2 66 -3.1223767908260180e-03 1.1581008764732515e-06
2 67 -4.0674535387792751e-03 5.0944849942191483e-05
2 68 -5.6703266807815915e-03 2.2729252968338018e-05
2 69 -8.3249541518215404e-03 1.3982186553993493e-04
2 70 -1.3262005065374114e-02 8.8585837348823085e-05
2 71 -3.0742415095266398e-02 -1.9296131825723354e-04
3 0 -3.0946208917080709e-02 -2.4646556904508107e-03
3 1 -1.4408663376655207e-02 -8.8259485687077941e-04
3 2 -5.9478949310584322e-03 -1.2532273821725434e-04
3 3 -3.9732994655284340e-03 -4.7500565115484894e-05
3 4 -2.8602829292896253e-03 5.3327672900132295e-05
3 5 -2.3502282370084088e-03 3.8619860737920599e-06
3 6 -1.9623486743875389e-03 1.8151673931106135e-05
3 7 -1.6615377017439648e-03 3.4001154974391354e-05
3 8 -1.3962640617914762e-03 -9.4529592138496377e-06
3 9 -1.2322278625120778e-03 -1.4212180216156582e-05
3 10 -1.1006509116875196e-03 3.7891215919468494e-06
3 11 -9.2415316885980129e-04 1.3529213320239672e-05
3 12 -8.0313651411390420e-04 6.9785182267502095e-06
3 13 -6.9354388374851536e-04 3.8690943911457519e-06
3 14 -6.0670327577201774e-04 -3.7980950340994642e-06
3 15 -5.2062988548177904e-04 6.4180818164336721e-06
3 16 -4.4809068175122378e-04 2.7969673952935762e-06
3 17 -3.8171113012585981e-04 -8.5402141342572338e-07
3 18 -3.3690305721093645e-04 -3.5906745669581984e-06
3 19 -2.9649620960630837e-04 1.4900214643661864e-06
3 20 -2.5605095749870637e-04 1.6389857003845825e-06
3 21 -2.2170712965807410e-04 2.9193467921596573e-06
3 22 -2.0506378522389102e-04 3.4568002280805080e-06
3 23 -1.9321147567266282e-04 1.3659609578102506e-06
3 24 -1.6926003482095240e-04 2.3688565731039053e-06
3 25 -1.5296415483779643e-04 7.3473426832992750e-08
3 26 -1.3306660296719553e-04 2.4943247462465075e-06
3 27 -1.1320747279119854e-04 2.4218830950166101e-07
3 28 -1.0252949408506790e-04 1.6172261912606299e-06
3 29 -9.1917116360073359e-05 6.5676828969753360e-07
3 30 -8.1233744256533152e-05 -4.6528703726248895e-07
3 31 -7.2473159578449991e-05 -6.3974729540332684e-07
3 32 -6.8508049119494959e-05 2.7031617044238374e-07
3 33 -6.5724650495228249e-05 -6.8861514708103517e-07
3 34 -6.6371389233463269e-05 2.0839325936083912e-07
3 35 -6.4124951164506449e-05 -8.2898447796184894e-07
3 36 -6.5936622604209101e-05 -1.1714161451896540e-06
3 37 -6.6066561581484996e-05 1.0369819879991602e-06
3 38 -7.0201580841259246e-05 9.2517245086388791e-07
3 39 -7.2126416085110411e-05 9.7060223739394133e-09
3 40 -7.6311744367463577e-05 -1.1309576007746396e-06
3 41 -7.5542223454751382e-05 -1.1981488983670951e-06
3 42 -7.2767321512617070e-05 -1.5065105012543093e-06
3 43 -7.6052434994007580e-05 -1.4222036509759455e-06
3 44 -8.2332259414678416e-05 -2.0921600328324797e-07
3 45 -8.8940492010994282e-05 6.4642260415987716e-07
3 46 -9.9352402745082367e-05 2.4346713964525863e-07
3 47 -1.1106005285746425e-04 5.0264900016476150e-07
3 48 -1.1642265650552551e-04 6.3881203151040029e-07
3 49 -1.3359445949255851e-04 1.7725714212977691e-06
3 50 -1.5352529658000147e-04 6.2649631055664804e-07
3 51 -1.9862911396389374e-04 1.7865092488694068e-08
3 52 -2.6440021808726301e-04 2.3416845188993448e-06
3 53 -3.3898868993475253e-04 6.3125906129179192e-06
3 54 -4.2865272471753529e-04 8.6130580393552368e-06
3 55 -5.5425374746419958e-04 8.3045323341355960e-06
3 56 -7.2542551961601778e-04 -3.6184716231947615e-06
3 57 -8.7121019330432489e-04 5.3455335801690766e-07
3 58 -1.0295836188138330e-03 -5.0801712540458476e-06
3 59 -1.2040081835420081e-03 -1.1961316790416700e-05
3 60 -1.2696827490662323e-03 -2.2027693142798500e-05
3 61 -1.2466525645566855e-03 2.2557372849546531e-06
3 62 -1.2518841281423227e-03 -4.1835113826269240e-05
3 63 -1.2948196127342180e-03 3.4960670529413304e-06
3 64 -1.3691741577094418e-03 -1.9115537339583289e-07
3 65 -1.5334904110251909e-03 5.2787317630327163e-07
3 66 -1.7954712887517223e-03 -1.3441179390659798e-05
3 67 -2.3134652901386872e-03 5.6667398911485216e-05
3 68 -3.2154556218608448e-03 1.5475471591380093e-06
3 69 -4.6163287025432790e-03 1.2818298274081409e-04
3 70 -6.5744377589901648e-03 3.6892113858364081e-05
3 71 -1.2900439003409300e-02 -5.6807809187630218e-05
4 0 -9.5236666348150686e-03 -1.6148268603342413e-03
4 1 -6.1802171998764522e-03 -6.2184648521223672e-04
4 2 -2.7135553181914015e-03 -4.8103282361022669e-05
4 3 -2.0748805706672143e-03 -3.4711861598133639e-05
4 4 -1.4983283197335263e-03 6.0499175148375131e-05
4 5 -1.2973498752054324e-03 -1.0430633369034197e-07
4 6 -1.0720506050168473e-03 1.7868483643601881e-05
4 7 -9.1319517713829351e-04 2.2240943799855309e-05
4 8 -7.6396000513930418e-04 -8.2838305066013990e-07
4 9 -6.6645481478507906e-04 -8.4884024677270690e-06
4 10 -6.1973111125751784e-04 7.9713607247991560e-06
4 11 -5.0770662469206112e-04 8.5997302183614638e-06
4 12 -4.5053789812393334e-04 1.0314147339385089e-05
4 13 -3.8902773203541624e-04 1.5062257045982354e-06
4 14 -3.4361049311355780e-04 -5.1719485715418797e-06
4 15 -2.8844947424177002e-04 9.2760826661055407e-06
4 16 -2.5072723167483943e-04 2.5465767045794117e-06
4 17 -2.1229257578223636e-04 -7.2943114829583120e-07
4 18 -1.8704396655096412e-04 -4.3654778613329924e-06
4 19 -1.6586809003596781e-04 1.4275420842696213e-06
4 20 -1.4281465117511953e-04 1.5680831002295190e-06
4 21 -1.2088742706539219e-04 2.6526872832061184e-06
4 22 -1.1253830254279085e-04 1.8729060713086211e-06
4 23 -1.0632426630608257e-04 7.1736457578731928e-07
4 24 -9.1793875687795016e-05 2.1412706209814307e-06
4 25 -8.3936711220534957e-05 -3.8188655308235445e-07
4 26 -7.3113756101574732e-05 2.0999784485673206e-06
4 27 -6.2083685338975710e-05 3.7495679204684031e-07
4 28 -5.6405631065554332e-05 1.1609855541571243e-06
4 29 -5.1265625829597066e-05 4.6913654981254977e-07
4 30 -4.5412450492648724e-05 -8.1335678781592372e-07
4 31 -4.0123044938718730e-05 -7.2270043218592210e-07
4 32 -3.8202924583451424e-05 2.8453781323960300e-07
4 33 -3.6391604985847888e-05 -8.3779242509627492e-07
4 34 -3.6920472459073138e-05 1.5124585346649117e-07
4 35 -3.4556005656506777e-05 -8.9598681998308160e-07
4 36 -3.6605994531278911e-05 -1.2318696916217312e-06
4 37 -3.5762696087042276e-05 9.8175545115806983e-07
4 38 -3.8135944200035073e-05 5.8023667499917342e-07
4 39 -3.9401875525076616e-05 -2.3361981824608223e-07
4 40 -4.1016885823215549e-05 -1.1055688811036107e-06
4 41 -4.0863501963040732e-05 -1.0763902374280138e-06
4 42 -3.9766629037514180e-05 -1.2508426362507459e-06
4 43 -4.1984291685543777e-05 -1.4431392442563679e-06
4 44 -4.5355387497266366e-05 -1.9271857661030404e-07
4 45 -4.9682115338078460e-05 1.3094682320311909e-07
4 46 -5.4622151707228140e-05 3.6485997270759947e-08
4 47 -6.0591688399842138e-05 2.2342235532204594e-07
4 48 -6.2704822113640607e-05 1.6025255501460197e-07
4 49 -7.3869293278594098e-05 1.5232207554281560e-06
4 50 -8.3565130819481038e-05 5.6702305680096486e-07
4 51 -1.0994626481044013e-04 9.5603011661694896e-07
4 52 -1.4522519898215819e-04 3.0846342897802752e-06
4 53 -1.8282385800679873e-04 9.1269043796112272e-06
4 54 -2.3164787549185105e-04 9.7231404291577617e-06
4 55 -2.9599632330508244e-04 4.1463008545920806e-06
4 56 -3.9690248930109002e-04 -1.2666955815544653e-06
4 57 -4.7452801140068036e-04 1.0974551190338788e-06
4 58 -5.7463856382314652e-04 -3.5925384474565145e-06
4 59 -6.8787638452211502e-04 -1.1406100181686086e-05
4 60 -7.1946933704218900e-04 -2.3130900821800594e-05
4 61 -6.8370860657607148e-04 1.0003984085304216e-05
4 62 -6.9364288280219610e-04 -3.9403830944374271e-05
4 63 -7.1877032893990101e-04 5.1379135203579166e-06
4 64 -7.5961508599303382e-04 3.9339531557418835e-06
4 65 -8.4646247570924270e-04 -9.6697792338929079e-06
4 66 -9.9831151654152092e-04 -2.6012331041207411e-05
4 67 -1.2695315972461277e-03 5.1427463594831354e-05
4 68 -1.7342254206339010e-03 1.7768128158640400e-06
4 69 -2.4175544944379634e-03 1.2125658467185048e-04
4 70 -3.1932958842482567e-03 -1.0265069809409398e-05
4 71 -5.1324188739663729e-03 3.9992175753226262e-05
5 0 -3.1068569758435530e-03 -6.5182768511502223e-04
5 1 -2.5581075073895115e-03 -4.1154049651786475e-04
5 2 -1.1809913650366241e-03 -2.2793087063224353e-05
5 3 -1.0601313337066131e-03 -3.7561907338655105e-05
5 4 -7.9071375872674058e-04 6.1892694897730988e-05
5 5 -6.8462113294672498e-04 -9.7925955609104859e-06
5 6 -5.7297390612349943e-04 7.7041618157170159e-06
5 7 -4.9393040211250796e-04 1.0695854804820965e-05
5 8 -4.0711953933130043e-04 -1.2126355750440123e-06
5 9 -3.4943119265395814e-04 -4.5237318915259153e-06
5 10 -3.4325473175106049e-04 1.2626925082863298e-05
5 11 -2.7222036471603026e-04 5.0224033818338530e-06
5 12 -2.4791883507004563e-04 1.1484628121301454e-05
5 13 -2.1302064387000358e-04 -3.2940521901917280e-06
5 14 -1.9142099435907331e-04 -5.4607292317860761e-06
5 15 -1.5718683380585715e-04 9.5949652354302273e-06
5 16 -1.3590815492192483e-04 1.7600168923487533e-06
5 17 -1.1500874869623188e-04 -2.2087466119717284e-06
5 18 -1.0222405660345551e-04 -4.5210298075343717e-06
5 19 -9.1121057860007432e-05 7.3034496229382902e-07
5 20 -7.8669440915851439e-05 1.9148769526573233e-06
5 21 -6.3069744835191044e-05 1.3891761552547047e-06
5 22 -6.0694675323165978e-05 1.1735750129300850e-06
5 23 -5.6522110420610662e-05 -3.2219789543001348e-07
5 24 -4.8368266373142519e-05 1.4616493910500650e-06
5 25 -4.5089293013108326e-05 -4.6691557624160492e-07
5 26 -3.9269377936448833e-05 2.0395927386224935e-06
5 27 -3.3420344932887342e-05 2.2339725025032267e-07
5 28 -2.9774814778265388e-05 4.0122554651001245e-07
5 29 -2.8036702129202761e-05 4.6887133916243744e-07
5 30 -2.4715666993859076e-05 -5.4985642788139319e-07
5 31 -2.1640496907649518e-05 -9.5307408725510001e-07
5 32 -2.0886494390434038e-05 2.5715157112460054e-07
5 33 -1.9816261418189679e-05 -7.9742940962692470e-07
5 34 -2.0407309996390011e-05 8.0684675767091893e-08
5 35 -1.7598473755936923e-05 -8.2019136464447742e-07
5 36 -1.9718809204991622e-05 -1.1444738950426289e-06
5 37 -1.8428941341403732e-05 7.3822748191037569e-07
5 38 -1.9728385660586621e-05 3.3604392967567998e-07
5 39 -2.0963268684176134e-05 -1.1989162352827204e-07
5 40 -2.0787378444719389e-05 -8.2172334484144092e-07
5 41 -2.1771678002549197e-05 -7.2514138431527915e-07
5 42 -2.1453767253816209e-05 -1.0006519551685046e-06
5 43 -2.2605712503767955e-05 -1.4361537026409139e-06
5 44 -2.3993078688283014e-05 -6.6117183009006449e-07
5 45 -2.7086821706027336e-05 -4.6187021054155640e-07
5 46 -2.8739396924245639e-05 -2.4325176921516524e-07
5 47 -3.1715848151078074e-05 2.9394753272451318e-07
5 48 -3.2227435066270535e-05 5.4926392590182704e-09
5 49 -4.0217614354143626e-05 1.3572636992550705e-06
5 50 -4.3770231015831759e-05 -3.5945787712719125e-07
5 51 -5.9474598061577760e-05 1.3566927707501952e-06
5 52 -7.7616373408451292e-05 3.2469447953417212e-06
5 53 -9.6426830624010872e-05 9.8158364485217013e-06
5 54 -1.2103420971609191e-04 9.5695640650901034e-06
5 55 -1.5077681877747844e-04 -6.1940824588947332e-07
5 56 -2.1186998535096787e-04 -1.8039551872096262e-06
5 57 -2.5351225177773414e-04 4.8384443262632142e-07
5 58 -3.1458325923445243e-04 3.1648617350036488e-06
5 59 -3.8428419516398690e-04 -7.9383180409489701e-06
5 60 -4.0730773572052593e-04 -1.6419890573702359e-05
5 61 -3.6989798352472119e-04 1.4111250079414256e-05
5 62 -3.8117749965037632e-04 -2.8491936323355657e-05
5 63 -3.8676270090153383e-04 3.5425780246256843e-06
5 64 -4.1471360789588856e-04 4.3411413764249734e-06
5 65 -4.5623739142244319e-04 -1.5676621865910912e-05
5 66 -5.4368341936825767e-04 -3.0713634902024349e-05
5 67 -6.7666308042747532e-04 4.4145460604000055e-05
5 68 -9.0963981466717395e-04 7.0898964780564249e-06
5 69 -1.2093719286690899e-03 1.0955849846448400e-04
5 70 -1.5645972803286501e-03 -3.5482607954790646e-05
5 71 -2.1036690023379799e-03 3.6473265499933143e-05
6 0 -1.2270974016591375e-03 -1.7474868682475775e-04
6 1 -1.0405729029077696e-03 -2.0377092920791714e-04
6 2 -4.9566304947420807e-04 9.9500974060979034e-06
6 3 -5.3703740121493506e-04 -3.8988330205668215e-05
6 4 -4.3193660329291379e-04 5.3540355028884234e-05
6 5 -3.5356920197292691e-04 -1.0858434383310968e-05
6 6 -3.0780177077648210e-04 3.5645914856834197e-06
6 7 -2.6300303505299863e-04 6.8576019204795938e-06
6 8 -2.1050051006486818e-04 -4.3679510376197305e-06
6 9 -1.8014168882531334e-04 -3.6085070923622660e-06
6 10 -1.9022191798684306e-04 1.3645497666585976e-05
6 11 -1.4604908814575674e-04 1.7176758969294074e-06
6 12 -1.3351622794098258e-04 9.8862704962772273e-06
6 13 -1.1564786592695347e-04 -8.4018847357730109e-06
6 14 -1.0470646695491344e-04 -5.2508190236720502e-06
6 15 -8.5137987710049581e-05 8.0197354723001990e-06
6 16 -7.1268322261524699e-05 1.8794550202932630e-06
6 17 -5.9897313687181041e-05 -2.9841424814579791e-06
6 18 -5.5045018883267602e-05 -3.8854443577641279e-06
6 19 -4.9082664793828875e-05 -4.5040223152173476e-07
6 20 -4.3700257963378345e-05 1.5140989201522958e-06
6 21 -3.1793603279073437e-05 -7.6664297199766007e-08
6 22 -3.3334438152804548e-05 1.3333162445659636e-06
6 23 -2.9043004755619292e-05 -1.3008425094794897e-06
6 24 -2.4920192894825379e-05 1.0261912837669532e-06
6 25 -2.4246239311218890e-05 -7.2503339684866037e-07
6 26 -2.1132413722805069e-05 2.3308908841939426e-06
6 27 -1.7607582433921953e-05 3.1514032610044833e-07
6 28 -1.5549708220868398e-05 -2.6701962791746500e-07
6 29 -1.5263240619160528e-05 4.7958280716529438e-07
6 30 -1.3007086084030638e-05 -1.2369010017999364e-07
6 31 -1.1444648661201137e-05 -7.2389363957964113e-07
6 32 -1.1259046085467541e-05 3.2262732221998112e-07
6 33 -1.0629052100092408e-05 -4.3527607922637102e-07
6 34 -1.1296221294419936e-05 1.7623485849807282e-07
6 35 -8.4336586503519430e-06 -7.1420822340840620e-07
6 36 -1.0367701091618108e-05 -9.6609017890067014e-07
6 37 -9.3443833372220157e-06 5.5581230026964826e-07
6 38 -9.4860764465465014e-06 1.7309973995061381e-07
6 39 -1.0913068914372087e-05 2.0937477516784809e-07
6 40 -1.0017682532480977e-05 6.6091615701563426e-09
6 41 -1.1524403734986349e-05 -5.9449890480681194e-07
6 42 -1.1660964880857492e-05 -7.6257902324911286e-07
6 43 -1.2088307331238031e-05 -1.2434121371148957e-06
6 44 -1.2189970915682889e-05 -1.0424828277297695e-06
6 45 -1.4176463041528175e-05 -1.0109212257856444e-06
6 46 -1.4321665889704393e-05 -3.1489390969166294e-07
6 47 -1.6102399392767481e-05 -8.1644396044393516e-09
6 48 -1.5469722971853032e-05 2.4042991214797707e-07
6 49 -2.1862865834060998e-05 1.2821553178935562e-06
6 50 -2.2824660565036901e-05 -1.0361227530047129e-06
6 51 -3.1718692568697565e-05 1.0625507949671126e-06
6 52 -3.9973456065203254e-05 2.6606253453786652e-06
6 53 -5.0919888171353851e-05 1.0029357304099407e-05
6 54 -6.3486986420449102e-05 8.4677173243315770e-06
6 55 -7.1751975600305062e-05 -4.3391023109339265e-06
6 56 -1.0990817441346228e-04 -4.6452076516893636e-06
6 57 -1.3362230417664957e-04 6.1127785413713083e-07
6 58 -1.6792352123126331e-04 3.8925089942585371e-06
6 59 -2.0964986163802418e-04 -1.9979621554250858e-06
6 60 -2.3229111216649124e-04 -1.1517630953909349e-05
6 61 -2.0005699813818305e-04 1.5061250870436679e-05
6 62 -2.0817757130179928e-04 -1.4067784770723489e-05
6 63 -2.0618221305590304e-04 1.9458561559974115e-06
6 64 -2.2479872107095602e-04 1.4116136420932538e-06
6 65 -2.4361107179509802e-04 -2.1024105670482290e-05
6 66 -2.9563075778694405e-04 -2.9712734345838281e-05
6 67 -3.4954022359999585e-04 3.6060945660288754e-05
6 68 -4.7015561031602519e-04 2.1205244945908135e-05
6 69 -5.8414679382628532e-04 1.0492227448836080e-04
6 70 -7.4767607016646049e-04 -5.9666871439191696e-05
6 71 -8.6799493738038043e-04 4.4624848554206744e-05
7 0 -6.0015971617071069e-04 -8.4240699449003294e-05
7 1 -4.5215803431534666e-04 -7.8256982815123465e-05
7 2 -1.8423541343213649e-04 -7.4688903050136445e-06
7 3 -2.6409522934012664e-04 -4.1222666237902154e-05
7 4 -2.2996962679183597e-04 4.8155183187792893e-05
7 5 -1.8318397101578377e-04 -7.2714112063077539e-06
7 6 -1.6802517410708214e-04 8.6694620269454801e-06
7 7 -1.4010390194066005e-04 8.0660775325343312e-06
7 8 -1.0447441666342378e-04 -7.0015859684110887e-06
7 9 -8.9031663887591001e-05 -2.7408956038705836e-06
7 10 -1.0635770434077125e-04 1.1048726159325491e-05
7 11 -7.7618576804701009e-05 -2.3568787005094307e-06
7 12 -7.1340155011787685e-05 6.4568572923627559e-06
7 13 -6.1375879046165246e-05 -1.1161924929736019e-05
7 14 -5.5503133412500320e-05 -4.8913731695979636e-06
7 15 -4.6381208998064550e-05 4.5617048700671036e-06
7 16 -3.5378786055410675e-05 2.3029918534277336e-06
7 17 -3.0004233114686465e-05 -1.8825807712699077e-06
7 18 -3.0168635797582171e-05 -2.8388430114707865e-06
7 19 -2.5463633693309893e-05 -1.2879438849161554e-06
7 20 -2.5175770579086206e-05 5.4982014445388348e-07
7 21 -1.6472696691462175e-05 -1.4975674181690246e-06
7 22 -1.8507501561507100e-05 1.6059180864457618e-06
7 23 -1.4232950361323636e-05 -1.5835902946809612e-06
7 24 -1.2536694917298206e-05 7.4613771131767880e-07
7 25 -1.3231786836609947e-05 -8.8788168173309181e-07
7 26 -1.1557681103317549e-05 2.4893583616367370e-06
7 27 -9.1387771975508482e-06 3.9623574075334063e-07
7 28 -8.4807486485586668e-06 -6.8181997359483895e-07
7 29 -8.4118867318741898e-06 6.7873442645150096e-07
7 30 -6.5906458904655525e-06 2.0693545776129718e-07
7 31 -6.0913560028552128e-06 -2.0921672394832513e-07
7 32 -6.1303648492996443e-06 4.1678509652390117e-07
7 33 -5.4675264908071698e-06 -9.6154683237417199e-08
7 34 -6.3429481573666119e-06 4.8037609135803138e-07
7 35 -3.6525205499646740e-06 -5.6358125086876490e-07
7 36 -5.6007085482685371e-06 -6.5121389866022642e-07
7 37 -4.7781990089189554e-06 3.9075877066033860e-07
7 38 -4.4993479018460447e-06 1.1296817567856890e-08
7 39 -5.5029306948838891e-06 4.2726419308080995e-07
7 40 -4.5350124864345054e-06 8.6085530453063391e-07
7 41 -6.1682033829937766e-06 -3.7006034455899320e-07
7 42 -6.1053304982424176e-06 -5.2251428128343544e-07
7 43 -6.5990077395928698e-06 -8.6072319245562541e-07
7 44 -6.3159252981437898e-06 -1.0185371793185472e-06
7 45 -7.1438067741851473e-06 -1.2579893590950527e-06
7 46 -6.7266464917794027e-06 -1.7946187158072254e-07
7 47 -8.1033881448440332e-06 -4.1031043123055692e-07
7 48 -6.7482706653707489e-06 3.5736028597926050e-07
7 49 -1.1991610546176354e-05 7.0939269362100337e-07
7 50 -1.2206846192516344e-05 -8.0093666471607725e-07
7 51 -1.7331203378788464e-05 7.0620067940478840e-07
7 52 -1.9499498191392041e-05 1.3763466672258370e-06
7 53 -2.7455553732642669e-05 8.5045645907926885e-06
7 54 -3.3957612362243385e-05 5.6852630806568888e-06
7 55 -3.1670048011366326e-05 -5.7591607081027773e-06
7 56 -5.2290634070907347e-05 -6.2124122892826829e-06
7 57 -6.9513759229876596e-05 -6.2063984394995692e-07
7 58 -8.6667148696513289e-05 2.6688259700466200e-06
7 59 -1.1414056844909387e-04 5.3208504628732387e-06
7 60 -1.3400645145943894e-04 -8.3356930843014281e-06
7 61 -1.0781444378989950e-04 1.2455863956993134e-05
7 62 -1.0883133252552512e-04 -5.3613769461816437e-06
7 63 -1.1021087566121024e-04 -2.4200567634734667e-06
7 64 -1.2306849199784955e-04 -2.7309460319984068e-06
7 65 -1.2837599001931663e-04 -2.3917445739281373e-05
7 66 -1.5950188314164962e-04 -2.7227004608092633e-05
7 67 -1.7734042147168137e-04 3.5900355490935563e-05
7 68 -2.3946774718096973e-04 3.2865212604766750e-05
7 69 -2.5469910144413873e-04 8.7830158172899519e-05
7 70 -3.4441855289165573e-04 -6.6921677196004370e-05
7 71 -3.6084116740725455e-04 4.8611161623113255e-05
8 0 -2.4009842002599752e-04 -6.4782540426124428e-05
8 1 -2.4497123550279367e-04 -3.4998957863116216e-05
8 2 -5.2324000457133411e-05 -3.1556085732669540e-05
8 3 -1.2559157197453589e-04 -3.2076943967747091e-05
8 4 -1.1683097905009187e-04 4.3675622170494355e-05
8 5 -1.0284182392539618e-04 4.7258623837754557e-06
8 6 -9.4123249057876204e-05 1.5223409120801364e-05
8 7 -8.2688654538877774e-05 8.6234588937510493e-06
8 8 -5.1008585261176454e-05 -1.2155909330770804e-05
8 9 -3.9478149454250310e-05 1.6004803254611828e-06
8 10 -5.9713344756457841e-05 5.9462433262891895e-06
8 11 -4.1839840089568254e-05 -4.1188050289752232e-06
8 12 -4.1041063980441803e-05 4.1702682673493036e-06
8 13 -3.0031992647051895e-05 -1.1659974859464198e-05
8 14 -2.9844284157717705e-05 -3.2195748428912541e-06
8 15 -2.5269185770539422e-05 8.1545499174068760e-07
8 16 -1.6552475611927832e-05 3.3765646604548056e-06
8 17 -1.4695005858887798e-05 -6.6314609205618186e-07
8 18 -1.7491516789663755e-05 -2.6901511167394651e-06
8 19 -1.1923434923303947e-05 -9.1128177339480440e-07
8 20 -1.4437582731231630e-05 -8.2262328059792249e-07
8 21 -9.0833539324646987e-06 -2.7605496012166354e-06
8 22 -1.0550236570537403e-05 1.6322373783272184e-06
8 23 -6.7228225915412682e-06 -1.4479827123784985e-06
8 24 -6.0922563705003534e-06 5.8261157509879781e-07
8 25 -7.7075709327558546e-06 -2.8852230109193884e-07
8 26 -6.3077566972961624e-06 2.3986165127718066e-06
8 27 -4.4177016255368219e-06 5.9547032947830564e-07
8 28 -4.9418241526318944e-06 -7.1969321234202853e-07
8 29 -4.7430976406909988e-06 9.1371267777364026e-07
8 30 -3.3049047658729980e-06 4.9169914403883536e-07
8 31 -3.2288514587274848e-06 1.5543926943609820e-08
8 32 -3.5145053422185824e-06 3.7728093892265559e-07
8 33 -2.6503576299730469e-06 -3.1892465593731554e-08
8 34 -3.4798414426778473e-06 5.6937066370694237e-07
8 35 -1.1957160066180212e-06 -6.1329651902274876e-07
8 36 -3.1680464967575826e-06 -3.0700081867626675e-07
8 37 -2.6636909457149819e-06 2.6002919138094858e-07
8 38 -2.1048389480429573e-06 -1.3511085443739881e-07
8 39 -2.7658683583555919e-06 6.1182864974086824e-07
8 40 -1.8149140664077320e-06 1.1366716081758627e-06
8 41 -3.4501667864364342e-06 -2.1227521001076670e-07
8 42 -3.2896324100570039e-06 -3.1584221382142771e-07
8 43 -3.6826314717820194e-06 -6.3567489383175765e-07
8 44 -3.5482150736784832e-06 -8.0685223070748151e-07
8 45 -3.6428730527147552e-06 -1.0755830822372170e-06
8 46 -3.0828511700239582e-06 -6.2034873060527441e-08
8 47 -4.0685594526575942e-06 -6.1177511118365140e-07
8 48 -2.4336328196411980e-06 1.2635518662612952e-07
8 49 -6.8134723439782504e-06 -1.5188063745831451e-07
8 50 -6.7269996710367700e-06 1.5911839408855601e-07
8 51 -1.0216241383740895e-05 1.6148952712904018e-07
8 52 -8.9727297530956676e-06 1.0272817000026288e-06
8 53 -1.5838835742264811e-05 5.6969083822177016e-06
8 54 -1.8168238306736235e-05 4.0878498112956454e-06
8 55 -1.2754878901829411e-05 -4.7149462959280824e-06
8 56 -2.0291119072876453e-05 -6.8646590667440990e-06
8 57 -3.4329772744349062e-05 -4.9954593530824842e-06
8 58 -4.4917503143291127e-05 5.8616812206457195e-07
8 59 -6.0859890574282432e-05 7.0206164998295841e-06
8 60 -7.5811543336127903e-05 -8.1607557842719496e-06
8 61 -5.3200273629049817e-05 5.9775223741791593e-06
8 62 -5.5004538614859640e-05 -7.3955892096503802e-07
8 63 -5.8537644006407195e-05 -7.3367044667790826e-06
8 64 -6.7582872555989733e-05 -3.8926127677675339e-06
8 65 -6.6364815330471896e-05 -2.3199181425538715e-05
8 66 -8.3574199392854505e-05 -2.7314623512574972e-05
8 67 -9.1875339200835521e-05 3.2697232269970478e-05
8 68 -1.2137978646521476e-04 3.0770692533333412e-05
8 69 -9.3973155920141032e-05 5.4777494099935243e-05
8 70 -1.3594601158607925e-04 -7.8593525411870571e-05
8 71 -1.2206107761684924e-04 7.1343096229099285e-05
9 0 2.6499757300188005e-05 1.0923836695013498e-05
9 1 -1.3404205782389554e-04 -3.8944257955855141e-05
9 2 -1.2688727687932334e-06 -3.2906457771607885e-05
9 3 -5.5349029187683732e-05 -1.5112161147820254e-05
9 4 -6.1941229755244502e-05 4.1272445886548577e-05
9 5 -6.1921499196492146e-05 1.4158491064890491e-05
9 6 -5.0960386924183286e-05 1.9618425391077822e-05
9 7 -5.8323248373665931e-05 7.0898150069530492e-06
9 8 -2.4951396205004032e-05 -1.4178413780787149e-05
9 9 -1.4297933803561368e-05 5.2603480585705062e-06
9 10 -3.5327353511990306e-05 1.2752814990160257e-06
9 11 -2.4082997334311363e-05 -2.9031813057103585e-06
9 12 -2.6159241738237756e-05 3.2938464647184242e-06
9 13 -1.2973200682859679e-05 -1.0857988770636930e-05
9 14 -1.7226513633822487e-05 -1.4957158861476960e-06
9 15 -1.3561845649422139e-05 -1.6648465546211382e-06
9 16 -8.0052853003198785e-06 3.7859110954043877e-06
9 17 -6.8973644642713996e-06 8.7025911812579160e-09
9 18 -1.0330575572930913e-05 -3.4947194914997954e-06
9 19 -4.7124085217810947e-06 -1.0706286574650434e-06
9 20 -7.7125919843652095e-06 -1.2459250326788473e-06
9 21 -5.2948675231378893e-06 -3.6234195652987655e-06
9 22 -6.0635204671257779e-06 1.0710486398855686e-06
9 23 -2.8426651105713658e-06 -1.4329492474673690e-06
9 24 -3.3802341424463303e-06 5.4032698487387498e-07
9 25 -5.1509260868385720e-06 5.4527755127537251e-07
9 26 -3.2016535667916329e-06 2.4446323646664196e-06
9 27 -1.9244199153369862e-06 5.2885594041996410e-07
9 28 -2.9949071380732016e-06 -5.0361506751600724e-07
9 29 -2.4926846490659025e-06 7.9000313814513317e-07
9 30 -1.6902773972987045e-06 7.4039871719796276e-07
9 31 -1.7337845815545704e-06 -4.6073181574184802e-08
9 32 -2.3324341781422948e-06 1.2593519158115582e-07
9 33 -1.1230975779871522e-06 -8.8262410655525725e-08
9 34 -1.8647739196446334e-06 4.0567983939107126e-07
9 35 1.3022186682350523e-07 -6.1544574231209086e-07
9 36 -1.7143215434863317e-06 -1.5735752986765329e-07
9 37 -1.6918875640586969e-06 1.3439476402433703e-07
9 38 -9.5677589025556285e-07 5.0958865615652274e-09
9 39 -1.3418726714327223e-06 7.0034235421694769e-07
9 40 -5.1985831916879089e-07 1.0274490141786325e-06
9 41 -2.2416318198830164e-06 -8.8500698653609648e-08
9 42 -2.0496074329625531e-06 -1.3025532139773101e-07
9 43 -2.1182439096597174e-06 -2.1843656962796094e-07
9 44 -2.3899770201316751e-06 -6.5995991391459779e-07
9 45 -1.9673179627029272e-06 -8.3668285112701377e-07
9 46 -1.4449209713344599e-06 -3.8787502413814314e-07
9 47 -2.0304664219665331e-06 -8.9022424738916679e-07
9 48 -6.4442018510502868e-07 -3.5687632411811425e-07
9 49 -4.1131667582524334e-06 -1.0169807819670410e-06
9 50 -3.2826851397220515e-06 1.1228998697393485e-06
9 51 -6.3480170745030054e-06 -1.2611780170454857e-07
9 52 -4.0089837636295866e-06 4.6861329924511833e-07
9 53 -9.0779428084704135e-06 2.9373164526614605e-06
9 54 -1.0587781584290114e-05 3.5283440963121486e-06
9 55 -4.6753710321481250e-06 -3.1634098194925308e-06
9 56 -4.5867812180577297e-06 -6.4221406993920528e-06
9 57 -1.3311678430079442e-05 -5.9906051806134166e-06
9 58 -2.5799454191633320e-05 -1.1525407822714312e-06
9 59 -3.5635306778132452e-05 5.9118779780991457e-06
9 60 -4.2199368161868620e-05 -6.0451924976900442e-06
9 61 -2.3607206855148004e-05 6.8130217965767030e-08
9 62 -2.6031969499935972e-05 2.3969715251106166e-06
9 63 -3.0879643657586784e-05 -1.1785735783610773e-05
9 64 -3.8346646574434369e-05 -2.4962697511954399e-06
9 65 -3.0187929259300928e-05 -1.7486238590444471e-05
9 66 -3.5363218118315036e-05 -2.6277338554754987e-05
9 67 -5.4310374309584880e-05 2.6840007717706286e-05
9 68 -6.3173239463707950e-05 2.0374388708030334e-05
9 69 -3.3598342779929345e-05 1.0754915553710898e-05
9 70 -4.9188282867576460e-05 -7.9797789964267511e-05
9 71 -4.7502462747142722e-05 4.7981666538520124e-05
10 0 1.0444446142330194e-04 1.3352174461523899e-04
10 1 -6.9375120394597672e-05 -3.1894933270192223e-05
10 2 5.4075127323859289e-06 -2.1450487368137756e-05
10 3 -1.8762647330924464e-05 -9.8784124415410007e-06
10 4 -3.0429045170599950e-05 3.4979399020320778e-05
10 5 -3.8257130914994926e-05 1.6499783985314421e-05
10 6 -2.4695017604436416e-05 1.7682271831992562e-05
10 7 -4.3675441926677921e-05 6.0965940162536115e-06
10 8 -1.5439841913541747e-05 -1.1471348515592595e-05
10 9 -2.3337865067363253e-06 5.7829854729236346e-06
10 10 -1.9168806191465945e-05 -4.0740178551205882e-06
10 11 -1.3139076540986029e-05 -2.5400215422014213e-06
10 12 -1.7819745664717563e-05 1.6484815860738889e-06
10 13 -6.3190103023424693e-06 -8.6924007264331755e-06
10 14 -1.1208922918172638e-05 2.8447168280046405e-07
10 15 -6.8038851415648909e-06 -2.1393977793976988e-06
10 16 -5.6916640517272280e-06 3.5431053648746852e-06
10 17 -2.2513218411999318e-06 7.5792929713394908e-08
10 18 -5.6220836656567718e-06 -4.1959664974151318e-06
10 19 -1.1763750224151166e-06 -1.2015302710983008e-06
10 20 -3.7628100606274302e-06 -1.2579517321037532e-06
10 21 -2.8467479846758605e-06 -3.5860767348307754e-06
10 22 -3.3662518036234476e-06 2.9822046985493051e-07
10 23 -9.9712537667429994e-07 -1.2333842419962668e-06
10 24 -2.0630588091418426e-06 4.3402633878434820e-07
10 25 -3.8538564054227141e-06 1.0791642584100644e-06
10 26 -1.3710979675330180e-06 2.4745201743123145e-06
10 27 -7.7680146672109391e-07 3.8297852831330887e-07
10 28 -1.9504570176774553e-06 -2.1816395472384393e-07
10 29 -9.2091645314951679e-07 5.1446583306796746e-07
10 30 -6.5876961547743589e-07 6.5633866038951501e-07
10 31 -9.1558142528869258e-07 -3.2959244305983816e-07
10 32 -1.6912596359423752e-06 -3.0981387848231399e-07
10 33 -2.6745749198689581e-07 -2.1668940145813438e-07
10 34 -9.0760662649924821e-07 2.2657444888128475e-07
10 35 7.0519757038335537e-07 -4.7761438435854086e-07
10 36 -7.9665614067708761e-07 -1.6175058908669443e-07
10 37 -1.2219670926675019e-06 1.9983175716932933e-07
10 38 -3.6114828380986243e-07 1.6883696604953176e-07
10 39 -4.9620528613018454e-07 4.6448156077639922e-07
10 40 4.6905388538796003e-08 7.7285431346314080e-07
10 41 -1.6429860893809268e-06 -1.8842712336669644e-07
10 42 -1.4184215987368645e-06 1.6585848590093951e-07
10 43 -1.2144360971856014e-06 4.0991629548802048e-07
10 44 -1.9402420872550030e-06 -4.4087046113059229e-07
10 45 -9.9310116283993105e-07 -6.5307894595263414e-07
10 46 -8.7762943754556611e-07 -8.9766677439066892e-07
10 47 -1.0364368757705137e-06 -1.2674272909767586e-06
10 48 -3.1196050220081401e-07 -7.7044740945599880e-07
10 49 -2.4471993528141277e-06 -1.2691951867096486e-06
10 50 -1.1261472480217488e-06 1.6456881223896270e-06
10 51 -3.9548223993559642e-06 -5.4450772690942720e-07
10 52 -1.7134236852592874e-06 -5.9681109600054429e-07
10 53 -4.7105565966513031e-06 1.3348602189906417e-06
10 54 -6.5849358601843486e-06 4.2043766099659988e-06
10 55 -3.3749792914712517e-06 -2.8729919386720517e-06
10 56 2.4972081656847125e-06 -6.2065944720308323e-06
10 57 -2.3528608325983582e-06 -3.8482433716048431e-06
10 58 -1.8285746135629046e-05 -3.4684446418214188e-06
10 59 -2.1873109844054759e-05 5.4131098304514755e-06
10 60 -2.4295973131980885e-05 -2.8807191639703761e-06
10 61 -5.0876174348002714e-06 2.7264858858930273e-06
10 62 -1.0285249133309017e-05 3.8103685860801435e-06
10 63 -2.0803392085903272e-05 -1.0789491905658533e-05
10 64 -2.3869782281589758e-05 -2.7006043018784632e-06
10 65 -1.2215876631813290e-05 -1.1087524746277773e-05
10 66 -7.8604114221246700e-06 -2.4414324359393098e-05
10 67 -3.0273230810642042e-05 2.2532772446967691e-05
10 68 -3.1791387744234196e-05 6.3245476241485062e-06
10 69 -2.3902775582166523e-05 -2.8099666134215831e-05
10 70 -2.8396458462256223e-05 -6.4213995144557379e-05
10 71 8.5038331190139855e-06 5.4916982850427950e-05
