0 0 -1.2179774281223998e+00 -6.3706754134013829e-19
0 1 -1.8000547742538603e-01 -5.4052157041136688e-20
0 2 -8.3712363981282401e-02 -5.3909566296959323e-21
0 3 -5.4109077561729849e-02 3.6916778132569435e-21
0 4 -4.0211246302149568e-02 1.2170483592194279e-21
0 5 -3.2564120212517006e-02 -2.9511567829257559e-22
0 6 -2.6641121827217673e-02 -8.4135344616121373e-22
0 7 -2.1898056608058891e-02 1.1205488036097844e-21
0 8 -1.8835244126562171e-02 2.9200264662292937e-22
0 9 -1.6710992689314929e-02 -4.7897328903214682e-22
0 10 -1.4709667201164086e-02 4.7334445176025007e-22
0 11 -1.2954588496186029e-02 4.1297731382665431e-22
0 12 -1.1185385553341174e-02 -1.5458060059774510e-22
0 13 -1.0066328116659565e-02 -3.7996206522642076e-22
0 14 -9.4709977994883125e-03 2.6245234288121433e-22
0 15 -8.5994946172580546e-03 2.3830965871686221e-22
0 16 -7.6755195812156767e-03 4.3837274976769515e-22
0 17 -6.7353315849425777e-03 1.8556686525523220e-22
0 18 -5.9870134722846535e-03 -4.8816776922499735e-23
0 19 -5.3306867610968872e-03 1.7360266651018686e-22
0 20 -4.9521246350059866e-03 -5.1739330726151405e-23
0 21 -4.7063293722108086e-03 2.2117558451847807e-22
0 22 -4.1998508083396710e-03 -7.4922919093644712e-23
0 23 -3.6034620462113459e-03 5.8573472609446073e-24
0 24 -3.0542319607371701e-03 -2.1599671538698610e-22
0 25 -2.5823640133382383e-03 1.6921993536589792e-22
0 26 -2.1210915047001171e-03 2.3170123776361690e-22
0 27 -1.6482561647064547e-03 -4.7182719328144259e-23
0 28 -1.2203795749092081e-03 -6.3370827876824811e-23
0 29 -9.8516276889651670e-04 4.0991268118627113e-23
0 30 -8.6017399610512535e-04 -3.0525156276209980e-23
0 31 -7.6483998093386952e-04 3.4170288365642383e-23
0 32 -7.2091412532987627e-04 -3.9677641229066875e-23
0 33 -6.8450858147502255e-04 -2.1921032641890317e-24
0 34 -6.5368003663253816e-04 -4.6235491281603108e-24
0 35 -6.5737499101643727e-04 -1.2339738545917856e-23
0 36 -7.0221446871835454e-04 4.1780977931847137e-23
0 37 -7.7222884287446057e-04 -2.5175222176271307e-23
0 38 -8.7575018340130359e-04 6.2183030796688110e-24
0 39 -9.7896833806560371e-04 2.9981606790112283e-23
0 40 -1.1111349051954570e-03 1.4382602309474339e-23
0 41 -1.2779593448968985e-03 7.0264867958095461e-23
0 42 -1.4380086473933366e-03 -3.4082834682672929e-25
0 43 -1.5968891310122813e-03 -1.0897624570329221e-23
0 44 -1.7946984634043446e-03 -2.3307012258247722e-23
0 45 -1.9877365675585248e-03 5.5852187559167213e-23
0 46 -2.2388692749122372e-03 1.1006032055388192e-22
0 47 -2.5899368075508341e-03 1.0782747423808669e-23
0 48 -2.9807891660227938e-03 -1.4522266173195982e-22
0 49 -3.5277488386503916e-03 -2.0328399743789111e-22
0 50 -4.0406845739908420e-03 -1.0733937173601151e-22
0 51 -4.7013534849767603e-03 -3.4082183424035386e-22
0 52 -5.6629208558953686e-03 -1.8344362252502337e-22
0 53 -7.3497923748056760e-03 5.3879969659345814e-23
0 54 -9.5029971793769881e-03 -1.9748012975029224e-22
0 55 -1.2158887482716376e-02 4.7157001138872955e-23
0 56 -1.4861886217753998e-02 -4.4876431453103763e-22
0 57 -1.7007322130532430e-02 -1.5876715508521086e-21
0 58 -2.0408570600310091e-02 1.0378575530050495e-21
0 59 -2.3892433219331457e-02 6.7465693176963299e-22
0 60 -2.6780666784871843e-02 1.1649978099164306e-21
0 61 -3.1423586476356936e-02 -1.1214398372485257e-21
0 62 -3.5996423473522596e-02 6.6103804045533880e-23
0 63 -4.1462311990571016e-02 1.7429350506887335e-21
0 64 -4.9965793300910256e-02 -2.2863545242603680e-22
0 65 -5.8983414697139143e-02 -2.3571513342325201e-21
0 66 -6.4590449091472255e-02 -5.3363593977891007e-21
0 67 -7.0609397881280012e-02 -2.7127366723971059e-21
0 68 -7.7868038385883021e-02 -2.2402972703811968e-21
0 69 -8.9783248287434822e-02 4.6481891984405885e-21
0 70 -1.1451971635829311e-01 1.2399419610397016e-20
0 71 -2.0344391402086826e-01 1.4860344043926651e-19
1 0 -3.8468325870485254e-01 -1.8009371812659086e-03
1 1 -1.1220018199374963e-01 -2.7721384232958900e-04
1 2 -6.0891857904645318e-02 2.0449040759187449e-04
1 3 -4.0656057723173149e-02 1.2135134870348788e-04
1 4 -3.0579577647967919e-02 -6.0644674339057268e-05
1 5 -2.4849415964538088e-02 -6.3967215266619681e-05
1 6 -2.0416626820844830e-02 -1.3015917889035012e-04
1 7 -1.6757510303161381e-02 -8.7755097819879315e-05
1 8 -1.4402883003180527e-02 -1.8588178926428230e-06
1 9 -1.2770654441573227e-02 1.1565812194899813e-05
1 10 -1.1211134188180658e-02 -1.2583960554557660e-05
1 11 -9.9201698803367353e-03 5.1797747605186578e-05
1 12 -8.5337470174436051e-03 1.2750749070080322e-05
1 13 -7.6991931104240787e-03 7.4571465336142152e-05
1 14 -7.2468388117839294e-03 3.9990180027813276e-05
1 15 -6.5800585157643398e-03 9.7811909538249891e-06
1 16 -5.8996168661361028e-03 1.4470755841472527e-05
1 17 -5.1639014270601852e-03 6.4543368492958552e-07
1 18 -4.5772016109051922e-03 -1.1733615498949721e-05
1 19 -4.0563282349727432e-03 -1.3319006426962053e-05
1 20 -3.7847719046016390e-03 -1.2953438582110734e-05
1 21 -3.5821460960010305e-03 2.1434897706719709e-05
1 22 -3.1988745959348813e-03 -1.3155475875113934e-05
1 23 -2.7466647536244868e-03 7.4477793031807628e-06
1 24 -2.3216401508075286e-03 -2.8004088277199020e-07
1 25 -1.9636994489978985e-03 7.4977207023170164e-07
1 26 -1.6135656875172326e-03 4.2054886674611386e-06
1 27 -1.2600092662492836e-03 5.2434377480125392e-06
1 28 -9.2962310635916234e-04 -2.2058838273975581e-06
1 29 -7.4943462375616943e-04 -2.2025695205074175e-06
1 30 -6.5531938279705492e-04 -7.3774008983126510e-07
1 31 -5.8471703813181824e-04 1.4600465627906992e-06
1 32 -5.5006195915831757e-04 2.1327128462939439e-06
1 33 -5.2077217256278618e-04 -4.4649879506650019e-07
1 34 -4.9775587714810643e-04 -2.8825266060615108e-06
1 35 -4.9999214343004583e-04 -6.5748427247373829e-07
1 36 -5.3552412740924863e-04 -1.5128270410419058e-06
1 37 -5.8948551677119750e-04 2.3591177548133890e-06
1 38 -6.6869543960345972e-04 1.6906942411868668e-06
1 39 -7.5031036876834552e-04 -1.1065417458602035e-06
1 40 -8.4930957763033909e-04 -1.9693800516515211e-06
1 41 -9.7484721915600718e-04 2.9045325821070482e-06
1 42 -1.0994291290445509e-03 1.8565524290094841e-06
1 43 -1.2172227528801450e-03 -1.4298117383917786e-06
1 44 -1.3735903885388166e-03 -3.8303096080802374e-06
1 45 -1.5179631836886710e-03 1.4935256850566617e-06
1 46 -1.7177563322861933e-03 2.7429408290598355e-06
1 47 -1.9775013377899965e-03 -1.0348479519234934e-05
1 48 -2.2656216811215179e-03 -8.3775969781989654e-06
1 49 -2.6903580322811993e-03 2.2465146581323239e-06
1 50 -3.0831689912059462e-03 1.1154682797219791e-05
1 51 -3.5876840843364404e-03 1.1036400722989416e-05
1 52 -4.3264749773024224e-03 2.9743852988821858e-06
1 53 -5.6313053446034444e-03 -1.0459359320432433e-07
1 54 -7.2905128431601258e-03 -3.8555384298491473e-06
1 55 -9.2693981323409506e-03 1.9371467522523633e-05
1 56 -1.1330071998261868e-02 -1.1505561357436573e-05
1 57 -1.2934178846026682e-02 -2.3187674239645428e-05
1 58 -1.5572605084720198e-02 -7.9269856934150189e-05
1 59 -1.8276609255313259e-02 -5.3484569269804349e-05
1 60 -2.0434448534326879e-02 -5.1621462304098187e-05
1 61 -2.4061339396378126e-02 2.0540718035072721e-05
1 62 -2.7428986831318714e-02 1.7476765230556911e-04
1 63 -3.1477953630191818e-02 -1.0696476467112026e-04
1 64 -3.7964049278754526e-02 -1.7320180749169020e-05
1 65 -4.5060476168935680e-02 -9.7919236711667366e-05
1 66 -4.9319387560848985e-02 1.6396219467345550e-04
1 67 -5.4075815181047780e-02 1.3323123815865739e-04
1 68 -5.9508481157191477e-02 -1.9363540830853840e-05
1 69 -6.7992821571087200e-02 4.1544086741370390e-04
1 70 -8.4313888748397015e-02 -4.5986271214201307e-04
1 71 -1.2824869945832743e-01 -6.4314906225940453e-04
2 0 -1.3369129192451210e-01 -2.0479959294276056e-03
2 1 -5.7637651414592407e-02 -1.0810881277795179e-03
2 2 -3.5612731276467934e-02 -3.8575836884101921e-06
2 3 -2.4551970033492486e-02 2.0706134375108625e-04
2 4 -1.8794454270561721e-02 -3.0755408000995862e-05
2 5 -1.5338913991094858e-02 -8.3798855268103328e-05
2 6 -1.2708760919259364e-02 -1.5227221357015164e-04
2 7 -1.0398602098323575e-02 -1.0645215262567813e-04
2 8 -8.9356747920191493e-03 1.5928358998297250e-05
2 9 -7.9270792258334978e-03 3.0744798063099501e-05
2 10 -6.8974047311665390e-03 -1.6934792043990281e-05
2 11 -6.1677476661698592e-03 5.1638542118334560e-05
2 12 -5.2732688299847365e-03 2.0714828947945715e-05
2 13 -4.7679622430051834e-03 9.5072636453752399e-05
2 14 -4.4747746482069247e-03 4.5925854584733462e-05
2 15 -4.0846515082383281e-03 1.7441117137674992e-05
2 16 -3.6952897995389629e-03 3.0422458787846646e-05
2 17 -3.2230659103696679e-03 -1.3094610680461982e-06
2 18 -2.8431255981016391e-03 -1.8608545919038123e-05
2 19 -2.4982187721764586e-03 -2.1102787837747503e-05
2 20 -2.3486655902236523e-03 -2.2134810393219688e-05
2 21 -2.2027284643278047e-03 4.6514785727372802e-05
2 22 -1.9704266235020980e-03 -1.2819184131864406e-05
2 23 -1.6895014839300219e-03 2.6042325277791529e-06
2 24 -1.4262139497024412e-03 -1.9255793749191309e-06
2 25 -1.2018367844798923e-03 8.5229856132447487e-07
2 26 -9.8691077543334809e-04 7.0172816222656856e-06
2 27 -7.8017588105316134e-04 5.9232590800565449e-06
2 28 -5.7096903595080109e-04 -4.2591424548828079e-06
2 29 -4.5882871649650134e-04 -3.5143278796969594e-06
2 30 -4.0292827963432301e-04 -1.2654603553212596e-06
2 31 -3.6187455052091687e-04 3.2418891276649745e-06
2 32 -3.3937380617641237e-04 3.1506089140742228e-06
2 33 -3.2061966492043177e-04 -6.8225153300381860e-07
2 34 -3.0682950961492009e-04 -3.4984825175614999e-06
2 35 -3.0688085487549129e-04 -1.3417449645792101e-06
2 36 -3.3017024635564684e-04 -2.4098819558231533e-06
2 37 -3.6446451666423873e-04 2.5963368209062805e-06
2 38 -4.1403955834189469e-04 2.1587093967007139e-06
2 39 -4.6880632993055824e-04 -1.0164355849450038e-06
2 40 -5.2783012992178749e-04 -4.2172599221815898e-06
2 41 -6.0151441556920366e-04 3.3658475106492899e-06
2 42 -6.8114713841583489e-04 4.0986843955846794e-06
2 43 -7.4752990059674879e-04 -4.3573045628075898e-07
2 44 -8.5416173127667223e-04 -2.3896086020981449e-06
2 45 -9.3678378401310992e-04 6.4186840405531783e-06
2 46 -1.0716126543614563e-03 3.2833658546756140e-06
2 47 -1.2257392574971122e-03 -1.4346987486858569e-05
2 48 -1.3870161017230480e-03 -1.4806378640793339e-05
2 49 -1.6596927927374969e-03 -7.1726432446486251e-06
2 50 -1.9053614204280972e-03 1.3321039357301181e-05
2 51 -2.2105190334603193e-03 1.4030629780357524e-05
2 52 -2.6732910943128448e-03 2.9874517822992178e-06
2 53 -3.5110984297949230e-03 -1.4223181203335489e-06
2 54 -4.5560364547531139e-03 -9.3082985757029492e-06
2 55 -5.6997219226982360e-03 9.5267266681197065e-06
2 56 -6.9556871298556162e-03 3.5892087444350885e-06
2 57 -8.0176329139953623e-03 -6.7165095683868460e-05
2 58 -9.6412432379109087e-03 -1.1566869377582611e-04
2 59 -1.1361629488386819e-02 -4.9752653131217005e-05
2 60 -1.2652527562160072e-02 -6.4035159675555607e-05
2 61 -1.5011947239431134e-02 9.2928839979278897e-05
2 62 -1.6901424170919676e-02 2.6729116637224320e-04
2 63 -1.9287510120411064e-02 -1.5153214408362666e-04
2 64 -2.3368245377999544e-02 -4.0072385638034383e-05
2 65 -2.7799010756244857e-02 -1.5263588008253772e-04
2 66 -3.0414031515066550e-02 2.4922700964773848e-04
2 67 -3.3481185052901291e-02 1.6119115274229387e-04
2 68 -3.6649904629863811e-02 6.2998551870185735e-05
2 69 -4.1451116865056044e-02 5.6149743914608635e-04
2 70 -5.0294973540269836e-02 -3.5065623414893730e-04
2 71 -6.7505504359615137e-02 -5.6665062742272925e-04
3 0 -4.8803214326951748e-02 -1.8349414593169294e-03
3 1 -2.7991546544801200e-02 -9.3065252544061682e-04
3 2 -1.9399365292371809e-02 -1.1380410034031693e-04
3 3 -1.3699004607009914e-02 3.5999471375243068e-04
3 4 -1.0662701421889876e-02 1.3265387869263315e-05
3 5 -8.7629379764984083e-03 -6.9839568844451638e-05
3 6 -7.3005955641824620e-03 -1.1245005376685555e-04
3 7 -5.9543626918670137e-03 -9.0710923709518872e-05
3 8 -5.1147537367942416e-03 4.4742016702781126e-05
3 9 -4.5732056824775141e-03 4.2950523457258740e-05
3 10 -3.9242720973465860e-03 -1.4306401821688827e-05
3 11 -3.5336154182889941e-03 2.3664225585458790e-05
3 12 -3.0163278347808769e-03 1.9651909068468914e-05
3 13 -2.7192500669957773e-03 8.5188853273046863e-05
3 14 -2.5374543186638915e-03 3.7428852585592615e-05
3 15 -2.3505204127445764e-03 1.7426767154052125e-05
3 16 -2.1410175984477153e-03 3.6463803130336581e-05
3 17 -1.8740192782383874e-03 -1.7828646172144967e-06
3 18 -1.6309213875653657e-03 -2.8447685222153480e-05
3 19 -1.4139066555795968e-03 -2.3168428143516766e-05
3 20 -1.3560378155633411e-03 -2.5977143892267861e-05
3 21 -1.2533468154058739e-03 5.6352618426113445e-05
3 22 -1.1184141730777991e-03 -9.0575314082658698e-06
3 23 -9.5420033758802144e-04 -2.2842360138360149e-06
3 24 -8.0514694170379000e-04 -3.2985686833757922e-06
3 25 -6.8078289522717928e-04 3.3474751069558824e-06
3 26 -5.5475116803812110e-04 8.0465478619013454e-06
3 27 -4.4263830122132319e-04 3.0274353606093377e-06
3 28 -3.2187331824617098e-04 -5.1862357468269213e-06
3 29 -2.5889575474474791e-04 -4.7246222344729159e-06
3 30 -2.2788996752724159e-04 -9.1047617144366121e-07
3 31 -2.0649827450651068e-04 3.5182253999110838e-06
3 32 -1.9268201382094329e-04 3.0220185883002678e-06
3 33 -1.8208058108032350e-04 -4.0160021276942691e-07
3 34 -1.7450907412746796e-04 -2.7628061691500882e-06
3 35 -1.7352443322547203e-04 -1.5364821292150114e-06
3 36 -1.8714448867349721e-04 -1.6644448123884191e-06
3 37 -2.0849669708427883e-04 1.8429272547884110e-06
3 38 -2.3777266229169997e-04 3.0506382196385611e-06
3 39 -2.7230474509091688e-04 5.2311747446240798e-07
3 40 -3.0417065934585849e-04 -4.5854272546779272e-06
3 41 -3.4178773314665528e-04 2.5942721682238138e-06
3 42 -3.9141389266874471e-04 2.5210804781914646e-06
3 43 -4.2304938613786430e-04 8.5361697922658040e-07
3 44 -4.9090289184160326e-04 2.4103429878171350e-06
3 45 -5.3444026908155452e-04 7.7881534409204249e-06
3 46 -6.2191541986050759e-04 4.3453673217580287e-06
3 47 -7.0204581625462378e-04 -1.4307422616056566e-05
3 48 -7.8099343336117779e-04 -1.6208756314078024e-05
3 49 -9.5063100981670112e-04 -1.2894836533432969e-05
3 50 -1.0922710764934371e-03 1.0960953155759198e-05
3 51 -1.2574999378029985e-03 1.0570523393844521e-05
3 52 -1.5221102290238072e-03 4.6183124158109004e-06
3 53 -2.0314326394442511e-03 4.7659070822395583e-06
3 54 -2.6434945712153564e-03 -1.4987723052609425e-05
3 55 -3.2395208119156307e-03 -3.7035890809053543e-05
3 56 -3.9445449340171114e-03 3.3304048097656729e-05
3 57 -4.6293583253853628e-03 -1.1876231671856731e-04
3 58 -5.4888399854513418e-03 -1.0372541779348784e-04
3 59 -6.5236577785929848e-03 -1.7271844471738876e-05
3 60 -7.1786091200147081e-03 -3.9566108926201345e-05
3 61 -8.6930617172895144e-03 1.4931512931841211e-04
3 62 -9.6474968896541873e-03 2.3879735112041555e-04
3 63 -1.0975328843709355e-02 -9.7791280008508106e-05
3 64 -1.3406452182473423e-02 -5.5198917994279736e-05
3 65 -1.5750946212878175e-02 -6.4649945284069916e-05
3 66 -1.7213873447261847e-02 3.1259335209595857e-04
3 67 -1.8985118337371702e-02 2.6097809686444114e-04
3 68 -2.0746400240019332e-02 2.8688786551345665e-05
3 69 -2.3366497724245087e-02 4.5904042692254042e-04
3 70 -2.7872596277949861e-02 -7.6666235118192156e-05
3 71 -3.4284493343302094e-02 -1.6920566238199725e-04
4 0 -1.9216982143396479e-02 -1.7766307271445377e-03
4 1 -1.3162274847231018e-02 -8.6678681984230584e-04
4 2 -1.0103719939597688e-02 -3.0411870244333411e-04
4 3 -7.3679271988431848e-03 4.8893282930251899e-04
4 4 -5.8173979847552472e-03 6.0993785073633426e-05
4 5 -4.7893227838612263e-03 -6.1980431321998083e-05
4 6 -4.0167215704554771e-03 -6.9291415974243018e-05
4 7 -3.2717944732271690e-03 -5.1868936103861397e-05
4 8 -2.8012875082562261e-03 6.4251994823102916e-05
4 9 -2.5293875238188430e-03 4.4189427944661783e-05
4 10 -2.1602536974600064e-03 1.2962855308662530e-06
4 11 -1.9422695224484263e-03 -1.0176754759996725e-05
4 12 -1.6629928348484186e-03 8.0523546470123071e-06
4 13 -1.4835466451179784e-03 7.1630023226528343e-05
4 14 -1.3783448676737077e-03 2.6191308160077558e-05
4 15 -1.3064137422102277e-03 1.5016723379819824e-05
4 16 -1.1933371855602024e-03 3.0006243101159009e-05
4 17 -1.0537869086474469e-03 4.3029311951671721e-07
4 18 -8.9652103203033938e-04 -3.3039440702899968e-05
4 19 -7.5979893925562782e-04 -2.7013940497672929e-05
4 20 -7.5465822361783514e-04 -2.7865819068306745e-05
4 21 -6.8770780450361029e-04 4.9849277365226086e-05
4 22 -6.0310683484980068e-04 -3.2585569862706491e-06
4 23 -5.1390502252997511e-04 1.0598190602818539e-06
4 24 -4.3817927976482146e-04 -7.2264306108060482e-06
4 25 -3.7030082108452335e-04 6.7427578372501173e-06
4 26 -2.9639851936203701e-04 8.2287737620555452e-06
4 27 -2.3679097538174219e-04 8.7105552636388370e-07
4 28 -1.7367368147044735e-04 -4.5860301676485601e-06
4 29 -1.3958278595458616e-04 -5.1507502167216616e-06
4 30 -1.2319439109273673e-04 2.2717880917433780e-07
4 31 -1.1354135202363529e-04 2.2687992907716101e-06
4 32 -1.0393732497075425e-04 2.4180312683081522e-06
4 33 -9.8908637718460405e-05 -2.0412066226039439e-07
4 34 -9.5020484522745691e-05 -1.0081804053540196e-06
4 35 -9.4441003871532326e-05 -4.7866943497323582e-07
4 36 -1.0063488732281655e-04 -5.0935768324431222e-07
4 37 -1.1393134127625426e-04 1.0396666015468174e-06
4 38 -1.3137075460022916e-04 4.6327398623670419e-06
4 39 -1.5296966007611332e-04 2.0684988564355510e-06
4 40 -1.6772986027141054e-04 -4.3416297652169899e-06
4 41 -1.8675604724383853e-04 8.9972372249019429e-07
4 42 -2.1712529523744428e-04 1.6079906249345221e-06
4 43 -2.3054009765927457e-04 4.5736539138326715e-09
4 44 -2.7050359106931975e-04 6.7119130221051787e-06
4 45 -2.9186617501834894e-04 5.8162720090086212e-06
4 46 -3.5040539159204528e-04 3.9819054980465675e-06
4 47 -3.8710339045443845e-04 -1.2221908644753767e-05
4 48 -4.1637961726798838e-04 -1.3840796569403661e-05
4 49 -5.2179135400555183e-04 -1.3566841887989835e-05
4 50 -6.0670349641041689e-04 5.0913073145459143e-06
4 51 -6.8017402411725981e-04 6.8888769139941361e-06
4 52 -8.2752861448060812e-04 6.6889839970418037e-06
4 53 -1.1314009363547143e-03 1.5632569320231297e-05
4 54 -1.4714737045078970e-03 -2.1469518403987439e-05
4 55 -1.8008018188999070e-03 -8.3749928517509205e-05
4 56 -2.1505583414923447e-03 3.1723764962803585e-05
4 57 -2.6028286216310740e-03 -1.1332976773280741e-04
4 58 -2.9750409901956459e-03 -6.0685592350010031e-05
4 59 -3.5808562222887238e-03 -7.7496894257235480e-06
4 60 -3.8357734623592128e-03 -2.4647424796335382e-05
4 61 -4.8025022774596041e-03 1.7369923253035189e-04
4 62 -5.2695922170740862e-03 1.7716242592564599e-04
4 63 -5.9959760103529668e-03 -2.9991187099306789e-05
4 64 -7.4652121313371110e-03 -5.9608140285752852e-05
4 65 -8.6173897057899851e-03 5.3587146722498789e-05
4 66 -9.3497472770057901e-03 3.3346121177757541e-04
4 67 -1.0229935827638174e-02 3.0367163086202602e-04
4 68 -1.1178202267981541e-02 7.9151887776636020e-05
4 69 -1.2658298896076368e-02 3.8941021728093627e-04
4 70 -1.5042007675706190e-02 7.9779918919507608e-05
4 71 -1.7133248041770539e-02 -3.4618243251668394e-05
5 0 -8.2554624597613244e-03 -1.4961931318463616e-03
5 1 -5.9537238380433189e-03 -6.7170069868695574e-04
5 2 -5.0866160030779541e-03 -5.1759843625215558e-04
5 3 -3.9444505917832218e-03 4.9844339573021671e-04
5 4 -3.1165115747767091e-03 8.0386129852068916e-05
5 5 -2.5655511765625702e-03 -3.8430680860442614e-05
5 6 -2.1744373805653882e-03 -4.2628847863086393e-05
5 7 -1.7505960905306289e-03 -3.1364491197702270e-05
5 8 -1.4789460731687183e-03 8.9695537410936432e-05
5 9 -1.3557999493632486e-03 4.8195843470939708e-05
5 10 -1.1752730559013323e-03 2.0269121761991774e-05
5 11 -1.0367210871288115e-03 -3.1521330198870794e-05
5 12 -9.0007625982050222e-04 -8.7024993954984523e-06
5 13 -7.8101828671087138e-04 5.4431552411484653e-05
5 14 -7.3716960712561029e-04 1.8053664809060858e-05
5 15 -7.1436132945662664e-04 1.6958050294138248e-05
5 16 -6.5689856353484840e-04 1.1066646970213511e-05
5 17 -5.7284883415377528e-04 1.4908366012596785e-07
5 18 -4.8118937645059116e-04 -2.5784998855686506e-05
5 19 -3.9470002146715878e-04 -2.7293552685135299e-05
5 20 -4.0736319221385095e-04 -2.6516011477015097e-05
5 21 -3.7257486746447853e-04 3.6683536469721911e-05
5 22 -3.1660291951229679e-04 6.3480283783203778e-06
5 23 -2.6721449113435876e-04 6.8056882139828117e-06
5 24 -2.3093082273628905e-04 -1.2519887332487215e-05
5 25 -1.9475329536747729e-04 6.5732825226345269e-06
5 26 -1.5143137856071180e-04 4.4205580707579863e-06
5 27 -1.1926266866298052e-04 4.3421345894499884e-07
5 28 -9.1726797491926442e-05 -4.6526176337723010e-06
5 29 -7.2869874246892053e-05 -2.8378669158276820e-06
5 30 -6.5093416492288718e-05 2.0369076765666627e-06
5 31 -6.1523124219099335e-05 1.0395998085446512e-07
5 32 -5.3884491390160761e-05 1.6601329174345076e-06
5 33 -5.2165821060412957e-05 -4.9594570801791145e-07
5 34 -5.0165548137838882e-05 2.8362400302366960e-07
5 35 -5.0178512619080173e-05 4.7944272152360843e-07
5 36 -5.1819731594038232e-05 7.0240213619955584e-07
5 37 -6.0140824024914306e-05 6.2969221943933992e-07
5 38 -6.9984908787056824e-05 4.6381071574136732e-06
5 39 -8.4260619688420840e-05 3.4025627795330692e-06
5 40 -8.8706533325484077e-05 -2.6532641828694585e-06
5 41 -9.9625598432981469e-05 4.7643084979198210e-07
5 42 -1.1782368897891236e-04 1.7146153243101301e-06
5 43 -1.2417547683569498e-04 -1.4750474889068442e-06
5 44 -1.4569639631950370e-04 7.3157178856071757e-06
5 45 -1.5175541754327605e-04 1.7107584501003671e-06
5 46 -1.9166355073396758e-04 2.8908198821594796e-06
5 47 -2.1347524978659248e-04 -9.8698251772813548e-06
5 48 -2.1456765227633723e-04 -8.6237329789536847e-06
5 49 -2.7667098624207539e-04 -1.4601050442195940e-05
5 50 -3.3537514877664249e-04 -5.1713984797265737e-07
5 51 -3.5470697013245418e-04 5.2731432100821412e-06
5 52 -4.3179183833764323e-04 1.1608165035681591e-05
5 53 -6.1154691953811072e-04 1.9001515286136168e-05
5 54 -7.8915667812627394e-04 -2.5150221592760496e-05
5 55 -1.0015553042798989e-03 -1.0416344035516658e-04
5 56 -1.1283818874752844e-03 5.7212657770473377e-06
5 57 -1.4399483039785773e-03 -8.5228087582377336e-05
5 58 -1.5703445732145858e-03 -3.1503332966631541e-05
5 59 -1.9423504304007335e-03 9.4645067165058531e-06
5 60 -1.9507034265627014e-03 -2.6854233954694248e-05
5 61 -2.5331569823004835e-03 1.6768326418761966e-04
5 62 -2.7393326606089279e-03 1.1678469405326352e-04
5 63 -3.1387463131806134e-03 -1.5886368525682006e-05
5 64 -4.0264480074277027e-03 -2.2313150484364263e-05
5 65 -4.6215743498693807e-03 1.5235424287682718e-04
5 66 -4.9369049285499771e-03 3.0591227614832196e-04
5 67 -5.2736085002681767e-03 2.6762273682851337e-04
5 68 -5.7665537566653925e-03 1.8466631685959346e-04
5 69 -6.7139222372904206e-03 3.6659079324968005e-04
5 70 -8.0926783901189708e-03 1.3343986220551427e-04
5 71 -8.5300711033482988e-03 3.2683754548426445e-05
6 0 -3.7033729623998433e-03 -6.8070013366427812e-04
6 1 -2.7408031548782088e-03 -5.0630845914859503e-04
6 2 -2.5027308290921321e-03 -5.5054473234148285e-04
6 3 -2.1448402051908312e-03 3.8692899053410616e-04
6 4 -1.6850718222075017e-03 7.7832054654995532e-05
6 5 -1.3834024570252665e-03 3.5058816651429538e-06
6 6 -1.1894181189158646e-03 -4.8344855332951069e-05
6 7 -9.4006666006750395e-04 -3.8176349625733511e-05
6 8 -7.3745155382433998e-04 9.6745099097474011e-05
6 9 -6.9904986867220164e-04 4.5189100562905331e-05
6 10 -6.3402788008876164e-04 2.5858937061363229e-05
6 11 -5.4895691950622547e-04 -2.7076633096212299e-05
6 12 -4.7291675813742142e-04 -1.2127953861842860e-05
6 13 -3.9935180736249142e-04 2.6291112579982455e-05
6 14 -3.8563920551983277e-04 1.4108756984081192e-05
6 15 -3.8566961244950837e-04 1.9780643942929836e-05
6 16 -3.6073572203367660e-04 -5.2912496865495011e-06
6 17 -3.0266095622100906e-04 -3.0270681054751203e-06
6 18 -2.5688306136503172e-04 -1.7908931419996685e-05
6 19 -1.9911490552903887e-04 -2.5460161228478261e-05
6 20 -2.1174903663710940e-04 -2.1699609198995960e-05
6 21 -2.0164815330003341e-04 2.4333181025311656e-05
6 22 -1.6817980454946960e-04 1.4704463737220247e-05
6 23 -1.3253654587361811e-04 9.9405658011407482e-06
6 24 -1.1867230877271663e-04 -1.3137163842818915e-05
6 25 -9.8025395133335351e-05 4.5913026974973561e-06
6 26 -7.4926603741866390e-05 1.7146799822065472e-06
6 27 -5.5915346243872931e-05 6.2937303181348405e-07
6 28 -4.7069117967411860e-05 -4.7260483255386291e-06
6 29 -3.7673390262235488e-05 4.0303426338753148e-07
6 30 -3.3929102559171354e-05 2.5979390106125403e-06
6 31 -3.2344533064031678e-05 -1.6884251636735791e-06
6 32 -2.7511793056818693e-05 1.3693473959053876e-06
6 33 -2.6448755342487428e-05 -1.3328959877379403e-06
6 34 -2.5770104791982718e-05 1.5380102772992477e-07
6 35 -2.6338264572077375e-05 1.4769032877388490e-06
6 36 -2.5243587741223036e-05 9.0813546375506310e-07
6 37 -3.0326868612923065e-05 6.4605232257295743e-07
6 38 -3.6431085997751317e-05 4.2579500885622790e-06
6 39 -4.5026631956777157e-05 4.4399296046901759e-06
6 40 -4.4318910400860722e-05 7.2646978842295282e-07
6 41 -5.1542363156961292e-05 5.2202382465748578e-07
6 42 -6.1690805087740005e-05 1.0880038634560249e-06
6 43 -6.7644755255524209e-05 -2.0823705530067559e-06
6 44 -7.8821985293655363e-05 4.7345617906260734e-06
6 45 -7.5993212818931493e-05 -2.4621736771767644e-06
6 46 -1.0107698545090276e-04 -6.8745073901343777e-07
6 47 -1.1963973781517611e-04 -8.9358138848965641e-06
6 48 -1.0874475814929537e-04 -3.6725124681790720e-06
6 49 -1.4241248261371613e-04 -1.4058740740599142e-05
6 50 -1.8834158512999461e-04 -5.2140245738491231e-06
6 51 -1.8015584717824001e-04 3.3238578038939560e-06
6 52 -2.1911149689535678e-04 1.5186749007734042e-05
6 53 -3.2272776239859768e-04 1.5939154019940503e-05
6 54 -4.1526250814787513e-04 -1.7745314145088910e-05
6 55 -5.7080800416441134e-04 -9.4201200427372156e-05
6 56 -5.5191075695729445e-04 -2.1646134138447500e-05
6 57 -8.0644815487063289e-04 -4.3776071692278086e-05
6 58 -8.0335586848068435e-04 -2.2119701892565946e-06
6 59 -1.0559989084112222e-03 3.1800286560928815e-05
6 60 -9.3906420715802487e-04 -2.1324480543017069e-05
6 61 -1.2599283576007596e-03 1.2428625656177915e-04
6 62 -1.3489503201222824e-03 6.7045979689945657e-05
6 63 -1.5701763836766329e-03 -3.3313286878943775e-05
6 64 -2.0997848115916697e-03 9.2615460230803832e-05
6 65 -2.4081933264283447e-03 1.3806873066497116e-04
6 66 -2.5227063278357607e-03 1.4156164359185018e-04
6 67 -2.6388405860300192e-03 1.4877101217763671e-04
6 68 -2.8426372981368462e-03 1.6306870716063543e-04
6 69 -3.5234282859893011e-03 3.7331720619136662e-04
6 70 -4.3728864249867700e-03 7.6978419684391793e-05
6 71 -4.1311790788291433e-03 1.3213878592084163e-04
7 0 -1.3315597590654112e-03 1.4261376834666565e-04
7 1 -1.3676364469296454e-03 -3.4369121817801057e-04
7 2 -1.2921134702263137e-03 -4.8480670443099759e-04
7 3 -1.1931505226216608e-03 2.2941226888064791e-04
7 4 -9.1633699950629871e-04 8.3394436615936366e-05
7 5 -7.6347077987750896e-04 2.9473327119350956e-05
7 6 -6.6243424996652929e-04 -4.0371192845500640e-05
7 7 -4.8504358501436871e-04 -5.2953913990614278e-05
7 8 -3.3657169553494651e-04 9.9390202236204734e-05
7 9 -3.5301327263364640e-04 3.8131864187721449e-05
7 10 -3.4293599234908387e-04 1.8272942555904255e-05
7 11 -2.8713244979999331e-04 -1.1024947826218463e-05
7 12 -2.2873471010209249e-04 -7.4317038011912872e-06
7 13 -1.9479938585170787e-04 5.1748705575602852e-06
7 14 -1.7588589996031271e-04 1.4496588094929493e-05
7 15 -2.0285138198268305e-04 1.3258324598023266e-05
7 16 -2.0251402791596592e-04 -1.4533877654676163e-05
7 17 -1.5831882943671648e-04 -1.0207761879108293e-05
7 18 -1.3907715162211432e-04 -1.0110776696740943e-05
7 19 -9.4156026103539399e-05 -1.9211052297780530e-05
7 20 -1.0751915572282711e-04 -1.8073114162557708e-05
7 21 -1.1072880218571364e-04 1.2263354405754299e-05
7 22 -8.6530497714436519e-05 1.6751363835437482e-05
7 23 -6.1599227153056704e-05 7.8924112722426379e-06
7 24 -6.0021046279945012e-05 -1.1129716642039209e-05
7 25 -4.8447276107204915e-05 3.8529319863605597e-06
7 26 -3.6557718334205360e-05 1.1370910523697030e-06
7 27 -2.1474416632343051e-05 1.2909272237960026e-06
7 28 -2.2901900007548607e-05 -3.4175098530427997e-06
7 29 -1.9303870556514024e-05 2.4876492377596737e-06
7 30 -1.7379524423760068e-05 1.7978015338718111e-06
7 31 -1.6252152579938463e-05 -2.2562884284706694e-06
7 32 -1.4211450227859938e-05 5.0089623630143525e-07
7 33 -1.2848656017466865e-05 -1.0740434148637656e-06
7 34 -1.2748118452946827e-05 3.6532741804962682e-07
7 35 -1.3701695301136409e-05 2.3880407546140435e-06
7 36 -1.0960739960111844e-05 1.0672524587880505e-06
7 37 -1.4553010657441849e-05 1.1690408927620347e-06
7 38 -1.8245276122286540e-05 3.7755261130934018e-06
7 39 -2.3025062026494117e-05 4.9356263232731390e-06
7 40 -2.0998588978662622e-05 3.5182959783038306e-06
7 41 -2.5866398407434850e-05 9.2651006580009178e-07
7 42 -2.9497050844883925e-05 9.0494417843312169e-07
7 43 -3.7016312115564303e-05 -3.6696619055826079e-06
7 44 -4.3374914067954840e-05 3.3263344466925503e-06
7 45 -3.7830575981631804e-05 -2.9624408941995454e-06
7 46 -4.6223307311243111e-05 -1.8295844950550921e-06
7 47 -6.6469624042343032e-05 -8.5371675699101993e-06
7 48 -5.4427968060146021e-05 -6.2010158186494242e-07
7 49 -7.1698002946910528e-05 -1.1013586339289431e-05
7 50 -1.1013494386288793e-04 -1.0001196357837409e-05
7 51 -8.6869539233387947e-05 6.8190405119081950e-06
7 52 -1.0899542062447638e-04 1.3901696289053432e-05
7 53 -1.7477012111446767e-04 1.3560429580212386e-05
7 54 -2.1240306224015851e-04 -4.9325089379445251e-06
7 55 -3.5129841280328060e-04 -6.6814941397919933e-05
7 56 -2.4683581767508063e-04 -2.4813757781114013e-05
7 57 -4.4413888279715304e-04 -1.8726667362963180e-05
7 58 -3.9982454401231595e-04 4.6530015216805087e-05
7 59 -5.7116412151701453e-04 5.5632144721506953e-05
7 60 -4.1853586655549835e-04 -3.5251490417417252e-05
7 61 -6.0182625592200393e-04 6.4286860135715474e-05
7 62 -6.8440378368075276e-04 3.0651575085154839e-05
7 63 -7.4416600496568096e-04 -4.0761544068952507e-05
7 64 -1.0815862014244559e-03 2.0495814985360694e-04
7 65 -1.2640115029598090e-03 1.0058247411530308e-04
7 66 -1.2318776039974793e-03 -2.9291946124462953e-05
7 67 -1.2991857291097587e-03 3.9580849581905041e-05
7 68 -1.3853724597756960e-03 1.1617427385049270e-04
7 69 -1.8302058862066685e-03 2.7862075300854044e-04
7 70 -2.4798645374731307e-03 4.7611863188464583e-05
7 71 -1.9422609842453809e-03 3.1045959688499484e-04
8 0 -7.1926257462820789e-04 8.6182745985680898e-05
8 1 -7.5242117726416664e-04 -2.7940569310556614e-04
8 2 -7.4456836427694675e-04 -3.0124535466882264e-04
8 3 -6.6626041355608207e-04 8.0686149164626770e-05
8 4 -4.3542259480892692e-04 7.4015749384388868e-05
8 5 -4.4554974772421008e-04 4.4701338050626945e-05
8 6 -3.5381553042060701e-04 -1.0927143801922253e-05
8 7 -2.2735428372724269e-04 -5.1768243965371867e-05
8 8 -1.4147391338371497e-04 9.4158852149065614e-05
8 9 -1.7995253920863319e-04 4.0623957587734571e-05
8 10 -1.8406592029326867e-04 5.6698822985359036e-07
8 11 -1.3452081853939716e-04 2.0367802926730687e-06
8 12 -9.7698867986301363e-05 -7.3999981621405992e-06
8 13 -9.3973993986103973e-05 -6.7324580268556341e-06
8 14 -5.7246156657841647e-05 1.2462030632750722e-05
8 15 -1.0527376196408644e-04 7.8091759396067634e-06
8 16 -1.1391640672636942e-04 -1.9311712468092239e-05
8 17 -8.3136742910546027e-05 -1.6629809177068767e-05
8 18 -7.2377452507869230e-05 -1.4649973574959998e-05
8 19 -4.1080917763132377e-05 -1.3653390249855070e-05
8 20 -5.5868446051183837e-05 -2.0059005851996766e-05
8 21 -6.3057339117109708e-05 2.9032960253480663e-06
8 22 -4.0853935689481446e-05 1.4241066504014325e-05
8 23 -2.8614306695424632e-05 4.9324065106590176e-06
8 24 -2.9398477901672376e-05 -1.2889309396413584e-05
8 25 -2.9137804793275302e-05 5.0190988499069939e-06
8 26 -2.0729633544810632e-05 6.2446877657517480e-07
8 27 -3.4658377766609781e-06 2.0101717335322972e-06
8 28 -1.0308537907967523e-05 -1.4814834540740436e-06
8 29 -9.1528630587847833e-06 3.0679022447191267e-06
8 30 -8.3173846971456008e-06 1.2240193348221500e-06
8 31 -8.1841892889148850e-06 -2.2614409380787085e-06
8 32 -6.8392878181427754e-06 -5.4057961629672784e-07
8 33 -5.6403075538837999e-06 1.0553303631221152e-07
8 34 -6.6180916292733217e-06 1.3073620836128291e-06
8 35 -6.8213748138701049e-06 2.6404694861213172e-06
8 36 -4.0374508214820550e-06 1.7919606139898913e-06
8 37 -6.8999107055855039e-06 2.0173468767891640e-06
8 38 -9.4019190649657677e-06 2.8300516633862330e-06
8 39 -1.1215304402885204e-05 5.1856711550920969e-06
8 40 -9.3405517191441412e-06 4.1732485857614425e-06
8 41 -1.2793453931529385e-05 1.3210273002207646e-06
8 42 -1.1101668981095000e-05 -2.0257988030997027e-07
8 43 -2.0730889671543911e-05 -4.5381941133160663e-06
8 44 -2.1835005623567411e-05 4.1953343699856354e-06
8 45 -1.8704128136589497e-05 5.0779630538284499e-07
8 46 -1.5675676898972714e-05 -7.9081385171332135e-07
8 47 -3.6536285407289603e-05 -8.5168007985079606e-06
8 48 -2.8919887209858208e-05 -2.3453259266794132e-06
8 49 -3.6621849581488006e-05 -4.4132788237256960e-06
8 50 -6.6588461341592539e-05 -1.3074919276396808e-05
8 51 -3.3004232479165087e-05 1.3374378115127773e-05
8 52 -5.3785440640378766e-05 5.5669765923082768e-06
8 53 -1.0721246324181322e-04 1.2633747814925549e-05
8 54 -1.0794347398050184e-04 -2.1036834742707654e-06
8 55 -2.3305313571835679e-04 -4.1098352855134426e-05
8 56 -8.6431047850618351e-05 -3.9573390807495715e-05
8 57 -2.3048873873377627e-04 -1.7226593718415473e-06
8 58 -1.8822321020262213e-04 6.9760505503038079e-05
8 59 -2.6168567803076847e-04 6.2255015506864570e-05
8 60 -1.7386980372817085e-04 -5.4441098626918525e-05
8 61 -2.6235904531037111e-04 1.3787718418247342e-05
8 62 -3.7501254599761879e-04 2.1653931627280496e-05
8 63 -3.5584153158678444e-04 2.5900028634672469e-07
8 64 -5.7284624830914485e-04 2.4353887568945447e-04
8 65 -7.1265628874799089e-04 1.1155022775478172e-04
8 66 -5.2490153237014182e-04 -1.1895868570846016e-04
8 67 -6.7454048473257369e-04 -2.3170392787156797e-05
8 68 -6.0589314409152607e-04 -1.2156218631200326e-05
8 69 -9.6954908341956390e-04 1.4354246377185707e-04
8 70 -1.4288196820255077e-03 1.1422055160739087e-04
8 71 -1.0050678855313233e-03 4.3269046105126662e-04
9 0 -3.2255242165110220e-04 9.2337815061725896e-05
9 1 -3.2308969148515048e-04 -1.8474640925540827e-04
9 2 -4.6442073959087211e-04 -1.1851341588132532e-04
9 3 -4.2756601390414145e-04 -5.3084851290513605e-06
9 4 -1.6129103036709459e-04 8.8141149738741475e-05
9 5 -2.7680190319319783e-04 3.8758584755226829e-05
9 6 -1.7872361501661553e-04 1.3145859699842186e-05
9 7 -1.0275989142696935e-04 -3.3732876235127989e-05
9 8 -5.7044732679962495e-05 8.9592879722180538e-05
9 9 -1.0025185214019724e-04 4.8365579448646815e-05
9 10 -9.8624797279649523e-05 -2.5631611220373613e-05
9 11 -3.4849296094304658e-05 7.0013567263159064e-06
9 12 -3.8814295589731495e-05 -1.5534532467669224e-05
9 13 -4.5056111613301802e-05 -2.5016429425920861e-05
9 14 9.1842053637340161e-06 6.6773934547461394e-06
9 15 -5.3875433924145776e-05 -1.6211902702388941e-06
9 16 -6.5001218834966597e-05 -1.8864155931204314e-05
9 17 -4.2344855363325234e-05 -2.0503413214737960e-05
9 18 -3.1817279211972218e-05 -2.6930804349116495e-05
9 19 -1.5043042086752386e-05 -6.7764357395706497e-06
9 20 -3.5842649602450580e-05 -2.2249584637921720e-05
9 21 -3.4476279410233001e-05 -6.8879312379554831e-06
9 22 -1.7630398238893545e-05 6.3884052770379243e-06
9 23 -1.4630890772055988e-05 4.3253946439817309e-06
9 24 -1.7171368734040198e-05 -1.3757702688258394e-05
9 25 -2.0263553511458495e-05 5.9318506551079291e-06
9 26 -1.3166902300080192e-05 3.3648420384455014e-07
9 27 4.5823450539869958e-06 3.8552348562634113e-06
9 28 -3.4804925947790602e-06 -1.0667763713480474e-06
9 29 -3.5200090197531499e-06 2.8809881450648634e-06
9 30 -3.0142082299042047e-06 9.8715640730812221e-07
9 31 -4.2607472347933571e-06 -2.5044718475108061e-06
9 32 -2.3731952074250565e-06 -1.3738649664610331e-06
9 33 -1.8789390159238426e-06 1.1561375914172363e-06
9 34 -3.9892216858692333e-06 1.7511310207042900e-06
9 35 -3.4068476663820898e-06 2.6148195821521288e-06
9 36 -1.1990061843381892e-06 2.5995072390851632e-06
9 37 -3.3540533803240745e-06 3.2305925837941043e-06
9 38 -4.8089845311688551e-06 2.1365434868643613e-06
9 39 -5.0875912080996048e-06 4.6761813152525246e-06
9 40 -4.4739219235554457e-06 3.9544111544241850e-06
9 41 -5.8482826266751232e-06 1.5467570975496827e-06
9 42 1.5121410989948914e-08 -1.6927547694049824e-06
9 43 -1.0310221854465786e-05 -4.3158742357648092e-06
9 44 -9.3764064569178934e-06 4.5966366574815887e-06
9 45 -8.5482921695801285e-06 4.9257514471051516e-06
9 46 -1.0102250275066537e-06 -3.0143564005658936e-07
9 47 -2.0584345458762485e-05 -7.6174425508418572e-06
9 48 -1.3510586737967932e-05 -3.1349687737065527e-06
9 49 -1.7820222683049567e-05 -2.8087277442299412e-07
9 50 -3.7943668221276786e-05 -1.3538887990375811e-05
9 51 -4.5366240277551603e-06 1.4552600393443216e-05
9 52 -2.9936850477094466e-05 -4.9230950551635882e-06
9 53 -7.7347654185719962e-05 1.0276623051952797e-05
9 54 -5.9929739342144380e-05 -5.2283870314950339e-06
9 55 -1.6433087265033881e-04 -1.5116805518763385e-05
9 56 -1.4134629874081246e-05 -6.1519391678947609e-05
9 57 -1.0117859804249718e-04 2.5674629812771782e-05
9 58 -7.1088164447357324e-05 5.4012444299876774e-05
9 59 -6.7553757334511017e-05 3.8666440631460076e-05
9 60 -5.8389757192728480e-05 -4.5423140015568003e-05
9 61 -9.9329965839073186e-05 -3.6573238489045614e-05
9 62 -2.2011178727283332e-04 -1.6050604360739317e-05
9 63 -1.8050478213547079e-04 3.1055732289196458e-05
9 64 -3.4609818933310457e-04 2.4451891150301347e-04
9 65 -4.4605887200938955e-04 1.1416766817378866e-04
9 66 -1.8017881643378377e-04 -1.0125311873377612e-04
9 67 -4.4394387090169096e-04 -1.3615358840903067e-04
9 68 -2.0606656767290725e-04 -1.3226868457278469e-04
9 69 -5.0304368774085504e-04 6.0485748015924742e-05
9 70 -8.7959124447944113e-04 2.3872159422634327e-04
9 71 -3.9762444130246811e-04 5.6867839042180045e-04
10 0 -2.0322242531677963e-04 3.7396220039940116e-04
10 1 -6.7312845632128891e-05 -1.7311419091997548e-04
10 2 -1.5063280372874262e-04 -4.5449173542983557e-05
10 3 -3.1438834724411603e-04 -7.0010667841917327e-07
10 4 -4.2103924057442292e-05 6.9032899487244927e-05
10 5 -1.9401510932946485e-04 1.2660175542008976e-05
10 6 -9.7804382058193405e-05 2.8668454734728328e-05
10 7 -4.1715670454998346e-05 -3.7206986602230670e-06
10 8 -2.6252342996888604e-05 8.4551267280140821e-05
10 9 -6.5987635257060121e-05 4.6314452582770086e-05
10 10 -6.0215428994566926e-05 -3.2470834125387765e-05
10 11 2.0297839998346456e-05 4.3946625363997488e-06
10 12 -1.5302642914764680e-05 -1.6672508181181417e-05
10 13 -3.2679952252231119e-05 -3.6263610946731250e-05
10 14 4.1539031348925561e-05 -4.0997868817193235e-06
10 15 -2.1613804577834679e-05 -7.9760545817833268e-06
10 16 -3.5001740953528702e-05 -1.9625782649237725e-05
10 17 -1.3369583992137467e-05 -1.3490306808390149e-05
10 18 -5.4103028325423270e-06 -3.3839742071900143e-05
10 19 -5.1755304573665890e-07 -2.3949705692739239e-06
10 20 -2.7247388492838446e-05 -2.6032937972107527e-05
10 21 -1.5004023869643433e-05 -1.5394496282303083e-05
10 22 -6.0811671953838491e-06 -3.4271941878542846e-06
10 23 -9.0322161429329560e-06 3.2096435952120725e-06
10 24 -1.0591631865370816e-05 -1.4342578764475958e-05
10 25 -1.3197198467990776e-05 3.9681638724658628e-06
10 26 -7.3583691556545402e-06 9.6419731342250989e-07
10 27 6.7337726348496641e-06 4.4717764752204145e-06
10 28 2.0865976548638838e-07 -1.3275868826719195e-06
10 29 -6.1658211798591722e-07 1.9508458958182285e-06
10 30 7.8775845103945736e-08 1.3453070610577795e-06
10 31 -1.2801897491441218e-06 -2.4053584309309232e-06
10 32 -2.1475897413175535e-07 -1.3599564035982874e-06
10 33 -3.6771046414440804e-07 1.7742527354273225e-06
10 34 -3.2751896033768480e-06 1.5476013604570800e-06
10 35 -2.2512492917199190e-06 1.7768832454356466e-06
10 36 8.6118719894901126e-08 2.5112847230659624e-06
10 37 -2.1218918704644573e-06 3.8999662953824305e-06
10 38 -2.5932132061567602e-06 2.4382238599146639e-06
10 39 -1.5641919298668654e-06 3.1538902310976928e-06
10 40 -2.6922416426019392e-06 3.7261337537665683e-06
10 41 -1.3241955024362780e-06 1.5444019728575905e-06
10 42 5.6579630350201540e-06 -2.0570035387520622e-06
10 43 -3.6156752364901482e-06 -4.5223868366249953e-06
10 44 -3.6880271221885246e-06 3.7104306856014678e-06
10 45 -2.2561535121688645e-06 5.4627773550524971e-06
10 46 4.7403579716358199e-06 1.0440555869280643e-06
10 47 -1.2469289509535953e-05 -2.7173556490090069e-06
10 48 -4.8091648211252031e-06 -1.2286682292201202e-06
10 49 -4.8226712535067106e-06 1.5140952985903484e-06
10 50 -1.7245575428114593e-05 -1.0965266793170993e-05
10 51 4.9458322721495152e-06 8.2662772802390832e-06
10 52 -1.9858485818702506e-05 -1.1723899245235703e-05
10 53 -5.7405679077197682e-05 1.1464967799664433e-05
10 54 -4.2725927964271785e-05 -1.3399997192783449e-05
10 55 -1.1482283125744904e-04 -1.0841538249158515e-06
10 56 -4.8955898509724815e-06 -8.0000667375082924e-05
10 57 -4.3604468040317662e-05 4.6277042036007858e-05
10 58 -1.7448282813598227e-05 2.8040512028281075e-05
10 59 1.7523276275457544e-05 -7.9419614304034456e-06
10 60 7.8901228933462366e-06 -4.4676288276076151e-05
10 61 -3.6476928975584671e-05 -5.4728252342013918e-05
10 62 -1.4765228532915794e-04 -4.0574873616495932e-05
10 63 -6.6241324441825136e-05 5.9157749056977130e-06
10 64 -2.5483377022605047e-04 2.4784599164370694e-04
10 65 -2.6402382170126053e-04 1.4691827216102961e-04
10 66 -4.2229106128950739e-05 -8.5650165752807186e-05
10 67 -3.9853538013703442e-04 -2.8443873827281802e-04
10 68 -5.5727097481146700e-05 -1.6620586494075479e-04
10 69 -2.3724403693592752e-04 2.9337870124009276e-05
10 70 -6.4333656523756985e-04 2.0627228810690080e-04
10 71 3.3757421108869475e-06 5.4595222116093163e-04
