0 0 -1.1703856357385256e+00 -3.4363477031373437e-19
0 1 -1.3711489321210496e-01 -4.8502883445392458e-20
0 2 -4.1536211572187155e-02 -5.4199553025715638e-21
0 3 -2.1243569018400094e-02 -1.8200700709014296e-21
0 4 -1.4234461013583876e-02 -5.1528461025005641e-22
0 5 -1.0535693219127316e-02 -7.3041649534902410e-22
0 6 -8.5869542107250684e-03 -1.1670102710974462e-22
0 7 -7.4874905491912995e-03 -2.9548257497430189e-22
0 8 -6.4581730587780399e-03 2.2467611626486651e-22
0 9 -5.4148016064625029e-03 -1.1293155812383858e-22
0 10 -4.4076199565548629e-03 9.3624834027292420e-23
0 11 -3.6301928184649945e-03 7.4374709926965104e-23
0 12 -2.9518415499848625e-03 1.1515502955028131e-22
0 13 -2.3523340431193403e-03 1.4461863167822910e-22
0 14 -1.9105771619678906e-03 -6.0492274419764064e-24
0 15 -1.6210497929811539e-03 2.7885291104453708e-23
0 16 -1.3272925773177994e-03 3.6438489210537486e-23
0 17 -1.0775454406796408e-03 -2.5250048144102141e-23
0 18 -8.8144214928350382e-04 -1.9698660435450328e-23
0 19 -7.2515212179175275e-04 -4.1367490238350538e-23
0 20 -6.0462697539439788e-04 6.4965663870557625e-24
0 21 -5.2116980898723217e-04 -2.6689295387489830e-24
0 22 -4.4184490540091629e-04 2.3530296339684240e-23
0 23 -3.7389673486635096e-04 4.2553571656929150e-24
0 24 -3.1220229796819388e-04 -5.3673975353493249e-24
0 25 -2.5686467466976768e-04 -7.6820117270084646e-24
0 26 -2.1383357367142319e-04 -1.6925822199801121e-23
0 27 -1.8383231814733827e-04 1.4191932878413381e-24
0 28 -1.6475826779858770e-04 -7.7436486182632474e-24
0 29 -1.4830526707246313e-04 8.2465196093379135e-24
0 30 -1.3092250985660472e-04 5.6472994204446238e-26
0 31 -1.1733420781161058e-04 -3.8939770113036104e-24
0 32 -1.1431786446615106e-04 -9.7934600983048800e-25
0 33 -1.2008164344854312e-04 9.4559725082689275e-24
0 34 -1.2411943004354196e-04 1.8624840908954308e-24
0 35 -1.2951361452770156e-04 -4.9117271090052561e-25
0 36 -1.4352036292697548e-04 2.3862364742895876e-24
0 37 -1.6731947636558576e-04 -6.9087531545077213e-24
0 38 -2.0001847152966665e-04 -7.5626528119671595e-24
0 39 -2.4821014125064688e-04 -3.5480975396871727e-25
0 40 -3.1712219301758014e-04 -2.1531001935268057e-23
0 41 -4.0016641586116135e-04 -1.6198695083400145e-23
0 42 -4.7643215116215505e-04 -2.1342963029343829e-23
0 43 -5.5714806353180366e-04 -2.2305405429790814e-23
0 44 -6.6999386612938948e-04 1.9267708627685776e-23
0 45 -8.2129664273156448e-04 2.9514017202689646e-23
0 46 -9.3933929179637111e-04 1.1418391777640236e-23
0 47 -1.0612577158495529e-03 -3.9959908863972319e-23
0 48 -1.2816807028470565e-03 1.6909031385174798e-23
0 49 -1.5239960962789127e-03 -2.5776166300481580e-23
0 50 -1.7991453591006405e-03 -5.6311390845888800e-23
0 51 -2.0734870757437933e-03 -4.7096430550064171e-23
0 52 -2.3643799770059035e-03 8.5179214968476693e-23
0 53 -2.6286099737774294e-03 5.8177564962002147e-23
0 54 -2.7182985798759269e-03 -4.7302437804030861e-23
0 55 -3.1015257958589139e-03 1.1431460156002246e-22
0 56 -3.4549723660627159e-03 -2.1194768024348038e-23
0 57 -3.7652450131551579e-03 7.0380827903281478e-23
0 58 -4.1524742885939757e-03 -1.1656573079155837e-22
0 59 -4.5821217848370111e-03 -5.2329593543360553e-23
0 60 -5.1962864856109755e-03 -1.1766872100743674e-22
0 61 -6.0000425593351543e-03 8.2604629825665580e-23
0 62 -6.6646483193212851e-03 6.9563751352058619e-24
0 63 -7.0855922772980699e-03 -2.0497664624077768e-22
0 64 -7.8889175167076043e-03 -1.5626625398385202e-22
0 65 -9.4647368790613130e-03 2.9706134108478675e-22
0 66 -1.1771235623140523e-02 -3.7869239253765864e-22
0 67 -1.4715284049337892e-02 1.1264126850403956e-21
0 68 -1.8903103263863213e-02 -8.3312676871009755e-22
0 69 -2.7427682135573592e-02 8.9577350146832290e-22
0 70 -4.7853281808525140e-02 -1.5264153936541988e-22
0 71 -1.3856667762813832e-01 -8.0377803268627747e-20
1 0 -3.4559870640447660e-01 1.5218274376491655e-03
1 1 -7.7606016664120259e-02 -9.2751246287840208e-04
1 2 -2.8724158949136960e-02 -1.4820842406061886e-04
1 3 -1.5813674779197515e-02 -4.0937442237835339e-05
1 4 -1.0710157648243819e-02 7.0433967323802176e-05
1 5 -7.9877808776386960e-03 7.9095071694093476e-06
1 6 -6.5609426731074423e-03 3.3301575080897621e-05
1 7 -5.7074006666846490e-03 2.0264343065738284e-05
1 8 -4.9244908362657538e-03 8.8901382658520364e-06
1 9 -4.1467582411075848e-03 1.9399629014763499e-05
1 10 -3.3741050736862867e-03 1.7090786534504140e-05
1 11 -2.7678305442176607e-03 2.6173550758269701e-05
1 12 -2.2515047546946714e-03 8.0406155795695750e-06
1 13 -1.7922354708150500e-03 6.3215547687899904e-06
1 14 -1.4614130920760915e-03 5.6976041300010756e-06
1 15 -1.2383331519361708e-03 -2.3147649104239390e-06
1 16 -1.0098616631136182e-03 -3.2052142510003194e-07
1 17 -8.2068090561020560e-04 -3.9335787946629437e-06
1 18 -6.7264731907317919e-04 1.6873496752501877e-06
1 19 -5.5187037933169885e-04 -3.3414119722204752e-06
1 20 -4.6112980709936690e-04 -2.1082616399702327e-06
1 21 -3.9814052219533364e-04 -1.1644059112027994e-06
1 22 -3.3729482261270574e-04 8.0750468178107156e-07
1 23 -2.8532748827436797e-04 2.5147643253830924e-07
1 24 -2.3848462031943047e-04 -4.7522413931203584e-07
1 25 -1.9551260563016972e-04 3.1314934889905235e-07
1 26 -1.6365383811052319e-04 9.0678443797415187e-07
1 27 -1.4097631948056599e-04 1.3541392400282111e-07
1 28 -1.2613617345497692e-04 -5.2904480781543519e-08
1 29 -1.1338199987834545e-04 4.6911039579197011e-08
1 30 -9.9780988562945069e-05 7.0757855015557160e-07
1 31 -8.9397851692934289e-05 -6.1584736014658025e-08
1 32 -8.7193452224621008e-05 1.4038273223187800e-07
1 33 -9.1508651835905556e-05 3.9702751970530909e-07
1 34 -9.4675356069341029e-05 2.8297460000153494e-07
1 35 -9.8858122278419386e-05 -3.0676745220292194e-07
1 36 -1.0909278371630872e-04 -4.1393288017849252e-07
1 37 -1.2765802664680404e-04 -8.9080584409549093e-07
1 38 -1.5274456966106147e-04 4.2812364355707010e-07
1 39 -1.8952392867039992e-04 -5.7703402380435160e-08
1 40 -2.4215060143837057e-04 -8.0123676897675734e-07
1 41 -3.0522371032102430e-04 -8.8595086190591636e-07
1 42 -3.6294954723295984e-04 1.1506166116986309e-06
1 43 -4.2562388386750943e-04 8.3965068521635956e-07
1 44 -5.1250518994637581e-04 -1.2472893078947633e-07
1 45 -6.2861486463124767e-04 -4.5259028115969129e-06
1 46 -7.1919635987324076e-04 -4.3490052269124869e-06
1 47 -8.1329509769569063e-04 -7.2947861081968731e-07
1 48 -9.7758956222944535e-04 -7.5454999507979373e-06
1 49 -1.1651662484606085e-03 -4.9839197261498219e-06
1 50 -1.3705941079940390e-03 -6.5911764259770398e-06
1 51 -1.5857387688991795e-03 -5.6514369538267841e-06
1 52 -1.8092105569537196e-03 4.0893958060934061e-06
1 53 -2.0124711962791510e-03 8.2473159804202954e-07
1 54 -2.0763169227280128e-03 6.8464030114637364e-06
1 55 -2.3751296617167614e-03 -6.8551082514124383e-06
1 56 -2.6450629274263528e-03 -2.0073582398217777e-07
1 57 -2.8809271852695741e-03 -1.7428348415441991e-06
1 58 -3.1680261954382749e-03 3.9890683993520377e-07
1 59 -3.4992178915090018e-03 -1.2966273648720384e-05
1 60 -3.9725729689039256e-03 -2.2353279870089175e-05
1 61 -4.5777671215603407e-03 -1.1298240423104955e-05
1 62 -5.0871858893085783e-03 3.0539140855089731e-05
1 63 -5.4243001690792688e-03 3.2058651980070488e-05
1 64 -6.0507714470999048e-03 6.4383625037262558e-05
1 65 -7.2438677967015530e-03 2.5998231175901292e-05
1 66 -9.0178434120060866e-03 -2.9178482156611875e-06
1 67 -1.1251475815246771e-02 1.6000469187302477e-05
1 68 -1.4374753135360494e-02 -1.0064823727205583e-04
1 69 -2.0706462937498827e-02 -1.5872956331751718e-04
1 70 -3.4249901335303687e-02 -4.6446631681859186e-05
1 71 -8.2297128234108008e-02 -3.3181711271918927e-04
2 0 -1.0100475962341592e-01 1.2640629191011334e-03
2 1 -3.1371004426278548e-02 -7.8407512143962850e-04
2 2 -1.5553859806474857e-02 1.3821811955066530e-05
2 3 -9.2821007379819704e-03 -3.9617858592243733e-05
2 4 -6.4166396827858331e-03 8.4731387804865829e-05
2 5 -4.9102356913510925e-03 3.1707641352117349e-05
2 6 -4.0649822294239989e-03 4.2411985935310123e-05
2 7 -3.5101451863776920e-03 3.5253887998747054e-05
2 8 -3.0265088158477342e-03 4.1496585910547807e-06
2 9 -2.5796308118564751e-03 1.7548914369189609e-05
2 10 -2.1013849583266520e-03 1.6597044581472480e-05
2 11 -1.7065798612025374e-03 3.5355023315044824e-05
2 12 -1.3893082861695962e-03 5.6069900493695881e-06
2 13 -1.1042435203168159e-03 1.0841791271089702e-05
2 14 -9.0545245236008684e-04 6.8714954500173443e-06
2 15 -7.6581920831657704e-04 -3.1089118140452738e-06
2 16 -6.2049512433815825e-04 5.5204253039335933e-07
2 17 -5.0394416327732426e-04 -4.2022211692535104e-06
2 18 -4.1592751760191285e-04 3.5324122566054759e-06
2 19 -3.3803538457242315e-04 -3.9786294301564450e-06
2 20 -2.8456581568259669e-04 -1.7879618603365006e-06
2 21 -2.4704005601723666e-04 -1.6017158948549477e-06
2 22 -2.0901557766659674e-04 1.1230855485826123e-06
2 23 -1.7671388824464147e-04 -9.3295626120063913e-08
2 24 -1.4845370840420422e-04 -5.3538669404455171e-07
2 25 -1.2027232159595111e-04 5.2599252013666887e-07
2 26 -1.0168415698906484e-04 1.2921712397412375e-06
2 27 -8.7845332136643800e-05 1.4580390609858993e-07
2 28 -7.8309219745245910e-05 3.2925169692634718e-07
2 29 -7.0083368263111032e-05 1.0502774436924344e-07
2 30 -6.1561846619193658e-05 8.9460678355433554e-07
2 31 -5.5227965222404409e-05 8.2263392037014419e-08
2 32 -5.4036400831218188e-05 -9.2281865217161823e-08
2 33 -5.6352746186918236e-05 4.3131764223371714e-07
2 34 -5.8575187769567717e-05 4.0483023135847366e-07
2 35 -6.1198533528801006e-05 -3.2270880391034623e-07
2 36 -6.6852150042645900e-05 -4.2792930304449507e-07
2 37 -7.9268360522202777e-05 -1.4629696552208966e-06
2 38 -9.4607848056266783e-05 4.3453222356155593e-07
2 39 -1.1743933807737871e-04 -1.8737152342890351e-07
2 40 -1.4982009271790936e-04 -9.0170574641942601e-07
2 41 -1.8817971378304497e-04 -9.2770828906214641e-07
2 42 -2.2319560645188530e-04 1.3995056163261282e-06
2 43 -2.6356268384969292e-04 5.1302987605693052e-07
2 44 -3.1839720461082204e-04 -8.9760028763702963e-07
2 45 -3.9071997781613463e-04 -6.1921967313751525e-06
2 46 -4.4669087868023683e-04 -5.1557324159506640e-06
2 47 -5.0731901514039588e-04 -6.3230476459933964e-07
2 48 -6.0658457242413562e-04 -9.5612371907930368e-06
2 49 -7.2221293106831301e-04 -7.9045075696793434e-06
2 50 -8.4366232128709091e-04 -6.9987901822001810e-06
2 51 -9.8659768466797648e-04 -7.8822770781266018e-06
2 52 -1.1242331902452029e-03 5.4586969431241517e-06
2 53 -1.2496914388217917e-03 1.3326288941689078e-07
2 54 -1.2817586317166287e-03 6.5664917664994264e-06
2 55 -1.4801152260629869e-03 -1.1251965805011723e-05
2 56 -1.6451023635674826e-03 -9.7907339985251435e-07
2 57 -1.7927546560994791e-03 -1.7742132956409345e-06
2 58 -1.9505158928427350e-03 1.7091432544327005e-06
2 59 -2.1624076920321407e-03 -2.1429857099827338e-05
2 60 -2.4618742448883051e-03 -2.2216068273234917e-05
2 61 -2.8316258084422931e-03 -1.7987481748096380e-05
2 62 -3.1415614063246750e-03 3.7999326284458023e-05
2 63 -3.3785037613317534e-03 4.3633020063576411e-05
2 64 -3.7734535335390766e-03 9.0665994862120297e-05
2 65 -4.5095071432860179e-03 3.7574275810699505e-05
2 66 -5.6173534044971704e-03 -7.8304630045492846e-06
2 67 -6.9994248152939519e-03 4.5271994382910121e-05
2 68 -8.8356497346941971e-03 -1.4612580199267330e-04
2 69 -1.2508959778817606e-02 -1.6249378482860016e-04
2 70 -1.9281622991517006e-02 -1.0496179290441866e-04
2 71 -3.9153687856303417e-02 -6.4461731511148410e-04
3 0 -3.1962060023649798e-02 4.6158909650924850e-04
3 1 -1.2269958577124198e-02 -5.2289205655063544e-04
3 2 -7.7554790341055361e-03 1.3938781309995905e-06
3 3 -4.9588846972796656e-03 -3.7346389762757013e-05
3 4 -3.5277395238376206e-03 1.0194693494253235e-04
3 5 -2.8056473819075664e-03 4.3611428689752987e-05
3 6 -2.3147839470175052e-03 3.5616218501133574e-05
3 7 -1.9761196005273832e-03 2.9934942058755909e-05
3 8 -1.7073258725739432e-03 3.9221282444923375e-06
3 9 -1.4881454166304879e-03 3.6073620762256843e-06
3 10 -1.2110563199805261e-03 2.1167440253022937e-06
3 11 -9.7127494995881349e-04 3.3828023933496334e-05
3 12 -7.9391920652637578e-04 -1.9056759451531912e-07
3 13 -6.2750774485493047e-04 1.0583516767234077e-05
3 14 -5.1789406438346641e-04 4.2871021230710654e-06
3 15 -4.3769307509173368e-04 -1.8357215169205861e-06
3 16 -3.5228926911051218e-04 2.0264634126107614e-06
3 17 -2.8404750500836434e-04 -3.1258351741608102e-06
3 18 -2.3828378645819357e-04 4.1884564567767989e-06
3 19 -1.9033679806933315e-04 -3.1121948709608558e-06
3 20 -1.6275803173655218e-04 -7.9759031176992034e-07
3 21 -1.4153831786637550e-04 -1.5154317339569930e-06
3 22 -1.1994970386284130e-04 8.2493035764607919e-07
3 23 -1.0119829026271615e-04 -6.9357438147909332e-07
3 24 -8.5975270670223555e-05 -4.2029410134854338e-07
3 25 -6.8271167040203065e-05 4.4192426427985443e-07
3 26 -5.8518664570994221e-05 9.9557851324466222e-07
3 27 -5.0613760233850405e-05 6.8687153431731685e-08
3 28 -4.4786030997754549e-05 4.8884948569726082e-07
3 29 -3.9821651469679625e-05 1.7554120114188369e-07
3 30 -3.5331183240755148e-05 7.5921909282496370e-07
3 31 -3.1614007760418548e-05 2.4140520890134986e-07
3 32 -3.0981885973206699e-05 -3.8854866342563590e-07
3 33 -3.2052421499181760e-05 3.0843293985721840e-07
3 34 -3.3501224759305212e-05 4.8631772251897806e-07
3 35 -3.5133180530884537e-05 -2.3715272809594239e-07
3 36 -3.7576943978954690e-05 -2.8529086365335663e-07
3 37 -4.5609903762566666e-05 -1.5240123310891205e-06
3 38 -5.4132434495662922e-05 2.4327270361391581e-07
3 39 -6.7278571037285913e-05 -2.1107772614362157e-07
3 40 -8.5567441635651690e-05 -4.1238844893352548e-07
3 41 -1.0732018167136514e-04 -7.9706841482852289e-07
3 42 -1.2667431977105741e-04 7.8289169786796081e-07
3 43 -1.5015136985963197e-04 -3.5205790683397458e-07
3 44 -1.8314214204157088e-04 -2.2790799591076305e-06
3 45 -2.2472529739481589e-04 -5.0784891878074490e-06
3 46 -2.5641108681638281e-04 -3.3548991324917773e-06
3 47 -2.9410048515347533e-04 -5.6962233598172711e-07
3 48 -3.5018122030871504e-04 -9.7064117800132500e-06
3 49 -4.1322332953672581e-04 -9.4467123299634160e-06
3 50 -4.8139258355306484e-04 -6.8768752551062178e-06
3 51 -5.6988991348252678e-04 -5.9338608458938292e-06
3 52 -6.4588285756115259e-04 3.4544341156238416e-06
3 53 -7.1598500752510612e-04 2.6568190798117947e-06
3 54 -7.2809523356399226e-04 2.6925150778949958e-06
3 55 -8.5377860976646044e-04 -1.2058407609626326e-05
3 56 -9.5278772029684796e-04 -3.3726913494821700e-07
3 57 -1.0256712117561958e-03 -7.9886625636014181e-06
3 58 -1.1079259019500392e-03 8.2741003197347876e-06
3 59 -1.2335334522980393e-03 -2.3852137325119369e-05
3 60 -1.4148958134171622e-03 -1.6487275206952509e-05
3 61 -1.6226030531134381e-03 -2.4694498832360226e-05
3 62 -1.7827600922929985e-03 2.8661521280666966e-05
3 63 -1.9443056020885148e-03 3.4838118702257748e-05
3 64 -2.1668697155566453e-03 8.5902788391702852e-05
3 65 -2.5965242318573009e-03 3.2991165920443925e-05
3 66 -3.2523417103939765e-03 -1.3607494331888083e-05
3 67 -4.0341643090159463e-03 7.0867808246175863e-05
3 68 -5.0196699996488958e-03 -1.2727922911333667e-04
3 69 -6.8685295085134717e-03 -8.2852197991643899e-05
3 70 -9.8921919699408601e-03 -1.0170349237708076e-04
3 71 -1.7206733420340958e-02 -4.5102135925259704e-04
4 0 -1.0659486449227869e-02 -1.3615874713769627e-04
4 1 -4.8545253617572727e-03 -5.4551782748691940e-04
4 2 -3.7244736541270952e-03 -3.2145124973926767e-05
4 3 -2.5659931697502832e-03 -3.8138531837844516e-05
4 4 -1.8565400861942369e-03 9.5782377404309490e-05
4 5 -1.5292851917396728e-03 3.8193675592248755e-05
4 6 -1.2500859195427687e-03 2.1992443023381617e-05
4 7 -1.0488739702808007e-03 1.9754478916670055e-05
4 8 -9.2628116485648452e-04 2.9014138946037563e-06
4 9 -8.2916695681137318e-04 -7.5330051606607532e-06
4 10 -6.6730317461240055e-04 -1.0593870235959149e-05
4 11 -5.2793437688305512e-04 2.7333548514017319e-05
4 12 -4.3552086002171677e-04 -6.1124968372386090e-06
4 13 -3.3931233491380760e-04 7.2584946111993925e-06
4 14 -2.8330406877919768e-04 2.9711558164181410e-06
4 15 -2.3826054712292125e-04 2.1422921711287679e-06
4 16 -1.9061355860424889e-04 4.7434496104299365e-06
4 17 -1.5133546883370870e-04 -2.2635112322461314e-06
4 18 -1.3049854307742076e-04 3.5794149548665912e-06
4 19 -1.0225948448408603e-04 -2.4302904937610760e-06
4 20 -8.9939482060273569e-05 9.0272791472647521e-08
4 21 -7.7209551567963787e-05 -1.3385780640046723e-06
4 22 -6.6157675149278766e-05 3.6949731328699013e-07
4 23 -5.5763975970817368e-05 -1.0615859911419297e-06
4 24 -4.7829718092723128e-05 -1.6167895932268370e-07
4 25 -3.7074590231465880e-05 2.6436470256631530e-07
4 26 -3.2311311101756413e-05 5.0592449473718793e-07
4 27 -2.7724904273778962e-05 -2.1818427950771822e-07
4 28 -2.4583291656976654e-05 5.1028746814476447e-07
4 29 -2.1630745077098930e-05 3.4628937776474463e-07
4 30 -1.9651735404382649e-05 5.3482194389740719e-07
4 31 -1.7246950710890520e-05 3.0516211009937167e-07
4 32 -1.7029531507114873e-05 -5.1772335926189111e-07
4 33 -1.7556600601987258e-05 2.3462271074297530e-07
4 34 -1.8547156518879042e-05 4.4086447678887114e-07
4 35 -1.9457399764504401e-05 -4.5375326766662854e-08
4 36 -2.0139144602387943e-05 -2.2124638763886311e-07
4 37 -2.5044682908822420e-05 -1.4012076883564869e-06
4 38 -2.9763950303642123e-05 1.6852202698797531e-07
4 39 -3.6861647128866625e-05 -1.2284079111181218e-07
4 40 -4.6725146447232952e-05 -1.6871140326375416e-07
4 41 -5.8284171381688063e-05 -7.6460904403547473e-07
4 42 -6.9198492340235201e-05 6.7758237935546236e-07
4 43 -8.2096837324160957e-05 -5.1255542407550955e-07
4 44 -1.0153555884456982e-04 -3.6819466443269455e-06
4 45 -1.2431177565799307e-04 -3.4496615302249899e-06
4 46 -1.4166026323173805e-04 6.8029616539818919e-08
4 47 -1.6550340110667305e-04 -8.4385084923308566e-08
4 48 -1.9435942142690088e-04 -8.4334989772531847e-06
4 49 -2.2584318202128654e-04 -7.5448110631096647e-06
4 50 -2.6489737492310769e-04 -6.8857941838659497e-06
4 51 -3.1958034232992149e-04 -2.1460082084623559e-06
4 52 -3.5834833403818571e-04 1.6947570666692053e-06
4 53 -3.9369006851835097e-04 7.8505543549799291e-06
4 54 -3.9562002523909013e-04 -1.8149274208097225e-06
4 55 -4.7558775230134456e-04 -1.1487883703237714e-05
4 56 -5.3487353877349863e-04 2.0006132543786216e-06
4 57 -5.6153720424806678e-04 -1.2410546155132673e-05
4 58 -6.0994121751913976e-04 1.8480830167547399e-05
4 59 -6.7094701473325961e-04 -1.8569076382639063e-05
4 60 -7.8468845847727336e-04 -1.2903654200558534e-05
4 61 -8.9444948806943628e-04 -2.9244708899527604e-05
4 62 -9.6658538874144068e-04 1.6820307010232861e-05
4 63 -1.0759486625121391e-03 2.4185033842725463e-05
4 64 -1.1816627500617367e-03 6.4201416109730959e-05
4 65 -1.4387623840994492e-03 2.4668115246000038e-05
4 66 -1.8106254311979681e-03 -1.6527679485374250e-05
4 67 -2.2301818477080833e-03 5.9513818381309271e-05
4 68 -2.7326255495228927e-03 -7.1011317549212093e-05
4 69 -3.5485458788317328e-03 -1.9659399574521392e-05
4 70 -4.8048234001056454e-03 -8.9953934561773331e-05
4 71 -7.4996082934990233e-03 -1.3562383400409498e-04
5 0 -3.8013782941667940e-03 -1.8581958367969726e-04
5 1 -2.0506048240468543e-03 -3.4514250120923378e-04
5 2 -1.8015695966404576e-03 -1.4787252866018471e-05
5 3 -1.2739470959314892e-03 -2.2721610705229308e-05
5 4 -9.5211940835662344e-04 5.9030334631509997e-05
5 5 -8.0686751865426272e-04 2.5424934376370566e-05
5 6 -6.5287439485497934e-04 1.5644206814836224e-05
5 7 -5.3925198466633982e-04 9.0101637876640821e-06
5 8 -5.0068749760907578e-04 -9.3009513969743999e-07
5 9 -4.5266471184447066e-04 -1.0722425208530180e-05
5 10 -3.4816263712387292e-04 -1.7658918341104031e-05
5 11 -2.7509841729842611e-04 2.0373021443338766e-05
5 12 -2.3276589874498025e-04 -9.4277653541945424e-06
5 13 -1.7805841842017907e-04 4.0320452270047269e-07
5 14 -1.4873171652989841e-04 4.1947575507013036e-07
5 15 -1.2354502038732201e-04 4.5594432304031481e-06
5 16 -9.9055894328587335e-05 6.1494159864097269e-06
5 17 -7.7134005544594118e-05 -9.6155475141015845e-07
5 18 -6.8358728774574039e-05 2.8606838055697703e-06
5 19 -5.3287405094042769e-05 -1.3199498013440362e-06
5 20 -4.8592410653947138e-05 5.9284582131916471e-07
5 21 -4.0370197733849227e-05 -1.2970356459345603e-06
5 22 -3.5485578608346020e-05 -3.5059834420383187e-07
5 23 -3.0068950971574756e-05 -9.8414594202079342e-07
5 24 -2.6034262446950516e-05 1.5436885267081424e-07
5 25 -1.9644116229767181e-05 1.3546494611380760e-07
5 26 -1.7479997509587917e-05 2.3342324458157655e-07
5 27 -1.4389040772648894e-05 -2.4213737744204906e-07
5 28 -1.3215370643377223e-05 3.9660903740001174e-07
5 29 -1.1436730591873019e-05 5.4149488561894698e-07
5 30 -1.0782474133846982e-05 3.1927960808209840e-07
5 31 -9.1249957390965819e-06 2.1941009380665645e-07
5 32 -9.0214674461758447e-06 -6.5053788169767175e-07
5 33 -9.4115397960192848e-06 1.1211606239387864e-07
5 34 -1.0015682642521274e-05 1.4375845477093674e-07
5 35 -1.0503290267678945e-05 2.3719355102923803e-07
5 36 -1.0375813892849365e-05 -9.9545052534893298e-08
5 37 -1.3212649792686873e-05 -1.0924198329922420e-06
5 38 -1.5914647036705584e-05 1.7149701001870143e-07
5 39 -1.9705672965659790e-05 -1.1913603842156877e-07
5 40 -2.4427247031008220e-05 -2.3689775113461620e-07
5 41 -3.0432679369225460e-05 -4.8733897355326594e-07
5 42 -3.6829411062107343e-05 9.5788394382671332e-07
5 43 -4.3727516725422897e-05 -3.8968303474406543e-07
5 44 -5.5572738989991124e-05 -3.2638487384745396e-06
5 45 -6.7887574561562237e-05 -2.6533156217260185e-06
5 46 -7.6141362683363717e-05 2.9638934644143513e-06
5 47 -9.2022246001378889e-05 2.0440938687934007e-07
5 48 -1.0474206918736735e-04 -6.0353634079323306e-06
5 49 -1.1872042958213312e-04 -4.9056179639695683e-06
5 50 -1.4365455938578000e-04 -5.7273443320909752e-06
5 51 -1.7556861404874436e-04 1.3817049078550450e-06
5 52 -1.9415963926515812e-04 1.5026012525941105e-06
5 53 -2.0901879188021144e-04 1.2764395469586220e-05
5 54 -2.1063956498561468e-04 -4.2501458671332449e-06
5 55 -2.6322901183215724e-04 -8.7809802912152582e-06
5 56 -2.9365782682405737e-04 3.7526587013078220e-07
5 57 -3.0117780355016583e-04 -1.1146637829348518e-05
5 58 -3.3260398071574744e-04 2.2452997229456548e-05
5 59 -3.5442103707276700e-04 -8.0772614527452917e-06
5 60 -4.2585275464339563e-04 -1.3347152031250256e-05
5 61 -4.8456232386844423e-04 -2.7180624711950882e-05
5 62 -5.0517658974448304e-04 1.4159315537359820e-05
5 63 -5.8342896814909083e-04 1.2546872360166831e-05
5 64 -6.2563246515769382e-04 4.1567696613629828e-05
5 65 -7.8665784012052367e-04 7.8010371324579178e-06
5 66 -9.8814774500097734e-04 -1.5857059113100514e-05
5 67 -1.2070012580446777e-03 2.9714444018634205e-05
5 68 -1.4282278876712551e-03 -4.3352969861884537e-05
5 69 -1.7293347463144921e-03 7.3085866717762898e-06
5 70 -2.3364696144458669e-03 -8.6340974604389695e-05
5 71 -3.2812614194345970e-03 -7.9057862168106560e-05
6 0 -1.5389191555989655e-03 -2.7620068331510994e-04
6 1 -9.1316738209629503e-04 -2.1386675862016982e-05
6 2 -8.8223821361059767e-04 -1.5757921568469430e-05
6 3 -6.1583160772639910e-04 -1.8400733909402699e-06
6 4 -4.9972552954016206e-04 2.6952701860967832e-05
6 5 -4.2364605093692299e-04 1.1092567600161482e-06
6 6 -3.3517591549115159e-04 1.5146568979970942e-05
6 7 -2.8109939014551001e-04 2.5461450997450098e-06
6 8 -2.6936276454326381e-04 1.2442858092866258e-06
6 9 -2.4824527576988736e-04 -1.1238756651994820e-05
6 10 -1.6990504161310327e-04 -2.0204417458024073e-05
6 11 -1.3547873062980394e-04 1.5945372304444632e-05
6 12 -1.1783086842877198e-04 -1.2751390120282403e-05
6 13 -9.2829111699933633e-05 -2.1928392573226971e-06
6 14 -7.4641747653936651e-05 -2.2502951262642122e-06
6 15 -5.9925527390978226e-05 4.0017866310890035e-06
6 16 -4.9710999810690961e-05 5.2097631477271353e-06
6 17 -3.8020158006414707e-05 -1.6146814345589988e-07
6 18 -3.3304442194946849e-05 2.2629729764686074e-06
6 19 -2.6973233644044830e-05 -1.5728252325998086e-07
6 20 -2.6159297868139999e-05 1.2986360662439339e-07
6 21 -2.0365204971132405e-05 -1.3344458089709336e-06
6 22 -1.8738845478464840e-05 -4.9509426667597516e-07
6 23 -1.5858409687662385e-05 -1.2597379445184625e-06
6 24 -1.3507038909014062e-05 5.1392871017169742e-07
6 25 -1.0097091022505226e-05 -1.4821706619189337e-08
6 26 -9.3566918559703291e-06 1.6898439561187749e-07
6 27 -7.0333878917240163e-06 1.2289659608112205e-07
6 28 -7.0216467022977177e-06 1.5299664676277918e-07
6 29 -5.7985045984244131e-06 5.9756587806150380e-07
6 30 -5.8275112488385447e-06 1.7691599077327317e-07
6 31 -4.7689067697919653e-06 1.3694801879227717e-07
6 32 -4.5859631413646289e-06 -6.6479421016416201e-07
6 33 -4.9896798611775495e-06 2.2156752512410597e-09
6 34 -5.2215188944279939e-06 -1.3928669128485841e-07
6 35 -5.4615161672706830e-06 3.5040885350329003e-07
6 36 -5.1461540560429524e-06 -4.5666272291379176e-08
6 37 -6.6907307340592780e-06 -7.0395670187370094e-07
6 38 -8.4801883682118538e-06 2.7620639443982356e-07
6 39 -1.0546388565387987e-05 -3.1644842840201487e-08
6 40 -1.2307419546429882e-05 -3.7661328244096464e-07
6 41 -1.4892805958823899e-05 -5.2710784772632682e-07
6 42 -1.9260605470524360e-05 1.2292074093273508e-07
6 43 -2.2900266485967259e-05 -1.5817644931156798e-07
6 44 -3.0491419277411394e-05 -2.4763527107170827e-06
6 45 -3.7714585733796106e-05 -2.1517816440121848e-06
6 46 -3.9000201323296419e-05 5.3857334915033565e-06
6 47 -4.9801633096245858e-05 8.9251046370938933e-07
6 48 -5.4570953104877588e-05 -3.2447839013692748e-06
6 49 -5.9211153066725872e-05 -3.7956976588680628e-06
6 50 -7.7445124543457146e-05 -4.3172375382311963e-06
6 51 -9.5802206110229607e-05 1.8012146829195751e-06
6 52 -1.0438679691762313e-04 6.4811530948358354e-07
6 53 -1.0663463234643449e-04 1.5311138872216782e-05
6 54 -1.0983095845399920e-04 -4.9950793445578968e-06
6 55 -1.4484850306790821e-04 -4.8997590326640837e-06
6 56 -1.5835725441805618e-04 -5.5062831466926177e-06
6 57 -1.5821096413590598e-04 -7.7846695900641884e-06
6 58 -1.8183122045247773e-04 1.7985912302997800e-05
6 59 -1.8459255114071415e-04 -1.0166857440152846e-06
6 60 -2.2205966027887667e-04 -1.3376917604962526e-05
6 61 -2.5189924087978951e-04 -2.0810016153157681e-05
6 62 -2.5154279725033167e-04 1.5286825092956288e-05
6 63 -3.1017356510089394e-04 2.9655025120418206e-06
6 64 -3.2968495488155074e-04 1.8493576548191046e-05
6 65 -4.2480765434215487e-04 -7.5748831299073842e-06
6 66 -5.2814355734762109e-04 -1.3298101775623362e-05
6 67 -6.4786002578784841e-04 4.2493413655193710e-07
6 68 -7.1757781009095119e-04 -5.9893270224730895e-05
6 69 -7.9892868793249078e-04 2.3621489284961332e-05
6 70 -1.1190466521725116e-03 -1.2386066816782716e-04
6 71 -1.4409693241160862e-03 -1.1048097298778184e-05
7 0 -7.8387133593988464e-04 -1.5842916409511903e-04
7 1 -4.4225658622285588e-04 1.1383983278768355e-04
7 2 -3.9692372141540423e-04 -7.5409093115255726e-06
7 3 -2.9415519857238005e-04 2.0651326218139117e-05
7 4 -2.7440512741255525e-04 2.9075286476994601e-05
7 5 -2.2000616877812379e-04 -1.2546952367225799e-05
7 6 -1.6900769404859438e-04 1.4427095893689915e-05
7 7 -1.5319925528448596e-04 2.9763395370421813e-06
7 8 -1.3820943580511463e-04 6.8278446259485393e-06
7 9 -1.3945160451540317e-04 -8.8468873186693406e-06
7 10 -7.3697067775326539e-05 -1.5999535934963154e-05
7 11 -6.1767924738884784e-05 1.2805628799445254e-05
7 12 -5.7862894041164752e-05 -1.2056377749703272e-05
7 13 -5.0437523039426784e-05 -3.1363880975984920e-06
7 14 -3.5766328908045157e-05 -3.1973086063871753e-06
7 15 -2.7244365339646670e-05 4.5568670503769232e-07
7 16 -2.3825462602186317e-05 2.6986005935297520e-06
7 17 -1.6932558174807132e-05 1.1464998190756367e-06
7 18 -1.5381549595149902e-05 1.3076958987350780e-06
7 19 -1.3255597846887492e-05 4.0566584623415175e-07
7 20 -1.3902975072263529e-05 -5.8236292293905640e-07
7 21 -1.0063300304443351e-05 -1.3327786881256528e-06
7 22 -1.0070718134486380e-05 -1.7864625536302050e-07
7 23 -8.5697637230643570e-06 -1.6067551660127095e-06
7 24 -6.7412622222942242e-06 7.2049395415360150e-07
7 25 -4.8492915713754172e-06 -6.9994516449067345e-08
7 26 -5.0086196896044914e-06 1.0693400617963895e-08
7 27 -3.2735565319195215e-06 3.7094316114402190e-07
7 28 -3.7248302359625420e-06 -1.1413663815525675e-07
7 29 -2.6983520670432065e-06 5.3325838412259231e-07
7 30 -3.1423989063666401e-06 1.5330717250405544e-07
7 31 -2.4455653689079495e-06 9.8610494607108787e-08
7 32 -2.1490873806781251e-06 -5.7208719994521808e-07
7 33 -2.5984597300034233e-06 -3.6659021728000500e-08
7 34 -2.6824741332824980e-06 -1.0920866747764853e-07
7 35 -2.6495999292011433e-06 3.8197727895559336e-07
7 36 -2.4666448724822048e-06 -5.9531350842921441e-08
7 37 -3.3448847605066855e-06 -3.4074146418075242e-07
7 38 -4.5826852450856875e-06 1.1563114033710713e-07
7 39 -5.8583655869246228e-06 2.3747716406465783e-07
7 40 -5.8689053370011511e-06 -1.7885963420661084e-07
7 41 -6.4889798244085440e-06 -8.3544807124708583e-07
7 42 -9.9502058843391382e-06 -6.7290822215729245e-07
7 43 -1.1755321556709260e-05 7.8678006269788762e-08
7 44 -1.6954479502471899e-05 -1.8194618982560288e-06
7 45 -2.1439050104358666e-05 -1.1722273827955083e-06
7 46 -1.8580776734417143e-05 6.6030359444427595e-06
7 47 -2.6059325279098652e-05 8.5211696335826008e-07
7 48 -2.7708201810768190e-05 -1.5954783111106691e-06
7 49 -2.8330489092506941e-05 -2.2983138473196609e-06
7 50 -4.0991474658131276e-05 -3.4454609352585896e-06
7 51 -5.1422878176674801e-05 -1.4580647852082567e-06
7 52 -5.5708825330567224e-05 6.4372152845241589e-07
7 53 -5.1508852068673521e-05 1.6373840204516574e-05
7 54 -5.7475786378086727e-05 -6.2158314789752753e-06
7 55 -8.1007786631876992e-05 -2.7003330111006180e-06
7 56 -8.2304630375059338e-05 -4.5623780228833840e-06
7 57 -7.7560175931280418e-05 -2.7358647928587124e-06
7 58 -9.8110999004488394e-05 1.4080042218697899e-05
7 59 -9.5721564198530655e-05 3.5462471574314598e-06
7 60 -1.0885054845518616e-04 -9.2735119738703564e-06
7 61 -1.2893910314787997e-04 -1.5044828036548779e-05
7 62 -1.1765930145706095e-04 1.0951747335676801e-05
7 63 -1.5717503043210772e-04 8.3631559803104003e-07
7 64 -1.6791729450432711e-04 2.3460766039007228e-06
7 65 -2.2962074201809648e-04 -1.2241727089200070e-05
7 66 -2.8927309555228900e-04 -1.1528406479987714e-06
7 67 -3.4241519871865784e-04 -1.4042805294676431e-05
7 68 -3.6020855863806391e-04 -7.7838670762207343e-05
7 69 -3.5053526326384818e-04 1.6262505626853451e-05
7 70 -5.1453782343530900e-04 -1.2128584469076005e-04
7 71 -6.1142274100289590e-04 5.9322322361199697e-05
8 0 -4.9850983511015611e-04 -2.1311917774351232e-04
8 1 -2.5661590036628280e-04 5.7420613716858497e-05
8 2 -1.8224687712944924e-04 7.5665053628674423e-06
8 3 -1.3509885619342201e-04 3.4108493622129343e-05
8 4 -1.4480137841857329e-04 3.6212327454283156e-05
8 5 -1.0523735371288383e-04 -1.7182015649529960e-05
8 6 -8.5815523337661690e-05 8.6911876825177581e-06
8 7 -8.9911172376502639e-05 2.7158242067840241e-06
8 8 -6.6197805153825058e-05 7.5538862053787114e-06
8 9 -8.1670289138733270e-05 -3.5682182903565895e-06
8 10 -2.5298002754595997e-05 -1.0195642160515541e-05
8 11 -2.5840647720783655e-05 1.2050558032017235e-05
8 12 -2.6155744464694633e-05 -8.9753064304471547e-06
8 13 -2.7736104894483362e-05 -5.1670351837791713e-06
8 14 -1.4922099369129916e-05 -1.9372970974787456e-06
8 15 -1.1237420673828602e-05 -2.7233813971807897e-06
8 16 -1.1466607480295066e-05 5.3881647859746315e-07
8 17 -5.7379750447749823e-06 7.9221855041340773e-07
8 18 -7.3638169824879508e-06 2.4759364882484572e-07
8 19 -6.5376630396542359e-06 7.7059795056586169e-08
8 20 -6.9294886318012147e-06 -7.2957947358684342e-07
8 21 -4.7703060740177908e-06 -1.2093705876411960e-06
8 22 -5.5486767501802262e-06 1.1582631519713028e-07
8 23 -4.9254496285338064e-06 -1.5287668047557778e-06
8 24 -3.4541437636045856e-06 6.4612785255434608e-07
8 25 -2.0571168490990323e-06 -1.4789697563158822e-07
8 26 -2.7766004673457626e-06 -1.0578977274035745e-08
8 27 -1.4168368207254730e-06 3.5858622377836176e-07
8 28 -2.0658707788215678e-06 -2.3915681225739680e-07
8 29 -1.0666562611899229e-06 3.2933349649322684e-07
8 30 -1.7002417615746833e-06 3.2287639249687295e-07
8 31 -1.2792969836547041e-06 1.6148553504515149e-07
8 32 -8.5166440268825172e-07 -3.5801354691586741e-07
8 33 -1.4146377013484787e-06 -1.1649528527335348e-07
8 34 -1.4466464029041916e-06 2.7372877850304543e-08
8 35 -1.0500693290913952e-06 4.6496376165698278e-07
8 36 -1.0240259770974361e-06 1.3037329065060666e-07
8 37 -1.7105130065403098e-06 -1.0894835403044633e-08
8 38 -2.4659979262905112e-06 -1.5537270206397664e-07
8 39 -3.4411813051594019e-06 3.4154018588882477e-07
8 40 -2.5037752675275527e-06 -4.8236286647617887e-08
8 41 -2.3211212797781826e-06 -1.4388159353318537e-06
8 42 -5.3036598357335371e-06 -7.0508291098013674e-07
8 43 -5.9251811586405721e-06 1.0985033125113926e-07
8 44 -8.9573274317586754e-06 -1.7357792554398299e-06
8 45 -1.2545833399907156e-05 1.6433689255263265e-08
8 46 -7.4484207984538724e-06 6.3680986221105297e-06
8 47 -1.2131514232571399e-05 2.8212044532503345e-07
8 48 -1.3734387261710249e-05 -6.5568375788834611e-07
8 49 -1.3609408106805849e-05 8.3546006739065464e-07
8 50 -2.1952656677850869e-05 4.0746675893106801e-07
8 51 -2.7134075856706755e-05 -4.3483046047604760e-06
8 52 -3.0273833928506023e-05 1.1391186723753425e-06
8 53 -2.3740564207292475e-05 1.5632814970557865e-05
8 54 -3.2024652073282147e-05 -1.0327982437414640e-05
8 55 -4.5331461881040274e-05 -3.3202839372538925e-06
8 56 -4.4270755016695121e-05 -2.6299409355507488e-06
8 57 -3.7029612488876654e-05 9.4416968478555875e-08
8 58 -4.7465407265398936e-05 1.0916297654992735e-05
8 59 -4.8396450262910211e-05 8.0830846610935352e-06
8 60 -4.6357927384869944e-05 -3.8194989106657782e-06
8 61 -6.2951369691978393e-05 -1.3004101150810097e-05
8 62 -5.3082705916947222e-05 7.6540858722452225e-06
8 63 -7.6131871211532556e-05 1.8806719171053775e-08
8 64 -8.4588207169431143e-05 -3.0386004308360945e-06
8 65 -1.2672467000559716e-04 -1.1782115210170793e-05
8 66 -1.7359446456001435e-04 1.0711289293984450e-05
8 67 -1.7548843143775516e-04 -2.5152392897331405e-05
8 68 -1.8091661105235012e-04 -7.6683757870010032e-05
8 69 -1.5569258119397597e-04 -1.0378372677708951e-06
8 70 -2.2773475631717406e-04 -1.1062108492527571e-04
8 71 -2.4011123387932939e-04 6.0487826720844782e-05
9 0 -2.2702494917614633e-04 -1.4017539947696649e-04
9 1 -2.0895436440642536e-04 -2.8880353017405521e-05
9 2 -9.7719926001961570e-05 9.0151907772163741e-06
9 3 -6.7154879933459594e-05 3.4597490543076470e-05
9 4 -6.6366251507574269e-05 3.3489438362935480e-05
9 5 -4.0255880347983680e-05 -2.0652410374119253e-05
9 6 -4.2601039171026517e-05 -1.6916485182743413e-06
9 7 -4.7318999801137249e-05 -5.5642845942991535e-06
9 8 -3.0054120823364152e-05 1.0938336187073217e-05
9 9 -5.0402349031478127e-05 6.1180471552763553e-07
9 10 -4.5548762559369550e-06 -8.5481467485141720e-06
9 11 -6.8708918425341792e-06 8.4880082863074218e-06
9 12 -8.2132002551200501e-06 -5.6830546623628307e-06
9 13 -1.4224628262940471e-05 -7.0424631282437651e-06
9 14 -6.7420768515113633e-06 -1.3805770079131046e-07
9 15 -4.3270495149443969e-06 -5.4064587359329023e-06
9 16 -6.6200536141562386e-06 -9.7820326668954813e-07
9 17 -2.9731771268638635e-07 -5.6654217806021367e-07
9 18 -3.5755537452812361e-06 -4.2985975726880853e-07
9 19 -3.4001396488996605e-06 -1.6864498417712031e-07
9 20 -3.0768004502960042e-06 -1.5025971855347463e-07
9 21 -2.3109462048153938e-06 -8.1379830454564299e-07
9 22 -3.5046276857903629e-06 1.5622998068414017e-07
9 23 -3.0234454225234337e-06 -1.3001645645503803e-06
9 24 -1.7207821725311666e-06 3.0542923073541958e-08
9 25 -5.7159795548620279e-07 -2.6295029373617117e-07
9 26 -1.6814180688211000e-06 -8.1469734530713419e-08
9 27 -4.4987718213447765e-07 2.9556054043754729e-07
9 28 -1.2713899799074903e-06 -1.9532506407260608e-07
9 29 -3.0552338251367507e-07 1.7678745212838669e-07
9 30 -8.5438750552270786e-07 4.8846688500574744e-07
9 31 -7.0234644584762625e-07 2.9510171573180250e-07
9 32 -1.7367201606384498e-07 -2.2189231018111833e-07
9 33 -8.4998568100334880e-07 -1.4619025078514678e-07
9 34 -8.3848826599694337e-07 2.2927665488912703e-07
9 35 -1.4546934544320917e-07 5.1139394681689683e-07
9 36 -1.5946155552342904e-07 3.2429997148827724e-07
9 37 -7.7754258830041091e-07 1.8228983712071039e-07
9 38 -1.3925849674164914e-06 -2.3575188941527138e-07
9 39 -2.1376399359969847e-06 6.6376588903388982e-07
9 40 -6.9644144859512198e-07 8.5725409586184912e-08
9 41 -2.8697910779063107e-07 -1.6974361437194177e-06
9 42 -3.2215301897472191e-06 -4.8262932601990752e-07
9 43 -2.3868227235633922e-06 2.2738367977905754e-07
9 44 -4.5526718057607920e-06 -1.9085036680456409e-06
9 45 -7.1928983432969170e-06 8.4404777130956739e-08
9 46 -1.8076675925049157e-06 5.4189250208131385e-06
9 47 -3.6458726263004567e-06 1.3652977213962106e-07
9 48 -6.2571741608391626e-06 -8.9485606714950193e-07
9 49 -5.9833756546439417e-06 2.6966027285851967e-06
9 50 -1.1680665579239142e-05 4.3219068243556338e-06
9 51 -1.4279075359539504e-05 -4.0751682151135447e-06
9 52 -1.8025739616695510e-05 2.6073427161322150e-06
9 53 -1.1016934576851110e-05 1.2654161453707555e-05
9 54 -1.9019145015487241e-05 -1.1831225337500996e-05
9 55 -2.4953065127438249e-05 -1.4274830981629933e-06
9 56 -2.7698908305511799e-05 -1.8650586299936182e-06
9 57 -1.8323128046964339e-05 1.6930860713871861e-06
9 58 -1.9278306776451255e-05 9.7605031944355887e-06
9 59 -2.3376222530800235e-05 1.2332695998616137e-05
9 60 -2.0067134146377606e-05 6.2421992910605360e-06
9 61 -2.5206420170863352e-05 -1.2542049230058865e-05
9 62 -2.3252617684144512e-05 9.2149845513261596e-06
9 63 -4.0188956244466899e-05 1.5589699895010887e-06
9 64 -4.2695269620595453e-05 -4.0320741632423542e-06
9 65 -6.9614434900945620e-05 -9.5445869317373195e-06
9 66 -1.1795623040559184e-04 1.1671271273850018e-05
9 67 -8.6332896640567579e-05 -4.2112983158841719e-05
9 68 -9.4450535119918109e-05 -6.7798737551587503e-05
9 69 -7.4944107623282322e-05 -2.0297952637035153e-05
9 70 -8.8219551191286613e-05 -9.2339281565770792e-05
9 71 -8.5871186850264677e-05 5.8034334729813597e-05
10 0 -9.1824986200289219e-05 -8.3417923771474087e-05
10 1 -1.9185508741892583e-04 -3.6250387029341288e-05
10 2 -6.5073620521787089e-05 -1.6779304864892364e-05
10 3 -4.7494383741639718e-05 4.2702416873010774e-05
10 4 -2.1259143934455013e-05 2.1140701859793677e-05
10 5 1.4466666165201808e-06 -3.3600869995159942e-05
10 6 -2.0634924082746625e-05 -5.5569674705279186e-06
10 7 -7.2751111064115643e-06 -1.6534767629013690e-05
10 8 -1.4650341700404144e-05 1.1653597835456551e-05
10 9 -3.2466810927695888e-05 1.9036738943470667e-06
10 10 2.8800421610129947e-06 -9.0166960882633491e-06
10 11 3.5933046106933964e-06 3.6127948855474022e-06
10 12 2.9307445767161754e-07 -4.7275045472722835e-06
10 13 -7.4243225247050272e-06 -9.0604533876752186e-06
10 14 -6.0684728899275551e-06 1.3560250310728699e-06
10 15 -1.6070741237261587e-06 -6.1941628471533684e-06
10 16 -4.4831001964052906e-06 -1.3178452969907385e-06
10 17 1.8791859242285298e-06 -1.5247602148537598e-06
10 18 -1.7452373416886819e-06 -8.8166771526535970e-08
10 19 -9.2336327834773171e-07 -1.6000000645631888e-07
10 20 -1.1416744395806766e-06 6.1490107036428907e-07
10 21 -1.3462809959765997e-06 -4.1924651860927235e-07
10 22 -2.6776935304940957e-06 1.5147138165751380e-07
10 23 -2.0519488225619514e-06 -1.0938522125480071e-06
10 24 -2.7561897477747260e-07 -5.0752703619214512e-07
10 25 2.4713534872617208e-07 -1.9746845886320614e-07
10 26 -1.1258650011267289e-06 -2.5001229698447460e-07
10 27 5.4782042492607192e-08 2.9296965428592653e-07
10 28 -9.4326719650119929e-07 -6.3637655109496634e-08
10 29 -6.3976488774728958e-08 7.1357593322549156e-08
10 30 -4.5095409321639502e-07 5.5605489645515276e-07
10 31 -4.5084366988295159e-07 3.9481136560859143e-07
10 32 9.3875479359449710e-08 -2.0093825450477657e-07
10 33 -5.2534977338641452e-07 -1.6739874775880047e-07
10 34 -5.5174871391572133e-07 2.9192390135516240e-07
10 35 2.0236726378833542e-07 3.5037192967600687e-07
10 36 2.5819103257350795e-07 4.6969909295461451e-07
10 37 -2.0562256354064262e-07 3.1414895103840140e-07
10 38 -9.8949927399773750e-07 -3.2919642485260627e-08
10 39 -1.3836686518151696e-06 8.4208638132173805e-07
10 40 2.1898136111601941e-07 -5.9225344852508237e-09
10 41 7.4520032896866709e-07 -1.5376362381158242e-06
10 42 -2.6430331902133056e-06 -3.2532691820329919e-07
10 43 -2.8880944330681852e-07 1.0021430465492833e-07
10 44 -2.1433930699967882e-06 -2.0795945555888914e-06
10 45 -3.2010387734319316e-06 9.9340852487762038e-08
10 46 5.1834102290560911e-07 4.2491093711053657e-06
10 47 -1.5495653363227187e-08 2.1520402217671730e-07
10 48 -2.0902048906521337e-06 -7.5780802962966119e-07
10 49 -2.6356101521999326e-06 3.5194419929023370e-06
10 50 -6.6487319531712571e-06 6.6056205919745103e-06
10 51 -7.3591889771692388e-06 -2.9122654284358018e-06
10 52 -1.0515977602632891e-05 3.6094614610940149e-06
10 53 -5.8523964511056208e-06 9.0255468518450306e-06
10 54 -1.2144377930262005e-05 -1.0472468952625436e-05
10 55 -1.2744592611580151e-05 2.2702538221334218e-06
10 56 -1.7280341807389176e-05 -2.1113404016423829e-06
10 57 -1.2352174899198468e-05 3.3127469008807808e-06
10 58 -6.2304099598332474e-06 8.5772257016206191e-06
10 59 -1.0014345215624173e-05 1.6122273439604702e-05
10 60 -1.2014589721154087e-05 1.2448164896974535e-05
10 61 -1.3166079486367014e-06 -1.2287853620750883e-05
10 62 -7.3552364880110713e-06 1.1730819326403895e-05
10 63 -2.0179168557937571e-05 8.4606272908781568e-06
10 64 -1.5106888543144876e-05 -7.6372632903032185e-06
10 65 -3.8550327167707614e-05 -7.3911736784558275e-06
10 66 -9.4518801610943116e-05 4.7869077032269019e-06
10 67 -3.7088210587689059e-05 -4.3517674050436395e-05
10 68 -5.8730051404779910e-05 -5.0466061461809113e-05
10 69 -1.6059213946745397e-05 -3.8949993893651735e-05
10 70 -1.5155257984044856e-05 -7.8777797777905594e-05
10 71 -2.2241500202861311e-05 3.4521348933191047e-05
