0 0 -1.1748662050063807e+00 1.1226491783278512e-19
0 1 -1.6532995315843466e-01 1.8506694256039645e-19
0 2 -6.5997296950987897e-02 -1.1681160245228092e-21
0 3 -3.9325929148768583e-02 4.4220668375361290e-21
0 4 -2.7690995824642600e-02 -7.9234206644776646e-22
0 5 -2.1074557478462264e-02 -6.3737743657379825e-23
0 6 -1.6246830855333058e-02 -7.1817456090129210e-22
0 7 -1.2542367967320337e-02 -3.2233821391343624e-24
0 8 -9.7642567824206272e-03 5.6973763799922950e-22
0 9 -7.6284293819018599e-03 2.8791329530713799e-23
0 10 -5.8253138968159092e-03 2.9576386567783092e-23
0 11 -4.3854115349693393e-03 5.9574826257480198e-23
0 12 -3.3905924049985759e-03 -9.0091669445449854e-23
0 13 -2.7199168221901985e-03 3.3472464200661612e-23
0 14 -2.3259002543536836e-03 3.3591365923633475e-24
0 15 -1.9416103383793318e-03 -6.2460338288949125e-23
0 16 -1.6745882797475136e-03 3.7456224409222317e-23
0 17 -1.4871313818513063e-03 -3.0551964810763713e-23
0 18 -1.3242519606889282e-03 3.9620179508744190e-23
0 19 -1.1709008680370748e-03 -1.0551371447166167e-23
0 20 -1.0336796752489397e-03 1.4528761483109089e-23
0 21 -9.2319085779619546e-04 9.8536889955337556e-24
0 22 -7.9961223198752414e-04 -1.9056423778161350e-23
0 23 -6.7527412419434742e-04 -8.5754262466802104e-24
0 24 -5.6022496020477117e-04 -1.6340045321315060e-24
0 25 -4.6847309197435783e-04 2.1984430200512587e-24
0 26 -4.1179581157612251e-04 4.5057400302892935e-24
0 27 -3.6963831893595419e-04 -1.0851807955564235e-23
0 28 -3.3350723884085213e-04 5.3678238843259528e-24
0 29 -3.0403956139186359e-04 2.9679068788720252e-24
0 30 -2.9243758656572399e-04 -9.9548321321869764e-25
0 31 -2.8549881345363721e-04 -1.1606756177976327e-23
0 32 -2.7452545723244751e-04 2.7669337317821784e-24
0 33 -2.7705091534588062e-04 4.5713227973939333e-24
0 34 -3.0082574187032142e-04 -2.5620002279030250e-24
0 35 -3.2869083300521052e-04 3.7524674675817733e-24
0 36 -3.2121529452018349e-04 1.2547070607863181e-23
0 37 -2.9795694013111878e-04 -9.1562455521661936e-24
0 38 -2.8155392280300700e-04 -1.6288042719706110e-23
0 39 -2.9143289091404485e-04 1.0327741860774555e-23
0 40 -3.0494284628383597e-04 2.3756333769824903e-25
0 41 -3.3145376885503205e-04 -1.1282725903083633e-23
0 42 -3.8223297268137759e-04 6.0707667426147294e-24
0 43 -4.5102639210947698e-04 -1.7892546964228979e-23
0 44 -5.3606411505030581e-04 2.4203977299961816e-23
0 45 -6.4791403708244625e-04 7.2921134106568111e-24
0 46 -7.6784003766583084e-04 -3.6509705901956899e-23
0 47 -9.4678069859689456e-04 2.8826521456467408e-23
0 48 -1.1367081985911266e-03 2.5280391823615138e-23
0 49 -1.3051036700749521e-03 2.5546222136200888e-23
0 50 -1.5539817216664849e-03 4.6324540451101803e-23
0 51 -1.8899732745225684e-03 2.8536284904389802e-23
0 52 -2.3179338823056529e-03 2.0883298746916401e-25
0 53 -2.6879329930549921e-03 3.1220535806417232e-23
0 54 -3.0479233171001310e-03 1.2407131470931325e-22
0 55 -3.3785905406435845e-03 -2.2911829457203933e-23
0 56 -3.5041329342046083e-03 2.6834427727706158e-23
0 57 -3.8473423873384162e-03 9.7201615230780774e-23
0 58 -4.4872569663874581e-03 -3.5532006667501514e-23
0 59 -5.4951656814180858e-03 -1.9557648862591962e-22
0 60 -6.7444088841666187e-03 -1.4616915580839581e-22
0 61 -8.4927716035364496e-03 2.3859527118283995e-23
0 62 -1.0206580275567229e-02 -8.2058991867957052e-22
0 63 -1.1991779423262279e-02 -1.3806066254654755e-22
0 64 -1.3735492554405182e-02 5.0415775154558085e-22
0 65 -1.5526552010011031e-02 3.3225911253478569e-22
0 66 -1.8368277418451862e-02 7.6020643499391354e-22
0 67 -2.1350533033449887e-02 1.0609192628434830e-21
0 68 -2.6247761778079144e-02 3.5947835802883080e-22
0 69 -3.7049388223421985e-02 -1.4716651710868109e-21
0 70 -6.4331120002000419e-02 5.6089427109636062e-21
0 71 -1.5943013723933813e-01 9.7441350667148572e-20
1 0 -3.5537751181550853e-01 -9.0458917673966654e-04
1 1 -1.0090866715491867e-01 -2.4009613611044889e-04
1 2 -4.7646685762976197e-02 1.4095792464950051e-04
1 3 -2.9534584389965864e-02 4.6964919339868609e-05
1 4 -2.1041393222724837e-02 9.1960441449445297e-05
1 5 -1.6046484805420220e-02 -2.6851777352967519e-05
1 6 -1.2358212334602095e-02 -1.4576002445172841e-05
1 7 -9.5357305402640324e-03 -9.8857450055677431e-06
1 8 -7.4514575734906299e-03 3.1985539803668475e-06
1 9 -5.8370471676087591e-03 -2.5916792953409017e-05
1 10 -4.4531321778618306e-03 -2.5266717563140700e-06
1 11 -3.3442476075807369e-03 5.6418014913181586e-06
1 12 -2.5875648134425426e-03 -3.9879631087857418e-06
1 13 -2.0715283660439608e-03 1.5855329790516807e-07
1 14 -1.7701685307797673e-03 7.1558034536730984e-07
1 15 -1.4820179337180354e-03 6.0159896001522144e-06
1 16 -1.2760399201276606e-03 3.2058529909706100e-06
1 17 -1.1317383065833639e-03 6.7331263699290768e-06
1 18 -1.0067789583366174e-03 -2.4684219473730467e-07
1 19 -8.9462552880601473e-04 3.0755262162553502e-06
1 20 -7.8918700906351546e-04 -7.0640141934003567e-06
1 21 -7.0855631319796295e-04 8.3349170209722693e-09
1 22 -6.1121644625967671e-04 -6.0638018314658618e-07
1 23 -5.1601567965570930e-04 6.7096920679683577e-07
1 24 -4.2735415019232447e-04 9.2328952889931324e-07
1 25 -3.5716314400892379e-04 4.1991980654740664e-07
1 26 -3.1531731009408118e-04 1.1698970911039095e-07
1 27 -2.8282435114554622e-04 -1.1801695201604847e-06
1 28 -2.5542230547003869e-04 -1.2251803917630685e-06
1 29 -2.3241362727086706e-04 -1.7673167318736573e-06
1 30 -2.2424539006446139e-04 -2.4729384694539757e-07
1 31 -2.1831283835843415e-04 7.1671736623066989e-07
1 32 -2.0892149151173963e-04 8.6860551878657464e-07
1 33 -2.1119959274103851e-04 -3.1410132875833350e-07
1 34 -2.2931333402322515e-04 2.8760728865531864e-08
1 35 -2.5112555106338632e-04 4.0730437731691425e-07
1 36 -2.4678255152908322e-04 2.8837063661775078e-07
1 37 -2.2840562278042621e-04 3.2264897620716063e-07
1 38 -2.1482733956135815e-04 5.0245472909559609e-07
1 39 -2.2243250478853665e-04 1.8638345571287439e-06
1 40 -2.3228019195849632e-04 1.5453320278992325e-06
1 41 -2.5326079649017291e-04 1.6200005571888512e-06
1 42 -2.9342420261139828e-04 1.6542365940968954e-06
1 43 -3.4511565569228612e-04 1.0713988652986276e-06
1 44 -4.0964550823891464e-04 2.1922078748164119e-07
1 45 -4.9323575017535181e-04 -1.7345018853274564e-06
1 46 -5.8373673448830065e-04 -3.4792607114052114e-06
1 47 -7.2395199959957826e-04 -4.7622955523344765e-06
1 48 -8.6661186796181894e-04 -1.7981275716944611e-06
1 49 -9.9314107737835037e-04 -3.8797114815193387e-06
1 50 -1.1864545713302619e-03 1.6828702855533858e-06
1 51 -1.4434343116928726e-03 2.0038234990459477e-06
1 52 -1.7696435046880004e-03 -1.9537600539079965e-06
1 53 -2.0558774341116635e-03 2.7926021440864896e-06
1 54 -2.3263224463585682e-03 7.5011353646699201e-06
1 55 -2.5777125830066137e-03 -5.0782251048685869e-06
1 56 -2.6593811839672713e-03 -9.7898677543213971e-06
1 57 -2.9331258974485018e-03 -1.9184549164971786e-05
1 58 -3.4226211874749733e-03 -2.3739957003433847e-06
1 59 -4.1933666955859599e-03 3.2753377766269217e-05
1 60 -5.1505260949417566e-03 1.1543487643002744e-05
1 61 -6.5003675282906291e-03 -5.5485550792427999e-05
1 62 -7.8066733638354124e-03 -4.0409326404205543e-05
1 63 -9.1760319514482894e-03 -2.4846284272033941e-05
1 64 -1.0560334976563288e-02 1.6223481862225357e-05
1 65 -1.1847848164221070e-02 -1.5996806455148742e-05
1 66 -1.4039453975398394e-02 5.6614561894404883e-05
1 67 -1.6277419217901587e-02 -3.5457073834446786e-05
1 68 -1.9986003123997786e-02 -1.4046406787382050e-04
1 69 -2.8053977838928792e-02 8.1085929869630080e-05
1 70 -4.6312055331499520e-02 3.6714693171895166e-04
1 71 -9.8404423091415380e-02 -7.2240609384003910e-05
2 0 -1.1573439948122100e-01 -1.1463565131547499e-03
2 1 -5.0403463755832961e-02 -1.7480022520201155e-04
2 2 -2.7366693476896152e-02 1.0038759203981816e-04
2 3 -1.7813235079962048e-02 3.2727366511285751e-05
2 4 -1.2908879294881780e-02 8.5101810894033721e-05
2 5 -9.8842855565883254e-03 -4.4871646964497299e-05
2 6 -7.6102788715112840e-03 -5.6166926822886166e-06
2 7 -5.8666296578233322e-03 1.0704649439054820e-05
2 8 -4.6020135298733434e-03 -2.4121011369700590e-06
2 9 -3.6229966392037787e-03 -4.3575927315591599e-05
2 10 -2.7652489398383704e-03 -8.1066353215453521e-06
2 11 -2.0593783337446874e-03 1.0792220763492864e-05
2 12 -1.5985719053460412e-03 -6.1799520582052993e-06
2 13 -1.2711028867878279e-03 1.1455074163206535e-07
2 14 -1.0851502412393842e-03 6.2377342303634638e-06
2 15 -9.1752680936256329e-04 6.2717263006444393e-06
2 16 -7.8834707093151631e-04 3.0487549668637092e-06
2 17 -6.9466479851942376e-04 9.6009600045016708e-06
2 18 -6.1949144831542071e-04 -2.3516579721216999e-06
2 19 -5.5726902577742988e-04 5.6318445921050380e-06
2 20 -4.8775677263883366e-04 -8.0610665089458858e-06
2 21 -4.4170056484813788e-04 7.8561898500280165e-07
2 22 -3.7882271602390479e-04 -1.6655458162925171e-06
2 23 -3.1939284164489217e-04 5.0277186516145495e-07
2 24 -2.6373935174555833e-04 7.4594572311950330e-07
2 25 -2.2035491730772175e-04 1.0490435857160065e-06
2 26 -1.9682154559526069e-04 6.8237188795682335e-07
2 27 -1.7615927635164928e-04 -1.5974634886370991e-06
2 28 -1.5843717000567614e-04 -1.9252360829345798e-06
2 29 -1.4423348793220548e-04 -2.2796910948669751e-06
2 30 -1.4030649487402371e-04 -1.1467150954025252e-07
2 31 -1.3537444721887032e-04 7.5480829688836115e-07
2 32 -1.2790969053832658e-04 1.0037931340742900e-06
2 33 -1.2966589890833289e-04 -4.9876828197181130e-07
2 34 -1.4094718956214988e-04 3.8661631799523426e-07
2 35 -1.5526021952994281e-04 2.8208050610849436e-07
2 36 -1.5418978446413040e-04 5.1045469675544392e-07
2 37 -1.4299966401433954e-04 4.5263825064880946e-07
2 38 -1.3217215960293670e-04 4.9407084169542586e-07
2 39 -1.3705767284189526e-04 2.6012813004820959e-06
2 40 -1.4292349855454434e-04 2.0960163466301478e-06
2 41 -1.5680046485725972e-04 2.1641434146311203e-06
2 42 -1.8329467001251910e-04 1.8946181775843890e-06
2 43 -2.1483154197048598e-04 1.5075554813167452e-06
2 44 -2.5297455255819705e-04 6.3640710485776347e-07
2 45 -3.0419523394072150e-04 -2.1378025577472007e-06
2 46 -3.5885126997958696e-04 -4.9828296188125211e-06
2 47 -4.4913890800407299e-04 -5.7387350611884265e-06
2 48 -5.3348375418506018e-04 -2.8620956453956015e-06
2 49 -6.1134691150129645e-04 -5.0030732826920715e-06
2 50 -7.3240385839603217e-04 2.7632532486589587e-06
2 51 -8.9086904969686584e-04 6.0683719132551630e-06
2 52 -1.0926487037894363e-03 -7.9549623489936445e-06
2 53 -1.2729404027813397e-03 4.4956675614383891e-06
2 54 -1.4339748300352061e-03 5.7967076018603515e-06
2 55 -1.5920457744074989e-03 -7.2870015049607304e-06
2 56 -1.6195096608365197e-03 -1.1969993713632646e-05
2 57 -1.8093748897014981e-03 -3.0900845691618905e-05
2 58 -2.1143619513516818e-03 -9.9605115352687311e-06
2 59 -2.5847055934078204e-03 3.9847910843006982e-05
2 60 -3.1796822969450871e-03 2.2266529544002730e-05
2 61 -4.0197774339830756e-03 -6.5796990867597084e-05
2 62 -4.8536157995716107e-03 -6.1404862315035197e-05
2 63 -5.6993973963394709e-03 -3.5989266862755015e-05
2 64 -6.6086688188068572e-03 8.6205668485167986e-06
2 65 -7.2929660790478227e-03 -2.0652230737087980e-05
2 66 -8.6655937728128806e-03 9.3632427000293943e-05
2 67 -9.9419900137075207e-03 -3.4153224723261548e-05
2 68 -1.2260480520645080e-02 -1.8866117961137497e-04
2 69 -1.7045314373263044e-02 1.4660638540747836e-04
2 70 -2.6996153062003463e-02 2.7556783261757834e-04
2 71 -4.9488204924300457e-02 1.8787503850493072e-04
3 0 -4.3320555722957586e-02 -7.0789897667298564e-04
3 1 -2.3549738609497734e-02 -2.2727572667653691e-04
3 2 -1.4479493771601818e-02 4.4775135290026175e-05
3 3 -9.7726418862457646e-03 -8.2557608866025349e-05
3 4 -7.3256402508865065e-03 5.2099281489592456e-05
3 5 -5.6500170266695297e-03 -8.8681912807608796e-05
3 6 -4.3474281650670984e-03 -9.7945536316770049e-06
3 7 -3.3530845454783601e-03 2.7121262147470547e-05
3 8 -2.6278505850057857e-03 -1.0839867564664822e-05
3 9 -2.0910240022191631e-03 -4.8609296403250524e-05
3 10 -1.5876018174877840e-03 -1.1543722408234576e-05
3 11 -1.1637617675310890e-03 1.6238537474314000e-05
3 12 -9.0986250401525737e-04 -9.5941971686679739e-06
3 13 -7.1776183686331674e-04 -5.0751499694717129e-07
3 14 -6.1214602737906325e-04 8.5567373115732008e-06
3 15 -5.2485729673057565e-04 3.4110195849165942e-06
3 16 -4.4810746181393366e-04 2.3902685746057683e-06
3 17 -3.9051941458112435e-04 9.3309843681904792e-06
3 18 -3.5449651763054454e-04 -2.9358504998976044e-06
3 19 -3.2281123948124272e-04 6.5516833353363404e-06
3 20 -2.7802019899746903e-04 -7.8538847482900652e-06
3 21 -2.5312208565132657e-04 6.2386468651646689e-07
3 22 -2.1633203791274799e-04 -2.5699835751271699e-06
3 23 -1.8262489347313881e-04 2.7711634978528035e-07
3 24 -1.5057735671822128e-04 6.8735292984578019e-07
3 25 -1.2538408524644774e-04 1.8245833681933707e-06
3 26 -1.1475364270213846e-04 9.6136418821138165e-07
3 27 -1.0179009374122153e-04 -1.4803968138192293e-06
3 28 -9.0897538648014600e-05 -1.5595194858565529e-06
3 29 -8.3006952117311653e-05 -1.9763789798827976e-06
3 30 -8.1463434276477222e-05 -1.2291998721449542e-07
3 31 -7.7248738854322969e-05 1.0117668730020407e-06
3 32 -7.1828913960773712e-05 4.7996396686480794e-07
3 33 -7.3355446601078688e-05 -4.9625717619151087e-07
3 34 -7.9300396432283163e-05 1.0841984408261803e-06
3 35 -8.8719775996877286e-05 -5.2626779125161848e-08
3 36 -8.8899614002393813e-05 6.9117369169636962e-07
3 37 -8.3019600514332663e-05 4.8400445941470968e-07
3 38 -7.4682101504164788e-05 1.5103105999620365e-07
3 39 -7.7782578696807578e-05 2.5870208381830048e-06
3 40 -8.1362642596560108e-05 1.8109629676648052e-06
3 41 -8.9610845689694926e-05 2.0782743056694719e-06
3 42 -1.0550131138475166e-04 9.5098965450266867e-07
3 43 -1.2312784350324238e-04 1.6131232161561041e-06
3 44 -1.4268181152112257e-04 9.8083529070843411e-07
3 45 -1.7347113727771615e-04 -2.6348297600299554e-06
3 46 -2.0321828421174606e-04 -4.4078779410870065e-06
3 47 -2.5622465995856175e-04 -4.2911461191536564e-06
3 48 -3.0134629052299186e-04 -3.4631364234370813e-06
3 49 -3.4561627842849009e-04 -4.5738917660276594e-06
3 50 -4.1688764886309499e-04 2.7063735551339599e-06
3 51 -5.0530906698704439e-04 1.0015799095215355e-05
3 52 -6.2201298229175273e-04 -1.5802603722650833e-05
3 53 -7.2707379053005652e-04 5.5778101617319213e-06
3 54 -8.1399541936977879e-04 6.9428827642328144e-06
3 55 -9.0874852585122467e-04 -5.4005395069548841e-06
3 56 -9.1062286116579203e-04 -8.5164104145464635e-06
3 57 -1.0292377701482665e-03 -3.0723871040113000e-05
3 58 -1.2086509270986083e-03 -2.1325147465410576e-05
3 59 -1.4718860674670373e-03 2.7579512625888818e-05
3 60 -1.8104347109247788e-03 3.7525410791333754e-05
3 61 -2.2749666108850025e-03 -6.3193652569296360e-05
3 62 -2.7853577889969477e-03 -7.4390574856040683e-05
3 63 -3.2707290268330345e-03 -2.8193315605939833e-05
3 64 -3.8118863202821979e-03 6.1790771364774213e-08
3 65 -4.1165699983341485e-03 -1.3051505048348025e-05
3 66 -4.9331025903546211e-03 7.5851427531447191e-05
3 67 -5.5212461449002798e-03 -3.4602495532409727e-05
3 68 -6.9219914281655652e-03 -1.7888902949614153e-04
3 69 -9.4799220803467761e-03 1.6174914616449743e-04
3 70 -1.4710181271592064e-02 2.4300026441574063e-05
3 71 -2.3385571775667580e-02 4.0492890905753366e-04
4 0 -1.7693909709932128e-02 -6.8912179150969714e-05
4 1 -1.0826157132731629e-02 -1.8583329503219439e-04
4 2 -7.3910799648106273e-03 2.5147765964610710e-05
4 3 -5.0834051533360071e-03 -1.4421442108129742e-04
4 4 -4.0171461710112894e-03 2.4876154949871266e-05
4 5 -3.1192266397939514e-03 -1.0611640622395976e-04
4 6 -2.3864331253877118e-03 -2.4388796183403174e-05
4 7 -1.8510884884870827e-03 3.8865086546416892e-05
4 8 -1.4481519631853552e-03 -4.7072329959065268e-06
4 9 -1.1755785018323838e-03 -4.1754567912785348e-05
4 10 -8.6988207355903928e-04 -1.0466491086566594e-05
4 11 -6.2702141561159122e-04 1.5433412534741064e-05
4 12 -4.9484221872445251e-04 -1.0718597276487432e-05
4 13 -3.8529429251277296e-04 4.6731860593213377e-07
4 14 -3.2923369515080330e-04 6.9997978644540607e-06
4 15 -2.8692001991486942e-04 2.5524044220861209e-06
4 16 -2.4206513622220078e-04 1.3003382986932273e-06
4 17 -2.0878491421523452e-04 7.5933133669418983e-06
4 18 -1.9532718275971727e-04 -1.9935736686739016e-06
4 19 -1.7919254109512582e-04 4.0902470509081163e-06
4 20 -1.5080570983293460e-04 -7.2585958489986116e-06
4 21 -1.3667795914432885e-04 -2.3254031163452848e-07
4 22 -1.1729768903020259e-04 -2.4262189536026392e-06
4 23 -9.9199579948746277e-05 5.3713841872689534e-07
4 24 -8.2490675037068755e-05 1.2571279595037941e-06
4 25 -6.7959567377681693e-05 1.5049566773380200e-06
4 26 -6.4477288768159002e-05 9.0095973376484457e-07
4 27 -5.6541412290026094e-05 -1.0365440230534493e-06
4 28 -4.9925789086602111e-05 -5.8886069989293667e-07
4 29 -4.5736992296865781e-05 -1.3565537885996137e-06
4 30 -4.5769392075462369e-05 -2.0508237460042437e-08
4 31 -4.2581579588487546e-05 1.2269756842854306e-06
4 32 -3.8665893023563460e-05 6.6034412570048865e-08
4 33 -3.9629519768734397e-05 -2.5964666847576825e-07
4 34 -4.2575927059620258e-05 1.7994521665915807e-06
4 35 -4.9087142903523460e-05 -3.9215493572252083e-07
4 36 -4.9593541299873364e-05 7.6569245853744547e-07
4 37 -4.6164477160374140e-05 4.8442253723720796e-07
4 38 -4.0046984120452829e-05 -9.6356055783907811e-08
4 39 -4.2396272167146823e-05 2.4598341499240611e-06
4 40 -4.4397537728525046e-05 1.5035856704843735e-06
4 41 -4.9137257900325554e-05 1.7257656374746364e-06
4 42 -5.7355984219974735e-05 -2.3899236528366382e-07
4 43 -6.7414389143098145e-05 1.6501566623743543e-06
4 44 -7.5538362662148705e-05 1.5306178419252279e-06
4 45 -9.4508519436491375e-05 -3.1660396041108092e-06
4 46 -1.1012231723920517e-04 -2.9580617980379511e-06
4 47 -1.3860778543518519e-04 -2.9071703079181179e-06
4 48 -1.6180038036017720e-04 -2.4043396458184533e-06
4 49 -1.8469886001685318e-04 -2.0425479562774226e-06
4 50 -2.2634731480352839e-04 3.0346918553995600e-06
4 51 -2.7149521225551266e-04 1.1210474252116212e-05
4 52 -3.3691233068615302e-04 -1.9756464983914777e-05
4 53 -4.0086685361766326e-04 3.2907434715175053e-06
4 54 -4.4416364514459375e-04 8.6061742202318269e-06
4 55 -4.9743864719730118e-04 -3.0963955168814805e-06
4 56 -4.9260008290731290e-04 -1.1404617881626221e-06
4 57 -5.6635358578179288e-04 -1.9027316155668915e-05
4 58 -6.6341998774255176e-04 -2.5700806937932348e-05
4 59 -8.0452119838398718e-04 7.5724593770443170e-06
4 60 -9.8574967070715926e-04 4.6097415551890495e-05
4 61 -1.2193917400638663e-03 -5.7459601546598740e-05
4 62 -1.5203607375957001e-03 -6.6642064568444060e-05
4 63 -1.8068009792007787e-03 -1.0980667652737426e-05
4 64 -2.0819338582002888e-03 -6.4300940423829240e-06
4 65 -2.2186601862630813e-03 -2.5522327118158317e-06
4 66 -2.6856336375484895e-03 4.0873159979327291e-05
4 67 -2.9055443211223587e-03 -4.7957780204313226e-05
4 68 -3.7425194766599807e-03 -1.1810070643788907e-04
4 69 -5.0520349969524229e-03 1.7625274699678751e-04
4 70 -7.8349100966482541e-03 -9.9983391097084508e-05
4 71 -1.0772989129596703e-02 4.1132708910222594e-04
5 0 -7.7480623421725403e-03 1.7489749816388558e-04
5 1 -5.0492511072918952e-03 -1.3058831925846830e-04
5 2 -3.7222896602917581e-03 -3.5948244052827915e-06
5 3 -2.5564584255163871e-03 -1.0282321513661692e-04
5 4 -2.1733339027568397e-03 3.3313487839185610e-05
5 5 -1.6840891994317419e-03 -9.5096844469170033e-05
5 6 -1.2738015485534986e-03 -3.8729843027896353e-05
5 7 -9.9908436710541759e-04 4.1877676619870808e-05
5 8 -7.8571137207221421e-04 4.3443839966656181e-07
5 9 -6.5532148622253375e-04 -3.3937440635931711e-05
5 10 -4.6326037003299356e-04 -6.7282765818082296e-06
5 11 -3.2727776265243578e-04 9.3213023872406195e-06
5 12 -2.5939974353520080e-04 -8.3681309916054260e-06
5 13 -1.9968117277346432e-04 1.7435099924372125e-06
5 14 -1.6999595548304659e-04 4.0739987645408386e-06
5 15 -1.5158505548750433e-04 1.1490568992728572e-06
5 16 -1.2499178584285267e-04 1.2513788765220552e-06
5 17 -1.0905844581421794e-04 5.8956339124971992e-06
5 18 -1.0458346096079727e-04 -5.9101123580188136e-07
5 19 -9.6845472592486112e-05 5.3768641980072748e-07
5 20 -7.8510694629126048e-05 -6.7367851237295071e-06
5 21 -7.0141448514812711e-05 4.4991500606945499e-07
5 22 -6.1826804216063820e-05 -1.6204287761372401e-06
5 23 -5.2493431832867601e-05 1.0769458921072418e-06
5 24 -4.3595241320840533e-05 1.8108434914822036e-06
5 25 -3.5655219246641543e-05 1.0174997171481458e-06
5 26 -3.4756267948864923e-05 5.6698996011658417e-07
5 27 -3.0688793407966654e-05 -4.9230097288708264e-07
5 28 -2.6917299109852511e-05 1.2205456375116662e-07
5 29 -2.4413783935985684e-05 -1.6866078601400995e-06
5 30 -2.5232611346334198e-05 1.2411301468687690e-07
5 31 -2.3091908176556144e-05 1.2555093880655782e-06
5 32 -2.0496502273140724e-05 -4.9367810641362093e-08
5 33 -2.0433213713042494e-05 -1.7991166883451736e-07
5 34 -2.2368283595814038e-05 2.0447231937054495e-06
5 35 -2.6536761295128379e-05 -1.5770590320074854e-07
5 36 -2.7229481907405646e-05 7.4531921366699960e-07
5 37 -2.4945907245232485e-05 4.0385869543409506e-07
5 38 -2.0350742463071323e-05 -1.3565964636670350e-08
5 39 -2.2452890629264076e-05 2.2732384395757519e-06
5 40 -2.3100634938516927e-05 1.5502635839869174e-06
5 41 -2.6287069292637611e-05 9.9749778502537593e-07
5 42 -2.9699183112950883e-05 -9.7495821944660504e-07
5 43 -3.5945968702244378e-05 1.2237971667771302e-06
5 44 -3.7562720280740905e-05 1.4745063693671203e-06
5 45 -4.9757004205719545e-05 -3.4364622455638302e-06
5 46 -5.7706887661061659e-05 -1.3558981976254444e-06
5 47 -7.2591872680112293e-05 -1.2755728084397854e-06
5 48 -8.3508440308615429e-05 1.8010385761298786e-07
5 49 -9.4048701389929973e-05 1.4161417331950725e-06
5 50 -1.1966808104270870e-04 2.0640949184611458e-06
5 51 -1.3836276050875282e-04 1.0275777909659402e-05
5 52 -1.7587014811776754e-04 -2.0162993828462649e-05
5 53 -2.2012208617649983e-04 -3.4974549751467981e-07
5 54 -2.3657012169028154e-04 5.9028408861567069e-06
5 55 -2.6578095182812730e-04 -3.4045258048685177e-06
5 56 -2.5889977254587394e-04 3.3899209828349628e-06
5 57 -3.0690254453987306e-04 -1.0175970487015276e-05
5 58 -3.5340081305634493e-04 -1.9900131133929835e-05
5 59 -4.2185721353523050e-04 -1.3192792989987013e-05
5 60 -5.3369085828685985e-04 4.6908993253087117e-05
5 61 -6.2238128205420299e-04 -3.8914035155223182e-05
5 62 -7.9644252834172840e-04 -4.6661840403614801e-05
5 63 -9.8095011503516864e-04 -5.2165182319248699e-06
5 64 -1.0949897121538539e-03 -2.4204157098868105e-05
5 65 -1.1582965348052032e-03 9.4964221815162667e-06
5 66 -1.4197539348005902e-03 1.0816161228483168e-05
5 67 -1.4830901616781768e-03 -4.6676565688966879e-05
5 68 -1.9652051524163879e-03 -8.9193567512009986e-05
5 69 -2.6713014295443021e-03 1.9415432706486308e-04
5 70 -4.1805770287455489e-03 -1.1669040197637705e-04
5 71 -5.0311251848450212e-03 2.8093484795888599e-04
6 0 -3.6281825429446851e-03 2.5742897840287605e-04
6 1 -2.3306304795218283e-03 -2.1239779353076152e-04
6 2 -1.8685425850595307e-03 -2.1960804177232590e-05
6 3 -1.2689913908534840e-03 -7.3273266253986809e-05
6 4 -1.1827655110089094e-03 5.1023573647150793e-05
6 5 -8.9086751252471673e-04 -6.7901111664229715e-05
6 6 -6.5519003563774888e-04 -5.2896645200337774e-05
6 7 -5.2019113621652486e-04 3.5591613351223149e-05
6 8 -4.3065543098551892e-04 2.7140878199052266e-06
6 9 -3.7140041273002054e-04 -2.7127032404371168e-05
6 10 -2.5099713762080953e-04 -5.1729222476550902e-06
6 11 -1.6444587834389251e-04 2.4468025041132285e-07
6 12 -1.3165713951788797e-04 -5.6523696765896078e-06
6 13 -1.0144924658700574e-04 1.7142959421929850e-06
6 14 -8.5335753999019710e-05 9.1917012921652342e-07
6 15 -7.7343981523555081e-05 -1.9167106121090036e-06
6 16 -6.1977629899415295e-05 2.2033067841748740e-06
6 17 -5.7674364900725938e-05 4.6888935965803897e-06
6 18 -5.4814943062120129e-05 9.2752739921418677e-07
6 19 -5.0982824811087147e-05 -3.9128713340144680e-07
6 20 -3.8160601219962277e-05 -6.1461543113367486e-06
6 21 -3.6024837254624374e-05 1.8609192389606268e-06
6 22 -3.1688605444634652e-05 -8.3003995912003240e-07
6 23 -2.7214208713668483e-05 1.2137272928584230e-06
6 24 -2.1757564089786581e-05 1.9762553457716306e-06
6 25 -1.8604435204318489e-05 5.5039885821263337e-07
6 26 -1.8036608933115481e-05 5.6311579041325781e-08
6 27 -1.5965253348436014e-05 1.3882042171275341e-07
6 28 -1.4387016281070912e-05 5.4242497394808742e-07
6 29 -1.2685685836175937e-05 -2.3690259750552901e-06
6 30 -1.3885505522908820e-05 -6.1536712515325426e-08
6 31 -1.2264034017271088e-05 1.1002681089655985e-06
6 32 -1.0996811459734259e-05 3.0417121165435867e-08
6 33 -1.0038594543616109e-05 -3.7413354287778402e-07
6 34 -1.1930074433735332e-05 1.8534634829009585e-06
6 35 -1.3979143800223683e-05 3.1168087150514189e-07
6 36 -1.4878768778020280e-05 6.8431316845015859e-07
6 37 -1.3254213475623401e-05 7.3946759722838164e-07
6 38 -1.0207731360460482e-05 9.7620700316264455e-08
6 39 -1.1752410781916585e-05 2.0110289836275965e-06
6 40 -1.1245178670715545e-05 1.4342952004051180e-06
6 41 -1.3658100350427299e-05 1.1483085010987026e-07
6 42 -1.4238700592117662e-05 -1.4262498213910884e-06
6 43 -1.9175229490447274e-05 6.6818939260997740e-07
6 44 -1.7223217946287747e-05 1.0592920878291849e-06
6 45 -2.5120682140012817e-05 -3.0084884446898635e-06
6 46 -2.9976805379500811e-05 -6.0222323677550802e-08
6 47 -3.6617822545231355e-05 -1.5118159639103701e-06
6 48 -4.0947450614484440e-05 2.6285634367435514e-06
6 49 -4.6129261589665882e-05 3.4441027985678754e-06
6 50 -6.1918514801562218e-05 1.2392437236634223e-06
6 51 -6.4616204212306170e-05 8.3891295007656209e-06
6 52 -9.0152306642904875e-05 -2.1501576456093390e-05
6 53 -1.2452030565193405e-04 -3.3141169522621455e-06
6 54 -1.2271251830455791e-04 1.2220027292603135e-06
6 55 -1.3903035104761437e-04 -5.3658012761285757e-06
6 56 -1.3563269258301267e-04 6.6524553938507647e-06
6 57 -1.5877500109599477e-04 -8.3306884866557395e-06
6 58 -1.8177340844390341e-04 -1.7004748558625155e-05
6 59 -2.1008109576994887e-04 -2.0345623737853013e-05
6 60 -2.9232497915494945e-04 3.7480750202160092e-05
6 61 -3.0060476033875447e-04 -1.8501345093296192e-05
6 62 -4.0282457096938324e-04 -2.5198415591281673e-05
6 63 -5.2278201279907751e-04 -5.5953527364645581e-06
6 64 -5.6163508986230325e-04 -3.9699180596180060e-05
6 65 -5.8696855277158881e-04 2.6412273876797804e-05
6 66 -7.2159002685792065e-04 1.9633324180128905e-07
6 67 -7.4000129050036953e-04 -4.3457711652606237e-05
6 68 -1.0280289609950850e-03 -9.0676085193027407e-05
6 69 -1.4349914000337213e-03 1.9010692774923404e-04
6 70 -2.3571448144143114e-03 -6.5582682326445504e-05
6 71 -2.3331578566355162e-03 1.7192463063837215e-04
7 0 -1.5911870212533194e-03 4.0280220842893054e-04
7 1 -9.7304256938479162e-04 -2.4443939148820719e-04
7 2 -9.0107841184808453e-04 -9.3148722898860364e-06
7 3 -6.6541554127678190e-04 -9.3354512336147520e-05
7 4 -6.2527939400256079e-04 7.3278535943661357e-05
7 5 -4.7166886290453424e-04 -3.8932946669729416e-05
7 6 -3.1970487163037977e-04 -7.0284824613970877e-05
7 7 -2.5463418771506268e-04 2.9626628902689573e-05
7 8 -2.4700589819369033e-04 -4.4581421312548868e-06
7 9 -2.1437309828356040e-04 -2.2403255125267502e-05
7 10 -1.3607206778844233e-04 -6.5673518436031365e-06
7 11 -7.9891246342244764e-05 -6.2878809209369419e-06
7 12 -6.4427932763695193e-05 -1.2952659451885310e-06
7 13 -5.1176338102112286e-05 1.7873359991672645e-06
7 14 -4.4177484271742269e-05 -8.9211577030548723e-07
7 15 -3.9043317888639659e-05 -3.8788563773439232e-06
7 16 -2.9465510180554239e-05 3.7172912061746642e-06
7 17 -3.2042083677384584e-05 3.8061978969100472e-06
7 18 -2.8818866222766765e-05 2.0009341311827021e-06
7 19 -2.5736232571135719e-05 5.1132950895904752e-07
7 20 -1.5264416769384200e-05 -5.6225128600225298e-06
7 21 -1.9328781766182163e-05 3.3545871639541459e-06
7 22 -1.5442201920846450e-05 5.7481807371254716e-09
7 23 -1.3274981175257128e-05 7.0863351998888907e-07
7 24 -1.0720273739613217e-05 1.7483695455930383e-06
7 25 -9.6391969726482822e-06 -2.9712328429604973e-08
7 26 -8.9919974558675958e-06 -2.7148682085816773e-07
7 27 -7.6732388291580079e-06 9.0662180424709204e-07
7 28 -7.4855042459939599e-06 8.3177984919368561e-07
7 29 -6.2658239797707526e-06 -2.5797337994634828e-06
7 30 -7.7312346764165502e-06 -2.6593212245195531e-07
7 31 -6.2554394294848705e-06 1.0338512679941218e-06
7 32 -6.1412444975996541e-06 1.8754465174062577e-08
7 33 -4.8783125576072761e-06 -6.6718146866129106e-07
7 34 -6.6205310351116013e-06 1.2184748850471216e-06
7 35 -6.8711276069278227e-06 8.3088563762168370e-07
7 36 -8.5075255938516580e-06 3.2977241938189381e-07
7 37 -7.0692502038533367e-06 1.1265168852728341e-06
7 38 -5.3515358709065118e-06 -2.6777573286454532e-08
7 39 -6.0609893161491691e-06 1.4538142346827002e-06
7 40 -5.0574265586950744e-06 8.3818259958369915e-07
7 41 -6.7630707007811453e-06 -5.0028905086643666e-07
7 42 -6.0521291236720426e-06 -1.4015874316505796e-06
7 43 -1.0429822718316543e-05 4.2656949298314913e-07
7 44 -6.7906322241966402e-06 7.7063028233138611e-07
7 45 -1.2715468017707291e-05 -2.7995220074020992e-06
7 46 -1.5797693183276487e-05 2.3914505038151149e-07
7 47 -1.7182920878674103e-05 -1.7450442818790470e-06
7 48 -1.9376354499718502e-05 4.2850168036411909e-06
7 49 -2.1763306848472773e-05 2.7927091645531932e-06
7 50 -3.2666561111470827e-05 6.9462597718255274e-07
7 51 -2.5999257421476397e-05 6.9272974188904894e-06
7 52 -4.7769999514540534e-05 -2.0525121834214447e-05
7 53 -7.3424523275667528e-05 -2.6538339522779588e-06
7 54 -6.1482515754193861e-05 -1.5585928396169129e-06
7 55 -7.1168729014166505e-05 -5.2163820315229118e-06
7 56 -6.8814077655438444e-05 6.6851915635011733e-06
7 57 -7.6714584800229019e-05 -9.5349597165797654e-06
7 58 -8.9349525998892935e-05 -1.4638842453235866e-05
7 59 -9.2310091657015218e-05 -1.6889799044694719e-05
7 60 -1.6820492671394758e-04 2.7761398058527689e-05
7 61 -1.4158259631784212e-04 -4.3133765729311800e-06
7 62 -1.9023328657339616e-04 4.6345674147428744e-06
7 63 -2.7821325288613914e-04 9.5875039917821967e-06
7 64 -2.8107423189788645e-04 -3.5509442902107555e-05
7 65 -2.8712618413311063e-04 2.6888265418924436e-05
7 66 -3.3640482903576473e-04 -3.5020769175715426e-06
7 67 -3.6313098386012513e-04 -5.4920277940249052e-05
7 68 -5.7311406806776475e-04 -5.8268284150538208e-05
7 69 -7.6466021356676433e-04 1.3927545486208366e-04
7 70 -1.3988163684317634e-03 -6.8804070503567910e-05
7 71 -1.0858106378600016e-03 1.2428070519315755e-04
8 0 -6.6733095647313414e-04 2.8217297188316972e-04
8 1 -3.8874980237960197e-04 -1.8594206393394552e-04
8 2 -4.0121790223818883e-04 -8.7045761146165248e-06
8 3 -4.2609355471455820e-04 -1.1871603902394249e-04
8 4 -3.1286026615245325e-04 8.1397439805115958e-05
8 5 -2.3768089485727144e-04 -2.1618231728672894e-05
8 6 -1.5223069113305579e-04 -6.4060477620772325e-05
8 7 -1.1593536947649944e-04 1.7963483094883078e-05
8 8 -1.3721524464752773e-04 -1.0685116019236075e-05
8 9 -1.2500402593317982e-04 -1.7532786650805969e-05
8 10 -6.7845043204429765e-05 -7.8306142621409161e-06
8 11 -3.8071225477454513e-05 -5.6507949346286389e-06
8 12 -3.1138839884815713e-05 1.3347665933347201e-06
8 13 -2.4950851563019464e-05 1.8449668781794023e-06
8 14 -2.7088916833494513e-05 -3.2911321486267354e-07
8 15 -2.0003484964561319e-05 -4.6597326081349749e-06
8 16 -1.2652582957798803e-05 4.0253786835494570e-06
8 17 -1.7829609109843471e-05 3.3952555145245418e-06
8 18 -1.7628296079790488e-05 3.3414031600624296e-06
8 19 -1.2426256854499879e-05 2.6027656778890159e-07
8 20 -4.4692417013259407e-06 -5.8139795526756071e-06
8 21 -1.1006474732440548e-05 3.7414699492253923e-06
8 22 -7.3809739573090667e-06 2.8543220270632386e-07
8 23 -6.0336558586133367e-06 -3.7626025750369362e-08
8 24 -5.9858063452486617e-06 1.9069802384771252e-06
8 25 -4.7958593888524800e-06 -5.8176834763367312e-07
8 26 -4.1306813222543207e-06 -3.5236868352995491e-07
8 27 -3.0743073718525926e-06 1.4708441462739987e-06
8 28 -3.7756868028269217e-06 8.1510832204472540e-07
8 29 -2.8879692126206920e-06 -2.1713021711353620e-06
8 30 -4.4532624525650810e-06 -1.0411425871285141e-08
8 31 -2.9779162791180033e-06 9.7989036919524113e-07
8 32 -3.6252553276709883e-06 -6.1177694775646607e-08
8 33 -2.3561504766651368e-06 -8.4540452918167428e-07
8 34 -3.6365355025692625e-06 6.5653424571015900e-07
8 35 -3.5179811895001758e-06 7.9765995257291900e-07
8 36 -5.3442729066328840e-06 -3.0089935136824755e-08
8 37 -3.8778857610375448e-06 1.1525594695451559e-06
8 38 -3.2422808532444492e-06 -2.6359665442863439e-08
8 39 -2.8968782478240831e-06 8.0121530583956676e-07
8 40 -2.2157566542275640e-06 2.0082631205520222e-07
8 41 -3.1077945741713308e-06 -6.3061030971406811e-07
8 42 -1.9800173358436757e-06 -9.9121485812929136e-07
8 43 -5.5824573681540438e-06 5.9174357776459439e-07
8 44 -1.8432455381790721e-06 6.1235148140407296e-07
8 45 -6.5220467602677435e-06 -2.2507217796212019e-06
8 46 -7.9046119131291158e-06 1.1841282056699638e-06
8 47 -7.0484199836616847e-06 -2.1043852718359484e-06
8 48 -8.6738938466717937e-06 4.9276419602163523e-06
8 49 -9.0548114095764748e-06 3.3021592986001347e-07
8 50 -1.8713669222483926e-05 -3.4509505570741624e-07
8 51 -7.5126311147962523e-06 4.8586782977770292e-06
8 52 -2.4872569043193346e-05 -1.5902940301811272e-05
8 53 -4.4174813976108041e-05 -1.5443757828862567e-06
8 54 -3.1100276481287745e-05 -1.2521470965668315e-06
8 55 -3.2225298429045660e-05 -3.9058686834289690e-06
8 56 -3.1658754225635479e-05 5.3323423792966981e-06
8 57 -3.6678709840592444e-05 -1.4282473871573469e-05
8 58 -4.7907529203144950e-05 -8.6379885278140610e-06
8 59 -2.8455024223898926e-05 -1.3821253317042229e-05
8 60 -9.7794110797971742e-05 2.7407150552862891e-05
8 61 -6.5417815874321920e-05 -1.2680448814583834e-06
8 62 -8.5252646085946533e-05 1.2828193429426012e-05
8 63 -1.4445839763360180e-04 1.5479052133966576e-05
8 64 -1.3869176125942909e-04 -2.1090620336719817e-05
8 65 -1.3376727591799179e-04 2.3525392248265704e-05
8 66 -1.3927248773448221e-04 7.6598232378647531e-06
8 67 -1.8242765349944022e-04 -6.8306861921564279e-05
8 68 -3.4488090569160113e-04 -3.0285673743408891e-05
8 69 -4.0660011042124443e-04 7.4012078199834245e-05
8 70 -8.5135643618746532e-04 -6.1163753110770941e-05
8 71 -5.0422853397834159e-04 1.3831832781937854e-04
9 0 -2.2898547939819087e-04 -5.8275605100135851e-05
9 1 -1.4510092039298199e-04 -1.2147310542915851e-04
9 2 -1.4597166972229274e-04 -5.8005942197478489e-05
9 3 -3.2649223768305499e-04 -1.0621028108820312e-04
9 4 -1.5477587907417295e-04 7.1796949231800870e-05
9 5 -1.0883174859087290e-04 -4.3924492887106392e-06
9 6 -7.2783954392904453e-05 -4.2334728967390613e-05
9 7 -3.6454712615641193e-05 1.3947536859927547e-05
9 8 -6.6341612229586655e-05 -2.5966092129564830e-06
9 9 -7.3633941756478592e-05 -1.1800812352921944e-05
9 10 -3.1685410870501398e-05 -1.0289279318549023e-05
9 11 -2.0172436233676673e-05 -7.8430010579365423e-06
9 12 -1.7391953143531359e-05 5.6869779009559324e-06
9 13 -1.0318950517911782e-05 1.6992049182039656e-06
9 14 -2.0202310618819244e-05 2.6706249938001143e-06
9 15 -9.7714593981532688e-06 -6.5810201723549467e-06
9 16 -3.5780392598030593e-06 3.5763863325745468e-06
9 17 -8.7339577112920487e-06 2.3904210098329861e-06
9 18 -1.2826694634323480e-05 3.5339412761869677e-06
9 19 -4.8133550750327989e-06 -1.0571926735898342e-06
9 20 3.1942610751325522e-08 -4.9743406365242554e-06
9 21 -6.4149515554031319e-06 2.6777614668805053e-06
9 22 -3.2121938865102357e-06 4.6952901342770295e-07
9 23 -2.0561630538800016e-06 -2.9502951607131478e-07
9 24 -3.9925718560389932e-06 1.8875512678078086e-06
9 25 -2.0483945959410914e-06 -1.1547718554622219e-06
9 26 -1.9156264963930867e-06 -1.8072187770335533e-07
9 27 -6.6909358798306157e-07 1.6075567142265694e-06
9 28 -2.1756526193065615e-06 4.5116222111809845e-07
9 29 -1.1522000198429120e-06 -1.4370010066555135e-06
9 30 -2.7768976956354757e-06 3.0694798765531729e-07
9 31 -1.2469851920480532e-06 8.5053730438632395e-07
9 32 -2.2611152558924265e-06 -7.3982812404263998e-08
9 33 -1.0573120209631942e-06 -6.5925847432599832e-07
9 34 -2.2142055197219212e-06 4.5723534001101050e-07
9 35 -2.0980684391868117e-06 7.5448289245306101e-07
9 36 -3.6243955635704713e-06 -2.9098026583730592e-07
9 37 -2.1013609142350031e-06 9.9257909867709487e-07
9 38 -2.2176517156108999e-06 2.5574169794800801e-07
9 39 -9.6943803888866664e-07 1.6776706507309513e-07
9 40 -9.8278245042803922e-07 1.2522918463619011e-07
9 41 -1.4082462116488661e-06 -1.8914482217342444e-07
9 42 -5.7899580340196193e-07 -3.5316331070274725e-07
9 43 -2.9322616208628479e-06 6.9711309638890611e-07
9 44 -1.5268982543934212e-07 7.8082268463465026e-07
9 45 -3.9861115705046903e-06 -1.5288412041377219e-06
9 46 -3.2497473516650377e-06 1.2857403281559263e-06
9 47 -1.9883608971961282e-06 -1.3017569442631995e-06
9 48 -4.2717897427277230e-06 5.2737678951081893e-06
9 49 -4.1117467450519024e-06 -1.9173250133857700e-06
9 50 -1.3265762500450013e-05 -3.2474040084493622e-06
9 51 -1.4275267814738897e-06 2.3876727042334932e-06
9 52 -1.3133151631528005e-05 -1.0434674824795865e-05
9 53 -2.2928556162092669e-05 -1.7738112375575265e-06
9 54 -1.5456927489533783e-05 2.0703167755725804e-07
9 55 -9.1190691966994046e-06 1.7219783511385574e-06
9 56 -1.0583396240825750e-05 3.0643402514473397e-06
9 57 -1.6482187389246151e-05 -1.9737691829209471e-05
9 58 -2.8795482274246608e-05 -1.3838123501613235e-06
9 59 1.8418938119404962e-06 -1.3647491450173795e-05
9 60 -5.5586819224977914e-05 2.4090371945955828e-05
9 61 -3.1947082866727651e-05 -6.7020099608286753e-06
9 62 -3.7750709954990565e-05 2.0000885040933317e-05
9 63 -7.5821249918292541e-05 -1.3724538731052979e-06
9 64 -6.4511267718253687e-05 -6.0738876291257805e-06
9 65 -7.1344037379621601e-05 1.8653373175478985e-05
9 66 -5.0801321505069058e-05 2.9007843675342230e-05
9 67 -9.2438464018434257e-05 -6.7486355423634870e-05
9 68 -2.2297440651470110e-04 -2.1709660883521592e-05
9 69 -2.1714795632165641e-04 1.3264879368883585e-05
9 70 -5.0045004490705675e-04 -5.1797978640259961e-06
9 71 -1.8892284382848637e-04 1.7802769999630545e-04
10 0 -1.2786823530444428e-04 -1.1160182449419482e-04
10 1 -7.5483916415401391e-05 -6.3341209067373699e-05
10 2 -4.5305257564156005e-05 -8.9817863183195708e-05
10 3 -2.2869862339749823e-04 -6.3253739044065907e-05
10 4 -8.6261947725045163e-05 6.0861304525193411e-05
10 5 -3.4264923645383236e-05 -1.2694849656102275e-05
10 6 -4.4785576342839975e-05 -2.3326224748882777e-05
10 7 1.1924596544478542e-05 1.3617659410103798e-05
10 8 -1.7192585265643811e-05 1.0099672021645994e-05
10 9 -4.4346557614698392e-05 -7.0361497855084518e-06
10 10 -8.1897894329281911e-06 -1.3794748998687711e-05
10 11 -1.3958732050859841e-05 -9.4097749667441542e-06
10 12 -1.2630094213736680e-05 7.5258182771190591e-06
10 13 -3.8000604633669983e-06 1.3243424378162929e-06
10 14 -1.6224713267121580e-05 6.0854991061578915e-06
10 15 -3.7519854516032299e-06 -8.0483689072724599e-06
10 16 -6.1040694120330073e-09 1.7230161124650415e-06
10 17 -2.5700347664024530e-06 1.1888056147172641e-06
10 18 -1.0224717792327321e-05 3.9897676254035139e-06
10 19 -5.2476563989271653e-08 -1.7183845742576017e-06
10 20 1.6494041114583302e-06 -3.5011256507615444e-06
10 21 -3.6665122897853880e-06 9.7775814970699839e-07
10 22 -1.7426184011305312e-06 3.6091524190339936e-07
10 23 -7.7492772321320949e-07 -5.6021981995191240e-08
10 24 -3.0077140741069642e-06 1.9855132061325879e-06
10 25 -4.2758870710881891e-07 -1.0597100454357571e-06
10 26 -7.8355223620375733e-07 -2.7331459501940102e-07
10 27 4.8793367361651461e-07 1.0949352045355286e-06
10 28 -1.4115571226125239e-06 1.0181213175506168e-07
10 29 -3.4224119667724103e-07 -5.4042552321631092e-07
10 30 -1.8656451806350570e-06 5.5413444588990269e-07
10 31 -3.0821953630020526e-07 7.0227928772056941e-07
10 32 -1.6035151687152953e-06 -6.8085112729832254e-08
10 33 -3.6396753524679030e-07 -4.3869570714677241e-07
10 34 -1.4360220656609730e-06 4.5968198668292116e-07
10 35 -1.2417739952147054e-06 7.8471095631387284e-07
10 36 -2.3076151766495452e-06 -6.9357007795747937e-07
10 37 -9.6463753344169543e-07 5.9996754352018948e-07
10 38 -1.5894209924567575e-06 5.2021321807255080e-07
10 39 8.1820872421391798e-08 -1.2410207929260304e-07
10 40 -2.6965728509170767e-07 1.7769861506097686e-07
10 41 -7.3620452185766822e-07 3.4540662394082522e-07
10 42 -2.2581902790371119e-07 -4.9672929800633579e-08
10 43 -1.4405550315236631e-06 7.3862659631565776e-07
10 44 4.2148477931361327e-07 5.0893604829917830e-07
10 45 -2.8279648868023623e-06 -1.0931069491112028e-06
10 46 -2.4692174324343294e-07 5.3879803328799585e-07
10 47 -6.7963503691607255e-07 1.9229710057941417e-07
10 48 -1.6258394512242315e-06 4.5247701208629795e-06
10 49 -2.5467674231753460e-06 -2.7839778117759661e-06
10 50 -1.1397645555829150e-05 -4.7586201558303439e-06
10 51 -6.4484017677161303e-08 5.2962302477742257e-07
10 52 -5.9539778786852798e-06 -5.8092325721590578e-06
10 53 -7.5984092133913616e-06 -3.5867096059779829e-06
10 54 -1.0318783946082782e-05 1.6257945542728387e-06
10 55 1.1025692691179619e-06 8.6362483701775774e-06
10 56 3.0572829534906284e-06 -1.1074162598076656e-06
10 57 -5.3690824457675776e-06 -1.7804832992438350e-05
10 58 -1.7438638914865734e-05 1.1381365401848390e-06
10 59 8.1540798303291539e-06 -1.3122341903521559e-05
10 60 -3.2652055675047511e-05 1.8021802557760811e-05
10 61 -1.3671174947527043e-05 -8.8263304307461210e-06
10 62 -2.7283424602830377e-05 2.3421520638080382e-05
10 63 -3.9868308377919004e-05 -3.0690228464382733e-05
10 64 -3.3132538849888179e-05 2.1139110322627551e-05
10 65 -4.9302879408452339e-05 4.9003422525721291e-06
10 66 -5.9758998266600003e-06 3.4510055207466955e-05
10 67 -3.7716353768262144e-05 -5.7510530573415616e-05
10 68 -1.6849878064158235e-04 -2.5565189471037919e-05
10 69 -7.9850864323131827e-05 -3.0113534227279718e-05
10 70 -3.1624392816332708e-04 3.7911258697922706e-05
10 71 -3.3157520502895770e-05 2.1816848070760298e-04
