0 0 -1.1373560971121539e+00 1.3241834155323815e-19
0 1 -1.3586954908254442e-01 -5.1647130616554433e-20
0 2 -4.4289069145449590e-02 -1.7362806700970530e-21
0 3 -2.5834635270324247e-02 1.1357530529394751e-21
0 4 -1.7699448001539289e-02 2.8340461046763485e-22
0 5 -1.2559040443954898e-02 -5.1441218382892495e-22
0 6 -1.0014836428821519e-02 -2.4139551731278205e-22
0 7 -8.5938581790709380e-03 1.7386814934824486e-22
0 8 -6.8191336081790625e-03 5.2855148659416987e-22
0 9 -5.2743216341554653e-03 1.2491876535750828e-22
0 10 -4.2898675788590719e-03 -1.3996312601771210e-22
0 11 -3.3191494987409556e-03 -1.2538175814340556e-24
0 12 -2.5641725782055433e-03 -1.7171915450457439e-22
0 13 -1.9859586983894963e-03 3.9838049827606863e-23
0 14 -1.5164404162823291e-03 -6.7537438215175380e-23
0 15 -1.1583946514660422e-03 3.9785409094887446e-23
0 16 -9.0882151192274755e-04 -2.5295361694682870e-23
0 17 -7.6268374097957544e-04 -3.3182319149085480e-23
0 18 -6.5587865876912577e-04 1.9667168098148825e-23
0 19 -6.0008017417015314e-04 -6.5060566716464839e-24
0 20 -5.4314444464423947e-04 1.4804789056978919e-23
0 21 -4.7952512052406893e-04 -2.5174672152719016e-23
0 22 -4.2063792117884649e-04 4.6181155603226454e-24
0 23 -3.5856489538556627e-04 1.0275265617751425e-26
0 24 -2.9639358862703318e-04 -4.8754203463044200e-24
0 25 -2.4650472283715009e-04 1.2503121661620487e-23
0 26 -2.1607897362305097e-04 5.6104912506745850e-25
0 27 -1.9953942212165476e-04 -2.5195107279219405e-24
0 28 -1.7938877435569930e-04 7.4897291273268958e-24
0 29 -1.5229035480913619e-04 -7.5111344634309108e-25
0 30 -1.3020643111382848e-04 1.7933178658571345e-24
0 31 -1.1583499415051887e-04 -2.0767637101250577e-24
0 32 -1.0653681308522118e-04 3.1024007296211493e-24
0 33 -1.0154563391127710e-04 -2.0308136159320599e-24
0 34 -9.7912793282698936e-05 1.6973848965329935e-24
0 35 -1.0112006799480217e-04 2.4620864160098548e-24
0 36 -1.0691090433544929e-04 4.0627765962278652e-25
0 37 -1.0959014762886935e-04 -5.2389964086776420e-24
0 38 -1.0666878585669713e-04 1.5400298896163770e-25
0 39 -1.0923392006062823e-04 6.5707483034646068e-24
0 40 -1.1925775264297839e-04 -3.1701182441809470e-25
0 41 -1.4282350221933444e-04 3.8594235050396072e-24
0 42 -1.7840758106641851e-04 8.3850454003709148e-24
0 43 -2.2889477490717586e-04 -7.4784467435697880e-24
0 44 -2.9130865047064349e-04 1.2182336527576666e-24
0 45 -3.7001522426255000e-04 1.8384550134147465e-23
0 46 -4.6057666318655507e-04 2.6768077122664664e-23
0 47 -5.6941586514640556e-04 1.3681039039006702e-23
0 48 -7.0959932533979731e-04 -9.3325298671015508e-24
0 49 -8.6253044602853726e-04 4.7413885287137316e-23
0 50 -1.0438313489497611e-03 1.5407989394199807e-23
0 51 -1.3039297081562516e-03 2.9825234195838766e-23
0 52 -1.6542260441507663e-03 -2.3617246977376494e-23
0 53 -2.0219099972070735e-03 1.3705948179408824e-23
0 54 -2.3392316669121767e-03 -7.7170141499493595e-23
0 55 -2.7712404228092242e-03 1.4493036074835184e-22
0 56 -3.3856234652525330e-03 8.0319150987211934e-23
0 57 -4.0811850494729242e-03 1.9085032263544667e-22
0 58 -4.8396971769345352e-03 -7.1865857193304809e-23
0 59 -5.6899588999429528e-03 -8.1586188297391694e-23
0 60 -6.6432213677497095e-03 6.6947387182982771e-23
0 61 -8.1034478409817475e-03 5.7998252725287628e-23
0 62 -9.8646064696799717e-03 5.6484639790228423e-22
0 63 -1.1891374535111488e-02 -3.4494042687584775e-22
0 64 -1.4146530749551479e-02 -2.8357615430525860e-22
0 65 -1.5907718351553284e-02 3.2609667649164886e-22
0 66 -1.6283720383721792e-02 1.0361910179055172e-21
0 67 -1.7149987897831034e-02 -2.0084422666104776e-22
0 68 -1.9791499607747488e-02 1.0695334824640076e-21
0 69 -2.5840137249425875e-02 1.9209492237200873e-22
0 70 -4.5616179459187216e-02 -6.5555785901839664e-21
0 71 -1.4008791404015888e-01 1.2313450356388334e-19
1 0 -3.2685323984422837e-01 -8.9497651904523032e-04
1 1 -7.8962827091555748e-02 4.9481280858431427e-04
1 2 -3.1245510464442280e-02 7.5172054651279167e-05
1 3 -1.9343439833174832e-02 1.3419413147087035e-04
1 4 -1.3424468785957490e-02 1.3348138853775892e-04
1 5 -9.5296799853482172e-03 5.3002609923695729e-05
1 6 -7.6365773933730575e-03 2.6893946534286078e-05
1 7 -6.5807838588938239e-03 -4.5743483021127702e-06
1 8 -5.2103830840742188e-03 8.0796433528973537e-06
1 9 -4.0183146103693265e-03 -5.3552847325801696e-06
1 10 -3.2658972619146196e-03 -6.2787721491678637e-06
1 11 -2.5275845819914817e-03 -9.3178805535951502e-06
1 12 -1.9530524128054513e-03 -3.9679510992998155e-06
1 13 -1.5215719740085645e-03 6.8963673709963688e-06
1 14 -1.1565565634727127e-03 1.4551371642221236e-06
1 15 -8.8172112125863131e-04 -3.5958621893249198e-06
1 16 -6.9257844155550235e-04 -1.2088847341343120e-06
1 17 -5.8071553731752986e-04 1.3251364087099440e-09
1 18 -5.0018268166637759e-04 -2.6158237480931565e-07
1 19 -4.5930098389960556e-04 -4.4173093905477739e-08
1 20 -4.1562149208610995e-04 7.7033533051607799e-08
1 21 -3.6537468286831725e-04 1.7169501854671817e-06
1 22 -3.2059225042135165e-04 5.8974570538837950e-08
1 23 -2.7198898891139637e-04 -6.9421271607974691e-07
1 24 -2.2553778578398144e-04 -3.2848587265622302e-08
1 25 -1.8806683180410197e-04 -1.6272680170834861e-06
1 26 -1.6479757447095605e-04 -1.0095741958943594e-06
1 27 -1.5193306995251577e-04 -7.8048159593571912e-07
1 28 -1.3700096873415395e-04 2.1931907928549775e-07
1 29 -1.1615978728667496e-04 4.9787747053144757e-07
1 30 -9.9371293517757552e-05 1.3908927330094908e-07
1 31 -8.8359858035920485e-05 -8.2349212790025780e-09
1 32 -8.1078527114240899e-05 -1.4536293555086524e-07
1 33 -7.7481527063444686e-05 2.6410459220517321e-07
1 34 -7.4560660872639671e-05 3.8269699660775198e-07
1 35 -7.7316639823292956e-05 2.2180504345888440e-07
1 36 -8.1902582875247921e-05 -8.6839878778121202e-08
1 37 -8.3894376478121159e-05 -3.1159953335982130e-07
1 38 -8.1578942212501038e-05 -6.0158576348024218e-07
1 39 -8.3885713802397466e-05 -9.3498652670070378e-08
1 40 -9.1336124190935728e-05 3.5525078169286065e-07
1 41 -1.0933614295219172e-04 1.4328406190588179e-07
1 42 -1.3623487765155356e-04 -2.4112720977777956e-07
1 43 -1.7464682764674376e-04 2.2261418901028794e-07
1 44 -2.2232442828075573e-04 6.1285919120645367e-07
1 45 -2.8263592326533825e-04 -1.4814259792203052e-06
1 46 -3.5023387585537340e-04 -1.6280084582301665e-06
1 47 -4.3309429597294236e-04 -1.5081680591636790e-06
1 48 -5.4208495502697956e-04 -1.7637222894432195e-07
1 49 -6.5740297575308550e-04 3.1990377522452998e-06
1 50 -7.9483635960707723e-04 7.8243119093187026e-07
1 51 -9.9407232604980817e-04 -3.5081509724436781e-06
1 52 -1.2572107666834463e-03 -6.1419789668185548e-06
1 53 -1.5389806834830947e-03 -8.8451847025211195e-06
1 54 -1.7805543984110485e-03 -6.1035217373471256e-06
1 55 -2.1148226022811648e-03 -1.3763806965352538e-06
1 56 -2.5853670848616367e-03 -1.6799305420078777e-06
1 57 -3.1212954209312960e-03 2.0862392257822251e-06
1 58 -3.6896836128153718e-03 6.9054420186308834e-06
1 59 -4.3454995563297167e-03 2.7829921917986346e-05
1 60 -5.0853425428645559e-03 3.4183357385065026e-06
1 61 -6.2065455274771730e-03 1.6132885972893663e-05
1 62 -7.5919352255930722e-03 -2.8764685565958021e-05
1 63 -9.1410616614857644e-03 -7.5832002380690441e-06
1 64 -1.0832028081760392e-02 1.0389409385344504e-05
1 65 -1.2215604085594398e-02 -2.1921999559622476e-05
1 66 -1.2514415048875606e-02 -3.4346090749928954e-05
1 67 -1.3128716162501056e-02 -7.3359728665637011e-05
1 68 -1.5057972070783784e-02 -1.0386779941191890e-04
1 69 -1.9262972429098614e-02 1.0138009798736267e-04
1 70 -3.2044652040886530e-02 -2.5009358366363461e-05
1 71 -8.0901452091333148e-02 -8.4068769643032108e-05
2 0 -1.0199340561897921e-01 1.4880005703299864e-04
2 1 -3.6544838768887783e-02 5.3343653447626509e-04
2 2 -1.7281820927436135e-02 6.3174998713613534e-05
2 3 -1.1568497345187053e-02 1.6963225979269649e-04
2 4 -8.1953849827093202e-03 1.4709580187585456e-04
2 5 -5.7860051111227511e-03 1.0487804054737319e-04
2 6 -4.7067819576020872e-03 3.6656470262370809e-05
2 7 -4.0817249953857904e-03 -3.6690970848691072e-06
2 8 -3.2136760416452896e-03 1.0700306414234178e-05
2 9 -2.4669883959351265e-03 -6.9399630193392827e-06
2 10 -2.0131167351166430e-03 -8.8545158939540247e-06
2 11 -1.5537925302273080e-03 -1.3583519657891620e-05
2 12 -1.2013699637740442e-03 -4.9231928416439012e-06
2 13 -9.4787450182641844e-04 7.1920798803487065e-06
2 14 -7.1555108265023109e-04 3.0135827692578770e-06
2 15 -5.4138452049342636e-04 -4.3183647124093574e-06
2 16 -4.2847968033927363e-04 -4.3980834209479128e-07
2 17 -3.5866846289086358e-04 1.0124691549490350e-07
2 18 -3.0836442247639224e-04 -1.2362055167640272e-07
2 19 -2.8482373651352028e-04 -7.0984345567820927e-08
2 20 -2.5989823753771985e-04 -8.0261744960207910e-08
2 21 -2.2542418077221119e-04 1.5632267664514154e-06
2 22 -1.9824990016646481e-04 2.4820009477852062e-07
2 23 -1.6629244014585380e-04 -1.3818429763927593e-06
2 24 -1.3854545064214327e-04 -6.1973188982065274e-08
2 25 -1.1597224144798057e-04 -2.1885006182245779e-06
2 26 -1.0152948621246789e-04 -1.1600143978992419e-06
2 27 -9.3512857629760322e-05 -8.0796430626464956e-07
2 28 -8.4944044772533668e-05 -9.1829159897475231e-08
2 29 -7.1511306817885633e-05 4.2331322420658259e-07
2 30 -6.1398530109076167e-05 1.5875899583111226e-07
2 31 -5.4385291739471497e-05 -5.0715670358977020e-08
2 32 -4.9848488900872898e-05 -1.6967743187001617e-07
2 33 -4.7741997111961028e-05 3.0461856851999620e-07
2 34 -4.5736589344238610e-05 6.1786440212605341e-07
2 35 -4.7905398791123716e-05 2.6049506156737259e-07
2 36 -5.0794651586464453e-05 -2.3204421644745691e-07
2 37 -5.2210976700568923e-05 -3.4340385795895981e-07
2 38 -5.0656297561762947e-05 -8.6196042165632937e-07
2 39 -5.2549580904495691e-05 -2.3681302187157174e-07
2 40 -5.7104353295317068e-05 4.4703679408770155e-07
2 41 -6.8280260300636897e-05 1.2538000846712967e-07
2 42 -8.4734731649625859e-05 -2.7947923082516883e-07
2 43 -1.0805574559990360e-04 7.2004478363084454e-07
2 44 -1.3785237256137760e-04 6.4381046996245172e-07
2 45 -1.7477033136435987e-04 -1.5698661509022851e-06
2 46 -2.1488538317813321e-04 -2.5294305496162949e-06
2 47 -2.6699760440955088e-04 -1.9906812578650717e-06
2 48 -3.3567314353116654e-04 -5.1957625653801470e-07
2 49 -4.0428942093202698e-04 4.5725154272654102e-06
2 50 -4.8835716086319053e-04 1.1227884170721292e-06
2 51 -6.1126278825102381e-04 -5.1131280777675053e-06
2 52 -7.6745722826004816e-04 -5.8462121621026001e-06
2 53 -9.4669402991707315e-04 -1.2884283136715580e-05
2 54 -1.0941720096610747e-03 -1.0339824664774980e-05
2 55 -1.3080410602650441e-03 3.1533703738576608e-07
2 56 -1.5985629953371896e-03 -1.4452837667256105e-06
2 57 -1.9318500715079501e-03 4.5514922328896821e-06
2 58 -2.2766355949026909e-03 1.2410877737677484e-05
2 59 -2.6774781275367195e-03 3.2578654323459190e-05
2 60 -3.1592752542800801e-03 6.6058856282334538e-06
2 61 -3.8760371107249081e-03 1.5187958134759179e-05
2 62 -4.7694078635620342e-03 -3.6900824964894963e-05
2 63 -5.7120567371275206e-03 -3.6719394880587232e-05
2 64 -6.6769310967070917e-03 -3.1994025190695695e-06
2 65 -7.5948797569989138e-03 -4.4507786915108995e-05
2 66 -7.8310211403469897e-03 -4.2155460359613994e-05
2 67 -8.1904914396154094e-03 -7.8167961020480234e-05
2 68 -9.2887852599735834e-03 -1.1340223980136375e-04
2 69 -1.1583091389347653e-02 1.1181965203629351e-04
2 70 -1.7865948637772640e-02 1.1206275316904510e-04
2 71 -3.6839908197533390e-02 3.2622975077361730e-04
3 0 -3.4617048481190058e-02 4.5535967627855184e-04
3 1 -1.5649192651923036e-02 4.2469781512285450e-04
3 2 -8.8439962597065668e-03 1.8241215904847796e-05
3 3 -6.3238147232957146e-03 1.5504687073144294e-04
3 4 -4.6214244239257164e-03 1.1405326993962182e-04
3 5 -3.2096825917855808e-03 1.3907121539163465e-04
3 6 -2.6756591164670876e-03 3.6068606817880315e-05
3 7 -2.3314334010620954e-03 1.2866532876059570e-06
3 8 -1.8330168156277401e-03 1.4738675474726117e-05
3 9 -1.3889852457270157e-03 -3.3921894001470186e-06
3 10 -1.1575032060931560e-03 -7.7655870060315659e-06
3 11 -8.8116551859037046e-04 -1.1034790433960926e-05
3 12 -6.8102163171366420e-04 -6.0442478878377989e-06
3 13 -5.4807962327807264e-04 6.3964978666115741e-06
3 14 -4.0786657544847484e-04 3.8899784671923789e-06
3 15 -3.0478946873226760e-04 -3.3411312929152543e-06
3 16 -2.4526332084303239e-04 1.3457939926604294e-06
3 17 -2.0542870367967037e-04 7.0268034209070115e-07
3 18 -1.7588827183621092e-04 2.7132735028296984e-07
3 19 -1.6350828343651689e-04 -4.8745703262831896e-07
3 20 -1.5051534851874828e-04 1.3857898017382050e-08
3 21 -1.2838084080907226e-04 8.6857553050029048e-07
3 22 -1.1361151466801935e-04 4.8281856652487293e-07
3 23 -9.3609518447118194e-05 -2.0323201916317893e-06
3 24 -7.8897837657205115e-05 -1.3587264871724768e-07
3 25 -6.5938943795646620e-05 -2.0922246450892031e-06
3 26 -5.7584106926088558e-05 -9.4385897997300510e-07
3 27 -5.3295604169269563e-05 -4.2360323257136410e-07
3 28 -4.8943772514157924e-05 -6.8556719620128548e-07
3 29 -4.0553960673456112e-05 2.0226988506330875e-07
3 30 -3.4989178251916272e-05 1.3867759598336725e-07
3 31 -3.0936556701027111e-05 -4.2623210432274700e-08
3 32 -2.8310736867660729e-05 -2.1255228780165315e-07
3 33 -2.7075058464831379e-05 1.4704237774307947e-07
3 34 -2.5824174664160863e-05 6.8077889309394050e-07
3 35 -2.7440320737772023e-05 1.7960722108804247e-07
3 36 -2.9034170040755876e-05 -4.7134505934474190e-07
3 37 -3.0052171995507056e-05 -3.3981569136074294e-07
3 38 -2.9090455043044333e-05 -9.6189538813546836e-07
3 39 -3.0517514262815030e-05 -2.9503002424047556e-07
3 40 -3.3043136015576320e-05 3.4477416449906207e-07
3 41 -3.9633225131264622e-05 7.2272929446076252e-08
3 42 -4.8728456886447354e-05 -1.0398889368343959e-07
3 43 -6.1942632899385824e-05 9.8841247627793446e-07
3 44 -7.9522675111121793e-05 8.3740073335793000e-07
3 45 -1.0003164050430878e-04 -7.0044862207901937e-07
3 46 -1.2166217104745260e-04 -2.6562261480337861e-06
3 47 -1.5266204577448806e-04 -1.6838119092854147e-06
3 48 -1.9235630057640388e-04 -9.0618101661072427e-07
3 49 -2.2842323502931115e-04 6.5592554832797136e-06
3 50 -2.7726126044002838e-04 1.5683520402313488e-06
3 51 -3.4625124799490424e-04 -4.7108550174649710e-06
3 52 -4.3047268406409334e-04 -4.8229637761844246e-06
3 53 -5.3825832073301503e-04 -1.0230737102374980e-05
3 54 -6.2119241984635214e-04 -1.1741809345034031e-05
3 55 -7.4984165394404551e-04 4.2343069053040673e-06
3 56 -9.1001290987248961e-04 -1.7018963187487654e-06
3 57 -1.1011168270849841e-03 6.5680052276726493e-06
3 58 -1.2961905312847994e-03 1.4930684630733162e-05
3 59 -1.5209120879533886e-03 2.4501074653540109e-05
3 60 -1.8159895583199027e-03 7.8178407228790635e-06
3 61 -2.2496219310951249e-03 7.8260757924671130e-06
3 62 -2.7677191639110159e-03 -3.3058488438049319e-05
3 63 -3.2909604785793896e-03 -5.5048700234092639e-05
3 64 -3.7619010549093568e-03 8.2666272920814753e-06
3 65 -4.3339095872538223e-03 -7.0250917248912485e-05
3 66 -4.5274262162660920e-03 -2.3006994341850638e-05
3 67 -4.7533819732094957e-03 -5.4569088468050714e-05
3 68 -5.2969750751921804e-03 -7.4177148089286539e-05
3 69 -6.3839582069927115e-03 8.1853074849826102e-05
3 70 -9.1283270379435826e-03 1.3954523433157479e-04
3 71 -1.5839041777393363e-02 3.1357893611889547e-04
4 0 -1.2991900720235587e-02 4.6360296881172754e-04
4 1 -6.5590832734599893e-03 3.6119580146594366e-04
4 2 -4.3370285294431574e-03 1.4329442000090030e-06
4 3 -3.2700693279579477e-03 1.0087694999082367e-04
4 4 -2.5205687793033497e-03 7.6745463524366471e-05
4 5 -1.7029528884730696e-03 1.4162685484023246e-04
4 6 -1.4575995729130887e-03 3.3655013269720801e-05
4 7 -1.2731281122609942e-03 -7.8872754695225360e-06
4 8 -1.0060791065735271e-03 2.0755634300789319e-05
4 9 -7.4189168359141487e-04 2.7109934886347759e-06
4 10 -6.4348534297467281e-04 -2.5152706312952437e-06
4 11 -4.7818071844856668e-04 -7.2087021599165015e-06
4 12 -3.6716905961791811e-04 -8.2995958526600520e-06
4 13 -3.0496482797837479e-04 7.1853458308627438e-06
4 14 -2.2095860815654381e-04 4.0799544744191845e-06
4 15 -1.6383764030124021e-04 -2.3022676351622665e-06
4 16 -1.3476720571032035e-04 1.0831161297999926e-06
4 17 -1.1309176658389089e-04 2.1320426652769516e-06
4 18 -9.6138974588447088e-05 -2.1814684262748382e-07
4 19 -9.0587414821782439e-05 -1.4950621162113113e-06
4 20 -8.3753983919426846e-05 4.9227942472726655e-07
4 21 -7.0303247477167442e-05 -3.3799162687343263e-07
4 22 -6.2669380104199288e-05 8.1261878063900208e-07
4 23 -5.0440585864925473e-05 -1.9476689141193602e-06
4 24 -4.3585571057471476e-05 -3.2170730222934046e-07
4 25 -3.5784967477760789e-05 -1.8527862279921204e-06
4 26 -3.1325125544220848e-05 -7.8256513703642558e-07
4 27 -2.9302893937922945e-05 -2.2371328026961019e-07
4 28 -2.7250666313695891e-05 -9.8942003546582677e-07
4 29 -2.1720389654347256e-05 -1.1338384708526990e-07
4 30 -1.9207429727746406e-05 8.5976193718972736e-08
4 31 -1.6905037553353790e-05 -6.1460216247735523e-08
4 32 -1.5319230127501402e-05 -2.0891807005715501e-07
4 33 -1.4572487868697196e-05 -1.0642992278742665e-07
4 34 -1.3931970810516052e-05 6.8840961674622914e-07
4 35 -1.5070711808887503e-05 6.1884097118606868e-08
4 36 -1.5866706437072977e-05 -6.8291992129463354e-07
4 37 -1.6596239018516790e-05 -3.9366121751343073e-07
4 38 -1.6032360736058831e-05 -9.8009885515454934e-07
4 39 -1.7086811261711084e-05 -2.6886846488899489e-07
4 40 -1.8301896444998192e-05 3.2043183099963783e-07
4 41 -2.2061210216455104e-05 -7.5768768107514515e-09
4 42 -2.6747948981696762e-05 -5.9798990435791776e-08
4 43 -3.4171889589786629e-05 9.0668968385244294e-07
4 44 -4.4106958638775648e-05 1.2396365092292778e-06
4 45 -5.5626886992582362e-05 4.5835130723493692e-07
4 46 -6.6155871813528385e-05 -2.0456555980923052e-06
4 47 -8.3636287181060572e-05 -9.9958181832723089e-07
4 48 -1.0563454788101703e-04 -9.7173158292821952e-07
4 49 -1.2267470606541921e-04 7.4747576925728317e-06
4 50 -1.5146350946163055e-04 4.7951335249393040e-07
4 51 -1.8885878711468097e-04 -1.9578510019323270e-06
4 52 -2.3137590704760659e-04 -4.1741414355242296e-06
4 53 -2.9339796387593917e-04 -6.1849685802123275e-06
4 54 -3.3764559955651855e-04 -1.2165361702983931e-05
4 55 -4.1216453820784805e-04 4.4001224131869337e-06
4 56 -4.9750161249413301e-04 -1.6924312751094184e-06
4 57 -5.9801319193662176e-04 5.3943462828546115e-06
4 58 -7.0702179225394578e-04 1.4427477031670952e-05
4 59 -8.2375397017167876e-04 1.8117268792725680e-05
4 60 -1.0077431512713396e-03 8.4122822493429808e-06
4 61 -1.2598051659550450e-03 9.8088199152619106e-07
4 62 -1.5454762259321628e-03 -2.3198265352393494e-05
4 63 -1.8131303543628325e-03 -4.2567000589098988e-05
4 64 -2.0176301856946700e-03 1.1108506336756847e-05
4 65 -2.3626196186950061e-03 -6.4095414721386819e-05
4 66 -2.5019327681594528e-03 -1.3863301868869444e-05
4 67 -2.6638443829873036e-03 -5.2570510056607546e-05
4 68 -2.9108533010183194e-03 -3.1333016431046878e-05
4 69 -3.3569561548040805e-03 6.1892829085744485e-05
4 70 -4.3182013728267424e-03 1.1598406336358797e-04
4 71 -7.1185229695809983e-03 1.3107551570228315e-04
5 0 -5.2558305713409446e-03 4.7376655404050833e-04
5 1 -2.7846643252654115e-03 2.1698429992255547e-04
5 2 -2.0828781224886536e-03 -1.0495198356137910e-05
5 3 -1.6361297824192067e-03 4.1429689829069869e-05
5 4 -1.3456684630038355e-03 5.6206367262439268e-05
5 5 -8.7955777785229863e-04 1.1703215066577715e-04
5 6 -7.6976547932290456e-04 3.3849232459555288e-05
5 7 -6.7053187704927807e-04 -1.9104897977825489e-05
5 8 -5.3986001648505320e-04 2.5795528261946817e-05
5 9 -3.8301881422694942e-04 7.5938365112465002e-06
5 10 -3.5204639969000100e-04 2.6459945053795093e-06
5 11 -2.5199958700335352e-04 -3.1614668501405320e-06
5 12 -1.9181651013335267e-04 -1.0146112675117796e-05
5 13 -1.6429065830907263e-04 8.3475729918752047e-06
5 14 -1.1580650821883348e-04 3.9170805582221735e-06
5 15 -8.4465990297055390e-05 -2.3346957507846933e-06
5 16 -7.1318573185033383e-05 -4.7512847977268821e-07
5 17 -6.1174732284372308e-05 3.6146313102291003e-06
5 18 -5.1130843768486294e-05 -1.2456334740706932e-06
5 19 -4.9188321892554458e-05 -1.9127937709528695e-06
5 20 -4.5816361122347550e-05 7.4045858730646251e-07
5 21 -3.7252590559383041e-05 -1.2583221592605805e-06
5 22 -3.3845022494226803e-05 9.4420205472754935e-07
5 23 -2.6438039660696351e-05 -1.5034848730232576e-06
5 24 -2.3511236651980770e-05 -4.2076691890512243e-07
5 25 -1.8882385699081360e-05 -1.4439890718208593e-06
5 26 -1.6642083163818979e-05 -6.3918717499881311e-07
5 27 -1.5518724325774892e-05 -1.2413710593231011e-07
5 28 -1.4664992307812980e-05 -8.8156295969487243e-07
5 29 -1.0991923671008398e-05 -2.2440272913176195e-07
5 30 -1.0401256517607819e-05 4.5040191765767703e-08
5 31 -8.9695126995191311e-06 -1.2639914145813529e-07
5 32 -8.0872411059317241e-06 -1.6992728579941552e-07
5 33 -7.6441275131494263e-06 -2.4066240824042690e-07
5 34 -7.2017612790018356e-06 6.9305636140546575e-07
5 35 -8.0710897808427058e-06 -2.3643212724709720e-08
5 36 -8.3540155434666772e-06 -7.7845666546749323e-07
5 37 -8.9818924744180336e-06 -4.5552541080253696e-07
5 38 -8.6347660567136308e-06 -9.7143895079568006e-07
5 39 -9.2914565590447830e-06 -2.7156259199472199e-07
5 40 -9.9048135797275986e-06 3.0816388237659363e-07
5 41 -1.1947196363824189e-05 -2.4429945382569869e-07
5 42 -1.4101946038377955e-05 -3.5186072064892040e-07
5 43 -1.8293498245709697e-05 6.4305545992846292e-07
5 44 -2.3307108670686184e-05 1.3061220069590116e-06
5 45 -3.0782190317572517e-05 1.3946354358242785e-06
5 46 -3.4715966026807100e-05 -1.2855339774920255e-06
5 47 -4.3759524589503414e-05 -1.3456592973784108e-07
5 48 -5.5910856883229010e-05 -1.6264534053692010e-08
5 49 -6.2489573181741061e-05 6.0412062488214598e-06
5 50 -8.1188061004022630e-05 -1.2457782606375743e-06
5 51 -1.0264639317393188e-04 1.1315182861799885e-06
5 52 -1.1929832214436015e-04 -4.8463004842177257e-06
5 53 -1.5555355057870435e-04 -2.1109969860636876e-06
5 54 -1.7705020351221760e-04 -1.3344647970552285e-05
5 55 -2.1946983254239323e-04 -6.1185340054249513e-08
5 56 -2.6536564900323390e-04 -3.4224977988547915e-06
5 57 -3.1526170419530380e-04 2.9892028384022632e-06
5 58 -3.6910933566904812e-04 7.9482336477386019e-06
5 59 -4.2891646936591104e-04 1.5249942050577550e-05
5 60 -5.4498716293818511e-04 1.0753486625896903e-05
5 61 -6.8596605550719930e-04 -1.6949371412110294e-06
5 62 -8.4601571586391891e-04 -1.7225160399495618e-05
5 63 -9.6067176921007310e-04 -2.6652873041855235e-05
5 64 -1.0417027039156441e-03 1.0728042145875719e-05
5 65 -1.2579427380564967e-03 -6.3906766552342782e-05
5 66 -1.3573600382155192e-03 -9.1634964357277075e-06
5 67 -1.4716449613209075e-03 -5.9456128012535340e-05
5 68 -1.5517874618760428e-03 9.3513398096111872e-06
5 69 -1.7357279821120831e-03 6.6106522176071324e-05
5 70 -1.8851016306989808e-03 5.2000027158907464e-05
5 71 -3.3017252473829168e-03 2.0587713916781443e-04
6 0 -2.2386783611939316e-03 3.6710438585530359e-04
6 1 -1.1807678074234639e-03 3.1331119003363454e-05
6 2 -1.0146297653420367e-03 -1.7721050590534920e-05
6 3 -8.0529057930719559e-04 3.2793728463183690e-06
6 4 -7.1342731931338681e-04 2.7193436752374018e-05
6 5 -4.5159424958106918e-04 8.3368803742463337e-05
6 6 -3.9519328589247496e-04 3.0106382215423526e-05
6 7 -3.4465538837696652e-04 -1.6286238703731653e-05
6 8 -2.8289866821526992e-04 2.8104638495970645e-05
6 9 -1.9271543284312217e-04 8.7592666426781795e-06
6 10 -1.9569151587312000e-04 7.5757998334750009e-06
6 11 -1.2903852803834143e-04 -2.5401597673611051e-06
6 12 -9.6776872311477808e-05 -1.0337082008416182e-05
6 13 -8.6046184582361585e-05 7.1991340315077833e-06
6 14 -5.9838748768930910e-05 3.7660753198337250e-06
6 15 -4.1336120365039793e-05 -3.1056104206998737e-06
6 16 -3.6420098425183294e-05 -1.9085430101929185e-06
6 17 -3.2431796287487765e-05 4.7766986177266923e-06
6 18 -2.6885447199411014e-05 -1.2256066074241419e-06
6 19 -2.6066449882516342e-05 -1.7300126540641294e-06
6 20 -2.4523073247097029e-05 9.0246531235925504e-07
6 21 -1.8951194057641588e-05 -1.0806353962888028e-06
6 22 -1.8128553714758964e-05 8.0761035044943183e-07
6 23 -1.3818329260263533e-05 -6.8134751804204761e-07
6 24 -1.2626442140766218e-05 -5.2046861156300162e-07
6 25 -9.6366965139398389e-06 -1.0471886545092070e-06
6 26 -8.7651207053370609e-06 -6.4782078777519691e-07
6 27 -7.9745153021843036e-06 -2.3365176877966838e-07
6 28 -7.6274879938849870e-06 -7.3997591006176127e-07
6 29 -5.3433445891591982e-06 -1.7991275151626150e-07
6 30 -5.4990029527413951e-06 1.3445465957134855e-07
6 31 -4.7719834078637913e-06 -1.5175064007093105e-07
6 32 -4.3544134775370509e-06 -1.8596792546891101e-07
6 33 -3.9866697766892755e-06 -2.3236353744984963e-07
6 34 -3.5973745734099030e-06 6.4267058449920461e-07
6 35 -4.3187784238841476e-06 -1.4205389466995812e-08
6 36 -4.2944041761429925e-06 -8.5816625271405298e-07
6 37 -4.8631502628672996e-06 -4.2538463871838336e-07
6 38 -4.5467472076043714e-06 -8.2180912201156927e-07
6 39 -4.8829047786301108e-06 -3.1169598785182574e-07
6 40 -5.2568719991164198e-06 1.6687990189480426e-07
6 41 -6.3308340140100809e-06 -4.6295904195947384e-07
6 42 -7.0824335084637592e-06 -5.9941758863348153e-07
6 43 -9.5669958887958675e-06 4.4444879500893584e-07
6 44 -1.1661988435014385e-05 1.0221788996910217e-06
6 45 -1.7245670479711944e-05 1.8046747901261049e-06
6 46 -1.7749432248426416e-05 -2.7288886697883759e-07
6 47 -2.2329495804627706e-05 5.4802951003139219e-07
6 48 -2.7944772085176983e-05 8.9683987310745189e-07
6 49 -2.9314458751696543e-05 3.7029820521730070e-06
6 50 -4.2957132113195189e-05 -3.2482378158766911e-06
6 51 -5.5671506718538226e-05 2.6892869109645634e-06
6 52 -5.8626391084316045e-05 -5.0724638876126497e-06
6 53 -8.0008469607744046e-05 3.0947126099618196e-06
6 54 -9.0311842558103280e-05 -1.3976926245602629e-05
6 55 -1.1298914365024403e-04 -3.6994415860192539e-06
6 56 -1.3904425033655474e-04 -5.4467791770928334e-06
6 57 -1.6482464353450381e-04 5.3055494958457835e-06
6 58 -1.7944724711817746e-04 3.0139866080521874e-06
6 59 -2.1649886939989707e-04 1.1232914185124460e-05
6 60 -2.7790504424605344e-04 1.0997760908184239e-05
6 61 -3.6868797685193856e-04 -3.3426662825466036e-06
6 62 -4.5283076173252464e-04 -1.5127344332544814e-05
6 63 -4.8288544685221843e-04 -2.3533419878863052e-05
6 64 -5.3949546031672459e-04 4.0884091883937714e-07
6 65 -6.6237245766089122e-04 -4.2606770370452676e-05
6 66 -7.4321598848633129e-04 1.0893774345974983e-05
6 67 -8.0167176777825038e-04 -5.0605116642679816e-05
6 68 -8.0837668510739451e-04 1.6932664537315543e-05
6 69 -8.8866911910511772e-04 5.4437785966496673e-05
6 70 -7.7434373763542467e-04 -3.9068897115952698e-05
6 71 -1.5750829449031451e-03 2.2584872213514171e-04
7 0 -1.0057014895369992e-03 3.7938677632605146e-04
7 1 -5.1044149836229700e-04 1.1684053088623103e-05
7 2 -5.2260948115246070e-04 -3.4791244162500648e-06
7 3 -3.8945921412422040e-04 6.8199288584701634e-06
7 4 -3.8573364510439203e-04 -7.5874927744304469e-06
7 5 -2.3248506570279322e-04 5.2905935467740938e-05
7 6 -1.9508335771588648e-04 2.1265890605120024e-05
7 7 -1.8204996462815547e-04 -4.8630364896479484e-06
7 8 -1.4979059693286291e-04 2.9645050620495468e-05
7 9 -9.1889852684138711e-05 1.2264454572080872e-05
7 10 -1.0985262106423759e-04 9.9860149132200752e-06
7 11 -6.5107205755137766e-05 -3.0754801654359551e-06
7 12 -4.7381255852522707e-05 -7.6146347852552341e-06
7 13 -4.3654661057388360e-05 6.6129855903615904e-06
7 14 -3.0734950732605430e-05 1.8936093347729179e-06
7 15 -1.8444868369331304e-05 -3.1873628493765811e-06
7 16 -1.8602147989680700e-05 -2.4825844627070302e-06
7 17 -1.6758762387238079e-05 5.2832500713737496e-06
7 18 -1.3361330088677821e-05 -5.4767908653139693e-07
7 19 -1.2939874889333846e-05 -1.0765180482073139e-06
7 20 -1.2542437412290490e-05 1.1196549853854391e-06
7 21 -9.5682769011448158e-06 -6.3027020544460510e-07
7 22 -9.9616364814695630e-06 2.4475499445155504e-07
7 23 -6.9421031960585953e-06 2.8018420376313551e-07
7 24 -7.1650004737747492e-06 -2.3569681369915604e-07
7 25 -4.7527677774109431e-06 -7.7150069790176772e-07
7 26 -4.7686820084328268e-06 -7.5923622400170548e-07
7 27 -4.0306804335347529e-06 -4.3346092655621497e-07
7 28 -3.8758356324096360e-06 -6.6874816495677735e-07
7 29 -2.5342616436993899e-06 -5.1950442602046039e-08
7 30 -2.7364941885279290e-06 1.6516644975922467e-07
7 31 -2.5409198531902334e-06 -8.6979274655043522e-08
7 32 -2.4608238193225928e-06 -2.6251891843381787e-07
7 33 -2.0636869095020293e-06 -1.5126441531142767e-07
7 34 -1.6900984432143346e-06 4.8489853749217431e-07
7 35 -2.4433328621316111e-06 4.3289774384118893e-08
7 36 -2.2000241163640822e-06 -8.3248629269402154e-07
7 37 -2.6871031867742821e-06 -3.5015462442634529e-07
7 38 -2.1834197109701312e-06 -5.6250579329022860e-07
7 39 -2.3903158471637279e-06 -3.5267880091630700e-07
7 40 -2.7553519670991328e-06 1.8449531152153851e-08
7 41 -3.3110200182280676e-06 -6.2909088008257829e-07
7 42 -3.1865682694224303e-06 -6.1633142051432759e-07
7 43 -5.0811217827404694e-06 1.4276145047725493e-07
7 44 -5.2820485467742865e-06 5.6046357867854537e-07
7 45 -9.8988262917609208e-06 1.9454295815382171e-06
7 46 -9.0350103908632669e-06 5.6104668843984829e-07
7 47 -1.1270262644516962e-05 2.7536593537651470e-07
7 48 -1.2725514544594015e-05 1.7698717062636069e-06
7 49 -1.2222475712820065e-05 1.4698886269906939e-06
7 50 -2.3192123826625752e-05 -4.3828661021560752e-06
7 51 -2.9431417594996048e-05 2.3035258804982336e-06
7 52 -2.7183183068648809e-05 -2.0837520245038680e-06
7 53 -4.0089753590747329e-05 5.3898625604030941e-06
7 54 -4.4645971768090181e-05 -1.2925316548271066e-05
7 55 -5.6057972928838096e-05 -3.6183520146788822e-06
7 56 -7.0540518737178089e-05 -6.4790918112441102e-06
7 57 -8.3606606007641433e-05 8.1949096132951691e-06
7 58 -8.1365526592274131e-05 2.6465204565528856e-06
7 59 -1.1078752074828017e-04 1.5229166100847664e-06
7 60 -1.2519142825323425e-04 4.8263953332658159e-06
7 61 -2.0052225273388578e-04 4.1929431289380978e-07
7 62 -2.2367433924638523e-04 -6.2755570362694515e-06
7 63 -2.3627214897146452e-04 -2.5455476407379552e-05
7 64 -2.9553507493658903e-04 -2.7452242614943991e-05
7 65 -3.4537528696414139e-04 -3.7346757430770859e-05
7 66 -4.1794676511355849e-04 4.3089750068927718e-05
7 67 -4.3988426383147433e-04 -3.0070985387908943e-05
7 68 -4.0131764064596303e-04 1.1275911690595860e-05
7 69 -4.6241688614206413e-04 3.7904039524633507e-05
7 70 -2.9299347437020291e-04 -1.0936300019596842e-04
7 71 -7.3376593680096215e-04 2.3215912012867213e-04
8 0 -3.6813979092707001e-04 3.0701286045705143e-04
8 1 -2.4571425803386707e-04 4.5836021843758769e-05
8 2 -3.0666645638320530e-04 -1.5717523598007930e-05
8 3 -1.7953915801571126e-04 1.9175842519220807e-05
8 4 -2.0667738681848301e-04 -3.9245621882252326e-05
8 5 -1.1895908968580591e-04 2.6639216010258824e-05
8 6 -9.1980878767565399e-05 1.8673195145937325e-05
8 7 -9.8018784902450065e-05 1.8049046014945676e-06
8 8 -8.2206398310784710e-05 2.8332267351858224e-05
8 9 -4.3601100920170764e-05 1.6510192391848512e-05
8 10 -6.0118912974674765e-05 1.1887731402750813e-05
8 11 -3.3312159711261362e-05 -2.5932526228402873e-06
8 12 -2.0705612767712235e-05 -2.3902525069580672e-06
8 13 -2.0906775591363204e-05 7.8197993424613022e-06
8 14 -1.6342928381224575e-05 -3.3149057489266190e-07
8 15 -6.9652641753592218e-06 -2.4910136007660385e-06
8 16 -9.4398632472231722e-06 -1.8832227768383458e-06
8 17 -8.6032239625082244e-06 5.3492975603949293e-06
8 18 -5.9666591264332465e-06 -2.6062809512959196e-07
8 19 -5.9604890723360071e-06 -1.3807800959968438e-07
8 20 -5.7209726993481883e-06 1.3279671579503210e-06
8 21 -4.8615057066864153e-06 -2.9043417053572354e-07
8 22 -5.6051306351124548e-06 -4.2683947867610476e-07
8 23 -2.8522620000508923e-06 9.2860605100814266e-07
8 24 -4.5883425958906774e-06 5.1825538671887509e-07
8 25 -2.3557807332472627e-06 -5.7586826521526436e-07
8 26 -2.8427828788824720e-06 -8.7433371725801836e-07
8 27 -2.1556120682766095e-06 -5.5173358701626146e-07
8 28 -2.0386464604148596e-06 -5.1654309949446852e-07
8 29 -1.0993216483725327e-06 1.4024395664604153e-07
8 30 -1.3000834443444118e-06 1.1981973656378240e-07
8 31 -1.3451049407902821e-06 -1.0132235948450019e-07
8 32 -1.4267400105569071e-06 -2.7293739552939690e-07
8 33 -9.7524240992165358e-07 -7.8597366689299269e-08
8 34 -7.3878750466403170e-07 3.7647556473146409e-07
8 35 -1.4804192876895073e-06 8.4637559856651915e-08
8 36 -1.0440184523687089e-06 -7.1765782426389823e-07
8 37 -1.5810640234437695e-06 -2.7611807903118493e-07
8 38 -8.6368560457741788e-07 -3.4520715806577673e-07
8 39 -1.0166813581149251e-06 -4.1029647622388795e-07
8 40 -1.3851193531271590e-06 -6.0325446101508954e-08
8 41 -1.6609351074094644e-06 -6.2983378007203816e-07
8 42 -1.1908230637370254e-06 -5.7024178676683261e-07
8 43 -2.8519605443785953e-06 -5.9879600935038859e-08
8 44 -1.9336794240288945e-06 2.6237456059934763e-08
8 45 -6.1303850679328466e-06 2.0486430086887995e-06
8 46 -4.6478125992691391e-06 1.1092210649842329e-06
8 47 -5.3371566465198436e-06 -4.6042017657545491e-07
8 48 -4.8119562389244743e-06 1.8447747598187862e-06
8 49 -4.4240793095397005e-06 7.6412862920841214e-07
8 50 -1.2497823885227486e-05 -4.5100436514421996e-06
8 51 -1.5379984170744971e-05 1.9872452332211953e-06
8 52 -1.1064701248201413e-05 1.8932595848816754e-06
8 53 -1.8253847044687242e-05 3.4055059054485810e-06
8 54 -2.1958452047597551e-05 -9.3052818083705114e-06
8 55 -2.7876901713466999e-05 -2.2165479933817927e-06
8 56 -3.3262201542881289e-05 -4.1802172134779035e-06
8 57 -4.0996644642853914e-05 6.0862251954342487e-06
8 58 -3.0358840437845680e-05 5.8588005277352030e-06
8 59 -5.8735434303398460e-05 -7.5160993768787681e-06
8 60 -4.2057961893890847e-05 -3.4313400440848328e-07
8 61 -1.1186872728522494e-04 5.4340209651229575e-06
8 62 -9.7313609403695429e-05 -5.4733977048220727e-06
8 63 -1.2742707443748292e-04 -2.3962647181977451e-05
8 64 -1.7481575308565423e-04 -3.9164208024892986e-05
8 65 -1.7840115613321466e-04 -5.2366607727595495e-05
8 66 -2.5409205636755947e-04 4.4285774139346364e-05
8 67 -2.3630106306405006e-04 -2.4172626143825682e-06
8 68 -1.7793796135668531e-04 1.2699677363637463e-05
8 69 -2.5616417541824343e-04 2.0900295746995243e-05
8 70 -9.4267919538471744e-05 -1.1839593953719568e-04
8 71 -3.8194309538509927e-04 1.5975437600618803e-04
9 0 -5.0724051706793738e-05 2.1129043932392611e-04
9 1 -1.4335765012577558e-04 3.0674934894421879e-05
9 2 -1.7354002595487136e-04 -2.2333660965430105e-05
9 3 -8.1073959285105277e-05 2.3661177850731608e-05
9 4 -1.0827278941469081e-04 -5.6393486415841552e-05
9 5 -5.7759363332937013e-05 7.3700277172243852e-07
9 6 -4.1417995012639400e-05 1.9305119601947784e-05
9 7 -5.3631806833063450e-05 -2.8844479126192294e-06
9 8 -4.6789958853596391e-05 2.4475875580742603e-05
9 9 -2.0676981624729147e-05 1.8011271465392111e-05
9 10 -3.1827870721868717e-05 1.6632121199396533e-05
9 11 -1.8150854973595340e-05 -4.2653403844144367e-06
9 12 -6.4807385382056311e-06 8.7597242246669882e-07
9 13 -9.9336112815761516e-06 9.5536067066433070e-06
9 14 -9.6514403353819821e-06 -4.7089934973966432e-08
9 15 -1.7244300842355548e-06 -1.9459072921247413e-06
9 16 -5.2734860489430304e-06 -8.2795682974621193e-07
9 17 -4.5599028090225824e-06 4.2453834247908214e-06
9 18 -2.5150464283587395e-06 2.5785759930699261e-08
9 19 -2.6187310896295920e-06 2.2702451716099699e-07
9 20 -2.5957787236951940e-06 1.2660238612283360e-06
9 21 -2.7517954691470653e-06 -2.7159544433376848e-07
9 22 -3.0862711543739741e-06 -3.9733148620494504e-07
9 23 -8.5136723705898056e-07 1.0001932708410816e-06
9 24 -3.1781208157512495e-06 1.0899348590816244e-06
9 25 -1.0852539731802582e-06 -2.7763051480038625e-07
9 26 -1.8701956499847098e-06 -9.3096410011174542e-07
9 27 -1.3208050281970454e-06 -5.3179347950454904e-07
9 28 -1.1200743912772170e-06 -4.4392222614864697e-07
9 29 -3.2558545734686706e-07 2.5403527824311824e-07
9 30 -6.7925321238623062e-07 6.1062065209443619e-08
9 31 -7.6126787898257544e-07 -1.7375634745693002e-07
9 32 -7.8202719902630035e-07 -1.9276178235060530e-07
9 33 -4.6361808680652355e-07 -3.5740779349889506e-08
9 34 -2.6085822554537660e-07 2.7232732793213985e-07
9 35 -9.9627038266094703e-07 1.2500892339511288e-07
9 36 -3.5267195614977871e-07 -5.4099505512548491e-07
9 37 -1.0628856096865261e-06 -1.9343932422839346e-07
9 38 -2.1443468336700197e-07 -2.1575633506193138e-07
9 39 -3.3342771438203447e-07 -3.9139836204416510e-07
9 40 -5.1711180944456900e-07 -3.0037340348446573e-08
9 41 -7.2119983488954458e-07 -4.4356652179787833e-07
9 42 -2.7828930284924248e-07 -3.6197489051104664e-07
9 43 -1.7440026031047989e-06 -1.5535835883992603e-07
9 44 -4.7380717994868311e-07 -4.1128441270402639e-07
9 45 -3.9691826385888047e-06 1.8824611483633793e-06
9 46 -2.2609270551836785e-06 1.4120469292129802e-06
9 47 -2.6457856292659171e-06 -9.2069140679342602e-07
9 48 -1.3865678576752800e-06 1.3918770010051420e-06
9 49 -1.2054479903860691e-06 6.3977327395582462e-07
9 50 -6.2952020027774006e-06 -3.9603156355379067e-06
9 51 -8.0008585783483095e-06 2.9990383895462797e-06
9 52 -3.1879333477289862e-06 4.5185907174364459e-06
9 53 -7.9040455124848171e-06 -5.7930188853976706e-07
9 54 -1.1988670790937947e-05 -5.1648101697385746e-06
9 55 -1.3171341973388355e-05 -1.3160842253429018e-06
9 56 -1.5067787581869742e-05 -1.0327003049794771e-06
9 57 -1.8056618981299472e-05 7.4915045768673823e-07
9 58 -1.5182188532533652e-07 9.9736402469495572e-06
9 59 -3.1944908851470046e-05 -9.5796842349207495e-06
9 60 -7.4218904698530673e-06 -4.1021812685287151e-06
9 61 -6.8955046132496104e-05 1.8577010628475725e-05
9 62 -3.5936679881668010e-05 -4.6950614659586020e-06
9 63 -8.2671750094714052e-05 -1.6730051062288103e-05
9 64 -1.0416302388060166e-04 -4.7880669688359545e-05
9 65 -9.2718609871014098e-05 -8.0596600045171088e-05
9 66 -1.5923458814341953e-04 2.2038377443046857e-05
9 67 -1.1874602746171287e-04 1.5702953124227475e-05
9 68 -7.2005070914277284e-05 1.3606452194841794e-05
9 69 -1.5805042011966090e-04 9.6159171565126562e-06
9 70 -2.6155744736783808e-05 -1.0757424194295913e-04
9 71 -2.3678806881738469e-04 6.5320113339214280e-05
10 0 5.9567817454296576e-05 1.2255404456597426e-04
10 1 -6.3274293873075374e-05 -6.1031131161071325e-06
10 2 -9.8027039298610131e-05 -3.8929731088206310e-05
10 3 -3.4102810713971541e-05 2.3913691383371272e-05
10 4 -4.9801755947939649e-05 -4.4265228628748079e-05
10 5 -2.3155431936431322e-05 -2.2898630563427814e-05
10 6 -2.5165755518715359e-05 1.1108201111399643e-05
10 7 -3.0179989005658535e-05 -6.0660820425774801e-06
10 8 -2.7936948636911193e-05 1.8717236511172399e-05
10 9 -1.0760154422934692e-05 1.9001563539824190e-05
10 10 -1.6348207146819121e-05 2.0342016764016020e-05
10 11 -1.2544853766920785e-05 -7.8250501296418406e-06
10 12 -8.9046897999362111e-07 2.1330578145305366e-06
10 13 -5.3765453000956034e-06 9.6669740834065953e-06
10 14 -5.9512938433369149e-06 2.0191430136446068e-06
10 15 1.1088238867267072e-08 -1.5255685614509911e-06
10 16 -2.8269428681970555e-06 5.8422672486218024e-07
10 17 -2.3794362907848884e-06 2.8260005214682896e-06
10 18 -9.2035932560401438e-07 3.7805220271341956e-07
10 19 -1.1814482715411237e-06 2.7278703054751677e-07
10 20 -1.3521324610832011e-06 9.1320864526130661e-07
10 21 -1.7670523171432046e-06 -4.8425487649970822e-07
10 22 -1.6261189231523498e-06 -2.2560184846550325e-07
10 23 4.0142424325772980e-08 7.7801075938290957e-07
10 24 -2.2700251034040063e-06 1.2610890507726628e-06
10 25 -4.6147052844061878e-07 1.5574518698138308e-07
10 26 -1.3395062195040946e-06 -9.1333286603056720e-07
10 27 -8.9323950165064467e-07 -5.6175170543168230e-07
10 28 -5.2763575604838987e-07 -4.2532735595340075e-07
10 29 1.5576744521680236e-08 3.4613825431804745e-07
10 30 -3.9337482147743086e-07 4.6911721522598659e-08
10 31 -4.0117297705282038e-07 -2.2150777529916540e-07
10 32 -3.3378233841087114e-07 -1.3319209097166516e-07
10 33 -2.6810332043896741e-07 -8.0367148129003001e-08
10 34 -5.6532545886898246e-08 2.0487817958321771e-07
10 35 -7.1904568322868040e-07 1.1072714375002814e-07
10 36 -2.8357493707949213e-08 -4.1914214727502243e-07
10 37 -6.8501606057553361e-07 -9.6402841001684324e-08
10 38 7.9158996189671217e-08 -9.9997501971287396e-08
10 39 6.9194900302533461e-08 -3.5189733897532795e-07
10 40 -7.9332604820951022e-08 -5.2522626438202900e-08
10 41 -2.1118890717247420e-07 -3.3958295163594316e-07
10 42 1.6693714986193259e-07 -1.1671963964046350e-07
10 43 -1.1674679193503979e-06 -2.7251325514206706e-07
10 44 -9.8575322245969710e-08 -6.1719306994140793e-07
10 45 -2.7281701341791054e-06 1.6582658417875868e-06
10 46 -1.1513629653293898e-06 1.0089814182731937e-06
10 47 -1.6679764195776596e-06 -8.0500394050505241e-07
10 48 -6.1656846074542001e-08 2.0270705107921439e-06
10 49 -9.6215465911077755e-08 8.9960907145691277e-07
10 50 -2.8299912276061034e-06 -3.7804544050905065e-06
10 51 -3.7458183237251282e-06 3.9200728214694396e-06
10 52 7.3870675872611155e-07 4.9092238989331868e-06
10 53 -2.9028104904146998e-06 -2.5347174806637320e-06
10 54 -6.2799620630123965e-06 -2.3308410691579898e-06
10 55 -4.9520061664713432e-06 -2.0413112639374801e-06
10 56 -5.4352829230261931e-06 1.7973323560399649e-06
10 57 -6.8379228004733151e-06 -3.7305077990930861e-06
10 58 1.3013866848088241e-05 8.5238447584070988e-06
10 59 -1.5011363020129620e-05 -8.4661627422946786e-06
10 60 -4.6588393321824790e-07 -1.1449187753390985e-05
10 61 -4.3681366352119415e-05 3.0988908372277566e-05
10 62 -9.4235328985741310e-06 -5.0287283406277578e-06
10 63 -5.0737791216517298e-05 -6.2504633072344609e-06
10 64 -5.2016789360641966e-05 -5.2832927849449154e-05
10 65 -5.0920678866281962e-05 -9.1605579151852535e-05
10 66 -1.0098564300618416e-04 7.3094330361835332e-06
10 67 -5.8264021947813836e-05 2.0796133753414935e-05
10 68 -4.4636981680395005e-05 1.4164113360736586e-05
10 69 -1.0733049890864932e-04 1.7194617382999777e-05
10 70 -1.4248525626617147e-05 -7.5788051271573074e-05
10 71 -1.3994495191458112e-04 3.4939214812225677e-05
