0 0 -1.2159756940650375e+00 -1.5203527309263504e-19
0 1 -1.4770736137214649e-01 -9.6666827687010778e-20
0 2 -5.0167498388331136e-02 -9.5259646021176925e-21
0 3 -2.7098808060655875e-02 1.3043117731790262e-21
0 4 -1.7992556714158326e-02 -3.3117656735628526e-22
0 5 -1.2682599190407538e-02 -6.6700774687008654e-22
0 6 -9.5535752854881435e-03 -6.9435532112874435e-22
0 7 -8.0222513351231161e-03 1.5099495131703855e-22
0 8 -6.7282248400125861e-03 -1.6998288264359129e-22
0 9 -5.6789887300775352e-03 -1.6427544202343566e-22
0 10 -4.9002192560417632e-03 -7.5409062109527022e-23
0 11 -4.3680645338879638e-03 1.9271648364725211e-22
0 12 -3.8438660532467304e-03 2.4097626118276991e-23
0 13 -3.3098357161097870e-03 7.7426901232690725e-23
0 14 -3.0281999355369423e-03 7.1770149012232839e-23
0 15 -2.7539346172462406e-03 -1.4148880942604888e-23
0 16 -2.4922415817187882e-03 9.9822718238776555e-23
0 17 -2.1666174836455581e-03 1.8736419678873634e-24
0 18 -1.8001741343471056e-03 2.1842799468292350e-23
0 19 -1.4895936023105239e-03 -7.1226815609186031e-23
0 20 -1.2138295070944255e-03 5.0316156341492154e-23
0 21 -9.9220785011940298e-04 1.8024522199612998e-23
0 22 -8.4359039488886148e-04 -6.1094980327566368e-23
0 23 -7.2890470299727590e-04 2.4712491414118157e-23
0 24 -6.2457612749479451e-04 -1.9233215010680167e-23
0 25 -5.3089627359617219e-04 -7.5733282778637997e-24
0 26 -4.4959193714032801e-04 1.5339440266909045e-23
0 27 -3.9619320392720811e-04 7.3118262308791733e-25
0 28 -3.5882410308870553e-04 3.6390290968923007e-23
0 29 -3.1926877046886329e-04 -7.6491069962268458e-24
0 30 -2.7289903981371261e-04 -1.3681981068796552e-23
0 31 -2.3092016191524520e-04 9.6735632469577167e-25
0 32 -2.0450864668206220e-04 -1.1895141576189759e-24
0 33 -1.7788435801337752e-04 -2.3967811814099541e-24
0 34 -1.5461639369386632e-04 -9.4768511808718112e-25
0 35 -1.3402289166455203e-04 -9.9220550818167546e-24
0 36 -1.0850237873792477e-04 -1.2949600712361507e-24
0 37 -9.3717638974228967e-05 -5.0413217623738446e-24
0 38 -9.0479261033246287e-05 -5.7387336101348593e-24
0 39 -9.2265659328095374e-05 2.0267072191316795e-24
0 40 -9.9956344771011182e-05 -2.5405705444602277e-24
0 41 -1.0822566741440402e-04 2.7310898403378422e-24
0 42 -1.1420715657272847e-04 1.8161757418369882e-24
0 43 -1.2556674326876945e-04 5.7831633664964508e-24
0 44 -1.4537995261475014e-04 6.9655138967613674e-24
0 45 -1.7504512383403165e-04 8.2758150409952425e-24
0 46 -2.1216142767206534e-04 3.5037178401257596e-24
0 47 -2.5008111628916214e-04 7.8172206624448292e-24
0 48 -2.9415493239363472e-04 4.4088242945982657e-24
0 49 -3.4328735114985009e-04 7.8446350704365454e-24
0 50 -3.9659038691958946e-04 -2.5086608231243588e-25
0 51 -4.5891433267805632e-04 -1.7382646441794378e-23
0 52 -5.2781031415819553e-04 -2.4657816642411283e-23
0 53 -6.1896394324022273e-04 -1.5759377834014357e-23
0 54 -7.5921073680259232e-04 -6.7005334912007988e-24
0 55 -9.5490421064099945e-04 -2.9198050572215747e-23
0 56 -1.1826397238927421e-03 -3.6989193851642241e-23
0 57 -1.4327453304640665e-03 -4.3203864916874132e-23
0 58 -1.8275680875860991e-03 4.7603080201211439e-23
0 59 -2.3817254098143755e-03 4.4703984229288559e-23
0 60 -3.1111361681888374e-03 8.0370782699269708e-23
0 61 -3.8745429896920032e-03 -8.2079848485862010e-23
0 62 -4.6111447161858964e-03 -8.2994547969829963e-23
0 63 -5.3658691165915590e-03 -8.3515154240932362e-23
0 64 -6.3031615628109348e-03 -2.9252811829315616e-22
0 65 -7.5919955024107170e-03 -7.3967572847568954e-23
0 66 -8.9349320984600609e-03 -1.8497697138061862e-22
0 67 -1.1283883577648441e-02 -1.1377025935816379e-22
0 68 -1.5511590951928786e-02 -7.2088517278496011e-23
0 69 -2.4932298251100157e-02 -2.4201507284459422e-21
0 70 -5.2944440559483295e-02 -9.8530872855400276e-21
0 71 -1.6493688964663322e-01 -1.0829570590531093e-19
1 0 -3.8320985859380774e-01 -1.8041691803452171e-03
1 1 -8.6562486573158903e-02 -2.4648891099178640e-04
1 2 -3.4931630732249461e-02 -1.6253739937492986e-05
1 3 -2.0302883825009024e-02 -9.2625553904559310e-06
1 4 -1.3655132470530046e-02 -9.8739113614071040e-06
1 5 -9.6576514323422208e-03 -5.5633974211743924e-05
1 6 -7.2709970457416374e-03 1.7035514690514138e-05
1 7 -6.1056137575788974e-03 -2.9635510718921506e-05
1 8 -5.1510194275676234e-03 -1.9381754270408027e-05
1 9 -4.3592136060483936e-03 -3.1035672719069324e-05
1 10 -3.7582673961555364e-03 -4.4215200894985258e-06
1 11 -3.3484208157766480e-03 1.7505122936860916e-05
1 12 -2.9556641168236074e-03 -1.8105202009006983e-06
1 13 -2.5383270711523886e-03 -7.8854617280596576e-06
1 14 -2.3151418057374682e-03 -2.0094558975250833e-05
1 15 -2.1084377880545846e-03 -4.5524569957501468e-06
1 16 -1.9045954751506745e-03 -6.3431396472080931e-07
1 17 -1.6548356771096315e-03 7.0834125415492614e-06
1 18 -1.3765477533502239e-03 -6.8110405047792680e-07
1 19 -1.1384809033032444e-03 -7.7518088939074099e-07
1 20 -9.2331631904330835e-04 3.2761334173577006e-06
1 21 -7.5786412357200313e-04 2.5279721600862436e-06
1 22 -6.4409605754751518e-04 1.4134294038425839e-07
1 23 -5.5648033593927405e-04 1.5660637862502782e-06
1 24 -4.7699818291620146e-04 6.6173577468053032e-07
1 25 -4.0526080801418985e-04 -5.9324378509496743e-07
1 26 -3.4366949854488003e-04 -2.6540067775854559e-06
1 27 -3.0241274447878602e-04 -2.9000363501239959e-07
1 28 -2.7379392953843417e-04 9.0422496175476393e-07
1 29 -2.4476027145122002e-04 -5.5551227112939387e-07
1 30 -2.0946433289869385e-04 2.2225079542254127e-07
1 31 -1.7649462920831489e-04 -2.5611112760130953e-07
1 32 -1.5595771749137835e-04 5.0704138203090797e-07
1 33 -1.3579526992167466e-04 7.1556750439973353e-07
1 34 -1.1754889163388496e-04 -2.1034861897062378e-07
1 35 -1.0148388092454681e-04 2.4778058909408236e-07
1 36 -8.2064604594011824e-05 1.9911160984274336e-07
1 37 -7.1497838545319157e-05 1.9213473168746904e-07
1 38 -6.9016252589175153e-05 3.3940408821286646e-07
1 39 -7.0658923006348124e-05 4.2122976633570003e-07
1 40 -7.6282803391643412e-05 2.1556126534692895e-08
1 41 -8.2639844519676595e-05 1.4396081530432646e-08
1 42 -8.6931659980649556e-05 -1.5784361265452371e-07
1 43 -9.5826644868426725e-05 5.0026873485190846e-08
1 44 -1.1082298966524556e-04 3.5482960529936834e-07
1 45 -1.3297056836463625e-04 1.5297804797280323e-07
1 46 -1.6214395630527874e-04 -4.5941063541514989e-07
1 47 -1.9183326739164176e-04 -4.8235324361309858e-07
1 48 -2.2494688789411463e-04 -6.2793867922350412e-07
1 49 -2.6244530016635459e-04 7.6909399730724829e-07
1 50 -3.0327526842609780e-04 6.2732959239081104e-07
1 51 -3.5050320393040707e-04 -2.3982717755596466e-07
1 52 -4.0203397466549121e-04 1.0876130707121461e-06
1 53 -4.7177865060714282e-04 9.0356166941931201e-07
1 54 -5.7916893411580394e-04 2.5990838194885759e-06
1 55 -7.2589358813527672e-04 2.5374805135304728e-06
1 56 -8.9888351365158140e-04 3.3124347769444856e-06
1 57 -1.0897117688402212e-03 1.1109935166064630e-05
1 58 -1.3880815294164226e-03 6.2812921376312149e-06
1 59 -1.8130297609509373e-03 -4.2495224171373913e-06
1 60 -2.3703231561264240e-03 -1.1188652624167698e-05
1 61 -2.9545765491469245e-03 -5.0796367954179246e-06
1 62 -3.5294097477263290e-03 -6.6822392562649225e-06
1 63 -4.1095996088285399e-03 -1.5314630168246865e-05
1 64 -4.8076685775374651e-03 -2.8587030582798018e-06
1 65 -5.7949254812120262e-03 1.9540257057988603e-05
1 66 -6.8094618584048109e-03 2.8536943893372577e-05
1 67 -8.6121456021914667e-03 5.9730768036946615e-05
1 68 -1.1672803175039364e-02 6.3197469132585696e-05
1 69 -1.8520323953571918e-02 1.1935553904396203e-04
1 70 -3.7075012750339573e-02 -4.1021755519869762e-05
1 71 -9.9193940510231698e-02 -5.8035557392187016e-04
2 0 -1.3387691818094730e-01 -6.6673508570416567e-04
2 1 -4.0972322107834309e-02 1.2810477578003363e-05
2 2 -1.9304207788614639e-02 1.7539758244764491e-05
2 3 -1.2099774440798570e-02 -5.5799947730117682e-06
2 4 -8.3296020683864633e-03 -5.6369712660764584e-05
2 5 -5.9130541725050745e-03 -8.0322355423982679e-05
2 6 -4.4669245285303381e-03 7.6093088528522757e-06
2 7 -3.7487682245879758e-03 -4.1378844159842549e-05
2 8 -3.2023105547328129e-03 -3.1367614602060346e-05
2 9 -2.7305219868990088e-03 -3.9802504438034728e-05
2 10 -2.3476659204705020e-03 -7.6092045402566627e-06
2 11 -2.0865680492845556e-03 2.9306015151928977e-05
2 12 -1.8576010466858385e-03 5.1693383741426720e-06
2 13 -1.5839894881398899e-03 -9.7410220887803664e-06
2 14 -1.4358784129681254e-03 -2.6108415839437132e-05
2 15 -1.3127565126439744e-03 -8.2970945932617653e-06
2 16 -1.1823188136026450e-03 -3.6937148989855825e-06
2 17 -1.0266429073520565e-03 9.6478601914081738e-06
2 18 -8.5334580395146859e-04 -3.5832715589966427e-06
2 19 -7.0487357513200773e-04 -9.4444287915061645e-07
2 20 -5.6529607810212954e-04 3.6035126170343809e-06
2 21 -4.6945951829992509e-04 1.8929939460726335e-06
2 22 -3.9799176849692510e-04 1.7526289733351771e-07
2 23 -3.4396728618149997e-04 2.3641253242631146e-06
2 24 -2.9472345479516403e-04 8.3606636085026732e-07
2 25 -2.5100352356733019e-04 -8.0642417886500450e-07
2 26 -2.1332418582027297e-04 -3.4728351521501998e-06
2 27 -1.8781152585566513e-04 -2.3954940601372470e-07
2 28 -1.6988108054808644e-04 1.5296499160904823e-06
2 29 -1.5240540491380476e-04 -1.3094687787843658e-06
2 30 -1.3118095103918659e-04 4.8514829073170641e-07
2 31 -1.0973192464596117e-04 -2.0024529187111325e-07
2 32 -9.6710729575977879e-05 6.6209299123657457e-07
2 33 -8.3934882810546629e-05 1.0838163567619128e-06
2 34 -7.2091930810764713e-05 -4.5317040618488476e-07
2 35 -6.1500333482771119e-05 3.2179650293126699e-07
2 36 -4.9988884247878589e-05 3.6103568301025314e-07
2 37 -4.4467435693071925e-05 2.1075936594308340e-07
2 38 -4.2840866238869782e-05 2.2153016085894495e-07
2 39 -4.3994651823484205e-05 3.3067208677984241e-07
2 40 -4.7023868740475181e-05 -6.1101218881628521e-08
2 41 -5.1352640124481645e-05 -7.4188735294544254e-08
2 42 -5.3560738676313112e-05 -2.7640371528406387e-07
2 43 -5.9169255154339730e-05 1.6048835378319097e-07
2 44 -6.8460423014921992e-05 4.6226722716083040e-07
2 45 -8.1368399031408919e-05 -1.4924763947851427e-07
2 46 -9.9986593605554970e-05 -8.3935115484283263e-07
2 47 -1.1970194974418495e-04 -5.8949621016479899e-07
2 48 -1.3936228019189998e-04 -6.6201571325563783e-07
2 49 -1.6354906410103419e-04 1.2600684012659936e-06
2 50 -1.8850622521008497e-04 1.4347955996501874e-06
2 51 -2.1755526162437483e-04 1.0046398948657218e-08
2 52 -2.4694547918601372e-04 7.7080194882258352e-07
2 53 -2.9180516514887186e-04 5.3398924617306201e-07
2 54 -3.5754767437725884e-04 3.7883490274521863e-06
2 55 -4.4530229039043914e-04 2.9427647026730211e-06
2 56 -5.5193276613895717e-04 3.3209984700603882e-06
2 57 -6.6756167402362587e-04 1.2270656850695257e-05
2 58 -8.5008692182136350e-04 1.0937123074650464e-05
2 59 -1.1140805617597233e-03 -6.2996056235133159e-06
2 60 -1.4601960894993675e-03 -1.2362856000333642e-05
2 61 -1.8266983801459502e-03 -8.9322377143995819e-06
2 62 -2.2025633750822789e-03 -9.6218299375637517e-06
2 63 -2.5535956384601373e-03 -2.7799072386099433e-05
2 64 -2.9821114407182769e-03 -2.8348889490230255e-06
2 65 -3.5871840210354253e-03 2.4950382172912488e-05
2 66 -4.1980001957248117e-03 4.1940914116677144e-05
2 67 -5.3686994087286588e-03 6.9563139212283409e-05
2 68 -7.1053367496993237e-03 5.4960146665770609e-05
2 69 -1.1002975493567891e-02 8.3537012818382840e-05
2 70 -2.0421687598740332e-02 -3.4663603940239402e-05
2 71 -4.8671382375511711e-02 -8.2894451845343076e-04
3 0 -4.7009981025729716e-02 9.0770300427746341e-04
3 1 -1.7118159127834712e-02 1.0819245253238512e-04
3 2 -9.7891962059437256e-03 -7.2452063466864322e-05
3 3 -6.6491415053515929e-03 -1.9724306799278205e-05
3 4 -4.6455141047484876e-03 -5.4065837545499743e-05
3 5 -3.3131992785593364e-03 -5.6864710446680716e-05
3 6 -2.5304512749669966e-03 3.6293934191036843e-06
3 7 -2.1188632506202571e-03 -2.7597702086939117e-05
3 8 -1.8409087285306202e-03 -3.2691589044335623e-05
3 9 -1.5782925520477266e-03 -3.4886393892121357e-05
3 10 -1.3563356826149194e-03 -4.5419437814353851e-06
3 11 -1.1969630153287108e-03 3.1236954143186353e-05
3 12 -1.0759845437087509e-03 8.3774817353918910e-06
3 13 -9.1503956933289212e-04 -1.0252822294440177e-05
3 14 -8.2464688588338472e-04 -2.3471121643002457e-05
3 15 -7.5435902315020887e-04 -8.9515564219655483e-06
3 16 -6.8059000199570754e-04 -5.2913036984421234e-06
3 17 -5.8988891393347946e-04 8.9059540731359857e-06
3 18 -4.9100744972736376e-04 -5.8784688702652124e-06
3 19 -4.0412351550614487e-04 -1.9028290322108262e-06
3 20 -3.1951562839535353e-04 1.3268429835348406e-06
3 21 -2.6890398169230120e-04 1.1116853467434945e-06
3 22 -2.2800151224037073e-04 6.9572356555690712e-07
3 23 -1.9671434506065037e-04 3.1882637420014472e-06
3 24 -1.6867649632992517e-04 4.5573926915751496e-07
3 25 -1.4411094031807609e-04 -1.0153443650361714e-06
3 26 -1.2239920125047237e-04 -3.0925871856300810e-06
3 27 -1.0843583208920558e-04 3.7456913866966573e-07
3 28 -9.7883419221127645e-05 1.7711684187348793e-06
3 29 -8.7541520434353430e-05 -1.9455069784599545e-06
3 30 -7.5888117130053990e-05 3.8201093702559964e-07
3 31 -6.3027829759550123e-05 -1.3770579416973582e-07
3 32 -5.5698656720355547e-05 7.3237464564511416e-07
3 33 -4.7620022990490155e-05 1.2762774888829370e-06
3 34 -4.0797075273459418e-05 -7.3081937068801238e-07
3 35 -3.4210624699463233e-05 2.4758938780327963e-07
3 36 -2.8233777503809913e-05 4.5137047654427450e-07
3 37 -2.5642164581606237e-05 1.4938664257326850e-07
3 38 -2.4724927782912257e-05 5.3659175760788209e-08
3 39 -2.5232528108054285e-05 1.2017118291315112e-07
3 40 -2.6675178676794055e-05 -1.6665711200780656e-07
3 41 -2.9402819260821070e-05 -2.0214347073402819e-07
3 42 -3.0483036668506308e-05 -2.5065892570223130e-07
3 43 -3.3744975697422793e-05 6.4130131693758965e-08
3 44 -3.8977118482924308e-05 3.7903297245394402e-07
3 45 -4.5949489035866168e-05 -3.0370937915377347e-07
3 46 -5.6491053688346159e-05 -1.0634186707743171e-06
3 47 -6.8634505826247255e-05 -6.2331352639402635e-07
3 48 -7.9966350008418014e-05 -3.6190591228349561e-07
3 49 -9.4185148544535647e-05 1.2415565096293465e-06
3 50 -1.0880447251951251e-04 1.6927932495956358e-06
3 51 -1.2591030633055401e-04 -1.9889429246884324e-08
3 52 -1.3930411889422794e-04 -5.0402101680693543e-08
3 53 -1.6755908713003191e-04 -5.0069993042257382e-07
3 54 -2.0472573130350861e-04 4.0045181992584230e-06
3 55 -2.5116908199231851e-04 7.9340198071405945e-07
3 56 -3.1262618273833844e-04 2.6796580448360861e-06
3 57 -3.7669701889026105e-04 9.1279087424273002e-06
3 58 -4.7963139101951560e-04 1.3694405032455269e-05
3 59 -6.2953339927153309e-04 -5.9830266894783050e-06
3 60 -8.2505861710825636e-04 -5.8294980893588658e-06
3 61 -1.0531527319610884e-03 -1.1935476984989888e-05
3 62 -1.2726206008754509e-03 -5.8958174953141323e-06
3 63 -1.4667929541921851e-03 -2.7482998654905321e-05
3 64 -1.7114242654549083e-03 -8.7458099246511432e-06
3 65 -2.0580233758250252e-03 2.1720969273647396e-05
3 66 -2.3926057009823328e-03 4.7520614078866640e-05
3 67 -3.0843741922047820e-03 6.0872729831983872e-05
3 68 -4.0252758929227367e-03 1.0475848104232505e-05
3 69 -6.0927781990909209e-03 3.2394662599489486e-05
3 70 -1.0278429920917175e-02 -1.1006839647371978e-05
3 71 -2.1962847435788704e-02 -6.2899973940650335e-04
4 0 -1.6449873172885442e-02 1.2396268252142515e-03
4 1 -6.5694212414417457e-03 3.9651295745114394e-04
4 2 -4.7692862221982452e-03 -6.5530282502592016e-05
4 3 -3.4862093323111236e-03 -5.7779506390461724e-06
4 4 -2.4660617504826537e-03 -4.9724869613139623e-05
4 5 -1.7621572494823988e-03 -1.7290752985125046e-05
4 6 -1.3633015225816426e-03 4.4163185272275083e-06
4 7 -1.1432412930106133e-03 -1.9794641691123651e-06
4 8 -1.0226981868811480e-03 -2.7980439312115091e-05
4 9 -8.6956031354272294e-04 -2.7815596633983030e-05
4 10 -7.5312244109143026e-04 -3.2493074257247677e-06
4 11 -6.5525263910821811e-04 2.5817562111923621e-05
4 12 -5.9398388595018590e-04 4.2922592731875182e-06
4 13 -5.0748601176427849e-04 -9.9602075039506536e-06
4 14 -4.5749265969467193e-04 -1.8467302624516678e-05
4 15 -4.1225562004701958e-04 -7.0587268537479104e-06
4 16 -3.7837786604017978e-04 -5.2414985675588462e-06
4 17 -3.2689988097108706e-04 5.9413820976108973e-06
4 18 -2.7273046871472290e-04 -7.0449633665417231e-06
4 19 -2.2348722220616346e-04 -1.6662233403612339e-06
4 20 -1.7345299838605579e-04 -3.5239838408864848e-07
4 21 -1.4877630114157217e-04 1.2193407655766150e-06
4 22 -1.2630535305872926e-04 5.0046053945882072e-07
4 23 -1.0808130577098955e-04 2.5385050728755383e-06
4 24 -9.3540117159381076e-05 -1.0265422719167075e-07
4 25 -7.9798988143500683e-05 -7.8223420878700912e-07
4 26 -6.7391377411622793e-05 -2.3959131050918711e-06
4 27 -6.0262119558628189e-05 7.3192531964715083e-07
4 28 -5.4523550567878756e-05 1.1930616480662925e-06
4 29 -4.7693032148573238e-05 -2.0378781488139435e-06
4 30 -4.2251394172104515e-05 3.0445749628228299e-08
4 31 -3.4526576998417301e-05 -5.3704304018632793e-08
4 32 -3.0675091085929930e-05 7.7309064438777730e-07
4 33 -2.5702588553717859e-05 1.3687994395755975e-06
4 34 -2.2217637381550572e-05 -7.5986485984181927e-07
4 35 -1.8322831885247694e-05 1.6990227730145506e-08
4 36 -1.5540753819337216e-05 4.5721666819232232e-07
4 37 -1.4202208990524988e-05 1.3475452658376494e-07
4 38 -1.3723104078258438e-05 2.7447926639371638e-08
4 39 -1.3792878486839398e-05 1.3592441726873042e-08
4 40 -1.4600912779922422e-05 -1.6826504496123176e-07
4 41 -1.5953783468500221e-05 -3.1471056078233250e-07
4 42 -1.6643975769535243e-05 -1.6790718674498529e-07
4 43 -1.8419280381624200e-05 -1.6431297940797289e-07
4 44 -2.1204278279728700e-05 1.6287963372839315e-07
4 45 -2.4886109292435293e-05 -1.7058126187053460e-07
4 46 -3.0359680922763299e-05 -1.1067082776129357e-06
4 47 -3.7644486066220673e-05 -5.5580163699210973e-07
4 48 -4.3985135012164290e-05 -1.1633013495215101e-07
4 49 -5.1886423759432903e-05 7.8891138927342753e-07
4 50 -6.0097619072965279e-05 1.8717963469433589e-06
4 51 -6.9896895836109622e-05 -2.1830684406808767e-07
4 52 -7.5318065923978624e-05 -5.5059273309395138e-07
4 53 -9.3234206773844055e-05 -1.4247241092054349e-06
4 54 -1.1362643046933451e-04 3.3791377016937266e-06
4 55 -1.3432233560534549e-04 -8.2638221618043867e-07
4 56 -1.6948876276039548e-04 2.7890564528737667e-06
4 57 -2.0274579507043147e-04 5.1026744464954026e-06
4 58 -2.5854312865486911e-04 1.3702273471067528e-05
4 59 -3.3946097411000612e-04 -2.6897926736027085e-06
4 60 -4.4106286274149254e-04 -9.1065505813288798e-07
4 61 -5.8586500762834921e-04 -1.0923083896545432e-05
4 62 -6.9979136922575659e-04 -5.9816591553438403e-06
4 63 -8.0084890538080185e-04 -2.0340571842111557e-05
4 64 -9.4055738699195428e-04 -1.1093474029576673e-05
4 65 -1.1262698294097950e-03 8.4030218514022445e-06
4 66 -1.2990907474626670e-03 4.6612790813859635e-05
4 67 -1.6825277048820473e-03 3.0930491293501653e-05
4 68 -2.1924069436809628e-03 -1.1986430105836432e-06
4 69 -3.2735521567719048e-03 3.5082178462348293e-05
4 70 -4.9125334542210524e-03 -2.7305089924004851e-05
4 71 -9.4278214562711436e-03 -5.1550216090898453e-04
5 0 -5.8746799398304529e-03 8.6641787683960382e-04
5 1 -2.4409738409175447e-03 4.3541994048383446e-04
5 2 -2.3022624679298561e-03 -2.0953816008546850e-05
5 3 -1.7459879885153979e-03 -3.5237485166972015e-05
5 4 -1.2690012104533031e-03 -4.4300965305037760e-05
5 5 -8.9641905736891699e-04 1.5707298988338100e-05
5 6 -7.0489055165992456e-04 7.0221229503665930e-06
5 7 -6.0258991999437371e-04 1.4936962969437161e-05
5 8 -5.5584031823557607e-04 -2.5976345638571255e-05
5 9 -4.6093014831562944e-04 -2.0355282186626439e-05
5 10 -4.1024947694115384e-04 -8.3206842254204507e-06
5 11 -3.5300490862331181e-04 1.7857093607796213e-05
5 12 -3.1637561325998254e-04 -2.2350748138346396e-06
5 13 -2.7576248318721889e-04 -8.0816092263252726e-06
5 14 -2.4798299881332214e-04 -1.5362004345174326e-05
5 15 -2.1574391854307606e-04 -1.9169087304124537e-06
5 16 -2.0340649093319741e-04 -4.6163074319161929e-06
5 17 -1.7550511230897105e-04 4.0134058195891737e-06
5 18 -1.4793288361109597e-04 -6.7211578564669808e-06
5 19 -1.2062463914350947e-04 -2.8785543429211270e-07
5 20 -9.1726054836100703e-05 9.4112597776774275e-08
5 21 -8.1855198637166646e-05 1.2161195759091042e-06
5 22 -6.8606402312518789e-05 2.7987508216805217e-07
5 23 -5.8002384281732498e-05 1.2377904582259847e-06
5 24 -5.0760327279872157e-05 -9.9150768929038314e-08
5 25 -4.3171112157403235e-05 -1.2632320156133617e-07
5 26 -3.6032224945119148e-05 -2.2528589120793247e-06
5 27 -3.2408913279569719e-05 8.0230553698013708e-07
5 28 -2.9650384729208570e-05 1.6445651343114523e-07
5 29 -2.5124208237518800e-05 -1.6107844477661620e-06
5 30 -2.3190456600161997e-05 -2.7592664453014936e-07
5 31 -1.8513147634791376e-05 9.0747371492099746e-08
5 32 -1.6364898296943972e-05 6.6307498762497527e-07
5 33 -1.3302139068959432e-05 1.3335944166633705e-06
5 34 -1.1764574689239401e-05 -5.8187604821550819e-07
5 35 -9.6519889350513229e-06 -1.9064186800303973e-07
5 36 -8.4681060389419747e-06 2.6284915136359534e-07
5 37 -7.5435991120912088e-06 1.1909395657608878e-07
5 38 -7.5310706170180759e-06 -8.8655999016058666e-09
5 39 -7.3413421467934468e-06 -6.4095238055097821e-08
5 40 -7.8303339765833827e-06 -1.7847354049288528e-07
5 41 -8.2733176741184224e-06 -3.7841069182974625e-07
5 42 -8.8242304986697104e-06 -1.2282395273706157e-07
5 43 -9.7837335797649038e-06 -3.3362449438253351e-07
5 44 -1.1259911932450178e-05 8.7452366465909466e-08
5 45 -1.3248741143098572e-05 -3.1280793920563240e-08
5 46 -1.5641642112467609e-05 -9.8651665974306873e-07
5 47 -2.0370575606207023e-05 -6.2349172039088630e-07
5 48 -2.3542890599321049e-05 -1.2886999573035085e-07
5 49 -2.7954852945626306e-05 2.1233632369682937e-07
5 50 -3.1833856286994122e-05 2.0009574692139747e-06
5 51 -3.7790008133222817e-05 -3.2965413399129462e-07
5 52 -3.9380280843930806e-05 -7.0682803842227389e-07
5 53 -5.0538659562544036e-05 -1.8898621234067192e-06
5 54 -6.2594149883294324e-05 2.3694865969055083e-06
5 55 -6.9515691472235266e-05 -4.8977109574988338e-07
5 56 -8.9187106461107926e-05 3.5333511339408956e-06
5 57 -1.0686701585553582e-04 9.1281514301015651e-07
5 58 -1.3660018855343790e-04 1.1777972674687014e-05
5 59 -1.7669351006480288e-04 4.9976256696242437e-07
5 60 -2.2749736609374365e-04 -8.1153517089922741e-07
5 61 -3.1566773704693791e-04 -5.4220908338410049e-06
5 62 -3.6758228754761227e-04 -7.3128603478397706e-06
5 63 -4.1959824220430086e-04 -1.1837073642170048e-05
5 64 -5.0888326792750170e-04 -4.2500130583646135e-06
5 65 -5.9718487892939948e-04 4.7854856616916047e-06
5 66 -6.8179797751782910e-04 3.9070844539173902e-05
5 67 -8.7856993852819412e-04 -8.7869275513062352e-07
5 68 -1.1740898578721174e-03 2.4255365776238414e-05
5 69 -1.7406614044524222e-03 7.0778495188523994e-05
5 70 -2.1981654518779983e-03 -2.9534588586887225e-05
5 71 -4.1718587391297865e-03 -3.4865753469890445e-04
6 0 -2.3183351076713253e-03 3.9186637140110257e-04
6 1 -9.3986086485537562e-04 3.2340346139714184e-04
6 2 -1.0535642943755377e-03 1.6471402508514073e-05
6 3 -8.3680490348587392e-04 -8.3083737107849588e-05
6 4 -6.2346696579760924e-04 -1.8751735516566788e-05
6 5 -4.4330008572259990e-04 3.5537172215375887e-05
6 6 -3.5469121053980100e-04 1.2587701711517495e-05
6 7 -3.1778430912160043e-04 2.3044852137563313e-05
6 8 -2.9529721250950557e-04 -2.1831292704964363e-05
6 9 -2.3812342374313845e-04 -1.2032926186652696e-05
6 10 -2.2393012180892856e-04 -1.1174484742229107e-05
6 11 -1.8895064562025080e-04 1.2127803002796478e-05
6 12 -1.6477767708844394e-04 -8.1082883702769754e-06
6 13 -1.5066091257501683e-04 -6.9448272923144164e-06
6 14 -1.3093473759353476e-04 -1.2610314861141386e-05
6 15 -1.0888445785966997e-04 3.2525129009120300e-06
6 16 -1.0477180208829608e-04 -5.3009106403690607e-06
6 17 -9.1137682830998333e-05 2.8819378927713104e-06
6 18 -7.9381097381872969e-05 -6.6154619111462589e-06
6 19 -6.3579600870494727e-05 1.1712594679290570e-06
6 20 -4.8619939863256059e-05 3.6444175119284547e-07
6 21 -4.5518531008080369e-05 8.6528271623469534e-07
6 22 -3.7049096093201962e-05 -5.4018108832959538e-07
6 23 -3.0806769176853364e-05 2.3731680362817198e-07
6 24 -2.6981796903552385e-05 3.2534557468048903e-07
6 25 -2.3087555899486346e-05 3.8173576598526281e-07
6 26 -1.8598461885904239e-05 -2.0738921086724911e-06
6 27 -1.6888641781911338e-05 1.2374895269677175e-08
6 28 -1.5517033586840276e-05 -5.8187898813205487e-07
6 29 -1.3024934955778802e-05 -1.3613783925686579e-06
6 30 -1.2662924879876444e-05 -3.7934751040738191e-07
6 31 -1.0092167471777961e-05 2.1978823408182387e-07
6 32 -8.5805262799546751e-06 4.3073022847683167e-07
6 33 -6.5996174530777441e-06 1.3773925363775342e-06
6 34 -6.0386648272570600e-06 -4.1743229571175767e-07
6 35 -5.0634651833809653e-06 -3.4676728200014496e-07
6 36 -4.6097618423956031e-06 2.4433167097321725e-08
6 37 -3.8933983277797305e-06 9.8196165621471717e-08
6 38 -4.1697039312841389e-06 -2.5980849018506543e-08
6 39 -3.8234626519380340e-06 -7.9622850909300254e-08
6 40 -4.1691046920052255e-06 -1.6683381227572577e-07
6 41 -4.1035510474954050e-06 -3.6498277523841842e-07
6 42 -4.5312206640294085e-06 -1.6360112958402467e-07
6 43 -5.1905565095264475e-06 -2.8053888285706490e-07
6 44 -5.7872672455517972e-06 -1.1270700583391227e-08
6 45 -7.1471194330022923e-06 -6.6543256606433402e-08
6 46 -7.8883466419717556e-06 -8.6549107969954688e-07
6 47 -1.0952558744251797e-05 -8.7189356194288109e-07
6 48 -1.2384830841057842e-05 -3.1446164615316109e-07
6 49 -1.4872868835519239e-05 -2.9249810245020558e-07
6 50 -1.6143543208238906e-05 2.0200446935283224e-06
6 51 -2.0347138178042268e-05 -4.2421328720388775e-08
6 52 -2.0386557749918666e-05 -8.8975516179790971e-07
6 53 -2.6035471428626331e-05 -1.9589783248327426e-06
6 54 -3.4213471157181073e-05 1.4591152022176254e-06
6 55 -3.4806244599866822e-05 -3.8487461935862396e-07
6 56 -4.4403159516974047e-05 3.9727376949433777e-06
6 57 -5.6707540265278876e-05 -1.3112530119222607e-06
6 58 -7.2365608633647336e-05 8.3915683254288304e-06
6 59 -8.8584307601963518e-05 2.7505529484817644e-06
6 60 -1.1528671599088607e-04 -1.5513494499287174e-06
6 61 -1.6640879071822838e-04 2.7967074258677329e-07
6 62 -1.9143655907948032e-04 -1.1639986390137741e-05
6 63 -2.0827647649105023e-04 -3.0460002387755141e-06
6 64 -2.6836675467603599e-04 1.8701560681337285e-06
6 65 -3.1231846590220431e-04 1.3293636443773527e-05
6 66 -3.5088554606134973e-04 3.1377172219759085e-05
6 67 -4.4729312632280543e-04 -2.9351791724709075e-05
6 68 -6.1776937566193862e-04 3.9138279116995132e-05
6 69 -9.3768001130374720e-04 8.9411645224130067e-05
6 70 -9.0445137247149594e-04 -3.3533275535504920e-05
6 71 -1.9233679261331121e-03 -1.5568304004623011e-04
7 0 -9.2781785621957110e-04 2.9039399062872381e-04
7 1 -3.8170213750236191e-04 2.1795338088531692e-04
7 2 -4.5515056106932482e-04 5.5978855037510106e-05
7 3 -4.0865010899086054e-04 -1.0111202353498244e-04
7 4 -2.9457537688042687e-04 -6.1061349199467491e-06
7 5 -2.2633838582878133e-04 4.5857428080458022e-05
7 6 -1.7123756902162024e-04 1.5835041557541083e-05
7 7 -1.6997504341176520e-04 1.3802923763747065e-05
7 8 -1.5649291862270833e-04 -1.9513757350872992e-05
7 9 -1.1988622392076737e-04 -4.4237536476827670e-06
7 10 -1.2586302518029338e-04 -8.1269235270725970e-06
7 11 -1.0131342686557716e-04 9.2693313862263336e-06
7 12 -8.7693087959652070e-05 -1.1320951517374304e-05
7 13 -8.2546424945724881e-05 -5.8654312808076982e-06
7 14 -6.9925743076210337e-05 -9.9314537734383620e-06
7 15 -5.3399337820360053e-05 5.4024676509225075e-06
7 16 -5.1264320290899240e-05 -7.5231773799287509e-06
7 17 -4.6052136216377247e-05 3.4783028866231963e-06
7 18 -4.2370316412648011e-05 -5.8971612553307204e-06
7 19 -3.3112152803760758e-05 2.1489817772059018e-06
7 20 -2.6355918639250123e-05 4.7906368271331722e-07
7 21 -2.5605195688678569e-05 7.3874656857795680e-07
7 22 -1.9446232531971610e-05 -1.9179510933656138e-06
7 23 -1.6207956421343557e-05 -5.3895136220352307e-07
7 24 -1.4103646833935383e-05 1.6643297300309278e-07
7 25 -1.2273138706711064e-05 1.7183226581916408e-08
7 26 -9.6245276190003001e-06 -1.8744680051136361e-06
7 27 -8.7887559372633910e-06 -6.6435938667562640e-07
7 28 -7.7220558128368909e-06 -7.5434141199294443e-07
7 29 -6.7651544818566023e-06 -1.3718583841024516e-06
7 30 -6.7437073329783199e-06 -4.2357344023513350e-07
7 31 -5.6348631359712036e-06 2.8355382497683325e-07
7 32 -4.7288901661461893e-06 2.1684918178873917e-07
7 33 -3.0691973149423635e-06 1.3807420588276427e-06
7 34 -2.9406757300185830e-06 -3.0133356582457098e-07
7 35 -2.6482021880603733e-06 -3.9147772379153880e-07
7 36 -2.6233778183905872e-06 -5.6001514552513535e-08
7 37 -1.9098650837052072e-06 4.2237586603393500e-08
7 38 -2.4224347495063513e-06 -1.7070086677790589e-10
7 39 -1.9454829561065193e-06 -5.3315010590212413e-08
7 40 -2.2750259190199628e-06 -1.8036686967791310e-07
7 41 -2.0728415461790823e-06 -1.9381992926078959e-07
7 42 -2.2962154613597715e-06 -2.7600455397560703e-07
7 43 -2.8206541067474817e-06 -1.9461366020479566e-07
7 44 -2.8991113866474008e-06 -7.3651415634419285e-08
7 45 -3.7385797206052696e-06 -1.6721220320046056e-07
7 46 -3.9990879841092198e-06 -6.0091538596565170e-07
7 47 -5.9208279605176709e-06 -1.1476646770388525e-06
7 48 -6.3939773675243590e-06 -5.8313330718472093e-07
7 49 -7.5822089121587240e-06 -7.0781336723258722e-07
7 50 -7.7816284089464550e-06 1.4393709697113293e-06
7 51 -1.1027817952046518e-05 3.7667887510809067e-07
7 52 -1.0580138025295199e-05 -6.3750631112883758e-07
7 53 -1.2625933042528515e-05 -1.6055886128249048e-06
7 54 -1.9107220120266078e-05 4.5474983199450714e-07
7 55 -1.6647962743151736e-05 -9.5518310250594409e-07
7 56 -2.0151048200215511e-05 4.1627875829910059e-06
7 57 -2.9247065941926429e-05 -1.7674357484085148e-06
7 58 -3.9519847925786719e-05 5.4291951913882203e-06
7 59 -4.2552181136606604e-05 2.5652121479052471e-06
7 60 -5.9322226369027573e-05 -3.6603616020040674e-06
7 61 -8.4876975464817420e-05 4.2195482228028312e-06
7 62 -1.0351749527305157e-04 -1.5321083091601045e-05
7 63 -9.6766589057145308e-05 3.4739974092550102e-06
7 64 -1.3930244554188133e-04 4.3839116146903916e-06
7 65 -1.6914637793472216e-04 2.5513379615933362e-05
7 66 -1.7143069952150062e-04 3.1897803235108834e-05
7 67 -2.1236179754506913e-04 -3.9200214658362385e-05
7 68 -3.2226134335841522e-04 4.3605999429735057e-05
7 69 -5.1557027522093981e-04 9.0870910124533371e-05
7 70 -3.1815498576508205e-04 -8.0914028055548842e-05
7 71 -9.1352822214731480e-04 -1.0358679251246624e-04
8 0 -3.6951451194585988e-04 3.1607029947503874e-04
8 1 -9.9248353488271785e-05 9.6297902623353071e-05
8 2 -1.9745796759219721e-04 9.2755300511622181e-05
8 3 -2.1550273218241760e-04 -9.3180335092510379e-05
8 4 -1.2920708960329676e-04 -1.1479086381326545e-05
8 5 -1.2256819121986428e-04 3.4845009004283243e-05
8 6 -7.6361029153781504e-05 1.2389828836298200e-05
8 7 -9.0006628129126490e-05 8.5772006111418149e-06
8 8 -7.9460681943523692e-05 -1.1924513225610522e-05
8 9 -5.8110792365855313e-05 -1.5067250104900678e-06
8 10 -7.1612440935228412e-05 -2.2251432890883963e-06
8 11 -5.1599744572826631e-05 3.7611174138669440e-06
8 12 -4.6689402200029418e-05 -1.2696493942486796e-05
8 13 -4.4335745416181249e-05 -6.9200411782825963e-06
8 14 -3.8366263366007224e-05 -7.1370420722863358e-06
8 15 -2.5590989061451193e-05 4.4106813630103705e-06
8 16 -2.3019081963304370e-05 -8.2508144445824412e-06
8 17 -2.0855427486925662e-05 4.4440266855752059e-06
8 18 -2.2798217634602940e-05 -4.1180747473418671e-06
8 19 -1.6466442719963752e-05 2.4088389901243964e-06
8 20 -1.4641109085587645e-05 -2.6160238204268980e-07
8 21 -1.4159720513267719e-05 8.0026406242123262e-07
8 22 -9.5930100690281811e-06 -3.3105447562369503e-06
8 23 -8.6294709177062887e-06 -1.5598546618429747e-06
8 24 -7.5224713020556033e-06 1.5790411637652399e-07
8 25 -6.4962956037262776e-06 -4.9526729776230054e-07
8 26 -5.0716761870522181e-06 -1.8818530857070414e-06
8 27 -4.5118397370880484e-06 -9.0264683295606832e-07
8 28 -3.8924751173597906e-06 -4.0106297044427809e-07
8 29 -3.2466370353553817e-06 -1.2535004350990890e-06
8 30 -3.4751809760257195e-06 -6.0233379176451628e-07
8 31 -3.4749548216710603e-06 4.5874587115242581e-07
8 32 -2.8074518864168160e-06 2.3662783185525276e-07
8 33 -1.1780775161890759e-06 1.1961169297304784e-06
8 34 -1.2590522125982897e-06 -6.6921496983984867e-08
8 35 -1.3196146125731998e-06 -4.6291999181665129e-07
8 36 -1.5675184997470681e-06 -2.7255757607114751e-08
8 37 -9.1089906943691627e-07 -1.8821124378502334e-08
8 38 -1.4532094048398320e-06 3.8809923400348786e-08
8 39 -9.2280990426292444e-07 -1.0834501647107758e-08
8 40 -1.2882441873050944e-06 -2.1902456015345570e-07
8 41 -1.1227141829493266e-06 6.0991628685456138e-09
8 42 -1.1821061896188952e-06 -3.3688997096722464e-07
8 43 -1.5710831664918519e-06 -8.7694925869129044e-08
8 44 -1.4154076663778177e-06 -1.3680500375206906e-07
8 45 -1.8148458038402478e-06 -1.4344829465976731e-07
8 46 -2.1287839471556437e-06 -4.8319228590586198e-07
8 47 -3.5107759655785983e-06 -1.3186240452923427e-06
8 48 -3.5224630294776370e-06 -8.9348200200768252e-07
8 49 -3.5134571133379921e-06 -9.0627714834369094e-07
8 50 -3.2868794609370665e-06 9.0162736461253540e-07
8 51 -6.1691576914451727e-06 7.0757924841167575e-09
8 52 -5.4828004872441276e-06 1.5026848977267638e-07
8 53 -5.4406694446575135e-06 -1.3092676070967848e-06
8 54 -1.1520152326562652e-05 -7.0868098264483203e-07
8 55 -8.0714412798846758e-06 -8.5811837555877519e-07
8 56 -7.7587694821344751e-06 3.6479346006469197e-06
8 57 -1.3703799242240794e-05 -1.9179986738165028e-06
8 58 -2.2305532562514525e-05 4.4123182657688304e-06
8 59 -1.9669172556527072e-05 7.2724587268821211e-07
8 60 -3.1717676959332681e-05 -4.0564179199010941e-06
8 61 -4.0563481856197749e-05 4.3113084381057250e-06
8 62 -5.6383568170555863e-05 -1.3090237406164443e-05
8 63 -3.8521042117876921e-05 7.2311971434399513e-06
8 64 -7.2540279032167320e-05 3.1229044765848381e-06
8 65 -1.0065426942425916e-04 3.4180062841019228e-05
8 66 -7.8347201148706836e-05 3.6812519474859531e-05
8 67 -9.4152537543788767e-05 -3.4474245202328482e-05
8 68 -1.7778236635263852e-04 3.6188900747899757e-05
8 69 -2.8489394277665247e-04 9.0925406654371094e-05
8 70 -4.5146145933620498e-05 -8.7947260809163102e-05
8 71 -4.5677048107699129e-04 -5.1770082896240904e-05
9 0 -1.8302400524553643e-04 2.3619596677631346e-04
9 1 -1.9570762164055359e-05 5.0685380592242712e-05
9 2 -1.0529650681061031e-04 9.5414215427800915e-05
9 3 -1.1167851203000338e-04 -6.9461845292042977e-05
9 4 -4.8600962933412107e-05 -1.8880563173766707e-05
9 5 -6.0270768968898889e-05 1.5977216514252707e-05
9 6 -2.9519792727355137e-05 3.8187490596492285e-06
9 7 -4.9444086500524635e-05 1.1349552948163603e-05
9 8 -4.2372735083649868e-05 -5.1640025940007944e-06
9 9 -2.7179277049336125e-05 1.8277222448062706e-06
9 10 -3.8056610545156041e-05 3.5108197516890283e-07
9 11 -2.4363001568734946e-05 -2.0180996927412805e-07
9 12 -2.3197577019794486e-05 -1.1216805184244207e-05
9 13 -2.2191572189630903e-05 -6.1319876249055340e-06
9 14 -2.1103789773959072e-05 -5.1221712740564230e-06
9 15 -9.8951182539216349e-06 1.9372515115843482e-06
9 16 -1.1311188673182465e-05 -8.3882399356752268e-06
9 17 -7.6496336663953386e-06 4.7682417768492880e-06
9 18 -1.1777707367739090e-05 -2.3432267684452716e-06
9 19 -7.3725393471379391e-06 3.0084466278799064e-06
9 20 -8.6298277935682535e-06 -1.5458783045128265e-06
9 21 -6.9141016825234405e-06 1.7194309430322221e-06
9 22 -4.1943730151267399e-06 -3.9163671699857212e-06
9 23 -4.6688720907676631e-06 -1.7227329957913503e-06
9 24 -4.4472478050622358e-06 8.1656537357979237e-07
9 25 -3.3895090254329739e-06 -1.0013593796865458e-06
9 26 -2.6065990242514329e-06 -1.6989549714224164e-06
9 27 -2.0735096601905066e-06 -9.4307319563467044e-07
9 28 -1.9033370022977471e-06 1.0498923100115079e-07
9 29 -1.3004357535663487e-06 -9.2214461668712222e-07
9 30 -2.0243833341338676e-06 -7.2896275498259625e-07
9 31 -2.3544999309783045e-06 5.4713453211343659e-07
9 32 -1.6762065070879776e-06 3.2747581314962739e-07
9 33 -3.2642072181653616e-07 7.6450465060885118e-07
9 34 -4.5443384800290480e-07 1.1633745451679797e-07
9 35 -6.3157715562465064e-07 -4.5967724812201591e-07
9 36 -9.8957716195984998e-07 -1.2428464267826924e-08
9 37 -3.8568400617703515e-07 -5.1269620827922646e-08
9 38 -8.5838879936368708e-07 8.4287678691577576e-08
9 39 -4.0503188415382169e-07 -6.8614231301612239e-09
9 40 -6.6857236305767760e-07 -1.7663341433585988e-07
9 41 -5.8040913183464061e-07 7.7582651704927995e-08
9 42 -6.5224796189012627e-07 -2.3486880761271039e-07
9 43 -9.4444000091269839e-07 -4.5793068303682554e-08
9 44 -7.7158185020056519e-07 -1.5714323804048027e-07
9 45 -8.0347142916705219e-07 -1.4919867988800552e-08
9 46 -1.1748037921628802e-06 -4.8181121739414690e-07
9 47 -2.2703583709418751e-06 -1.3196122834968585e-06
9 48 -2.1385677303748161e-06 -9.7530352956811749e-07
9 49 -1.3893944794973224e-06 -8.3691372588178545e-07
9 50 -8.9198722271095479e-07 5.7686669121393396e-07
9 51 -3.6991708340816760e-06 -4.3931036531404205e-07
9 52 -2.5409827580821531e-06 8.7922471830072790e-07
9 53 -1.7203199172628193e-06 -1.7581185086165885e-06
9 54 -7.4977161506046195e-06 -1.6844140099535167e-06
9 55 -4.3692212717299148e-06 -5.1337921827251912e-07
9 56 -1.4943169199180917e-06 2.5950774042851622e-06
9 57 -4.6034189357770947e-06 -3.0473995892106604e-06
9 58 -1.3592390510855262e-05 5.5939857052829110e-06
9 59 -7.3269591125877843e-06 -1.4081735527202962e-06
9 60 -1.7858275504622182e-05 -2.1918846137229245e-06
9 61 -2.0074438974611009e-05 5.1065853023026480e-06
9 62 -2.9366816714549986e-05 -1.0922469007263405e-05
9 63 -6.6565876821228231e-06 6.1479644391716467e-06
9 64 -3.9172251386730792e-05 8.6905053393133241e-07
9 65 -5.9716341156754921e-05 3.6277057992322687e-05
9 66 -2.8863764147495471e-05 3.5075271972377865e-05
9 67 -3.2211937795440445e-05 -2.3446849712029507e-05
9 68 -8.5714414394204850e-05 2.5446236948024630e-05
9 69 -1.4405305347366663e-04 6.8276520619668424e-05
9 70 3.1123845621864280e-05 -8.8291521703032986e-05
9 71 -2.1657484379703469e-04 -3.9437893044683852e-05
10 0 -3.7346614097471230e-05 1.2644152195108509e-04
10 1 -8.1417909466350144e-06 2.0786044286772387e-05
10 2 -7.2886583592974327e-05 7.8266867968519092e-05
10 3 -4.8714382270549567e-05 -4.7791926712042984e-05
10 4 -2.4229811005958223e-05 -1.3393588392592101e-05
10 5 -1.4860636283547559e-05 5.2321352309280275e-06
10 6 -1.1944364473616223e-05 -3.2037916411335070e-06
10 7 -3.0406595433562048e-05 1.4811442674222476e-05
10 8 -1.9548228276166365e-05 -2.2635801554702722e-06
10 9 -1.1468917471219390e-05 5.6721220793989919e-06
10 10 -1.5225969666110111e-05 1.3364702580127123e-08
10 11 -1.3962877613375268e-05 -3.7934047378659310e-07
10 12 -8.0265745564492256e-06 -7.5818027828768681e-06
10 13 -8.8057352586393930e-06 -4.7649042466314159e-06
10 14 -1.1025406658746050e-05 -4.5324791326162354e-06
10 15 -7.0252083940493262e-07 -1.4500668200015617e-06
10 16 -6.6115246644197292e-06 -9.4658523544170172e-06
10 17 -5.3191127567006296e-07 4.6138561254633532e-06
10 18 -6.4957990002925790e-06 -2.3390728032032357e-06
10 19 -2.4065152073722006e-06 4.1030938718007088e-06
10 20 -6.4311234815809131e-06 -2.6229842322454935e-06
10 21 -2.4646529626379578e-06 2.5800174140397120e-06
10 22 -7.2226154618748313e-07 -3.5754028046575857e-06
10 23 -2.5033481703665927e-06 -1.5500074177411044e-06
10 24 -2.6325684138412398e-06 1.8571779253416605e-06
10 25 -1.2341772461536207e-06 -1.4924154342121940e-06
10 26 -1.3742933500675108e-06 -1.2405887179863153e-06
10 27 -4.4430930247809133e-07 -8.0074802625035589e-07
10 28 -7.9734052631144758e-07 7.2394440013456641e-07
10 29 -6.4780333121844744e-07 -6.1941423135793241e-07
10 30 -1.4543179949885766e-06 -5.8988440458854986e-07
10 31 -1.6439230117764793e-06 4.1394076256724200e-07
10 32 -1.0205225010335984e-06 4.7263598488755973e-07
10 33 -8.6953987086896506e-09 1.3214706254548177e-07
10 34 -4.3332878822510684e-08 2.3600246023396580e-07
10 35 -3.4938328277618755e-07 -4.5085287227214251e-07
10 36 -5.0855245647611997e-07 -6.8143811258379070e-08
10 37 -1.2265972511755848e-07 -7.8550516273150223e-08
10 38 -4.3693570975159117e-07 8.0598912192368413e-08
10 39 -9.4650861131278331e-08 -9.4486474089004113e-09
10 40 -3.0871898511695233e-07 -8.0449845208533188e-08
10 41 -3.0805765306785430e-07 5.9856374217099279e-08
10 42 -4.1984771167140029e-07 -1.1792812427823166e-07
10 43 -6.3443995189554124e-07 -7.4144226400364381e-08
10 44 -4.5580294750449530e-07 -1.1401784583591116e-07
10 45 -2.7571940838029165e-07 1.8684842112695155e-07
10 46 -7.0562862296782072e-07 -3.6842322806664124e-07
10 47 -1.5204511023509312e-06 -1.3276544106131426e-06
10 48 -1.3965728846542250e-06 -8.8409012209249355e-07
10 49 -2.9841447092569176e-07 -8.6795863054533067e-07
10 50 1.8519350854488478e-07 4.4298653459124117e-07
10 51 -2.1311778337232861e-06 -6.5967440552612257e-07
10 52 -9.5807206358649151e-07 1.4522385971999078e-06
10 53 -2.8630340127452027e-07 -1.6357959314643467e-06
10 54 -4.6179733821520906e-06 -2.1104408829114430e-06
10 55 -2.7914587322745404e-06 -8.2906438953245150e-08
10 56 1.9797793833571001e-06 1.9743154161433700e-06
10 57 -1.3381139688070038e-07 -4.0329115502138823e-06
10 58 -9.7793059082849270e-06 6.1366839684565155e-06
10 59 -8.0355185325467853e-07 -3.6733235050992457e-06
10 60 -1.0386939488171903e-05 1.6306696248507595e-06
10 61 -9.1235345430609368e-06 4.7751743823675116e-06
10 62 -1.3905963204306181e-05 -8.1912272504817076e-06
10 63 4.7781340494352244e-06 5.1505821175679709e-06
10 64 -2.0168952823355884e-05 -3.7550058514589523e-07
10 65 -3.4118653999911634e-05 3.1135256620460307e-05
10 66 -5.5688877797626312e-06 2.2602376887010866e-05
10 67 -3.6333156161117816e-06 -7.4760218197227365e-06
10 68 -3.4760268449334511e-05 1.9759428460431056e-05
10 69 -6.0250659082014287e-05 1.1071135173510997e-05
10 70 2.2177968392558198e-05 -6.2133197293251516e-05
10 71 -7.6605341165784184e-05 6.6553616036207790e-06
