0 7.0320629482250008e-01 -5.8730272972099516e-05
1 8.6602656087992596e-03 -2.5685185985481019e-05
2 3.2776304589686743e-04 -1.4987852706954890e-05
3 2.1572842780720746e-05 -3.6751350723296292e-06
4 2.0164896914428424e-06 -5.5534771617659396e-07
5 3.0935089776219341e-07 -7.4298429771310441e-08
6 6.3164922631170086e-08 -4.5574439678368661e-09
7 1.2621729627921998e-08 9.7961865058414229e-11
8 2.6178776060245658e-09 -2.6882328919210762e-10
9 6.0156857040410829e-10 -1.2017142423078960e-10
10 1.4287537793697027e-10 -2.6186547626244356e-11
11 3.1246750313677247e-11 -1.8396130011974277e-12
12 1.1364998682105421e-11 6.6016407490800364e-13
13 3.8620519343525139e-12 1.8380643616488184e-13
14 1.1084302517901652e-12 5.0172574827187838e-14
15 3.1877612046026070e-13 -9.1360966887693850e-15
16 9.4715105414728036e-14 -7.8894787730571444e-15
17 2.6429736315318979e-14 -7.8768257435185806e-15
18 8.2513912298569542e-15 -2.7812435639791848e-15
19 2.1346854411793723e-15 -6.5370778899166283e-16
20 5.0382626410001288e-16 -7.4815206834822132e-17
21 1.2936268032217191e-16 4.8082595340460717e-17
22 3.8751599223465006e-17 3.8353797723807010e-17
23 6.5604523852414851e-18 1.3302665332685383e-17
24 1.0000042975035159e-18 5.9973308102836392e-18
25 1.1415250070558044e-18 2.8151744285367485e-18
26 3.0945861577642846e-19 9.9716325697905340e-19
27 9.3935400447722774e-20 2.6588794686538482e-19
28 4.0764979904817006e-20 5.8530317003586589e-20
29 -6.8318481736680681e-21 -1.0849542129970126e-20
30 -1.8554225042732559e-21 -6.4363110092413765e-21
31 4.6432213997027157e-22 -4.3721521718384180e-22
32 1.4130974083269088e-22 1.1137069898710804e-22
33 -1.4872691398928978e-22 -3.8938209001600446e-23
34 -1.3954104757230696e-22 -4.8737858871732540e-23
35 -5.7746410494342588e-23 -3.3641839041012447e-23
36 -1.3928215326966384e-23 -2.2631215854490940e-23
37 -5.5828213650784980e-24 -8.3858549272941729e-24
38 -5.8135585365972949e-24 -5.8692927819268830e-24
39 -9.8139066393481595e-24 -4.4173860386997958e-23
40 -4.8193413273427146e-23 -1.9745378319210831e-22
41 -5.6152603718787260e-24 -5.4712740382204749e-22
42 -2.8939920242451816e-22 -1.0207321074188811e-21
43 3.2789421168909535e-21 -4.2031955795896310e-21
44 1.0791132382818408e-20 -1.8172097712571472e-20
45 2.3986983296891333e-20 -3.6254681845480635e-20
46 4.6676347394771686e-20 -7.2984477187761521e-20
47 3.5495145290589338e-19 -3.8276607681466426e-19
48 4.6491962428760360e-19 -1.3049134661284789e-18
49 -1.1302733395305122e-18 -4.4708646388793624e-18
50 -3.8709821224155909e-18 -1.3715156072866834e-17
51 5.3156769497705844e-18 -2.8514727626073907e-17
52 8.0375800484764323e-17 -4.0808821148624841e-17
53 2.0168839888376339e-16 -1.2743033918477417e-16
54 5.5924701397314963e-16 -2.6101784934690875e-16
55 1.2343742513191656e-15 -4.3905505475931191e-16
56 3.6030655771512951e-15 8.9918115068411432e-17
57 1.6255928681837070e-14 3.5171507188962205e-16
58 6.7497965545814094e-14 -4.7221933550994426e-14
59 6.1671201516496614e-14 -2.5699146533042160e-13
60 2.1005791486304877e-13 -2.9800989006464117e-13
61 8.8712625509838550e-13 -3.9731825204602818e-13
62 7.2738182831672461e-12 -2.1194422187505864e-12
63 3.2375790643176504e-11 -1.0123162404512986e-11
64 1.6584244675410776e-10 -2.1498624869436401e-11
65 8.6012666598728983e-10 1.9715901867677233e-11
66 3.9850662372298346e-09 9.4978307268012808e-10
67 2.3832437255087190e-08 7.8351476260247112e-09
68 2.0858853963726903e-07 -2.3068547736821106e-09
69 3.1975828646675054e-06 1.0957796349632283e-08
70 4.3720486387287117e-05 -7.2601556367393704e-07
71 1.1386711305327779e-03 1.1334278577538601e-05
