0 6.8980143322684218e-01 -6.8069746761963384e-05
1 7.9023128113088013e-03 -1.4008566631634697e-05
2 2.6385839297694960e-04 -8.7651740029284056e-06
3 1.4212252391941096e-05 -1.4556504278544919e-06
4 1.1540227908325950e-06 -1.5040586764113213e-07
5 1.4459164818082226e-07 -1.9489060915918583e-08
6 2.2629960356385637e-08 -3.5150777361790117e-09
7 3.7113233660823856e-09 -5.6631141500320148e-10
8 6.4301624215032664e-10 -3.5131390644920645e-10
9 8.7599189643886478e-11 -1.2069375007062368e-10
10 1.5833235525639522e-11 -2.8800737762318618e-12
11 5.1369133407261248e-12 6.2765383986330850e-12
12 2.4274560669565123e-12 2.0041487752071435e-12
13 3.3652331705637497e-13 7.8499082683235719e-14
14 1.0760266727539588e-13 -1.2057469785196967e-13
15 4.5906096223499105e-14 -5.5385221431655549e-14
16 2.2061017136575561e-14 -1.1684659129505494e-14
17 3.8826183002507397e-15 -1.5143715836918370e-15
18 1.7813794022218830e-15 -1.6028091437810370e-15
19 1.5712126349715975e-15 -4.3008534670643670e-16
20 9.8897529485159417e-16 -1.6943686641426421e-17
21 4.5475187894514634e-16 1.4889095570033778e-16
22 2.0909404327175837e-16 3.2936325485199082e-17
23 5.7681078636351692e-17 1.1222819794261025e-17
24 5.7479956488413339e-18 2.0778963748203716e-18
25 -6.7985599063341502e-19 -1.5834909709773371e-19
26 -4.8201669404781183e-19 -1.5184684420678453e-18
27 -3.2142898883844045e-19 -8.1244644016287969e-19
28 -1.1670706583121460e-19 1.1480259654463603e-20
29 -5.8294670922783715e-21 1.5217240917381182e-19
30 1.2681272162856331e-20 7.5407800800433455e-20
31 9.3528280929760355e-22 3.7163279798230286e-20
32 1.1999326529572898e-22 1.0205922399106881e-20
33 3.2696372405345155e-21 7.7311244899032146e-22
34 3.1681692146147804e-21 4.7117349834783879e-22
35 1.6463044112532994e-21 5.1691074634550019e-22
36 8.2710121306359289e-22 1.8637992228129097e-22
37 3.9117161652231419e-22 1.0208410667226664e-22
38 3.4061061986081426e-22 1.1852099651880746e-22
39 6.7105214832863042e-22 1.8792468982520477e-22
40 1.4952472359603769e-21 7.8148510723318806e-22
41 1.8607919225817497e-21 3.6556451163794381e-21
42 3.5925025582545685e-22 2.9369990116045493e-21
43 6.8303371834244297e-21 -1.3659245087061286e-20
44 2.3741496497698066e-20 -5.5126802591696280e-20
45 1.5000508747383334e-20 -5.5303776149541867e-20
46 -1.2533497284950425e-20 -1.3496023868775295e-19
47 -4.3166874441651447e-19 -3.8963955436434240e-19
48 -8.3424365120106379e-19 -1.4108959021613598e-18
49 -3.9241813642339837e-18 -4.7406211673026922e-18
50 -7.7463656323441693e-18 -1.4159211101324010e-17
51 -1.3858818140761803e-17 -2.8975925072145957e-17
52 -3.9665846628776461e-19 -1.7287431747106058e-17
53 4.5714659520245705e-17 -1.1398548697631327e-17
54 -4.3221232265210573e-17 1.6978790575124740e-16
55 1.2119421103314499e-15 2.1878088550891525e-15
56 4.5716389972825632e-15 5.6153771195788420e-15
57 6.8289601335641324e-15 2.7264448095001849e-15
58 9.0219758454596999e-15 1.7791758139122845e-14
59 -2.1762741129061423e-14 7.8343573542727775e-14
60 -3.3031806595041943e-13 2.8334511573426080e-13
61 -1.0566626874829844e-13 6.5219442369536300e-13
62 2.7883886617090372e-12 2.2917211094247619e-12
63 1.5448042767362574e-11 -7.4844615258102354e-13
64 7.8362133105302624e-11 -2.1773772949636623e-11
65 4.7365958111764021e-10 -7.6482610495508999e-11
66 2.1786862582886067e-09 -9.5878066497070308e-11
67 1.2737140876234590e-08 -2.8891330785144378e-09
68 1.2959600495231280e-07 -2.2531514223395057e-08
69 2.3083846887798541e-06 -7.9012242242623135e-10
70 3.6418027749082697e-05 -7.0370702034334373e-07
71 1.0059410700311768e-03 8.2391118222969565e-06
