1.1364157656775262e+00
1.3839930252724877e-01
4.9607716874705013e-02
2.7371908227453931e-02
1.7579398132149530e-02
1.2527461540948987e-02
9.1177518573747462e-03
6.2204232819386479e-03
4.2902235002727548e-03
2.9936692729496195e-03
2.0603255581746450e-03
1.4943895608511284e-03
1.0943370432227382e-03
7.9814995546439560e-04
5.6076733479833727e-04
3.8271980252413596e-04
2.7284623858257268e-04
1.9976040788303624e-04
1.4481093098686040e-04
1.0808038766274065e-04
8.5016991311386074e-05
7.0143282320986653e-05
5.5149806456372490e-05
4.1333369855082737e-05
2.9743690199579862e-05
2.2136659493706396e-05
1.6393112943133640e-05
1.2316862227469148e-05
9.2189468017647486e-06
6.7093946675185636e-06
4.7656004552734724e-06
3.6838711597599453e-06
3.0220456625388140e-06
2.3779174775360523e-06
1.8914465140910732e-06
1.7055712259484926e-06
1.6414986830328893e-06
1.6670018506555190e-06
1.9369565693617501e-06
2.5359373282318592e-06
3.4479112790495116e-06
4.4267740039828373e-06
5.5185790035807742e-06
6.7750423125914574e-06
8.7676280153753171e-06
1.1696649369134656e-05
1.5699348247447122e-05
2.1669448158008613e-05
2.9479933778337897e-05
4.0163621962386875e-05
5.4525632456532963e-05
7.5369030135775375e-05
1.0397152163578013e-04
1.4042790748497607e-04
1.9419684753667880e-04
2.7184566443333360e-04
3.8831201190054747e-04
5.4429134674225787e-04
7.5337950317020167e-04
1.0563588907749866e-03
1.5596424634614456e-03
2.1805554068043760e-03
2.5454566982308744e-03
3.0134352921926816e-03
3.9478144178980721e-03
5.7645849984927378e-03
8.4462288748597559e-03
1.2822395516016251e-02
1.9158995409979254e-02
3.0592070553171539e-02
5.2913022415246279e-02
1.4196296126730992e-01
