0 0 8.9236550605456766e-01 2.0125502826762176e-18
0 1 6.7625248791032780e-02 -4.2238709636414438e-18
0 2 1.3586099899720436e-02 1.4275328604392474e-18
0 3 4.0538902631153326e-03 1.0548383636473553e-17
0 4 1.5439837406149336e-03 1.2795844389854963e-18
0 5 7.5063137916462253e-04 -3.7484031359160302e-18
0 6 4.0219652482036827e-04 -2.5117350329247517e-18
0 7 2.0504282672359142e-04 -2.5467457280779294e-19
0 8 9.5551063054504754e-05 -6.7310884875141730e-19
0 9 8.0918715527541297e-05 -3.6323596221421911e-19
0 10 5.6684344554157817e-05 -1.3525704446072419e-18
0 11 4.3308362093286167e-05 8.9785492408955836e-20
0 12 2.9664034940440758e-05 8.0722239873334822e-19
0 13 2.1952949133297794e-05 2.9519098211812367e-19
0 14 2.0590177842045301e-05 -2.1359347486595939e-19
0 15 2.3044037287489416e-05 5.2657214887642336e-20
0 16 2.1139960958438530e-05 8.5003285560915924e-20
0 17 1.5968192038609051e-05 8.7526737882944364e-20
0 18 1.2657792815445773e-05 2.3533398717881976e-19
0 19 9.5877139118039307e-06 1.1782140063708644e-19
0 20 7.4828454139999368e-06 2.0240558135430884e-19
0 21 6.0448287979311665e-06 2.1987563589142879e-20
0 22 4.2372896175290678e-06 8.7385565725068644e-20
0 23 2.1463889982938103e-06 -1.7053596671386579e-19
0 24 1.4071342022254029e-06 -1.2359622422018998e-19
0 25 4.8287721916544493e-07 1.2532558315416750e-19
0 26 2.6143372652348436e-07 -5.6204165354269712e-20
0 27 2.9765480870818963e-07 -4.0489939530728999e-20
0 28 7.1658969814215347e-07 -4.3763368941472182e-20
0 29 6.5599708357819184e-07 -6.2962782412569655e-20
0 30 4.7273913317702773e-07 -2.5040411503205254e-20
0 31 -1.1385756566477432e-08 1.0464386202537502e-20
0 32 2.5514607919888193e-07 1.7522994096323338e-20
0 33 4.5187856391259681e-07 8.5762085909497909e-21
0 34 1.2637354971622786e-06 5.4801267035379777e-20
0 35 1.4123403954171270e-06 -2.0417023332775529e-20
0 36 1.3372478400726763e-06 4.9154380720351117e-20
0 37 1.5059849954975882e-06 1.8502375941586123e-20
0 38 1.3061864958245943e-06 -1.5233358160776558e-20
0 39 1.0606539832799932e-06 1.1179070251783318e-20
0 40 8.4863997056383506e-07 -9.0173715843114047e-21
0 41 8.0592732189783691e-07 -1.9905274260476058e-20
0 42 5.8238985603912082e-07 5.9398185426207811e-20
0 43 -9.7994689291036559e-08 6.5962690767428639e-20
0 44 -3.0928046495205626e-07 1.7567110395659499e-20
0 45 7.4339115198164399e-08 1.5427469877855666e-20
0 46 1.8601077295608360e-07 -1.3234889800848443e-22
0 47 -2.2244411512933142e-07 1.2034926458904850e-20
0 48 1.0387373292085121e-06 -4.5069211401822560e-20
0 49 8.3948332835034474e-07 -1.0870256156430187e-20
0 50 1.0015207443311750e-06 5.9309952827535484e-20
0 51 3.0044252575180718e-07 7.4545516803278854e-20
0 52 1.6071343784941432e-06 8.1871028308048467e-20
0 53 -1.2698046560627231e-06 -1.1360829405048303e-19
0 54 -1.9604788391555272e-06 -6.4515676149202534e-20
0 55 -6.0571683969657788e-06 4.6869156414737948e-20
0 56 -1.1008952231170783e-05 -6.8369676059209606e-19
0 57 -1.4060459508455426e-05 -2.1800510479957555e-19
0 58 -1.0100211432042855e-05 -1.1431415483986160e-19
0 59 4.6199762635562421e-06 1.0961312198260024e-18
0 60 1.7770146231339830e-05 1.5726578387354842e-19
0 61 3.2524985519985242e-05 3.0493186101154812e-20
0 62 6.7882499374143177e-05 -7.3494225390098123e-19
0 63 1.3075644559842545e-04 3.8257654784319229e-19
0 64 2.2806060864406487e-04 -1.0051457640751029e-18
0 65 3.8281252009182188e-04 2.4846299786126142e-19
0 66 6.2504004729294603e-04 -2.3716922523120409e-19
0 67 1.0865946776876891e-03 4.7795245770402649e-18
0 68 1.9701616837797505e-03 -1.1273443839323234e-17
0 69 4.8229429549516041e-03 -6.6746196243638867e-18
0 70 1.3922707385855460e-02 4.0838281830287331e-18
0 71 6.6704139628216988e-02 1.6656055874808562e-17
1 0 1.9743373013573198e-01 1.4626646527132108e-04
1 1 3.5218023144614342e-02 -7.2454449512768555e-05
1 2 9.1035309285879343e-03 5.5804362541606724e-05
1 3 3.0300157968503189e-03 4.6822668463425963e-05
1 4 1.1963024602347052e-03 -4.6825788440416052e-06
1 5 6.0162638983285725e-04 6.1620180418315443e-06
1 6 3.2422776199166157e-04 -2.0722530084564401e-07
1 7 1.6232702621637353e-04 3.1277272583309677e-06
1 8 7.5391956478491472e-05 -1.2973616712356258e-05
1 9 6.8082729718652816e-05 -1.4252563927473342e-05
1 10 4.5433490214319181e-05 -1.1716436351709781e-05
1 11 3.4932401068138631e-05 -7.3519795892872683e-06
1 12 2.3987956660810824e-05 -5.2469440128236486e-06
1 13 1.7924488471718078e-05 -2.7022753498808636e-06
1 14 1.7015570329056259e-05 -1.5291470298655899e-06
1 15 1.9380348926958576e-05 -1.1584415808654344e-06
1 16 1.7690907795167117e-05 -7.1528964502639458e-07
1 17 1.3132234374834716e-05 -7.8826543110653938e-07
1 18 1.0426379874541416e-05 -1.6562477017877736e-07
1 19 7.9294096358816861e-06 2.9482123046786845e-07
1 20 6.1420792669562240e-06 -1.7918569761609718e-07
1 21 4.7806014497950701e-06 2.0455553754976598e-07
1 22 3.4142345810961694e-06 4.0050644048662888e-07
1 23 1.7758977815117349e-06 2.8471172315275283e-07
1 24 1.1684783021749150e-06 -3.0531905681973826e-07
1 25 4.2151104085297804e-07 -3.1689631099083791e-07
1 26 2.4727807704478288e-07 -1.9762361218501885e-07
1 27 2.0440165042497100e-07 -1.6190507321504334e-07
1 28 5.9931093888974035e-07 -3.0699097286048653e-07
1 29 4.8296107291113026e-07 -5.4715549648156762e-07
1 30 3.8438219974920624e-07 -3.2386095315677982e-07
1 31 -3.6861510525080150e-08 -2.4570019329723176e-08
1 32 1.7836720125846743e-07 2.2930639689613601e-07
1 33 3.1575370054560619e-07 1.2248129444264772e-07
1 34 1.0640325322820776e-06 -5.4667026690912855e-08
1 35 1.1922983023679109e-06 -8.9414577984010296e-08
1 36 1.1325470767309156e-06 2.8093035988669575e-08
1 37 1.2746436132390820e-06 -4.7916091566445054e-08
1 38 1.0885194728448971e-06 -1.5039998529450305e-07
1 39 8.8521759194899113e-07 2.5938326889886351e-08
1 40 7.2263244347678407e-07 1.1517308472505968e-07
1 41 6.6683924432746661e-07 3.6716118881057970e-08
1 42 4.3030054985457166e-07 2.2303610219011476e-07
1 43 -1.2647463604489050e-07 5.7972218636301455e-07
1 44 -3.2678631610478280e-07 7.1571952196901794e-07
1 45 2.4794927456671366e-08 6.7869694684844675e-07
1 46 3.9665875811575793e-08 7.5252593548134124e-07
1 47 -3.3320068557398128e-07 9.1767000150670288e-07
1 48 9.2416133531407993e-07 1.0254680781775891e-06
1 49 6.7434475272284507e-07 9.2465057754716591e-07
1 50 1.3304269631219286e-06 1.3209324707270535e-06
1 51 3.7950997363170446e-07 1.4017430877463760e-06
1 52 1.6437082723566396e-06 1.8583263394614938e-06
1 53 -1.4837145092533129e-06 1.9272065675860440e-06
1 54 -1.9049732248748786e-06 1.8430906827166935e-06
1 55 -6.1096010676474132e-06 2.7975129194744455e-06
1 56 -9.7874434995997121e-06 1.6204032693952104e-06
1 57 -1.1874249468932903e-05 -2.3481157351598458e-07
1 58 -7.7280046590459062e-06 2.5132892601461413e-06
1 59 4.5253070937635518e-06 4.4409353233539408e-06
1 60 1.4613748877573767e-05 7.4492554048175346e-06
1 61 2.5280992857034660e-05 1.2963288948327590e-05
1 62 5.6500088467671304e-05 7.3436985458654371e-06
1 63 1.0307703685365141e-04 6.9238976934253172e-06
1 64 1.8408994994732636e-04 4.6989241123567637e-06
1 65 3.1391989867483584e-04 1.9440178996456985e-06
1 66 5.0705911039160734e-04 -4.5229944942318061e-06
1 67 8.8604349418368246e-04 -2.0983806751281653e-05
1 68 1.5750668973106736e-03 -9.5013651983462166e-06
1 69 3.7245709673410093e-03 1.2079459300471805e-05
1 70 9.3174965384564129e-03 1.3306620655902118e-04
1 71 3.3879348669248827e-02 -3.8952105851699085e-05
2 0 6.2271996527134041e-02 2.1756840260736231e-04
2 1 1.6817027850820399e-02 -3.5561087233313516e-04
2 2 4.7915761514437114e-03 -1.1208244771423231e-05
2 3 1.8028855488171555e-03 8.4367725098070630e-05
2 4 7.6433993732479000e-04 -9.0804582256208939e-06
2 5 4.1389460504646762e-04 8.4697955742488863e-06
2 6 2.2167362786480982e-04 -7.1939200551886407e-07
2 7 1.0509490380692761e-04 2.1310333424330821e-06
2 8 4.9246254520322484e-05 -2.1750090235302266e-05
2 9 5.0368821057710376e-05 -2.1483438902267548e-05
2 10 3.0925245799222487e-05 -1.5900251924787404e-05
2 11 2.2890989208349415e-05 -1.1341721313291730e-05
2 12 1.5123937516297268e-05 -7.2246884818556944e-06
2 13 1.1645172157948192e-05 -3.5224341579413023e-06
2 14 1.2475275572540617e-05 -2.3700803126208744e-06
2 15 1.4474987454294572e-05 -1.8814991020000129e-06
2 16 1.3057164225121140e-05 -1.2325055384023561e-06
2 17 8.9916882726782096e-06 -1.0349283266675974e-06
2 18 7.5096407747936774e-06 -4.4854895329034769e-07
2 19 5.6873082398909301e-06 2.2696814926697061e-07
2 20 4.3852550799159124e-06 -1.3955713631237019e-07
2 21 3.0076601697129775e-06 6.0489413649763470e-08
2 22 2.1735908458915373e-06 1.3522416239400905e-07
2 23 1.1444323879285051e-06 3.0789218716361837e-07
2 24 9.5859798513552592e-07 -4.2436293532667268e-07
2 25 4.2171791365424914e-07 -5.0989896313071786e-07
2 26 2.8259582635683841e-07 -2.9737299437136029e-07
2 27 1.1562904646909748e-07 -2.5237145666248709e-07
2 28 4.3469705973348450e-07 -3.9278969757756733e-07
2 29 2.4499498873154817e-07 -7.5490987630168540e-07
2 30 2.3410817683435628e-07 -4.8295761435579159e-07
2 31 -4.5284201438806740e-08 1.5729363183963464e-08
2 32 6.4807612073873637e-08 2.9528811998573406e-07
2 33 1.4331232097971343e-07 1.2300213267498031e-07
2 34 7.6947562932950154e-07 -1.1827659075983611e-07
2 35 8.6839761915729842e-07 -1.1721596581626205e-07
2 36 8.2895739261028835e-07 4.7559249998402492e-08
2 37 9.1994185960858712e-07 -9.2200954930559222e-08
2 38 7.9663187858515243e-07 -1.8506484493679855e-07
2 39 6.5932472762678363e-07 4.6121240771790319e-08
2 40 5.0098231035164016e-07 1.8736589159038899e-07
2 41 5.0000241238630731e-07 4.5188104778627004e-08
2 42 2.8295371194650298e-07 3.6835667255010787e-07
2 43 -1.6556139905179861e-08 8.1805074802247444e-07
2 44 -3.5606076483386131e-07 9.9785856066711831e-07
2 45 8.7791258900243548e-08 9.4567921412402689e-07
2 46 -1.6996246452633588e-07 1.2127478590499723e-06
2 47 -4.3199110313360332e-07 1.4662756016857909e-06
2 48 8.3481205239519532e-07 1.6288587439980294e-06
2 49 4.5206460035766368e-07 1.3738157955227778e-06
2 50 1.6190652796039502e-06 1.9964758452232366e-06
2 51 2.5881541017434591e-07 1.9269935352547628e-06
2 52 1.5463912803786630e-06 2.5990062410381132e-06
2 53 -1.7296249499377994e-06 2.7126018828057214e-06
2 54 -1.7397722118493470e-06 2.6727369527279910e-06
2 55 -6.4542186951942337e-06 3.4455463912519505e-06
2 56 -8.3208338338775620e-06 2.6953308216822441e-06
2 57 -1.0203623392435573e-05 8.8214642237800183e-07
2 58 -4.4167685346390281e-06 3.8231036050420968e-06
2 59 3.6771011318222643e-06 7.5878419212672833e-06
2 60 1.0790229549247788e-05 8.7402796021268257e-06
2 61 1.6107315444993558e-05 1.8116291048087450e-05
2 62 4.1995861138060382e-05 1.3027825788783483e-05
2 63 6.7326129924272105e-05 1.0477199019503261e-05
2 64 1.2874924381813430e-04 1.0232321313633267e-05
2 65 2.2286872103820043e-04 5.1546058503084221e-06
2 66 3.5537635872393795e-04 -6.4923027669657164e-06
2 67 6.3296789486757296e-04 -2.5966675802252394e-05
2 68 1.0921220837434588e-03 -7.3050505422431028e-06
2 69 2.4037903674881955e-03 3.1012570782642986e-05
2 70 5.1123030356428033e-03 1.4867668116739385e-04
2 71 1.5741567412551914e-02 9.0748849536887895e-06
3 0 2.0553044965908353e-02 3.2559981920579823e-04
3 1 7.4225905048280263e-03 -2.8432603594350956e-04
3 2 2.3275774150282357e-03 -4.8408494728144114e-05
3 3 9.9302202933190158e-04 7.4937410920364729e-05
3 4 4.4109438051676046e-04 -5.0157729002247024e-06
3 5 2.6291701635388612e-04 1.5102260014585850e-05
3 6 1.3311293816770380e-04 1.1811472297264080e-06
3 7 5.9555709721716253e-05 -2.7783750235427122e-08
3 8 3.1706547061388985e-05 -2.1273693415362969e-05
3 9 3.5594457177928759e-05 -2.1120283154809781e-05
3 10 1.8531047147116095e-05 -1.2721094367895272e-05
3 11 1.2594718495309386e-05 -1.1700105766470600e-05
3 12 7.2533476730761077e-06 -6.9392957535837564e-06
3 13 7.0167120910483343e-06 -2.0174744678193735e-06
3 14 9.0621514970214104e-06 -1.6054850889795125e-06
3 15 1.0425904867843182e-05 -1.6422828526802898e-06
3 16 9.0163171863357764e-06 -9.8726320909556343e-07
3 17 5.3160329563160196e-06 -7.4978253906799947e-07
3 18 5.2553785994169516e-06 -5.4375270047434166e-07
3 19 3.7093036927826170e-06 2.9444227012593364e-07
3 20 2.9278877214796123e-06 -2.5129948352852168e-08
3 21 1.5572413804761317e-06 7.5457090616181960e-08
3 22 1.2479303525176108e-06 -2.3307065052627937e-07
3 23 6.3108140125267137e-07 2.0689753789727491e-07
3 24 7.0906051714359002e-07 -4.5917656879535944e-07
3 25 4.3597882794109590e-07 -6.9690272960945916e-07
3 26 3.4265581245898717e-07 -2.8353807068843063e-07
3 27 8.3728360686125595e-08 -2.1136866496074751e-07
3 28 3.2562201649181786e-07 -2.8453263371338654e-07
3 29 6.6620513278311765e-08 -7.1012321093037454e-07
3 30 1.2217228726659946e-07 -5.3450413162740544e-07
3 31 2.6485212568344794e-08 4.2335926704231946e-08
3 32 1.3189088377407689e-08 2.7986409583835737e-07
3 33 4.0307543807557932e-08 7.4622230795543170e-08
3 34 5.4830840104901482e-07 -1.4666587499929267e-07
3 35 5.8199420848173099e-07 -1.0209716558055861e-07
3 36 5.6467050585105934e-07 3.9900693109141525e-08
3 37 5.9437174234514937e-07 -1.1554044450174338e-07
3 38 5.2946223249532536e-07 -1.9893831767408429e-07
3 39 4.9010720099571195e-07 1.7234240215357910e-08
3 40 2.9316502768580233e-07 1.7327786398121483e-07
3 41 3.4874432630240125e-07 3.3629428204585992e-08
3 42 1.4752393577270556e-07 3.3263815201389231e-07
3 43 1.5590860274083830e-08 6.9578447551355680e-07
3 44 -4.0113156049302695e-07 9.4542392933291345e-07
3 45 1.0537708444273945e-07 8.3717106271385233e-07
3 46 -2.8810663249488198e-07 1.1703616367106441e-06
3 47 -3.3822970166754784e-07 1.3376267823180878e-06
3 48 6.9885806085655667e-07 1.4880267769593181e-06
3 49 2.5332241979297735e-07 1.0400060800184198e-06
3 50 1.7244729518466069e-06 1.5973470941543708e-06
3 51 2.0881549106935700e-07 1.4842228094976583e-06
3 52 1.4011983813369872e-06 2.1819951038014708e-06
3 53 -1.4012606536745621e-06 2.3467067250580070e-06
3 54 -1.0338233463215586e-06 2.1415889819498709e-06
3 55 -5.2656372665485211e-06 2.4617519235914535e-06
3 56 -7.0774283497625427e-06 2.4861807343740326e-06
3 57 -9.0159375183162087e-06 5.7763104782661210e-07
3 58 -2.1636240961912589e-06 1.8021670173790320e-06
3 59 3.6870123641691088e-06 6.9266839725929917e-06
3 60 6.8817618990722052e-06 3.8254884569906123e-06
3 61 9.2516672443273393e-06 1.2742074015780236e-05
3 62 2.9945149576621351e-05 1.3410116561060104e-05
3 63 4.0716760372998731e-05 1.2276130575978157e-05
3 64 8.2615388837402131e-05 1.3316977503319534e-05
3 65 1.4594998626293068e-04 5.6585293241463192e-06
3 66 2.2616353546379229e-04 -8.5812109297428710e-06
3 67 4.1777521673259070e-04 -2.6660541151668556e-05
3 68 6.9704124481881954e-04 -6.4965821941431420e-06
3 69 1.3937873638962353e-03 3.6899923717088076e-05
3 70 2.5923309485282515e-03 3.0731765296043768e-05
3 71 7.2501508204176317e-03 1.4813317784994674e-04
4 0 6.9915848878945317e-03 -1.6873459529119105e-05
4 1 3.0354002200509433e-03 -1.9062120918718873e-04
4 2 1.0778018515394832e-03 -7.6575040777022117e-05
4 3 4.9380407128456552e-04 6.1040910455129811e-05
4 4 2.3527347791761009e-04 1.1020710244339578e-05
4 5 1.6274640272032444e-04 1.6985625383166830e-05
4 6 6.9528594569572480e-05 1.4489371051122065e-06
4 7 2.9121614566500047e-05 -3.2215974875313519e-06
4 8 1.9495478221161569e-05 -1.9097075405355784e-05
4 9 2.4667567438920575e-05 -1.7222077475951268e-05
4 10 1.0430875848995225e-05 -9.9297223517196784e-06
4 11 5.5219248645918804e-06 -9.7749737872335392e-06
4 12 1.8643693829009529e-06 -6.1239631316232379e-06
4 13 3.8295172944411997e-06 -4.3489093159044389e-07
4 14 7.1797804221622345e-06 -6.7410402918453739e-07
4 15 7.7855424197256896e-06 -1.0801911666883998e-06
4 16 5.9648223951685486e-06 -5.8945656501800995e-07
4 17 2.7715839862998357e-06 -4.5884684914112179e-07
4 18 3.5784075671237057e-06 -4.1036256781108569e-07
4 19 2.2185794625404456e-06 4.2954437636643822e-07
4 20 1.8780768723736045e-06 5.8127003350499837e-08
4 21 5.9771635642940933e-07 2.0570100898214450e-07
4 22 6.9388244433567311e-07 -4.2081872098108268e-07
4 23 3.8084127818828297e-07 1.1790560556084216e-07
4 24 3.7200531367597771e-07 -4.9567146097557178e-07
4 25 3.5299385323313014e-07 -8.3317828237336049e-07
4 26 2.8817138821740119e-07 -2.6370062063533812e-07
4 27 9.4934904044319535e-08 -1.6854179082515391e-07
4 28 2.4557257358836217e-07 -1.1836458126735862e-07
4 29 -8.9983574139255992e-09 -5.8215761875346694e-07
4 30 3.4328918478490682e-08 -4.7834556907775367e-07
4 31 1.0229214618687475e-07 2.4445759946354147e-08
4 32 -1.9157723610445580e-08 1.5801970690132726e-07
4 33 -1.3148359938323364e-08 -1.1814533059581738e-09
4 34 4.0153466573695382e-07 -1.4709238746705585e-07
4 35 3.7167531608983547e-07 -9.9797675458165445e-08
4 36 3.7691840017870932e-07 4.5144885020673685e-09
4 37 3.4743003217537102e-07 -9.6302436120396897e-08
4 38 3.0603169568999749e-07 -1.7658779493872168e-07
4 39 3.9527013132815736e-07 -1.4646233644748897e-08
4 40 1.4773034980813588e-07 1.3556535316287133e-07
4 41 2.4966612660658773e-07 7.9485814562077579e-08
4 42 8.8903739201031603e-08 2.1177073943351168e-07
4 43 2.1789576387397469e-08 5.0707557633311667e-07
4 44 -3.5246907606001050e-07 7.3543948296603795e-07
4 45 5.3179807708014252e-08 6.3625752952120366e-07
4 46 -2.2036826660865910e-07 9.7937513667724891e-07
4 47 -1.7628412818118869e-07 9.8432977079642806e-07
4 48 6.1600458927596157e-07 1.2453835884330195e-06
4 49 3.8293337897381931e-08 5.3705758929903726e-07
4 50 1.6561543551932955e-06 8.1875166944754448e-07
4 51 3.3198299541067042e-07 8.6962386950630238e-07
4 52 9.1299871316222277e-07 1.5851109817355528e-06
4 53 -1.2033992403454730e-06 1.8043881161482648e-06
4 54 -2.9045229160883104e-07 1.2438023355717387e-06
4 55 -3.4653389918626520e-06 1.4307011902617014e-06
4 56 -6.0553208519171264e-06 2.1019988659366134e-06
4 57 -7.9007150756972387e-06 -1.9178980628083455e-07
4 58 -1.2638906712843553e-06 5.5564095193936878e-07
4 59 2.4763239126086514e-06 5.5105272057887303e-06
4 60 3.4934489126005407e-06 -6.4570296096837958e-07
4 61 3.6626731524221846e-06 6.4647263796932306e-06
4 62 2.1136959699291955e-05 1.2485039311056692e-05
4 63 2.3679526402995142e-05 1.4541892670907603e-05
4 64 4.8619474255485798e-05 1.1971043563782855e-05
4 65 9.3348246809886589e-05 4.2245754439214585e-06
4 66 1.3624768064893008e-04 -1.0023417079361103e-05
4 67 2.6215846216961786e-04 -2.5917582495441200e-05
4 68 4.1689586558952294e-04 -1.1647526280174653e-05
4 69 7.5531213257649878e-04 4.1721858219124052e-05
4 70 1.3221941872263907e-03 -3.3595922374107824e-05
4 71 3.0366909601958225e-03 1.4614125984339254e-04
5 0 2.5600903136250145e-03 -3.1721664937621691e-04
5 1 1.2411542183942371e-03 -7.7374028212569930e-05
5 2 5.1623576662006732e-04 -5.3536669208592631e-05
5 3 2.4058223593560578e-04 4.9164151570790646e-05
5 4 1.1071826108960707e-04 1.4323367970315441e-05
5 5 9.9691193479412414e-05 1.4660951521790620e-05
5 6 3.3951344373185256e-05 1.9067174216620980e-07
5 7 1.0574557342763384e-05 -8.7332406152532765e-06
5 8 1.2156172917111211e-05 -1.6890001405580753e-05
5 9 1.7441637148528153e-05 -1.2594604804738679e-05
5 10 4.4290917437221293e-06 -7.5324166615510901e-06
5 11 1.3275930204877570e-06 -7.3195227713641476e-06
5 12 -1.4403370924711912e-06 -5.7342634700081240e-06
5 13 1.9109873678610505e-06 8.1341913932015324e-07
5 14 6.0726141011159735e-06 -1.7807462927183115e-07
5 15 5.9237084349320120e-06 -4.1447423297621985e-07
5 16 3.7117600770182664e-06 -3.6010202676913651e-07
5 17 1.2681941318565728e-06 -2.5542575625001952e-07
5 18 2.1676161267694147e-06 -2.0219173102746085e-07
5 19 1.2425416010537607e-06 4.8109284000059081e-07
5 20 1.2297085788245599e-06 1.6294908193397023e-07
5 21 2.2365269812499502e-07 4.5376776558874694e-07
5 22 4.8358888646520472e-07 -4.1234810107203576e-07
5 23 2.9813930755063470e-07 7.2098096256779645e-08
5 24 1.2465505180205396e-07 -4.4274108649754649e-07
5 25 2.3482040812050092e-07 -8.1502538207798324e-07
5 26 1.0149487399812196e-07 -2.3350145515338290e-07
5 27 8.0444883815939720e-08 -5.7346160365958375e-08
5 28 1.7080535390394973e-07 3.8856962225548750e-08
5 29 3.0582890436176123e-08 -4.9236811054958132e-07
5 30 -5.2449823409457291e-08 -3.6958819267316506e-07
5 31 6.4204398710913507e-08 2.1773948221447136e-08
5 32 -4.1030818392231795e-08 2.5857264412175201e-08
5 33 -5.1877583230894517e-08 -4.1156794282433372e-08
5 34 2.6352164620825735e-07 -1.2961856907477063e-07
5 35 2.3263320988392092e-07 -5.6398536855407031e-08
5 36 2.3545872526402557e-07 -5.4536703319603473e-08
5 37 1.9155473776394888e-07 -5.2140319424979050e-08
5 38 1.2873764129044296e-07 -1.0312813085240667e-07
5 39 3.5689468993516061e-07 -5.3873783283492044e-08
5 40 4.9056300102021832e-08 1.2559722989598517e-07
5 41 1.4147346244919025e-07 1.1732654451185247e-07
5 42 -1.8140851380108886e-08 1.2068345089407082e-07
5 43 7.7685461178162437e-08 3.5297197156338186e-07
5 44 -1.8259909314966032e-07 4.2551502911237526e-07
5 45 -1.9022778747636158e-08 4.6923815287223875e-07
5 46 -1.5410936785222947e-07 7.3534792197323329e-07
5 47 -1.1300420024976309e-07 6.3255359705589052e-07
5 48 4.8815497474462188e-07 9.2121282727264838e-07
5 49 -1.7980020227936160e-07 1.6547471990261576e-07
5 50 1.3653470582330532e-06 -3.5084828548662095e-08
5 51 4.7003911983783155e-07 2.9457241375334993e-07
5 52 4.7107797050188973e-07 9.3263745521243946e-07
5 53 -1.3793893652086019e-06 1.3905769610413924e-06
5 54 2.4693775503422079e-07 4.2511154988270980e-07
5 55 -2.0669259850174660e-06 2.9155013709053645e-07
5 56 -4.7947589615612888e-06 1.8573998214320957e-06
5 57 -6.6886005400290986e-06 5.5832158086019442e-08
5 58 -1.8413849514947566e-06 4.3372042180751043e-07
5 59 -4.1244613205559693e-07 3.8930777971567865e-06
5 60 1.9235702920711583e-06 -3.3861523723550778e-06
5 61 7.3306293487266695e-07 1.6690676153622118e-06
5 62 1.5877222459349472e-05 1.1348728811752370e-05
5 63 1.1636487730921939e-05 1.6514348391272969e-05
5 64 2.7104481878236088e-05 4.8236881297102775e-06
5 65 6.0375194133342781e-05 4.1578582225859061e-06
5 66 8.0017330975033015e-05 -1.4352859858889856e-05
5 67 1.6206721747669134e-04 -2.5353581766581509e-05
5 68 2.3929123299318625e-04 -1.4230441294754983e-05
5 69 3.7296611025858446e-04 3.9204493557482413e-05
5 70 6.8465629060018873e-04 -2.8012629801874828e-05
5 71 1.0662338480390493e-03 1.1192514390189711e-04
6 0 9.7319421588223248e-04 -5.2240119608560048e-04
6 1 5.1079221820438591e-04 6.3263732528291098e-07
6 2 2.5286996523394292e-04 -2.6271172391509091e-05
6 3 1.1924531287424977e-04 3.9028644980378140e-05
6 4 5.0893086724140621e-05 7.3639441444757131e-06
6 5 6.0622135742147913e-05 1.6328378681432508e-05
6 6 1.5613146452916588e-05 -6.9117330926506636e-07
6 7 -5.1643732639670664e-07 -1.2689115779451546e-05
6 8 8.5842630056772542e-06 -1.3648766880444603e-05
6 9 1.0682725863549970e-05 -8.8789340977826764e-06
6 10 1.4907792756611046e-06 -5.1881826617738148e-06
6 11 6.4565870456101251e-07 -5.5190645818553639e-06
6 12 -2.2771859195844149e-06 -4.7434344665961262e-06
6 13 8.3182865340461164e-07 1.4234370500778882e-06
6 14 4.6802071336170034e-06 -7.8229218087882608e-08
6 15 4.5424633543361831e-06 -2.2625894690580417e-07
6 16 2.3308459833705611e-06 -1.7290240952193286e-07
6 17 4.5356518302553720e-07 2.7132664998812673e-08
6 18 8.2857224892978840e-07 6.4741677765631180e-08
6 19 6.3561698705256760e-07 5.6920388946506832e-07
6 20 8.4232547762761632e-07 2.8147454984381160e-07
6 21 1.5413679978566521e-07 5.7662552675015945e-07
6 22 3.7641481426782707e-07 -3.4571422848899437e-07
6 23 2.3403416921541784e-07 1.0703809548315587e-07
6 24 2.5223074631902220e-08 -3.4067816932138048e-07
6 25 1.8845388253257400e-07 -7.2084858858731625e-07
6 26 -9.7070918356062174e-08 -1.1695680552017271e-07
6 27 1.4661883500471836e-08 -2.0018439758597829e-08
6 28 9.4150401476636164e-08 1.0518333957341175e-07
6 29 7.2406022003139627e-08 -3.5028861564677144e-07
6 30 -1.4365521685071795e-07 -3.1795786116360271e-07
6 31 -3.8152040365525318e-08 5.8500472644090199e-08
6 32 -2.9634496158944570e-08 -1.9336659264207030e-08
6 33 -2.9791515918890399e-08 -6.4569454943928652e-08
6 34 1.4482458919550536e-07 -7.5007662495745869e-08
6 35 1.7004048927846841e-07 -8.3366489133255631e-09
6 36 1.0971000339350761e-07 -9.3114507498308922e-08
6 37 1.0898837030701589e-07 4.8116867471139873e-09
6 38 3.0638716020282306e-08 -5.8616797668820279e-08
6 39 3.1059309937280831e-07 -5.5635209823109400e-08
6 40 -3.3127616118198255e-09 1.2589737660803095e-07
6 41 6.8522564668230398e-08 1.6495519235714164e-07
6 42 -1.2524647891777216e-07 7.1522397820986215e-08
6 43 1.3207505286769158e-07 1.4973249638411529e-07
6 44 -2.6646139407749346e-08 1.0055986257084459e-07
6 45 -1.1823566810507037e-07 3.2992235225147931e-07
6 46 -2.2136200605237415e-07 4.3259491718948273e-07
6 47 -6.3733572847151495e-08 2.3584323352947328e-07
6 48 3.3076603634942794e-07 5.6724415418961767e-07
6 49 -3.0968557865807426e-07 -1.6664076898103292e-07
6 50 1.0249902541135985e-06 -5.3110341052254084e-07
6 51 3.3839538193563359e-07 -9.0944439530914919e-08
6 52 1.8648193935399951e-07 8.7990123937570729e-08
6 53 -1.7788527675507039e-06 9.9493583887615138e-07
6 54 6.0951050046721853e-07 -2.5742587497316146e-07
6 55 -9.6725669937280015e-07 -2.3092206562112440e-07
6 56 -3.3297286040584191e-06 1.6313632806255179e-06
6 57 -5.1316625980286699e-06 8.1944206551739542e-07
6 58 -2.1423977107596577e-06 9.9095111448603834e-07
6 59 -3.2289588035845778e-06 2.5074435381951277e-06
6 60 2.9962588021895100e-07 -3.6917818010235296e-06
6 61 -4.9708438375464946e-07 -2.0951215959736226e-06
6 62 1.1919545196552896e-05 9.1506302559981566e-06
6 63 5.0433413365957332e-06 1.4772491133493439e-05
6 64 1.4896543549877458e-05 -1.9212982571654845e-06
6 65 3.8471010003361500e-05 2.5247990024655678e-06
6 66 4.7803781780431532e-05 -1.7390442403651254e-05
6 67 9.6275122221509656e-05 -2.0647962219020242e-05
6 68 1.3850334851229953e-04 -1.6954615588176528e-06
6 69 1.5528686998883407e-04 2.4465408103134382e-05
6 70 3.6011129852146556e-04 -2.7667432376583509e-05
6 71 4.2816837734703246e-04 1.3371447738018074e-04
7 0 3.9066827758288359e-04 -4.8049202855852919e-04
7 1 2.7329170891476071e-04 3.1663991992683565e-05
7 2 1.1553899936362887e-04 -1.1219523883080189e-05
7 3 6.4851616749155185e-05 3.4679829528811497e-05
7 4 1.7269219583612551e-05 2.6879482730538978e-06
7 5 4.0137106952790034e-05 1.2264290803260078e-05
7 6 9.0815056198269502e-06 2.2856586815245064e-06
7 7 -8.2342177711624322e-06 -1.0885082108121265e-05
7 8 6.0688176065918812e-06 -1.0710159689218907e-05
7 9 6.1406295089905407e-06 -5.2919117453420267e-06
7 10 2.6828532487680827e-06 -3.2496817992963448e-06
7 11 1.8333351112278835e-06 -4.2310783879434639e-06
7 12 -1.5723146430594637e-06 -3.4174338622311488e-06
7 13 1.9663313790838061e-07 1.2775911742637201e-06
7 14 3.4443564038418787e-06 -2.9432793530886357e-07
7 15 3.5519673269218652e-06 -2.4247589157766218e-07
7 16 1.1720325191861807e-06 -9.8513677900745713e-08
7 17 1.6186956691560621e-07 8.0160707782368726e-08
7 18 -1.5802504315487099e-07 1.3341606443503049e-07
7 19 3.5274431374171398e-07 6.2503239794941323e-07
7 20 5.3906692962730831e-07 3.7750589111981437e-07
7 21 1.1101029485472429e-07 4.9472409836676152e-07
7 22 3.5883700430865043e-07 -3.1479644039008111e-07
7 23 2.1270230607476976e-07 1.4410798651465122e-07
7 24 7.7904715950356442e-08 -2.3923055924091949e-07
7 25 1.1456780978025434e-07 -5.8691222975977558e-07
7 26 -2.3986430951212209e-07 -2.6245757032008113e-09
7 27 -3.7563123343893616e-08 -5.5007390477570963e-08
7 28 -1.5293020389705588e-08 3.0088236040372324e-08
7 29 8.3876019167028351e-08 -1.8308808688659296e-07
7 30 -1.8896229638858162e-07 -2.9916398121648259e-07
7 31 -1.1301534973384872e-07 1.3352668444184161e-08
7 32 -2.9209144111921779e-08 -6.9502185062620026e-08
7 33 3.7166784679573960e-08 -2.6822370367006398e-08
7 34 9.2605457978764032e-08 2.0447504277194893e-08
7 35 1.2840120646106305e-07 8.6705165105526757e-09
7 36 3.6769076441740838e-08 -1.0885319330741401e-07
7 37 7.0521333273755877e-08 7.1621566334217898e-08
7 38 -1.6097477408499696e-08 -3.9978291497798046e-08
7 39 2.8444212413466373e-07 -5.8656448311896182e-08
7 40 -5.9886976709793909e-09 8.6674557116041510e-08
7 41 2.4572988674804131e-08 1.9470106280544043e-07
7 42 -1.7790156390112307e-07 1.3225126701780450e-08
7 43 1.4946231332098164e-07 1.4828566980795757e-08
7 44 7.8863705709821987e-08 -4.3843671453819140e-08
7 45 -1.7979488758396531e-07 1.8593708680775121e-07
7 46 -3.8861787344460898e-07 1.1968306606565567e-07
7 47 -9.3065533290914148e-08 -8.7331439648509925e-08
7 48 1.3464202138875098e-07 2.5525836925418875e-07
7 49 -3.4555367768328678e-07 -3.0415935744438381e-07
7 50 7.4857191198363139e-07 -6.5330039148939880e-07
7 51 7.9095505466072693e-08 -8.7557185588636855e-08
7 52 7.1216013115073583e-08 -3.8135222535620021e-07
7 53 -2.0219997455229892e-06 8.5246834834105342e-07
7 54 1.0241154085366234e-06 -5.2940301916783175e-07
7 55 -2.9227792640111734e-07 -3.1505408003785915e-09
7 56 -2.0526803874376691e-06 1.1272540871615004e-06
7 57 -3.4276286274185302e-06 1.6625389669256157e-06
7 58 -2.2571370351375062e-06 1.5900505181449465e-06
7 59 -4.3916427382383401e-06 9.4452614309993262e-07
7 60 -9.4422868832911157e-07 -2.5139583420572474e-06
7 61 -2.1019043005249754e-06 -2.6046210452490197e-06
7 62 7.6380929072826248e-06 8.9453416356473975e-06
7 63 6.2888498835545102e-07 1.0699611570709402e-05
7 64 9.0121213374760328e-06 -5.3267547657707412e-06
7 65 2.1624610150591779e-05 3.1400316844849617e-06
7 66 3.1672021163333033e-05 -1.9793357964917431e-05
7 67 5.8365115058867383e-05 -1.3237005997521902e-05
7 68 7.8404343629533428e-05 1.5152848244965868e-05
7 69 4.8255850715762786e-05 1.9186111736796813e-05
7 70 1.8453163496027326e-04 -3.0589138305394658e-05
7 71 1.7452441214422365e-04 1.1077389170646143e-04
8 0 -5.8975251956885921e-05 -3.2429552235138214e-04
8 1 1.4317989017680567e-04 6.1030047438916785e-05
8 2 7.1044332609430767e-05 -1.8254225282060163e-05
8 3 3.8363407540728275e-05 2.0487327263987078e-05
8 4 1.8634240115241999e-06 2.1492086278228499e-06
8 5 2.8934415789180027e-05 5.6007336042870018e-06
8 6 8.0909657856235060e-06 5.9747250211633187e-06
8 7 -1.0917714544108126e-05 -8.5103948419942118e-06
8 8 7.5629813219017104e-07 -7.4058882720536658e-06
8 9 3.6357675504794598e-06 -2.9219086028621834e-06
8 10 5.1686881391150368e-06 -9.6328219862146443e-07
8 11 2.8393467195923223e-06 -2.9895950936145330e-06
8 12 9.9800825311466940e-10 -2.0025107633978286e-06
8 13 -4.7571494939428084e-07 1.1490285280869224e-06
8 14 2.3973462263414297e-06 -5.7491869858965368e-07
8 15 2.6099329994331580e-06 3.4243450869844976e-08
8 16 4.5953599645802854e-07 -3.2425730502573131e-07
8 17 1.1736355248122523e-07 2.8195459888367862e-07
8 18 -6.6324550220054622e-07 1.4753591536570916e-07
8 19 1.7399569497143603e-07 3.9465349162486638e-07
8 20 3.9762972514327684e-07 2.6208990206172864e-07
8 21 1.2119273907867745e-07 2.1281444535261425e-07
8 22 3.4655721127402468e-07 -3.2249525672644217e-07
8 23 2.1089590832405140e-07 1.2496647480168252e-07
8 24 1.6353934706512692e-07 -1.5448755556909240e-07
8 25 2.1685230447860875e-08 -5.6137738970724273e-07
8 26 -3.3753114419158101e-07 5.4351871550942924e-08
8 27 -7.0384179254987123e-08 -9.3351934249497207e-08
8 28 -1.3679557214347000e-07 -5.7256828290102795e-08
8 29 3.0588829774686591e-08 -6.7908284427422155e-08
8 30 -1.6208869545440948e-07 -2.7150827761661079e-07
8 31 -1.1635619566137159e-07 -4.9883769098602028e-08
8 32 -6.4665988069002336e-09 -7.7162598482710973e-08
8 33 4.9738270445782897e-08 3.8286797729246473e-08
8 34 1.1539085927616641e-07 9.3062380760032650e-08
8 35 1.0767417576858327e-07 -9.0747406616824879e-09
8 36 -3.0837968241652720e-09 -1.3362873535073901e-07
8 37 4.1717866158874655e-08 1.0896502517622085e-07
8 38 -5.6401024969181846e-11 -1.7159124821882714e-08
8 39 2.6315343425038139e-07 -6.2223116397763070e-08
8 40 1.0116977657972098e-08 1.5509633441139600e-08
8 41 2.1633317594418531e-10 1.9986575341501523e-07
8 42 -1.0374667500359171e-07 -4.6271681954070714e-08
8 43 1.2477213079977327e-07 -1.1485660302734468e-07
8 44 1.1743762877919716e-07 -1.4109206524268836e-07
8 45 -2.0420160886529937e-07 4.8365730963141952e-08
8 46 -5.0214579813638780e-07 -8.1021657040090767e-08
8 47 -2.6992130231320047e-07 -2.7870534783893091e-07
8 48 -1.0569128415171036e-07 3.5851125814763511e-08
8 49 -3.6716225529928357e-07 -2.3600384238002928e-07
8 50 5.2170178747948761e-07 -5.8762264424320028e-07
8 51 -2.2998721363894084e-07 4.4383075110239569e-07
8 52 1.1908830703678880e-07 -3.4841337942822752e-07
8 53 -1.7863899493486644e-06 7.4221523712741754e-07
8 54 1.2921120630465954e-06 -4.2372493126674198e-07
8 55 -4.0076922049374576e-07 5.6297324750345626e-07
8 56 -7.7847876899923937e-07 2.3022017628461195e-07
8 57 -1.8839103969730709e-06 2.1053653331480805e-06
8 58 -2.3605025954186468e-06 1.3862649306106157e-06
8 59 -3.1224141485959550e-06 -7.1219000284197352e-08
8 60 -1.1232476761162617e-06 -1.2051021016699520e-06
8 61 -2.9606354542092673e-06 -2.2894436081274165e-06
8 62 4.9425209157084993e-06 9.8037644193847527e-06
8 63 -2.1521144748601360e-06 5.7730579703570647e-06
8 64 7.3041568912873744e-06 -5.9124631982377624e-06
8 65 1.2122397736060428e-05 4.0374000019073264e-06
8 66 2.0985182707624044e-05 -2.0439084596602434e-05
8 67 3.3261743357096214e-05 -3.2215113872175624e-06
8 68 4.9480926390448050e-05 2.1277258855459453e-05
8 69 5.9882986823870898e-06 2.7284918897196813e-05
8 70 8.9243441179910461e-05 -3.3991257002750258e-05
8 71 6.0448295969095045e-05 8.8756527333132241e-05
9 0 3.2198469465640400e-06 -3.1553626723997597e-04
9 1 7.5015011697357979e-05 6.7404476169997008e-05
9 2 6.9544615758266489e-05 -1.7296857198469587e-05
9 3 1.8899783247378796e-05 2.2638317246791977e-06
9 4 -3.5604483881735723e-06 1.7760312888716549e-07
9 5 2.0933208608349471e-05 1.6859366005216012e-06
9 6 4.9663192839010279e-06 2.5000459816414602e-06
9 7 -8.1511377046749558e-06 -5.2048616924910660e-06
9 8 -4.8198529140011734e-06 -5.1785966692960621e-06
9 9 2.8131948623573994e-06 -2.2312113723461511e-06
9 10 7.0340499128613043e-06 1.6236492704694337e-06
9 11 2.5061687488549493e-06 -2.2756414292361313e-06
9 12 9.8920746871383085e-07 -1.3730375779422391e-06
9 13 -7.0701066831333222e-07 3.7785893351716816e-07
9 14 1.7380624747587589e-06 -9.4084297034258488e-07
9 15 1.5369073130166590e-06 2.1970408112100902e-08
9 16 1.8723492826298658e-07 -5.3428512955263740e-07
9 17 3.8280210623876596e-07 5.2589002766727058e-07
9 18 -7.1747715172674096e-07 2.2584715598668224e-07
9 19 7.6931812054019113e-08 -6.2187954484014325e-08
9 20 1.9018263157210213e-07 1.0479249291014999e-07
9 21 1.4218334907502162e-07 -1.1416097482242677e-07
9 22 2.9217482141568186e-07 -2.3661504168057673e-07
9 23 1.9233955397995201e-07 9.6966504089901349e-08
9 24 1.7437689935648555e-07 -9.7722682460927119e-08
9 25 1.5753263300337869e-08 -5.9785846033235827e-07
9 26 -4.7440658119197510e-07 2.9997072304081371e-08
9 27 -1.1422749053548341e-07 -1.0703438818427899e-07
9 28 -2.7978165774940574e-07 -1.0599239303673664e-07
9 29 -1.6743924699906683e-08 2.2778064912727116e-08
9 30 -1.0190416306708810e-07 -2.1379747010316041e-07
9 31 -1.1825876107772558e-07 -8.4566524067053285e-08
9 32 1.1986766708906237e-08 -2.7245000312123045e-08
9 33 4.5362217560678463e-08 1.3869426554741049e-07
9 34 1.9589190176664328e-07 1.2592917488334388e-07
9 35 7.6934987946720400e-08 -1.8645351329843605e-08
9 36 -3.1904123600905967e-08 -1.5427894426984014e-07
9 37 3.3536110536259635e-08 1.1105077126163950e-07
9 38 2.2999840523106216e-08 3.1045750711958039e-09
9 39 2.2304308475165453e-07 -7.0031189829223561e-08
9 40 -1.7983993334013009e-09 -3.2556696525202409e-08
9 41 1.0543135206054880e-08 1.5382415136007138e-07
9 42 9.7678532462382379e-09 -9.6958436322889165e-08
9 43 1.2739154591154168e-07 -1.6494463999829692e-07
9 44 8.4029679299392708e-08 -1.2266844580420696e-07
9 45 -1.2155110522220566e-07 -8.2307964048246388e-08
9 46 -5.6130521973992437e-07 -3.3831835331928388e-08
9 47 -4.8754334064615006e-07 -3.8502617796952768e-07
9 48 -3.1927002125751914e-07 -4.2960469100644398e-08
9 49 -3.5743531213663890e-07 -1.1711734282905249e-07
9 50 2.7331031383728860e-07 -6.0628225437992606e-07
9 51 -5.6554556464976536e-07 8.8940054594285755e-07
9 52 9.7835236258028389e-08 9.5860816814239492e-08
9 53 -1.4056791226374976e-06 7.3680968085751376e-07
9 54 1.1434720719494267e-06 -2.6500713050187621e-07
9 55 -6.7782083740166534e-07 2.2452331465974309e-07
9 56 -1.4900076717928556e-07 -4.8458076693391512e-07
9 57 -1.5343758731041759e-06 2.1946050834047365e-06
9 58 -2.9261692454655490e-06 6.5749781942825973e-07
9 59 -7.8127854154688218e-07 -2.0512382974212532e-07
9 60 -1.4851303358050078e-06 -1.5489718790034746e-06
9 61 -4.2691990981848391e-06 -2.1272584181978107e-06
9 62 1.9023181910816112e-06 8.1958564773696157e-06
9 63 -5.1775040726884255e-06 1.3849443449769157e-06
9 64 9.6675695227570295e-06 -6.3260870870193993e-06
9 65 7.3001348408465450e-06 1.8420087014682599e-06
9 66 1.2768383618772725e-05 -2.0812056336837261e-05
9 67 1.3350972026394922e-05 1.8967111449067547e-06
9 68 4.1368183604149043e-05 2.0004005266228189e-05
9 69 7.8007557098972917e-06 4.4359792193372180e-05
9 70 3.7725376896008783e-05 -4.3057278081642800e-05
9 71 2.1155368354865276e-05 4.1890025728719618e-05
10 0 6.0136493481109893e-05 -2.1312654469603440e-04
10 1 3.5794621970581087e-05 4.0505218935858652e-05
10 2 7.1678672019054242e-05 -2.3812287299043695e-05
10 3 5.9685829808154653e-06 -1.2703036328531265e-05
10 4 -2.1783335511868900e-06 -3.4373664239848962e-06
10 5 1.9685772626244930e-05 -2.0042321134170407e-07
10 6 4.8127899720542253e-07 -1.2389212374783559e-06
10 7 -7.7370168704180931e-06 -1.4396914154417593e-06
10 8 -6.7233773762035352e-06 -2.0027351140991473e-06
10 9 3.2823422026055984e-06 -1.3782388453678242e-06
10 10 8.5652808347849248e-06 3.4018385816471826e-06
10 11 1.5928170128118725e-06 -1.3681907819776588e-06
10 12 8.9089014734348611e-07 -9.4282738621320002e-07
10 13 -1.2939177220450314e-06 -9.2038603377257934e-07
10 14 1.1414685048478430e-06 -1.3357615896613810e-06
10 15 9.9358292389240839e-07 1.3637614719081152e-07
10 16 2.6188333489869310e-07 -8.8541242005549112e-07
10 17 5.2422916168083280e-07 9.7591737592058979e-07
10 18 -4.3077443478143472e-07 4.3666385038958818e-07
10 19 -1.8026456615925606e-07 -3.5593144289055898e-07
10 20 1.2744571352694630e-07 -5.9042261909499340e-09
10 21 3.7788207671789749e-08 -2.8809553727493001e-07
10 22 1.9587520369390601e-07 -3.3208573521799622e-08
10 23 1.3399842943428433e-07 1.1322066755250886e-07
10 24 1.7010382251712914e-07 -1.6855539772457332e-08
10 25 5.6945213667305769e-09 -5.7309373191976977e-07
10 26 -5.2292586041008402e-07 -9.5352735699591529e-09
10 27 -1.0040456459965217e-07 -1.3182747497218022e-07
10 28 -3.5914555438548703e-07 -1.4701587622288197e-07
10 29 -5.5161369482635822e-08 9.2596516991736148e-08
10 30 -1.6936360579373470e-08 -1.3909899764694093e-07
10 31 -1.0655778935542540e-07 -7.5792592588897299e-08
10 32 4.4237636482151282e-08 -1.1656936579542190e-08
10 33 8.7554013626130743e-09 2.2931460083907975e-07
10 34 2.2567156200453309e-07 1.1435284212123610e-07
10 35 5.2904242817526521e-08 -1.7729491130201061e-08
10 36 -6.1623124729275855e-08 -1.4289755754316665e-07
10 37 2.5666666641475640e-08 8.7822901566677340e-08
10 38 2.0657803525610419e-08 1.3336780593654481e-08
10 39 1.3703382293348573e-07 -7.9159651111946965e-08
10 40 -1.9895948410913495e-08 -5.9770570157201508e-08
10 41 3.9542214448657741e-08 1.2618021229387012e-07
10 42 9.2947155322997748e-08 -1.3708746440755353e-07
10 43 8.2294697130826074e-08 -1.8402692997982978e-07
10 44 -1.2164226709430805e-08 -1.7176035546063790e-08
10 45 2.5105185527383414e-08 -1.5440091774552785e-07
10 46 -5.1851721493186242e-07 9.8188383790346715e-08
10 47 -6.3308691453830510e-07 -4.2251776904254282e-07
10 48 -5.0262585435863422e-07 -1.3181215671567542e-07
10 49 -1.4377826731808511e-07 2.7037258803333256e-08
10 50 -5.3938921818652045e-08 -5.5391446288898273e-07
10 51 -8.6820934525887108e-07 1.0213149338860318e-06
10 52 1.0119987449449884e-07 3.3194289521449824e-07
10 53 -1.0217828124813091e-06 8.4942425618213440e-07
10 54 7.8138978777108316e-07 -2.7099317257764416e-07
10 55 -1.4949932612703048e-06 -3.3622501555526605e-07
10 56 3.2610729630216422e-07 -4.9311303046219436e-07
10 57 -2.3723037780870471e-06 2.3162947354378108e-06
10 58 -2.8418392347605846e-06 1.0204024171587039e-07
10 59 -4.2056510855875958e-07 -4.2954192522243924e-08
10 60 -2.2734245177435289e-06 -1.3454401398923330e-06
10 61 -3.5607086065304583e-06 -3.4900733310656092e-06
10 62 -2.6078781151593447e-06 4.2405179542756296e-06
10 63 -6.1297623747869947e-06 -2.1254732819535814e-06
10 64 1.0378348669745177e-05 -6.0330994870377949e-06
10 65 5.6213338295688263e-06 -5.2414392839773828e-07
10 66 7.7188376428775910e-06 -1.7871942251538223e-05
10 67 1.1718680241191045e-06 2.5441867564189077e-06
10 68 3.4673097943239061e-05 1.6872154820136763e-05
10 69 9.6288071305037223e-06 5.6161215019814663e-05
10 70 2.2197311332464621e-05 -4.5048688111660852e-05
10 71 1.8242525901849828e-05 2.1928982662980826e-05
