========================================================================
  Fit Report: L24x72
========================================================================
  t_sep range : [7, 10]
  cut         : 3
  Nsample     : 5
  jackknife   : True
========================================================================

z = 0
------------------------------------------------------------------------
condition number = -6.76e+15

Least Squares Fit (no prior):
  chi2/dof [dof] = 9.8e+03 [23]    Q = 0

Parameters:
             c0    0.6843 (24)      [  0.6 ± inf ]  
             c1   -0.9816 (18)      [ -0.6 ± inf ]  
             dE    0.4457 (13)      [  0.4 ± inf ]  

Fit:
      key         y[key]        f(p)[key]
-----------------------------------------
        0      0.13 (18)    -0.01197 (40)  
        1      0.29 (15)     0.17605 (25)  
        2     0.296 (85)     0.26144 (27)  
        3      0.29 (11)     0.26144 (27)  
        4      0.28 (14)     0.17605 (25)  
        5    0.005 (209)     0.01237 (44)  
        6      0.33 (29)     0.21407 (25)  
        7      0.47 (29)     0.32081 (30)  
        8      0.48 (23)     0.35415 (33)  
        9      0.48 (20)     0.32081 (30)  
       10      0.38 (20)     0.21407 (25)  
       11     -0.29 (20)     0.02797 (51)  *
       12      0.16 (26)     0.23842 (36)  
       13      0.42 (38)     0.35883 (45)  
       14      0.55 (43)     0.41351 (53)  
       15      0.64 (42)     0.41351 (53)  
       16      0.73 (36)     0.35883 (45)  *
       17      0.48 (27)     0.23842 (36)  
       18     -0.75 (81)     0.03795 (58)  
       19     -0.18 (78)     0.25401 (46)  
       20      0.20 (48)     0.38318 (59)  
       21      0.36 (26)     0.45153 (72)  
       22      0.49 (35)     0.47288 (76)  
       23      0.82 (57)     0.45153 (72)  
       24      0.93 (65)     0.38318 (59)  
       25      0.70 (64)     0.25401 (46)  

Settings:
  svdcut/n = 1e-06/22    tol = (1e-08,1e-10,1e-10*)    (itns/time = 6/0.0s)
  fitter = scipy_least_squares    method = trf


z = 1
------------------------------------------------------------------------
condition number = -9.2e+15

Least Squares Fit (no prior):
  chi2/dof [dof] = 1.2e+04 [23]    Q = 0

Parameters:
             c0    0.6242 (22)      [  0.6 ± inf ]  
             c1   -0.9649 (17)      [ -0.6 ± inf ]  
             dE    0.4740 (15)      [  0.4 ± inf ]  

Fit:
      key              y[key]        f(p)[key]
----------------------------------------------
        0           0.13 (17)    -0.03267 (39)  
        1           0.27 (14)     0.16003 (25)  
        2          0.272 (84)     0.24649 (27)  
        3           0.27 (10)     0.24649 (27)  
        4           0.28 (13)     0.16003 (25)  
        5    -0.00007 (20454)    -0.01148 (43)  
        6           0.32 (28)     0.19408 (23)  
        7           0.44 (28)     0.30119 (28)  
        8           0.44 (23)     0.33436 (31)  
        9           0.46 (20)     0.30119 (28)  
       10           0.38 (21)     0.19408 (23)  
       11          -0.31 (18)     0.00172 (50)  *
       12           0.15 (25)     0.21528 (33)  
       13           0.41 (37)     0.33524 (42)  
       14           0.51 (42)     0.38906 (50)  
       15           0.61 (42)     0.38906 (50)  
       16           0.68 (35)     0.33524 (42)  
       17           0.48 (27)     0.21528 (33)  
       18          -0.73 (76)     0.00993 (56)  
       19          -0.17 (74)     0.22847 (43)  
       20           0.23 (45)     0.35643 (56)  
       21           0.35 (22)     0.42311 (69)  
       22           0.44 (34)     0.44376 (74)  
       23           0.72 (59)     0.42311 (69)  
       24           0.89 (66)     0.35643 (56)  
       25           0.67 (65)     0.22847 (43)  

Settings:
  svdcut/n = 1e-06/22    tol = (1e-08,1e-10,1e-10*)    (itns/time = 6/0.0s)
  fitter = scipy_least_squares    method = trf


z = 2
------------------------------------------------------------------------
condition number = -1.36e+16

Least Squares Fit (no prior):
  chi2/dof [dof] = 1.6e+04 [23]    Q = 0

Parameters:
             c0   0.22227 (30)      [  0.6 ± inf ]  
             c1    -4.548 (51)      [ -0.6 ± inf ]  
             dE     2.468 (12)      [  0.4 ± inf ]  

Fit:
      key        y[key]        f(p)[key]
----------------------------------------
        0     0.11 (17)    -0.16306 (40)  *
        1     0.23 (12)     0.18960 (32)  
        2    0.215 (83)     0.21927 (26)  
        3     0.22 (10)     0.21927 (26)  
        4     0.26 (12)     0.18960 (32)  
        5    -0.01 (20)    -0.16305 (40)  
        6     0.29 (26)     0.18962 (31)  
        7     0.37 (26)     0.21948 (26)  
        8     0.35 (23)     0.22180 (29)  
        9     0.39 (20)     0.21948 (26)  
       10     0.35 (22)     0.18962 (31)  
       11    -0.34 (14)    -0.16305 (40)  *
       12     0.14 (24)     0.18962 (31)  
       13     0.37 (35)     0.21950 (26)  
       14     0.41 (41)     0.22201 (29)  
       15     0.51 (42)     0.22201 (29)  
       16     0.56 (35)     0.21950 (26)  
       17     0.44 (29)     0.18962 (31)  
       18    -0.65 (65)    -0.16305 (40)  
       19    -0.10 (63)     0.18962 (31)  
       20     0.32 (41)     0.21950 (26)  
       21     0.36 (15)     0.22203 (29)  
       22     0.32 (35)     0.22223 (30)  
       23     0.48 (65)     0.22203 (29)  
       24     0.72 (70)     0.21950 (26)  
       25     0.58 (67)     0.18962 (31)  

Settings:
  svdcut/n = 1e-06/22    tol = (1e-08,1e-10,1e-10*)    (itns/time = 12/0.0s)
  fitter = scipy_least_squares    method = trf


z = 3
------------------------------------------------------------------------
condition number = -1.13e+16

Least Squares Fit (no prior):
  chi2/dof [dof] = 1.9e+04 [23]    Q = 0

Parameters:
             c0   0.14837 (32)      [  0.6 ± inf ]  
             c1    -17.08 (75)      [ -0.6 ± inf ]  
             dE     3.855 (45)      [  0.4 ± inf ]  

Fit:
      key          y[key]        f(p)[key]
------------------------------------------
        0       0.10 (17)    -0.21311 (38)  *
        1      0.184 (99)     0.14071 (31)  
        2      0.155 (80)     0.14820 (32)  
        3      0.166 (97)     0.14820 (32)  
        4       0.21 (11)     0.14071 (31)  
        5      -0.02 (19)    -0.21311 (38)  *
        6       0.24 (23)     0.14071 (31)  
        7       0.28 (22)     0.14820 (32)  
        8       0.26 (21)     0.14836 (32)  
        9       0.28 (20)     0.14820 (32)  
       10       0.27 (23)     0.14071 (31)  
       11      -0.35 (11)    -0.21311 (38)  *
       12       0.12 (21)     0.14071 (31)  
       13       0.32 (31)     0.14820 (32)  
       14       0.30 (38)     0.14836 (32)  
       15       0.37 (41)     0.14836 (32)  
       16       0.39 (36)     0.14820 (32)  
       17       0.34 (31)     0.14071 (31)  
       18      -0.53 (56)    -0.21311 (38)  
       19    -0.004 (554)     0.14071 (31)  
       20       0.41 (38)     0.14820 (32)  
       21       0.37 (16)     0.14836 (32)  *
       22       0.19 (39)     0.14837 (32)  
       23       0.20 (73)     0.14836 (32)  
       24       0.45 (78)     0.14820 (32)  
       25       0.43 (70)     0.14071 (31)  

Settings:
  svdcut/n = 1e-06/22    tol = (1e-08,1e-10,1e-10*)    (itns/time = 38/0.0s)
  fitter = scipy_least_squares    method = trf


z = 4
------------------------------------------------------------------------
condition number = -1.91e+16

Least Squares Fit (no prior):
  chi2/dof [dof] = 1.7e+04 [23]    Q = 0

Parameters:
             c0          0.12032 (32)         [  0.6 ± inf ]  
             c1   -0.0007(1.6402)e+09         [ -0.6 ± inf ]  
             dE        0.01(2.49)e+03         [  0.4 ± inf ]  

Fit:
      key        y[key]        f(p)[key]
----------------------------------------
        0     0.09 (16)    -0.17400 (42)  *
        1    0.141 (75)     0.12032 (27)  
        2    0.104 (73)     0.12032 (32)  
        3    0.113 (91)     0.12032 (32)  
        4     0.15 (11)     0.12032 (27)  
        5    -0.02 (18)    -0.17400 (42)  
        6     0.19 (19)     0.12032 (27)  
        7     0.20 (17)     0.12032 (32)  
        8     0.17 (18)     0.12032 (32)  
        9     0.16 (18)     0.12032 (32)  
       10     0.17 (23)     0.12032 (27)  
       11    -0.34 (11)    -0.17400 (42)  *
       12     0.09 (17)     0.12032 (27)  
       13     0.28 (26)     0.12032 (32)  
       14     0.21 (35)     0.12032 (32)  
       15     0.23 (39)     0.12032 (32)  
       16     0.21 (38)     0.12032 (32)  
       17     0.21 (32)     0.12032 (27)  
       18    -0.40 (55)    -0.17400 (42)  
       19     0.11 (54)     0.12032 (27)  
       20     0.48 (37)     0.12032 (32)  
       21     0.40 (20)     0.12032 (32)  *
       22     0.09 (42)     0.12032 (32)  
       23    -0.04 (80)     0.12032 (32)  
       24     0.15 (85)     0.12032 (32)  
       25     0.23 (72)     0.12032 (27)  

Settings:
  svdcut/n = 1e-06/22    tol = (1e-08,1e-10,1e-10)    (itns/time = 1000*/0.4s)
  fitter = scipy_least_squares    method = trf


z = 5
------------------------------------------------------------------------
condition number = -9.95e+15

Least Squares Fit (no prior):
  chi2/dof [dof] = 1.2e+04 [23]    Q = 0

Parameters:
             c0        0.09802 (27)        [  0.6 ± inf ]  
             c1   -0.001(9.655)e+09        [ -0.6 ± inf ]  
             dE      0.02(8.16)e+03        [  0.4 ± inf ]  

Fit:
      key        y[key]        f(p)[key]
----------------------------------------
        0     0.08 (14)    -0.10549 (43)  *
        1    0.102 (48)     0.09802 (18)  
        2    0.064 (71)     0.09802 (27)  
        3    0.074 (91)     0.09802 (27)  
        4    0.100 (98)     0.09802 (18)  
        5    -0.02 (17)    -0.10549 (43)  
        6     0.14 (14)     0.09802 (18)  
        7     0.13 (13)     0.09802 (27)  
        8     0.10 (16)     0.09802 (27)  
        9     0.06 (16)     0.09802 (27)  
       10     0.06 (21)     0.09802 (18)  
       11    -0.32 (12)    -0.10549 (43)  *
       12     0.06 (13)     0.09802 (18)  
       13     0.23 (21)     0.09802 (27)  
       14     0.14 (31)     0.09802 (27)  
       15     0.09 (36)     0.09802 (27)  
       16     0.05 (38)     0.09802 (27)  
       17     0.08 (32)     0.09802 (18)  
       18    -0.27 (62)    -0.10549 (43)  
       19     0.18 (57)     0.09802 (18)  
       20     0.52 (37)     0.09802 (27)  *
       21     0.42 (22)     0.09802 (27)  *
       22     0.04 (40)     0.09802 (27)  
       23    -0.22 (83)     0.09802 (27)  
       24    -0.11 (87)     0.09802 (27)  
       25     0.04 (72)     0.09802 (18)  

Settings:
  svdcut/n = 1e-06/22    tol = (1e-08,1e-10,1e-10)    (itns/time = 1000*/0.4s)
  fitter = scipy_least_squares    method = trf


z = 6
------------------------------------------------------------------------
condition number = -1.44e+16

Least Squares Fit (no prior):
  chi2/dof [dof] = 1.1e+04 [23]    Q = 0

Parameters:
             c0              0.058262 (95)            [  0.6 ± inf ]  
             c1   -1213160.3398169216 (22)            [ -0.6 ± inf ]  
             dE               16.0580 (27)            [  0.4 ± inf ]  

Fit:
      key        y[key]        f(p)[key]
----------------------------------------
        0     0.06 (12)    -0.07057 (35)  *
        1    0.060 (24)    0.058262 (95)  
        2    0.027 (83)    0.058262 (95)  
        3     0.05 (10)    0.058262 (95)  
        4    0.063 (95)    0.058262 (95)  
        5    -0.03 (14)    -0.07057 (35)  
        6    0.088 (90)    0.058262 (95)  
        7    0.056 (97)    0.058262 (95)  
        8     0.04 (15)    0.058262 (95)  
        9    -0.02 (16)    0.058262 (95)  
       10    -0.03 (19)    0.058262 (95)  
       11    -0.30 (12)    -0.07057 (35)  *
       12    0.028 (94)    0.058262 (95)  
       13     0.19 (18)    0.058262 (95)  
       14     0.08 (28)    0.058262 (95)  
       15    -0.02 (34)    0.058262 (95)  
       16    -0.07 (36)    0.058262 (95)  
       17    -0.02 (31)    0.058262 (95)  
       18    -0.17 (69)    -0.07057 (35)  
       19     0.22 (56)    0.058262 (95)  
       20     0.50 (34)    0.058262 (95)  *
       21     0.42 (24)    0.058262 (95)  *
       22     0.01 (33)    0.058262 (95)  
       23    -0.29 (80)    0.058262 (95)  
       24    -0.27 (84)    0.058262 (95)  
       25    -0.10 (70)    0.058262 (95)  

Settings:
  svdcut/n = 1e-06/22    tol = (1e-08,1e-10,1e-10*)    (itns/time = 959/0.4s)
  fitter = scipy_least_squares    method = trf


z = 7
------------------------------------------------------------------------
condition number = -2.26e+16

Least Squares Fit (no prior):
  chi2/dof [dof] = 1.3e+04 [23]    Q = 0

Parameters:
             c0          0.01323 (28)         [  0.6 ± inf ]  
             c1   -0.0005(1.3954)e+08         [ -0.6 ± inf ]  
             dE        0.01(2.92)e+03         [  0.4 ± inf ]  

Fit:
      key           y[key]        f(p)[key]
-------------------------------------------
        0       0.039 (87)    -0.05141 (28)  *
        1       0.014 (23)    0.013232 (90)  
        2       -0.01 (10)     0.01323 (28)  
        3        0.03 (12)     0.01323 (28)  
        4        0.05 (10)    0.013232 (90)  
        5       -0.06 (10)    -0.05141 (28)  
        6       0.037 (49)    0.013232 (90)  
        7       -0.01 (10)     0.01323 (28)  
        8       -0.01 (17)     0.01323 (28)  
        9       -0.07 (18)     0.01323 (28)  
       10       -0.08 (18)    0.013232 (90)  
       11       -0.30 (11)    -0.05141 (28)  **
       12    -0.0002 (688)    0.013232 (90)  
       13        0.16 (19)     0.01323 (28)  
       14        0.04 (26)     0.01323 (28)  
       15       -0.10 (32)     0.01323 (28)  
       16       -0.14 (34)     0.01323 (28)  
       17       -0.08 (30)    0.013232 (90)  
       18       -0.14 (71)    -0.05141 (28)  
       19        0.19 (50)    0.013232 (90)  
       20        0.43 (31)     0.01323 (28)  *
       21        0.40 (29)     0.01323 (28)  *
       22        0.02 (24)     0.01323 (28)  
       23       -0.28 (73)     0.01323 (28)  
       24       -0.31 (76)     0.01323 (28)  
       25       -0.16 (67)    0.013232 (90)  

Settings:
  svdcut/n = 1e-06/22    tol = (1e-08,1e-10,1e-10*)    (itns/time = 743/0.3s)
  fitter = scipy_least_squares    method = trf


z = 8
------------------------------------------------------------------------
condition number = -1.2e+16

Least Squares Fit (no prior):
  chi2/dof [dof] = 1.1e+04 [23]    Q = 0

Parameters:
             c0   -0.00326 (64)      [  0.6 ± inf ]  
             c1    -0.1751 (19)      [ -0.6 ± inf ]  
             dE      1.037 (17)      [  0.4 ± inf ]  

Fit:
      key         y[key]        f(p)[key]
-----------------------------------------
        0     0.003 (57)    -0.06563 (19)  *
        1    -0.033 (39)    -0.02622 (15)  
        2     -0.05 (11)    -0.01381 (21)  
        3      0.02 (13)    -0.01381 (21)  
        4      0.06 (11)    -0.02622 (15)  
        5    -0.087 (64)    -0.06541 (20)  
        6    -0.007 (57)    -0.02558 (14)  
        7     -0.07 (13)    -0.01203 (27)  
        8     -0.06 (19)    -0.00878 (34)  
        9     -0.10 (19)    -0.01203 (27)  
       10     -0.09 (17)    -0.02558 (14)  
       11     -0.29 (10)    -0.06533 (20)  **
       12    -0.016 (79)    -0.02536 (15)  
       13      0.14 (21)    -0.01139 (30)  
       14    0.007 (259)    -0.00700 (42)  
       15     -0.15 (31)    -0.00700 (42)  
       16     -0.18 (31)    -0.01139 (30)  
       17     -0.12 (29)    -0.02536 (15)  
       18     -0.17 (65)    -0.06530 (20)  
       19      0.11 (39)    -0.02528 (15)  
       20      0.33 (29)    -0.01117 (32)  *
       21      0.36 (36)    -0.00637 (45)  *
       22      0.04 (16)    -0.00521 (50)  
       23     -0.20 (62)    -0.00637 (45)  
       24     -0.26 (64)    -0.01117 (32)  
       25     -0.16 (62)    -0.02528 (15)  

Settings:
  svdcut/n = 1e-06/22    tol = (1e-08,1e-10,1e-10*)    (itns/time = 21/0.0s)
  fitter = scipy_least_squares    method = trf


z = 9
------------------------------------------------------------------------
condition number = -1.87e+16

Least Squares Fit (no prior):
  chi2/dof [dof] = 7.5e+03 [23]    Q = 0

Parameters:
             c0   0.01046 (75)      [  0.6 ± inf ]  
             c1   -0.1602 (11)      [ -0.6 ± inf ]  
             dE     0.782 (11)      [  0.4 ± inf ]  

Fit:
      key         y[key]        f(p)[key]
-----------------------------------------
        0    -0.035 (53)    -0.06427 (22)  
        1    -0.073 (56)    -0.02626 (21)  
        2     -0.09 (11)    -0.01188 (23)  
        3      0.02 (13)    -0.01188 (23)  
        4      0.07 (11)    -0.02626 (21)  
        5    -0.113 (62)    -0.06347 (23)  
        6    -0.034 (98)    -0.02452 (18)  
        7     -0.12 (15)    -0.00808 (24)  
        8     -0.10 (20)    -0.00356 (27)  
        9     -0.12 (20)    -0.00808 (24)  
       10     -0.08 (18)    -0.02452 (18)  
       11     -0.28 (14)    -0.06311 (24)  *
       12     -0.01 (12)    -0.02372 (18)  
       13      0.12 (23)    -0.00634 (27)  
       14     -0.02 (26)     0.00024 (34)  
       15     -0.18 (29)     0.00024 (34)  
       16     -0.19 (28)    -0.00634 (27)  
       17     -0.13 (28)    -0.02372 (18)  
       18     -0.21 (54)    -0.06294 (24)  
       19      0.01 (26)    -0.02336 (18)  
       20      0.23 (29)    -0.00554 (29)  
       21      0.32 (39)     0.00198 (40)  
       22      0.05 (10)     0.00404 (44)  
       23     -0.12 (49)     0.00198 (40)  
       24     -0.18 (51)    -0.00554 (29)  
       25     -0.11 (57)    -0.02336 (18)  

Settings:
  svdcut/n = 1e-06/22    tol = (1e-08,1e-10,1e-10*)    (itns/time = 14/0.0s)
  fitter = scipy_least_squares    method = trf


z = 10
------------------------------------------------------------------------
condition number = -1.38e+16

Least Squares Fit (no prior):
  chi2/dof [dof] = 9.5e+03 [23]    Q = 0

Parameters:
             c0    0.06531 (87)      [  0.6 ± inf ]  
             c1   -0.21192 (93)      [ -0.6 ± inf ]  
             dE     0.5083 (44)      [  0.4 ± inf ]  

Fit:
      key         y[key]        f(p)[key]
-----------------------------------------
        0    -0.068 (76)    -0.07220 (34)  
        1    -0.098 (71)    -0.02806 (26)  
        2    -0.118 (99)    -0.00856 (29)  *
        3    0.007 (126)    -0.00856 (29)  
        4      0.09 (12)    -0.02806 (26)  
        5    -0.128 (94)    -0.06820 (35)  
        6     -0.04 (14)    -0.02141 (20)  
        7     -0.14 (15)     0.00250 (21)  
        8     -0.13 (19)     0.00982 (22)  
        9     -0.13 (20)     0.00250 (21)  
       10     -0.06 (19)    -0.02141 (20)  
       11     -0.26 (19)    -0.06579 (37)  
       12    0.003 (176)    -0.01740 (17)  
       13      0.13 (24)     0.00915 (18)  
       14     -0.03 (25)     0.02088 (20)  
       15     -0.20 (28)     0.02088 (20)  
       16     -0.19 (26)     0.00915 (18)  
       17     -0.13 (26)    -0.01740 (17)  
       18     -0.26 (40)    -0.06435 (39)  
       19     -0.07 (15)    -0.01500 (18)  
       20      0.16 (28)     0.01315 (19)  
       21      0.27 (37)     0.02753 (23)  
       22     0.041 (50)     0.03193 (25)  
       23     -0.06 (35)     0.02753 (23)  
       24     -0.08 (41)     0.01315 (19)  
       25     -0.02 (54)    -0.01500 (18)  

Settings:
  svdcut/n = 1e-06/22    tol = (1e-08,1e-10,1e-10*)    (itns/time = 25/0.0s)
  fitter = scipy_least_squares    method = trf


z = 11
------------------------------------------------------------------------
condition number = -1.31e+16

Least Squares Fit (no prior):
  chi2/dof [dof] = 1.1e+04 [23]    Q = 0

Parameters:
             c0    0.09495 (84)      [  0.6 ± inf ]  
             c1   -0.29330 (91)      [ -0.6 ± inf ]  
             dE     0.4681 (30)      [  0.4 ± inf ]  

Fit:
      key          y[key]        f(p)[key]
------------------------------------------
        0     -0.088 (97)    -0.10641 (45)  
        1     -0.104 (84)    -0.04831 (33)  
        2     -0.128 (90)    -0.02218 (36)  *
        3    -0.002 (125)    -0.02218 (36)  
        4       0.10 (13)    -0.04831 (33)  *
        5      -0.13 (12)    -0.09980 (48)  
        6      -0.02 (17)    -0.03775 (28)  
        7      -0.13 (16)    -0.00532 (28)  
        8      -0.15 (18)     0.00474 (29)  
        9      -0.13 (20)    -0.00532 (28)  
       10      -0.04 (20)    -0.03775 (28)  
       11      -0.24 (24)    -0.09566 (50)  
       12       0.02 (22)    -0.03114 (26)  
       13       0.14 (24)     0.00524 (23)  
       14      -0.03 (24)     0.02160 (23)  
       15      -0.19 (26)     0.02160 (23)  
       16      -0.18 (25)     0.00524 (23)  
       17      -0.13 (23)    -0.03114 (26)  
       18      -0.26 (28)    -0.09307 (53)  
       19      -0.12 (13)    -0.02700 (27)  
       20       0.10 (25)     0.01185 (22)  
       21       0.21 (31)     0.03216 (21)  
       22      0.008 (40)     0.03846 (22)  
       23      -0.04 (23)     0.03216 (21)  
       24      -0.01 (37)     0.01185 (22)  
       25       0.06 (53)    -0.02700 (27)  

Settings:
  svdcut/n = 1e-06/22    tol = (1e-08,1e-10,1e-10*)    (itns/time = 22/0.0s)
  fitter = scipy_least_squares    method = trf


z = 12
------------------------------------------------------------------------
condition number = -1.23e+16

Least Squares Fit (no prior):
  chi2/dof [dof] = 1e+04 [23]    Q = 0

Parameters:
             c0       -0.09226 (41)        [  0.6 ± inf ]  
             c1   -0.001(5.201)e+08        [ -0.6 ± inf ]  
             dE      0.01(4.54)e+03        [  0.4 ± inf ]  

Fit:
      key          y[key]        f(p)[key]
------------------------------------------
        0      -0.09 (11)    -0.18174 (52)  
        1     -0.092 (93)    -0.09226 (44)  
        2     -0.121 (84)    -0.09226 (41)  
        3    -0.008 (128)    -0.09226 (41)  
        4       0.09 (13)    -0.09226 (44)  *
        5      -0.11 (14)    -0.18174 (52)  
        6    -0.005 (183)    -0.09226 (44)  
        7      -0.10 (16)    -0.09226 (41)  
        8      -0.14 (17)    -0.09226 (41)  
        9      -0.14 (20)    -0.09226 (41)  
       10      -0.04 (20)    -0.09226 (44)  
       11      -0.22 (25)    -0.18174 (52)  
       12       0.04 (25)    -0.09226 (44)  
       13       0.15 (23)    -0.09226 (41)  *
       14      -0.02 (23)    -0.09226 (41)  
       15      -0.17 (25)    -0.09226 (41)  
       16      -0.17 (23)    -0.09226 (41)  
       17      -0.13 (20)    -0.09226 (44)  
       18      -0.23 (21)    -0.18174 (52)  
       19      -0.14 (19)    -0.09226 (44)  
       20       0.05 (22)    -0.09226 (41)  
       21       0.15 (25)    -0.09226 (41)  
       22      -0.03 (10)    -0.09226 (41)  
       23      -0.03 (15)    -0.09226 (41)  
       24       0.03 (37)    -0.09226 (41)  
       25       0.12 (51)    -0.09226 (44)  

Settings:
  svdcut/n = 1e-06/22    tol = (1e-08,1e-10,1e-10*)    (itns/time = 713/0.3s)
  fitter = scipy_least_squares    method = trf


z = 13
------------------------------------------------------------------------
condition number = -1.44e+16

Least Squares Fit (no prior):
  chi2/dof [dof] = 7.7e+03 [23]    Q = 0

Parameters:
             c0           -0.11203 (46)          [  0.6 ± inf ]  
             c1   -0.00004(1.25042)e+10          [ -0.6 ± inf ]  
             dE        0.002(3.129)e+04          [  0.4 ± inf ]  

Fit:
      key          y[key]        f(p)[key]
------------------------------------------
        0      -0.08 (11)    -0.17608 (55)  
        1      -0.07 (10)    -0.11203 (47)  
        2     -0.105 (80)    -0.11203 (46)  
        3      -0.01 (13)    -0.11203 (46)  
        4       0.07 (13)    -0.11203 (47)  *
        5      -0.09 (14)    -0.17608 (55)  
        6     0.007 (182)    -0.11203 (47)  
        7      -0.07 (16)    -0.11203 (46)  
        8      -0.12 (15)    -0.11203 (46)  
        9      -0.15 (21)    -0.11203 (46)  
       10      -0.06 (19)    -0.11203 (47)  
       11      -0.21 (24)    -0.17608 (55)  
       12       0.03 (26)    -0.11203 (47)  
       13       0.14 (21)    -0.11203 (46)  *
       14    -0.004 (230)    -0.11203 (46)  
       15      -0.15 (25)    -0.11203 (46)  
       16      -0.17 (22)    -0.11203 (46)  
       17      -0.14 (17)    -0.11203 (47)  
       18      -0.15 (18)    -0.17608 (55)  
       19      -0.13 (25)    -0.11203 (47)  
       20      -0.02 (24)    -0.11203 (46)  
       21       0.08 (22)    -0.11203 (46)  
       22      -0.06 (16)    -0.11203 (46)  
       23      -0.02 (16)    -0.11203 (46)  
       24       0.03 (37)    -0.11203 (46)  
       25       0.12 (48)    -0.11203 (47)  

Settings:
  svdcut/n = 1e-06/22    tol = (1e-08,1e-10,1e-10*)    (itns/time = 711/0.3s)
  fitter = scipy_least_squares    method = trf


z = 14
------------------------------------------------------------------------
condition number = -1.09e+16

Least Squares Fit (no prior):
  chi2/dof [dof] = 6.5e+03 [23]    Q = 0

Parameters:
             c0         -0.07414 (44)         [  0.6 ± inf ]  
             c1   -0.0002(6.0741)e+09         [ -0.6 ± inf ]  
             dE      0.002(3.028)e+04         [  0.4 ± inf ]  

Fit:
      key            y[key]        f(p)[key]
--------------------------------------------
        0        -0.07 (11)    -0.11985 (46)  
        1        -0.05 (10)    -0.07414 (46)  
        2       -0.086 (75)    -0.07414 (44)  
        3        -0.02 (12)    -0.07414 (44)  
        4         0.04 (13)    -0.07414 (46)  
        5        -0.08 (13)    -0.11985 (46)  
        6       0.008 (167)    -0.07414 (46)  
        7        -0.05 (15)    -0.07414 (44)  
        8        -0.09 (15)    -0.07414 (44)  
        9        -0.15 (20)    -0.07414 (44)  
       10        -0.09 (18)    -0.07414 (46)  
       11        -0.20 (22)    -0.11985 (46)  
       12         0.01 (26)    -0.07414 (46)  
       13         0.11 (20)    -0.07414 (44)  
       14       0.004 (226)    -0.07414 (44)  
       15        -0.14 (26)    -0.07414 (44)  
       16        -0.17 (21)    -0.07414 (44)  
       17        -0.15 (15)    -0.07414 (46)  
       18        -0.07 (17)    -0.11985 (46)  
       19        -0.12 (29)    -0.07414 (46)  
       20        -0.10 (29)    -0.07414 (44)  
       21         0.02 (24)    -0.07414 (44)  
       22        -0.08 (20)    -0.07414 (44)  
       23    -0.0002 (1881)    -0.07414 (44)  
       24       0.008 (374)    -0.07414 (44)  
       25         0.08 (47)    -0.07414 (46)  

Settings:
  svdcut/n = 1e-06/22    tol = (1e-08,1e-10,1e-10*)    (itns/time = 621/0.3s)
  fitter = scipy_least_squares    method = trf


z = 15
------------------------------------------------------------------------
condition number = -1.75e+16

Least Squares Fit (no prior):
  chi2/dof [dof] = 6.1e+03 [23]    Q = 0

Parameters:
             c0         -0.03540 (37)         [  0.6 ± inf ]  
             c1   -0.0002(5.3528)e+09         [ -0.6 ± inf ]  
             dE      0.002(3.365)e+04         [  0.4 ± inf ]  

Fit:
      key          y[key]        f(p)[key]
------------------------------------------
        0      -0.05 (11)    -0.07263 (45)  
        1     -0.030 (93)    -0.03540 (40)  
        2     -0.073 (66)    -0.03540 (37)  
        3      -0.03 (11)    -0.03540 (37)  
        4     0.002 (129)    -0.03540 (40)  
        5      -0.07 (11)    -0.07263 (45)  
        6    -0.009 (142)    -0.03540 (40)  
        7      -0.04 (14)    -0.03540 (37)  
        8      -0.08 (14)    -0.03540 (37)  
        9      -0.15 (20)    -0.03540 (37)  
       10      -0.12 (18)    -0.03540 (40)  
       11      -0.21 (20)    -0.07263 (45)  
       12      -0.03 (25)    -0.03540 (40)  
       13       0.06 (18)    -0.03540 (37)  
       14       0.01 (21)    -0.03540 (37)  
       15      -0.13 (26)    -0.03540 (37)  
       16      -0.18 (21)    -0.03540 (37)  
       17      -0.16 (15)    -0.03540 (40)  
       18       0.02 (19)    -0.07263 (45)  
       19      -0.11 (31)    -0.03540 (40)  
       20      -0.19 (35)    -0.03540 (37)  
       21      -0.04 (27)    -0.03540 (37)  
       22      -0.07 (22)    -0.03540 (37)  
       23       0.04 (21)    -0.03540 (37)  
       24    -0.003 (388)    -0.03540 (37)  
       25       0.03 (47)    -0.03540 (40)  

Settings:
  svdcut/n = 1e-06/22    tol = (1e-08,1e-10,1e-10*)    (itns/time = 646/0.3s)
  fitter = scipy_least_squares    method = trf


z = 16
------------------------------------------------------------------------
condition number = -1.21e+16

Least Squares Fit (no prior):
  chi2/dof [dof] = 6.8e+03 [23]    Q = 0

Parameters:
             c0           -0.02977 (28)          [  0.6 ± inf ]  
             c1   -0.00008(1.77765)e+09          [ -0.6 ± inf ]  
             dE        0.001(2.172)e+04          [  0.4 ± inf ]  

Fit:
      key         y[key]        f(p)[key]
-----------------------------------------
        0    -0.037 (94)    -0.06069 (32)  
        1    -0.020 (77)    -0.02977 (31)  
        2    -0.067 (52)    -0.02977 (28)  
        3     -0.04 (10)    -0.02977 (28)  
        4     -0.02 (12)    -0.02977 (31)  
        5    -0.077 (87)    -0.06069 (32)  
        6     -0.03 (11)    -0.02977 (31)  
        7     -0.05 (11)    -0.02977 (28)  
        8     -0.07 (13)    -0.02977 (28)  
        9     -0.15 (18)    -0.02977 (28)  
       10     -0.13 (16)    -0.02977 (31)  
       11     -0.21 (19)    -0.06069 (32)  
       12     -0.08 (24)    -0.02977 (31)  
       13      0.02 (16)    -0.02977 (28)  
       14      0.02 (18)    -0.02977 (28)  
       15     -0.12 (26)    -0.02977 (28)  
       16     -0.17 (21)    -0.02977 (28)  
       17     -0.15 (16)    -0.02977 (31)  
       18      0.09 (24)    -0.06069 (32)  
       19     -0.10 (32)    -0.02977 (31)  
       20     -0.25 (37)    -0.02977 (28)  
       21     -0.09 (30)    -0.02977 (28)  
       22     -0.04 (21)    -0.02977 (28)  
       23      0.10 (22)    -0.02977 (28)  
       24    0.001 (413)    -0.02977 (28)  
       25    0.005 (491)    -0.02977 (31)  

Settings:
  svdcut/n = 1e-06/22    tol = (1e-08,1e-10,1e-10*)    (itns/time = 598/0.3s)
  fitter = scipy_least_squares    method = trf


z = 17
------------------------------------------------------------------------
condition number = -9.75e+15

Least Squares Fit (no prior):
  chi2/dof [dof] = 9.9e+03 [23]    Q = 0

Parameters:
             c0   -0.0025 (22)      [  0.6 ± inf ]  
             c1   -0.0802 (14)      [ -0.6 ± inf ]  
             dE     0.410 (11)      [  0.4 ± inf ]  

Fit:
      key          y[key]        f(p)[key]
------------------------------------------
        0     -0.032 (83)    -0.06262 (26)  
        1     -0.017 (60)    -0.04821 (19)  
        2     -0.069 (38)    -0.04157 (21)  
        3     -0.045 (82)    -0.04157 (21)  
        4      -0.03 (11)    -0.04821 (19)  
        5     -0.087 (65)    -0.06031 (36)  
        6     -0.064 (87)    -0.04473 (30)  
        7     -0.060 (86)    -0.03633 (34)  
        8      -0.06 (11)    -0.03368 (36)  
        9      -0.14 (16)    -0.03633 (34)  
       10      -0.12 (14)    -0.04473 (30)  
       11      -0.21 (19)    -0.05878 (45)  
       12      -0.13 (23)    -0.04242 (42)  
       13    -0.003 (127)    -0.03286 (48)  
       14       0.04 (14)    -0.02845 (53)  
       15      -0.10 (24)    -0.02845 (53)  
       16      -0.15 (20)    -0.03286 (48)  
       17      -0.11 (17)    -0.04242 (42)  
       18       0.15 (29)    -0.05776 (52)  
       19      -0.08 (32)    -0.04089 (52)  
       20      -0.29 (36)    -0.03055 (61)  
       21      -0.13 (31)    -0.02497 (69)  
       22      -0.02 (18)    -0.02321 (73)  
       23       0.16 (24)    -0.02497 (69)  
       24       0.02 (45)    -0.03055 (61)  
       25    -0.007 (529)    -0.04089 (52)  

Settings:
  svdcut/n = 1e-06/22    tol = (1e-08,1e-10,1e-10*)    (itns/time = 13/0.0s)
  fitter = scipy_least_squares    method = trf


z = 18
------------------------------------------------------------------------
condition number = -1.06e+16

Least Squares Fit (no prior):
  chi2/dof [dof] = 1.6e+04 [23]    Q = 0

Parameters:
             c0    0.0732 (34)      [  0.6 ± inf ]  
             c1   -0.1236 (20)      [ -0.6 ± inf ]  
             dE    0.1802 (30)      [  0.4 ± inf ]  

Fit:
      key            y[key]        f(p)[key]
--------------------------------------------
        0       -0.035 (75)    -0.07196 (17)  
        1       -0.024 (48)    -0.06322 (12)  
        2       -0.079 (27)    -0.05892 (13)  
        3       -0.053 (66)    -0.05892 (13)  
        4       -0.028 (92)    -0.06322 (12)  
        5       -0.098 (51)    -0.06505 (25)  
        6       -0.094 (73)    -0.05494 (20)  
        7       -0.084 (60)    -0.04900 (20)  
        8       -0.073 (89)    -0.04705 (21)  
        9        -0.13 (13)    -0.04900 (20)  
       10        -0.09 (12)    -0.05494 (20)  
       11        -0.22 (19)    -0.05927 (36)  
       12        -0.16 (22)    -0.04803 (31)  
       13       -0.023 (96)    -0.04073 (31)  
       14         0.06 (10)    -0.03713 (33)  
       15        -0.08 (21)    -0.03713 (33)  
       16        -0.12 (18)    -0.04073 (31)  
       17        -0.05 (19)    -0.04803 (31)  
       18         0.19 (33)    -0.05445 (47)  
       19        -0.06 (31)    -0.04225 (43)  
       20        -0.30 (33)    -0.03381 (43)  
       21        -0.16 (30)    -0.02886 (44)  
       22        -0.01 (17)    -0.02722 (45)  
       23         0.19 (27)    -0.02886 (44)  
       24         0.04 (49)    -0.03381 (43)  
       25    -0.0003 (5588)    -0.04225 (43)  

Settings:
  svdcut/n = 1e-06/22    tol = (1e-08,1e-10,1e-10*)    (itns/time = 16/0.0s)
  fitter = scipy_least_squares    method = trf


z = 19
------------------------------------------------------------------------
condition number = -1.03e+16

Least Squares Fit (no prior):
  chi2/dof [dof] = 2.5e+04 [23]    Q = 0

Parameters:
             c0    0.02(4.37)e+05       [  0.6 ± inf ]  
             c1   -0.01(2.18)e+05       [ -0.6 ± inf ]  
             dE     0.00001 (182)       [  0.4 ± inf ]  

Fit:
      key         y[key]        f(p)[key]
-----------------------------------------
        0    -0.045 (72)    -0.08 (57.28)  
        1    -0.039 (43)    -0.08 (57.28)  
        2    -0.094 (21)    -0.08 (57.28)  
        3    -0.060 (52)    -0.08 (57.28)  
        4    -0.017 (80)    -0.08 (57.28)  
        5    -0.110 (48)    -0.07 (57.28)  
        6    -0.122 (68)    -0.07 (57.28)  
        7    -0.111 (44)    -0.07 (57.28)  
        8    -0.088 (69)    -0.07 (57.28)  
        9    -0.112 (88)    -0.07 (57.28)  
       10    -0.052 (94)    -0.07 (57.28)  
       11     -0.22 (19)    -0.05 (57.28)  
       12     -0.19 (21)    -0.05 (57.28)  
       13    -0.042 (74)    -0.05 (57.28)  
       14     0.070 (81)    -0.05 (57.28)  
       15     -0.06 (18)    -0.05 (57.28)  
       16     -0.07 (15)    -0.05 (57.28)  
       17    0.008 (199)    -0.05 (57.28)  
       18      0.20 (33)    -0.04 (57.28)  
       19     -0.06 (30)    -0.04 (57.28)  
       20     -0.30 (29)    -0.04 (57.28)  
       21     -0.17 (28)    -0.04 (57.28)  
       22     -0.04 (16)    -0.04 (57.28)  
       23      0.19 (31)    -0.04 (57.28)  
       24      0.04 (52)    -0.04 (57.28)  
       25      0.02 (56)    -0.04 (57.28)  

Settings:
  svdcut/n = 1e-06/22    tol = (1e-08,1e-10,1e-10)    (itns/time = 1000*/0.4s)
  fitter = scipy_least_squares    method = trf


z = 20
------------------------------------------------------------------------
condition number = -8.17e+15

Least Squares Fit (no prior):
  chi2/dof [dof] = 2.8e+04 [23]    Q = 0

Parameters:
             c0   -0.09585 (31)      [  0.6 ± inf ]  
             c1    0.10866 (98)      [ -0.6 ± inf ]  
             dE      0.942 (13)      [  0.4 ± inf ]  

Fit:
      key         y[key]         f(p)[key]
------------------------------------------
        0    -0.056 (71)     -0.05310 (18)  
        1    -0.054 (42)    -0.078351 (82)  
        2    -0.107 (19)    -0.086897 (52)  *
        3    -0.065 (42)    -0.086897 (52)  
        4     0.001 (71)    -0.078351 (82)  *
        5    -0.121 (53)     -0.05333 (18)  *
        6    -0.142 (69)    -0.078948 (66)  
        7    -0.127 (34)    -0.088430 (71)  *
        8    -0.103 (52)     -0.09083 (10)  
        9    -0.097 (55)    -0.088430 (71)  
       10    -0.017 (82)    -0.078948 (66)  
       11     -0.23 (20)     -0.05342 (19)  
       12     -0.21 (21)    -0.079181 (62)  
       13    -0.049 (65)    -0.089027 (93)  
       14     0.084 (82)     -0.09236 (15)  **
       15     -0.03 (15)     -0.09236 (15)  
       16     -0.03 (13)    -0.089027 (93)  
       17      0.07 (21)    -0.079181 (62)  
       18      0.16 (29)     -0.05346 (19)  
       19     -0.07 (27)    -0.079272 (61)  
       20     -0.28 (27)     -0.08926 (10)  
       21     -0.15 (25)     -0.09296 (18)  
       22     -0.06 (17)     -0.09389 (20)  
       23      0.16 (35)     -0.09296 (18)  
       24      0.02 (51)     -0.08926 (10)  
       25      0.04 (52)    -0.079272 (61)  

Settings:
  svdcut/n = 1e-06/22    tol = (1e-08,1e-10,1e-10*)    (itns/time = 16/0.0s)
  fitter = scipy_least_squares    method = trf


z = 21
------------------------------------------------------------------------
condition number = -9.99e+15

Least Squares Fit (no prior):
  chi2/dof [dof] = 2.8e+04 [23]    Q = 0

Parameters:
             c0   -0.11709 (57)      [  0.6 ± inf ]  
             c1    0.12619 (52)      [ -0.6 ± inf ]  
             dE     0.5817 (53)      [  0.4 ± inf ]  

Fit:
      key          y[key]         f(p)[key]
-------------------------------------------
        0     -0.063 (70)     -0.04271 (19)  
        1     -0.060 (47)    -0.070782 (79)  
        2     -0.111 (27)    -0.082738 (69)  *
        3     -0.067 (32)    -0.082738 (69)  
        4      0.024 (64)    -0.070782 (79)  *
        5     -0.124 (66)     -0.04441 (21)  *
        6     -0.147 (74)    -0.073819 (65)  
        7     -0.123 (27)    -0.088171 (56)  *
        8     -0.112 (40)    -0.092457 (69)  
        9     -0.081 (46)    -0.088171 (56)  
       10      0.009 (83)    -0.073819 (65)  
       11      -0.24 (21)     -0.04536 (22)  
       12      -0.20 (20)    -0.075516 (86)  
       13     -0.036 (59)     -0.09121 (10)  
       14      0.105 (87)     -0.09789 (13)  **
       15    -0.007 (122)     -0.09789 (13)  
       16     0.009 (116)     -0.09121 (10)  
       17       0.13 (21)    -0.075516 (86)  
       18       0.11 (24)     -0.04589 (23)  
       19      -0.09 (23)     -0.07646 (11)  
       20      -0.23 (26)     -0.09290 (14)  
       21      -0.07 (22)     -0.10093 (19)  
       22      -0.08 (19)     -0.10332 (21)  
       23       0.10 (39)     -0.10093 (19)  
       24      -0.02 (47)     -0.09290 (14)  
       25       0.07 (44)     -0.07646 (11)  

Settings:
  svdcut/n = 1e-06/22    tol = (1e-08,1e-10,1e-10*)    (itns/time = 26/0.0s)
  fitter = scipy_least_squares    method = trf


z = 22
------------------------------------------------------------------------
condition number = -1.91e+16

Least Squares Fit (no prior):
  chi2/dof [dof] = 3.3e+04 [23]    Q = 0

Parameters:
             c0   -0.09313 (57)      [  0.6 ± inf ]  
             c1    0.10618 (53)      [ -0.6 ± inf ]  
             dE     0.5553 (60)      [  0.4 ± inf ]  

Fit:
      key         y[key]         f(p)[key]
------------------------------------------
        0    -0.065 (69)     -0.02840 (20)  
        1    -0.054 (59)    -0.051551 (85)  
        2    -0.106 (45)    -0.061544 (86)  
        3    -0.065 (27)    -0.061544 (86)  
        4     0.049 (57)    -0.051551 (85)  *
        5    -0.116 (81)     -0.03002 (21)  *
        6    -0.138 (81)    -0.054368 (64)  *
        7    -0.101 (27)    -0.066452 (53)  *
        8    -0.112 (36)    -0.070096 (63)  *
        9    -0.065 (54)    -0.066452 (53)  
       10     0.026 (88)    -0.054368 (64)  
       11     -0.24 (22)     -0.03095 (23)  
       12     -0.17 (20)    -0.055984 (83)  
       13    -0.008 (52)    -0.069268 (87)  *
       14     0.136 (91)     -0.07500 (12)  **
       15      0.02 (10)     -0.07500 (12)  
       16      0.03 (11)    -0.069268 (87)  
       17      0.17 (21)    -0.055984 (83)  *
       18      0.07 (17)     -0.03148 (24)  
       19     -0.10 (19)     -0.05691 (11)  
       20     -0.17 (24)     -0.07088 (13)  
       21      0.03 (22)     -0.07782 (17)  
       22     -0.06 (20)     -0.07991 (19)  
       23      0.04 (42)     -0.07782 (17)  
       24     -0.06 (40)     -0.07088 (13)  
       25      0.11 (34)     -0.05691 (11)  

Settings:
  svdcut/n = 1e-06/22    tol = (1e-08,1e-10,1e-10*)    (itns/time = 23/0.0s)
  fitter = scipy_least_squares    method = trf


z = 23
------------------------------------------------------------------------
condition number = -1.95e+16

Least Squares Fit (no prior):
  chi2/dof [dof] = 3.9e+04 [23]    Q = 0

Parameters:
             c0   -0.04008 (46)      [  0.6 ± inf ]  
             c1    0.07878 (64)      [ -0.6 ± inf ]  
             dE      0.680 (11)      [  0.4 ± inf ]  

Fit:
      key         y[key]          f(p)[key]
-------------------------------------------
        0    -0.063 (69)       0.00115 (19)  
        1    -0.040 (73)      -0.01724 (11)  
        2    -0.097 (66)      -0.02466 (10)  *
        3    -0.058 (39)      -0.02466 (10)  
        4     0.071 (47)      -0.01724 (11)  *
        5    -0.102 (94)       0.00050 (20)  *
        6    -0.122 (88)     -0.018539 (72)  *
        7    -0.072 (37)     -0.027217 (68)  *
        8    -0.101 (44)     -0.029711 (77)  *
        9    -0.046 (53)     -0.027217 (68)  
       10     0.034 (86)     -0.018539 (72)  
       11     -0.22 (22)       0.00016 (21)  *
       12     -0.14 (20)     -0.019196 (67)  
       13     0.020 (43)     -0.028514 (85)  *
       14     0.163 (94)      -0.03227 (12)  **
       15     0.040 (93)      -0.03227 (12)  
       16      0.05 (10)     -0.028514 (85)  
       17      0.19 (19)     -0.019196 (67)  *
       18      0.04 (12)    -0.000006 (219)  
       19     -0.09 (17)     -0.019529 (73)  
       20     -0.12 (23)      -0.02917 (11)  
       21      0.11 (23)      -0.03357 (17)  
       22     -0.04 (20)      -0.03483 (19)  
       23     -0.02 (43)      -0.03357 (17)  
       24     -0.10 (33)      -0.02917 (11)  
       25      0.13 (22)     -0.019529 (73)  

Settings:
  svdcut/n = 1e-06/22    tol = (1e-08,1e-10,1e-10*)    (itns/time = 23/0.0s)
  fitter = scipy_least_squares    method = trf


========================================================================
  Summary Table
========================================================================
+----+-----------------+----------------------+-----------+----------+
| z  |        c0       |          c1          |     dE    | chi2/dof |
+----+-----------------+----------------------+-----------+----------+
| 0  |     0.684(0)    |      -0.982(0)       |  0.446(0) | 9.8e+03  |
| 1  |     0.624(0)    |      -0.965(0)       |  0.474(0) | 1.2e+04  |
| 2  |     0.222(0)    |      -4.548(0)       |  2.468(0) | 1.6e+04  |
| 3  |     0.148(0)    |      -17.075(1)      |  3.855(0) | 1.9e+04  |
| 4  |     0.120(0)    | -660402.484(2689672) | 14.624(4) | 1.7e+04  |
| 5  |     0.098(0)    |   -1183371.030(0)    | 15.576(0) | 1.2e+04  |
| 6  |     0.058(0)    |   -1213160.340(0)    | 16.058(0) | 1.1e+04  |
| 7  |     0.013(0)    |    -47737.179(0)     | 13.512(0) | 1.3e+04  |
| 8  |    -0.003(0)    |      -0.175(0)       |  1.037(0) | 1.1e+04  |
| 9  |     0.010(0)    |      -0.160(0)       |  0.782(0) | 7.5e+03  |
| 10 |     0.065(0)    |      -0.212(0)       |  0.508(0) | 9.5e+03  |
| 11 |     0.095(0)    |      -0.293(0)       |  0.468(0) | 1.1e+04  |
| 12 |    -0.092(0)    |    -114647.945(0)    | 14.063(0) |  1e+04   |
| 13 |    -0.112(0)    |    -399573.790(0)    | 15.646(0) | 7.7e+03  |
| 14 |    -0.074(0)    |    -200598.513(0)    | 15.295(0) | 6.5e+03  |
| 15 |    -0.035(0)    |    -159086.140(0)    | 15.268(0) | 6.1e+03  |
| 16 |    -0.030(0)    |    -81849.209(0)     | 14.789(0) | 6.8e+03  |
| 17 |    -0.003(0)    |      -0.080(0)       |  0.410(0) | 9.9e+03  |
| 18 |     0.073(0)    |      -0.124(0)       |  0.180(0) | 1.6e+04  |
| 19 | 2391.712(12015) |   -1195.937(6008)    |  0.000(0) | 2.5e+04  |
| 20 |    -0.096(0)    |       0.109(0)       |  0.942(0) | 2.8e+04  |
| 21 |    -0.117(0)    |       0.126(0)       |  0.582(0) | 2.8e+04  |
| 22 |    -0.093(0)    |       0.106(0)       |  0.555(0) | 3.3e+04  |
| 23 |    -0.040(0)    |       0.079(0)       |  0.680(0) | 3.9e+04  |
+----+-----------------+----------------------+-----------+----------+
