0 7.8138788730318243e-01 -1.5063397846583511e-04
1 8.9231411714864942e-03 3.3517812551054718e-06
2 2.5658990725541711e-04 -5.0641820152175234e-06
3 1.1618730201144821e-05 -9.2617003987571705e-07
4 6.8945869697899794e-07 -9.4154838658587578e-08
5 5.5124072717174360e-08 -1.0533165468429786e-08
6 5.4505025996340608e-09 -1.2727062244090157e-09
7 5.5943548683546263e-10 -1.5497456743030255e-10
8 6.7120662286530728e-11 -2.1482688765770657e-11
9 9.1223735089189603e-12 -3.1671090164030389e-12
10 1.3946709526319682e-12 -4.3626181084876800e-13
11 2.2116316124652084e-13 -5.6076344879217666e-14
12 3.3055089511107651e-14 -4.6498238543210712e-15
13 5.1026217919656786e-15 -4.1034804068377133e-16
14 7.9845176577571460e-16 -8.3814532542316469e-17
15 1.2664397551435022e-16 -1.6865660504502824e-17
16 1.9845855872257251e-17 -3.5457791204462631e-18
17 2.9007949054978479e-18 -8.2599628175563790e-19
18 4.1329510248634745e-19 -1.6306082019657471e-19
19 6.3074740225305245e-20 -2.4783380540961895e-20
20 1.0410178737797948e-20 -4.1061298092437840e-21
21 1.5679996955728619e-21 -6.3122329956257076e-22
22 2.2270287268780988e-22 -1.0063235492558479e-22
23 3.3100044427715505e-23 -1.6226106977253981e-23
24 5.3836245181970217e-24 -1.7584667813303020e-24
25 7.6145746436858807e-25 -1.5594353605927082e-25
26 9.7738556010576728e-26 -1.1666963714538014e-26
27 1.3382775589392165e-26 -2.1356188850927452e-27
28 2.0349964819665266e-27 -4.5505920464212691e-28
29 2.9346393544892038e-28 -6.1254459359335193e-29
30 4.5695381690620253e-29 -9.7560979746152248e-30
31 9.4308544899418461e-30 -1.3366214564656885e-30
32 1.6643848646725239e-30 -1.7477327138166662e-31
33 2.5846760196204126e-31 -1.0867439483963552e-32
34 4.4332075573225493e-32 1.5517103033808049e-33
35 5.6719342057419922e-33 3.8502679731976295e-34
36 3.6977589532952783e-34 1.3212927660556476e-34
37 -4.1134794226496145e-34 4.6619763957803907e-34
38 -9.7335806485803784e-34 1.2771030047134986e-33
39 -5.1588537656380991e-33 2.5627306197997861e-33
40 -1.8006013411239808e-32 3.6878893681722511e-33
41 -6.1855942205890907e-32 -8.8321087704474446e-32
42 -5.3554491009926268e-31 -8.4545647128335566e-31
43 -1.9184626951503014e-30 -4.3157949644501180e-30
44 5.5374593193942722e-30 -2.3061671887790191e-29
45 1.8433687180500145e-28 -1.1118091899542313e-28
46 3.9413115163229645e-28 -4.0556153736582949e-28
47 -1.2188417179564938e-27 -3.7195711466747920e-27
48 -2.6461154098422146e-26 -3.0864105262506984e-26
49 -2.0223026245638962e-25 -2.6517704169003982e-25
50 -8.6856794012842632e-25 5.7996958960829041e-26
51 9.1569848769769645e-25 6.2167289826184415e-24
52 6.1708224686676589e-23 5.4236088013268253e-23
53 4.9730120142003970e-22 4.3287370200356124e-22
54 4.1900030033971788e-21 2.1017397754006841e-21
55 2.7548258221616753e-20 9.5637201539816638e-21
56 1.7694181006452121e-19 -3.4828246271402255e-20
57 1.3371259897413774e-18 -7.2381738427590015e-19
58 1.1022005465316541e-17 -4.8033644654481895e-18
59 7.6269212516001943e-17 -3.4013895170767418e-17
60 6.4516462427799453e-16 1.1583793472203071e-16
61 3.9760602824888287e-15 1.6388106451379428e-16
62 3.4166793816791426e-14 5.2370263948395217e-16
63 3.2987726238344759e-13 3.3090836987261659e-14
64 2.9005592943789514e-12 4.8261407454049979e-13
65 2.6800019154575976e-11 1.9229547526338662e-12
66 2.6346859988821356e-10 3.6115913316918083e-11
67 2.6190125548371777e-09 3.5049515477384774e-10
68 4.0188206506590052e-08 -2.2386640549730659e-09
69 9.9871742797123135e-07 6.0720008485687443e-09
70 2.1112506998338603e-05 -2.5521082385185758e-07
71 7.6496951506665502e-04 8.0099815489333345e-06
