0 0 8.9236550605470122e-01
0 1 6.7625248789837389e-02
0 2 1.3586099898805600e-02
0 3 4.0538902625092106e-03
0 4 1.5439837404588909e-03
0 5 7.5063137914091796e-04
0 6 4.0219652479520909e-04
0 7 2.0504282681919062e-04
0 8 9.5551063375828559e-05
0 9 8.0918716236205707e-05
0 10 5.6684345252873370e-05
0 11 4.3308362648025182e-05
0 12 2.9664035399127188e-05
0 13 2.1952949491690109e-05
0 14 2.0590178151655572e-05
0 15 2.3044037575842172e-05
0 16 2.1139961167777932e-05
0 17 1.5968192212384389e-05
0 18 1.2657792930403364e-05
0 19 9.5877139647458751e-06
0 20 7.4828454353031907e-06
0 21 6.0448288035223835e-06
0 22 4.2372896470472910e-06
0 23 2.1463890248268366e-06
0 24 1.4071342157064587e-06
0 25 4.8287723744129789e-07
0 26 2.6143375763677052e-07
0 27 2.9765482833283880e-07
0 28 7.1658971147334001e-07
0 29 6.5599708321363617e-07
0 30 4.7273910604403107e-07
0 31 -1.1385782128063578e-08
0 32 2.5514606552089236e-07
0 33 4.5187856426362341e-07
0 34 1.2637355074637789e-06
0 35 1.4123404138328902e-06
0 36 1.3372478571163132e-06
0 37 1.5059850092971402e-06
0 38 1.3061865040229385e-06
0 39 1.0606539811551895e-06
0 40 8.4863995815443593e-07
0 41 8.0592730747724964e-07
0 42 5.8238985601843691e-07
0 43 -9.7994663702215400e-08
0 44 -3.0928042766853144e-07
0 45 7.4339150235284792e-08
0 46 1.8601080109518247e-07
0 47 -2.2244409520610932e-07
0 48 1.0387373344312586e-06
0 49 8.3948334009711486e-07
0 50 1.0015207546763723e-06
0 51 3.0044254234625613e-07
0 52 1.6071344569219961e-06
0 53 -1.2698045624133397e-06
0 54 -1.9604787199150333e-06
0 55 -6.0571683202263379e-06
0 56 -1.1008952284195455e-05
0 57 -1.4060459589966064e-05
0 58 -1.0100211513650321e-05
0 59 4.6199761727499420e-06
0 60 1.7770146205631072e-05
0 61 3.2524985600510374e-05
0 62 6.7882499567245764e-05
0 63 1.3075644568284333e-04
0 64 2.2806060854804186e-04
0 65 3.8281251991311154e-04
0 66 6.2504004688691795e-04
0 67 1.0865946772047801e-03
0 68 1.9701616830683170e-03
0 69 4.8229429539062545e-03
0 70 1.3922707384826472e-02
0 71 6.6704139627332126e-02
1 0 1.9743373013549251e-01
1 1 3.5218023143658309e-02
1 2 9.1035309278835047e-03
1 3 3.0300157963686417e-03
1 4 1.1963024600607827e-03
1 5 6.0162638980859303e-04
1 6 3.2422776197047593e-04
1 7 1.6232702627949660e-04
1 8 7.5391956724444266e-05
1 9 6.8082730307784438e-05
1 10 4.5433490787977997e-05
1 11 3.4932401527285769e-05
1 12 2.3987957037695186e-05
1 13 1.7924488769849050e-05
1 14 1.7015570586858027e-05
1 15 1.9380349172906891e-05
1 16 1.7690907967126799e-05
1 17 1.3132234516401265e-05
1 18 1.0426379967763906e-05
1 19 7.9294096784191640e-06
1 20 6.1420792849182064e-06
1 21 4.7806014551645119e-06
1 22 3.4142346067945019e-06
1 23 1.7758978046938821e-06
1 24 1.1684783126085623e-06
1 25 4.2151105370198827e-07
1 26 2.4727810336907335e-07
1 27 2.0440166696561961e-07
1 28 5.9931095007723240e-07
1 29 4.8296107301990157e-07
1 30 3.8438217682416143e-07
1 31 -3.6861531264558620e-08
1 32 1.7836719024539900e-07
1 33 3.1575369952740250e-07
1 34 1.0640325409445122e-06
1 35 1.1922983180267407e-06
1 36 1.1325470908975518e-06
1 37 1.2746436247110896e-06
1 38 1.0885194796684323e-06
1 39 8.8521758988269978e-07
1 40 7.2263243283097806e-07
1 41 6.6683923236629159e-07
1 42 4.3030054924268438e-07
1 43 -1.2647461427932759e-07
1 44 -3.2678628558826745e-07
1 45 2.4794956778790339e-08
1 46 3.9665900744515438e-08
1 47 -3.3320066987545015e-07
1 48 9.2416133782395174e-07
1 49 6.7434476207857258e-07
1 50 1.3304269734104323e-06
1 51 3.7950998643782730e-07
1 52 1.6437083373852557e-06
1 53 -1.4837144365076715e-06
1 54 -1.9049731300867634e-06
1 55 -6.1096010126477335e-06
1 56 -9.7874435542284159e-06
1 57 -1.1874249541757297e-05
1 58 -7.7280047232298888e-06
1 59 4.5253070296278434e-06
1 60 1.4613748844990473e-05
1 61 2.5280992934708446e-05
1 62 5.6500088626890214e-05
1 63 1.0307703691670715e-04
1 64 1.8408994984640123e-04
1 65 3.1391989852523887e-04
1 66 5.0705911003112833e-04
1 67 8.8604349380772658e-04
1 68 1.5750668967225922e-03
1 69 3.7245709665093404e-03
1 70 9.3174965376385983e-03
1 71 3.3879348668407624e-02
2 0 6.2271996527104689e-02
2 1 1.6817027850254806e-02
2 2 4.7915761510167378e-03
2 3 1.8028855485006591e-03
2 4 7.6433993713312528e-04
2 5 4.1389460506566602e-04
2 6 2.2167362785075091e-04
2 7 1.0509490382379930e-04
2 8 4.9246254677590380e-05
2 9 5.0368821488680794e-05
2 10 3.0925246195774589e-05
2 11 2.2890989525029349e-05
2 12 1.5123937770961657e-05
2 13 1.1645172360736091e-05
2 14 1.2475275764895016e-05
2 15 1.4474987639346561e-05
2 16 1.3057164346067626e-05
2 17 8.9916883686933786e-06
2 18 7.5096408406932016e-06
2 19 5.6873082686053919e-06
2 20 4.3852550905027544e-06
2 21 3.0076601757775907e-06
2 22 2.1735908652904595e-06
2 23 1.1444324059541057e-06
2 24 9.5859799303795072e-07
2 25 4.2171791880316946e-07
2 26 2.8259584583806580e-07
2 27 1.1562905955611629e-07
2 28 4.3469706844715007e-07
2 29 2.4499498870686431e-07
2 30 2.3410816006488399e-07
2 31 -4.5284215809255208e-08
2 32 6.4807606018023505e-08
2 33 1.4331231891071015e-07
2 34 7.6947563579109185e-07
2 35 8.6839763058224378e-07
2 36 8.2895740275113916e-07
2 37 9.1994186807255157e-07
2 38 7.9663188287230603e-07
2 39 6.5932472564611270e-07
2 40 5.0098230305896728e-07
2 41 5.0000240357194599e-07
2 42 2.8295371054286743e-07
2 43 -1.6556121802256187e-08
2 44 -3.5606074255785062e-07
2 45 8.7791281836374687e-08
2 46 -1.6996244326270654e-07
2 47 -4.3199109175878178e-07
2 48 8.3481205350188611e-07
2 49 4.5206460845006272e-07
2 50 1.6190652907989981e-06
2 51 2.5881541779363656e-07
2 52 1.5463913274235579e-06
2 53 -1.7296249054743854e-06
2 54 -1.7397721512776520e-06
2 55 -6.4542186707612947e-06
2 56 -8.3208338922984357e-06
2 57 -1.0203623457775654e-05
2 58 -4.4167685800125917e-06
2 59 3.6771010922470893e-06
2 60 1.0790229498550052e-05
2 61 1.6107315506545755e-05
2 62 4.1995861246402212e-05
2 63 6.7326129958106138e-05
2 64 1.2874924372399389e-04
2 65 2.2286872094034348e-04
2 66 3.5537635844213244e-04
2 67 6.3296789463381518e-04
2 68 1.0921220833210229e-03
2 69 2.4037903669495162e-03
2 70 5.1123030351265981e-03
2 71 1.5741567411965088e-02
3 0 2.0553044966244684e-02
3 1 7.4225905045426687e-03
3 2 2.3275774148297634e-03
3 3 9.9302202915242926e-04
3 4 4.4109438033501430e-04
3 5 2.6291701640176752e-04
3 6 1.3311293817377674e-04
3 7 5.9555709711905362e-05
3 8 3.1706547163632007e-05
3 9 3.5594457482720921e-05
3 10 1.8531047384129101e-05
3 11 1.2594718676806283e-05
3 12 7.2533478165058357e-06
3 13 7.0167122155596322e-06
3 14 9.0621516358378810e-06
3 15 1.0425904998502649e-05
3 16 9.0163172650018777e-06
3 17 5.3160330129995051e-06
3 18 5.2553786454706598e-06
3 19 3.7093037108409228e-06
3 20 2.9278877266354451e-06
3 21 1.5572413853751371e-06
3 22 1.2479303679111700e-06
3 23 6.3108141769580539e-07
3 24 7.0906052358584892e-07
3 25 4.3597882720307106e-07
3 26 3.4265582638962142e-07
3 27 8.3728370941940725e-08
3 28 3.2562202388485472e-07
3 29 6.6620513327897470e-08
3 30 1.2217227674563274e-07
3 31 2.6485203616281426e-08
3 32 1.3189087516488449e-08
3 33 4.0307541931179313e-08
3 34 5.4830840705476831e-07
3 35 5.8199421626738065e-07
3 36 5.6467051246223376e-07
3 37 5.9437174810676023e-07
3 38 5.2946223473460275e-07
3 39 4.9010719943514723e-07
3 40 2.9316502366127504e-07
3 41 3.4874431989324334e-07
3 42 1.4752393323495422e-07
3 43 1.5590873840170643e-08
3 44 -4.0113154513513642e-07
3 45 1.0537710090312313e-07
3 46 -2.8810661701536710e-07
3 47 -3.3822969346157248e-07
3 48 6.9885805961095533e-07
3 49 2.5332242533558911e-07
3 50 1.7244729631710115e-06
3 51 2.0881549463678733e-07
3 52 1.4011984125189908e-06
3 53 -1.4012606277539214e-06
3 54 -1.0338233059781593e-06
3 55 -5.2656372567499372e-06
3 56 -7.0774284022630204e-06
3 57 -9.0159375733152692e-06
3 58 -2.1636241278022743e-06
3 59 3.6870123456702447e-06
3 60 6.8817618465033220e-06
3 61 9.2516672935353457e-06
3 62 2.9945149648900767e-05
3 63 4.0716760393282148e-05
3 64 8.2615388750355089e-05
3 65 1.4594998620392482e-04
3 66 2.2616353528033762e-04
3 67 4.1777521660614540e-04
3 68 6.9704124455376040e-04
3 69 1.3937873635676498e-03
3 70 2.5923309482611106e-03
3 71 7.2501508201021705e-03
4 0 6.9915848880220503e-03
4 1 3.0354002199659423e-03
4 2 1.0778018514887269e-03
4 3 4.9380407119958619e-04
4 4 2.3527347776209007e-04
4 5 1.6274640274301040e-04
4 6 6.9528594586053369e-05
4 7 2.9121614563051190e-05
4 8 1.9495478265091419e-05
4 9 2.4667567644460821e-05
4 10 1.0430875969063067e-05
4 11 5.5219249501894386e-06
4 12 1.8643694434174997e-06
4 13 3.8295173688689802e-06
4 14 7.1797805250177850e-06
4 15 7.7855425127275050e-06
4 16 5.9648224416179635e-06
4 17 2.7715840177825155e-06
4 18 3.5784075980844299e-06
4 19 2.2185794744746587e-06
4 20 1.8780768760550515e-06
4 21 5.9771636212855723e-07
4 22 6.9388245985391164e-07
4 23 3.8084129485829213e-07
4 24 3.7200531840312978e-07
4 25 3.5299385011356782e-07
4 26 2.8817139834911131e-07
4 27 9.4934911074537593e-08
4 28 2.4557258033442468e-07
4 29 -8.9983579126562874e-09
4 30 3.4328913152988753e-08
4 31 1.0229214135426045e-07
4 32 -1.9157720341358131e-08
4 33 -1.3148360784299302e-08
4 34 4.0153467177147742e-07
4 35 3.7167532153519626e-07
4 36 3.7691840477837484e-07
4 37 3.4743003571854054e-07
4 38 3.0603169595624017e-07
4 39 3.9527013034263945e-07
4 40 1.4773034787329663e-07
4 41 2.4966612178233731e-07
4 42 8.8903736235068830e-08
4 43 2.1789585538172579e-08
4 44 -3.5246906586967438e-07
4 45 5.3179819880666014e-08
4 46 -2.2036825697963996e-07
4 47 -1.7628412486083637e-07
4 48 6.1600458563855899e-07
4 49 3.8293341285392932e-08
4 50 1.6561543654750314e-06
4 51 3.3198299588190127e-07
4 52 9.1299873238091478e-07
4 53 -1.2033992269752580e-06
4 54 -2.9045226017336907e-07
4 55 -3.4653389859952518e-06
4 56 -6.0553208910739078e-06
4 57 -7.9007151190818428e-06
4 58 -1.2638906960365829e-06
4 59 2.4763239059069941e-06
4 60 3.4934488680641391e-06
4 61 3.6626731880222713e-06
4 62 2.1136959732499987e-05
4 63 2.3679526419340076e-05
4 64 4.8619474165108873e-05
4 65 9.3348246777509385e-05
4 66 1.3624768054315003e-04
4 67 2.6215846210179462e-04
4 68 4.1689586547131297e-04
4 69 7.5531213240863251e-04
4 70 1.3221941871151806e-03
4 71 3.0366909600539199e-03
5 0 2.5600903136396005e-03
5 1 1.2411542183722759e-03
5 2 5.1623576665673254e-04
5 3 2.4058223588889547e-04
5 4 1.1071826098129007e-04
5 5 9.9691193463517428e-05
5 6 3.3951344417342174e-05
5 7 1.0574557336017878e-05
5 8 1.2156172923071924e-05
5 9 1.7441637289478850e-05
5 10 4.4290917827062033e-06
5 11 1.3275930518011925e-06
5 12 -1.4403370771419055e-06
5 13 1.9109874096314490e-06
5 14 6.0726141772313765e-06
5 15 5.9237085017474582e-06
5 16 3.7117601012800365e-06
5 17 1.2681941513019842e-06
5 18 2.1676161443799149e-06
5 19 1.2425416096771870e-06
5 20 1.2297085813015564e-06
5 21 2.2365270593529766e-07
5 22 4.8358890376940555e-07
5 23 2.9813932472280781e-07
5 24 1.2465505499781589e-07
5 25 2.3482040425469179e-07
5 26 1.0149488041232551e-07
5 27 8.0444887804918486e-08
5 28 1.7080535972720267e-07
5 29 3.0582889498366530e-08
5 30 -5.2449825810205143e-08
5 31 6.4204396145473942e-08
5 32 -4.1030812052803966e-08
5 33 -5.1877583301728891e-08
5 34 2.6352165158532028e-07
5 35 2.3263321364921443e-07
5 36 2.3545872813512982e-07
5 37 1.9155473982522961e-07
5 38 1.2873763943437174e-07
5 39 3.5689468960383605e-07
5 40 4.9056299743350158e-08
5 41 1.4147345901878191e-07
5 42 -1.8140854893650818e-08
5 43 7.7685466523980279e-08
5 44 -1.8259908554730348e-07
5 45 -1.9022771026189866e-08
5 46 -1.5410936214853523e-07
5 47 -1.1300420172840193e-07
5 48 4.8815496866106555e-07
5 49 -1.7980020181253549e-07
5 50 1.3653470642343519e-06
5 51 4.7003911853160341e-07
5 52 4.7107798434551501e-07
5 53 -1.3793893595290196e-06
5 54 2.4693778015980606e-07
5 55 -2.0669259832118175e-06
5 56 -4.7947589827831225e-06
5 57 -6.6886005743399393e-06
5 58 -1.8413849690617998e-06
5 59 -4.1244614194140909e-07
5 60 1.9235702483705297e-06
5 61 7.3306295720217936e-07
5 62 1.5877222460764830e-05
5 63 1.1636487758186100e-05
5 64 2.7104481790993840e-05
5 65 6.0375194124378970e-05
5 66 8.0017330931941169e-05
5 67 1.6206721742000784e-04
5 68 2.3929123298943125e-04
5 69 3.7296611021091621e-04
5 70 6.8465629060370349e-04
5 71 1.0662338479948460e-03
6 0 9.7319421629620526e-04
6 1 5.1079221821217558e-04
6 2 2.5286996533964196e-04
6 3 1.1924531285213493e-04
6 4 5.0893086688386940e-05
6 5 6.0622135683506426e-05
6 6 1.5613146490249890e-05
6 7 -5.1643732753663341e-07
6 8 8.5842630074835756e-06
6 9 1.0682725967205639e-05
6 10 1.4907792754625078e-06
6 11 6.4565872670547512e-07
6 12 -2.2771859145751395e-06
6 13 8.3182867588379456e-07
6 14 4.6802071855520866e-06
6 15 4.5424633991094036e-06
6 16 2.3308459938713568e-06
6 17 4.5356519657448447e-07
6 18 8.2857225565842437e-07
6 19 6.3561699291723103e-07
6 20 8.4232547930312785e-07
6 21 1.5413680846136084e-07
6 22 3.7641482966615442e-07
6 23 2.3403418685992768e-07
6 24 2.5223076147842558e-08
6 25 1.8845387872585468e-07
6 26 -9.7070915814939999e-08
6 27 1.4661884799783160e-08
6 28 9.4150405096340435e-08
6 29 7.2406020491338335e-08
6 30 -1.4365521769752998e-07
6 31 -3.8152042083969556e-08
6 32 -2.9634488477775878e-08
6 33 -2.9791516505728781e-08
6 34 1.4482459425121818e-07
6 35 1.7004049236968331e-07
6 36 1.0971000523306023e-07
6 37 1.0898837212519841e-07
6 38 3.0638712870631525e-08
6 39 3.1059309946735164e-07
6 40 -3.3127605426926867e-09
6 41 6.8522562583931369e-08
6 42 -1.2524648170539732e-07
6 43 1.3207505601414954e-07
6 44 -2.6646133652931283e-08
6 45 -1.1823566499919482e-07
6 46 -2.2136200194681570e-07
6 47 -6.3733576632276588e-08
6 48 3.3076602992548809e-07
6 49 -3.0968557837423564e-07
6 50 1.0249902562700408e-06
6 51 3.3839537967932098e-07
6 52 1.8648195158123932e-07
6 53 -1.7788527693798573e-06
6 54 6.0951052385502661e-07
6 55 -9.6725670408195838e-07
6 56 -3.3297286107661713e-06
6 57 -5.1316626230079570e-06
6 58 -2.1423977225661018e-06
6 59 -3.2289588200070139e-06
6 60 2.9962582949825474e-07
6 61 -4.9708437009595075e-07
6 62 1.1919545195336467e-05
6 63 5.0433413777332782e-06
6 64 1.4896543489353556e-05
6 65 3.8471009998635164e-05
6 66 4.7803781771645618e-05
6 67 9.6275122163551853e-05
6 68 1.3850334858519226e-04
6 69 1.5528686999562803e-04
6 70 3.6011129861471714e-04
6 71 4.2816837734792448e-04
7 0 3.9066827808423174e-04
7 1 2.7329170895106425e-04
7 2 1.1553899948875003e-04
7 3 6.4851616735208320e-05
7 4 1.7269219602266337e-05
7 5 4.0137106879601027e-05
7 6 9.0815056445151603e-06
7 7 -8.2342177639420066e-06
7 8 6.0688176191750223e-06
7 9 6.1406295826843968e-06
7 10 2.6828532460242253e-06
7 11 1.8333351416101400e-06
7 12 -1.5723146265513218e-06
7 13 1.9663314775373114e-07
7 14 3.4443564372376527e-06
7 15 3.5519673522770545e-06
7 16 1.1720325190826588e-06
7 17 1.6186957585506938e-07
7 18 -1.5802504616776392e-07
7 19 3.5274431914295356e-07
7 20 5.3906693251231217e-07
7 21 1.1101030198957931e-07
7 22 3.5883701673007012e-07
7 23 2.1270232218261098e-07
7 24 7.7904716531879924e-08
7 25 1.1456780655403272e-07
7 26 -2.3986430960127205e-07
7 27 -3.7563124910709188e-08
7 28 -1.5293019120933772e-08
7 29 8.3876017170604623e-08
7 30 -1.8896229692702286e-07
7 31 -1.1301535103311466e-07
7 32 -2.9209136729355587e-08
7 33 3.7166783734264471e-08
7 34 9.2605462410093433e-08
7 35 1.2840120911834655e-07
7 36 3.6769077021864056e-08
7 37 7.0521335321593791e-08
7 38 -1.6097480699509622e-08
7 39 2.8444212327123964e-07
7 40 -5.9886958719990426e-09
7 41 2.4572988486804923e-08
7 42 -1.7790156547255681e-07
7 43 1.4946231535385574e-07
7 44 7.8863709311469606e-08
7 45 -1.7979488688601275e-07
7 46 -3.8861787115278600e-07
7 47 -9.3065536165138594e-08
7 48 1.3464201542417705e-07
7 49 -3.4555367908381515e-07
7 50 7.4857191179858413e-07
7 51 7.9095501332992328e-08
7 52 7.1216024877970801e-08
7 53 -2.0219997500129427e-06
7 54 1.0241154338910751e-06
7 55 -2.9227793239472745e-07
7 56 -2.0526803826832977e-06
7 57 -3.4276286419708442e-06
7 58 -2.2571370439638534e-06
7 59 -4.3916427558076601e-06
7 60 -9.4422873768698581e-07
7 61 -2.1019043005719028e-06
7 62 7.6380929205967816e-06
7 63 6.2888503215902784e-07
7 64 9.0121213027541279e-06
7 65 2.1624610127553459e-05
7 66 3.1672021170056455e-05
7 67 5.8365115023750000e-05
7 68 7.8404343732913840e-05
7 69 4.8255850752596834e-05
7 70 1.8453163506252138e-04
7 71 1.7452441221640989e-04
8 0 -5.8975251327293927e-05
8 1 1.4317989019103705e-04
8 2 7.1044332763406463e-05
8 3 3.8363407536946638e-05
8 4 1.8634240486446728e-06
8 5 2.8934415727608206e-05
8 6 8.0909657930386103e-06
8 7 -1.0917714541523180e-05
8 8 7.5629814252665946e-07
8 9 3.6357675976799354e-06
8 10 5.1686881462786791e-06
8 11 2.8393467518495405e-06
8 12 9.9804078959114944e-10
8 13 -4.7571495266746067e-07
8 14 2.3973462473620617e-06
8 15 2.6099330113496219e-06
8 16 4.5953599152750741e-07
8 17 1.1736355497756711e-07
8 18 -6.6324551215775140e-07
8 19 1.7399569967557655e-07
8 20 3.9762973054664189e-07
8 21 1.2119274514525550e-07
8 22 3.4655722193227795e-07
8 23 2.1089592128305270e-07
8 24 1.6353934635785914e-07
8 25 2.1685227748831751e-08
8 26 -3.3753114562119380e-07
8 27 -7.0384181563702013e-08
8 28 -1.3679557202102305e-07
8 29 3.0588829360740531e-08
8 30 -1.6208869517533412e-07
8 31 -1.1635619682719285e-07
8 32 -6.4665932777055820e-09
8 33 4.9738268857435926e-08
8 34 1.1539086262548718e-07
8 35 1.0767417720633112e-07
8 36 -3.0837969060665243e-09
8 37 4.1717868331593468e-08
8 38 -5.6402941484377740e-11
8 39 2.6315343194919516e-07
8 40 1.0116979793878682e-08
8 41 2.1633384005016789e-10
8 42 -1.0374667576034606e-07
8 43 1.2477213248243987e-07
8 44 1.1743763090062258e-07
8 45 -2.0420160908358781e-07
8 46 -5.0214579604182715e-07
8 47 -2.6992130564495031e-07
8 48 -1.0569129130096379e-07
8 49 -3.6716225833484912e-07
8 50 5.2170178584520604e-07
8 51 -2.2998721999140493e-07
8 52 1.1908831871003239e-07
8 53 -1.7863899530118498e-06
8 54 1.2921120854662220e-06
8 55 -4.0076922703747248e-07
8 56 -7.7847875995239375e-07
8 57 -1.8839104036538764e-06
8 58 -2.3605026013653610e-06
8 59 -3.1224141682158842e-06
8 60 -1.1232477068868629e-06
8 61 -2.9606354566077291e-06
8 62 4.9425209528520130e-06
8 63 -2.1521144423458992e-06
8 64 7.3041568675343209e-06
8 65 1.2122397708421839e-05
8 66 2.0985182725940136e-05
8 67 3.3261743368108028e-05
8 68 4.9480926491405948e-05
8 69 5.9882987478174407e-06
8 70 8.9243441245377068e-05
8 71 6.0448296044880818e-05
9 0 3.2198477117661413e-06
9 1 7.5015011733862457e-05
9 2 6.9544615882664661e-05
9 3 1.8899783267568457e-05
9 4 -3.5604483425711125e-06
9 5 2.0933208577609419e-05
9 6 4.9663192652233890e-06
9 7 -8.1511377034804191e-06
9 8 -4.8198529221111455e-06
9 9 2.8131948910077451e-06
9 10 7.0340499403856696e-06
9 11 2.5061687768752062e-06
9 12 9.8920750608347521e-07
9 13 -7.0701068264623867e-07
9 14 1.7380624885851590e-06
9 15 1.5369073118519978e-06
9 16 1.8723491997512658e-07
9 17 3.8280210387367205e-07
9 18 -7.1747716171069078e-07
9 19 7.6931815037621201e-08
9 20 1.9018263823777550e-07
9 21 1.4218335350153547e-07
9 22 2.9217483007949245e-07
9 23 1.9233956469334919e-07
9 24 1.7437689643257861e-07
9 25 1.5753260417635166e-08
9 26 -4.7440658426440607e-07
9 27 -1.1422749213720415e-07
9 28 -2.7978165911435661e-07
9 29 -1.6743923193737911e-08
9 30 -1.0190416208839313e-07
9 31 -1.1825876195618752e-07
9 32 1.1986770572283824e-08
9 33 4.5362215814752791e-08
9 34 1.9589190353558336e-07
9 35 7.6934987658029350e-08
9 36 -3.1904124486904719e-08
9 37 3.3536112541094665e-08
9 38 2.2999839717620731e-08
9 39 2.2304308202651970e-07
9 40 -1.7983971266672109e-09
9 41 1.0543136696443298e-08
9 42 9.7678519544006738e-09
9 43 1.2739154753920284e-07
9 44 8.4029679629298568e-08
9 45 -1.2155110437491294e-07
9 46 -5.6130521716455680e-07
9 47 -4.8754334658222599e-07
9 48 -3.1927002851524588e-07
9 49 -3.5743531616406198e-07
9 50 2.7331031001726276e-07
9 51 -5.6554557444564337e-07
9 52 9.7835244016654032e-08
9 53 -1.4056791239506318e-06
9 54 1.1434720812399483e-06
9 55 -6.7782084422208824e-07
9 56 -1.4900075887471917e-07
9 57 -1.5343758825123982e-06
9 58 -2.9261692446915548e-06
9 59 -7.8127855788726466e-07
9 60 -1.4851303469577515e-06
9 61 -4.2691990877498566e-06
9 62 1.9023182379875773e-06
9 63 -5.1775040681746073e-06
9 64 9.6675695029166854e-06
9 65 7.3001348213043413e-06
9 66 1.2768383641719020e-05
9 67 1.3350972097031825e-05
9 68 4.1368183693678589e-05
9 69 7.8007557655820729e-06
9 70 3.7725376948798153e-05
9 71 2.1155368296020149e-05
10 0 6.0136494068625796e-05
10 1 3.5794621938136025e-05
10 2 7.1678672119122186e-05
10 3 5.9685830360262629e-06
10 4 -2.1783334998080911e-06
10 5 1.9685772643458869e-05
10 6 4.8127895553264529e-07
10 7 -7.7370168837955674e-06
10 8 -6.7233774210919226e-06
10 9 3.2823422169768045e-06
10 10 8.5652808715955909e-06
10 11 1.5928170368975875e-06
10 12 8.9089018203738589e-07
10 13 -1.2939177405192136e-06
10 14 1.1414685128947075e-06
10 15 9.9358291862448243e-07
10 16 2.6188332604661853e-07
10 17 5.2422915570495628e-07
10 18 -4.3077443903838753e-07
10 19 -1.8026456466108445e-07
10 20 1.2744572091688599e-07
10 21 3.7788210248021644e-08
10 22 1.9587520831494386e-07
10 23 1.3399843883526417e-07
10 24 1.7010381872801452e-07
10 25 5.6945185452377701e-09
10 26 -5.2292586540049583e-07
10 27 -1.0040456403398287e-07
10 28 -3.5914555754944006e-07
10 29 -5.5161366636282432e-08
10 30 -1.6936359618882491e-08
10 31 -1.0655778979964013e-07
10 32 4.4237638889685099e-08
10 33 8.7553998546595453e-09
10 34 2.2567156256638630e-07
10 35 5.2904241737802287e-08
10 36 -6.1623126746399612e-08
10 37 2.5666668072287851e-08
10 38 2.0657803175848724e-08
10 39 1.3703382051696675e-07
10 40 -1.9895947145350173e-08
10 41 3.9542216116448012e-08
10 42 9.2947153576225335e-08
10 43 8.2294699828646803e-08
10 44 -1.2164227323105702e-08
10 45 2.5105187681933178e-08
10 46 -5.1851721272335858e-07
10 47 -6.3308692197473514e-07
10 48 -5.0262585991540445e-07
10 49 -1.4377827066010385e-07
10 50 -5.3938928464140413e-08
10 51 -8.6820935520462437e-07
10 52 1.0119988014658300e-07
10 53 -1.0217828096252212e-06
10 54 7.8138978594903938e-07
10 55 -1.4949932687895984e-06
10 56 3.2610730082759116e-07
10 57 -2.3723037951606547e-06
10 58 -2.8418392285872920e-06
10 59 -4.2056511744718621e-07
10 60 -2.2734245215524286e-06
10 61 -3.5607085833915032e-06
10 62 -2.6078780737638874e-06
10 63 -6.1297623955107492e-06
10 64 1.0378348640057609e-05
10 65 5.6213338280440688e-06
10 66 7.7188376397561780e-06
10 67 1.1718681369322400e-06
10 68 3.4673098012671972e-05
10 69 9.6288071331869465e-06
10 70 2.2197311344286958e-05
10 71 1.8242525745942813e-05
