0 7.8981664028347975e-01 -3.2313112267776231e-04
1 1.1402383348097933e-02 -7.1060229553168683e-05
2 5.4838535740887461e-04 -3.6714257713802882e-05
3 5.6720670319964844e-05 -1.0609855455011593e-05
4 1.0892870075843067e-05 -2.0543070471975592e-06
5 3.9808638802986042e-06 -1.9838580110146741e-07
6 1.8242869696025076e-06 2.9288505545162169e-07
7 8.2336648098145155e-07 2.8804741998636780e-07
8 3.7819280842554967e-07 2.0548322120553815e-07
9 1.5364456603596799e-07 1.1590238802829058e-07
10 7.0232857834127026e-08 4.6879177745628624e-08
11 2.8798928513138895e-08 1.9286327895019276e-08
12 1.3511527662637855e-08 7.8903120981198549e-09
13 7.5982076584059389e-09 4.1774901863825804e-09
14 4.5615710606518656e-09 2.6643406540910737e-09
15 2.5660432208144745e-09 9.0687270109402383e-10
16 1.0975693191365012e-09 3.4139579376503487e-10
17 2.4334610997597008e-10 1.8609860668206821e-10
18 -9.9406363199533073e-11 -1.1161139584299030e-11
19 -2.7366110140027818e-10 -7.0268926006164868e-11
20 -1.9335034298087818e-10 -5.7204374927685505e-11
21 -1.1344405750589594e-10 -5.0276147721680096e-11
22 -9.4525339050125684e-11 8.9709760167882467e-11
23 -1.2047545275830177e-10 8.6580330079324821e-11
24 -8.3737412609994926e-11 4.8556462116372523e-11
25 -4.3944945010948308e-11 -9.9725211901868077e-12
26 -3.1684918741342300e-11 -1.9511690100654796e-11
27 -1.4745500244107966e-11 -2.0346131845938037e-11
28 -8.8636405849228791e-13 -1.1920945419126423e-11
29 4.7344086410058679e-12 -7.5186411768172223e-12
30 2.4532748341681634e-12 -6.7227967735913746e-12
31 -1.5795828228770527e-12 -2.1081622259763650e-12
32 -3.6066466334462821e-12 3.5018781055084422e-12
33 3.9334898049814003e-13 2.1083530311350263e-12
34 6.2810276284158571e-13 1.0722061868794152e-12
35 -1.2242100912535139e-12 9.1307883430942434e-13
36 -1.4616101584221403e-12 -8.3029801614887874e-13
37 5.8051290274958549e-13 -1.4603855029801779e-12
38 1.6163015862816353e-12 -1.2568087718552383e-12
39 1.0101715146633344e-12 3.3149517965870226e-13
40 1.0432966659794794e-12 7.9279290055466050e-13
41 -9.8483818138102932e-14 -3.5296417748528968e-13
42 -2.1821634395828194e-12 -6.2959614751475728e-12
43 2.4888782089494403e-12 -1.2590727582765510e-11
44 9.7959432308051707e-12 -1.5280750923609426e-11
45 1.7120320800802200e-11 -1.8238051015934312e-11
46 3.3103042355446055e-11 -1.3542148898814795e-11
47 4.2713501981845071e-11 -3.0250860007597049e-12
48 5.6731660190476608e-11 -1.6133636285416301e-11
49 7.0098026763470057e-11 -2.7077594693562948e-11
50 7.8020978669974344e-11 -3.8367697931640387e-11
51 1.5223222722276461e-11 -5.6291094961987056e-11
52 3.7545916195074737e-11 -4.3073073262063455e-11
53 1.0190736975662080e-10 -9.9465522507708577e-11
54 4.0318034882046454e-10 -2.9025993568028399e-10
55 8.2050435640720387e-10 -7.6355967161107970e-10
56 1.3098441757465311e-09 -9.1776581808311183e-10
57 1.0499971445169930e-09 -2.4291962521596192e-09
58 -8.9891040088767199e-11 -4.7372374099280641e-09
59 -7.8247796863295771e-10 -9.4884559393116412e-09
60 1.2051934733009825e-09 -1.8754830124922782e-08
61 -3.0949412284391283e-09 -2.0370580259563975e-08
62 8.7737563965568655e-09 -1.2440750742286373e-08
63 2.7886094490227266e-08 -9.1415447335969420e-09
64 7.4213273105663220e-08 -2.1296638493201182e-08
65 2.0096263495157960e-07 -6.6880817484154781e-08
66 4.8399401717605098e-07 -7.4413827937644828e-08
67 1.4168812125797015e-06 2.1084305822439531e-07
68 5.2929128026782017e-06 1.8860384365351506e-07
69 3.2952056257172395e-05 8.4834004731313760e-07
70 2.3867183147065099e-04 1.4863533792245902e-06
71 3.9688042071436939e-03 4.0123265643769828e-05
