0 4.4229064158750878e+05 1.4011721163988864e+03
1 2.1048234042090207e+05 4.9281449170488377e+03
2 1.1378535705717854e+05 7.5404827303041839e+03
3 6.2307251148938813e+04 4.7853996127042674e+03
4 3.4984452692778723e+04 1.3620977116930521e+03
5 1.9070152740043064e+04 -5.5155868322328649e+02
6 9.7924501117853470e+03 -1.9567531000330077e+03
7 4.8035963249782017e+03 -2.3791095393057203e+03
8 2.2210423322016823e+03 -2.2518312990710074e+03
9 1.0076777874580324e+03 -1.7801076830159523e+03
10 3.2774198884774864e+02 -1.3851889467147166e+03
11 -2.8496567323342526e+02 -9.1484525107545278e+02
12 -4.3546061412433596e+02 -5.1057770755093748e+02
13 -4.6051284606686261e+02 -3.2228620157147361e+02
14 -4.5852381516431387e+02 -2.3400651951284544e+02
15 -5.2892151728042688e+02 -1.6965798516831188e+02
16 -4.4681455569780240e+02 -1.4347754022528130e+02
17 -3.7883221391218854e+02 -1.0610644040035729e+02
18 -3.3876831763341880e+02 -1.0147736296908086e+02
19 -2.8106712351467235e+02 -6.7480693023084427e+01
20 -1.9620242002852893e+02 -2.0501540205092191e+01
21 -1.1816521948988549e+02 7.2940648965776322e+00
22 -5.1060040432085607e+01 2.1819890744933890e+01
23 -1.2329263371184430e+01 2.3012714430553743e+01
24 2.5492272955524884e+00 1.5705592337943587e+01
25 7.9526831358969474e+00 1.2789363641599804e+01
26 5.9429352148786769e+00 9.7781968051386006e+00
27 3.5637484694532926e+00 3.4873996010756376e+00
28 2.8897011907374379e+00 -2.8734554350746966e-01
29 1.1397413833101826e+00 -1.6905243923042477e+00
30 1.0920103962182459e+00 -2.0235884973279683e+00
31 2.9650639493227338e-01 -2.8397095208418861e+00
32 -8.7843263404933791e-01 -3.3509909937131743e+00
33 -7.1369692590120115e-01 -2.7967240926584749e+00
34 2.1365001407351378e-01 -2.4874902779213515e+00
35 1.3079695643326530e+00 -1.6847307588362526e+00
36 2.3448618322479478e+00 -1.1872911996108186e+00
37 1.5968580746785319e+00 -7.0502569902493861e-01
38 3.0025743670472471e-01 6.5752730001766657e-01
39 -4.5671320065917298e-01 2.2133299943455311e+00
40 4.1106957646523834e-02 2.6548946537639075e+00
41 -1.0654352885442966e+00 1.4305486837422294e+00
42 4.1280688977962265e-01 -1.6582155163123895e+00
43 5.2391293265315122e+00 -6.8944650181415099e+00
44 8.9120969447203038e+00 -6.3071240481563384e+00
45 8.7648571709005605e+00 6.5007368762153064e+00
46 1.1725805626852885e+01 2.5579000777264447e+01
47 8.2275138838127777e+00 3.7646082189266565e+01
48 8.9833176126366929e+00 3.5211038373327774e+01
49 9.7346075250701460e+00 2.0721951913952651e+01
50 2.0973926189617622e+01 -1.3528358993279749e+01
51 2.6781797423913972e+01 -4.9947541441620416e+01
52 2.6202995825042297e+01 -7.0985416236508414e+01
53 2.0755877142697869e+01 -7.3139254580170032e+01
54 -1.0470561335985682e+00 -7.0835303478465249e+01
55 -1.1752543761635081e-01 -8.4711896342121122e+01
56 1.7528248260310953e+01 -1.3389883618887166e+02
57 -1.8091509735121583e+01 -1.9408933820406241e+02
58 -3.0618718458570001e+01 -3.1944653380413990e+02
59 9.3791632381794827e+01 -4.2677856452732937e+02
60 -3.2123490228222700e+01 -5.7012924079914990e+02
61 -4.8325735529703638e+02 -6.4778134204569960e+02
62 -4.9609666656866710e+02 -8.1773959381230611e+02
63 -4.2826813424447244e+02 -1.2681655933871596e+03
64 1.8481435905794558e+02 -1.4090229682341189e+03
65 1.1230336994099398e+03 -1.0153888505417747e+03
66 2.1533896964490018e+03 -5.0220433916566532e+02
67 4.5218042813428956e+03 -1.5477754017902589e+03
68 7.7442078225052337e+03 -3.5389256126451301e+03
69 1.5391477080577886e+04 -2.9152188282131747e+03
70 3.8009732074829022e+04 -1.5995937116260989e+03
71 8.4946683069076651e+04 -1.2258590022159729e+02
