0 9.8710165593109733e-01 -8.3689312685432821e-05
1 1.6450379367799067e-02 -8.9362670849904194e-05
2 7.0487656877564757e-04 -2.6955164684836249e-05
3 5.9481618167734491e-05 -4.3397555240900103e-06
4 1.0838793399458308e-05 -8.4085936264291817e-07
5 3.2809094631164555e-06 -4.9315315727400225e-07
6 1.2103046024176015e-06 -3.0846735407856182e-07
7 6.1165712584970164e-07 -2.0403639766763957e-07
8 3.3550791036265637e-07 -1.3761952399029322e-07
9 1.7162800799590474e-07 -1.0565628895202897e-07
10 6.5973344165032639e-08 -7.2646828356551121e-08
11 2.9783853587208241e-08 -3.2871972821243139e-08
12 2.4066283166917000e-08 -1.8487739696473750e-08
13 3.4604651894729818e-08 -2.2764512336073440e-08
14 4.1832051180054753e-08 -1.7119498253774300e-08
15 3.9461556287511362e-08 -1.4103093229817595e-08
16 2.5916461047559348e-08 -1.5278562025588012e-08
17 1.4333522274181653e-08 -1.2482176595560600e-08
18 1.0988482754735245e-08 -7.1763751711169984e-09
19 7.0837980542486073e-09 -4.4988584716548058e-09
20 5.3753903803645724e-09 -2.6489698618205861e-09
21 3.5176925370184827e-09 -1.7049903536443148e-09
22 2.0793802931337164e-09 -6.2451825676683050e-10
23 1.2009783855792062e-09 2.1728387779513988e-10
24 4.8412810376808022e-10 -1.6891959571913379e-11
25 4.9399847615711057e-10 -1.6399328219666202e-10
26 4.4034426814547011e-10 -3.9983291754955864e-10
27 3.8386827133362079e-10 -3.5480872760835503e-10
28 2.3959064373700504e-10 -1.2845103631956418e-10
29 -9.9198732315721523e-11 3.3898900175848297e-10
30 -9.9618198864678527e-11 2.8589738023110013e-10
31 -1.2443400550566471e-11 1.7965433074105826e-10
32 6.0142454173692723e-11 1.1197414779986351e-10
33 6.3651663448799021e-11 3.7912335893258190e-11
34 1.0266836645700705e-11 4.8372502281701902e-12
35 -5.8222752656401969e-11 -1.9100294057418153e-11
36 -1.0294503895850008e-10 -3.8084477358899630e-11
37 -1.6160694213945418e-10 2.2151485995139888e-11
38 -1.5939004859553316e-10 1.1254378376684744e-10
39 -5.5998660014307552e-11 2.9416687618415270e-10
40 -1.7009769368594690e-11 3.8641905392473109e-10
41 -8.7937967695054050e-11 3.7937699590562529e-10
42 1.2920506401865706e-11 3.4797487711961603e-10
43 2.8127477469252034e-10 3.3787954617897672e-10
44 6.7647489960505006e-10 1.6757558291929333e-10
45 8.5964428420907771e-10 -3.0246721143229231e-10
46 5.5044225962143681e-10 -8.3581949072250330e-10
47 4.8572471515500338e-10 -1.5082401862295397e-09
48 -3.6477020599846320e-10 -2.2313153690201288e-09
49 -5.0914790286982341e-10 -1.4743835298380633e-09
50 -4.4733207584699343e-11 -1.1954613523799836e-09
51 8.1600514378149941e-10 -2.7262577265953474e-09
52 2.4692822262917938e-09 -3.2472289365644397e-09
53 3.4327687374811028e-09 -2.3963971730795658e-09
54 1.9452490548344548e-09 -4.2318068668885266e-09
55 -5.1338997188918475e-09 -1.9393961750910289e-09
56 -1.0714991859238479e-08 -1.1992739558173296e-09
57 -1.6108300128795718e-08 3.0720969485375278e-09
58 -1.8497658804800614e-08 6.3788522221881501e-09
59 -2.2884237137306136e-08 2.2834795420994889e-08
60 -2.5864173799841137e-08 4.4731404240830302e-08
61 -3.8263076246205413e-08 5.5175309191864012e-08
62 -5.8712530630186339e-08 7.7038789368365359e-08
63 -7.6461780777552961e-08 7.3904995916673145e-08
64 -5.1404213244369164e-08 6.2287524874922780e-08
65 -4.9859811242285318e-08 9.2935601580974539e-08
66 2.0119972395323354e-09 1.3507350334037887e-07
67 4.1618907698537143e-07 3.2602304940274955e-07
68 2.6369385755274537e-06 -2.3943859935894237e-07
69 1.9987591253161885e-05 -1.3696763912304351e-06
70 2.4761752703161225e-04 -2.9144923624759210e-06
71 4.5987622532049728e-03 9.1310046589682739e-06
