0 1.0372431376824154e+00 -9.9752589516708388e-05
1 1.6286998725840534e-02 7.5167613795145576e-05
2 6.8429731448313099e-04 6.1484067567959770e-06
3 6.4769968254224278e-05 -1.9112531968541314e-06
4 1.4933492081938003e-05 -7.2610816990100198e-07
5 5.6025772699214761e-06 2.5574548627822606e-07
6 2.7988128755331552e-06 2.8888161354172808e-07
7 1.4427916013665809e-06 1.9270864692252809e-07
8 8.1521476897146001e-07 1.4863081469591085e-07
9 5.0218735608014034e-07 1.4447752468246223e-07
10 2.8477065334481485e-07 1.2410643188462214e-07
11 1.8393354874486517e-07 9.6613660123004250e-08
12 1.3083739088430521e-07 8.6254786499440396e-08
13 9.9199700745238975e-08 7.0905574060723874e-08
14 7.3745752089805905e-08 5.4936186603948272e-08
15 5.1481424901944054e-08 5.3452116804073486e-08
16 3.8090274822590363e-08 3.2029942209976031e-08
17 2.6246869402408371e-08 1.6961150663649031e-08
18 1.5138349165797414e-08 8.3380944451328125e-09
19 8.1557447400904830e-09 3.6169323923947825e-09
20 5.7551690054949114e-09 1.0447586846429233e-09
21 3.7464066897032391e-09 -4.5230481625075977e-10
22 2.6880343828375979e-09 -1.0103052232090015e-09
23 1.9044746564747273e-09 -1.5784375783337296e-09
24 4.8488708806481699e-10 -1.3537707288824233e-09
25 7.6670762781793438e-12 -1.1990226512664233e-09
26 -2.8968568007963852e-10 -1.2347509875488601e-09
27 4.0071046544560644e-10 -9.4839926368893640e-10
28 8.2369703347690457e-10 -6.2783726446665844e-10
29 7.6353221106843060e-10 -4.7787450446090399e-11
30 6.8340000129809592e-10 2.5948990417701577e-10
31 3.2874723062422781e-10 5.5131900354415181e-10
32 2.0337105405286777e-10 7.2120472413372663e-10
33 1.8000740682249153e-10 7.6249957036168188e-10
34 -5.1061748464650463e-12 4.7036189547029073e-10
35 -2.7429031720764756e-11 1.9054091403420125e-10
36 -3.7608669168828430e-11 3.8698273272980071e-12
37 -9.3774858455962080e-11 4.0272374008913117e-11
38 -5.8540189513833402e-11 8.3595035163383174e-11
39 3.3192673495007719e-11 7.1728035326226544e-11
40 6.6978646622430474e-11 1.2859950588536798e-10
41 7.8458834184035452e-11 1.9191131449486588e-10
42 1.6640198715552728e-10 1.9889987231113061e-10
43 3.3751357259823286e-10 1.5307154190696430e-10
44 4.6954454267198991e-10 1.6302755034892270e-10
45 3.6068503680733999e-10 2.5601151431351010e-10
46 2.2960602900793465e-10 2.2099078523908788e-10
47 -3.3061086097814767e-11 2.6431718384488089e-10
48 -1.7841499200187948e-10 2.4040397837166603e-10
49 -1.2546604954952815e-10 5.2714288127926884e-10
50 -1.7192662678613089e-10 9.3519802326730315e-10
51 -4.0685801215826596e-10 1.0134727631994954e-09
52 -6.1221791146834048e-10 7.7532634918894457e-10
53 -1.5604839147098661e-10 8.1944498516851292e-10
54 2.0442389099823040e-09 1.3928831643572924e-09
55 3.5543502020437030e-09 2.5609515732915879e-09
56 6.6091688309847471e-09 3.8276752070679062e-09
57 8.8754462630039303e-09 3.1173178345258920e-09
58 8.1322439649056876e-09 5.1898307798675103e-10
59 4.7548653258203207e-09 -6.1009526289946567e-09
60 4.4913900478075815e-09 -7.3814127975296972e-09
61 -1.3996810622321932e-09 -2.8296487582822808e-09
62 -2.8843917501131074e-09 -2.6702207655191037e-09
63 -9.8248409243069447e-09 4.9281513289913948e-09
64 -8.0391433485252266e-09 1.5524742967096465e-08
65 5.0501203695299930e-08 4.0096834414086745e-08
66 2.3658061690383734e-07 4.3797033904171857e-08
67 8.9423919313224337e-07 1.2070874501538983e-08
68 4.6798408442258308e-06 5.2015176833131458e-08
69 3.1238355809043803e-05 1.3751327450856567e-06
70 2.8942694202760476e-04 9.2333366995049142e-06
71 4.3721411015937937e-03 9.0961468862009979e-05
