0 9.8836322600477411e-01 3.0243667628355989e-05
1 1.5114472804184351e-02 -4.4958844996634864e-05
2 6.0582322664246555e-04 -9.7157608178812902e-06
3 4.6639361133439029e-05 -2.2173567492838160e-06
4 6.9796949558866053e-06 -5.0339031519545099e-07
5 1.6854284997523075e-06 -1.2046116469912405e-07
6 6.1608415507543668e-07 -4.4761352526843726e-08
7 2.8975412255731304e-07 -2.9992683397928883e-08
8 1.5946029598396190e-07 -3.0113666328811030e-08
9 8.5359400783723626e-08 -2.2312037165320618e-08
10 4.5393797911670621e-08 -1.6199743360976934e-08
11 2.2886531628581609e-08 -3.3653324721094872e-09
12 1.2816736451850316e-08 2.1843763058101459e-09
13 7.9820445629741543e-09 2.4598158159744439e-10
14 6.7347695241956373e-09 4.3239640403611930e-10
15 6.1171773345098599e-09 2.6076126692912921e-10
16 2.9576208013927544e-09 -6.2559381886442739e-10
17 8.2697396058721081e-10 -1.2751051625703642e-09
18 -4.6950385068507292e-10 -1.6518193863628690e-09
19 -1.3353434482706138e-09 -1.6208901109147009e-09
20 -1.5983106807581124e-09 -1.9051587494417107e-09
21 -1.3655501425957367e-09 -1.7735103440920826e-09
22 -1.0490014489103714e-09 -1.4383355871218882e-09
23 -8.0433028354740403e-10 -9.8145085488042312e-10
24 -6.0045814426402755e-10 -4.3075728820781559e-10
25 -3.1761136733803581e-10 -1.5184461364996674e-10
26 1.3892542738154534e-11 -2.0296831700524313e-11
27 1.5430772395167199e-10 -4.1494775499867558e-12
28 1.8417516052530206e-10 -3.9666805414720960e-11
29 1.5653287230299975e-10 1.5017642933350717e-14
30 1.5388114988634548e-10 2.5878201950455754e-11
31 1.5277675012667218e-10 2.0740179848408165e-11
32 1.0627628271235345e-10 2.8417134803790298e-11
33 6.7850876478408120e-11 2.9991388410629844e-11
34 5.0488743885392417e-11 4.3659645397920600e-11
35 3.4291225157904657e-11 5.2096146262679661e-11
36 2.9534211793959851e-13 4.6309461162377543e-11
37 -2.7149775417201344e-11 2.4161396072132575e-11
38 -2.6082196981593787e-11 2.3287204419731624e-11
39 -1.5911621083981714e-11 6.7870486250012410e-11
40 2.7274814892945859e-11 1.1524603835985056e-10
41 4.9055610837067336e-11 1.4762375721984198e-10
42 6.8316304601465256e-11 1.9324248332430005e-10
43 1.0594594040454018e-10 2.6830875944770788e-10
44 1.1194687568488016e-10 1.6317775400259474e-10
45 9.1121885669904369e-11 5.1717030202717484e-11
46 -8.9322682188713132e-11 -1.3210083655633173e-10
47 -4.3556635756323763e-10 -3.5982053722846087e-10
48 -5.7697643968318762e-10 -8.3189507986612402e-10
49 -5.9111782849337227e-10 -1.8250257162590234e-09
50 -5.4523443325796248e-10 -2.8456895087327808e-09
51 -8.5226764835716788e-10 -3.4563730479504510e-09
52 -1.1331856257907652e-09 -2.6489753663389478e-09
53 -1.0973073512224309e-09 -1.3896931843771330e-09
54 -1.6958510014685951e-09 -1.3496178836225149e-09
55 -2.4361233394390715e-09 5.4662584249559551e-10
56 -2.4302419910122470e-09 2.2454559487691819e-09
57 -2.5330521288105323e-09 6.2945976391278526e-09
58 -2.7318161363690762e-09 9.9812463260830355e-09
59 -3.9890055793010669e-09 1.0872814719188954e-08
60 -6.3307728012529240e-09 1.2434020602787275e-08
61 -7.6222291005591730e-09 2.4147559298703264e-08
62 -9.4296122488310784e-09 3.2710343162697824e-08
63 -5.2133100657731420e-09 4.5309912485088376e-08
64 7.9968142832538285e-09 7.8249448783058175e-08
65 2.1553353141639722e-08 9.8064667705106656e-08
66 9.3366719350897458e-08 1.5480206730207489e-07
67 5.5041707619318318e-07 2.5137520471372006e-07
68 3.1784307230269031e-06 3.7942542104858710e-07
69 2.4428211463159687e-05 1.1725443226356665e-06
70 2.4832208049817425e-04 6.0121869863143439e-06
71 4.3242581662229201e-03 3.1033086701610043e-05
