0 5.0244510530828917e+05 -6.0679613743466725e+03
1 2.5493841707353079e+05 -5.2037910261751972e+02
2 1.4645944776947770e+05 1.6775373188675480e+03
3 8.1788160839487959e+04 3.0089832002184876e+03
4 4.6395693263574540e+04 5.7648051974644040e+03
5 2.6352277693000229e+04 3.1964679317758814e+03
6 1.4785120741668092e+04 1.7282196034828817e+03
7 8.5536236380933824e+03 1.9302248131995466e+03
8 4.7320303346128230e+03 9.5125595889435635e+02
9 2.8263783385237816e+03 2.9004768906265747e+02
10 1.9806305142138135e+03 1.2753439611195657e+02
11 1.2427696095751016e+03 2.3511461410365382e+02
12 8.9887445373408605e+02 5.0572778734072926e+02
13 6.4279054271027826e+02 5.1605274999984476e+02
14 5.0892339568140954e+02 3.5647309392030127e+02
15 2.4899023081412537e+02 1.1349736464282481e+02
16 1.1899846353465749e+02 -6.0849310700643827e+01
17 2.1399299699942382e+01 -1.0012461234717898e+02
18 -1.6987018904561410e+01 -7.5939458828860737e+01
19 -3.6252266758213892e+01 -5.5586193976490804e+01
20 -2.1540515431524771e+01 -7.7076858722785516e+01
21 -1.9474369450109283e+01 -8.1730486225787047e+01
22 -1.3582685833941996e+01 -5.0388260146621811e+01
23 -6.5944644018953769e+00 -4.3232811613946460e+01
24 -5.5330708268352105e+00 -3.3565722671879975e+01
25 -4.5563368220859246e+00 -2.0552722251729392e+01
26 -6.2032083990453124e+00 -8.0859636995192439e+00
27 -1.4268979664322337e+00 -6.5192816103192586e-01
28 3.1729288230140362e+00 3.6601715807377824e+00
29 5.0361927835840969e+00 1.5683264105862631e+00
30 8.3397227585853173e+00 -1.2896930656865844e+00
31 5.3600857907764006e+00 -1.9645909095447145e+00
32 2.3316063964535103e+00 2.6593246702637974e-01
33 6.7567303818964003e-02 9.2105073194280607e-01
34 -4.0054305039927796e-01 9.0467426524774386e-01
35 5.1398467067808928e-01 7.4470151222788231e-02
36 1.1419540347861588e+00 -3.8232972055547210e-01
37 7.8480380187262200e-01 -3.9964965193525109e-01
38 -5.9004543200660220e-01 -6.1554408518295334e-01
39 -1.5771518427804301e+00 -1.2339055501140692e+00
40 -1.4369916274687711e+00 -1.2907694644103256e+00
41 -1.4864772275429812e+00 -1.7944613177432354e+00
42 -1.2313456695251692e+00 -2.2376624694570197e+00
43 -4.8453897479131175e-01 -2.4217734319143185e+00
44 1.2141090103963312e+00 -3.0091272847238901e+00
45 4.9117802143107738e+00 -2.3521171692901417e+00
46 6.3069895411704469e+00 8.9160827526557118e-01
47 5.7387874434649069e+00 3.4698737704133125e+00
48 6.1958922795436218e+00 5.7477166229366032e+00
49 2.9651807627667992e+00 1.0695390309694563e+01
50 -2.6150952562466792e+00 8.8316982464368223e+00
51 -6.6612087328289178e+00 5.2850499590588997e+00
52 -4.4212755309184981e+00 1.5370010873074687e+01
53 -2.7733076401666246e+00 2.3559327919259257e+01
54 1.5751726350137627e+01 2.1819348220037426e+01
55 3.8755308555497656e+01 3.0373555986734850e+01
56 3.8719978743308772e+01 3.8553899059707618e+01
57 4.4349425495709241e+01 4.4422085979277135e+01
58 8.7584914314152286e+01 2.0401240008256039e+01
59 1.1856991753075683e+02 1.8917261434386461e+01
60 1.0272252471635736e+02 1.4477201241480969e+02
61 -1.6583372570879703e+01 1.7411117951669090e+02
62 -4.0321130786916922e+02 1.4520940576853641e+02
63 -4.1231427198885353e+02 -3.2674004439174308e+02
64 -6.5877964635872786e+01 -4.9057472481384059e+02
65 3.2906278205289266e+02 -3.1463672800892448e+02
66 4.8809595816585147e+02 -1.7266052555156568e+02
67 1.4285955529668488e+03 -6.6733434703205501e+02
68 4.4824261605358633e+03 -6.9272108761118375e+02
69 1.3411461275975777e+04 6.5029488841906675e+02
70 3.3972177958124397e+04 1.2435673873171258e+03
71 7.8034252088423658e+04 3.6536818232342675e+03
