0 1.0049655569304869e+00 6.0761249509530947e-04
1 1.5794782798599145e-02 9.3331844571013377e-05
2 6.2711813154198355e-04 1.8062933886567874e-05
3 6.1253280309682764e-05 3.6227405968477190e-06
4 1.5536420772244428e-05 1.6198906172045634e-06
5 6.7863084814809473e-06 8.1724332568890791e-07
6 3.8947807490305778e-06 1.7658140779282475e-07
7 2.3731637837772171e-06 -1.3091596188472594e-07
8 1.3457391792818720e-06 -2.8322454576302151e-07
9 7.6353384464293584e-07 -2.6598216303191103e-07
10 4.2150943521721343e-07 -1.6942735051260112e-07
11 2.5306816695000187e-07 -1.1065053476649204e-07
12 1.7012222550354247e-07 -6.2211238535597928e-08
13 1.1207239484621948e-07 -2.5564641654641572e-08
14 6.2562156845703461e-08 -1.4757493484156601e-08
15 2.6127031252420867e-08 -2.9723040532628489e-09
16 9.4819141865862929e-09 1.4991819119334208e-09
17 1.4610229134819157e-08 5.3288817557326897e-09
18 1.9514842251792156e-08 9.4575699173736595e-09
19 1.5869037958213734e-08 5.6724995645137738e-09
20 5.5917662259241932e-09 4.4574203510319333e-09
21 -4.7429816451945387e-10 2.1413070285039092e-09
22 1.9390141942364520e-10 6.4142549568232559e-10
23 -4.2841040427912535e-10 -2.5193282304568965e-09
24 2.9475136294716470e-10 -4.8910439922294237e-09
25 4.7588099493038004e-10 -5.8803544624710903e-09
26 3.7081723037383596e-11 -5.1365767397708106e-09
27 -6.0372158405843705e-10 -3.7731523235415642e-09
28 -1.1987326258024767e-09 -2.9795376742240305e-09
29 -1.7351031379545311e-09 -3.0731429199559586e-09
30 -1.2242603111032273e-09 -2.3571562116529203e-09
31 -1.1404616828771243e-09 -1.2034320789064157e-09
32 -1.1066972885057245e-09 -2.7278869506762912e-10
33 -7.6924295021032166e-10 2.0616213113450852e-11
34 -4.2368767957826560e-10 -1.7838285566400839e-10
35 -1.1360705166198850e-10 -2.5660247460836678e-10
36 -8.0555904769816921e-11 -3.3885541956072125e-11
37 -2.6039869401795425e-10 2.5452694836659887e-10
38 -4.4422603562503322e-10 -2.9217345804208594e-11
39 -5.1698617199571849e-10 -3.5330676966410561e-10
40 -4.4197946311363597e-10 -5.2271410027474226e-10
41 -5.4409144567012172e-10 -3.6602909722564631e-10
42 -5.0068431558273247e-10 -1.3338912532350824e-10
43 -4.9120255526637493e-10 9.4131795159813593e-11
44 -2.4989424158022782e-10 2.8667770013211271e-10
45 -1.0829015992209229e-10 5.0275030397564430e-10
46 -6.9147584145709638e-11 6.3090038520715179e-10
47 4.7573954461527612e-10 8.0156520930748462e-10
48 1.1582630727541526e-09 1.3192666547828457e-09
49 2.0608189292604090e-09 1.4074160575832730e-09
50 3.2425343274041762e-09 1.4585792092109844e-09
51 3.6346278242494916e-09 3.6224050063930260e-10
52 3.2871105067282726e-09 -2.3898822884189436e-09
53 6.1910228143728302e-09 -1.3040760610668288e-08
54 1.1660914522449588e-08 -2.6716730958293822e-08
55 -4.1507980296725125e-09 -3.1183682005512161e-08
56 -1.3893628526970589e-08 -2.5994154960980641e-08
57 -1.8194428081534771e-08 -2.1026889341730282e-08
58 -1.8095558650832055e-08 -4.6040308163671369e-08
59 -8.5090007715213235e-09 -6.7305899624680021e-08
60 3.6004744202603083e-09 -9.0363136872410203e-08
61 5.6109448059837041e-09 -1.3483246131146320e-07
62 -1.9800468909460959e-08 -1.6503899082362343e-07
63 3.6517364770064703e-08 -1.6508405870214703e-07
64 9.2523571510091057e-08 -2.4316896825658893e-07
65 2.4533874076919256e-07 -3.7361309490689819e-07
66 5.3328026708603847e-07 -4.4036142972183804e-07
67 1.5081737355473270e-06 -5.0560814241675966e-07
68 5.1087119227516568e-06 -6.2757118686751983e-07
69 2.6779161754374959e-05 -1.0319413175078368e-06
70 2.3172531047490895e-04 6.0712688514238438e-06
71 4.2024910251986401e-03 2.0967002734942777e-05
