0 4.7710259521973057e+05 -7.0719529208752183e+03
1 2.3755630659480277e+05 -4.5508738176079387e+03
2 1.3718624559484623e+05 -5.9460674967706818e+03
3 7.5235178608789589e+04 -6.8608945800119618e+03
4 4.1511018322198208e+04 -3.5063488542332007e+03
5 2.4116911750806321e+04 1.5118944780114546e+03
6 1.3853570413288462e+04 3.7216481471053703e+03
7 7.5683744948717249e+03 3.1295570976019712e+03
8 4.2289380603066620e+03 1.9061561300287733e+03
9 3.6892096998940233e+03 1.1215470228685551e+03
10 3.0107781338435934e+03 2.6977631285394557e+02
11 2.1207281252693797e+03 2.5630960529843406e+02
12 1.3784138885137368e+03 2.7359500552379404e+02
13 8.4668949227843029e+02 2.5520139425243116e+02
14 4.7323425620299844e+02 2.3988370584659353e+02
15 2.8745349401991638e+02 1.3258293800841199e+02
16 1.3451943627050574e+02 -3.5138747292332262e+00
17 4.6247168134053382e+01 -6.4265835013538890e+01
18 3.9648537363873587e+01 -1.5608813653578373e+01
19 3.8829055642289141e+01 2.6910815259694239e+01
20 -6.0125003202317373e-01 2.9824750199709293e+01
21 2.7669803637124373e+00 9.1484341865469521e+00
22 3.4052578302480924e+01 8.2524227197930102e+00
23 3.7109138115924551e+01 1.8130874347461102e+01
24 2.8370824833096933e+01 -3.3850122618220913e-01
25 3.2683594507391021e+01 -1.4179826655601090e+01
26 2.1752831034896637e+01 -6.9451580570553713e+00
27 1.6455226630875327e+01 1.2161317175248085e+00
28 5.5804609372029432e+00 8.7421609167263803e+00
29 5.9601578085574314e-01 1.1802698523361826e+01
30 -2.5567029801466807e+00 1.0289751811233174e+01
31 -4.5844713057937980e+00 8.9647493349062657e+00
32 -4.1306504046511172e+00 7.5981682854316617e+00
33 -3.1307592022359030e+00 6.5411826588771866e+00
34 -4.4905674590435058e+00 5.5014098662997535e+00
35 -4.6192943367033568e+00 1.5289983653896266e+00
36 -4.5965882675283787e+00 -1.9838502398074440e+00
37 -2.8341542973094365e+00 -1.8096329792149461e+00
38 -1.3453834956672370e+00 -1.0794282689986709e+00
39 1.0745389929474518e+00 -2.0760480687535585e+00
40 4.3113007805963122e+00 -3.9162528127137239e+00
41 9.7288760168016211e+00 -4.8484302298192379e+00
42 1.8934288403003166e+01 -1.2926881024621325e+01
43 2.6049511787503203e+01 -2.8063448406699209e+01
44 1.9438970115173571e+01 -2.8750291707284987e+01
45 1.7065480883030858e+01 -2.4926307893170176e+01
46 5.6650008438024564e+00 -2.9247121148286077e+01
47 -1.7029251697394905e+01 -2.4415794473482585e+01
48 -2.0808598260397211e+01 2.9218647104921445e+00
49 1.2372772598823749e+00 4.3999204753102390e+01
50 2.3299454092256234e+01 4.8514262904843534e+01
51 1.4720791641348796e+01 2.2701144014355506e+01
52 1.9329475340724187e+00 -2.1328413688502977e+01
53 6.2520001859258009e+01 1.4637411438382998e+01
54 1.3624612632146773e+02 9.9878085981736191e+01
55 2.1803573235142773e+02 1.9724675630056714e+02
56 2.7889013212977301e+02 1.4834094625367925e+02
57 2.6477727853071076e+02 1.9588029192968096e+02
58 2.1679955684622695e+02 1.0868462784472632e+02
59 1.1094703678963138e+02 5.4900296109355381e+01
60 -5.7829213974062853e+01 -1.2664184369207048e+02
61 -1.6552739435612074e+02 -1.8142810433207384e+02
62 2.2882897504353068e+02 -8.1272197940630775e+01
63 9.4845352472029549e+02 -3.8039524232403039e+00
64 1.1877211001375531e+03 -6.9665304075492827e+01
65 1.7394846145403037e+03 6.7848985834947285e+01
66 3.1566962549312789e+03 -5.0175381782942463e+02
67 4.4775667660350900e+03 -1.1517336866123896e+03
68 6.6069429547585996e+03 -1.7349410657579706e+03
69 1.1181126064245866e+04 -1.0421766316911126e+03
70 2.4820711047344885e+04 1.9791769733929168e+03
71 5.9766305075566917e+04 5.0269212496722466e+03
