0 4.2992199496401474e+05 -1.9086723625310326e+04
1 2.0351018399350689e+05 -2.6866980963492821e+04
2 1.1122807412116224e+05 -1.9221902178250297e+04
3 5.7126704272360083e+04 -1.0251389785700083e+04
4 2.6119753353861757e+04 -4.1637568717704953e+03
5 9.6426366543743861e+03 -1.2620357348612470e+03
6 2.9435831432779278e+03 -6.2397766264628115e+02
7 2.4182951687070502e+02 -4.8117968271469209e+02
8 -2.8507956266803922e+02 -5.6572005459392051e+02
9 -1.7514213909371688e+02 -5.5685185993376786e+02
10 1.7351317728757209e+01 -5.9267537837056011e+02
11 -1.1922422343123060e+02 -3.2524362443237715e+02
12 -2.0723550585249626e+02 -2.5325887767897427e+02
13 -1.6547832232653786e+02 -4.4349229621233405e+02
14 -5.6544616702462562e+01 -3.6295980651024053e+02
15 -5.0414294594722463e+01 -2.8486199113862978e+02
16 -4.6832588877941719e+00 -1.6464785570867991e+02
17 2.7307718322562224e+01 -9.2887871022703933e+01
18 -6.4398249418189160e+00 -1.0271101260387677e+01
19 -8.9500694854490661e+01 -1.9350059947987475e+01
20 -1.6023153300416567e+02 2.1100997842727138e+00
21 -1.1067372617456753e+02 2.4702466200028226e+01
22 -6.9901442131296108e+01 3.3404169932833753e+01
23 -6.5659209324575869e+01 5.3442652174213636e+00
24 -6.1465054634899786e+01 4.8940152594792821e+00
25 -4.1865977851199084e+01 9.7094657419465360e+00
26 -2.7152818510031679e+01 1.6065055009958844e+01
27 -1.5135420198699263e+01 2.6606436452064742e+01
28 -4.5588357583190362e+00 3.4362769933450238e+01
29 9.0514119701074360e+00 2.5011462813580366e+01
30 1.1607547193680468e+01 1.7951162242939901e+01
31 8.8206326982146734e+00 1.0643789142551901e+01
32 8.5916304856907502e+00 5.0021434568787484e+00
33 5.9174642268896269e+00 2.7953491588200783e+00
34 4.0198712542640962e+00 1.6405561870200349e+00
35 1.9949213138048318e+00 1.0174478049628819e+00
36 -1.4611228592775096e+00 1.7162780199201844e-01
37 -4.2081003625090165e+00 9.6668019379462233e-01
38 -4.3255131646241134e+00 1.6747264875063048e+00
39 -2.8861862916784897e+00 5.6580794569167869e+00
40 -2.0449556879724993e+00 6.8204287431354853e+00
41 -2.6979186652791629e+00 4.1755190955346171e+00
42 -4.9726625347458429e+00 1.3729807756760408e+00
43 -3.3913041460549467e+00 -8.8499503495627829e-01
44 -2.3147113728216366e+00 -3.3478454179640806e+00
45 -3.4512644528437377e+00 -7.1994196836211142e+00
46 -5.2870260538639240e+00 -9.7476657064547112e+00
47 -9.3196343293179016e+00 -1.6077508567506531e+01
48 -6.3578075963048857e+00 -1.5688340336728835e+01
49 8.8674236414121310e-01 -1.3484592090789842e+01
50 3.1989607066006105e+00 -1.3939073643689238e+01
51 -2.2535691238974396e+00 -1.1087411894159057e+01
52 -7.8997200429582231e+00 -5.7172824949008625e+00
53 -9.3989296072861990e+00 -1.8245804894136114e+01
54 -3.2669667252653262e+01 -3.4954264101607585e+01
55 -8.4142063547573642e+01 -3.6989532069841609e+01
56 -1.1736317916776180e+02 2.5759530307519938e+01
57 -1.0738458055522827e+02 5.3234495683568262e+01
58 -1.4648481891026287e+02 3.1026617684683359e+01
59 -8.7500104859498165e+01 -4.2929658947038519e+01
60 3.8281055778965012e+00 -3.5929180489408765e+01
61 1.3011016460016307e+02 6.6530271825159389e+01
62 3.4761037437912887e+02 1.2685671167012555e+02
63 8.0494518146113001e+02 1.7022062968249949e+02
64 1.1412190608104338e+03 4.1122337095677847e+02
65 1.6063203562772217e+03 3.2279188899482068e+02
66 2.7161179145371975e+03 1.0870974468950058e+02
67 4.2050591786745581e+03 -1.6584393997691268e+02
68 8.6289431946443838e+03 -2.7812944624244466e+02
69 1.7809863202179033e+04 1.1793239702757915e+03
70 3.6149222057220126e+04 5.1036429158545125e+03
71 7.8763539982571267e+04 9.9451139654865765e+03
