0 5.2301867735990020e+05 -3.0417975030647933e+04
1 2.6767169685746613e+05 -5.0667056875435184e+04
2 1.6015735721777251e+05 -4.9499509605732863e+04
3 9.0779777022884780e+04 -3.5097265843224741e+04
4 4.6377935705142903e+04 -2.1584891095202289e+04
5 2.5781035006407539e+04 -1.0164792823073436e+04
6 1.6031988430364856e+04 -4.1708273023096608e+03
7 9.3820578265296954e+03 -8.9096100664963865e+02
8 5.7733527641213286e+03 4.3963718236034811e+02
9 3.3087636729063051e+03 4.4887496473258005e+02
10 1.4432240647110323e+03 4.2121892985115130e+02
11 3.0010723257680286e+02 -5.5538942204098362e+01
12 5.0602675690222291e+01 -9.6556671711360679e+01
13 7.7421827755902086e+01 1.6058389970635795e+02
14 -1.1133170841716769e+01 2.1649615927116648e+02
15 -8.8219005871984223e+01 2.2312397931944406e+02
16 -1.2422184492787888e+02 1.8346100943028958e+02
17 -2.1225946721253285e+02 1.2558639360915484e+02
18 -1.6336296472369551e+02 -9.4498512371887262e+00
19 -9.3532055042173937e+01 -9.0321445219199347e+01
20 -8.3779040344863560e+01 -1.0473913201848569e+02
21 -4.9908659872282541e+01 -7.3147347358901825e+01
22 -2.1430743189277688e+01 -4.0085956486399830e+01
23 8.9393925072163540e+00 -2.4501916754627594e+01
24 1.1791091672929468e+01 -1.1549358527587346e+01
25 -1.0503819005004260e+00 -5.8051029473692086e+00
26 -3.8408415631780901e+00 -9.0044957847709579e+00
27 7.7747429641435088e+00 -7.0698284143700523e+00
28 1.2034605109216711e+01 -4.0944737921747656e+00
29 9.0549943718248329e+00 -1.5580945089942211e-01
30 8.3270043807243166e+00 1.3201402940978135e-01
31 6.7039225306732995e+00 3.5469328909747238e+00
32 3.6625582354047186e+00 2.8806208772753692e+00
33 2.4609390000696658e+00 1.3997136869679447e+00
34 3.9522161137340914e+00 -1.7297463163366049e+00
35 2.2475518954534093e+00 -3.2274609025897520e+00
36 2.2634127329594520e+00 -3.9604532241314829e+00
37 3.9038347126398842e-01 -2.8509080447872828e+00
38 -1.4158776248752134e+00 8.3298925394125922e-01
39 -1.1399302720757198e+00 4.2167660529952951e+00
40 -2.5290064327043869e+00 4.5970135889794683e+00
41 -4.8047083299255391e+00 2.9794691974551828e+00
42 -4.9292356221272540e+00 -6.4939944860531318e-01
43 -1.5061054300079562e+00 -4.1796745957603409e+00
44 4.4269775887882341e+00 -6.0836511425676862e+00
45 8.2173186355869667e+00 -1.5926734377676459e+01
46 1.2976002053945635e+01 -4.1192838846886403e+01
47 2.3397387710448069e+01 -6.6895020126112740e+01
48 2.2380036872325910e+01 -7.3962295008524876e+01
49 2.3432595902895187e+01 -7.8795200125088769e+01
50 -2.5361785708966767e+01 -6.3157846360108877e+01
51 -8.1260244903250310e+01 -5.0529274839624840e+01
52 -9.0383069405931280e+01 -4.0674378035177774e+01
53 -4.0878905759058711e+01 3.2203060436383673e+01
54 -3.1940830737982694e+01 6.2091209360868305e+01
55 -7.9593282750284487e+01 9.6592575298390997e+01
56 -8.5120642504607304e+01 2.0737609686552079e+02
57 -1.2439431605087870e+02 4.2124355725609053e+02
58 -5.1294515114883791e+02 4.2291574306101069e+02
59 -9.6088857233141471e+02 3.6075347869955829e+02
60 -1.6195791905459266e+03 9.7008558060597693e+01
61 -1.1786097862404740e+03 3.0793439085070077e+02
62 -3.6279749450022530e+02 1.4722072283789510e+03
63 7.4200364039266390e+02 3.1123464530716706e+03
64 2.1698676997502425e+03 5.6468438261287047e+03
65 3.5844404755762712e+03 8.8950012004309010e+03
66 5.0985124093558898e+03 1.0111441051331463e+04
67 7.8914018545974141e+03 8.6902842840620178e+03
68 1.3127066733973354e+04 1.0829114424274234e+04
69 2.5979407843937577e+04 1.5678742382473092e+04
70 5.0378593603181391e+04 1.7071793742308932e+04
71 9.7664938800867167e+04 2.1907131037778039e+04
