0 1.1783789387195132e+00 -8.6230911418750810e-04
1 1.9974278548239476e-02 -3.7465158192274731e-05
2 8.2659760788341948e-04 -2.0214361554332243e-05
3 6.7665934752633489e-05 -3.4548551607204893e-06
4 1.2281981556334442e-05 -1.9316669664755428e-06
5 4.2227930760076889e-06 -1.0377366196109219e-06
6 1.9841688354252412e-06 -6.4786450340000946e-07
7 9.2033844388034793e-07 -3.6724957013489559e-07
8 4.2312266595392678e-07 -2.3826380977996749e-07
9 2.0939992408064500e-07 -1.3311186094225743e-07
10 1.1759469910684526e-07 -8.1541229910016053e-08
11 7.2853171909862445e-08 -4.8013339793103279e-08
12 4.9798166055208344e-08 -1.9562021068911540e-08
13 1.8488816925246195e-08 -7.5089894821698965e-09
14 -1.0943881139046561e-09 -6.8859658940178384e-09
15 -7.3688935492486095e-09 1.5591384886869287e-09
16 -5.8534920699941631e-09 -6.1467303781829191e-11
17 -5.3635607256604990e-09 -7.1721628544009041e-10
18 -3.9254037167013995e-09 -2.3031712423393033e-09
19 -3.2198162087419766e-09 -3.4454404743308785e-09
20 -2.2777075339800622e-09 -3.5576417649591898e-09
21 -1.9482239712582482e-09 -3.5108381432149978e-09
22 -1.4636643333428957e-09 -3.2928789596977178e-09
23 -1.3888103199631971e-09 -2.7398297573808234e-09
24 -1.8108228595533323e-09 -1.7041619180776814e-09
25 -1.6992113369270221e-09 -6.6324245061526256e-10
26 -8.6695596986639204e-10 -2.0816988193448335e-10
27 -3.1098525474840395e-10 -5.7095157324906287e-11
28 -8.7062817722057756e-12 1.1369592121606041e-10
29 1.0792946536758183e-10 1.0210611848340059e-10
30 1.1487396070736899e-10 5.7326124354139559e-11
31 6.3626024517868504e-11 1.6708493062260556e-11
32 2.4065428063997114e-11 -6.7544705330876913e-12
33 3.8239489965793072e-12 1.5410880488452209e-11
34 -1.3522502457089756e-11 2.7528832038164826e-11
35 -1.1489889397303480e-11 2.2065844495798947e-11
36 9.0481615407393113e-13 4.2509580968986137e-11
37 1.9964091297047050e-11 6.6598110053041589e-11
38 5.9557051070623036e-11 9.7998399916766377e-11
39 1.2391805008560381e-10 1.4994079389668455e-10
40 1.2830448003492412e-10 1.4453050626322923e-10
41 1.0023260112707885e-10 9.2848955515616113e-11
42 1.2461309644566850e-10 1.0380963899849089e-10
43 3.1699695912817298e-10 1.5911246395360960e-10
44 4.9070740616349299e-10 3.1612047307183185e-10
45 5.1247009330313565e-10 6.5032860389859170e-10
46 4.4086082862881164e-10 1.2314658498880041e-09
47 1.5865230327860085e-11 1.1075961075949401e-09
48 -1.0208385769893505e-09 5.0587120436192706e-10
49 -2.1408422468643979e-09 -1.4507284076818227e-10
50 -1.7181376568493112e-09 -2.5429485545915832e-10
51 -4.3735843443713248e-10 1.8268497371671858e-10
52 -7.8389605165346832e-10 1.3253389881467266e-09
53 -1.4830890066867351e-09 1.0286279166267850e-09
54 -3.8840498408402490e-09 -6.8392008644966620e-10
55 -4.1769426215777663e-09 -1.8193796148300762e-09
56 -1.7624439624340547e-09 -3.6870407472936982e-09
57 4.5610551990069247e-09 -4.1447969223661960e-09
58 1.1795431305725242e-08 -4.9210471493662969e-09
59 1.8834942900152631e-08 -8.1373426678125648e-09
60 2.6047319237674243e-08 -1.3447513145789489e-08
61 3.1525366066811362e-08 -1.2257816819099442e-08
62 3.9160524405848196e-08 -1.6535582180958321e-08
63 6.9214180881800081e-08 -5.2662695956220714e-08
64 1.0372515738171630e-07 -9.8136976786620750e-08
65 1.7887174110451294e-07 -1.8395755926684190e-07
66 5.1795334286952909e-07 -4.7784340383870461e-07
67 9.6855207065048289e-07 -7.7844842564321738e-07
68 3.9411247219526245e-06 -1.5481628571366405e-06
69 3.0263201432871971e-05 -4.5757458042623606e-06
70 2.8229635663738263e-04 -5.9118776791212207e-06
71 3.4496493141326582e-03 1.1405549973092944e-04
