0 1.0377211562187949e+00 4.2238303395525763e-04
1 1.7210179526935036e-02 -2.7052656324313648e-05
2 7.6233075531876541e-04 -8.7128139401995322e-06
3 6.6151750268918794e-05 -1.5929672141327238e-06
4 1.4584406861990887e-05 -9.1884847139153120e-07
5 6.1171914898570800e-06 -1.0487070656968726e-06
6 2.9347815837864053e-06 -6.9620181586753191e-07
7 1.4277938126264629e-06 -2.3556320858972212e-07
8 6.7975979040484424e-07 -3.3016431183598929e-08
9 2.8215533897174077e-07 -2.4808951868469004e-08
10 6.7554868992943368e-08 -3.1717539766968258e-08
11 -3.5607450387139595e-09 -9.2675206851233735e-09
12 -4.9021969542214374e-09 -1.3187302330894795e-08
13 3.6153857476136114e-09 -1.2525587248116699e-08
14 8.3042609089059276e-09 -6.8875383913774299e-09
15 4.8034229435346828e-09 -1.0589188931482678e-08
16 2.6081286328300662e-09 -1.1610348226410856e-08
17 -4.0543591064799269e-10 -1.0054382965550619e-08
18 1.0069450452202634e-09 -8.3455393452212406e-09
19 -1.4335295510141364e-10 -6.4821087454109133e-09
20 -1.6359443155658533e-09 -3.8403791405420724e-09
21 -1.3624275672198920e-09 -1.1718816056975768e-09
22 -1.5614461885836890e-09 4.7045572146460869e-11
23 -1.8766231099369842e-09 6.4282339947714007e-10
24 -2.1670801498463272e-09 1.2669589455377086e-09
25 -2.7307291733737471e-09 1.9668631846503127e-09
26 -2.5050837871202045e-09 2.0539455990998837e-09
27 -2.2414136918757600e-09 1.3633631367210224e-09
28 -2.1570272489911419e-09 5.5819293770499088e-10
29 -1.4019137593016602e-09 1.2967499145544293e-10
30 -4.9579205701610566e-10 4.1481068037835969e-11
31 -1.5963507018549819e-10 -5.5980551978638014e-11
32 3.6655174387464193e-11 -1.5468083330826507e-10
33 9.1166207628608754e-11 -1.7158471291399156e-10
34 -2.4274853278968304e-11 -1.1591029414474408e-10
35 -2.4045729421200439e-11 -2.0329813403266095e-12
36 -2.7395789826933308e-11 4.7780152977964173e-11
37 2.3710919406616387e-11 2.4325863870419519e-11
38 6.6531613754979309e-11 4.3211392991371777e-11
39 7.3936607724191422e-11 1.2047484255418748e-10
40 2.6446119761609474e-11 1.9118651492359084e-10
41 -1.0784075501108007e-10 1.6475174090789651e-10
42 -2.1854270467605398e-10 1.2975411904447130e-10
43 -2.8245446695572166e-10 1.2394010449527167e-10
44 -3.4238461846279765e-10 -8.3645765124811649e-11
45 -3.0711172940500908e-10 -1.9178100049099770e-10
46 -3.8897644212994928e-10 -1.5356125108688037e-10
47 -6.4119778035983975e-10 -1.0105645938500922e-10
48 -1.1237156348708955e-09 -4.5979598007416262e-11
49 -1.7457704454077774e-09 -4.3863834067258712e-10
50 -2.0116421795389019e-09 -6.9715167499341940e-10
51 -1.5491235092202132e-09 -6.4634253390120004e-10
52 -1.1289693419387025e-09 -7.3145928488959651e-10
53 -9.1821806478053794e-10 -1.1787481057210732e-09
54 -1.1847882808992425e-09 -3.6312956237795212e-10
55 -2.1091935745148339e-09 -4.9753255262810307e-10
56 -4.1774595995998564e-09 -5.4272928336211711e-10
57 -3.7678091196751689e-09 -7.1030810848820362e-10
58 -1.6490216347226001e-09 -1.5714500153337022e-10
59 -3.6514058306601767e-10 -2.7096646618099336e-09
60 2.5337782651864713e-09 -3.5566913109169809e-09
61 8.6456978913823312e-09 -1.0824675574675095e-08
62 1.5957912350670311e-08 -2.4611581260305769e-08
63 3.4671616293940124e-08 -2.9671789056728193e-08
64 6.1883807360793712e-08 -1.8363621760697691e-08
65 1.0225118440601506e-07 -1.4041079827654395e-08
66 1.5272582754545229e-07 -2.5978370777344637e-08
67 6.6409474421437855e-07 -8.0083537729811984e-08
68 3.8410111829398773e-06 -1.0351292654338244e-08
69 3.0634087984960041e-05 1.1105690741696876e-06
70 2.8485642853286512e-04 6.5780328307487698e-06
71 4.6763713127784424e-03 -1.6696979508378494e-05
