0 6.5888432647256344e+05 6.1634057596698294e+03
1 3.4167284015955863e+05 6.1328950490904954e+03
2 2.0098267000160992e+05 5.2852009404325527e+03
3 1.2045048381410248e+05 1.1615390044512137e+03
4 6.5767167941430103e+04 2.1847221854108852e+01
5 3.6450041058624469e+04 3.6578811337291665e+02
6 2.2376158739962688e+04 1.4576301488454947e+03
7 1.2536297971965059e+04 1.6698799055820816e+03
8 7.7887641525250092e+03 3.9023490323937062e+02
9 4.8194287797424058e+03 -1.4139737332667352e+02
10 3.1341359757949422e+03 -6.6461427267122843e+01
11 2.2105417636722577e+03 3.0668873962266281e+02
12 1.3749486680537098e+03 4.0312255107307089e+02
13 8.6704996674492747e+02 3.9805777141389501e+02
14 5.7230976149230901e+02 2.5752201176833921e+02
15 4.6061083673121249e+02 1.8521477174678660e+02
16 3.4499750091881253e+02 7.6504767027027285e+01
17 2.0759759579982293e+02 -7.6879790950175916e+01
18 1.4585792124901070e+02 -2.0223978159768484e+02
19 1.4530536055437216e+02 -2.0479783228629017e+02
20 1.3489721749381232e+02 -1.8771535535817986e+02
21 1.0482397182370124e+02 -1.5138946876353674e+02
22 7.6142717023872748e+01 -1.0438355909947927e+02
23 6.1245272461510993e+01 -5.6813020551435947e+01
24 3.7793401108962463e+01 -4.4585516900088237e+01
25 1.2925558486854165e+01 -3.0834967596334945e+01
26 -2.5223356764024785e+00 -1.5126951244799011e+01
27 -6.6202513333229138e+00 -1.0326222604376300e+01
28 -7.2337644378558430e+00 -8.7254547359916454e+00
29 -3.8461735963981747e+00 -9.4469420966438413e+00
30 1.6253719023547155e+00 -5.1363269108125040e+00
31 1.3806604825261686e+00 -2.4406230368442734e+00
32 1.3994711376571118e+00 -1.7777889211857576e+00
33 1.3205547972819640e+00 -5.4670869321317772e-01
34 1.5635758703464488e+00 6.3544430359516180e-02
35 1.9798871690240303e+00 5.9983647301523690e-01
36 2.2627573084677701e+00 9.4662231512286288e-01
37 1.7927691152072467e+00 1.4074870249173352e+00
38 1.1953857931916478e+00 1.4493502856429925e+00
39 1.2446304781212920e+00 1.4060349220148840e+00
40 1.2949394706624628e+00 1.3654454191975947e+00
41 1.6983660368516931e+00 1.3303626784097977e+00
42 1.7212952295001513e+00 6.9037992892085975e-01
43 1.0493383407127024e+00 -2.2662118099414313e-01
44 1.9224807467060627e+00 -2.0443455067641985e+00
45 3.1074679013628215e+00 -3.8507392730315955e+00
46 2.1575526067374056e+00 -5.2537114760987871e+00
47 -1.9815591755502715e-01 -4.6529346156275064e-01
48 -2.8027352754618642e+00 -9.4492385332865236e-01
49 -8.5285988654786316e+00 -1.3140876823477257e+00
50 -1.0221367079050928e+01 5.8934279390963322e+00
51 -2.1774575642634275e+01 1.3651085346179787e+01
52 -4.6007417575015296e+01 1.1818057537580597e+01
53 -8.1330924404739278e+01 6.7689312441267440e+00
54 -1.4465339572052056e+02 -2.9235492511671417e+01
55 -2.7651743565407730e+02 -5.4401277763168196e+01
56 -2.9728921208175217e+02 -9.5165397688182281e+01
57 -1.9406245112667125e+02 -1.3261756051629044e+02
58 -5.0468716460362515e+01 -1.5776042019990228e+02
59 8.7849137002759079e+01 -1.6387960333645879e+02
60 3.7539943837057216e+01 -4.6356120245849787e+01
61 -7.0471789565713891e+01 -1.5863336971623335e+02
62 4.6558120503814436e+01 -3.3908960667550446e+02
63 4.5495188650499114e+02 -7.0578044564639083e+02
64 1.2218118686736009e+03 -7.2682421391752382e+02
65 2.4112415612667946e+03 -7.2425735092807167e+02
66 2.5543092171141707e+03 -8.5741830417595042e+02
67 2.3443786062782424e+03 -1.7685514051864121e+02
68 5.7766911945453921e+03 -5.2085022161724669e+02
69 1.3667305909090564e+04 -2.2982215936710295e+03
70 2.8655952890275501e+04 -3.5335270894680743e+03
71 6.6391966739000738e+04 -5.1036892168671466e+03
