0 1.0769897794541297e+00 4.1050351332200339e-04
1 1.8111378532867446e-02 -3.1097813469542253e-05
2 6.5508841925091465e-04 7.3773481360720848e-06
3 5.1012457142549806e-05 -1.3517273890736199e-06
4 1.1832080713173217e-05 6.1425533116206723e-08
5 3.8394020250582632e-06 4.0712461307241614e-07
6 1.6218365696360750e-06 2.6735401884880826e-07
7 6.8043304117417176e-07 6.7496164102211780e-08
8 3.8067905237540007e-07 1.2836271314190990e-08
9 2.4013422984843956e-07 -4.7029125829524102e-08
10 1.1403667832990700e-07 -7.8826013845329698e-08
11 5.2876531368396073e-08 -8.0070436376365493e-08
12 4.8764079200011936e-08 -8.4863513977490757e-08
13 2.1916953037732527e-08 -5.9727270800117238e-08
14 1.8540374950247726e-08 -5.5991852995384450e-08
15 2.6068528449786904e-08 -4.9786473564911791e-08
16 2.8369972534153627e-08 -3.2155398870096384e-08
17 2.7765155727819923e-08 -1.9207379939471009e-08
18 1.7751115198729919e-08 -1.0206080893362225e-08
19 6.4709956821027381e-09 -8.1297107050850625e-09
20 2.4792748253805051e-10 -4.3564962831580143e-09
21 -7.0799658105024848e-10 -4.7542271242977559e-09
22 3.1779764305095535e-10 -8.1337616890567450e-09
23 2.0348896588989191e-09 -9.5113052714832210e-09
24 1.8034299835132281e-09 -7.3404384494333555e-09
25 1.5171784104261524e-09 -5.9995691714710179e-09
26 1.5938751019376732e-09 -4.9581296349931963e-09
27 6.0843632449358523e-10 -3.1185342802199527e-09
28 5.8198509879796974e-10 -1.4657541562908454e-09
29 4.8689835666120300e-10 5.8803984250796230e-11
30 8.3789065793881070e-10 2.2575855135894624e-10
31 4.9323281854651577e-10 -7.0894647103410905e-10
32 1.9346470856282015e-10 -8.2247578316060507e-10
33 -1.2800175113098279e-10 -8.0705797674363767e-10
34 -1.2047351023159790e-10 -4.8035897751426197e-10
35 -1.8000165909962223e-10 -2.3968390581158181e-10
36 -8.6523396107411210e-11 -4.0794990021436959e-10
37 8.1855166267262059e-11 -4.7351220881935092e-10
38 1.6461519923947628e-10 -4.3083305680846933e-10
39 9.0373911605934959e-11 -2.8619575360486324e-10
40 8.2552832620147356e-11 -1.7976964773722012e-10
41 1.8036269716418864e-10 -1.8085353133872692e-10
42 -2.4871896123857640e-11 -3.9280530034220024e-10
43 -2.4431501481741938e-10 -5.0059724210984825e-10
44 -3.5706261867456238e-10 -6.2637609634787999e-10
45 -4.0623815315033594e-10 -4.0063634672253614e-10
46 -3.4347224609557893e-10 1.4953921613386620e-10
47 -1.0376996085274783e-10 3.4340545715777557e-10
48 9.3338173453243524e-10 3.2774091453424075e-10
49 1.9219155311464290e-09 -3.4188465757750665e-10
50 4.2790319437193815e-09 -6.2061582249694421e-10
51 6.3694836347114963e-09 -7.5529473176099924e-11
52 6.1361492653207456e-09 2.9281144457586309e-09
53 9.8124689850079381e-10 5.7539071520542807e-09
54 -5.8368953772387268e-09 4.0866962031898876e-09
55 -7.6105106455669205e-09 7.5623860850121333e-09
56 -1.0131779990922517e-08 2.4339551463650573e-08
57 -3.3960072032861504e-09 4.3916003668004955e-08
58 2.2202009036033118e-09 4.5669384338916577e-08
59 1.8498655588745865e-08 3.1883355596177859e-08
60 2.1430258199367346e-08 1.1520670094889294e-08
61 1.8673367922090954e-08 2.1532129382211311e-08
62 -1.0316397069463622e-08 7.6538129643272903e-09
63 4.7878801230020261e-09 -8.5389443025223771e-08
64 9.1306160818490566e-08 -2.9724280787871870e-07
65 1.1971549028931367e-07 -3.9146800386597531e-07
66 1.7754149789845390e-07 -3.7596355015550360e-07
67 1.2278472534383710e-06 -4.7603950255274539e-07
68 4.7323365246821939e-06 2.2744454956853761e-08
69 2.8089970942038068e-05 4.3699962028667508e-08
70 2.6581974391155148e-04 -1.8600706635798311e-06
71 4.1831674914729854e-03 -1.1552081189353635e-05
