0 5.1710260015809059e+05 1.8242650658059574e+04
1 2.8462844214854005e+05 1.9527197752291908e+04
2 1.7955503402780805e+05 9.5925784376380270e+03
3 1.0923380254409651e+05 1.8807874998998022e+02
4 6.2466591359819053e+04 -2.1519765753521488e+03
5 3.5369281946464049e+04 1.2946917918508643e+02
6 2.1753392625030225e+04 3.6869005955718480e+03
7 1.2597350304609212e+04 5.3159149135513217e+03
8 6.9812812054199158e+03 5.3398313435287964e+03
9 3.3708375191748592e+03 4.8039042936857668e+03
10 1.4924617114945695e+03 3.5482185697289642e+03
11 7.3200496779049558e+01 1.8837426067349638e+03
12 -7.3988341504842174e+02 1.0522539262227911e+03
13 -7.3198484736621185e+02 7.4923158538352914e+02
14 -5.9537931372580488e+02 6.3543504393245348e+02
15 -4.7392737257790202e+02 5.0256679068635083e+02
16 -3.0499870356785561e+02 3.5316625121397294e+02
17 -1.5492135160223654e+02 1.6545004095710874e+02
18 -1.3759075255137645e+02 1.0532818022399007e+02
19 -1.2444516038264186e+02 7.4822301375698231e+01
20 -1.1429170063721058e+02 1.6172207607436448e+01
21 -8.3519991200846974e+01 -1.0793241439263101e+01
22 -5.9517840127292672e+01 -5.7082723066923791e-01
23 -7.3534433962584501e+01 -3.0024768258534479e+01
24 -8.4855461255543588e+01 -4.8827307814179207e+01
25 -7.8212829088659262e+01 -3.5297151523277790e+01
26 -5.8497652903440382e+01 -5.2517562811364016e+00
27 -3.4289716827724654e+01 1.3459521994966172e+01
28 -1.4743987818013188e+01 1.2590145155197153e+01
29 1.8952220133098452e-01 2.1189583865814048e+00
30 1.0209108414577230e+01 -9.8546720145159405e-01
31 1.5187366389979990e+01 2.6642126451456134e+00
32 9.8087103851676680e+00 2.5589300410125033e+00
33 5.6269385463188062e+00 -1.3655602977837153e+00
34 1.7296910696586913e+00 -4.8540255453481445e+00
35 -2.0010047854250872e+00 -5.6663785252698435e+00
36 -5.3585888810051481e+00 -6.9795382907863539e+00
37 -8.6854118484361322e+00 -6.7739559349470646e+00
38 -9.1862500567474950e+00 -8.2206515842953873e+00
39 -5.8409709527698581e+00 -6.3557697949374079e+00
40 -3.0000801713544041e+00 -4.0191493016343713e+00
41 2.8473857909717970e+00 -4.7265651791180820e+00
42 1.0586967699964612e+01 -4.7864028799407485e+00
43 1.4089121613197321e+01 -7.1016369003337658e+00
44 1.4083274872792490e+01 -1.1190302407719678e+01
45 1.1923691559214770e+01 -1.2665827358352470e+01
46 1.4168213843174076e+01 6.5707656467126663e+00
47 1.1677207591771857e+01 1.8771798462194909e+01
48 1.0215777776823931e+01 2.1965091813459566e+01
49 1.1676643529615291e+01 1.9527041960753468e+01
50 1.9960776068969395e+00 2.3567183648347495e+01
51 -1.8516631219485735e+01 2.9402197551260837e+01
52 -2.6381576432395349e+01 4.1787036627375628e+01
53 -4.0136263845390999e+01 5.5657674243361676e+01
54 -7.8063890239881943e+01 5.3713085843865152e+01
55 -8.8045047210192067e+01 2.5181753124887543e+01
56 -8.2941669851313790e+01 6.6299931201590141e+00
57 -2.6242131982185370e+01 4.4659661764734849e+01
58 -9.0254160144198323e+00 1.7877682290975977e+02
59 1.1315461060383873e+02 2.3793633055674309e+02
60 2.3262251536956779e+02 2.5511473050601751e+02
61 1.5060402713218670e+02 2.4352014023644475e+02
62 -1.3548254213790290e+02 -6.7338128603542827e+01
63 -2.9337502589759123e+02 -9.5876326419329132e+01
64 -3.2375319822307449e+02 -1.4525773249077793e+02
65 -2.2113533440288896e+02 -1.1406093047066354e+03
66 1.9940334314869647e+03 -3.0511690030820982e+03
67 5.0768959849211451e+03 -2.8249223709867210e+03
68 1.0477886956944383e+04 -1.4094955469495526e+03
69 2.3003731636613131e+04 5.1496660672999474e+02
70 4.7611253031843320e+04 -4.3265459143526186e+02
71 9.3248119100720156e+04 -1.1114766746364194e+04
