0 1.0462587092037223e+00 -5.4452074818967856e-04
1 1.6569694938968225e-02 -1.6332406681341457e-04
2 7.2904034940596274e-04 -3.5832880697989984e-05
3 7.2986189814038018e-05 -5.1179402381482310e-06
4 1.9186290905334370e-05 5.2292757658686930e-07
5 8.3748049372678016e-06 1.7152380545092359e-06
6 4.0933857426698944e-06 1.3817358422570152e-06
7 2.6131497282509276e-06 1.0540922581343939e-06
8 1.8838573821114404e-06 9.1890821526830091e-07
9 1.3471413217888177e-06 7.9557797992237876e-07
10 9.3788493016955431e-07 4.6732990253228869e-07
11 4.7331055090654440e-07 1.5221637883099717e-07
12 2.1088291482904726e-07 -3.1810929584744470e-08
13 5.1381609646473837e-08 -8.1612126350589726e-08
14 -3.4316724585656176e-08 -3.9678133551373072e-08
15 -4.6241021421278937e-08 -2.3622548060812794e-08
16 -1.3265594976748722e-08 -2.0674931289607923e-10
17 -6.5728536003127090e-09 1.8747628986903783e-08
18 1.1572880297941475e-08 1.9975448738690822e-08
19 1.3842949077816773e-08 6.1595557304869145e-09
20 9.5429090507129534e-09 -1.3897679905306101e-09
21 3.0726620904304061e-09 -7.5237046848752211e-09
22 -2.5222487301220042e-09 -1.4386347577400700e-08
23 -2.2754341530398316e-09 -1.3698659293293497e-08
24 -9.6518438691986052e-10 -3.6641094103245626e-09
25 -1.7927967575811732e-09 3.4252370286712417e-09
26 -2.0566187385550049e-09 5.3736741974574919e-09
27 -1.5924345035209528e-09 5.3147660477253962e-09
28 -1.4836558695002591e-09 5.2849573558191373e-09
29 -1.1797518994162332e-09 4.1911972888903102e-09
30 2.4162910280552558e-11 2.3249024988357264e-09
31 1.9578768052793029e-09 1.3679623783130565e-09
32 3.0623932412461122e-09 1.1228874074332787e-09
33 3.1098198004012122e-09 2.2880515797113728e-10
34 2.2555823244911678e-09 1.2918847642818766e-10
35 1.5071923822262302e-09 9.2104669094635767e-11
36 1.2226804099395583e-09 1.0493152889102461e-10
37 5.8903139733322328e-10 1.7874463863324775e-10
38 -4.2950927022340096e-11 7.1407323357552595e-11
39 -1.6845753841963417e-10 4.5753322462853114e-11
40 -1.1833970413448814e-09 -1.1973697392476437e-11
41 -1.8994573527227696e-09 -1.0159213174360689e-10
42 -1.3104385775551849e-09 -6.3958659299711490e-10
43 -3.8642074073766363e-10 -3.4187530511588158e-10
44 2.9729152963465656e-10 1.5705803837933215e-10
45 2.4073727406504848e-09 -2.5461523714905904e-10
46 5.3865805383176935e-09 -2.9921510914486229e-10
47 9.2382071343607216e-09 1.8182649638256113e-09
48 1.0180931751436440e-08 4.0776413294374042e-09
49 8.9553558020725381e-09 3.6518901012686960e-09
50 9.9836572193421530e-09 -7.3719518748013672e-10
51 1.5030011196578705e-08 -5.1697321574752320e-10
52 2.7459491974688048e-08 -5.0712060625184603e-09
53 2.8853696299128154e-08 -1.0684418479658078e-08
54 1.7536863369091503e-08 1.1222015099741403e-09
55 4.0678366747734229e-09 -7.0818560923911615e-10
56 -4.0875563280600196e-08 -1.3533014407785276e-08
57 -7.9913241443744001e-08 -4.9283587732144671e-08
58 -1.2528835318392657e-07 -9.8708495306961612e-08
59 -1.0769958935451639e-07 -1.6271044450103328e-07
60 -6.0249983289698706e-08 -1.8872084424697133e-07
61 -2.6892406485762950e-08 -1.5936270560857225e-07
62 1.5272621912718961e-07 -2.8707807319896883e-07
63 4.9285751590227476e-07 -6.9411474006249700e-07
64 7.3570507410713568e-07 -1.4474502790490966e-06
65 9.9570337780459778e-07 -1.5279907184857425e-06
66 1.5502911250950948e-06 -5.9370437257274664e-07
67 2.3597816539638787e-06 1.2494688920304926e-07
68 6.7522780260409221e-06 2.0883030291396506e-06
69 2.9283251961243137e-05 -1.5879908318684300e-07
70 2.1695109647385015e-04 -9.4020641162156419e-06
71 3.7661693652730607e-03 -8.6737820987351161e-07
