0 4.6347409983168810e+05 -1.8366107007849125e+04
1 2.1533269388292037e+05 -2.1012855588951825e+04
2 1.0923024114068685e+05 -1.5166906259679465e+04
3 5.2396769363005034e+04 -1.0844597060919248e+04
4 2.6800194507658591e+04 -8.2651811674289529e+03
5 1.4293787964008938e+04 -5.6020108617891347e+03
6 8.4659587404634512e+03 -3.2131439333174612e+03
7 4.9268887568948012e+03 -1.5052732963152152e+03
8 2.6368552991098077e+03 -5.4381042287090281e+02
9 1.8838505205390775e+03 -2.3753285257261774e+02
10 1.3615878541456025e+03 1.6679398554769443e+02
11 9.3488610183195044e+02 3.7872717811395205e+02
12 7.3476214504997688e+02 3.9132337919675535e+02
13 5.6507550351146733e+02 5.7387912043008939e+01
14 4.4764255107693418e+02 -2.2864560357222729e+01
15 2.1467458884199442e+02 -5.9879987410281963e+01
16 2.9751042313300637e+01 1.4755017630374176e+01
17 9.7430740437506422e+00 5.5927759160000669e+01
18 1.5234553365775827e+01 3.1054772746220024e+01
19 4.7690716167294376e+00 3.6537569254877127e+00
20 -1.3813335711381175e+01 -3.2240323585599251e+00
21 -3.1014994160722235e+01 -7.0645997346415381e+00
22 -3.0743825489677743e+01 -6.2867367515034420e+00
23 -3.7394186891830465e+01 2.3022972553347705e+00
24 -3.0175640232936786e+01 7.1533933988101506e+00
25 -9.0300123950488160e+00 1.0854990197629810e-02
26 7.7394294987934975e-01 6.3997379643559893e-02
27 1.5973305914776277e+00 1.3762615495439960e+00
28 1.1197179060485105e+00 5.9232836036609182e+00
29 1.2127548855921672e-01 8.1349859290198676e+00
30 -2.2311565706502612e+00 6.9814196014786702e+00
31 -3.1473790746893622e+00 5.4415887324167684e+00
32 -1.8681254923666524e-01 4.2430249981859811e+00
33 3.4985627514147293e+00 3.6747727774176879e+00
34 5.3047421703626441e+00 3.0894430125127270e+00
35 4.0799734967856596e+00 1.7561840876418522e+00
36 9.5609057684973897e-01 1.0948075410913729e+00
37 -2.4566116665693989e+00 2.0597152928141251e+00
38 -5.7685072752039828e+00 3.4339436239935521e+00
39 -8.8658723250368396e+00 2.0058110660833450e+00
40 -9.1433639752290290e+00 2.3688009148025508e+00
41 -6.3631485744600678e+00 3.0260979120160574e+00
42 -4.5914548676598548e+00 2.8203506352295076e+00
43 -3.2411280816883434e+00 2.0532245572671401e+00
44 -2.2107151218826084e+00 2.0684822913421191e-01
45 -4.2257035863289349e-01 -2.2192238379374087e+00
46 -8.3336544861371453e-01 -6.4199075885451773e+00
47 2.8288209925204408e+00 -1.2140643329300008e+01
48 6.3524619957236199e+00 -1.1916007110809577e+01
49 6.5580293888810770e+00 -6.4405969706767650e+00
50 1.2592069546742573e+01 -1.0880217934446655e+01
51 2.4768478108187232e+01 -1.7217745985321670e+01
52 4.2387897783561286e+01 -1.3529679187184206e+01
53 5.8478830449675833e+01 -1.5233515907144691e+01
54 7.3679092159716404e+01 -3.3220741611296845e+01
55 1.0733170929375268e+02 -4.2654219332700336e+01
56 9.1267425575238363e+01 -6.7138101353090363e+01
57 7.4525551567873038e+01 -1.1533815574079510e+02
58 5.6225432972793577e+01 -2.1163610281681721e+02
59 -1.1388547449943843e+01 -2.6509034232577022e+02
60 -1.4212442901303103e+02 -2.3678560964992286e+02
61 -8.8255902785738556e+01 -1.4450628374722316e+02
62 -6.3708481839478551e+01 -5.7329990600355472e+01
63 1.3038787290190649e+02 -8.9633065553108935e+01
64 4.8584677253720662e+02 -2.9874415240312544e+00
65 1.0463148921841225e+03 -8.0565563772458404e-01
66 1.9499011045061709e+03 -5.2008652732825865e+01
67 3.3825121854337849e+03 2.3248741022731264e+02
68 6.2661706514163134e+03 6.6562413945390233e+02
69 1.4000153351094305e+04 2.2766905106433805e+03
70 3.4197416734162180e+04 6.0818032123608027e+03
71 7.8463530930420122e+04 1.3085046756309122e+04
