0 5.9008704267028079e+05 5.9315082331256766e+04
1 3.3310318849426147e+05 7.2956971931309643e+04
2 1.9043918203921814e+05 5.1386550512147325e+04
3 1.0406487283873728e+05 3.7139465878667062e+04
4 5.2238267486702593e+04 2.7217289841641155e+04
5 2.6516654280737777e+04 2.3890047214272665e+04
6 1.5189616622002444e+04 1.6315406715666208e+04
7 6.0887212368949067e+03 9.9275396552391976e+03
8 7.0613760222215421e+02 5.9709362032721619e+03
9 -4.0898204990378105e+02 4.2465527551620144e+03
10 -6.7953584329337275e+01 2.3452773112997897e+03
11 4.8087700162315338e+02 7.8489776672028552e+02
12 8.1285391951312999e+02 5.5226711606557984e+01
13 5.6391734176753255e+02 -3.5542933416882158e+02
14 5.2949510471443841e+02 -4.1746963995276064e+02
15 4.3089414902838746e+02 -2.8286198734392042e+02
16 7.4435751371795959e+01 -1.2694707646644750e+02
17 -2.8203712162011236e+01 -1.6752471671968390e+01
18 2.7949078921099385e+01 -6.5325267033546304e+00
19 1.0071201816296528e+02 -5.4005413065507526e+01
20 7.6778883311960442e+01 -5.5654804643331715e+01
21 2.6375529623718133e+01 -1.8660422684677481e+01
22 1.3029823765774101e+01 -8.1449502647740939e+00
23 1.3715259057855114e+01 -1.9222137539005040e+01
24 7.5971130431194469e+00 -3.1098074348480555e+01
25 -5.7538617273238932e+00 -3.2641976311892918e+01
26 -1.9015055484257946e+01 -3.2072052295942200e+01
27 -1.9254239794649894e+01 -2.5899106253012661e+01
28 -1.2567403438607638e+01 -1.2513055411775463e+01
29 -9.0042679828964385e+00 -4.5288062969882539e+00
30 -1.0745272743405026e+01 -3.1600001343714545e-02
31 -1.0367683429617081e+01 8.3197016275431923e-01
32 -7.0226889401969075e+00 -5.5648275650183643e-01
33 -3.7762542082073098e+00 -3.6824579473949831e-01
34 -3.5348236131820459e+00 -9.0127400269133351e-02
35 -3.0131521173010984e+00 -2.6799623569210890e-01
36 -2.1866142344254511e+00 -9.5176529131700072e-01
37 -1.1994510235114375e+00 -7.8779307428042478e-01
38 3.0183424412762461e-01 -6.6060419350277932e-01
39 -6.5621697575546922e-02 -8.9762872643738234e-01
40 -5.4899314208965277e-01 -5.9053786345008674e-01
41 -1.8229653859605877e-01 8.6059880819377765e-01
42 1.0689864193362042e-01 1.4215693881934155e-01
43 6.2885368792262142e-01 -4.9643569411418094e+00
44 3.7187565092591601e+00 -1.2697241806475882e+01
45 1.0250742769596314e+01 -1.1199632551892096e+01
46 1.7118495007481364e+01 -2.5717951909380705e+00
47 2.3375855230718905e+01 2.9212211782557951e-01
48 1.6092743287438392e+01 -1.0956032488579153e+01
49 6.2733514018058880e+00 1.0948398343300232e+01
50 -2.1311411172162650e+01 6.8565555350649561e+01
51 -5.5895922360629143e+01 1.2376903878311589e+02
52 -6.1731565448953944e+01 1.7615993524399869e+02
53 -8.3814436823530940e+01 1.8741409479753733e+02
54 -1.2072869463312671e+02 1.6536249715689974e+02
55 -1.6283914768455904e+02 1.5616341525829017e+02
56 -1.8077828597768070e+02 1.1997608878571928e+02
57 -2.3316693644109898e+02 8.7404437391362478e+01
58 -3.2490837324959591e+02 6.1479514644089825e+01
59 -5.5285103414633443e+02 -1.9845541407421479e+00
60 -8.8638328355686463e+02 -3.5685615303037821e+01
61 -1.2250515929378996e+03 2.2799450279251553e+02
62 -1.7989143109052138e+03 7.2697978292077221e+02
63 -2.0526659810616607e+03 1.0709647349847771e+03
64 -1.9090520997260223e+03 1.0586862567139676e+03
65 -1.4032026196374536e+03 4.3970013666283069e+02
66 -6.8015994982241727e+02 -1.0060321790587800e+03
67 -2.6146584664127395e+03 -3.6309469144314166e+03
68 -1.3251638596595953e+03 -6.4538181544884064e+03
69 7.6495322920525032e+03 -8.1634239077850507e+03
70 3.3086203741617726e+04 -1.2784974340122197e+04
71 8.0678534561627879e+04 -1.7665545316039428e+04
