0 4.9857940791953902e+05 -3.6745102262753921e+04
1 2.5112761893753664e+05 -3.9038957841905882e+04
2 1.3616341958982052e+05 -2.0018203428433175e+04
3 7.0257480840034899e+04 -1.2113254386680199e+04
4 3.5154320111006891e+04 -7.3791781095830192e+03
5 1.9194865925924289e+04 -4.2544172255669291e+03
6 1.0841952100044366e+04 -1.6027000020848898e+03
7 5.6562883686903242e+03 -6.6879449175664138e+02
8 2.6701826113411471e+03 -9.2694459981638431e+01
9 9.5649402884034748e+02 4.8663386362939741e+02
10 2.4297344471901070e+01 5.7663289621594947e+02
11 -1.3920826755816583e+02 3.2212914978832782e+02
12 -1.0626320352376197e+02 2.7215905492884366e+02
13 -8.5818878828033732e+01 3.1709348590358115e+02
14 1.3635299759650689e+01 3.4137894468629605e+02
15 -8.3522390879240277e+01 2.2606339933326436e+02
16 -8.9753791892016253e+01 1.1049598005216561e+02
17 -7.8362591181059884e+01 4.6694461300699047e+01
18 -4.1967561184647408e+01 1.0884649988092896e+01
19 -3.9654621209714307e+01 2.6006911573087041e+00
20 -4.7217181335646998e+01 7.7359081362742597e+00
21 -5.7890793155732524e+01 7.0898266497816405e+00
22 -6.0630635976727696e+01 1.6263224103159409e+01
23 -4.6011605319251586e+01 1.2097940277110359e+01
24 -3.7795303442553767e+01 3.3754840048964265e+00
25 -2.8943585295084933e+01 3.3976369262669053e+00
26 -1.8640623773202449e+01 -2.6993435455970394e-01
27 -1.0576722901504679e+01 -2.2114040510960331e-01
28 -7.3285410125979187e+00 -6.6605546726234532e-01
29 -6.8640782015987254e+00 -1.1056412726887226e+00
30 -5.9251109320488444e+00 -6.8701654672546431e-01
31 -4.3703262560060017e+00 -7.0370519395463671e-01
32 -3.5051658934924523e+00 4.7632753313129023e-01
33 -2.7913504750884326e+00 1.0830681038013596e+00
34 -2.4677987947251099e+00 -2.7910828815544897e-01
35 -1.8496650938787655e+00 -3.5640397773645788e-01
36 -5.3968989189965355e-01 -2.7002292712270815e-01
37 6.1574587776822653e-01 -4.9692983967057147e-01
38 1.3206342771551158e+00 -1.8245899797492571e+00
39 8.7359899762246307e-01 -2.2966332260853051e+00
40 -6.3357839620886480e-01 -4.0978051277859304e+00
41 -2.6017224021335439e+00 -4.9311661193318823e+00
42 -4.5943512908827078e+00 -2.7480921033998724e+00
43 -8.7853388744497032e+00 1.5594838566151248e+00
44 -9.3835941759241077e+00 5.3611188110469810e+00
45 -1.0106969886894181e+01 1.1703592762538362e+01
46 -1.7407035753119686e+01 1.7595485987107224e+01
47 -1.2572537263327760e+01 1.5264166950865727e+01
48 -1.2526844864109368e+01 2.7829931393307511e+01
49 -1.3724575758968498e+01 2.4017497014604967e+01
50 -1.7853220207455443e+01 3.7225725322852369e+01
51 -3.0602522345601649e+01 7.9269613164520237e+01
52 -2.0916745274399446e+01 7.8708446178614849e+01
53 -1.1454562096606038e+00 8.6408009537414316e+01
54 4.6386878810967509e+01 5.2603812591612353e+01
55 1.0088859706697214e+02 -3.7601690066522075e+01
56 1.0743971590571519e+02 -2.2781456762546145e+02
57 9.3288889629991331e+01 -2.9438240568731720e+02
58 1.3803661361332504e+02 -1.0147302734954465e+02
59 -4.8781949971702062e+01 1.9375084783296185e+02
60 -8.3142438989204791e+01 4.6028470914434638e+02
61 4.1973223277206543e+01 7.8093156956229609e+02
62 2.0951501720105460e+02 1.0999696152990884e+03
63 1.6612163783304510e+02 1.1902496038740990e+03
64 2.0596657143107984e+02 9.0557564697573036e+02
65 4.6479042796261064e+02 9.8618430909834001e+02
66 6.3697182087813110e+02 1.5009499314546754e+03
67 6.7523814343452045e+02 2.5913405484661744e+03
68 2.1866138661157083e+03 7.7392936760645816e+03
69 1.0669863490799695e+04 1.4865057354876226e+04
70 3.4011902737574688e+04 2.3969470186801780e+04
71 8.1901901865752850e+04 3.5880666550167560e+04
