0 5.3816327362797654e+05 -2.9540315350964876e+04
1 2.9572127929691668e+05 -2.8238951885224782e+04
2 1.9273481033163960e+05 -2.3316439079499658e+04
3 1.1674827272023218e+05 -2.1101444520517500e+04
4 6.5296416816352292e+04 -1.6627902684213153e+04
5 3.7253268608626800e+04 -1.0947419979518936e+04
6 1.8071494575403740e+04 -7.9010093744927999e+03
7 7.2236029263147229e+03 -4.0860378068813416e+03
8 2.8814951524546523e+03 -2.9397258057511353e+03
9 1.3827139209236577e+03 -1.9413297802828179e+03
10 1.0623719282124994e+03 -2.1331536789614911e+03
11 9.6262641873190603e+02 -1.9550185451987618e+03
12 8.4618247015386282e+02 -1.5652191043214381e+02
13 1.5706953785124855e+02 6.1104879934968358e+02
14 2.6462730480391309e+02 6.8835110640805794e+02
15 4.0330104192535418e+02 6.0724339332657905e+02
16 3.2973938699599228e+02 3.8199131080962775e+02
17 3.0478209313691696e+02 1.5419732058950765e+02
18 2.9143307236475260e+02 -2.0084499611295723e+01
19 2.5147941695073240e+02 -5.7391567414987975e+01
20 2.1053315962848856e+02 -2.5457814454688368e+00
21 1.6495086030222004e+02 -1.5137950671536718e+01
22 1.0893960383101228e+02 -1.7271737773182970e+01
23 8.0686020776752542e+01 -1.6334675303523451e+01
24 6.3214615833100069e+01 -1.2206319103908337e+01
25 4.8288877109682936e+01 -1.0161617065899119e+01
26 3.0141177660848541e+01 -6.2134657691218891e+00
27 1.7927500105653099e+01 -3.7306302507809774e+00
28 9.5239646297606591e+00 -2.6048525234166688e+00
29 4.9878340825516121e+00 -1.5413544666662318e+00
30 1.4550414210735716e+00 -1.4404522593455198e+00
31 -1.8210298737194697e+00 -1.0073724161041435e+00
32 -1.3292980720512970e+00 -2.9495410718946165e+00
33 6.5671282988180679e-01 -3.6865428654107570e+00
34 2.3820239677346557e+00 -2.4518358991443443e+00
35 3.4669270977710953e+00 -1.2081664165214958e+00
36 3.8965762986621897e+00 -1.8119418790164703e+00
37 3.8756347658174306e+00 -2.2610343099682457e+00
38 4.7872929115479597e+00 -1.3829241542750035e+00
39 5.4519792215147405e+00 -4.7552497782667083e-02
40 6.4945185925383520e+00 3.7273853326827300e-01
41 6.0596771096795301e+00 5.6282632877157601e-01
42 5.5156057090063193e+00 8.6774618720375118e-01
43 3.7603539403245030e+00 1.8767164685992175e+00
44 1.1418418551762803e+00 2.9799361876721142e+00
45 2.1401296014435522e-01 4.8406308099726250e+00
46 3.9895221679076078e+00 6.5425986598828745e+00
47 6.8427586212993123e+00 9.7059174623679869e+00
48 9.6525431270745106e+00 9.7185643721320414e+00
49 1.4264953635736177e+01 1.5641268332745767e+01
50 1.3736428740077429e+01 1.6525456227905700e+01
51 1.0208911468948363e+01 6.6992841924275970e+00
52 -9.2234071492808667e-01 -5.0854195148584278e+00
53 -3.8889858105137174e+00 -8.5062529022950475e+00
54 -5.2368272414943355e+00 -1.2045114387919877e+01
55 2.3161310281053273e+00 -8.5369301213090338e+00
56 3.4648536584969548e+01 -1.8578933454060476e+00
57 3.6410832850051150e+01 -8.2241558827238492e-01
58 1.6522179333969973e+01 -1.6130958634230481e+00
59 1.2769342336982669e+02 3.0376066264589831e+01
60 2.6834313463222281e+02 2.7960279873034011e+01
61 2.8934359607084178e+02 -7.7589899592125946e+01
62 3.6507257255195083e+02 -4.4962341895380874e+01
63 6.3610088250006982e+02 2.1560730053998003e+02
64 4.9464175695786321e+02 2.2148815765367098e+02
65 1.9825508841174360e+02 6.1063871608009219e+02
66 4.1092904694608978e+02 1.0337288855529612e+03
67 1.9858242598456559e+03 1.0249148289504612e+03
68 5.7821123802559014e+03 3.4015969002300426e+02
69 1.4623193203844725e+04 -1.5946648251149368e+03
70 3.4282405469021774e+04 -1.4556198651197105e+03
71 7.9335370162986714e+04 -4.9238156668265674e+02
