0 5.5816566988559428e+05 1.5287558690853364e+04
1 3.2180977051913453e+05 1.9793866452072874e+04
2 1.9347261949106626e+05 1.4935210765107815e+04
3 1.1313402595718231e+05 1.4731789197057375e+04
4 5.9964797241847089e+04 1.2573732888385226e+04
5 3.2443166433028480e+04 7.6689631029633365e+03
6 2.1163291760581385e+04 4.6021279903313607e+03
7 1.5843648072659304e+04 2.6643377654678961e+03
8 1.0448958202109323e+04 1.3721166306607493e+03
9 7.2280882749079501e+03 2.4677496769426455e+02
10 3.0905291207352111e+03 1.1200456387170448e+01
11 -9.0665856022195896e+01 2.2478889616370486e+02
12 -1.2366568894900520e+03 7.5351938262372343e+01
13 -1.2171921334015999e+03 -1.7585726118104253e+02
14 -8.1381598673749772e+02 -2.3893337549522624e+02
15 -4.3765622074272164e+02 -2.0839972028231279e+02
16 -1.3624948808797896e+02 -3.0345856331542183e+02
17 8.7184165444148718e+00 -3.3506504290783641e+02
18 3.1271978712465106e+01 -2.4527094831022927e+02
19 -2.8043878907582737e+01 -1.4169280365430001e+02
20 -6.1256055121614111e+01 -4.1406619854163253e+01
21 -3.1047258386832858e+01 -1.2385458941846879e+01
22 -5.3115682605179870e-01 2.7299302116866830e+01
23 2.5774919522686925e+01 2.5094571520776668e+01
24 3.2884902395201600e+01 -1.7126496932365544e+01
25 2.6674756273735664e+01 -3.0308606043813995e+01
26 7.5338275648042181e+00 -2.1541496140350027e+01
27 7.0053109413952912e+00 -1.2607956694140704e+01
28 4.5130867646154238e+00 -4.1739968206105740e+00
29 -3.3863540214911603e-01 1.5867652488116444e+00
30 -6.0134486104061091e+00 4.7570636367710222e+00
31 -6.7928669643333830e+00 2.0003212224545774e+00
32 -4.7014605234541103e+00 6.2316616110385992e-01
33 -2.4348056514907728e+00 3.4630779256347655e-01
34 -2.0832686648017473e+00 2.8444586060162309e+00
35 -1.7229144087512793e+00 4.0875703553848757e+00
36 -1.7845723003647576e+00 4.1443892627327763e+00
37 -9.4163373592278754e-01 2.6694785220906563e+00
38 -1.0733202727922495e+00 1.4451449363111828e+00
39 -1.8167217303462677e+00 8.8342700341407687e-01
40 -4.3173217827162489e+00 1.1219249654363743e+00
41 -6.5227258056599826e+00 1.3432383150919085e+00
42 -6.3568700561600053e+00 1.9178766145697748e+00
43 -4.1690582052235960e+00 4.7759828883996880e+00
44 -1.0868533976551151e+00 8.6812423979887949e+00
45 2.3337294414950609e+00 9.6306582048248597e+00
46 1.4571011725999310e+00 6.2938387469912200e+00
47 -2.9844938411784061e+00 2.4335695478104382e+00
48 1.7501159967269166e+00 -3.5663952490346809e+00
49 1.1643455272007284e+01 -1.1327830774218413e+00
50 1.7158318060388932e+01 1.1676724481152169e+01
51 2.0438139994335362e+01 1.7191190229386216e+01
52 1.5191382771505074e+01 1.7745038467905651e+01
53 -2.8058165063273712e+01 8.4426834087306162e+00
54 -1.0319588272598631e+02 -5.8428442199871064e+01
55 -9.7001389403219804e+01 -1.1209909757681478e+02
56 -5.0136545473904945e+01 -1.6992650128720396e+02
57 -1.3032377055266323e+01 -1.7170574904671156e+02
58 -5.6624905040055751e+00 -2.6642261695681725e+02
59 -4.6865497221438716e+01 -3.3201682706966255e+02
60 3.6847112663960587e+01 -2.7675423985494842e+02
61 8.5356958155653075e+01 -1.6371759731272078e+02
62 1.4154396622650438e+02 -2.6291951561047733e+02
63 2.7096706933445569e+02 -4.5872622484886494e+02
64 4.5742240817792708e+02 -3.3960667723544998e+02
65 5.6838057798306613e+02 -5.0354548307255027e+02
66 4.0917102205686035e+02 -2.0112558982388766e+03
67 1.5255726944743067e+03 -3.5089245560582876e+03
68 5.4752704049401827e+03 -6.0046745073997399e+03
69 1.4630866586757869e+04 -9.6563636287505196e+03
70 3.6147146342743254e+04 -1.7814629379485399e+04
71 9.0290296545200705e+04 -2.4422171518359304e+04
