0 4.5604256631855131e+05 -5.1538564057018148e+03
1 2.0687748462862012e+05 -1.0615069809495792e+04
2 1.0642892017118915e+05 -1.0107150482402147e+04
3 5.5957234094372179e+04 -9.7815501497288551e+03
4 2.8385602921572186e+04 -6.6204009149695667e+03
5 1.5561627587548879e+04 -4.8240856104611148e+03
6 8.7796923755323569e+03 -3.4700815558231993e+03
7 4.9183513118841638e+03 -2.0367166108484696e+03
8 2.8382538067228497e+03 -1.3675701313993691e+03
9 1.3242538563702296e+03 -5.4832351746222446e+02
10 8.0761482254354371e+02 -3.6014720510892755e+02
11 4.7117910318747772e+02 -3.2277672768204036e+02
12 2.7506462913845331e+02 -1.4225362572040055e+02
13 1.3626564438819190e+02 -8.6890496062711321e+01
14 4.9924493640743769e+01 1.2435427213315673e+01
15 -1.5318867585842394e+01 4.0212191911447363e+01
16 -1.3175100859825083e+01 1.9129827314933252e+01
17 -2.6158831880418990e+01 1.6628299152095071e+01
18 -9.2127807003630249e+00 3.0745360526552371e+01
19 1.2425388808380731e+01 3.1422023580845792e+01
20 4.1461953030920702e+00 1.6961278414186872e+01
21 -1.8377054698849580e+00 1.4322717747608753e+01
22 -5.7877267399032197e+00 1.1816773690340273e+01
23 -1.1915361012224968e+00 1.0949190650650131e+01
24 2.1769510491142241e+00 8.4889465866670211e+00
25 3.3211253258646032e+00 6.6079435409717604e+00
26 2.4512440329373377e+00 5.0010541803338899e+00
27 2.4422347661325539e+00 2.3264769580284281e+00
28 2.1881759900910134e+00 2.2049340523428542e+00
29 2.1763730685964138e+00 2.2236660541047697e+00
30 1.4173774141996278e+00 4.5319481973382514e-01
31 1.2561104243488752e+00 -2.8661589799026721e-01
32 8.7869033824003606e-01 -1.1488439589936970e-01
33 6.6218922350027420e-01 -1.9413695340343973e-01
34 7.1762311036478632e-01 -5.3139033785266865e-01
35 8.0320578323378311e-01 -1.5745021514127633e-01
36 1.0407814397389661e+00 1.5270332441620937e-01
37 8.4819411502150865e-01 2.5516693857611072e-01
38 4.1198647458731297e-01 2.5775802141037824e-01
39 3.7665719713941626e-01 3.7449031027752644e-01
40 5.8613186473128387e-01 7.7773451054450549e-01
41 2.9359122648054625e-02 8.5409654677437918e-01
42 -8.3027047042952251e-01 1.0254529743465923e+00
43 4.0938540549153957e-01 2.5216952800173309e+00
44 2.2210927860816740e+00 2.8997939144385212e+00
45 2.4055763684053710e+00 2.6028031384338544e+00
46 3.9478458202860756e+00 1.0762427145866531e+00
47 1.1717144434484860e+01 -2.2471107276639846e-01
48 1.6385375249736544e+01 1.3150112867458632e+00
49 1.9722421876619109e+01 -1.2003818343778376e+00
50 2.9160519578613332e+01 -1.7467161706315846e+00
51 2.9073000113488742e+01 -1.0256728690822520e+01
52 2.3384612369273491e+01 -2.4899183680227395e+01
53 1.3959066754310850e+01 -1.1027495051477286e+01
54 1.6580879891826434e+01 2.0076653862903271e-01
55 1.7822342554194226e+01 2.7583412547886169e+01
56 7.7036259825451864e+01 8.4133651033098758e+01
57 1.2810701083964102e+02 1.1890354884009031e+02
58 1.7846832632126811e+02 9.6901398298677051e+01
59 1.5676183746912267e+02 3.5593151563005307e+01
60 2.2238955037247820e+01 1.8231469301776849e+02
61 -3.0438819973599914e+02 4.6530307923557200e+02
62 -6.0132958599917379e+02 5.8082926389008003e+02
63 -6.3918359860079738e+02 7.8555368230663476e+02
64 -6.7358046269455076e+02 6.9691254788017704e+02
65 -5.1472940062548071e+02 2.2140284383530718e+02
66 1.7310720573722952e+02 -3.5701655841767388e+02
67 2.5883711143921546e+03 -1.0452602959084666e+03
68 6.0708501570960516e+03 -1.3078502873628963e+03
69 1.3521393101155736e+04 -1.9517300880099829e+03
70 3.3460895881574703e+04 4.0292016077915855e+02
71 7.7409806830142406e+04 6.0944542212247288e+03
