0 4.7029270118663332e+05 3.1582606532587542e+03
1 2.1505997651989700e+05 -3.6507206615568439e+03
2 1.1345621648051485e+05 -4.0321990261791552e+03
3 5.8012793400051523e+04 -2.9899886516530014e+03
4 3.0290295641641766e+04 8.7057425630921375e+02
5 1.6567613447163192e+04 2.6696000178899803e+03
6 9.6456285842409343e+03 1.4564457767851118e+03
7 5.7223905915011392e+03 2.9312390796208985e+02
8 2.9158390802057388e+03 -1.7961497063864960e+02
9 1.4375809282430400e+03 -3.8072950177205053e+02
10 4.3213659565889714e+02 -4.8123983345394618e+02
11 6.8960113008956057e+01 -4.4072378318192989e+02
12 -9.7153418160955056e+01 -2.9780946434309504e+02
13 -1.5006840902448738e+02 -2.4072930513270950e+02
14 -1.4273215365133041e+02 -2.4073551003348106e+02
15 -7.6095338761827762e+01 -2.1942306122686347e+02
16 -5.3897104935091342e+01 -1.2843595146004390e+02
17 -5.2168497713773149e+01 -2.7175765778032225e+01
18 -2.8787825507073265e+01 4.7685477310066936e+01
19 3.4555380645126007e+01 7.4243328095583990e+01
20 5.3657496952590876e+01 6.5708439060058964e+01
21 3.4587511130196887e+01 4.2315782653864829e+01
22 9.8468460793300103e+00 2.6215363808327581e+01
23 6.6724631383267727e+00 2.4870945514674322e+01
24 -5.4064711653002542e+00 2.3289668757034782e+01
25 -2.7360558128906177e+01 2.0983733120296289e+01
26 -2.8483427013919531e+01 1.0876830555587215e+01
27 -1.2838953456155942e+01 7.7732088029950193e+00
28 -5.6733677190356924e-01 3.1556708056276026e+00
29 4.6174530053816305e+00 9.3074997964975581e-01
30 4.1361784177133840e+00 5.8930219915206528e-01
31 3.1611213804319767e+00 4.0922042181276719e-01
32 2.2776164673690946e+00 1.1523736429065983e+00
33 1.9734607147813150e+00 3.1627515806639970e+00
34 2.5439008565121228e+00 4.5006147965190699e+00
35 2.4175173536048922e+00 4.1410196468689806e+00
36 8.7344127943611383e-01 3.8719823272936624e+00
37 -1.2736639416357323e+00 5.5635326082257048e+00
38 -2.5345756952563914e+00 6.8553673922949621e+00
39 -3.4867787174614149e+00 9.3448438382758070e+00
40 -3.3545783741646136e+00 1.1109691268458533e+01
41 -1.6883143251710182e+00 8.3214665303423416e+00
42 7.4577899179900209e-02 3.6841800920133005e+00
43 4.9331983095859788e-01 6.9634124533903352e-01
44 1.5066236806459832e+00 1.0091822035106128e+00
45 1.5516149205513503e+00 1.9332926684765128e+00
46 1.2063608776335291e+00 1.3757145353625790e+00
47 1.6680326458834827e+00 -2.0932235260139898e-01
48 -1.1661790277862816e-01 -6.2057803189631793e+00
49 -9.2227087214518413e+00 -1.4906677037276250e+01
50 -1.2646063914806270e+01 -2.3227731933277905e+01
51 -2.0591147556173190e+01 -3.8241102777979947e+01
52 -1.7236244656427189e+01 -4.9022758073810060e+01
53 -1.8834961874543499e+01 -5.3988540521488574e+01
54 -4.3632102420378601e+01 -7.8829163896898649e+01
55 -6.1929099521351077e+01 -9.6483394762271459e+01
56 -6.9495697335971030e+01 -1.1873325924502940e+02
57 -6.4337896595829164e+01 -1.1424009795570004e+02
58 -5.8978763245088857e+01 -1.3367680254219925e+02
59 -1.5524111086726032e+02 -1.7025034869978094e+02
60 -2.2700325293246567e+02 -2.4256960798266536e+02
61 -3.8782575623756475e+02 -2.9419549314979218e+02
62 -6.6171220207204522e+02 -3.8695829040201363e+02
63 -7.6208187064665094e+02 -4.2621701195267565e+02
64 -7.4832667664295468e+02 -6.5370864592268765e+02
65 -6.7359352331475100e+02 -8.9844572805518442e+02
66 -1.2244283385513586e+02 -1.1108459883285532e+03
67 1.2356602645815949e+03 -1.1985412438417072e+03
68 4.0218737571991405e+03 -9.6425046144278463e+02
69 9.0126277537825245e+03 -3.2560672592071603e+02
70 2.3990504141392936e+04 1.3083267738221122e+02
71 6.6120601542154996e+04 9.4388614159628321e+02
