0 1.0287730383541263e+00 -1.7982841391914214e-03
1 1.7459561801633893e-02 -2.0795955671479765e-04
2 8.6821668004669387e-04 -2.1004549434174960e-05
3 9.0748244631026000e-05 -2.1144068719520160e-06
4 1.7753748201283845e-05 -9.9951240431544292e-07
5 5.3156418516376234e-06 -7.7114917056216791e-07
6 2.4961213030810784e-06 -5.4462142966202566e-07
7 1.5218775154177055e-06 -4.4748152992813261e-07
8 8.7633771334424932e-07 -2.0889588319849838e-07
9 5.2694096927368667e-07 -1.2552412488345722e-07
10 2.8146867877214620e-07 -7.3894590122755134e-08
11 1.3559968243536443e-07 -5.7094550569305612e-08
12 1.0198476304383084e-07 -7.8161867611908939e-08
13 6.8896257300052663e-08 -9.1635943371089309e-08
14 4.2559211360807926e-08 -5.5035469769188049e-08
15 2.4010838919531288e-08 -2.7357945465382247e-08
16 1.4229581318660800e-08 -1.4132748371860699e-08
17 1.1264226527498384e-08 -4.7161749367293960e-09
18 9.8844619137529077e-09 -2.3353963274010990e-09
19 7.5758021653736746e-09 -3.2491688857670596e-09
20 5.0323844336818682e-09 -1.6969041430712352e-09
21 4.0753663686302095e-09 -1.0823142914131074e-10
22 3.0567280336767651e-09 -1.2069472591245745e-09
23 1.2173712915290825e-09 -7.7734062826316333e-10
24 -3.5177864567500426e-11 1.1415542506580985e-10
25 -2.8516778234065048e-10 5.4235482026496783e-10
26 3.2213542938479150e-10 1.1197784609155260e-09
27 4.4823921165210012e-10 9.2676689307822381e-10
28 3.3276913139061286e-10 5.4227648148602909e-10
29 1.3290382296682064e-10 3.5926777000545312e-10
30 4.7656767264496372e-11 2.2258727126476463e-10
31 4.2927454624046164e-11 2.3344946254148563e-10
32 -6.9737274818916147e-11 9.1358301824862016e-11
33 -1.5265660193079053e-10 1.4409498229959454e-11
34 -9.8389569199403789e-11 -1.1761200949347687e-11
35 -4.9710164732991643e-11 -2.8142754191956140e-11
36 -2.8151787491048040e-11 4.4587719211314470e-12
37 5.1836453235890029e-12 -4.2742221043268165e-12
38 3.7098042479525507e-11 -7.3561766337317831e-11
39 8.8148487630922939e-11 -1.6377256785321843e-10
40 2.3071792046701668e-10 -2.0015350607227084e-10
41 3.3509905703631832e-10 -1.1755082991048580e-10
42 2.1996649136107384e-10 -7.3417952686638811e-11
43 2.9605595780283779e-10 -1.2445809789366020e-10
44 2.8511305780900726e-10 -2.1768904683977723e-10
45 5.4828032755729276e-10 -5.2660799316380728e-10
46 6.2187596528131817e-10 -1.6443891052423139e-09
47 6.9242110890273815e-11 -2.5559328580019678e-09
48 1.2376415089635532e-10 -3.3691874133909205e-09
49 -1.0261149485647459e-09 -4.7007530664597825e-09
50 -2.5707680439727203e-09 -6.1815666843060672e-09
51 -6.4502232777241716e-09 -8.9224810980026962e-09
52 -1.0719188783617968e-08 -1.3468423940866616e-08
53 -1.5395357691453331e-08 -1.5759244984454693e-08
54 -2.0461868927072187e-08 -1.7722349701712858e-08
55 -2.1496233379936821e-08 -1.1823099878899582e-08
56 -2.1297899379155450e-08 -7.5725188567207439e-09
57 -2.1814406040411736e-08 -1.0950143999274156e-08
58 -1.6076714403437733e-08 -1.5782315944000260e-08
59 -1.0102591254966387e-08 -1.0895641581891169e-08
60 -3.4483408461896851e-09 3.7307970590049142e-09
61 1.8433083381953808e-08 1.9960035591790606e-08
62 5.8409242985037823e-08 4.2809136408752411e-08
63 1.0831666561733830e-07 7.3755033629448131e-08
64 1.9792300156102962e-07 1.3313935209715001e-07
65 2.9542396403103774e-07 1.7074980342613348e-07
66 4.3765614118270929e-07 8.8760576279246507e-08
67 8.0666992903393554e-07 -6.0814359987656599e-08
68 2.9707332990779423e-06 -4.6365725222352093e-07
69 2.2412069710993829e-05 -1.4482197959663463e-06
70 2.5304088244887347e-04 2.7433760379537452e-07
71 4.1218107542941125e-03 9.9812717486229567e-05
