0 1.0209857519802599e+00 -1.1274205149310564e-03
1 1.7341342533172210e-02 -2.3931736571551781e-04
2 8.1496102214572114e-04 -3.4692287499861218e-05
3 7.3416143993584082e-05 -6.7495828234621731e-06
4 1.2942863200910164e-05 -1.7157627936470690e-06
5 3.6099243313080238e-06 -6.3834059374235489e-07
6 1.6039678817755938e-06 -3.2405243208892425e-07
7 8.8882666023387501e-07 -1.2586387576349686e-07
8 4.9675768317955550e-07 -5.4650318013319525e-09
9 3.1875979389158409e-07 5.1859082623178284e-09
10 1.6821126618482408e-07 -1.2621120902850054e-09
11 8.6561352767042408e-08 -8.1111274033035855e-09
12 3.6624216261638055e-08 -1.4123039953998470e-09
13 1.6437838184333609e-08 -1.7709037349011837e-09
14 9.6976743107564869e-09 8.6206861235827116e-10
15 6.3368968532784478e-09 1.7228266518010132e-09
16 4.2779084601515245e-09 5.3088173976055159e-09
17 6.0321417454215706e-09 4.4973457766418984e-09
18 4.6119609467891687e-09 2.4537452972841430e-09
19 2.2544350810540075e-09 1.1932661045089060e-09
20 1.0690423648539511e-09 8.0646962223911854e-10
21 1.1321813623593933e-09 2.5661090042370247e-10
22 9.7576569330090628e-10 8.3171821756846550e-11
23 7.3633204255571271e-10 2.4115373169346532e-10
24 5.6851118737243241e-10 3.3808958913959304e-10
25 3.5006701155611546e-10 2.5006103968633083e-10
26 2.5836466882796856e-10 2.8647608175470680e-10
27 8.7415747195092991e-11 2.8778651739335894e-10
28 -4.3077663818892563e-11 2.3768306512924563e-10
29 -6.5749092216250627e-11 1.4564824450708010e-10
30 -1.2257347996894193e-11 1.6403162216341208e-10
31 -5.1628733258597041e-12 1.1790389889785538e-10
32 -2.4650674145866281e-11 7.9631320372132802e-11
33 -4.6272152626805693e-11 2.4927645728918344e-11
34 -3.0080825175194184e-11 -2.6211716399564497e-11
35 -2.1335134128620885e-11 -6.5153622875619301e-11
36 -8.8295671481590779e-12 -5.2002121340151225e-11
37 -5.1391674438801272e-12 -1.1355972135165069e-10
38 5.7188977989579285e-11 -1.1975150640045784e-10
39 1.5088916714234067e-10 -1.3095467968060490e-10
40 2.2187213382805413e-10 -1.0145459435324739e-10
41 2.0106114720226680e-10 -1.6137953162247201e-10
42 2.2618326170627514e-10 -2.4657860426827875e-10
43 9.9002021609165133e-11 -2.0648465046276488e-10
44 7.6069959453051511e-11 1.0964142734041685e-11
45 3.9687257017003532e-11 -3.5108912797907196e-11
46 -1.0512973932475478e-10 -3.9656788450281730e-10
47 2.0524567834320228e-11 -8.3045124548917613e-10
48 -2.6847790918591664e-11 -6.1490977220138684e-10
49 -7.3525320980621831e-10 8.3580281415378759e-11
50 -8.3563886308168537e-10 -1.1180935353182842e-11
51 -1.1910657602448821e-09 -1.8691466869217539e-11
52 -1.8033237650000011e-09 3.3405519209400096e-12
53 -2.7260498910441751e-09 -5.8153096860699139e-10
54 -2.2834266147837962e-09 -1.1232262701203564e-09
55 -1.6224532794890132e-09 -1.6572374000478476e-09
56 -4.1072905187645996e-09 -2.6737311327050778e-09
57 -8.7390724883587494e-09 -9.6835373889556704e-10
58 -7.3318001784151056e-09 -7.0253868427075816e-10
59 3.4373361444955498e-09 -2.2610308213425968e-09
60 5.9974678611667399e-09 -1.5821280347143557e-09
61 1.0941638511289336e-08 -6.2321227619429092e-09
62 -1.3375066125470958e-09 -2.0137948640434466e-08
63 -1.8112603031050491e-08 -3.2651228895923807e-08
64 -9.7434537264012268e-09 -4.1796941220522670e-08
65 4.2498695310090478e-08 -5.1017417495851701e-08
66 2.1359431463009526e-07 -4.1728327060689193e-08
67 1.3763163474773475e-06 6.8263696837521499e-08
68 7.8804629063727073e-06 2.6665184144938860e-07
69 4.0472160098928196e-05 1.6432202612316571e-06
70 3.2847610614145805e-04 1.3343039372108866e-05
71 4.8162069495169407e-03 9.0524517545659489e-05
