0 1.0311843764433082e+00 7.1123264679099209e-04
1 1.6834260987374759e-02 1.2253873426914608e-04
2 7.6618364001865497e-04 1.1423625416917001e-05
3 8.0658696792734147e-05 2.1710713574687917e-06
4 1.7105660511301456e-05 1.8466751049427419e-06
5 5.8891562080817597e-06 9.5328809535933505e-07
6 2.6632612304678050e-06 6.0502010659394947e-07
7 1.2503352184498219e-06 2.5291249116576884e-07
8 6.2481075518789973e-07 1.4250429005684773e-07
9 3.3717359606773491e-07 1.0017418953121199e-07
10 1.4206100434730898e-07 1.3970186976045120e-08
11 6.9234841292033498e-08 -2.7901660630244372e-08
12 4.2761689453514694e-08 -2.9688776128096035e-08
13 2.3756766477805085e-08 -1.6229390306938844e-08
14 1.5735786951187967e-08 -1.3035721831469149e-08
15 9.4097962106251242e-09 -8.9908896168790907e-09
16 4.5129291746623273e-09 -4.5544617137086225e-09
17 1.8829697255629771e-09 -1.2517333998825633e-09
18 3.3404550858812280e-09 -1.3699919474281525e-10
19 3.8246524578412904e-09 -4.2144354714115522e-10
20 2.4652212205448572e-09 -1.6319421809734365e-09
21 1.5728112183276097e-09 -2.9031762266293774e-09
22 1.6208261925387030e-10 -2.4746318308563274e-09
23 -5.3953582618276042e-10 -1.2438963831593055e-09
24 -3.2824166470912604e-10 -6.5197564965821147e-10
25 -3.1380671315603052e-11 -2.9971271626607581e-10
26 1.8500562726599792e-11 -4.4091424766064419e-10
27 -1.3576937795654141e-10 -3.6639763871385887e-10
28 -1.8817400022294760e-10 -2.0634358430089443e-10
29 -2.6393125889081539e-10 -8.8593775614097649e-11
30 -3.0738784398354819e-10 -1.1914060050376279e-10
31 -2.2428612889225439e-10 -1.5653836003248214e-10
32 -8.7871157410132166e-11 -1.8468683333456058e-10
33 -5.2228752280126117e-12 -2.1469447928121845e-10
34 5.6712132177889705e-12 -2.2083860645219996e-10
35 1.6508483602492437e-11 -1.7151544983482732e-10
36 8.4569798824475058e-12 -1.2108718033931817e-10
37 -4.7603429394077915e-12 -9.5011710347065348e-11
38 1.2721681241417494e-11 -8.6038353814744411e-11
39 4.0367093061956740e-11 -8.6305543249067614e-11
40 9.4416710292843608e-11 -1.0380182675181792e-10
41 1.2981192603387731e-10 -1.0690184291004736e-10
42 6.5980544309158875e-11 -6.9368479269224797e-11
43 7.8169400127756174e-11 -7.0260130827004380e-12
44 8.3652035909741337e-11 3.7653550707313096e-11
45 1.0202422868260698e-10 2.4321781392475103e-11
46 1.3026444728835453e-10 -3.9655541927180015e-11
47 1.3624165131129116e-10 -2.8693158273775691e-10
48 3.3590100334904658e-10 -6.0479849755820435e-10
49 6.2487744103645905e-10 -8.9504464421220110e-10
50 5.6791625811739909e-10 -1.5018570633262750e-09
51 7.1232190024591445e-10 -2.4146503430548797e-09
52 -8.1887140929142298e-11 -4.1616463599768777e-09
53 -2.4760815967503032e-09 -5.0536075038800750e-09
54 -4.1838134060195187e-09 -3.0193479588376193e-09
55 -7.2444758215139765e-09 -6.8543184269658068e-10
56 -7.5666562853280481e-09 3.9544381148617023e-11
57 -5.0198490492765994e-09 -2.8653343166377299e-09
58 1.7286346103564629e-09 -8.4389811436700865e-09
59 2.0168536444954303e-10 -1.8504111230318595e-08
60 4.4701710970185115e-09 -1.9425995562264209e-08
61 1.3541254524586351e-08 -1.8017460230608869e-08
62 3.2497469703628758e-08 -1.6034081805425444e-08
63 6.3331522558012773e-08 -7.4499073277053301e-09
64 1.1207116022038665e-07 3.6824673388039404e-09
65 1.9593076558616303e-07 8.9678887938916506e-09
66 4.8639504198990138e-07 5.8951855205336411e-08
67 1.6476388698553940e-06 3.0050110471764115e-08
68 5.7459436886679952e-06 -1.6669776133494892e-07
69 3.3435595078054359e-05 -2.1987037277485212e-06
70 3.1969384354569116e-04 -1.8091658499621916e-05
71 4.4085702094252650e-03 -6.4514749955936490e-05
