0 4.2499206628028309e+05 -1.0438591398730823e+03
1 2.2347886227382487e+05 -4.2000594654966644e+03
2 1.3791167570136971e+05 -7.8111614856114638e+03
3 8.2498189924715232e+04 -9.7604062038977027e+03
4 4.8676159758204492e+04 -1.0229599966482339e+04
5 2.9956835022298725e+04 -6.7760791979657088e+03
6 1.8316752582928024e+04 -4.5477080126903284e+03
7 1.1362703503651299e+04 -2.4859843396844576e+03
8 7.6914259417037101e+03 -2.4520363805001466e+03
9 5.1175857913584532e+03 -2.2297333363497191e+03
10 3.5594304731713237e+03 -1.7322692528396624e+03
11 2.8454392027312620e+03 -8.1859429876030867e+02
12 2.6528396834782739e+03 -6.7086039500451079e+01
13 1.9206490238489216e+03 1.9395195954814466e+02
14 1.2382651969471706e+03 1.3544169924034438e+02
15 6.8315383326444237e+02 1.2557402094682095e+02
16 4.2406549311251354e+02 1.7043510467629216e+02
17 2.5995215296915086e+02 1.6581284685204315e+02
18 1.7647270670347200e+02 9.0076972870200748e+01
19 1.1873847715800997e+02 4.0626843051057634e+01
20 5.9567359230568634e+01 2.9692650386988522e+00
21 4.8724108550074298e+01 1.4680231061778764e+01
22 4.9784216347185577e+01 7.7860527223585869e+00
23 5.7709206349977173e+01 -1.4531059666175679e+01
24 6.2212016104305775e+01 -3.9685927159569573e+01
25 5.5769179578363818e+01 -4.0035348589977453e+01
26 6.5793112521751311e+01 2.1326658546236859e+00
27 6.2302445467918972e+01 1.8672022327270639e+01
28 4.7893119546583335e+01 1.7518317294086643e+01
29 2.8126190786571762e+01 1.7751369603851813e+01
30 1.4977163334791868e+01 1.5996198297296683e+01
31 5.6881786819557085e+00 7.1706924556716789e+00
32 -3.3240394944112834e+00 2.3926836472582411e+00
33 -6.5953422196008233e+00 1.7904901295954689e+00
34 -6.6651998026583348e+00 -8.8084181881794832e-01
35 -5.8214353681583484e+00 -3.5787368517688281e+00
36 -7.8870938900008696e+00 -3.9078017328186005e+00
37 -8.6318754206936177e+00 -1.9247924868324542e+00
38 -9.1280632076877843e+00 -1.4243871221243229e+00
39 -8.9437901696317450e+00 -3.3951168313895357e+00
40 -6.0372788000718014e+00 -4.4173964825567733e+00
41 -2.9463367293347944e+00 -6.4293682988065886e+00
42 1.1475485090710018e+00 -8.5283837375407323e+00
43 3.6569967328558279e+00 -9.3256070504674504e+00
44 3.2847745332985991e+00 -4.7799338571416605e+00
45 8.6988782642531826e-01 2.9547030821415259e+00
46 3.1576700583558655e+00 -8.2421190204447825e-01
47 5.9709335405227062e+00 -3.6743345748082268e+00
48 -3.5213416329116676e-01 -7.3810818186237217e+00
49 2.0623223033377185e+00 -1.4791244209897894e+01
50 5.5432922026836531e+00 -1.1435235792657650e+01
51 -1.3619129869278304e+00 -4.9243988477934177e+00
52 1.9799395201777301e+00 7.9569605232488261e+00
53 3.7835913031208506e+01 2.7226792107415275e+01
54 5.9182795278465704e+01 5.6983654224605068e+01
55 5.5519314932859416e+01 5.6489120135188394e+01
56 6.1093762764848734e+01 6.0070671007868512e+01
57 7.7579986739507319e+01 7.3882596399959397e+01
58 9.3953982993909364e+01 -1.6286067296250387e+01
59 7.3103570590742180e+01 -1.7890062159108621e+02
60 5.8192166903798750e+00 -2.2628783206707149e+02
61 -1.3034901254159843e+02 -1.3733672639014290e+02
62 1.4247393489569760e+01 -2.9459518553953990e+02
63 1.8762166683769516e+02 -3.0794415168415242e+02
64 4.4681880101552036e+02 6.7028574664386880e+01
65 1.3500170506149157e+03 3.3957012728303221e+02
66 2.7390977325466120e+03 1.5711625853808887e+03
67 5.0849509969091250e+03 4.0994457656235300e+03
68 1.0428641975142442e+04 7.5160207729445392e+03
69 2.0979506091121799e+04 1.0376326710221290e+04
70 4.4480772340924392e+04 1.1463587843646448e+04
71 9.0963530752358347e+04 1.2253837750576189e+04
