0 1.0546254343984309e+00 2.0408056584780382e-04
1 1.7190355893561250e-02 9.9270299268751670e-05
2 6.6734377322360226e-04 4.5887498582859134e-06
3 6.4344819484992891e-05 3.9970652157119608e-06
4 1.5582203717207689e-05 2.0324504532280587e-06
5 5.8177221223574172e-06 1.3234568682031233e-06
6 2.4806184465559668e-06 9.2504872220389095e-07
7 1.2004096280643281e-06 6.3592771917998930e-07
8 6.8841894261201714e-07 3.4482467100054463e-07
9 3.6006961350087498e-07 1.2375261475972716e-07
10 2.0509384772413373e-07 3.3846525052132392e-08
11 1.1802393600015604e-07 1.1724409772059594e-08
12 7.2074529255570858e-08 1.4088974910173660e-08
13 4.3014262557415509e-08 1.9890479384772272e-08
14 2.2747650464909370e-08 1.3123793546440640e-08
15 9.2774663492698145e-09 7.2827362073872275e-09
16 6.4085325154971828e-09 4.0249846166236367e-09
17 4.4201776983286200e-09 3.1712532781190284e-09
18 6.4600979097839897e-10 2.7490718210791842e-09
19 -1.0193558265789666e-09 5.4473615094219329e-10
20 1.5581119473545371e-11 3.9254551272542282e-10
21 1.1127004466271806e-09 -6.8160438196131417e-10
22 1.0020793817877113e-09 -9.6000012583360164e-10
23 4.7624037417581287e-10 -7.2312231577824828e-10
24 7.4573271293395369e-11 -1.4498671822423089e-10
25 -1.2940345051203486e-10 -5.4957659434319539e-11
26 -2.0447263290848493e-10 -2.0450698491272437e-10
27 6.2907904216283286e-12 -4.7179186965454946e-10
28 6.7657081027567995e-11 -6.4580237481699768e-10
29 -2.2422914288891154e-10 -4.8663048410395608e-10
30 -1.5426383956286447e-10 -4.2073025165264341e-10
31 -6.0027214352068256e-12 -2.7212433823250651e-10
32 1.9016337394684086e-10 -1.4188945227483666e-10
33 4.1160949089813352e-10 -6.5539076724277532e-11
34 3.0791348961232393e-10 -1.1769464813520213e-10
35 9.7936039174169826e-11 -3.8500349564523223e-10
36 -1.4772419662767801e-11 -4.3811242811126394e-10
37 -3.6572816268825938e-11 -1.1835860979349853e-10
38 6.8582261785563337e-11 -8.6999934470244059e-11
39 9.4001899659452479e-11 -1.8281793217863453e-10
40 2.5399415545726133e-10 -5.9537676238964518e-10
41 5.4669358978473934e-10 -1.2713102975095264e-09
42 7.2474045951991120e-10 -1.5807099275057846e-09
43 8.8683077633409381e-10 -1.1158603565982456e-09
44 1.0007846398022932e-09 -9.8967867186456179e-10
45 6.9720595672198333e-10 -9.6851515056523173e-10
46 -3.3944829802024244e-10 -1.5443793259220009e-09
47 1.9457744791957187e-10 -3.5025460799935786e-09
48 1.0073891420236507e-10 -5.3452364772396856e-09
49 -3.5988251282788320e-09 -7.5220651462235677e-09
50 -6.4044895263005462e-09 -8.8647478246094994e-09
51 -5.0806583255465273e-09 -8.1972772411833106e-09
52 -1.8551885426557727e-09 -8.4319349034065148e-09
53 -9.5119009006431090e-10 -9.9172108628624854e-09
54 -4.1410052150943857e-09 -1.0324212092365970e-08
55 -4.3191134043091943e-09 -8.9407947475457059e-09
56 -4.6885642553054611e-09 -7.5707717656330895e-09
57 6.7822768963830813e-10 -8.3115183347596800e-09
58 8.1493788414620682e-09 -1.7958653772389797e-08
59 -7.2946875566419516e-09 -4.1318779325401729e-08
60 4.0294599756857657e-09 -6.9348632718848404e-08
61 2.9824560475517781e-08 -9.1019266297245687e-08
62 2.9191369187290031e-08 -9.3119220736652145e-08
63 1.8294047737577351e-08 -1.1370662392184823e-07
64 -5.1441642709208613e-08 -1.9149078640029278e-07
65 1.5992497857117753e-08 -5.1744696038875721e-07
66 4.6090894612266663e-07 -9.3360727968146986e-07
67 1.3975313596192714e-06 -1.7980980370704559e-06
68 4.9282978811081790e-06 -2.7041060483769288e-06
69 3.4613234766640707e-05 -4.9509475368473751e-06
70 2.5669563145369601e-04 -1.7955155805966216e-06
71 3.8217581389547125e-03 1.1006793690422002e-04
