0 1.0241521035763350e+00 -1.5425874754649220e-03
1 1.6952775795415858e-02 -1.0924858998472852e-04
2 6.9404187414750162e-04 -1.3399217919132602e-05
3 5.6717971334296056e-05 -2.5807740439431897e-06
4 9.7230075344105665e-06 -1.1307749876281874e-06
5 2.7108425029677484e-06 -4.7110033998568323e-07
6 1.1457316029133641e-06 -2.1562874659493777e-07
7 6.0006861141018665e-07 -1.6429756936651317e-07
8 2.8635508335976616e-07 -1.0479951138194449e-07
9 1.7374949925618956e-08 -1.9338801863621672e-08
10 -6.4857756541549005e-08 2.7236776265531388e-08
11 -5.6258087871413081e-08 3.1087350991767027e-08
12 -6.0046871733697256e-08 1.2242037662933688e-08
13 -4.0133472090396366e-08 1.6835131713347187e-08
14 -3.0396274303427323e-08 2.2602498848065807e-08
15 -2.3963836037015839e-08 4.7316671799239994e-09
16 -1.8020441111202777e-08 -4.5961494485947218e-09
17 -1.7612678540917259e-08 -1.0497978927511970e-08
18 -1.3981044806251691e-08 -8.0854927943373904e-09
19 -1.2924363880102990e-08 -4.7491801652360303e-09
20 -9.8029723729188790e-09 -3.3735615465656505e-09
21 -9.0368362049275919e-09 -4.3783687454925676e-09
22 -5.5027033935595249e-09 -5.7969468792341173e-09
23 -2.8244773669553477e-09 -4.8362178970713888e-09
24 -2.1359705371597049e-09 -3.8661305920043886e-09
25 -7.2044203966261643e-10 -3.5667025251032244e-09
26 -5.4465415567104963e-12 -2.5189611214831309e-09
27 -3.7048754261841782e-10 -1.2750424318091780e-09
28 -1.4530041965608298e-10 -5.5976350196320608e-10
29 5.4183191379390602e-11 1.6829051940474127e-10
30 5.4521029536649829e-10 6.8359167461061882e-10
31 2.8179820403698275e-10 6.5568523509927088e-10
32 2.7772310151574297e-10 3.8373035233078231e-10
33 4.8456921780250160e-10 1.1267180267254316e-10
34 7.1598331223958562e-10 -1.1272620423113586e-10
35 7.5663645417774381e-10 -1.2989820772809672e-10
36 6.1393643687027252e-10 -2.3458518816373648e-10
37 4.2276932948697622e-10 -3.0324860188652780e-10
38 3.0769524634931376e-10 -3.6580682274196027e-10
39 4.2696680637426449e-10 -1.6679345591235378e-10
40 6.0815286412224138e-10 5.7848737637912991e-11
41 3.2896772287797914e-10 4.6604091307302395e-11
42 1.1376370689828799e-10 2.6211138511304034e-10
43 -3.0630054472326850e-10 3.2299619127490055e-10
44 -9.3401199682130453e-10 1.4041489958796029e-10
45 -1.4162911997066105e-09 4.0443445423857831e-11
46 -2.6393484127221763e-09 3.2079595342623340e-11
47 -3.2107231884528838e-09 2.9577550739767975e-10
48 -3.2175288757248280e-09 2.4521970644532212e-10
49 -2.9598409554627135e-09 7.5561702257921117e-10
50 -3.2817545428617224e-09 1.5857353730818047e-09
51 -4.5969104551064921e-09 7.9142043733879116e-10
52 -4.3061064406901035e-09 -1.6403438193265126e-09
53 -3.5792700239422525e-09 -3.8582366080729782e-09
54 -3.3931471180238771e-09 -6.1830696787903212e-09
55 -3.2835158331421147e-09 -1.0217572901905057e-08
56 -1.8283831733944540e-09 -1.4412346090258178e-08
57 -3.2398944089418578e-09 -1.6771862344984193e-08
58 -3.2292653844467708e-09 -1.2803781035387708e-08
59 -3.3339031745548581e-09 -4.8499803982499546e-09
60 -4.5748238881369575e-09 -1.4953692236645468e-08
61 -3.2973003031445646e-09 -2.5285283524105053e-08
62 -1.1750004789635041e-09 -3.2724069490106870e-08
63 7.1620131948058806e-09 -4.5682698082168604e-08
64 9.1984283099729824e-09 -7.3519310463967099e-08
65 3.8222040838459223e-08 -1.0683016357486143e-07
66 1.1269241070571231e-07 -1.0692791451957554e-07
67 4.4918487642318402e-07 -1.1571072661771379e-07
68 2.2923084581209932e-06 -6.2481409226075228e-08
69 1.6469804017076398e-05 -7.0529878224289863e-07
70 2.1806895699415753e-04 -2.7620628218065616e-06
71 4.1325095371207866e-03 9.0579357847222165e-05
