0 6.1491338326957659e+05 4.8870995831042484e+04
1 3.3493892579149595e+05 6.0212369484300885e+04
2 2.2880487624789996e+05 6.9523520405045114e+04
3 1.6781263392315671e+05 6.3464885248085891e+04
4 1.1811993326521546e+05 4.1633391093959726e+04
5 7.6712667153120390e+04 2.4815958930448091e+04
6 4.6253108449598381e+04 1.5436240647719000e+04
7 3.0942632035687464e+04 1.3183797779498283e+04
8 2.2214720057703551e+04 8.7364041432972208e+03
9 1.5625917233367571e+04 2.4487466099345311e+03
10 9.4522365364897814e+03 8.1873591500097359e+02
11 4.9446047199172008e+03 1.9632909639874765e+02
12 3.5725939443336897e+03 -1.5230306485843533e+02
13 4.3049957450714464e+03 -9.4003623932702624e+02
14 3.5766921644333606e+03 -1.3521053143771355e+03
15 2.3731019571552642e+03 -1.1897229576194704e+03
16 1.6206408982681478e+03 -5.6595478334935115e+02
17 8.7955781051254735e+02 -2.4862700698877487e+02
18 4.6659943962281619e+02 -1.6374167566975837e+02
19 2.8966612758160994e+02 -7.3865813680595934e+01
20 2.1747701389402988e+02 1.6349580378264999e+01
21 7.5495762427861337e+01 1.6122284931348002e+01
22 2.8290800700360464e+01 -2.5922348557388389e+01
23 -2.0742935777834450e+00 -5.1719205142157037e+01
24 -3.2485159725938146e+01 -3.9424191197189948e+01
25 -5.3320535002737515e+00 -2.3537067103058604e+01
26 1.5530440909144357e+01 -2.1051084456518577e+01
27 1.9213805821140198e+01 -2.8572684625736290e+01
28 2.2487894984972248e+00 -3.9617716709595754e+01
29 -2.8232374931025808e+00 -4.8781456204562389e+01
30 7.3612083431541944e+00 -3.6502898743736431e+01
31 1.5420214201393666e+01 -2.7608062213898187e+01
32 1.4879739268810019e+01 -1.9445193061261147e+01
33 1.3886945718672504e+01 -1.0618891102205405e+01
34 1.2083058397101007e+01 -6.1017097190139635e+00
35 9.1284479219647103e+00 -3.8659873262790154e+00
36 8.0501199856091343e+00 -6.2673825805490191e+00
37 1.0359032676299138e+01 -6.0249314746959239e+00
38 9.3433129682071652e+00 2.7773740562623721e+00
39 1.0680137046777574e+01 8.1983638657220599e+00
40 1.2389253114115343e+01 1.0297113872812353e+01
41 1.3131546358438680e+01 8.5197079054530960e+00
42 1.4086258103858809e+01 3.3103063423186692e+00
43 2.6705831621264370e+01 -4.5656735573967193e+00
44 3.7471187191094018e+01 -1.0367205898003887e+01
45 6.0969163999672844e+01 -1.1549504920019045e+01
46 7.3540202888234916e+01 -1.0160692342462887e+01
47 5.9313321559808536e+01 1.3271631058564374e+01
48 5.3570757015120080e+01 3.4486885385027605e+01
49 4.4198592425579655e+01 6.1112525382904025e+01
50 1.3830104420463845e+01 7.9662097749045017e+01
51 2.4975378291809449e+01 8.4273815552102505e+01
52 6.3352516069412289e+01 1.1299791289374755e+02
53 7.6219086811085049e+01 1.1785071115824151e+02
54 1.0095675505307253e+02 1.7744013957427481e+02
55 1.1377577174463960e+02 1.3133609947294354e+02
56 2.4718940476247589e+01 1.3263387846157218e+02
57 4.6041725828010669e+01 7.7487291201246791e+01
58 6.8383143708395409e+01 -1.1433410423261810e+02
59 9.5602572176033469e+00 -2.1514808620128071e+02
60 1.6893296567823865e+02 -2.5009450688319708e+02
61 1.0758185664507364e+03 -9.6728007026919795e+02
62 2.0090498197485547e+03 -2.0545657539544836e+03
63 1.5284956402236635e+03 -2.4488988890825876e+03
64 1.5023115090776751e+03 -2.7493260569704380e+03
65 1.6908914502633679e+03 -3.7724212052933676e+03
66 2.3507785408767932e+03 -3.3789363602372478e+03
67 2.2572369778383904e+03 -3.1496909859260477e+03
68 5.1349145463816440e+03 -1.0950621904084589e+03
69 9.4354473544270222e+03 2.5138523174264838e+03
70 2.2562602769840269e+04 -8.3400134410791634e+02
71 5.8463910387537231e+04 -4.3034684718877561e+03
