0 9.8571963701908660e-01 3.4251099783226842e-05
1 1.5901496977016181e-02 -1.7844135346646397e-05
2 6.4769143137701445e-04 5.7673042619054663e-06
3 5.4960811703556951e-05 2.3850584967016809e-07
4 1.0523074505820298e-05 9.9660800232726270e-08
5 3.9540959793438555e-06 2.3073166839467084e-08
6 1.8884956234787345e-06 6.4511843384635096e-08
7 9.9701152415623102e-07 -1.7253147871046623e-07
8 5.2711333402614355e-07 -1.9813634989932171e-07
9 1.8776533000392451e-07 -7.0246858374383713e-08
10 8.1702503759683572e-08 -2.6514654868580180e-08
11 4.2039893421405052e-08 -6.1732323842221152e-09
12 1.8438002046173132e-08 -1.0022729871192134e-09
13 7.2715832898223714e-09 -2.0632416626059105e-09
14 8.2129828458024395e-10 5.2466845486366642e-10
15 3.7700449337778018e-10 1.9126932499958055e-09
16 2.0105586114903821e-09 -5.6404804050049037e-10
17 2.3091014267989684e-09 -2.3978379171388810e-09
18 1.6992936992490815e-09 -2.6864594781391666e-09
19 6.7714945346258985e-10 -2.3945200342976670e-09
20 1.5071012152470129e-10 -2.3575281537136981e-09
21 2.7711598436913341e-10 -1.9307386359933200e-09
22 1.6011266788031169e-10 -1.5998602911341998e-09
23 1.7315529031285370e-10 -1.1997384126663917e-09
24 1.5393698431785160e-10 -9.8986565684697829e-10
25 1.0674614171928378e-10 -6.4492382183260783e-10
26 2.2377512053929316e-11 -2.8531558875109909e-10
27 5.6338817997133430e-11 -7.2697358530247244e-11
28 5.3808251555115938e-11 3.3949113155642855e-11
29 4.8505067880806116e-11 8.7446536309350411e-11
30 3.9695843915360089e-11 8.6364083024705194e-11
31 1.5936105303713171e-12 8.4405888087772575e-11
32 -3.5235908559151989e-11 8.8660149249996970e-11
33 -3.4857726323999113e-11 5.7051946383154646e-11
34 -2.0136312629223472e-11 2.7841462023947591e-11
35 4.0862905895581614e-12 -8.2521721214692845e-12
36 6.6700601661059472e-11 -2.3070317620363952e-11
37 9.3600112643186259e-11 -1.0548900806150874e-11
38 8.3177357123742442e-11 2.1857053925243783e-11
39 5.3866965515182577e-11 1.6967964708533756e-11
40 6.7730623070083109e-11 6.5078867996810174e-11
41 9.0058395176398277e-11 1.1639409520455780e-10
42 4.9568852178368134e-11 5.9104050603879206e-11
43 9.6852544343321431e-11 -4.7292606245245763e-11
44 1.6616820657779844e-10 -1.3801015675877043e-10
45 2.0618304182708109e-10 -2.5560014559986461e-10
46 2.4101404709984178e-10 -2.9652553715258185e-10
47 5.8709220198918932e-11 -2.7798763412867400e-10
48 -2.5010178218581992e-10 1.9172829675150265e-10
49 -4.1124284528018947e-10 4.1023212469571799e-10
50 -8.5630325873148862e-10 9.7652380126657195e-11
51 -1.7703295201887640e-09 -1.6581134806720982e-10
52 -4.4454902959381381e-09 -1.4142039681811715e-10
53 -8.6948142767032900e-09 -8.9985313078447972e-10
54 -8.7249331114097726e-09 -4.1850745560305703e-10
55 -7.7021268221737170e-09 -1.4504883612237533e-09
56 -8.1144962901955904e-09 5.6192747057866686e-10
57 -1.0779965567756980e-08 3.0945245856805941e-09
58 -1.2676496833740032e-08 -1.9389071018916754e-09
59 -5.3043431948387918e-09 -8.2390366513974566e-09
60 3.8847709448930840e-09 -1.0067968741241661e-08
61 1.6735212719615828e-08 -1.9865728087448800e-10
62 3.9741637896363259e-08 -1.7910774107249020e-11
63 6.5337027921619138e-08 3.6974180765310019e-08
64 1.1000490723281723e-07 1.0808266028060391e-07
65 2.3239518263641551e-07 1.8214418045792683e-07
66 6.5239708021611970e-07 2.1714079325284877e-07
67 1.9930110959722824e-06 7.7722090294800905e-08
68 7.0701144903489252e-06 -2.9502518789165425e-07
69 3.2218166093265107e-05 -2.2310726681926734e-06
70 2.4576821736177078e-04 -6.3618835253342691e-06
71 4.5266002596732226e-03 -2.2096443258061359e-05
