0 5.0431634910804871e+05 3.3228614119355525e+03
1 2.7799956937414978e+05 9.0320718103846357e+03
2 1.7095318971296778e+05 4.3776814268115131e+03
3 9.6283638433051601e+04 2.3076354814861378e+02
4 5.4852464555222621e+04 -1.6630823966359599e+03
5 3.0229153319128323e+04 -1.1338701754892336e+03
6 1.6683645033374323e+04 3.9130589932646672e+02
7 9.5606738465809067e+03 -8.8744992090051051e+02
8 5.1991210569678242e+03 -3.1798227443274141e+02
9 2.2626058044996184e+03 2.6653059974796201e+02
10 2.3696455501293556e+01 1.2364568105935200e+03
11 -1.4168842698348335e+03 1.5556652846939085e+03
12 -2.1447816486255351e+03 6.8994927612883600e+02
13 -2.2181614056065714e+03 -2.3630448511926548e+02
14 -2.1396011949582062e+03 -6.5332730559460970e+02
15 -2.0640503105216558e+03 -1.2293165214071107e+03
16 -1.8519146045967136e+03 -1.4835253111923485e+03
17 -1.2533018528817818e+03 -1.3892133663971408e+03
18 -1.0102897273272567e+03 -7.6869431324351262e+02
19 -7.9908806134530289e+02 -2.6594379244119585e+02
20 -4.2976860626446398e+02 -8.3773878677887694e+01
21 -1.4371936662151947e+02 1.1547642652896560e+02
22 3.0442687141432316e+01 2.6665794508049612e+02
23 1.3992408408555883e+02 2.7130150234549717e+02
24 1.0217598654181621e+02 2.2791420239540048e+02
25 7.7430470896936100e+01 1.5819508476088146e+02
26 1.2042085166937670e+02 1.3209378715588858e+02
27 1.0885760078683285e+02 7.5278240759776210e+01
28 8.8305495370341362e+01 5.0788351455544202e+01
29 4.1434040895390424e+01 3.7075288383155815e+01
30 6.2660675603178468e+00 2.3535448225702666e+01
31 -5.4695492539485961e+00 -3.5866649165439268e-01
32 -2.5241276875253895e+00 -1.3803773892602358e+01
33 -4.5460973814257173e+00 -1.8500912177789331e+01
34 -1.8059740943756079e+01 -2.8209141783614356e+01
35 -1.7380344817003490e+01 -1.6602273293058179e+01
36 -1.3311873597023208e+01 9.0012073007065716e+00
37 -1.4905762040629867e+01 1.8676694745365676e+01
38 -1.4281226917597845e+01 2.9431299034777847e+01
39 -8.6624094857214011e+00 3.6433114107477628e+01
40 -3.3063679693545525e+00 3.7446006823260724e+01
41 -7.4122418535133772e+00 2.6097296593394667e+01
42 -7.0107929370444633e-01 1.7271733246860542e+01
43 8.4918088517821548e+00 1.1392139352535299e+01
44 3.0223858641209429e+01 1.6383959214824721e+01
45 4.5442231336420313e+01 2.3599310838301172e+01
46 2.9995203172225089e+01 4.9267093922891426e+01
47 1.7312568039981535e-01 8.5632668045755821e+01
48 -1.9220621390555035e+00 1.3249357025712439e+02
49 6.2155243209067326e+00 1.6594463024259204e+02
50 8.1863605375104420e+00 1.6313336946140839e+02
51 -1.9325262537235961e+01 1.4958500641503639e+02
52 -1.5232087067447182e+00 1.6167118380535035e+02
53 3.2944083398146049e+01 1.5071183219692159e+02
54 3.5159248983230185e+01 1.6509557704762341e+02
55 4.2091905359167697e+01 2.0229552131429159e+02
56 1.6062042625611573e+02 1.8648239895205910e+02
57 3.1932422609222920e+02 1.1251083143614328e+02
58 5.4026887391247658e+02 1.6144032542871008e+02
59 5.8443112142363657e+02 2.2152292388291110e+02
60 3.2857437394266879e+02 2.5515188447412129e+01
61 3.1373678352444267e+02 2.4814930584984151e+02
62 3.2635626127018469e+02 7.3297065470864300e+02
63 8.5406536339476691e+02 1.8919120202678660e+03
64 1.2757645332541185e+03 2.2628235527345068e+03
65 2.1570977828181394e+03 8.2304081957704534e+02
66 3.2716533958091227e+03 5.5342064702875041e+02
67 1.9726235232254655e+03 2.3982004761446560e+03
68 3.1205303441433089e+03 2.6255437800505815e+03
69 1.4230310542909401e+04 3.0036554224682368e+03
70 3.9655065947155395e+04 3.6362341208076814e+03
71 8.9854861934105327e+04 1.4323195404411347e+03
