0 9.9094890000878777e-01 -1.0172556798834820e-04
1 1.8068331815773310e-02 6.4986438099953847e-05
2 7.7130210849384571e-04 -9.1721845570704331e-06
3 7.2801916415870269e-05 -7.5602271629462189e-06
4 1.6818496998856838e-05 -4.7267199832572500e-06
5 6.1890404279417242e-06 -3.1061591823500143e-06
6 2.6195695178467485e-06 -2.5708217298962459e-06
7 8.1915306476786768e-07 -1.8376765483211981e-06
8 -3.0749215491977738e-08 -1.1805554418189197e-06
9 -1.3509686552055812e-07 -6.3361609000081917e-07
10 -7.4734482341257598e-08 -3.0356159122680186e-07
11 -4.7695461136365491e-08 -1.8512639569235421e-07
12 -1.3435405230658835e-08 -1.1694518552089815e-07
13 1.6816957190163384e-08 -6.2650046904484972e-08
14 2.0049583550138731e-08 -4.1038355051127323e-08
15 1.9741746391844579e-08 -2.5011953255936862e-08
16 1.4682507192576178e-08 -1.4242882676859018e-08
17 8.9734421736169592e-09 -7.9324930999911404e-09
18 4.3931514607647253e-09 -3.6149037181708514e-09
19 5.5729483066311113e-09 -6.0719045959624966e-10
20 5.1914676414726879e-09 3.1850204532345322e-09
21 4.5172419240552255e-09 4.4260825571914901e-09
22 3.3363368601546072e-09 3.6396578515878488e-09
23 2.0550535593029609e-09 2.6758972214833311e-09
24 1.2260859813251683e-09 9.4652720931057848e-10
25 8.1648077489350783e-10 -8.2391537577070967e-10
26 6.8274051271808092e-10 -2.0990548128382712e-09
27 2.8893961343796752e-10 -2.1670337082925349e-09
28 1.5523315529471058e-10 -1.6110334175323958e-09
29 7.4735803187416256e-11 -1.1640590358076465e-09
30 1.3980633931309220e-10 -7.6095153804591699e-10
31 3.3965773664499970e-10 -6.0627719620058329e-10
32 4.4448466173942287e-10 -4.1415172496396558e-10
33 4.6174325640474430e-10 -3.4689420772036526e-10
34 3.8938119971011427e-10 -2.3713664751508020e-10
35 1.7285766752956174e-10 -1.1955172694258331e-10
36 -1.0869798677407767e-10 -3.8890707087541308e-11
37 -1.1944326045537130e-10 2.9739379399465876e-11
38 7.9418215842713674e-11 1.3605427466545642e-10
39 3.3538990146980419e-10 4.7619066511645168e-10
40 3.0418278696200275e-10 6.5240181798545557e-10
41 1.7140554364763959e-10 4.4387642446831624e-10
42 1.9238025337009428e-10 1.8524520472017622e-10
43 3.6628694706666462e-10 -5.0643611539603973e-11
44 7.1590776103931357e-10 -1.4627781677729109e-10
45 8.0313504275621069e-10 1.4242151045960315e-10
46 4.9792826071481088e-10 4.9856873052115294e-10
47 6.1880702301346655e-12 7.3164021773750429e-10
48 5.5118351906250934e-11 1.3518819850008472e-09
49 4.6552298009989953e-10 1.8911073382548878e-09
50 9.3993539074980893e-10 2.3907341273885272e-09
51 6.2803437696365295e-10 3.6219369096630733e-09
52 2.2978385101078441e-10 3.8962155270555714e-09
53 -3.5384611033463914e-10 1.1996494868251066e-09
54 1.1898088941598655e-09 -7.4456623097114385e-10
55 4.7046332762804540e-09 2.3328975282389234e-09
56 8.8995106290283847e-09 4.6775946506578282e-09
57 1.8382423714432607e-08 1.3673707439419567e-08
58 2.0845049409562782e-08 2.3852317169364886e-08
59 1.5100400292395990e-08 3.1332742342552813e-08
60 1.0462116209092861e-08 3.0722519905382465e-08
61 5.7443291363035714e-09 1.8504316205036901e-08
62 -1.5681947199733698e-08 -1.4555111964625677e-08
63 -1.8828367770640273e-09 -6.4045185255602540e-08
64 4.0528422558789587e-08 -7.4518434338770105e-08
65 1.9935055033964733e-07 -4.6678378871623966e-08
66 5.8400565906833928e-07 1.7290949179953195e-08
67 1.5591969806523819e-06 4.6642570898493625e-08
68 5.3200789743121565e-06 -1.4333017404596445e-07
69 2.7757891280089262e-05 1.6709730446639949e-06
70 2.6445388791858360e-04 1.1590431029150163e-05
71 4.5890873910638744e-03 4.0732746673597127e-05
