0 9.8912296724894488e-01 -1.9096937425881782e-04
1 1.5389079168999195e-02 -1.2532736215435644e-05
2 6.2885678293255756e-04 6.0236416365351792e-06
3 6.3383636701987302e-05 9.4176697593217774e-07
4 1.5120377480205294e-05 8.7210270244113258e-07
5 6.3894137860008835e-06 1.0082947965860482e-06
6 3.6830703697583960e-06 7.3985618045170549e-07
7 2.6655285064754066e-06 4.3778972399330967e-07
8 1.6232772849678884e-06 3.1856715207196267e-07
9 9.6762940050753874e-07 5.2787543695264027e-07
10 6.3108512649115705e-07 5.2084286802740429e-07
11 3.5388168582272280e-07 2.2703549889559893e-07
12 1.8889952538182146e-07 1.2754764405922542e-07
13 6.5703446049707923e-08 1.1483014222360836e-07
14 1.0006734049763493e-08 9.7320133246579477e-08
15 6.8062758327156542e-10 7.8817501682330383e-08
16 8.4004757128630301e-11 6.4672395682508208e-08
17 -6.9286160758541074e-10 5.3686353627885796e-08
18 -9.2274483895215220e-09 3.8334256937254145e-08
19 -8.7550336939003408e-09 2.5058039372716051e-08
20 -4.1802758366238537e-09 1.3800473632506514e-08
21 -4.8435982224778675e-09 5.4394262799376956e-09
22 -7.6902515441919444e-09 2.6414029931327823e-09
23 -5.3387937512037036e-09 -1.4389216348742503e-09
24 -1.1457576078849276e-09 -1.4019089557969920e-09
25 2.6166498391850048e-09 -7.3618818948554879e-10
26 2.6230777118588807e-09 1.7259511144832980e-10
27 2.6011726455343100e-09 3.5708610178601292e-10
28 2.3152387165910729e-09 8.6252217689564041e-11
29 1.3341702998370672e-09 9.3235786114898091e-11
30 6.4515528406834013e-10 4.1293129043104412e-10
31 3.4146216330895921e-10 2.5131649475197906e-10
32 2.9927982649184048e-11 2.8769845648196690e-10
33 2.1660251824250183e-10 4.0805437671574092e-10
34 3.3856687327499914e-10 3.0062002126608846e-10
35 2.4965431962132351e-10 2.0117166903989801e-10
36 2.1996906595349765e-10 1.1236473365996729e-10
37 2.1548574289721250e-10 4.7655736348657501e-11
38 2.8543859666610289e-10 6.1199636368262259e-11
39 2.6563876069945998e-10 -7.0865646710577773e-11
40 2.7184506774921457e-10 -1.8930262917213817e-10
41 1.8590090175377616e-10 -2.9030657521635674e-10
42 1.1697108885909256e-10 -3.8279998304179962e-10
43 -3.3037471329436903e-11 -3.4980648684360186e-10
44 -2.5639319732691753e-10 -3.1314902414497514e-10
45 -2.4574131406445665e-10 -2.8332049126503489e-10
46 -2.2059268565526144e-10 -2.0034625853586863e-10
47 3.5272794745238468e-11 -1.5839520464808855e-10
48 4.4546457951068055e-11 5.1615051958164241e-11
49 -2.8420074500452641e-10 1.3541333298626366e-10
50 -4.9669695017486827e-10 -2.2687308161812162e-10
51 -1.3943029808421635e-10 -9.9572281000544808e-10
52 -3.7523466836408183e-10 -1.8953351942048863e-09
53 -1.1008217412213671e-09 -2.4589789398278273e-09
54 -1.8054109308909654e-09 -2.9142954893125994e-09
55 -3.1606852521114620e-09 -2.7748012719363447e-09
56 -3.7549021065704062e-09 -1.8314720559823618e-09
57 -6.6893410024962002e-09 -2.6313774970451935e-09
58 -6.6556714185917227e-09 -5.0848583609403165e-09
59 2.0687846661189611e-09 -1.2169169404629679e-08
60 3.2803286565204902e-09 -1.2240342912425245e-08
61 4.6519682600179992e-09 -1.4141697213684131e-08
62 1.2192162920581390e-08 -2.9439061923613268e-08
63 4.0182753862177626e-08 -7.4710873860630171e-08
64 1.3852536203080944e-07 -1.4520004991286297e-07
65 2.9301273814435345e-07 -2.4883551161402765e-07
66 6.1556830189138770e-07 -3.4562218584358757e-07
67 1.3929480981869125e-06 -4.1507544057305692e-07
68 4.8647423848805092e-06 -4.1195474209826358e-07
69 2.2216678646631793e-05 4.3614714033547863e-08
70 2.1784518053733198e-04 3.3504046484034279e-06
71 4.1794904056239946e-03 -3.3476560762312142e-06
