0 5.1745849419391656e+05 -1.4500144250668209e+04
1 2.8300508107672649e+05 -1.8116165726605912e+04
2 1.7731729011595587e+05 -1.0207537838124832e+04
3 1.0543278734339979e+05 -6.6547775516041256e+03
4 6.0864998237921143e+04 -5.6316735791345418e+03
5 3.6654829047510735e+04 -4.0883026275141792e+03
6 2.3225644045143934e+04 -4.3824451405935424e+03
7 1.3198459688892446e+04 -5.0638296921392121e+03
8 7.0373480174290453e+03 -4.9982961317735626e+03
9 4.6429276050721001e+03 -5.4190268555470739e+03
10 3.7858201118320148e+03 -4.6406822193407852e+03
11 2.8540219396259772e+03 -3.9125480011704594e+03
12 1.9764106751025122e+03 -3.2279547437195115e+03
13 1.1849260201942086e+03 -1.9817152509274820e+03
14 9.6218555402276183e+02 -1.5865463050834444e+03
15 5.2163595284532289e+02 -9.3952821636643478e+02
16 1.2038559676335001e+02 -2.0550771767155803e+02
17 -2.2945968554075046e+02 1.7888486498171235e+02
18 -5.6567764500446899e+01 2.8296718373515472e+02
19 -1.0403333164183580e+02 1.8069868529395129e+02
20 -1.7956816810311386e+02 1.7020831053507538e+02
21 -3.4221062451701528e+02 1.1990406885948457e+02
22 -3.6307176915645852e+02 -1.4434147566987903e+01
23 -2.4889863951155041e+02 -5.4663132395065851e+01
24 -1.7048137134239897e+02 -5.9744847437256396e+01
25 -8.0814518790016834e+01 -5.6269903077177538e+01
26 1.7518935199881995e+00 -2.8970222060991560e+01
27 4.4746694048994591e+01 -2.6966932923734724e+01
28 7.5542600696479212e+01 -8.3670619062637126e+00
29 7.4284342329715983e+01 5.5876850871670225e+00
30 5.8538604515373649e+01 2.8736153726303321e+01
31 4.2509918989009719e+01 4.3000383368771843e+01
32 2.6719505338562698e+01 3.3285806395750782e+01
33 1.3069789590503227e+01 1.6194939691369868e+01
34 5.1708906061483759e+00 7.2000244037696106e+00
35 1.8226591864601041e+00 -1.7578637188656387e-01
36 -3.1714223899444391e+00 6.7693129977796096e-01
37 -4.0693883102888604e+00 -1.5963649949685028e+00
38 -5.1698409206062674e+00 -1.0883223796709474e-01
39 -5.1774855915573044e+00 9.0369084275894884e-01
40 -3.0861632799825460e+00 1.6949884947162047e-01
41 -3.4890699049575014e-01 -7.9986064673899471e-01
42 3.4520636302730510e+00 9.3580958462240571e-01
43 2.7864163158355275e+00 4.1326093341220069e+00
44 2.2104603661210440e+00 3.3936003434895241e+00
45 2.5698397874254479e+00 2.7491409996573584e+00
46 3.6826367471320980e+00 7.6318268186241411e-01
47 6.1053391780298298e+00 -7.6525771268365261e-01
48 5.3637668172065496e+00 -3.8086268918622643e+00
49 8.3704879732009942e+00 -4.5971593611838060e+00
50 7.3308631926174801e+00 -1.3667643920137586e+01
51 -4.5454827757721503e+00 -1.6008163866002132e+01
52 -1.0931173473275244e+01 -1.7265299209821478e+01
53 6.7208877176831061e+00 -3.9380076125099592e+01
54 -5.0056709686811871e+00 -4.7220057961460789e+01
55 -3.1398123156924179e+01 -2.4662099795739461e+01
56 -1.0225797342414199e+02 1.7880726502138245e+01
57 -5.9795769989932040e+01 6.8151734501656563e+01
58 -2.4554418965389040e+01 1.6218367037082461e+02
59 -1.7565981857483069e+02 2.1636516278737420e+02
60 -4.0295021853735705e+02 2.0552106261038722e+02
61 -4.5646372095561708e+02 9.2324870539048732e+01
62 5.4847491326563841e+01 2.0008178143785948e+01
63 5.6247746104485896e+02 3.1716879375733703e+02
64 1.0038466367532185e+03 1.0602276893489507e+03
65 1.4303173362236498e+03 1.9078879156789874e+03
66 2.0975685910445413e+03 2.0181556772426570e+03
67 4.2002261774696017e+03 1.2357357743091052e+03
68 9.5656391362523973e+03 1.0562891472764072e+03
69 2.1091636545020821e+04 3.2336866595260512e+03
70 4.1460070374036994e+04 7.1019572518515679e+03
71 8.3511458058820674e+04 1.0502419229055011e+04
