0 1.0446016562964036e+00 5.2436466186613290e-04
1 1.6343933049960832e-02 -4.5280600717919493e-05
2 7.2045372296142317e-04 -5.7180968387542821e-06
3 5.4689842740598583e-05 -4.2679397761657619e-07
4 1.0208506663421854e-05 1.9709727836034863e-07
5 3.3501372717643741e-06 -2.3678909993501088e-07
6 1.2795178912710918e-06 -2.6523027423400581e-07
7 5.0045391854304069e-07 -2.3594453416771302e-07
8 3.2405399212335581e-07 -2.6687974088978834e-07
9 2.4786788791361849e-07 -2.0641080313958220e-07
10 1.2219594101948296e-07 -1.6963917066806133e-07
11 2.4259429039499964e-09 -1.3700613359821218e-07
12 1.5765410006061746e-08 -1.1043848863056371e-07
13 6.9346631624128105e-08 -1.0546672843385736e-07
14 8.2635523395258862e-08 -9.7002808779383182e-08
15 9.5212982267545648e-08 -1.1336282317927087e-07
16 5.8613068545322345e-08 -9.7693619144178423e-08
17 3.0247748194166070e-08 -6.2461263448456161e-08
18 1.6660533624351975e-08 -3.6090925695691156e-08
19 1.5370730278298788e-08 -2.9427310785493203e-08
20 1.4165741910533336e-08 -2.0463796963348301e-08
21 6.7719051346468427e-09 -1.6202757441343346e-08
22 -1.5160864247415962e-09 -1.0058523750291304e-08
23 -3.8746086465765006e-09 -7.0792956751502288e-09
24 -6.6280834565701566e-09 -4.7169937083940177e-09
25 -3.6347869431826221e-09 -4.7967579218112585e-09
26 -1.8330604209882402e-09 -5.1309531367819736e-09
27 2.7876717105009055e-10 -4.8207129009148130e-09
28 1.7622586861580495e-09 -3.0234320959798729e-09
29 1.5128263909456063e-09 -1.3670698069381716e-09
30 1.5513481896433450e-09 -7.9226507604328928e-11
31 1.4027171799255601e-09 8.2249381593881293e-10
32 9.8939394114798566e-10 5.1458235169197149e-10
33 7.9486068325408315e-10 -8.2770689551594140e-11
34 6.6133578384906560e-10 -4.1872956579550563e-10
35 5.8049898181828228e-10 -4.9797714566902934e-10
36 4.5904924769962747e-10 -5.1898186998244760e-10
37 4.0525900550627366e-11 -5.9227223862958229e-10
38 -2.6766251827270579e-10 -5.8779332129738026e-10
39 -6.7504836076364745e-10 -6.2602551946568409e-10
40 -7.3822901116638968e-10 -6.6182888611401580e-10
41 -3.9237509048165087e-10 -1.0541637691506136e-09
42 -1.1853507442044166e-10 -1.2296235296862321e-09
43 -1.2910946111637521e-10 -1.4412482031830774e-09
44 -1.8163909424645232e-10 -1.6498219461124064e-09
45 -1.3039000907688292e-10 -1.7497037059567106e-09
46 3.1832059728723903e-10 -2.0307444301812328e-09
47 4.7288264810324171e-10 -2.0909871161030235e-09
48 -7.0298201150140420e-10 -3.7069360011481924e-09
49 -1.8132382940558227e-09 -5.8049108029222796e-09
50 -2.0533563091388602e-09 -7.0168666097441237e-09
51 -2.9346087606114990e-09 -9.0223518004069986e-09
52 -4.9747969332447177e-09 -1.2825475212939507e-08
53 -4.4876174314547603e-09 -1.2703615272752405e-08
54 -2.6565078419989918e-09 -1.2644716531787508e-08
55 -1.3139573513718574e-10 -1.3834486086455584e-10
56 1.2512273580694583e-09 9.3552686864048595e-09
57 -1.7686104279200195e-08 1.1607510291579531e-08
58 -3.5013724875955261e-08 1.2810511830718718e-08
59 -6.6431789909455740e-08 1.5907063117187976e-08
60 -7.0491733075390622e-08 -1.6800378364630058e-08
61 -1.3652252983914630e-07 -4.7182738008441314e-08
62 -2.1147876890974082e-07 -1.0109079588381109e-07
63 -1.2053112744052934e-07 -3.3867549967805341e-08
64 4.6733963323969322e-08 1.1307380602643691e-08
65 1.1150561996596132e-07 1.4982568751931107e-07
66 1.7360062154577562e-07 6.9413189478720587e-08
67 3.9345274965668912e-07 -1.2704816451789445e-07
68 2.6321720222256398e-06 7.9921662503568748e-08
69 2.3919038536366764e-05 2.1757730211027059e-07
70 2.5156143512278386e-04 -1.5442052544132165e-06
71 4.2447318305147948e-03 -4.9317809017816222e-05
