0 -3.9559316706095901e-08
1 -9.1153015377334263e-09
2 -4.8643331316500958e-08
3 -2.8822016997601193e-08
4 -5.5775997674135740e-10
5 -2.6435584487140686e-09
6 -2.3846574264035070e-09
7 4.7099600052282208e-10
8 2.7437976318559352e-10
9 3.9312440635486130e-11
10 9.0879237316569222e-12
11 3.2754339681100788e-13
12 -2.4365132949192115e-13
13 -8.2721920029333592e-14
14 -1.7948108496749689e-14
15 -2.7592916984166181e-15
16 -3.9690666011156316e-16
17 -5.3930723886650770e-17
18 -6.7506354953711396e-18
19 -8.5486965539769213e-19
20 -1.0955039692255122e-19
21 -1.4085302971129137e-20
22 -1.9397613547492675e-21
23 -2.5457848649871344e-22
24 -2.9726544339440986e-23
25 -3.3763848196793273e-24
26 -4.2268866377693206e-25
27 -5.0273304786559831e-26
28 -5.4683243621493742e-27
29 -6.1974561259697016e-28
30 -6.8177578630285371e-29
31 -7.3788188752299457e-30
32 -7.2986855744418211e-31
33 -5.3916065283456232e-32
34 -3.4097545950956203e-33
35 -2.0217090588506521e-34
36 -8.1976169158173894e-36
37 5.9927625640639900e-36
38 2.0872336725686698e-35
39 4.1535674671203771e-35
40 6.1797596215059768e-35
41 -1.8487619355619318e-36
42 3.1377095390008578e-34
43 3.9735916741597436e-33
44 3.9325630161091473e-32
45 3.6091456027440925e-31
46 3.1356389315677231e-30
47 2.7718240416921395e-29
48 2.1930997734865304e-28
49 1.6433823820357162e-27
50 1.3213833495742621e-26
51 1.1242149836777992e-25
52 9.2973278501652013e-25
53 7.6631506358982405e-24
54 6.6005650795312812e-23
55 5.5305199416388098e-22
56 4.5953608435969010e-21
57 3.7423941913047080e-20
58 2.8610284489945072e-19
59 2.0114646941590490e-18
60 1.4049373335210068e-17
61 1.0549577400946356e-16
62 7.5685589909000249e-16
63 5.3236739599688708e-15
64 3.3094226476693768e-14
65 1.9864750942022810e-13
66 9.5346310878013894e-13
67 1.4810818905170220e-12
68 -1.5086589595969755e-11
69 -2.3961972631165281e-10
70 -1.8062033406619503e-09
71 -4.1592732925562270e-09
