0 7.8138788730299769e-01 -1.5063397849637657e-04
1 8.9231411714856233e-03 3.3517812560879589e-06
2 2.5658990725506908e-04 -5.0641820149550228e-06
3 1.1618730201011938e-05 -9.2617003993518575e-07
4 6.8945869696147167e-07 -9.4154838671210857e-08
5 5.5124072715934370e-08 -1.0533165468432489e-08
6 5.4505026001396394e-09 -1.2727062236978917e-09
7 5.5943548707227844e-10 -1.5497456736487091e-10
8 6.7120662363369177e-11 -2.1482688801148179e-11
9 9.1223735299380510e-12 -3.1671090552104903e-12
10 1.3946709629680113e-12 -4.3626182591803921e-13
11 2.2116316469948198e-13 -5.6076347601212366e-14
12 3.3055090680203280e-14 -4.6498246778590956e-15
13 5.1026224111067549e-15 -4.1034839063485100e-16
14 7.9845203102557185e-16 -8.3814624455290392e-17
15 1.2664408746626974e-16 -1.6865666660804427e-17
16 1.9845886281162698e-17 -3.5457802680978651e-18
17 2.9008028587826695e-18 -8.2599784458497943e-19
18 4.1329744296860407e-19 -1.6306156774915804e-19
19 6.3075340307831248e-20 -2.4783866677022629e-20
20 1.0410342717073512e-20 -4.1063816647069074e-21
21 1.5680385808880576e-21 -6.3129432978895538e-22
22 2.2271420804120935e-22 -1.0064900413732874e-22
23 3.3101736146830759e-23 -1.6231323115125314e-23
24 5.3839943783204652e-24 -1.7601795334232765e-24
25 7.6150064337949070e-25 -1.5639527862794287e-25
26 9.7721959630809556e-26 -1.1769185220758162e-26
27 1.3370185922348039e-26 -2.1530891523386443e-27
28 2.0293048080997307e-27 -4.5913098252530200e-28
29 2.9214812670004264e-28 -6.2002771447753972e-29
30 4.5493651415039908e-29 -9.8805284577696212e-30
31 9.3870368594014616e-30 -1.3886832182908752e-30
32 1.6635523111720301e-30 -1.8438667430051356e-31
33 2.6040299339269762e-31 -1.3643092110800722e-32
34 4.5603844740362944e-32 4.6221870551907838e-34
35 6.2260819393797828e-33 1.1976689102849028e-34
36 5.8401933812123754e-34 -1.4912766601131325e-35
37 -2.9586785800638661e-34 2.0315645062006604e-34
38 -8.0675499907056616e-34 6.4213757192945385e-34
39 -5.0003693781287863e-33 1.2198617244693082e-33
40 -1.7766524826672120e-32 1.4782683804908244e-33
41 -5.5245390380260772e-32 -9.2406450498095575e-32
42 -4.7360733634530347e-31 -8.4062019430307222e-31
43 -1.6579057742671666e-30 -4.2505809925457924e-30
44 6.1978872950387789e-30 -2.2600145986825858e-29
45 1.8479822957983284e-28 -1.1088355594017548e-28
46 3.9163427154187611e-28 -4.1243775512896881e-28
47 -1.2388830123412897e-27 -3.7529859379512447e-27
48 -2.6607505000226748e-26 -3.0932773121618434e-26
49 -2.0264151620668372e-25 -2.6497108639175505e-25
50 -8.6962912806413145e-25 5.9514728087020634e-26
51 9.1103885732452053e-25 6.2227422593097560e-24
52 6.1702196122922803e-23 5.4254150877258887e-23
53 4.9728232639956301e-22 4.3291802485993817e-22
54 4.1900528538151756e-21 2.1019779571078129e-21
55 2.7549084589768176e-20 9.5644934271648509e-21
56 1.7694505915644883e-19 -3.4826059696929505e-20
57 1.3371367558698188e-18 -7.2381459760751905e-19
58 1.1022022809341981e-17 -4.8033697245643117e-18
59 7.6269207055614647e-17 -3.4013910586705729e-17
60 6.4516424588040391e-16 1.1583807940656033e-16
61 3.9760587242866240e-15 1.6388184470699090e-16
62 3.4166791590302468e-14 5.2370411815904739e-16
63 3.2987724949923789e-13 3.3090839753589402e-14
64 2.9005592524885909e-12 4.8261404613110161e-13
65 2.6800019022535872e-11 1.9229545407210560e-12
66 2.6346859970926803e-10 3.6115912614825978e-11
67 2.6190125562779882e-09 3.5049515249047961e-10
68 4.0188206515257456e-08 -2.2386640641903254e-09
69 9.9871742800432344e-07 6.0720007871115599e-09
70 2.1112506998340636e-05 -2.5521082410633349e-07
71 7.6496951506602336e-04 8.0099815469500577e-06
