0 9.9161286042643759e-01 -5.9046276083490868e-04
1 1.6108988987732140e-02 -7.6397550969230289e-05
2 7.5497573081640280e-04 -4.6237751161006969e-05
3 7.7073016289470558e-05 -1.3743001103851694e-05
4 1.4452397645870841e-05 -2.9363802939830757e-06
5 4.8826628114880500e-06 -5.5362509363752798e-07
6 1.9478729776222704e-06 1.1157388023733152e-08
7 7.7297175032368587e-07 4.6987890405163223e-08
8 3.0738966834780710e-07 1.6589027014709104e-08
9 1.1090500020582784e-07 2.0483822122289379e-09
10 4.7649722557935630e-08 -1.8410230179078569e-09
11 2.2645041881041127e-08 -1.8037352981387423e-09
12 1.2723327793783286e-08 -3.3847456085852467e-10
13 7.0833504085768816e-09 -2.8598779173050603e-10
14 3.6788456264600476e-09 -8.8430696720812772e-11
15 1.7820699097229475e-09 2.9571802870436757e-14
16 7.7645545122045549e-10 -3.4687743128416114e-11
17 2.5223509763689506e-10 -7.4995242565237618e-11
18 7.9209767220474114e-11 -7.5302472665440469e-11
19 -4.2486091229632607e-12 -5.3302836402700540e-11
20 -2.5812007327622754e-11 -3.9882580772508878e-11
21 -2.6677926207613577e-11 -2.5851675060040130e-11
22 -2.7524977892696800e-11 -1.0551459595158771e-11
23 -2.0051617614274728e-11 -9.1206668869624259e-13
24 -1.1774658020361570e-11 -1.4777087131085263e-12
25 -4.5053119295339456e-12 -4.6446261622551796e-12
26 -3.1516548120884810e-12 -4.1457757176825552e-12
27 -1.7626161936164055e-12 -2.5873551429339348e-12
28 -4.4902232754772080e-13 -1.4593817398435315e-12
29 -2.3795866668818095e-14 -8.2163376316960165e-13
30 -1.2062961140315219e-13 -3.9663056200608686e-13
31 -1.1146874297253965e-13 -2.6281586033959773e-13
32 -1.0167357750718850e-13 -1.8090455169680327e-13
33 -9.3099595858782613e-15 -1.9279926201726981e-13
34 2.5257411659962665e-14 -2.2146875833599244e-13
35 1.5746185708497071e-14 -1.8548846056035272e-13
36 -1.5599410791107124e-14 -1.4296920444789004e-13
37 -1.8983894662742116e-14 -8.8393144633859158e-14
38 1.7197008349061883e-14 -7.5173201440384990e-14
39 3.6747002191573720e-14 -4.5673650717703489e-14
40 1.3358099255076833e-14 -1.2025724675327337e-14
41 -5.9015846237326532e-14 4.9479438742122292e-14
42 -1.0907729689241670e-13 6.2614550170000180e-14
43 -1.4577396839640307e-13 -1.5713464463615183e-13
44 -1.3973310467922100e-13 -1.8268917370742498e-13
45 2.7378520889378293e-13 -3.1120463557618154e-14
46 1.1834641481163327e-12 5.6779640524550608e-13
47 1.5600524794472481e-12 1.9811643839154194e-12
48 2.4042077068691031e-12 2.3209200786524417e-12
49 7.6339850311347743e-13 4.0305164280169163e-12
50 -5.2741995669865231e-12 6.9242325059862569e-12
51 -1.7583057604178848e-11 7.0039657965934918e-12
52 -2.1989815005258409e-11 6.0282149742929006e-12
53 -3.4393959751204049e-11 1.5922469166256163e-12
54 -6.1868875217561030e-11 -2.8995084865662621e-11
55 -8.2509450510368642e-11 -1.4238397183989156e-10
56 -5.6216642677959984e-11 -2.6358899582883744e-10
57 -3.0054697430146946e-11 -5.7623283891311106e-10
58 1.7106742282432739e-10 -1.0744472990185371e-09
59 4.9574675636671060e-10 -2.5161257417939555e-09
60 1.1995111182066817e-09 -3.5952858194984381e-09
61 1.9595706832047473e-09 -1.7849459223997516e-09
62 5.6727782332988282e-09 3.5890974011636962e-09
63 1.6394031341885398e-08 4.2478323843560630e-09
64 4.8123100788704722e-08 -1.1244278770397721e-09
65 1.5182690513105474e-07 -1.9322764512021862e-08
66 4.2571276979484249e-07 -1.5165055293675751e-08
67 1.3546471107646346e-06 2.5815340016458080e-07
68 5.3720273464876414e-06 5.2796593529587386e-07
69 3.4095417784514250e-05 1.4080975347348395e-06
70 2.5465373849096670e-04 2.2325590826281258e-06
71 4.2659877505576349e-03 4.4471039170371253e-05
