0 6.8014797364793567e-01 -1.6588293239028218e-17
1 2.8367940283855413e-02 7.3974210726875557e-19
2 3.1398975284515213e-03 4.0347002720879838e-19
3 4.3081859694478610e-04 4.7592663723851000e-20
4 6.5671328877344603e-05 1.7937687310083255e-20
5 1.1020213967155674e-05 2.2995621028974169e-21
6 1.9344873120461489e-06 4.1717475559757694e-22
7 3.5597055047295505e-07 -3.2397907324993582e-23
8 6.8246737093689746e-08 -2.7159096778824405e-23
9 1.3658360471448182e-08 2.4048553017036459e-23
10 2.8292897941179772e-09 1.5388467450327321e-25
11 5.9907573253901121e-10 -8.0510092172316163e-26
12 1.2157776119477627e-10 -3.2984903983641236e-26
13 2.4120230690217656e-11 4.0726259000210098e-27
14 4.8364385892595674e-12 6.3108872417680944e-27
15 9.8458789051951250e-13 2.7294587320647008e-28
16 1.9974457946411709e-13 2.1457016622011521e-28
17 4.0056182755554019e-14 -2.3337135112788264e-30
18 8.1503316873767603e-15 3.5868519284267881e-30
19 1.7210667776888679e-15 -2.0838561998269892e-30
20 3.7695486604143430e-16 2.2356836771095162e-32
21 7.8424138426088629e-17 -8.0142759810813852e-32
22 1.5941048453885953e-17 9.1441548817885631e-33
23 3.1229607510356189e-18 -3.6602699828484496e-33
24 6.0782222357250830e-19 3.7402662917364089e-34
25 1.1815728924245604e-19 2.7224449165044179e-35
26 2.3538116588584963e-20 -7.0608027339392065e-36
27 4.7082578465465390e-21 6.2977109845304053e-36
28 9.6015645099376948e-22 -3.6293388081638127e-37
29 1.9471159821219654e-22 -1.3983484881656794e-37
30 3.8539049935902081e-23 -6.0917545784800833e-39
31 7.7736666202807976e-24 1.4578885015081105e-39
32 1.5629562755126070e-24 3.0133522176840866e-40
33 3.1414237300522402e-25 -2.8794254524536826e-40
34 6.5023207162080715e-26 -7.1746481373430634e-43
35 1.4002634628459025e-26 1.8056197812313375e-41
36 4.4852610091379488e-27 -1.5956118513778582e-42
37 8.5866951026573474e-27 2.8250177040788312e-42
38 3.9899172963618866e-26 1.6573437197262476e-40
39 1.9732164430790015e-25 4.8835438321515116e-40
40 9.9337122746276188e-25 2.9655212301017993e-39
41 4.9200002010724906e-24 7.2550041964813057e-39
42 2.4507157113051942e-23 5.8376763724429743e-38
43 1.2025514258577823e-22 -1.9714019841915446e-38
44 5.9116150619146798e-22 -5.3240098305992769e-37
45 2.9260321420566371e-21 7.4252059826941158e-37
46 1.4501836768190702e-20 7.1313323949885438e-36
47 7.4779975555571204e-20 -3.3478079111418748e-35
48 3.7975601518029023e-19 9.2033371040379626e-35
49 1.9124676384818850e-18 -4.3413670829728937e-33
50 9.6551806943485508e-18 -2.2910541630106492e-32
51 4.9939415250003972e-17 2.4395112628904986e-32
52 2.6245047571961220e-16 -8.7565614804806316e-32
53 1.3595762810394274e-15 1.0394885886506040e-30
54 6.7891900897634310e-15 -2.1364982849735734e-30
55 3.4482564616327055e-14 -1.1257702501591522e-29
56 1.7828853972190518e-13 4.3485957400308276e-29
57 9.3873470731464089e-13 2.9976714398398449e-28
58 4.9007745023200373e-12 2.2887484396812287e-27
59 2.3987270407654504e-11 1.7838774603397811e-27
60 1.1633220645848838e-10 3.0561523282802288e-26
61 5.8417787545860960e-10 -2.7653466441795553e-25
62 2.9014285918098039e-09 1.5003419183416244e-24
63 1.5001173870504179e-08 -7.6384959690443649e-24
64 7.5651582136589529e-08 -4.4977945807570880e-23
65 3.8711646477881320e-07 4.2654946920651124e-22
66 2.0194495376097067e-06 1.0643057214848955e-21
67 1.1031427150913639e-05 2.2322847464097706e-21
68 6.7694904964581346e-05 -6.2998075452038588e-21
69 4.5275498595687179e-04 3.8945869053963349e-20
70 3.1737601527425411e-03 -2.6201552501733022e-19
71 2.8599973408020958e-02 1.0277333093352177e-19
