0 7.6224050808521238e-01 -1.9996404707108752e-19
1 3.7987016281593747e-02 9.9917856995613464e-20
2 4.6589171867850122e-03 -2.4233737997212189e-22
3 7.0659931484637339e-04 -2.3174815555778084e-22
4 1.1409822803651012e-04 6.0485942942032620e-23
5 1.9849020448368709e-05 7.2628889994692844e-26
6 3.6202073943306364e-06 6.4208245696482083e-25
7 6.8968998794275321e-07 -1.1705953306730963e-26
8 1.3755701826023918e-07 -3.9699856981490113e-27
9 2.8529452117874940e-08 2.6432025245343649e-27
10 6.0999592422585187e-09 -1.0006648753377824e-28
11 1.3235045117681629e-09 1.1577622965085525e-29
12 2.7140729969645440e-10 -1.2539083814773527e-29
13 5.6253043234068292e-11 -4.7726297319463400e-31
14 1.1829570592629979e-11 8.5972756101508900e-32
15 2.5059663370870874e-12 -6.5080142547048967e-32
16 5.2892729190222240e-13 -6.8430574094987436e-32
17 1.0994945401953213e-13 4.5470934522250764e-33
18 2.2819872318117546e-14 -4.2408508679740282e-33
19 4.8510620084695728e-15 2.0008739891836416e-34
20 1.0697376324007019e-15 1.6066922019449258e-34
21 2.2963109557002605e-16 1.5360376545443915e-35
22 4.8694595480865431e-17 2.7818048203970054e-36
23 1.0058858228125199e-17 6.8489643224717075e-37
24 2.0271594341495775e-18 -1.0484133156913321e-37
25 4.0688706838888545e-19 -7.3975906084684675e-39
26 8.3139499398223089e-20 -4.0329758669589145e-40
27 1.6951850572781865e-20 -6.7095903633088064e-40
28 3.4882476313043227e-21 -4.3711381705020704e-41
29 7.2219363119573742e-22 5.0853412028520785e-41
30 1.4809878217536146e-22 1.9623812556781269e-42
31 3.0706691106084889e-23 -2.8142682673897291e-42
32 6.3636690364074506e-24 3.3960261766552477e-43
33 1.3118040888036960e-24 -7.9908843313165258e-44
34 2.7587612315280394e-25 -1.0416290100937130e-44
35 6.0001512993355374e-26 1.0131071539295764e-45
36 2.1542190543652901e-26 3.0772671500964042e-46
37 4.7143305809266612e-26 2.0131290941390222e-45
38 2.1408347719460825e-25 -1.9449123549549255e-45
39 1.0230556221629926e-24 -2.9979634751395350e-44
40 4.9512097559105061e-24 3.7354529080360340e-44
41 2.3754845630531122e-23 -3.3154198724252632e-43
42 1.1519129561590805e-22 8.3700792064356095e-42
43 5.5532396789211867e-22 2.6074143173966310e-41
44 2.6465786145125614e-21 -5.3806544555135691e-41
45 1.2683827902587786e-20 3.7499960316616885e-40
46 6.1920742064809409e-20 3.0012623381113001e-39
47 3.1039994312413214e-19 -2.9618932895502708e-39
48 1.5500894308642756e-18 -9.6156455839776147e-38
49 7.6621494214006819e-18 2.8186214065646901e-38
50 3.7161744658087959e-17 3.6045287733073346e-36
51 1.8166269306443132e-16 -2.5148710205031798e-35
52 8.8506505826565657e-16 3.4965489509998635e-35
53 4.2825005662917285e-15 1.2568174010337010e-34
54 2.0488148258808708e-14 -1.4784607608024214e-33
55 1.0057256725442985e-13 -1.5244534362345867e-32
56 4.9782297802455521e-13 -3.6099961264466093e-32
57 2.5148111837541935e-12 -1.1009114864951766e-31
58 1.2612739771919031e-11 -2.5171541071752256e-31
59 5.9814897608172539e-11 2.1110504272110451e-30
60 2.8594323843905234e-10 -1.1140979984914974e-29
61 1.4041856357547008e-09 1.5307846065035270e-29
62 6.8831809559200217e-09 1.0193356082360236e-27
63 3.5110252512879392e-08 4.4311980505475053e-27
64 1.7353868336274754e-07 -1.1886405051582909e-26
65 8.7115204974653962e-07 4.3788166970217659e-26
66 4.3658684798247878e-06 2.0165268099116464e-25
67 2.2829638596639437e-05 -2.7261548106408159e-24
68 1.2810713108134353e-04 1.4655409827284049e-23
69 7.5281562040619451e-04 2.8909127015318997e-22
70 4.7135835882528548e-03 -1.6373722804184921e-21
71 3.8592078332265002e-02 6.8051140550192107e-20
