0 9.0487169620998864e-01 -2.5669109349890976e-04
1 6.1087616532291084e-02 2.2074182362673397e-04
2 1.0387623126373244e-02 2.9952993832739125e-04
3 2.4165772167473562e-03 2.0074921089670997e-04
4 6.2981702929686861e-04 8.1165152647039824e-05
5 1.8694428165052615e-04 2.6870017021924372e-05
6 6.0147930201387148e-05 1.1783441253493221e-05
7 1.9164847849492641e-05 5.6780975821255326e-06
8 6.2316079530616243e-06 2.9866890931481184e-06
9 2.1605867545789256e-06 1.3478285601660933e-06
10 7.9479320556550452e-07 4.8700741224720831e-07
11 2.9558300655958877e-07 1.8697827870956130e-07
12 1.0766298990726476e-07 6.7352985775678210e-08
13 3.9190681589401012e-08 2.2537051722558665e-08
14 1.3567670208822740e-08 8.2797900459255155e-09
15 5.1563604679950908e-09 2.6485551066820699e-09
16 2.0683124163419301e-09 8.4028943053426380e-10
17 7.6180111370460745e-10 3.0059342966138867e-10
18 2.6669774733240045e-10 1.1922977457997471e-10
19 9.8633619536609552e-11 4.3541607561205484e-11
20 3.7233545479022737e-11 1.3339618630626783e-11
21 1.2933620244369008e-11 5.7957177491608852e-12
22 4.4184248773778757e-12 2.9106764180569947e-12
23 1.5201211406623347e-12 1.4989885381560990e-12
24 7.6172085510046977e-13 6.2112632140639996e-13
25 3.4834277413558252e-13 1.9720539813292724e-13
26 1.6004164461222672e-13 3.6720121844598760e-14
27 7.5015986622125632e-14 1.9947448640831031e-15
28 2.7555889196433500e-14 -2.8859875620241254e-15
29 9.3492599577271355e-15 -2.4317751946179715e-15
30 4.0520413139839866e-15 -6.8070356718460902e-16
31 1.3996487841160106e-15 -6.6701118757877175e-16
32 3.8931350318043821e-16 -7.8203011964221281e-16
33 9.8025270107878739e-17 -4.8818544943866323e-16
34 1.5365008445809506e-17 -2.0864164451507300e-16
35 -1.8360499973817105e-18 -8.3567592031943887e-17
36 5.1440347054061346e-18 -4.0754749757891369e-17
37 1.9342793087413338e-17 -6.0158789254927219e-17
38 3.8403797559634026e-17 -1.0305738426699007e-16
39 1.2834210137062736e-16 -2.0621916756944784e-16
40 3.5795327360991470e-16 -4.6686388244462773e-16
41 1.0641012658058824e-15 -1.3391911332066840e-15
42 2.3295552726811639e-15 -2.7760165214529287e-15
43 5.8450556494035489e-15 -6.1713130514546500e-15
44 1.9920967770611963e-14 -1.3423630054438164e-14
45 6.7742158583644698e-14 -3.6606954303193470e-14
46 1.7787344472356116e-13 -1.0370304527003684e-13
47 6.2553053194467901e-13 -2.8983704725248150e-13
48 2.1961798467998853e-12 -3.3482997109245779e-13
49 6.5712563152920713e-12 1.2379326639972970e-14
50 1.6651067824329390e-11 6.6562289045504871e-13
51 4.1783293512251354e-11 8.0042095476795688e-13
52 1.0436819744809471e-10 5.9826181958786303e-13
53 2.4884793537086702e-10 -6.7683250215915098e-12
54 5.8135042611556906e-10 -5.9535582463980693e-11
55 1.3653055037923974e-09 -2.6701650115829160e-10
56 3.3574621842766477e-09 -4.9813842106293814e-10
57 9.2221316934802704e-09 -7.6192750657434362e-10
58 2.6212722611559878e-08 -1.7634962983183340e-09
59 7.0457148241124089e-08 -4.6114793211920758e-09
60 1.9216756028863669e-07 -1.2461404671127666e-08
61 5.0241904780088649e-07 -2.6428948251679050e-08
62 1.2392916634540326e-06 -4.5263494431283691e-08
63 3.3321138307886908e-06 -1.2386625857400272e-07
64 9.3047559797491201e-06 -6.4381594122650963e-07
65 2.7198321922463099e-05 -2.9417211767675913e-06
66 8.0285911008957339e-05 -9.6640965412166909e-06
67 2.4679194384291409e-04 -2.5625125621385797e-05
68 8.0259413833311667e-04 -6.3650109118595387e-05
69 2.8058698542641138e-03 -6.6771172991537505e-05
70 1.0848512942720726e-02 -9.4906780221253059e-05
71 6.1933765670622115e-02 -2.9836215636722986e-04
