0 1.5452347115520721e+00 -5.9204380537683239e-04
1 2.0465289771854564e-02 -7.2123754263396668e-05
2 8.4740371505632333e-04 -4.3506084522220928e-05
3 6.7663477052884154e-05 -9.8873232911199103e-06
4 1.0234576860148940e-05 -1.6631247612064627e-06
5 2.9392486893735674e-06 -3.2303589757867597e-07
6 1.0288563099329282e-06 -6.6439514086529804e-08
7 3.6741114039953696e-07 -1.4014461218709476e-08
8 1.4180656897631579e-07 -6.3257198833973170e-09
9 5.0314334354153677e-08 -8.3140380963998302e-09
10 2.3810169355913481e-08 -3.6564224500550025e-10
11 1.3250567230856476e-08 4.1240610254229997e-09
12 8.3219213634129857e-09 3.2315019018047398e-09
13 3.9510808399117237e-09 2.6335792751623049e-09
14 2.2474260719352213e-09 1.5376895891121092e-09
15 1.4161382946730118e-09 1.0356323519514452e-09
16 7.4858634773357028e-10 5.8273540274719397e-10
17 2.9260585962778687e-10 1.4184853752613610e-10
18 1.9426514306162688e-10 -6.2304510288457344e-11
19 1.2353854652087159e-10 -1.4309960462359301e-10
20 9.1947610176762248e-11 -8.7202487771339369e-11
21 5.6441385202775888e-11 1.2934354614820111e-11
22 3.6059305672436163e-11 4.7679317711055864e-11
23 1.3532340083446488e-11 4.1066251617308129e-11
24 2.6951334835695011e-12 1.8137265101650596e-11
25 5.3737180993372764e-12 4.0044414786388353e-12
26 -3.0318302257809649e-12 -2.3181775811177805e-12
27 -7.1251639904912913e-12 -1.4025796207125416e-12
28 -5.0413344998722443e-12 4.6201924691239777e-12
29 -2.6750238119179042e-12 4.1367667317940731e-12
30 -3.2868510629378008e-12 1.4259979243653966e-12
31 -2.4543721748792815e-12 8.2452958209872011e-13
32 2.5997808933135321e-13 -2.1641033188823700e-12
33 1.7306586811677093e-12 -3.4493493733702976e-12
34 2.8752978695752038e-12 -2.0840868415092657e-12
35 3.0407376690118171e-12 -9.9841393437284252e-13
36 3.3127145374028617e-12 -2.5688171120201225e-13
37 3.7519261679738612e-12 5.1515461170942780e-13
38 3.9476155532567780e-12 5.4381607709140093e-13
39 4.2159400187660074e-12 1.4788061253009873e-12
40 5.2976854389811517e-12 2.1452192257167338e-12
41 8.1582205164664884e-12 4.5615197745717305e-12
42 8.6248965843528554e-12 2.9696026829084292e-12
43 6.6761004962071718e-12 2.1284059796317877e-12
44 4.8157786528642651e-12 1.0803526473966864e-12
45 1.4822944310128923e-12 -4.9134342365734144e-13
46 1.2766547492722545e-12 6.3677936596516892e-13
47 2.0820869797696352e-12 -6.6225966065285037e-12
48 1.5618871267355574e-11 -2.7012300821001346e-11
49 2.6500799853899042e-11 -4.8954184452571194e-11
50 4.7493932722427459e-11 -5.4913287087825635e-11
51 7.5530779013748854e-11 -4.7668580608771045e-11
52 8.7735871472368106e-11 -2.6849232076826641e-11
53 3.9533470330348974e-11 2.3153877582743043e-11
54 2.7141773397182667e-13 9.0184667548239792e-11
55 1.3924348383479471e-10 3.1523988964251990e-10
56 4.8179045424950442e-10 5.0299350535226659e-10
57 7.2703205898168741e-10 3.4282281322247198e-10
58 2.5322845685150872e-10 -2.1470497593221366e-12
59 -6.1938086653903815e-11 4.1539639029739105e-10
60 -2.6230274280903825e-09 3.4036847613485861e-09
61 -6.7412773763321009e-09 5.9422616470677417e-09
62 8.5236986191246941e-10 4.3020033063902842e-09
63 1.8333956540770020e-08 -2.3049407241974759e-09
64 5.7149540606567829e-08 -1.4749647994344060e-08
65 1.6081973057670236e-07 -3.1862471252992276e-08
66 3.5925404522622582e-07 -3.1644772828232836e-08
67 1.0273038553020464e-06 -4.7593769895595257e-08
68 4.4013137275641892e-06 -6.2577660467779836e-07
69 3.6960697482078067e-05 -1.3559914835166062e-06
70 3.4717073561712239e-04 -2.1811237141162066e-06
71 6.4890036627162206e-03 4.4826666908630297e-05
