0 9.0133827442876291e-01 -2.3557798630355635e-04
1 6.0755004272835984e-02 1.3443706557342500e-04
2 1.0458150631694326e-02 2.2247504117168116e-04
3 2.4369617247068215e-03 1.4811000730867365e-04
4 6.2499767347311632e-04 5.4878770952930834e-05
5 1.7867104926182597e-04 1.5289154510854400e-05
6 5.5176230067458819e-05 6.4032506303702424e-06
7 1.7196309911105401e-05 2.9808531581149574e-06
8 5.6262082808190690e-06 1.4698029581205114e-06
9 1.9499199139433794e-06 6.1058477705589737e-07
10 7.0258639377682634e-07 2.0659869081605319e-07
11 2.5574868536810812e-07 6.8084201807328494e-08
12 8.9447080571603475e-08 2.0961328907504764e-08
13 3.2367364272578767e-08 6.2605265977811594e-09
14 1.1354029456825629e-08 1.9585518410836512e-09
15 4.0539977270819160e-09 4.4641520318978165e-10
16 1.5040473287606561e-09 1.0472416512017910e-10
17 5.3320641414441309e-10 4.3727517791166301e-11
18 1.8314560789792610e-10 1.9988294146341447e-11
19 6.3944519167699113e-11 6.5040188480119257e-12
20 2.2391935001638618e-11 1.1120009493752194e-12
21 7.8755283961752283e-12 2.5810858190968741e-14
22 2.7568775025701899e-12 1.8871767821564084e-14
23 9.7663838509083389e-13 1.4068354093810588e-14
24 3.6621894619241800e-13 4.6790876144689867e-15
25 1.4237303755149569e-13 -1.9202052724537307e-15
26 5.3228266252453874e-14 -3.5805407847935546e-15
27 1.9866061232608532e-14 -2.1100914268516475e-15
28 7.0065612191142881e-15 -8.6092361843935253e-16
29 2.2781765472470672e-15 -4.8349886009789771e-16
30 7.7121535245497476e-16 -2.2067960506070927e-16
31 2.7659361266929933e-16 -8.5445487446345613e-17
32 9.9382877339379426e-17 -3.7387332307835728e-17
33 3.6278937727404053e-17 -1.7287411714737342e-17
34 1.3908283171283124e-17 -7.3947203931516065e-18
35 5.2934924782312872e-18 -3.0641821156980753e-18
36 2.4632117349385169e-18 -1.2481643220350895e-18
37 2.1842580257509650e-18 -5.8792517590073023e-19
38 6.6740064360062876e-18 -1.1662168543416007e-18
39 2.4835114408261394e-17 -6.0890163951143515e-18
40 8.3584115003238822e-17 -2.2739670300586310e-17
41 2.5852895069029808e-16 -9.2637517995916820e-17
42 7.0123682583458675e-16 -2.9545711108066203e-16
43 1.8651764973786447e-15 -8.9866934693993497e-16
44 5.0245132571362798e-15 -2.6395687646148196e-15
45 1.3355458451129537e-14 -7.7616102831826501e-15
46 3.5973943505923503e-14 -2.2434868216799506e-14
47 1.0563478472081703e-13 -7.3811703185619141e-14
48 3.1230934229500797e-13 -2.2972699323451502e-13
49 9.2622088772277146e-13 -6.4362854337901962e-13
50 2.6205596507807738e-12 -1.7095673223782981e-12
51 7.3051387300082339e-12 -4.2977135978114674e-12
52 2.0160523132783739e-11 -1.0850114124695083e-11
53 5.6931774907288693e-11 -2.7585851600697027e-11
54 1.6263310664266876e-10 -6.6898935129030516e-11
55 4.7715362172436940e-10 -1.7732374444544664e-10
56 1.4088126804058034e-09 -4.3599011997086176e-10
57 4.2471455295241159e-09 -1.0750565763216822e-09
58 1.2682278690090823e-08 -2.7813056757122456e-09
59 3.6262584665317101e-08 -6.8730525473059604e-09
60 1.0543657320818094e-07 -1.6183893748476856e-08
61 3.0520947150640702e-07 -4.0038275621119985e-08
62 8.6667633461848283e-07 -9.5779868471204097e-08
63 2.6176445008024551e-06 -2.3972593623738783e-07
64 7.9617151218261549e-06 -7.4840564885649161e-07
65 2.4819509088926438e-05 -2.4216342973228742e-06
66 7.4876791582844106e-05 -7.1845849049077619e-06
67 2.3399131925299949e-04 -1.7359346079685303e-05
68 7.8029246721786404e-04 -4.0798474821801050e-05
69 2.7804276303179075e-03 -3.3729525714329703e-05
70 1.0847779134927096e-02 -4.3535214679772781e-05
71 6.1642819619726903e-02 -1.9911436264785786e-04
