0 7.8409390173148918e-01 -1.6734834943259484e-04
1 8.9853832859285460e-03 -5.1089791566528124e-06
2 2.5689119363306008e-04 -6.3134905662679611e-06
3 1.1469381418296471e-05 -1.1436752694802200e-06
4 6.7428095373628941e-07 -1.2195825101821912e-07
5 5.4319663872434322e-08 -1.4159429974714809e-08
6 5.4973487365142469e-09 -1.7606052157290491e-09
7 5.6570962421635503e-10 -2.2441070219117799e-10
8 6.6783616736223517e-11 -3.5872879348048181e-11
9 8.6591323181421765e-12 -6.3425524158042380e-12
10 1.3027169652103245e-12 -9.6550052281156543e-13
11 2.0427011814849941e-13 -1.4381462068510530e-13
12 3.2273503699824338e-14 -1.7868507889318215e-14
13 5.3663953515193499e-15 -2.1667984237810327e-15
14 8.9713570506904900e-16 -4.2124113081408622e-16
15 1.5852741472579679e-16 -7.7235914943474808e-17
16 2.7703337000674875e-17 -1.4029112696004549e-17
17 4.6194984775661108e-18 -2.7171756094261341e-18
18 7.3946565904876482e-19 -4.8474847510507346e-19
19 1.2463840868482896e-19 -7.0074010962183580e-20
20 2.3460846374413444e-20 -1.0832810959698501e-20
21 3.7909986028697944e-21 -2.2024117657758126e-21
22 5.4227697117864349e-22 -3.9025685812982516e-22
23 8.2737684482684454e-23 -6.9407968622645453e-23
24 1.5473408174760732e-23 -6.0311074330316280e-24
25 1.4457814421595649e-24 2.2725275029568008e-25
26 1.2168015142164644e-25 1.2695202443673517e-25
27 1.2107925864665404e-26 2.0473289134867798e-26
28 4.0161521496316086e-27 2.0507500401240179e-27
29 1.1367369718006818e-27 2.3190635781427599e-28
30 2.9945115815914334e-28 3.2455020271064133e-29
31 7.9555214032577041e-29 2.9651394969184576e-29
32 1.6967200735207067e-29 6.0445037499987541e-30
33 3.6953200786841492e-30 1.1621771368439763e-30
34 6.9910121663915683e-31 3.3238484888698537e-31
35 1.1336878139401639e-31 2.5021091626076639e-32
36 3.1580404797682662e-32 -3.9589337165701069e-33
37 1.6018181845481910e-32 1.6363036539038118e-33
38 1.7928807094303915e-32 -6.3215719226074417e-34
39 1.0082324542856923e-31 7.8517673052402796e-32
40 3.5582692732771724e-31 7.2133715737294763e-31
41 -6.9006547480416207e-31 7.7382231103926934e-30
42 -1.5965601568849047e-29 4.0053307612691790e-29
43 -1.3160267271519464e-28 1.3236794561441233e-28
44 -8.1702074544561674e-28 8.0403682352366580e-28
45 -2.6354028038229657e-27 1.1096195624320379e-27
46 -7.1022133105210488e-27 6.2613446163995569e-27
47 -3.6197025245468269e-26 6.1244152136819597e-26
48 -1.8040271993629276e-26 7.4169931511570244e-25
49 1.5653491255704840e-25 2.6617141203818282e-24
50 -4.7853559714226468e-24 7.1745198389966341e-24
51 -1.4894956663078332e-23 3.1704015307570845e-23
52 3.0318055230474778e-23 -3.5464688922353979e-22
53 -4.2161181760963377e-22 -1.8262309932107962e-21
54 -3.2902302219805013e-22 -1.1883683225851204e-20
55 -3.3995299436265073e-20 -8.3971802861978945e-20
56 1.4882684986423785e-19 -8.2991432429856467e-19
57 2.2016203718560636e-18 -4.1974629102771213e-18
58 2.0527181728487348e-17 -1.9134797943006962e-17
59 9.5728374697332672e-17 -6.9149552504301615e-17
60 9.3559951011735129e-16 6.7559610009832124e-16
61 5.7263543891179088e-15 2.7949822153574635e-15
62 4.7721008432192965e-14 1.3709029965463698e-14
63 4.2779121391765356e-13 7.4674898552757803e-14
64 3.4983032480860943e-12 8.7543993706476125e-13
65 2.8734326894332905e-11 4.8115858148925712e-12
66 2.7551719676886227e-10 5.7430650465877210e-11
67 2.6784420310730959e-09 4.7269297900577376e-10
68 4.0803127407379525e-08 -1.5774280450228466e-09
69 1.0249199376615761e-06 6.4964117858475052e-09
70 2.1624860540330500e-05 -2.8134685816138137e-07
71 7.7815950444856609e-04 7.9398835104160369e-06
