0 1.3698207764569266e+00 -1.3832762772462374e-04
1 1.5356625118970239e-02 -1.1724419807750070e-06
2 5.1033331393756580e-04 -1.2907266172098380e-05
3 2.7871582478468048e-05 -2.1065129613851971e-06
4 2.2648767166696074e-06 -2.0897246172455466e-07
5 2.8068757528013137e-07 -2.9679852295298460e-08
6 4.3506272222427570e-08 -6.6165991187811005e-09
7 7.8164232599207960e-09 -1.3903350233296554e-09
8 1.7475363370281375e-09 -3.6981048489455440e-10
9 3.9271479566077016e-10 -6.9680915104498725e-11
10 9.9172259623879338e-11 2.9459326480804099e-12
11 3.1545163323602403e-11 6.4383096071345192e-12
12 9.3004520774878923e-12 2.4419129498584610e-12
13 2.5289165670298334e-12 5.3534737260080265e-13
14 6.7885676382096296e-13 7.8935599623064588e-14
15 1.7761504867446354e-13 -9.4561830559467640e-15
16 4.4030133730250191e-14 -2.8870638484549151e-15
17 1.0445682968371998e-14 -7.8531677179278452e-16
18 2.7026933923243439e-15 8.2236445410632058e-17
19 7.3061980577056748e-16 1.1357152325685646e-16
20 2.3461334365386455e-16 6.5330106719333460e-17
21 6.5250565520582041e-17 2.6687828135530426e-17
22 1.6257421414195195e-17 5.6292347753429520e-18
23 2.7406386033839976e-18 1.6263350112815761e-18
24 -6.1806504568437355e-20 3.9479512540782297e-19
25 -2.0191340782136645e-20 7.4564272244674563e-20
26 1.7501869997505221e-20 1.5148049971909506e-20
27 6.5473686651175816e-21 2.3359437426600007e-21
28 2.6327084128675550e-21 1.2190022913922908e-21
29 9.2394040310618628e-22 9.8210680635266528e-22
30 4.2677900107724325e-22 3.2542729994595891e-22
31 1.2865077246427714e-22 9.3049483404346706e-23
32 2.5316729376778167e-23 1.8885812409125012e-23
33 1.6234374664079074e-24 3.5797551952491890e-24
34 6.4868568055062863e-25 4.9172754149558475e-25
35 4.8376358993785419e-25 5.8891705051949713e-25
36 4.4620468041493740e-25 3.1727187013580480e-25
37 1.8923843706073095e-25 2.0339974818641878e-26
38 -9.4757447227411939e-26 -9.6350942502128811e-26
39 -3.2185020303307314e-25 -3.6797726909477396e-25
40 -1.9722756343633162e-24 9.7779358101952132e-25
41 -5.5887654454434599e-24 5.5549265825147760e-24
42 -2.0497613162955716e-23 1.9728370905040552e-23
43 -5.8007433784709241e-23 6.8590197654801286e-23
44 -1.7874364915621557e-22 2.9905935768195588e-22
45 -8.4236642517668835e-22 8.5822858557614095e-22
46 -2.5431855573058919e-21 2.4945445134145105e-21
47 -1.0051665434447083e-20 1.2558924241695903e-20
48 -3.5724597694904947e-20 4.0332975773233683e-20
49 -1.4826951126894722e-19 6.2817096641227072e-20
50 -3.7052161609855104e-19 2.7250258881747798e-20
51 -2.0620790958872712e-18 2.0139412807076594e-19
52 -5.2831804484431897e-18 7.8740374804702917e-19
53 -2.0592893226116723e-17 5.8274667196410436e-18
54 -6.7411221604929793e-17 3.0121641469448196e-17
55 -1.6458858910311989e-17 1.6136362801639117e-16
56 1.5748822122935230e-16 4.1858300454462890e-16
57 1.7855268469659804e-15 -6.2109335901424926e-16
58 9.3775511103233297e-15 -5.0842355228471189e-15
59 5.2653871383303272e-14 -1.2740636657637207e-14
60 1.4033951706503315e-13 -5.1187010294766071e-14
61 7.8590921269898135e-13 -2.6599599258529884e-13
62 3.6342609922877400e-12 -8.6009734991704781e-13
63 2.3816335663968590e-11 -5.8022154098706280e-12
64 1.2239838033404754e-10 -3.0224157339723002e-11
65 6.7947503993232881e-10 -1.1888820725758611e-10
66 3.4173964968799102e-09 -4.1131863667474048e-10
67 2.2373980585191988e-08 -4.7774340758756561e-09
68 2.2987597002402840e-07 -4.0143593962512467e-08
69 4.2390299822953952e-06 -4.7809553470326045e-08
70 6.9209005561077594e-05 -1.4338790831694265e-06
71 1.9458211370586575e-03 1.4778540589506031e-05
