0 7.0582285189566263e-01 -5.7202551371651311e-05
1 8.8026424670328198e-03 -3.5589657132427928e-05
2 3.3500373583048617e-04 -1.6934786748187202e-05
3 2.2154270705300188e-05 -4.1161462107761846e-06
4 2.1239217709173156e-06 -6.1936530219558560e-07
5 3.5712575699509847e-07 -7.7757659990810339e-08
6 8.4498757877304038e-08 4.4966627316792544e-09
7 2.0784901087398754e-08 5.7457762084681701e-09
8 5.8162949767638269e-09 1.9465811514805086e-09
9 1.9187735340690567e-09 6.8013805920067669e-10
10 5.4684425856252739e-10 1.8500060092595763e-10
11 1.1652004233033343e-10 4.9538546426221941e-11
12 3.3360049539212537e-11 9.6937728279782624e-12
13 9.9283072870384225e-12 2.0013276738751638e-12
14 2.8653093567157203e-12 7.1383132780903847e-13
15 8.4547488713590959e-13 1.6496770289402657e-13
16 2.7173553403287126e-13 3.3741354149544260e-14
17 8.5041179995564821e-14 -7.7500595602390442e-15
18 3.0232312978077443e-14 -5.3704019606744322e-15
19 8.8189378684063314e-15 -2.6823809870452267e-15
20 2.7837293722987865e-15 -1.0188875744096949e-15
21 1.3619909837920576e-15 -1.4670002581696249e-16
22 7.1208685313720819e-16 1.2712628277865968e-16
23 1.9349025969975512e-16 8.7541390742672616e-17
24 5.7123195865037513e-17 6.2751179581810209e-17
25 3.5649948996582401e-17 1.6833179643313424e-17
26 1.7574065541768262e-17 4.3087896273533003e-18
27 7.7124970868400698e-18 3.2178173418886217e-19
28 2.7456000714443367e-18 -8.9073413018802974e-19
29 6.1038251074868543e-23 -6.8854186523986699e-19
30 -8.9389089657360649e-20 -3.2465625775343436e-19
31 5.2471395877665764e-21 -9.4737624457216478e-20
32 8.5818113614193328e-21 -4.1467612120451788e-20
33 -1.0043492076342575e-20 -1.9317709686640281e-20
34 -4.3922589717924006e-21 -4.0315807951763341e-21
35 -2.8554050686965942e-21 -8.1265077841890210e-22
36 -1.3510998323126484e-21 -4.9988510284965090e-22
37 -4.5441683997468048e-22 -1.6584711314690917e-22
38 1.5150237224692979e-22 2.1388035311749089e-23
39 1.2424090178376295e-21 -2.2835401670809684e-22
40 1.7681852079221709e-21 -1.2450525457074036e-21
41 1.3131140425187000e-20 -1.0507913548172957e-20
42 5.6948121188772323e-20 -3.7027541990575002e-20
43 2.3462611156931697e-19 -1.6453607191841839e-19
44 3.9475972248815566e-19 -4.3401472012382057e-19
45 5.8195884730430880e-19 -1.0040525361567776e-18
46 8.6521790992166208e-19 -2.0595088628811604e-18
47 2.5956964205727780e-18 -6.1823940153135745e-18
48 1.6826153630219682e-18 -9.8185309140771170e-18
49 -9.0038497736095251e-18 -1.8253535018206681e-17
50 -5.7219998184794605e-17 -6.9431370751604916e-17
51 -9.0424063222381544e-17 -1.4087751558499202e-16
52 1.7469947403099512e-16 -4.5021172359518699e-16
53 1.0987621463868505e-15 -1.1097040486998919e-15
54 5.5914901244004922e-15 8.6593865344010198e-17
55 2.0114312970477463e-14 4.9281543427228254e-16
56 5.5915237031251080e-14 2.8567918335958916e-14
57 1.0378655668331022e-13 7.7536453683740676e-14
58 1.8488330650862330e-13 8.3991898186589601e-14
59 8.8269470039234098e-14 -8.3265994046795630e-14
60 1.7218715326639633e-14 8.6192313943421547e-13
61 -2.5308829240244688e-12 3.5681105621645776e-12
62 4.4779641014998315e-12 5.2139195744193376e-12
63 2.2449112050698318e-11 -9.7828237398980235e-12
64 1.9667399951008857e-10 -5.3948605186251484e-11
65 1.0828017798981942e-09 1.3045252332216357e-11
66 4.4926105374990419e-09 1.3103438246293011e-09
67 2.5187589150538562e-08 1.0160930101785516e-08
68 2.1866705615762516e-07 3.5507487795887013e-10
69 3.3383724400037080e-06 5.4308921284559440e-09
70 4.4968863679012932e-05 -7.5626632350522189e-07
71 1.1608702010500636e-03 1.1779684172797884e-05
