0 7.0320629482227581e-01 -5.8730272989549913e-05
1 8.6602656087988450e-03 -2.5685185986051388e-05
2 3.2776304589765640e-04 -1.4987852706774855e-05
3 2.1572842780795787e-05 -3.6751350722874109e-06
4 2.0164896913365440e-06 -5.5534771619409313e-07
5 3.0935089768094797e-07 -7.4298429783910082e-08
6 6.3164922582839975e-08 -4.5574439749588688e-09
7 1.2621729614596203e-08 9.7961859354431005e-11
8 2.6178776047526433e-09 -2.6882329342409272e-10
9 6.0156857332254698e-10 -1.2017142450124618e-10
10 1.4287538056162443e-10 -2.6186546273722290e-11
11 3.1246750718040057e-11 -1.8396123043724721e-12
12 1.1364997758059723e-11 6.6016400122246902e-13
13 3.8620509280547786e-12 1.8380650625124360e-13
14 1.1084295855428641e-12 5.0172494930988846e-14
15 3.1877581760420560e-13 -9.1361457348281797e-15
16 9.4715090480628248e-14 -7.8893303775895478e-15
17 2.6429767324292093e-14 -7.8766830865859010e-15
18 8.2513679309620247e-15 -2.7811787874579618e-15
19 2.1346437813866680e-15 -6.5366723567544108e-16
20 5.0380390665955401e-16 -7.4799444330589058e-17
21 1.2935053098324148e-16 4.8084794029603474e-17
22 3.8738384955625363e-17 3.8350471815009080e-17
23 6.5521098849539705e-18 1.3297960002615108e-17
24 9.9684203258805226e-19 5.9937683534332834e-18
25 1.1407103837857305e-18 2.8119570938014441e-18
26 3.0944471631989679e-19 9.9546645631195015e-19
27 9.4436117432047549e-20 2.6527801860984804e-19
28 4.1599953799008827e-20 5.8476255492549480e-20
29 -6.4704529845968214e-21 -1.1001998876360897e-20
30 -1.8885341033110039e-21 -6.5381854718363763e-21
31 4.1409561592977003e-22 -4.7374910634358841e-22
32 9.5919992266373902e-23 1.0574150822621733e-22
33 -1.9111314191270918e-22 -3.6455599595781305e-23
34 -1.6231811444533653e-22 -5.5934431267534830e-23
35 -6.5266816181358603e-23 -3.5864958523525107e-23
36 -1.7759352310948865e-23 -2.2813367325641760e-23
37 -8.8726945503615454e-24 -5.7521620957102496e-24
38 -7.3927824949079825e-24 -2.6993608124466279e-24
39 -9.6890840199194493e-24 -4.4341694647892544e-23
40 -5.4309617639878360e-23 -2.1623146531122859e-22
41 -5.3080557421231099e-23 -6.0249126350406447e-22
42 -4.8618418792732003e-22 -1.1228471640471516e-21
43 2.9554995131630150e-21 -4.4011128835842858e-21
44 1.0668838920783430e-20 -1.8331354430601601e-20
45 2.4148562256201005e-20 -3.6353479010755732e-20
46 4.7600320173495841e-20 -7.2917781991678557e-20
47 3.5580390191383935e-19 -3.8311527993416716e-19
48 4.6625806525037841e-19 -1.3053782459790354e-18
49 -1.1282797076788538e-18 -4.4709391525962120e-18
50 -3.8703036068731698e-18 -1.3712828941222497e-17
51 5.3154604481033586e-18 -2.8509711861690304e-17
52 8.0379494072743474e-17 -4.0797372544132019e-17
53 2.0169930790283718e-16 -1.2741766383667541e-16
54 5.5925321236838781e-16 -2.6102828861137760e-16
55 1.2343500523647230e-15 -4.3906676027906304e-16
56 3.6029449193126900e-15 8.9890166963557216e-17
57 1.6255649673476482e-14 3.5169605221984610e-16
58 6.7497645922876109e-14 -4.7222110561378069e-14
59 6.1670720887132679e-14 -2.5699242101508808e-13
60 2.1005713982325464e-13 -2.9801235488385332e-13
61 8.8712406701423165e-13 -3.9732209754582875e-13
62 7.2738151915231095e-12 -2.1194463739020164e-12
63 3.2375789239142072e-11 -1.0123167247507646e-11
64 1.6584244500459980e-10 -2.1498631751118009e-11
65 8.6012666253396939e-10 1.9715906249369867e-11
66 3.9850662337857341e-09 9.4978309183852359e-10
67 2.3832437225226357e-08 7.8351476542344288e-09
68 2.0858853953013220e-07 -2.3068547330516156e-09
69 3.1975828644196957e-06 1.0957796624826135e-08
70 4.3720486386975897e-05 -7.2601556291914195e-07
71 1.1386711305316304e-03 1.1334278581101421e-05
