0 9.9787501023273428e-01 -7.5294622121888164e-04
1 1.6278469256540366e-02 -1.1323902840472981e-04
2 7.5166853654801699e-04 -5.3819908213714122e-05
3 7.6300517363709963e-05 -1.5466224355317823e-05
4 1.5348277807489350e-05 -3.1851279766413209e-06
5 5.9767855339280618e-06 -2.7164259183661713e-07
6 2.7260574639285696e-06 5.6370442165227852e-07
7 1.1731994539424170e-06 5.5154175887577447e-07
8 4.3514679886583550e-07 3.7613079097859058e-07
9 1.1458502721547235e-07 2.0882244933697790e-07
10 5.1654689206387749e-08 9.7050782283519149e-08
11 1.6973848907877053e-08 4.6123300447855004e-08
12 7.2810724121590338e-09 1.7512406580645008e-08
13 8.6028898166044388e-09 -9.4298404501082501e-11
14 7.8361584762777644e-09 -1.9862727908298741e-09
15 3.3619183430398660e-09 -2.0646628643383089e-09
16 -7.2173326652163205e-10 -1.2198990515616692e-09
17 -3.1634862618261535e-09 -2.1324621716384292e-09
18 -3.8682178193706792e-09 -2.1781209403077112e-09
19 -2.5834994381799495e-09 -1.3843299379814761e-09
20 -1.3559636832948843e-09 -6.2761042445543360e-10
21 -7.4459184922787206e-10 -3.2427236578583559e-10
22 -1.3121975886365604e-09 1.1927994972187723e-10
23 -1.3340862129485032e-09 -8.7609828502159455e-11
24 -7.5111246908374790e-10 -4.8463147001370022e-10
25 -3.8682496927918181e-10 -6.4216911902209651e-10
26 -4.8365490997348745e-10 -3.1335247394400150e-10
27 -2.7859264431657346e-10 -1.5962728465415930e-10
28 -2.2678323717726940e-10 6.8796341722655109e-11
29 -2.4795647294683707e-10 2.4593839769272055e-10
30 -2.2503669540058891e-10 4.0747621276628097e-10
31 -1.8542979879777357e-10 6.0812249690148889e-10
32 -1.6601033904057466e-10 6.5237784689029587e-10
33 -1.0314332524764141e-10 4.5996078365994245e-10
34 -5.9474965496684702e-11 2.4744009295934283e-10
35 -4.1638992876589291e-11 1.9124725998642176e-10
36 8.2710790664282450e-12 1.0851572603820898e-10
37 6.2147615510126936e-11 2.0363229944213319e-11
38 1.0336473521136268e-10 -3.5711322620783462e-11
39 1.4749938796006888e-10 -3.3124936294026509e-11
40 1.6278451935317821e-10 2.9649518546362413e-11
41 1.6776288108269692e-10 1.7002830122680147e-10
42 1.4949992165358818e-10 1.8545895380787818e-10
43 1.8425053919626775e-10 7.7773829529504819e-11
44 4.0396715403430323e-10 1.2630522427457618e-10
45 6.0366730895183142e-10 3.0058790934718962e-10
46 5.3999166930751170e-10 6.2250237366573317e-10
47 2.9408222828460012e-10 7.8499416062959944e-10
48 3.3566523700771160e-10 5.0743969766261668e-10
49 2.1021179656286538e-10 3.6555156042888412e-10
50 1.4948954589384585e-10 4.7779404003119636e-10
51 -1.3378667614647976e-11 4.9544539549823347e-10
52 -3.0571151055530793e-10 5.0336909900021245e-10
53 -9.4353944349280262e-10 7.7060456940929760e-10
54 -1.0518412700724888e-09 1.4526986812327080e-09
55 -4.6941394030764885e-10 -4.4838091652394431e-10
56 1.0759067323941208e-10 -2.7696336896830866e-09
57 5.4108800084291791e-09 -1.1678719705400116e-08
58 2.2838181190148357e-09 -2.0404693478732845e-08
59 2.7019171830084223e-09 -4.1046114993924374e-08
60 1.7701758643012417e-08 -7.0637264852618948e-08
61 2.8091458084236970e-08 -9.2912907159811175e-08
62 1.2427623125760523e-08 -7.4415491481504021e-08
63 4.4830409151127585e-08 -7.3623130315855243e-08
64 1.2627333263807423e-07 -9.3989564542668588e-08
65 3.6531435003640292e-07 -1.4620962694280612e-07
66 8.8570647771158352e-07 -1.4251097557897660e-07
67 2.5504055830804273e-06 2.7903297596896786e-07
68 8.8039702343820908e-06 4.7134076580568234e-07
69 4.8086271080410723e-05 1.5991665238553265e-06
70 3.1607416267866628e-04 3.9682238871912112e-06
71 4.9391123901319049e-03 5.9303816150546849e-05
