0 1.5699039233073598e-07 8.9251384313628745e-07
1 1.1200289051053804e-07 5.9746777608620063e-07
2 -5.0353059907049073e-08 4.1086329654468295e-07
3 1.4477062327241276e-07 4.9104816735238483e-07
4 1.8687557174535359e-07 4.9875788246673855e-07
5 1.1372125876816554e-07 2.5509295157835441e-07
6 1.4045145349935154e-07 1.2472323442910684e-07
7 9.0047565133159995e-08 8.6271075819560293e-08
8 1.2483062256024466e-07 -1.5837171540686665e-07
9 1.5985847942762066e-07 -2.4676342093274187e-07
10 1.1871014774745818e-07 -1.6823998967040274e-07
11 4.7569997293090444e-08 -2.2580679720774183e-07
12 4.6853047252881496e-08 -2.1272132883213103e-07
13 1.7489276951763635e-08 -1.9192304346987476e-07
14 -6.7766771183292319e-09 -1.4063638450145990e-07
15 -1.0367902100736651e-08 -1.0096550367564274e-07
16 1.8182214217801184e-09 -7.6717952255891655e-08
17 -5.3772138497829464e-09 -4.2634571781106126e-08
18 5.3396498190815209e-09 -1.5019462671505147e-08
19 3.9173699366071130e-09 -1.9736573811494961e-08
20 -2.8021341068049293e-09 -1.3267124366812904e-08
21 -1.1784790721323468e-09 -5.7895707163589935e-09
22 1.8292791774768404e-09 -7.3361513005379012e-09
23 7.7578372163408704e-10 -1.5157161477021801e-08
24 -2.9562140001064239e-11 -1.5352725187009913e-08
25 -7.4990232653153564e-10 -1.2388920463246884e-08
26 -3.1981126028348036e-10 -3.0994086190715905e-09
27 1.2247775831877539e-09 2.9635456590552810e-09
28 1.6300590258976870e-09 7.0380913344842623e-09
29 1.0331828946525427e-09 9.1582735216168941e-09
30 1.4035058975307548e-09 9.5644598160486007e-09
31 2.4966346537138697e-11 7.8666441628232435e-09
32 -9.4714517541116656e-10 7.7317820177299408e-09
33 -2.8592650565659151e-09 2.7998585230711639e-09
34 -3.7840934583110163e-09 2.3541087686505983e-09
35 -4.2600577510888881e-09 2.1789537077527877e-09
36 -4.3132620003309602e-09 1.6785807136593257e-09
37 -3.9541117247404587e-09 2.3382421634121234e-10
38 -3.3687729888131770e-09 5.1612324130116940e-10
39 -3.2642986210344221e-09 -4.4201673686900769e-10
40 -2.6319571715223871e-09 -5.5361688808951388e-10
41 -2.5507675212030391e-09 -9.4844353882557014e-10
42 -3.1487458150363033e-09 -1.4369426944620577e-09
43 -4.5402930782396421e-09 -1.9715799697165732e-09
44 -5.8181356135730906e-09 -2.0754898342971749e-09
45 -6.2103757226106583e-09 -1.2211220528604326e-09
46 -5.1854724021108696e-09 -5.1346691983644552e-10
47 -4.3629954352981982e-09 -1.9958414402435991e-10
48 -3.9810494556506935e-09 -4.0622402364653473e-10
49 -1.2512879054148801e-09 1.5074180392574169e-11
50 2.6845668666015184e-09 2.1265891234376745e-09
51 6.1721597097689197e-09 5.7318582823261033e-10
52 8.8402576151093351e-09 -7.2766479745090876e-10
53 7.8779253335557335e-09 -1.6400875187007031e-09
54 4.0171862043397860e-09 -4.4151045262229261e-09
55 -1.1608530695404466e-10 -8.6101965362927500e-09
56 -4.7800368045249093e-09 -1.7042453258805636e-08
57 -6.6407245672225129e-09 -2.4226973403164297e-08
58 -9.0297513221152434e-09 -2.5858999844741961e-08
59 -1.8939685592296102e-08 -5.0126811996259650e-08
60 -2.1155716801558590e-08 -8.1205856676907081e-08
61 -2.0500918430342738e-08 -8.6657252845850033e-08
62 -1.9023589896417787e-08 -8.8637554665554497e-08
63 -1.8953340104607067e-09 -2.5778305298449705e-08
64 -7.6117651232454678e-09 7.1163653719064348e-09
65 -4.0991840127640982e-09 6.1206186209435009e-08
66 -1.5655384567360248e-08 1.5569449724459135e-07
67 -4.4408062960399224e-08 2.7233250029751219e-07
68 -9.1079396035092785e-08 3.2616911181663195e-07
69 -4.8993055908949588e-08 4.5835568999030049e-07
70 -8.3182860861792013e-08 6.1640930298437649e-07
71 -6.0167543090444480e-08 8.3115127360674996e-07
