0 4.3045514133202189e-08 4.9248632159120124e-08
1 2.4059720320011259e-08 1.0006295358846660e-07
2 1.4593386241259416e-08 1.2381249727781537e-07
3 4.7545383250658469e-08 1.5488011254855839e-07
4 4.2672339960867093e-08 1.8193547798703368e-07
5 1.9761830474217213e-08 1.4583962926465226e-07
6 1.0067911469894680e-08 8.5081635276933326e-08
7 2.4625443323766601e-08 8.8308128038531000e-08
8 3.0771581449169304e-08 5.0492749295694150e-08
9 4.6553190675005569e-09 9.1148846098930790e-10
10 -6.0985764946165079e-09 -6.1658045270510156e-10
11 -5.0569277157799040e-09 1.4861820280690847e-10
12 -1.3365252191795859e-09 2.8346933420173900e-09
13 4.7813227277204329e-10 4.7560894487480780e-09
14 6.5928650896282550e-10 5.3677228602060752e-09
15 6.9427736334456825e-10 3.6570957871092848e-09
16 6.2702613168323870e-10 2.6236317545464031e-09
17 5.6531835205472580e-10 1.8916446542055568e-09
18 2.7736908467439860e-10 1.2443697992402998e-09
19 2.8638951864914914e-10 7.4125792098454523e-10
20 3.3730265680232647e-10 4.6503638890314318e-10
21 3.6775039630221451e-10 2.6703954321325956e-10
22 2.7680272875546337e-10 1.0757665686501486e-10
23 2.2964674243205990e-10 2.1944228119325736e-11
24 1.8591493819182368e-10 -1.6140218604788454e-11
25 1.3885536187122470e-10 -4.3056923133303030e-11
26 9.6817011963789486e-11 -4.1110704154039370e-11
27 5.5683981844290972e-11 -2.7169487225805337e-11
28 2.6347649373772557e-11 -1.4416104991192544e-11
29 9.6153494166553692e-12 -9.2252760210763118e-12
30 1.6277698337865309e-12 -7.1924647047633706e-12
31 -1.3758193965155103e-12 -4.2712934449618437e-12
32 -2.8713383945180290e-12 -6.6621945259312685e-14
33 -2.4135417415847156e-12 2.2800648090265032e-13
34 -1.3216325185396612e-12 -6.0965007186428156e-13
35 -3.3280675949095354e-13 -1.3855909053593295e-12
36 -6.8291555383533129e-13 -1.4694194804234260e-12
37 -8.6312900305232494e-13 -1.2888209207828380e-12
38 -7.7816582140778332e-13 -1.2241103565053368e-12
39 -8.1311589722196877e-13 -1.0941195670904949e-12
40 -7.0826417212749541e-13 -7.3477792229013071e-13
41 6.7579708654024486e-14 3.1047612170600225e-13
42 7.7796276181993963e-13 1.1465556820561623e-12
43 1.4270563140087129e-12 1.2493427914175183e-12
44 1.7367528917136151e-12 1.0377230227201134e-12
45 2.1055531383695561e-12 9.7377177550598736e-13
46 2.5155973233160824e-12 6.6332757844358780e-13
47 3.1797539668840572e-12 4.7252689845140241e-13
48 4.1662074344996790e-12 1.6400342228848671e-12
49 6.2600837310591289e-12 3.6731845309551019e-12
50 1.0109487732868448e-11 7.2476191908855882e-12
51 1.2971484669424486e-11 1.0788377802640709e-11
52 1.4396022921949548e-11 1.0659221320195001e-11
53 1.5302151727336933e-11 6.9699382720356330e-12
54 2.5907163299153586e-11 -6.5001050029987214e-12
55 5.0605468486368178e-11 -2.0964016926668002e-11
56 5.1147882707142183e-11 -2.5616362929698261e-11
57 5.9875056084364442e-11 -1.4337883302978498e-12
58 1.3544489850595784e-10 6.0119332780251914e-11
59 2.2227609372612486e-10 1.0898258974612470e-10
60 4.8532983365076565e-10 1.9385027028932381e-10
61 9.8530625776760710e-10 9.3529781013021770e-11
62 1.5854652054399248e-09 -1.2977983844854930e-10
63 2.0091169839220264e-09 -7.5223709871163464e-10
64 3.0591358438190593e-09 -2.5385448731199972e-09
65 6.1573036665970119e-09 -5.2997231737969172e-09
66 9.2181212847615506e-09 -9.4448148217810023e-09
67 8.1919870787704334e-09 -1.3501165061819016e-08
68 1.7766717081702688e-09 -8.5448391059728691e-09
69 -1.3468176084606591e-08 -6.3596639649469882e-10
70 -2.6309398236788006e-08 6.4629458829997649e-09
71 -2.3315366860163670e-08 1.2324677727437200e-08
