0 -3.0403404724899987e-10 2.0849500614187071e-10
1 1.1349258438872322e-11 8.9597927100563053e-11
2 -1.4982749590032287e-10 7.5962003741218919e-11
3 -8.2524954979374859e-11 3.0499451014746560e-11
4 -1.9732133589173356e-11 1.8177813296704819e-11
5 -1.1109294879729115e-11 -8.2713831586367734e-13
6 -8.9246122335052027e-12 5.3261937738632908e-12
7 1.9152217713681191e-12 4.2282728458664663e-13
8 4.7485395003321316e-12 -3.5191960465232306e-12
9 1.2781685378777473e-12 -1.4738447859042927e-12
10 2.5453698849398900e-13 -4.2572686700846836e-13
11 6.7419195859557576e-14 -1.0204218246483313e-13
12 2.4691290575912664e-14 -3.3127939761320728e-14
13 1.7183959477791952e-14 -7.4508608243218064e-15
14 2.9760241880971600e-15 2.0125102708688045e-15
15 -6.2142952594151339e-16 1.8021959163288618e-15
16 -3.7112768383913310e-16 9.8236335511745038e-16
17 -1.8404942413951305e-16 4.1589849632580227e-16
18 -1.1164505658318063e-16 1.4521185526396186e-16
19 -6.0386535705435624e-17 5.4713031739206614e-17
20 -2.6579299668556539e-17 1.4089670258307366e-17
21 -1.2167597109981322e-17 3.4197859806554462e-18
22 -5.4728229180423349e-18 1.5442461014341248e-18
23 -1.9421507750512927e-18 5.7593503348765186e-19
24 -7.1036580473765137e-19 2.1349710772906507e-19
25 -2.3810611939630615e-19 1.2039107900065888e-20
26 -7.2721060025925396e-20 -1.2145728650783378e-20
27 -2.5045933747236939e-20 -1.2346316681010013e-20
28 -9.0737817319081928e-21 -6.0505441686406980e-21
29 -2.8615833089851443e-21 -2.6505416086804528e-21
30 -1.1352105622861274e-21 -8.7081548831749184e-22
31 -4.2670768705748547e-22 -2.4176262405023653e-22
32 -1.1910680066431812e-22 -4.5215160047745536e-23
33 -1.5247844968877080e-23 1.2199364834928163e-23
34 1.5429285870691011e-24 9.5785314320813174e-24
35 3.5614369522330558e-24 3.1673865359572957e-24
36 3.4081335806787309e-24 3.1372388412743480e-24
37 4.9821030748795367e-24 2.8402215589483598e-24
38 4.4579052268188711e-24 2.6447952844170253e-24
39 -2.1756204265034262e-24 1.0922538150256880e-24
40 -1.0718821206630129e-23 -4.7522017974733756e-24
41 9.2185640310761646e-25 1.1900962994280247e-23
42 -5.4958154875986128e-24 4.9953471258767288e-23
43 1.2893355860383655e-23 3.6288777932420502e-23
44 1.0931685693190065e-22 2.1796890754326565e-22
45 3.5898574665093770e-23 2.4726683574551997e-22
46 6.0759855613019101e-23 -8.0522351029818048e-23
47 1.9508801553766792e-21 -7.2605034546772058e-22
48 1.0969353424923370e-20 -6.9903508857602797e-21
49 1.9731772791114125e-20 -3.3926124073516365e-20
50 3.9959786130531512e-20 -9.7428804063131440e-20
51 6.0274691138671540e-21 -2.9035153406011960e-19
52 -2.8063882718979843e-19 -1.0420411717323868e-18
53 -2.4849663182154916e-18 -3.7522763907064966e-18
54 -1.1338738267658819e-17 -9.5605010150460815e-18
55 -3.7612699437074001e-17 -1.9929207171134389e-17
56 -9.8403461559291850e-17 -4.2002307565168362e-17
57 -2.6119583094985992e-16 -8.7422153629695488e-17
58 -7.2558451774774396e-16 -1.8333906613536341e-16
59 -2.1545243485142098e-15 -7.4792760839714364e-16
60 -5.1943926788932178e-15 -1.4500931184143901e-15
61 -1.1114288892234555e-14 -3.3882360479186180e-15
62 -2.8368250109104470e-14 -8.0501419641453323e-15
63 -7.7717153575356872e-14 -3.3886593649461720e-14
64 -2.6061001496567147e-13 -9.0839239529426426e-14
65 -7.3703672489579663e-13 -1.5708105172329719e-13
66 -1.8621482118967013e-12 -4.8880114219403222e-13
67 -4.7380126588528345e-12 -1.2991523559737505e-12
68 -1.4244579102306914e-11 -5.1433113115186748e-12
69 -3.3508502446721692e-11 -9.2063871105431567e-12
70 -8.4278641497458436e-11 1.7926443996175607e-13
71 -1.3291395902220463e-10 4.2128080986144161e-11
