0 1.6984080962422703e-07 1.1754213747027479e-08
1 1.1126424369408372e-07 1.1514602686734033e-08
2 3.9016188361956121e-08 1.6735449440453936e-07
3 1.0311681977997011e-07 3.0543363297215665e-07
4 1.1980374298321707e-07 3.8531823144696346e-07
5 4.0607840462990833e-08 2.8965264649338009e-07
6 -6.8304199133372532e-08 1.7829256481177915e-07
7 -3.3389824423067169e-08 1.4774519293439628e-07
8 -4.7758848153889471e-08 9.0693771829553305e-08
9 -4.2698861598848048e-08 -1.4147110064527767e-09
10 -2.1063073629310902e-08 -1.6858872311095453e-08
11 3.1124373762180545e-09 -1.3058282323977106e-08
12 1.2242840001407634e-08 -6.6390854781658926e-09
13 1.6363024691095274e-08 -1.1238249510589751e-09
14 1.4101170153167991e-08 6.5614106449600367e-09
15 1.1595454666585253e-08 5.7219394809427675e-09
16 1.0726118032022771e-08 3.6957304367124177e-09
17 9.5137944662517232e-09 3.7957322237918977e-09
18 6.6910580447710063e-09 3.3400799035467423e-09
19 6.0007544009424099e-09 2.5580652763399314e-09
20 6.2172693164183855e-09 1.9302912791872904e-09
21 6.0162205268834021e-09 1.3067957657802174e-09
22 4.6375136554149141e-09 5.7255439158834939e-10
23 3.5886351195570091e-09 -2.7582042668008108e-11
24 2.3773011857841671e-09 -5.4420823285249212e-10
25 1.5387855091302968e-09 -9.3916585957628266e-10
26 9.2910408098219530e-10 -9.9983767689133815e-10
27 4.4264337993715133e-10 -6.5800776188549724e-10
28 1.6228701234715708e-10 -3.4249504720348079e-10
29 3.3423451164291790e-11 -2.1800206031352497e-10
30 -2.5412562691228178e-12 -1.6229078700839716e-10
31 -5.2713678557235630e-11 -6.2235674072541911e-11
32 -2.3504588974325954e-11 2.9170219119998631e-11
33 3.5655975128948041e-12 1.7207592163071114e-11
34 5.9262584495857434e-12 -6.4667093158445429e-12
35 2.9536369804879306e-11 -2.0770021730501302e-11
36 1.3488065832048659e-11 -2.5938010526284628e-11
37 1.8174707839192597e-12 -3.0262608932268385e-11
38 -6.9765969735719800e-12 -3.3731974443390688e-11
39 -6.8742578955033333e-12 -3.7656680693734465e-11
40 1.0579392803524386e-11 -3.8498440364509668e-11
41 4.2149408327975289e-11 -3.3612106306070328e-11
42 6.4758600453222970e-11 -2.3225039339843638e-11
43 6.2872889671786662e-11 -5.4366714446931280e-12
44 2.4294123181456491e-11 -3.5072101592203906e-11
45 -2.5997364695616235e-11 -5.1684202454949743e-11
46 -8.4372933898200241e-11 -7.0698392979102027e-11
47 -1.5054478700584662e-10 -6.5300604215361212e-11
48 -1.9703050563207791e-10 -1.3677462852583938e-10
49 -2.0118929535789163e-10 -2.3602659812715102e-10
50 -2.4593262964163194e-10 -2.5861165629599435e-10
51 -4.2495206260972520e-10 -3.9175153527071562e-10
52 -6.2190625461259166e-10 -6.5488366519903331e-10
53 -8.0549191185769825e-10 -8.6241457964753685e-10
54 -1.2235418125280808e-09 -8.5605685523230281e-10
55 -1.8132677107773304e-09 -6.0274721930677781e-10
56 -2.4723751854508122e-09 -2.9666045744595451e-10
57 -3.5650809292162113e-09 -6.0078382334998793e-10
58 -4.5834469226373581e-09 -7.9139320717826817e-10
59 -5.6384671488372237e-09 -1.3994910396745580e-09
60 -4.4497697229225416e-09 -1.3107605070373920e-09
61 3.0415569617430465e-11 -4.2252110342523837e-09
62 5.1541981680223395e-09 -5.2714725004396512e-09
63 1.2402983406296150e-08 -5.9014429743670922e-09
64 2.6552464895558675e-08 -9.4322291082631173e-09
65 4.2447926271970242e-08 -1.3689420900957679e-08
66 5.5282960334145822e-08 -1.0890489252706616e-08
67 5.3204492234449795e-08 -1.7760998000749093e-08
68 3.4102163048570556e-08 -1.3275846757426976e-08
69 5.9805129931610628e-09 -2.1245520328028914e-08
70 -1.3551810563758147e-08 -1.8292816187787302e-08
71 2.0728614513316593e-09 9.1052642132684230e-09
