0 6.2881228418441250e-09 -2.3433577846816286e-08
1 7.0550511035852579e-09 -1.2497044518743693e-08
2 -5.2823949066236081e-09 -4.9091742409830129e-09
3 -3.3667285911400949e-09 -1.3427086473219434e-09
4 2.2765349175620967e-10 1.9089849710801934e-09
5 -3.5577571618109534e-10 1.3860126989398277e-09
6 -8.4982564828474030e-10 5.0328009210650997e-10
7 -1.4137503711843255e-10 2.8920788199577738e-10
8 3.6251140754851413e-11 2.0401174524008625e-10
9 3.1911296643663971e-11 1.0306550377085626e-10
10 1.3554149528114055e-11 3.2875097090606618e-11
11 2.7776579881523213e-12 9.1576185403872411e-12
12 1.3498901611730001e-12 2.4818776080528033e-12
13 8.8407355992933644e-13 6.2601801254223009e-13
14 1.7789259963811227e-13 7.8920697457980406e-14
15 -6.9966909628018047e-15 3.3882740963968957e-14
16 -1.4378535288428505e-14 3.4099415346962829e-14
17 -2.3062353946245782e-15 1.0464223148379420e-14
18 -2.4602569432965827e-15 -4.6960888803759210e-16
19 -1.6384659739450302e-15 -1.7254883870449677e-15
20 -6.9216716882416711e-16 -9.6442137190284349e-16
21 -5.4283701471968736e-17 -4.1485503670368732e-16
22 -2.3633672163680268e-17 -1.4712366513743667e-16
23 1.0499491974892970e-17 -3.6301831529880586e-17
24 4.3775361361546776e-18 -3.7301402954100260e-18
25 4.1934088581383821e-19 2.2002312602280190e-18
26 -5.0184947649775421e-19 1.3469241499998922e-18
27 -2.6831194189194264e-19 6.8843316985516045e-19
28 -8.0309141318836518e-20 3.5444260400751957e-19
29 -1.5215883030971483e-20 1.3156561060045677e-19
30 -1.3079228653800881e-20 5.2742012462966206e-20
31 -3.1335390479957379e-21 2.5658088709005530e-20
32 1.1517171718262012e-21 9.5206026283278587e-21
33 7.2180855535111379e-22 4.5440336698750690e-21
34 3.8228568972962062e-22 2.3942717553291331e-21
35 3.5206064795807745e-22 1.1327908310411868e-21
36 1.8679673475117254e-22 3.9187581082964906e-22
37 1.3677280805711952e-22 3.6319334531029468e-23
38 6.0329178563674613e-23 -2.8073053050741308e-22
39 -3.5686030651874513e-23 -6.8448919616304176e-22
40 3.1364758457424560e-23 -1.0230666075837505e-21
41 5.0644599070055943e-22 -1.5725188539977190e-21
42 9.3124648248452430e-22 -2.5476156987813757e-21
43 -6.7050412781292999e-22 -4.1424842518620053e-21
44 -1.2069373242762922e-20 -2.7900816184989804e-21
45 -5.1890859611294179e-20 1.0302690155766056e-21
46 -1.6511524579469912e-19 -1.9085893599846981e-20
47 -5.0984275755796242e-19 -1.5523328613341269e-19
48 -1.2242193092013732e-18 -6.6431163667898026e-19
49 -2.5281348908784956e-18 -1.9748061836283570e-18
50 -4.4708820844120975e-18 -6.9122407404858790e-18
51 -9.5429745389464451e-18 -2.2420174239345989e-17
52 -2.7512692007203392e-17 -4.6188951466106981e-17
53 -6.9706511329902207e-17 -1.0238220315169270e-16
54 -1.8208257403101215e-16 -2.4056447392532097e-16
55 -5.5793554522500213e-16 -4.7663288533590475e-16
56 -9.8490838633456881e-16 -9.2796064732476054e-16
57 -4.9781540577315499e-16 -9.5995342588024050e-16
58 3.4864507390034316e-15 9.2025436538500901e-17
59 1.8935034630058570e-14 4.1387251078198924e-15
60 9.7313198668812970e-14 7.2076280539642007e-15
61 4.4971199856227987e-13 -3.3658389982834757e-14
62 1.5300112971417608e-12 -1.6243116409071043e-13
63 4.3739566181201318e-12 -1.0570228377746495e-13
64 1.0153909635013647e-11 4.1808748731267242e-13
65 2.4296920077303119e-11 4.8651392165295457e-12
66 3.6607199058283969e-11 1.9134989131722988e-12
67 1.4883530106302803e-11 2.3185589173167404e-11
68 -8.5022613293625126e-11 1.1651102237699152e-10
69 -2.5011922732698177e-10 5.5707961940288372e-11
70 -4.7375285124000683e-10 -6.6648536508047493e-10
71 4.3374159930158606e-10 -2.6648042823268171e-09
