0 1.7010222828653790e-10 6.4785125340075020e-10
1 1.4765154193269025e-10 5.0139300068177714e-10
2 2.0897383755318853e-10 1.5453525602028293e-10
3 1.0322953874225247e-10 -1.1882798669874003e-11
4 5.9605240784490125e-11 7.2196276239211992e-12
5 2.4632997340507046e-11 1.5016189933109395e-11
6 -4.9987169648510809e-12 -1.5226170856516833e-12
7 -3.4550408278946170e-13 1.8431097250644600e-12
8 -7.0388466523193875e-13 3.5442546752299888e-13
9 1.5376472569948768e-13 1.1602022559569704e-13
10 3.3991153023360131e-14 -1.5968004813907138e-14
11 5.5581087273732629e-15 -7.0282000363289822e-15
12 7.4256395961647561e-16 -1.8396649023791385e-15
13 7.6231569237296721e-17 -3.1359403302531559e-16
14 5.6139789038904372e-18 -4.9540153411275056e-17
15 -1.0599674114249411e-19 -7.2483391192745713e-18
16 -8.1403364289539466e-20 -1.0121122505856475e-18
17 -1.2948237339225317e-20 -1.4642788673945592e-19
18 -1.5747506047379225e-21 -2.0543054293101269e-20
19 -2.6788978117924405e-22 -2.9432078327846988e-21
20 -4.2060428139402375e-23 -3.9509244106349494e-22
21 -4.0536735291720256e-24 -5.0181143075295953e-23
22 -4.7410741134316798e-26 -6.2517636841629478e-24
23 3.1379147014748520e-26 -7.7244422188931305e-25
24 4.7151587019124161e-27 -9.6090377364548482e-26
25 -2.8665179431238937e-29 -1.1407508976669901e-26
26 -1.0653462762820516e-28 -1.4013793361131095e-27
27 -2.1715343915859246e-29 -1.7392441974636074e-28
28 -3.7211034536870200e-30 -2.0845963275985387e-29
29 -5.9637698709364704e-31 -2.3535543111281073e-30
30 -8.9781539582799103e-32 -2.7338276081968656e-31
31 -1.0376344479948447e-32 -3.1221064768421283e-32
32 -1.0843800677251893e-33 -3.6471368405017940e-33
33 -1.1558642228660068e-34 -4.5446589272366303e-34
34 -1.2293492757300396e-35 -5.6323729778992672e-35
35 -1.4487530774410467e-36 -6.7665131084516470e-36
36 -1.5365165617401416e-37 -8.4352997865482747e-37
37 -4.2406915598055185e-39 -7.9631862272354652e-38
38 -3.0233827702433171e-38 3.0199037732362908e-39
39 -6.4923392382648201e-38 -1.2464538459391248e-38
40 -9.4944673049927410e-38 9.0618665836480168e-38
41 -1.2541765091151870e-37 7.4456401462668948e-38
42 -2.4420347712147075e-38 -7.0192024505006471e-38
43 1.6656630042075645e-36 -1.6993996561709728e-36
44 1.5218459352596671e-35 -1.5929166797095252e-35
45 1.2604089592608280e-34 -1.1159468912131741e-34
46 1.0384674516623238e-33 -7.1878075788526578e-34
47 8.8130249180028201e-33 -4.3617227187293511e-33
48 6.9749265179894121e-32 -2.2865211261946219e-32
49 5.4930044861864430e-31 -4.1223460052649176e-32
50 4.6905407255532787e-30 4.6851648176355251e-31
51 3.8343711319231223e-29 1.0631308912948167e-29
52 3.5962939393467498e-28 1.1907313557607090e-28
53 3.2548007290516624e-27 1.2292111974192984e-27
54 3.0064884719349838e-26 1.3543441023424254e-26
55 2.8851106252184028e-25 1.5399443375541473e-25
56 2.6374234784882690e-24 1.6085810659686559e-24
57 2.2198165289355187e-23 1.5647215682391109e-23
58 1.9487343615293334e-22 1.4296263545690953e-22
59 1.5001025490877535e-21 1.2172918793008244e-21
60 1.0769431076595443e-20 1.0147991315889586e-20
61 6.9313425645973765e-20 8.3257812201161837e-20
62 3.6131418027956530e-19 6.6850702879500702e-19
63 1.6925273697291708e-18 5.2249350714128858e-18
64 5.7252988675824143e-18 3.5620750935816374e-17
65 -7.0442885873284944e-18 2.5381033549081448e-16
66 -5.1249944184103318e-16 1.9505164421343246e-15
67 -8.9619924428393879e-15 1.4579671809161160e-14
68 -8.0118805931328842e-14 1.1722389999398119e-13
69 -4.4180802943448273e-13 7.0816415058913501e-13
70 -1.3953717317933594e-12 4.3756469068816803e-12
71 2.2454533843317975e-12 3.4364853811491066e-11
