0 -4.2655372567862343e-08 3.4540970435963331e-07
1 -8.7677115149307138e-08 4.4259550606400611e-08
2 -2.0153025257086007e-07 3.1908113753807727e-07
3 -7.5366235726930088e-08 6.7020908348055946e-07
4 -8.1917131441059430e-08 8.5370246156389631e-07
5 -3.7980967138280588e-07 6.0078967981306944e-07
6 -7.2412147484794250e-07 4.0211026106647905e-07
7 -6.3116976962307904e-07 2.1713914501060212e-07
8 -6.2170169899659486e-07 1.4795530868210278e-08
9 -3.3648002264791560e-07 -1.8173269056633411e-07
10 -1.5779107572404267e-07 -1.8997889439614214e-07
11 -2.3928623688783129e-08 -1.5829660115880437e-07
12 3.6095714817650462e-08 -1.4293211165633190e-07
13 5.1865667398291746e-08 -1.3776868540056507e-07
14 5.8185977691396445e-08 -9.2601026402576097e-08
15 4.4607034529884927e-08 -6.7568474658454282e-08
16 3.9401107622253678e-08 -6.4550861462499675e-08
17 3.3003526525373294e-08 -4.5227737599208152e-08
18 2.8698637129112357e-08 -2.9340919416584067e-08
19 3.4732870106765117e-08 -1.7754425141222175e-08
20 3.3476582527973015e-08 -8.9908613699459539e-09
21 2.8963115890309826e-08 -4.0243704180789066e-09
22 2.6874209085040758e-08 -3.4652068086757975e-09
23 2.6542864789139471e-08 -5.9131268548521749e-09
24 1.9641784490660245e-08 -6.9132799849295339e-09
25 1.3623713961024235e-08 -7.7192304631776499e-09
26 9.1289493556720203e-09 -7.1320829019316195e-09
27 3.6994699649720632e-09 -2.8241362862196915e-09
28 1.1804101691211086e-09 1.7044301983887958e-10
29 9.2289112228446743e-10 -5.6367861522301864e-10
30 2.4927117488256723e-09 -1.3820223641703228e-09
31 2.9008656727332290e-09 -4.5957846613384445e-10
32 -7.5509520336887640e-10 2.1239182918407476e-09
33 -3.6586648694560897e-09 2.4205004908923604e-09
34 -6.4600810047036283e-09 2.2847008148859270e-09
35 -6.9998477590904669e-09 2.1114955631628393e-09
36 -7.1803068957198017e-09 1.3550848465854139e-09
37 -6.3317111233265079e-09 1.1353866759481640e-09
38 -4.5499124207804326e-09 1.4458797242673561e-10
39 -3.5074484953160284e-09 4.4015022260353125e-10
40 -2.2306711795475984e-09 4.9308864221398721e-10
41 -1.2407363199975482e-09 6.2488924770573348e-10
42 -5.6903598180697089e-10 9.6128025302818507e-10
43 -1.0666376921524073e-09 -2.0284163936855261e-11
44 -2.1035276156735979e-09 -4.0178827502007338e-10
45 -2.5185891902730159e-09 -5.1390066214944433e-10
46 -2.8843495402297845e-09 -1.4394628435419387e-09
47 -3.0393698003932065e-09 -2.9563464890172758e-09
48 -2.0895898037446677e-09 -3.3340837071982792e-09
49 -1.0465094393397431e-10 -4.3497589416109768e-09
50 -5.5102765094085258e-10 -5.8156508662615397e-09
51 -1.7558023387752790e-09 -6.3146084939458832e-09
52 -1.1260189632310772e-09 -3.8851440554121660e-09
53 2.7106973278000082e-10 -2.8670679991996278e-09
54 -3.2781386080341861e-09 -2.8180587874053324e-09
55 -1.3048208808094461e-08 -3.1423614571720707e-09
56 -2.0400923505418455e-08 -3.3612332091470986e-09
57 -2.6970519779292618e-08 -4.0393728626569507e-09
58 -3.3426922840993027e-08 -5.2185793716573580e-09
59 -3.6567704870665238e-08 -1.4531559550831884e-08
60 -2.4842429344303613e-08 -2.1515285869663040e-08
61 -7.5703033474780728e-09 -2.9328426027681066e-08
62 -1.5143132480058885e-08 -3.3530315452359495e-08
63 -1.8755670645055509e-08 -3.4158785425265301e-08
64 -1.3867002351947714e-08 -4.2464247064753669e-08
65 -2.2373841660441986e-08 -5.2672440916298151e-08
66 -4.4200336892460502e-08 -8.2917157048403818e-08
67 -1.0411097388177372e-07 -1.2119995543352210e-07
68 -1.1215179789242064e-07 -1.3080034000792050e-07
69 -1.8594911938493942e-07 -1.4167247324206814e-07
70 -3.4087447064797785e-07 -5.4593026059855669e-08
71 -4.0744819929541856e-07 1.2987883382435356e-07
