0 1.2144465075189854e+00 5.5266142430218074e-19
1 1.6041082523475583e-01 -2.1542489563910185e-19
2 5.6772179240751230e-02 4.9393782054077139e-21
3 3.2626906592632308e-02 2.7254734579283990e-21
4 2.5388761376838574e-02 -6.7811878525118065e-22
5 2.2322230463098051e-02 3.9769180713094320e-22
6 1.9640011752059944e-02 3.6052703929130672e-22
7 1.6604333422966636e-02 2.8833310861621355e-22
8 1.3739797135406767e-02 -3.3373988796288105e-22
9 1.1876741472838001e-02 -9.2927303958273593e-23
10 1.0265173351649240e-02 6.5003703494187193e-23
11 8.4892558324712909e-03 1.7352427685954302e-22
12 7.1032581417964039e-03 8.6695659599931759e-23
13 6.2458095307071654e-03 -1.8506500845902129e-22
14 5.4975671550413843e-03 -5.1335231224186013e-23
15 4.7176751560325837e-03 -9.4162916855399413e-23
16 4.1202173297236180e-03 -5.9375000056405858e-23
17 3.7585642221533060e-03 -7.5432719053566013e-23
18 3.5070655484559649e-03 1.1231464632994497e-22
19 3.1344718052279895e-03 -3.9815710450897179e-23
20 2.5964622574784608e-03 5.8444437366493059e-24
21 2.2436268739181912e-03 8.4898300096202746e-23
22 1.9270283475157897e-03 9.3904978314207012e-23
23 1.5965333223390769e-03 -4.0893696332990203e-23
24 1.2624718889954777e-03 -3.4934630639383990e-23
25 1.0062498577183487e-03 4.5097417888566890e-25
26 8.1851763655731808e-04 -2.5350611297775560e-23
27 6.8690558035152771e-04 3.2717959757982588e-24
28 5.8581697540127555e-04 -6.2666275783623735e-24
29 5.1448829794358691e-04 8.0833941234028138e-24
30 4.7503777713220352e-04 -3.3088657628323936e-24
31 4.5158752337189637e-04 -1.0251906862936288e-24
32 4.1807736092241017e-04 2.1110953086805287e-23
33 4.1081194933707192e-04 7.1437235368331141e-24
34 4.1194793373812010e-04 -2.0789076540463290e-25
35 4.0814111473252914e-04 -1.6815672971179567e-23
36 4.0119123216718897e-04 8.0422619036542616e-24
37 3.8481174453766252e-04 2.5389338470637658e-23
38 3.7311106448801500e-04 8.1539769457626420e-24
39 3.4710312317223118e-04 -9.8460891757293052e-24
40 3.3427961713797830e-04 -3.1334503034477589e-24
41 3.4448673561590485e-04 5.7651104667064854e-25
42 3.7690154004201454e-04 5.7776389566899929e-24
43 4.2293831142396201e-04 8.8903122797847394e-25
44 4.6810413306063684e-04 -2.4376764946305139e-24
45 5.1006471131957905e-04 -3.7422740299111976e-23
46 5.7355854456621780e-04 -3.6104606496826033e-24
47 6.5039309752749680e-04 1.6436613699509202e-23
48 7.7566688883452058e-04 -1.5826729856137511e-23
49 8.9216108581586747e-04 8.7277251190380028e-24
50 1.0164087728597659e-03 1.5554312726282076e-23
51 1.2252461063514044e-03 1.2616918045375074e-23
52 1.4715026319005839e-03 -8.5594725151633750e-23
53 1.7827328292595154e-03 1.9004834941808398e-24
54 2.1500502654018070e-03 3.7006540693816421e-23
55 2.5348305508867126e-03 4.4163165645793247e-23
56 2.9213423202151942e-03 2.2664060003417935e-24
57 3.4080528934506060e-03 -6.9372410365441067e-23
58 4.0055838155345688e-03 8.6692057378630128e-23
59 4.8099282448692523e-03 1.0120011076800193e-22
60 5.7148048565168622e-03 -1.2954710843822005e-22
61 6.7937622800182812e-03 3.5950447760480608e-22
62 8.0287618180009904e-03 -1.1100892909791264e-22
63 9.5726824884351976e-03 8.3620765988908483e-23
64 1.1738921824022022e-02 6.5151752831330625e-22
65 1.4672169781298608e-02 -9.3550210031027648e-23
66 1.8022677420955025e-02 -4.8457749736582685e-22
67 2.2460054775902686e-02 4.8834705862048304e-22
68 2.6705728922609528e-02 2.4178930108414790e-22
69 3.4429087646771057e-02 1.2305842187783179e-22
70 6.0317219783060864e-02 -2.7017570323627272e-21
71 1.6478828866758821e-01 -1.9010441261662675e-21
