0 1.1452590077672991e+00 1.9769073211745782e-19
1 1.5068709465496757e-01 -1.2408870019592812e-19
2 6.1793437634963387e-02 -8.1660947828993194e-21
3 3.8968817526168403e-02 1.9661539824225101e-22
4 2.7824794410548151e-02 -4.8788392564520095e-22
5 2.1112700533963365e-02 4.6605602811287002e-22
6 1.6850201926181311e-02 3.8518929077308604e-23
7 1.4394064967215099e-02 -6.7976791562833583e-22
8 1.2558860884115230e-02 -5.3772756524618088e-23
9 1.1197262065960209e-02 -5.1561838904564590e-24
10 9.9778588214128258e-03 -9.3952731234129047e-23
11 8.6904894010709603e-03 3.6398989622167287e-22
12 7.3543746695168338e-03 -3.6762917954244554e-22
13 5.8329614098649660e-03 3.2973585983481378e-23
14 4.7395829984665776e-03 -8.7887894090594239e-23
15 4.0597562387299684e-03 3.0712183902516560e-23
16 3.3933654321860315e-03 -1.9220673881686311e-24
17 2.8976533558170421e-03 -7.4917403247077316e-24
18 2.5125861535352742e-03 6.4045803983471009e-23
19 2.2049769037690951e-03 6.8105658870755492e-23
20 1.9575840521703076e-03 2.6407673678276630e-23
21 1.7979445291238477e-03 3.5929444378603171e-23
22 1.5996403073771954e-03 -5.7038431422218096e-23
23 1.4000582174552264e-03 6.7377113261511673e-23
24 1.1833719290745349e-03 3.3101439122265929e-23
25 9.8447123634241938e-04 -7.5034612727183207e-24
26 8.9332931883357315e-04 -2.7560166405645418e-23
27 7.7647296157436598e-04 -1.3957705676129700e-23
28 6.5437206103853161e-04 5.9572714085410586e-23
29 5.4117720248750961e-04 -5.4327120697136909e-23
30 4.3003909089178293e-04 -9.5422156100506208e-24
31 3.6036490852628871e-04 -1.2443858540659949e-23
32 2.9982015775672420e-04 -6.9706722443487266e-24
33 2.6201697012716388e-04 1.5246928455748800e-23
34 2.3543519590131379e-04 -5.3930741419117764e-25
35 2.1910027265728622e-04 2.8471851929074673e-24
36 2.2075525407974360e-04 6.7340079219696212e-24
37 2.2680392951360034e-04 -4.2803710666822216e-24
38 2.2760262771995732e-04 4.7108742840452726e-24
39 2.2540469631360320e-04 1.4989019708217067e-23
40 2.3572774211487449e-04 7.4324395013859933e-24
41 2.5403078070817989e-04 -1.1722369944622433e-23
42 2.8740926766113379e-04 -1.4515489659294770e-23
43 3.3175248728208132e-04 -1.0747966456985566e-23
44 3.9676608735105028e-04 -1.9004013356648179e-23
45 4.7750797684946309e-04 3.9055511740633069e-23
46 5.6574846892853709e-04 2.0004509315283649e-23
47 6.5486705111196975e-04 2.9748484985281916e-25
48 7.5557682922708879e-04 2.8192690512044503e-23
49 8.8878143423698811e-04 1.8768871942484716e-23
50 1.0726301299288008e-03 -2.9544101092730950e-23
51 1.2919282107911876e-03 5.3223376491893810e-23
52 1.6339715349830701e-03 -3.4300387123002153e-25
53 2.1594238940434067e-03 9.3385124012386864e-23
54 2.8233485902624260e-03 -1.2664638017757849e-22
55 3.5063468089361954e-03 -1.2070824080624036e-22
56 4.1099520038892804e-03 2.2356250729111524e-22
57 4.7869313422667786e-03 -1.0442701906205826e-22
58 5.6640447132619487e-03 1.3029320536311270e-22
59 6.7824065654449716e-03 2.3280481307351010e-22
60 7.7919813829398854e-03 -2.6103568982328362e-22
61 8.6161179856962030e-03 -4.4994572886411914e-22
62 9.4218211627561336e-03 -1.3720274662836175e-22
63 1.0638252883697874e-02 1.0648368668648692e-22
64 1.2331833553939318e-02 -3.9947801312676206e-22
65 1.4353602347801702e-02 -2.5537637036519756e-22
66 1.7202408377777010e-02 4.2694180155557576e-22
67 2.1625585126554246e-02 -1.0160982336969243e-22
68 2.7895041669034736e-02 3.3018339363378929e-22
69 3.8747883325652183e-02 -2.4618267612547771e-21
70 6.3383284384463945e-02 -1.5399861526932614e-21
71 1.5396916983477585e-01 4.0907390278579599e-20
