0 1.1126116460869797e+00 -2.4816659762561833e-20
1 1.1481123063044336e-01 1.8901012550004458e-20
2 3.4143048785945741e-02 3.8375280796571496e-22
3 1.8095857077596610e-02 -2.5833589595102288e-21
4 1.2158356427189281e-02 -7.6196129364656549e-22
5 8.4136371616811770e-03 1.5510769193110618e-22
6 6.4404813709669521e-03 1.0739152988272788e-22
7 5.2112463272253103e-03 -8.4511431868069531e-23
8 4.0375712733947862e-03 -1.6925753419208671e-22
9 3.0212491449933053e-03 5.4320986536396136e-23
10 2.2743416711288773e-03 -1.0063570230198116e-22
11 1.7446390506707663e-03 6.7939558568639808e-23
12 1.3607853514194274e-03 4.1968988897174477e-23
13 1.0008619463256307e-03 -4.9881156066856877e-25
14 7.6359956936999148e-04 -2.0926608815418992e-23
15 5.9585127093400559e-04 3.0083750682640162e-24
16 4.6324582151278129e-04 1.5149075421001251e-23
17 3.7289325666901824e-04 4.7213727747570564e-25
18 3.1320367360159992e-04 -1.5141775466872802e-23
19 2.5982728649590287e-04 -4.7430368314400950e-24
20 2.1025972879818876e-04 -4.8559512695764205e-24
21 1.6837451721378365e-04 -5.1872806939390093e-24
22 1.3786238858892738e-04 -3.4870759874455494e-24
23 1.1405084220164136e-04 -1.5049579703722113e-25
24 9.2681166843613526e-05 1.3318545732071070e-24
25 7.9716625592498723e-05 -3.5206726614837944e-24
26 7.6058231462216929e-05 9.0731325380057051e-24
27 7.1295351968109132e-05 3.0742302275443764e-24
28 6.5191333723966870e-05 3.6522505840457406e-24
29 6.0757405519574214e-05 2.8319166399570895e-24
30 5.9089448634126894e-05 2.5030513250323883e-24
31 5.9247778685317117e-05 8.4691852965992032e-26
32 6.1905941322580902e-05 -8.6506108167537831e-25
33 6.4373865404585167e-05 2.7619381393847281e-24
34 6.9657940411797372e-05 -6.6393306128474466e-25
35 7.7014642042389257e-05 -7.2224300605576055e-26
36 8.2916557995752851e-05 4.9929991221566775e-25
37 8.5774203976355387e-05 -1.1672443362629879e-24
38 9.3533694803413331e-05 2.3926844967551274e-24
39 1.0086414204779922e-04 7.5320573002542166e-24
40 1.0628555586803195e-04 3.8011941723143408e-24
41 1.2190237417873104e-04 3.9725210418251928e-24
42 1.3451322172694391e-04 -1.2271313625591530e-24
43 1.5201850081600211e-04 5.8177893420394734e-24
44 1.7524586154005125e-04 1.1877743663780491e-24
45 2.0141486314571489e-04 4.3558927294866298e-24
46 2.3111212132442848e-04 4.1062309698652243e-24
47 2.5421748234668131e-04 -6.2159321544317977e-24
48 2.7050206413632840e-04 -4.0755098846745733e-24
49 3.0295605077355361e-04 -1.3968378019312956e-23
50 3.4910785605142612e-04 2.4227479341989837e-24
51 3.9895513248783211e-04 -7.7045168604449270e-25
52 4.6414334344701196e-04 1.1654526135114993e-23
53 5.4634858282100076e-04 1.5389633354952574e-23
54 6.3085897758257379e-04 -1.8758738369525638e-23
55 7.2981078290545261e-04 2.1805019122984632e-24
56 8.9826925335995274e-04 2.4231090552728218e-23
57 9.9985968844474530e-04 -3.8404160727625772e-23
58 1.1111556015268094e-03 -2.1795844686824472e-23
59 1.2428981303587807e-03 1.0703166404025973e-23
60 1.4325861302944276e-03 1.8612854326918367e-23
61 1.7023722906070284e-03 -4.1745947011181907e-23
62 2.0759972827723199e-03 -2.3833300341686654e-23
63 2.4560428221440727e-03 -4.8737666879502295e-23
64 2.9501470587442510e-03 -1.5126830296015601e-23
65 3.8213813079947972e-03 3.6107111859238653e-22
66 4.9978225028176875e-03 1.8753152682708765e-22
67 6.8099309329393573e-03 3.4064965112029953e-23
68 9.9444919926940795e-03 7.7229083076663208e-22
69 1.6353099485234623e-02 -8.8400288216063893e-22
70 3.4582533420208693e-02 -9.3049346761670176e-22
71 1.2150925620605939e-01 1.5278514623708995e-19
