0 1.1440194095305771e+00 1.0867094058352815e-19
1 1.5239639847996284e-01 8.7788922128213896e-20
2 5.9909396862338038e-02 1.6502794000937495e-20
3 3.9256314634788930e-02 1.4275180393990983e-21
4 3.2945342295693729e-02 1.8850555278468929e-22
5 2.7898410576390389e-02 -5.7406076355083706e-22
6 2.2999008047862170e-02 -4.6064403121548097e-22
7 1.9689317104389384e-02 -5.9038583652760726e-22
8 1.7839534260445003e-02 -3.4567755429192535e-22
9 1.6923036848821533e-02 -2.5428325248583067e-23
10 1.6514441318033667e-02 -2.9066052758223482e-22
11 1.5252328419379162e-02 2.8709815919966515e-23
12 1.3414943041017809e-02 3.2405774615354310e-22
13 1.1610110545338861e-02 -4.2003143262052105e-22
14 1.0156298278172679e-02 6.9943625970126414e-22
15 8.9672866543952599e-03 4.4373824282991802e-22
16 8.3426367398517706e-03 -1.7391908319061429e-22
17 8.0037523456767245e-03 1.7704713518374717e-22
18 7.6205593416427912e-03 3.3231347165885287e-22
19 7.0586886879839940e-03 1.9195767075048307e-22
20 6.4149876890841947e-03 -3.1759646159323832e-22
21 5.4192482063421263e-03 -4.1847923136045016e-23
22 4.6679312675863569e-03 -2.2426848958242815e-22
23 4.1966679522729092e-03 1.3927325819925715e-22
24 3.8963315950770721e-03 4.2104295244568968e-23
25 3.6651125498916772e-03 2.0297387193410854e-22
26 3.4449709388659835e-03 -1.8886162999956117e-22
27 3.0711725037308661e-03 7.6808829218693839e-23
28 2.6973572288886433e-03 -1.3296071083936142e-22
29 2.4190521454594228e-03 1.3501105896944968e-22
30 2.1164357793789675e-03 -2.0106982385743132e-23
31 1.9099585897621536e-03 1.7201664859699558e-22
32 1.8051576705509118e-03 1.7104913665017517e-23
33 1.6738057723998784e-03 8.7607388076379611e-23
34 1.4948421100108066e-03 3.6016396412552689e-23
35 1.2942570450691496e-03 2.5254333966056094e-23
36 1.1300036141563706e-03 -7.2787328467328761e-24
37 9.7281889564671627e-04 9.3697876719084075e-24
38 8.6608380647446156e-04 -3.4469684224233947e-23
39 7.7714041112063889e-04 -4.8830125484860885e-24
40 7.3247729196839991e-04 3.4826633271174104e-23
41 7.0825718143948974e-04 1.3038147210537420e-23
42 7.2012464431122269e-04 -3.7135591887646112e-24
43 7.4693962200580609e-04 1.4923873727918059e-24
44 7.9145035803429836e-04 -1.7433472966114795e-23
45 8.8855319226875066e-04 2.7836291810341538e-24
46 1.0022740918096858e-03 4.6150706140001165e-23
47 1.1730651383884195e-03 5.9628978732259667e-23
48 1.4468638353179273e-03 6.1345041144526002e-23
49 1.7197576416208553e-03 7.7620540002856343e-23
50 1.8989034548220316e-03 6.7379952494106645e-23
51 2.2058601450050622e-03 -3.8319299840627695e-23
52 2.5886704331560934e-03 7.8541514871491795e-23
53 2.9894176414084202e-03 4.1422122860764980e-23
54 3.4484150888410936e-03 -2.1806040070794047e-23
55 3.9604375645439218e-03 -1.6796430244184224e-23
56 4.5674315171769586e-03 1.7082050931028598e-23
57 5.3101883524996991e-03 -3.7551354025553125e-23
58 5.9974388457422192e-03 -2.5497820609690726e-22
59 6.9646787117747166e-03 -1.0056024571161138e-22
60 8.2151293514985419e-03 -5.1903922687478362e-22
61 9.7720469379311333e-03 -1.4511106599664101e-22
62 1.1626236813986843e-02 -4.1799668408339042e-22
63 1.3768483539474614e-02 -3.5811270340761589e-23
64 1.6049175737338349e-02 5.3729518781264683e-22
65 1.8110365443939819e-02 -3.9109751893721304e-22
66 2.0868130872938262e-02 1.2726308223828406e-22
67 2.4543551711682272e-02 2.4863565344766625e-22
68 3.0197948830343057e-02 -1.6405303435041507e-21
69 3.9030619586675613e-02 -1.9824753297483327e-21
70 6.1845915403059795e-02 1.2451776097985679e-20
71 1.5620550307410122e-01 -5.8345929081934422e-20
