0 1.1949542593028206e+00 2.0011318568563129e-19
1 1.7710054806265335e-01 -8.7326612803072481e-20
2 8.8294287130359486e-02 -3.5164240546421887e-21
3 6.7874624032513431e-02 4.2012959816136366e-21
4 5.5123517716672052e-02 2.4003798072151770e-21
5 4.5311142423397337e-02 4.9149764136112541e-21
6 3.8372322014062141e-02 -8.2061532879938592e-22
7 3.1630309782960685e-02 -1.7912556015924932e-21
8 2.6551364909156331e-02 -3.1500414205658089e-22
9 2.2010499949759420e-02 1.9855212791641538e-22
10 1.8186484267258954e-02 3.4985391394436741e-23
11 1.5827602418719989e-02 -1.0081889124297398e-22
12 1.3665567038352052e-02 -2.8065237469484651e-22
13 1.2172636966058952e-02 -3.9274077334425901e-22
14 1.0343493935891412e-02 -3.8096442740291013e-22
15 8.8679273128944597e-03 -6.3595798920861220e-22
16 7.4553847597723290e-03 -3.6854683157097279e-22
17 6.2605082364156116e-03 -9.4626731868124201e-23
18 5.5210906052764611e-03 1.3298381181661610e-22
19 4.6767031492778869e-03 1.7966623879903415e-22
20 3.8383335557634793e-03 -1.4136158535104044e-22
21 3.1349516976838642e-03 2.8579575759930650e-22
22 2.5861605781539372e-03 8.4177943842321934e-24
23 2.1343295803170942e-03 2.7148137193445159e-23
24 1.7972165349437765e-03 7.6200669075823394e-24
25 1.4716336713557464e-03 3.3791277180647730e-23
26 1.2048482733256684e-03 4.2012694872123527e-23
27 1.0287612786941264e-03 3.5710281746226191e-23
28 8.9233062912862115e-04 -1.7261277167784915e-23
29 7.7195226856972333e-04 1.4968204785868344e-23
30 6.9537464792388687e-04 -1.0127352412602739e-23
31 6.3082695839722738e-04 -9.1791084237257316e-24
32 5.7435002278672916e-04 -2.9206662886296820e-23
33 5.1748789506423666e-04 3.7979782384456542e-23
34 4.6761571823002916e-04 1.4272038700643822e-23
35 4.6500969962129293e-04 9.7205433089297897e-24
36 4.8190656650104637e-04 -2.0898665297689814e-23
37 4.7961272639563822e-04 1.2177104911195367e-24
38 5.1001832736155973e-04 2.7926784855640958e-23
39 5.5364053254814295e-04 3.0485172789204286e-23
40 5.9353489862895255e-04 -1.1064678782425840e-23
41 6.2435535548602608e-04 -3.7100182229869943e-24
42 6.5840958339188742e-04 4.3961575352457235e-24
43 7.1375536758532486e-04 1.3123152277759279e-23
44 7.8435857991702106e-04 1.7100764660462412e-23
45 9.0506654118383814e-04 -3.3470926235583934e-23
46 1.0519725248749089e-03 1.5743594725776340e-23
47 1.1996164840555256e-03 -6.9271568963189587e-23
48 1.3303293419398986e-03 4.1712541668872168e-23
49 1.4788683841316815e-03 1.1127619760592944e-22
50 1.6786639487964788e-03 -5.0080690577357869e-23
51 1.8497300491812343e-03 1.5070413565050578e-23
52 1.9500098029962207e-03 7.8431406792621622e-23
53 2.0705431111674678e-03 -6.0222542499139293e-24
54 2.3437713366350663e-03 1.9706410764304752e-23
55 2.6350914418242465e-03 1.0691836315446221e-22
56 3.1036103261705837e-03 -4.4069103212371698e-23
57 3.7530163493909516e-03 1.6714251887526587e-22
58 4.6541019840518928e-03 -7.2051646560945774e-23
59 6.0444720939190830e-03 1.3415979577402963e-22
60 7.2647926814568987e-03 5.1201886375465869e-22
61 8.8413481169719657e-03 3.9065057460806971e-22
62 1.1201768770170191e-02 -6.6564116788515168e-22
63 1.4842826950995255e-02 1.0684801148593244e-21
64 1.8713784503096423e-02 2.2778296729854641e-22
65 2.2344491929333847e-02 -1.5295058719895499e-21
66 2.6121227984835314e-02 1.6210203123638341e-21
67 3.2500153463305370e-02 -5.9812610711897600e-22
68 4.1755326946180782e-02 -4.3061813083648317e-21
69 5.5386767595836432e-02 -3.6371455200122119e-21
70 8.0684760484654047e-02 2.4623970524085974e-20
71 1.7824392950511012e-01 -1.7426804301131106e-20
