0 1.1922474249745845e+00 -1.8688611679077027e-20
1 1.4894353779572844e-01 8.9662050188192566e-20
2 5.7810997091567534e-02 2.2345837014642649e-20
3 3.4676832457842789e-02 -2.6100388951254725e-21
4 2.5711397343395434e-02 -1.7975049002672475e-21
5 2.0187271460724670e-02 1.3049738044925642e-22
6 1.6342740461931026e-02 -9.2892935590503765e-22
7 1.3170793856467258e-02 -7.0505372718774250e-23
8 1.0660794625672494e-02 -2.2837255187365008e-22
9 8.9216877541953218e-03 -2.7075638310733772e-22
10 7.7633222043364284e-03 -3.9064109628274515e-22
11 7.0074117584659670e-03 -5.3293663120269185e-25
12 6.1777607352357013e-03 -8.5691339350019571e-23
13 5.2105735449104792e-03 1.7435691353558381e-22
14 4.3552723946806591e-03 -1.8384296292039513e-23
15 3.7310330287364476e-03 -9.9983188167683636e-23
16 3.2861320132730118e-03 -3.6505661043332550e-23
17 2.8984518705959814e-03 -3.7849109511364727e-23
18 2.4629115290173624e-03 -1.1394953712565580e-23
19 2.1103129677114913e-03 -5.9927350861681142e-23
20 1.8279796796036006e-03 -9.4503938895311924e-24
21 1.5766205298217923e-03 3.0902222047508283e-23
22 1.3623969869066025e-03 2.1535792551398327e-23
23 1.2000569693520556e-03 -1.3661965016604266e-24
24 1.0567434042317563e-03 8.6071002394645214e-23
25 9.2970857598728175e-04 -2.3232971122296999e-23
26 8.1606125353831218e-04 -2.1137309368179128e-23
27 7.1571083456128839e-04 -1.2291300832247946e-23
28 6.1958157898628146e-04 2.0928996528873792e-23
29 5.2840389543539216e-04 -4.1030500613206220e-25
30 4.5646335109926522e-04 8.3302219866787812e-24
31 4.1711255341057087e-04 2.4997917768402342e-23
32 3.8083894017380712e-04 -5.1703488212422919e-24
33 3.3937493017550697e-04 8.0152767926227326e-24
34 2.9911468471972320e-04 2.5518674694696252e-24
35 2.6338830247077838e-04 -1.0675175004190190e-23
36 2.2891741994867618e-04 2.9022648001857661e-24
37 1.9587224270896164e-04 1.0048804393658264e-24
38 1.6630417367660946e-04 -8.5257783083274960e-25
39 1.4762886464218426e-04 -2.2423600363761614e-24
40 1.3936948897259912e-04 2.6777347771082672e-24
41 1.4186242183134574e-04 1.6745214330824942e-24
42 1.5684417113948334e-04 -1.1598375164497894e-23
43 1.8382834547531830e-04 -8.1216139069262419e-24
44 2.2271439402788229e-04 5.6167957714940384e-24
45 2.6192072063412004e-04 3.1026851876791904e-25
46 3.0593386524265995e-04 -2.3878464469429863e-24
47 3.4304900747535064e-04 -2.4974096713164909e-24
48 3.8989590148922552e-04 -4.5988131734019302e-24
49 4.5765440548755059e-04 1.7399930864747492e-23
50 5.4996743235300382e-04 -1.2824700137457472e-23
51 6.6138271968736522e-04 -4.9194028199504841e-24
52 8.3811078121318484e-04 -1.3384013844680106e-24
53 1.1222706020802495e-03 6.7973241277934501e-23
54 1.4564684512287608e-03 -5.9307254818841267e-24
55 1.7800414391846706e-03 1.8479001903230331e-24
56 2.2020544436606952e-03 -3.2983431838751441e-23
57 2.7658299655287976e-03 6.1328053098756169e-23
58 3.3935134372443999e-03 1.0075446549497434e-22
59 4.0104624652423934e-03 -8.7631239952657613e-23
60 4.4695602513685666e-03 1.2588906207277266e-22
61 5.0516210650035677e-03 1.6857199979270884e-22
62 6.1108139574651407e-03 2.7017125824156589e-22
63 7.4976761863345771e-03 1.3902591044421271e-22
64 9.0734606421181661e-03 1.3330401899363933e-22
65 1.1071526307440401e-02 -3.3592763309214378e-23
66 1.3415501841903876e-02 -3.5265973868454182e-22
67 1.6293310475563958e-02 2.3647995496784616e-22
68 2.0089051120598729e-02 -3.3495772524992086e-22
69 2.7966359612823084e-02 -1.1021713506663683e-21
70 5.1739731472054198e-02 -7.4832458179843869e-21
71 1.5195926301217860e-01 1.3457536923990978e-20
