0 1.1653496149576137e+00 -4.8479178031472117e-19
1 1.6464205484430092e-01 -1.6341942497445560e-19
2 6.6796370404957978e-02 8.2794831774820904e-21
3 4.1110655051073863e-02 -5.7317968782263923e-22
4 2.9518163951651261e-02 1.7254283243565705e-21
5 2.4142842821906704e-02 2.4142747712281786e-22
6 2.0560441645033036e-02 -2.5728925937850269e-22
7 1.6982338952372094e-02 -1.2280499226858983e-22
8 1.3249119844657192e-02 7.5220024644090588e-22
9 1.0473263614303271e-02 -1.0068148456164934e-21
10 8.2419691965822436e-03 3.7098318523961509e-22
11 6.6725822452569569e-03 -1.2282405072935326e-22
12 5.1826576569363363e-03 1.5653452894196722e-23
13 4.1252083976140424e-03 3.8734082711521911e-23
14 3.3115507552488963e-03 -3.6072295541010496e-23
15 2.7421825952086685e-03 -2.5767306311359812e-23
16 2.4160928446169596e-03 -5.3278198473925204e-23
17 2.2025442263425474e-03 -3.9008258930144361e-23
18 1.9873404314550546e-03 4.2405047849785899e-23
19 1.7824300964878897e-03 3.4440993906574401e-23
20 1.5843872998197092e-03 -4.3476864713771489e-23
21 1.3632472785302776e-03 8.9737602833878556e-24
22 1.1529942751300044e-03 2.2977098092137459e-23
23 9.9058746394423505e-04 -2.4533461309047407e-23
24 8.7414148986928797e-04 2.6126762367770079e-23
25 8.2689012347992295e-04 3.8181844867943267e-23
26 8.2272709140786466e-04 -3.6243140961110313e-23
27 7.4775120129106384e-04 -2.8345468995145712e-23
28 6.4072199815214375e-04 -5.6740979719562022e-23
29 5.3158564247395175e-04 -5.0744505528804600e-24
30 4.4298851988724340e-04 1.6186610786290012e-23
31 3.9614363293145362e-04 -2.6653026614894098e-23
32 3.7454523756130223e-04 -1.2711912321841102e-23
33 3.4967688495423765e-04 7.6588982794440353e-24
34 3.3453846559801701e-04 -3.6553843613989806e-24
35 3.1843080346160397e-04 1.0724293727665989e-23
36 3.0657728621921764e-04 -6.7257524604007280e-26
37 3.1499142039503110e-04 5.0623965747567530e-24
38 3.3144085553990239e-04 1.3905595496090888e-23
39 3.4052069820477701e-04 9.7473764170781748e-24
40 3.5264717201076207e-04 -9.7527449321306722e-24
41 3.8816454870191472e-04 1.6441466497733533e-23
42 4.4860271948571220e-04 1.6688235998194157e-23
43 5.3942738010919269e-04 -1.6184080248337465e-23
44 6.2514211282989969e-04 4.7330316365035380e-24
45 6.8874903978603178e-04 -1.1295745905075831e-23
46 7.3410474096503875e-04 2.8128177687966625e-24
47 8.0203053467662049e-04 7.1833203629721088e-24
48 9.4161596386513184e-04 -1.5399581053927082e-24
49 1.0852038601944563e-03 -1.8911540616070989e-23
50 1.2650701542908345e-03 9.2576256679815916e-23
51 1.5017754844974013e-03 2.8113371992364795e-23
52 1.7152074912479133e-03 -5.1274062823107159e-23
53 1.8673430094076847e-03 -1.9983517428014390e-23
54 2.0081826136116353e-03 9.9520775977789309e-23
55 2.2305818139340505e-03 3.9510522405052744e-23
56 2.4667682302088947e-03 -2.9769388245732638e-23
57 2.7710996702696787e-03 7.6254735957543832e-24
58 3.1401413157604256e-03 8.6731136748217097e-23
59 3.7039428070943957e-03 -1.4252648521853561e-22
60 4.4740245774863921e-03 2.2331829732530511e-22
61 5.4226079448830185e-03 -3.0075100103252184e-23
62 6.5942360611815484e-03 4.8439184396502521e-23
63 8.1068730694158157e-03 -1.7736956828990476e-22
64 9.7397579743433629e-03 -8.7438985035154703e-23
65 1.1707784528025456e-02 -1.3719191217468162e-22
66 1.4827589121320549e-02 -5.0666375970778922e-22
67 1.8719097040707049e-02 5.2589369079654969e-22
68 2.4139618048528214e-02 7.2875934276998571e-22
69 3.3573214578076813e-02 2.4906052398819131e-21
70 6.0891154581244597e-02 1.1161256281603733e-20
71 1.6022545077146849e-01 9.3049376189903472e-20
