0 1.1287630967297733e+00 2.9233627038654712e-20
1 1.3994219535741459e-01 2.6325086327415698e-20
2 4.8035368055340533e-02 7.0742442666928117e-21
3 2.6170095572780140e-02 -2.2511813849335851e-21
4 1.7934116531887995e-02 2.1495730341078251e-21
5 1.3657901029891124e-02 -4.0606496544205673e-22
6 1.1499698808150305e-02 5.5441910713724813e-22
7 1.0430465614964978e-02 3.6545513392163986e-23
8 9.0280837392803098e-03 5.1876457087773192e-23
9 7.5724628011740475e-03 1.7868335232251508e-24
10 6.1228411189809375e-03 -3.7547069309244887e-22
11 5.0093647510911030e-03 -2.0059148321834928e-22
12 4.1584699356967169e-03 2.9360229766660900e-23
13 3.4880813471133785e-03 -1.8664868596976917e-24
14 2.9151602329828331e-03 -3.2481017481297464e-23
15 2.4088394190736311e-03 -2.5411137383750732e-23
16 1.9684080585270886e-03 -9.5632020412605480e-24
17 1.7114119734399471e-03 2.8427030330193826e-23
18 1.4848210925271495e-03 3.1256233143887846e-23
19 1.2726778628912659e-03 -2.4335411001931840e-23
20 1.0185640232322475e-03 -7.6197992029467326e-24
21 7.9668039922717359e-04 -3.4141685872627935e-23
22 6.0305677983244865e-04 -1.7785462936715995e-23
23 4.7760981887684924e-04 -1.2262020079647507e-23
24 3.9044025796592248e-04 -1.2530822514987194e-24
25 3.1721409755495865e-04 -6.1489643917839514e-24
26 2.6153242904119258e-04 -5.8460073580191876e-24
27 2.2552975485716278e-04 -2.5159799137560942e-25
28 2.0875531505907803e-04 -3.2184384465522425e-24
29 1.9381569160109588e-04 1.1657031474877973e-23
30 1.8066868367680707e-04 -1.1181821359496845e-23
31 1.7447939519504152e-04 1.3582973037735568e-24
32 1.6888845806093024e-04 5.8061944536269783e-24
33 1.5700468501531010e-04 3.1594290099228931e-24
34 1.5242367679229923e-04 4.6564887890711485e-24
35 1.6147130182190636e-04 -6.4903587029052531e-25
36 1.8477432545346227e-04 -1.1298458025914824e-25
37 2.1436799045638371e-04 5.9756940873909103e-25
38 2.5523041221698131e-04 -1.9270329540331198e-24
39 3.1979046413006481e-04 -9.0630731283970409e-24
40 3.8574512325316267e-04 2.8560935076935384e-23
41 4.5673884201329361e-04 1.2968972851465113e-23
42 5.1655555497495155e-04 -7.5861907958205504e-25
43 5.9678119212815042e-04 -2.3524066745819621e-23
44 7.0044182004560824e-04 -1.3178559425815456e-23
45 7.9760278516941040e-04 1.5785663567106290e-23
46 9.2741119934899527e-04 8.3246333662677482e-24
47 1.0990027737126863e-03 1.0047336682299180e-23
48 1.3667421302611335e-03 -9.4993900174839264e-24
49 1.7068507691210333e-03 7.5182485163875235e-24
50 2.0230095262325156e-03 9.4129353683354622e-23
51 2.4244680907622453e-03 2.3102738465879856e-23
52 2.8233654860300036e-03 1.0312912634005453e-22
53 3.0784453901410640e-03 2.0457254933401348e-22
54 3.3277195585924252e-03 -2.0972496947917736e-23
55 3.5988477370377495e-03 1.9868464338427483e-22
56 4.1699248131160209e-03 -1.5583271275748352e-22
57 4.9166062295499975e-03 1.6029494944710354e-23
58 5.6973354735296682e-03 -8.8568970801013850e-23
59 6.3677346045018764e-03 -1.4916206490806113e-22
60 7.0722768928975950e-03 1.7591218820961028e-22
61 8.0644412231061866e-03 6.2490598490396619e-22
62 9.0038836125971543e-03 2.2853842264544386e-22
63 1.0148116911532298e-02 3.1224605794825984e-22
64 1.2174732279774456e-02 1.9601203026693079e-22
65 1.4863969699471296e-02 4.8921762827729401e-22
66 1.7290346317842216e-02 -2.5827922983411038e-22
67 2.0077216009590049e-02 3.3858384115767310e-22
68 2.4087772700213842e-02 -5.3550692888614435e-22
69 3.0875729197277303e-02 -7.5183918469258926e-22
70 4.9996308874810977e-02 -1.6383983477157460e-20
71 1.3781840306388501e-01 -5.8112142124218906e-20
