0 1.2178186611463429e+00 -5.7502871492647498e-20
1 1.7365432425372471e-01 -9.6162437254711212e-20
2 7.4336837387505406e-02 -1.2292976580477915e-20
3 4.8406128304676339e-02 -3.6796652492007433e-21
4 3.6760662101299725e-02 6.1977567995986167e-22
5 2.9550346214384245e-02 -2.1714504617220585e-21
6 2.4851991456371823e-02 5.5130555752681768e-22
7 2.0108527771348288e-02 -2.1744825586440452e-21
8 1.5669055687983966e-02 2.8547526801040441e-22
9 1.2702655268592888e-02 -1.2286784586120493e-22
10 1.0821021591109309e-02 -2.5847409038789656e-22
11 9.3346214431197574e-03 -3.7607741385176697e-22
12 7.9705353032418595e-03 2.0252660054743463e-22
13 6.8110592052674215e-03 -2.1051125591437624e-22
14 5.8910218989963502e-03 3.2992884315175444e-23
15 4.9795225198766705e-03 2.0973764847894038e-22
16 4.0945765017385942e-03 1.2174900440233587e-22
17 3.3655937917119348e-03 -5.8454261819555345e-23
18 2.8053346967968082e-03 1.9491331212392811e-23
19 2.3630079204642225e-03 -6.7293304681045892e-23
20 2.0483938454194323e-03 -9.1621807050120810e-23
21 1.8169940778522413e-03 -8.0837873813133592e-23
22 1.6176426188491415e-03 -2.0423992710110187e-23
23 1.4695392912332779e-03 1.6917468394215399e-23
24 1.3820096291564149e-03 -2.3135006633423933e-23
25 1.2861040740425023e-03 -5.5398047158042235e-24
26 1.1443218708447665e-03 -3.9299939793209278e-23
27 9.2586721047036068e-04 6.8190761098896383e-23
28 7.1171870877316209e-04 3.0408636156363181e-23
29 5.6484879591527483e-04 -5.0790455176194500e-24
30 4.4042591540591447e-04 1.0194021967469003e-24
31 3.5653336289159185e-04 -1.0210785705414032e-23
32 2.9668136041590873e-04 1.0923394061818151e-23
33 2.6011976721423014e-04 1.0187719624443274e-23
34 2.5396967811989508e-04 -2.0293252608675982e-23
35 2.5565820720193006e-04 -8.0180831139559723e-24
36 2.6776452432657080e-04 1.3367438266569955e-23
37 2.9525590565695169e-04 -2.0164412861488692e-25
38 3.4317443740621234e-04 -1.5851069033060916e-23
39 4.1547625291547499e-04 -1.7556049783710477e-23
40 5.0825463198831626e-04 -4.5784469843035087e-24
41 6.4974211279750509e-04 -4.5235544046125233e-23
42 7.9454356199527875e-04 2.7559328029605672e-25
43 9.8750987827066813e-04 -3.8796138982210660e-23
44 1.2035179389241696e-03 -6.2077991623347705e-23
45 1.4020704581844540e-03 -1.5276668483180790e-23
46 1.6481715103122073e-03 -2.0840376398680902e-23
47 2.0532264496965652e-03 4.5406983040151104e-23
48 2.5548530656581605e-03 -1.5091748645197278e-22
49 2.9279116817084627e-03 -5.4861139501782324e-23
50 3.3499587772093647e-03 1.0754539632996297e-22
51 3.9120853687584075e-03 3.6968299193224510e-23
52 4.3203229869819221e-03 1.6978079351835303e-22
53 4.7674635427530148e-03 1.3850779117137621e-22
54 5.6508694971961551e-03 2.3448692360476667e-23
55 6.7898608243777848e-03 3.0714289593386285e-22
56 7.8760895004554264e-03 1.3504031753500198e-22
57 9.3602191332600726e-03 -2.5321908033493758e-22
58 1.1219145086615135e-02 4.4793602511389510e-23
59 1.3578705918651611e-02 -4.5994001240709344e-23
60 1.5429894398967166e-02 3.1099723646496657e-22
61 1.6699430799183991e-02 -7.1841550079313135e-22
62 1.7711397193750766e-02 -1.0012894182361266e-21
63 2.0027293202618451e-02 -1.0854910468124224e-21
64 2.5215499528047587e-02 -3.1068585084473502e-22
65 3.1159888388359633e-02 -1.2972090563160203e-21
66 3.7738746962164095e-02 -6.2167982799209035e-22
67 4.4785452603470860e-02 5.8967662263450388e-22
68 5.6690168166248160e-02 2.2815598317667715e-21
69 7.7846521229985324e-02 7.3279916385833576e-21
70 1.1180902694051240e-01 -1.4812095462496346e-20
71 2.0494339803051173e-01 4.8854394357660162e-21
