0 1.1454533859410077e+00 -9.7256260493052491e-20
1 1.4813341032924821e-01 3.0672560719515842e-21
2 5.5610046539578087e-02 1.5133393147657014e-20
3 3.3720616217004527e-02 -2.5467604863582769e-22
4 2.7455499001319859e-02 2.0333594612934009e-21
5 2.5306210299065882e-02 -2.2007555737050641e-22
6 2.4445682662135780e-02 1.1082571522534924e-22
7 2.3312233410457465e-02 -1.0030842852203741e-21
8 2.2526512695565222e-02 9.0740108126621196e-22
9 2.0363247885656736e-02 -5.5006937423322452e-22
10 1.8067270242813169e-02 5.8138685068597664e-22
11 1.6425416263336493e-02 -1.4991698773843542e-21
12 1.4103489208690017e-02 9.7245756398019918e-22
13 1.1602718297382762e-02 2.8988204149916122e-22
14 1.0167493447377074e-02 -1.4475919892123773e-22
15 9.4229782309476137e-03 4.9625352492614860e-23
16 8.5319406436737931e-03 1.3257679249819206e-22
17 7.6700047482230879e-03 3.1305566988241750e-22
18 6.9194364642201781e-03 -2.0032962855580487e-22
19 6.5819061142436408e-03 -2.0392182938203090e-22
20 6.6198196553785196e-03 3.5622173664099879e-23
21 6.2423511243486140e-03 4.2631785176145937e-22
22 5.7061075622542824e-03 3.9199648564443020e-22
23 5.5174874188394325e-03 -4.1898206344914048e-23
24 5.1890831828980263e-03 1.6002684282338034e-22
25 4.8836370102782944e-03 -2.9651441072802973e-22
26 4.6770892627791627e-03 -1.2523857461797553e-22
27 4.1274393524862191e-03 -1.1382911218067779e-22
28 3.6344971049989934e-03 1.7798737223757366e-22
29 3.0064052529874740e-03 -5.0157120239499166e-23
30 2.4204538187830257e-03 2.5890133202994733e-22
31 1.9269698597544729e-03 2.6670547922406789e-23
32 1.6125054007768180e-03 -3.2270543076888556e-23
33 1.3707941639340242e-03 4.8485457910416912e-23
34 1.1247722602368301e-03 -4.8036093859607593e-23
35 9.3677693104852664e-04 6.8440588872634679e-25
36 7.8255630149702538e-04 4.9967862496013248e-23
37 6.6688721277094953e-04 -6.1579520725121724e-24
38 5.6613026913698362e-04 4.1318712974722775e-23
39 5.0038675552932196e-04 -1.9942644472601319e-24
40 4.4668039494793278e-04 1.3533457779055549e-24
41 4.2193438167339949e-04 3.7819667290155172e-25
42 4.2407793635097833e-04 5.4170718904867440e-24
43 3.9807863873758876e-04 1.1298251203696683e-23
44 3.8187965505165914e-04 2.6127011234870497e-23
45 3.8802489856786253e-04 -4.3162317833071958e-24
46 4.0980235106018615e-04 3.0061268232635325e-24
47 4.4165009090512477e-04 2.8104159079261483e-24
48 4.9258449042784407e-04 -4.2001144926819879e-24
49 5.7768637219111419e-04 -1.1252238147603039e-24
50 7.1451606522333856e-04 1.8442271146507766e-23
51 8.7535285894845319e-04 -2.6444681966569846e-23
52 1.0393153245442292e-03 -4.2853053871996295e-23
53 1.2346303918180604e-03 -4.9109694411505313e-23
54 1.4986860360508031e-03 5.0308400358137310e-23
55 1.8724801091735993e-03 -1.0027508975043631e-22
56 2.2644898570041384e-03 1.8508610523411006e-23
57 2.6930944366700899e-03 -8.9757888498967684e-23
58 3.2607531185321246e-03 -6.7616256885092671e-23
59 4.1712755538833926e-03 2.5013121662673409e-22
60 5.2552624623465188e-03 -2.4349604741219271e-23
61 6.2481219040260655e-03 -1.3733438055389416e-22
62 7.9437176726506586e-03 1.3276891766437001e-22
63 1.0401064006223579e-02 5.1503241950192563e-22
64 1.2719938252873412e-02 -7.8222421205060850e-22
65 1.5520350463226985e-02 3.6587013706105915e-22
66 1.8526110440253978e-02 5.0981138423507197e-22
67 2.1464441543754938e-02 7.5645815858399217e-23
68 2.5737037173474437e-02 -1.4117500664109583e-21
69 3.3568748141859936e-02 -1.7488251248437593e-21
70 5.5863451351449461e-02 -1.9796185029140549e-20
71 1.5244230209889975e-01 6.9308550035560753e-21
