0 1.1765956977992842e+00 -6.1656689940296839e-20
1 1.6472017709064496e-01 -4.3530425492740121e-20
2 6.9391703898884521e-02 -6.4877906225081679e-22
3 4.5638262905478420e-02 -9.0142934183532792e-22
4 3.4135366664416286e-02 -5.7706905978425880e-22
5 2.5377116858622015e-02 -3.3485480455307969e-23
6 1.8802318735710678e-02 6.3922016755059208e-22
7 1.5051795332096482e-02 4.8649796324306983e-22
8 1.1820862536199343e-02 1.3802166493249460e-22
9 9.5441022773487764e-03 1.2184416009873537e-22
10 8.2008232743221391e-03 4.3115715068456552e-22
11 6.8862843411314923e-03 -1.6991597280072956e-22
12 5.7330443321925465e-03 5.8277078456095021e-23
13 4.7393705766829294e-03 -2.5550317952660978e-23
14 3.8326008324065857e-03 6.9588179660514952e-23
15 3.1661983462453703e-03 7.8517792259183660e-23
16 2.6004004201252884e-03 2.3228882625002068e-23
17 2.1284066298921981e-03 -5.8221495686383317e-23
18 1.8767773897555393e-03 -3.2072329134212534e-23
19 1.6675320089494592e-03 3.6751874305599137e-23
20 1.3810632517625998e-03 2.5244010638681952e-23
21 1.1391227894163968e-03 -2.4210604765746012e-23
22 1.0316672739406636e-03 -1.3805398229944956e-23
23 9.7220433170254429e-04 -1.0106985744656904e-23
24 9.2421925261421969e-04 -3.4227322672198475e-24
25 8.5610948846636824e-04 -3.7742611040991656e-23
26 7.6363945298634525e-04 6.6601376795049540e-23
27 6.4550691067043111e-04 -3.6319232612980103e-23
28 5.4327864876826189e-04 -1.9142398523365262e-24
29 4.8733230877374126e-04 2.7308252726654180e-23
30 4.3629426087411912e-04 -2.1794162572051368e-24
31 3.9896575438813756e-04 1.3332039872803625e-23
32 3.7740605180265369e-04 -3.7236487003570057e-24
33 3.7826679785252400e-04 1.5268365898030668e-23
34 3.8337463497454660e-04 1.8651703292004299e-25
35 3.9622369731898751e-04 1.2118755935696252e-24
36 4.0505084627022843e-04 4.7347389845523659e-24
37 4.4049186360419108e-04 -3.6891555816776294e-24
38 5.2112740144863445e-04 1.2872052766329859e-23
39 6.4608608109332285e-04 -8.8745048149322956e-24
40 7.5375933254507297e-04 4.0057975536403579e-25
41 8.9660554047895182e-04 -1.4190178939040780e-23
42 1.0402694099261845e-03 -9.1103350448607885e-23
43 1.1861307061966533e-03 -6.1034990650791803e-24
44 1.3092140082620193e-03 -6.8610847717760736e-23
45 1.4342597853008415e-03 -1.9071240683113597e-23
46 1.5603968586875045e-03 7.0126890896176832e-23
47 1.7453126576143165e-03 -8.9779111682403098e-23
48 1.9573780347433485e-03 -2.6652615849627779e-23
49 2.2867266230906262e-03 5.6290314480169790e-23
50 2.7821113595094347e-03 -4.2701821590307704e-23
51 3.4979077971914424e-03 1.1313643651884515e-22
52 4.2558551686144239e-03 -1.1794550633246682e-22
53 5.1870855153834565e-03 3.6619206969030661e-22
54 6.1194673088281037e-03 3.1812371609583122e-22
55 6.6929601262334260e-03 -1.4174942433076387e-22
56 7.1791290229943480e-03 -2.4505305790064134e-22
57 7.7225974843769104e-03 -6.5091360407368128e-23
58 8.5063327693946297e-03 1.0745970790639028e-22
59 9.3702986995810606e-03 -4.1631576608347151e-22
60 1.0561688214769183e-02 -3.9770863637416290e-22
61 1.1821050374364520e-02 -5.7032263917855404e-22
62 1.3337150880394251e-02 9.1286458241958989e-23
63 1.5342737532886955e-02 6.5594938527228368e-22
64 1.7999792421430343e-02 -1.3207254127220440e-22
65 2.0897717600096805e-02 -2.2590702150105266e-22
66 2.4645621577135481e-02 1.5608424514916314e-22
67 2.8647704810394838e-02 8.3693249161802310e-22
68 3.4277037721074106e-02 2.3843430420831923e-21
69 4.6746460128181302e-02 1.3206317181004074e-21
70 7.6383457301804777e-02 -1.2819785579222931e-20
71 1.7378938593345286e-01 7.8368855557352044e-20
