0 1.1983305743866086e+00 1.7969569660457322e-19
1 1.5701143190737415e-01 1.1303843871143397e-19
2 5.7150970731447696e-02 4.5677359356758526e-21
3 3.4276185359146123e-02 -1.5938167723452638e-23
4 2.6180549244100491e-02 -1.0103823031454432e-21
5 2.2421782093331018e-02 8.3283455097816943e-22
6 1.9103030256519042e-02 -2.9575093440138379e-22
7 1.5803068703993811e-02 -3.2944090079743875e-23
8 1.2383093933963913e-02 3.6725588935583237e-22
9 9.2770597160040068e-03 -6.1414346356646369e-23
10 6.7814458447826098e-03 7.1398804365571711e-23
11 5.0062046916945664e-03 -7.6822239323140703e-23
12 3.8069769076289209e-03 -6.2978170530950535e-23
13 3.1367962381357341e-03 1.3029999573641777e-23
14 2.6121529901417203e-03 6.5132539976692435e-23
15 2.1890666008559075e-03 -1.5483247985094095e-23
16 1.7774057167769027e-03 -2.1686631177143617e-23
17 1.4220688621070570e-03 -1.1135759785412227e-23
18 1.1394654290156035e-03 -2.7355474866108851e-23
19 8.4660123438851120e-04 -1.3200208045498088e-23
20 6.2687838712163736e-04 -9.6489475726983868e-24
21 4.9418844603236968e-04 -4.9710657622672584e-25
22 4.1876512803011047e-04 -1.3325651869218482e-23
23 3.6693406879154973e-04 8.4407808483889693e-24
24 3.1955139259114184e-04 1.6193736534501894e-23
25 2.8521431919033524e-04 7.3095604432039115e-24
26 2.5573284491728126e-04 -2.2438818728628807e-24
27 2.3714969545548945e-04 -6.5160955610074207e-24
28 2.1945301080012589e-04 7.3596755949733938e-27
29 1.9121459495110411e-04 9.7915887995785602e-24
30 1.6255809458525809e-04 4.9531397674184094e-24
31 1.4525863665723864e-04 -2.0022802953890904e-24
32 1.3148480829892033e-04 -2.6255761830431959e-24
33 1.2147490768202046e-04 -2.7693672887139001e-24
34 1.1552371503337532e-04 -3.3606256636201978e-25
35 1.1197639774060941e-04 -1.4659798095088080e-25
36 1.0987776433768260e-04 5.4947886394014935e-24
37 1.1241026116273028e-04 1.3554792287897022e-24
38 1.1424980363312857e-04 -9.5374397763774086e-25
39 1.1887233767381188e-04 -3.9492759343473470e-24
40 1.3301575992077754e-04 3.5620780090443442e-24
41 1.5539430054752659e-04 3.2297909000184301e-24
42 1.7529040861816175e-04 4.9691503701721780e-24
43 2.0070646768303416e-04 6.2236860683955014e-25
44 2.3792034241081314e-04 3.8129655044630748e-24
45 2.8568812027308308e-04 -1.2239747031927005e-23
46 3.3836432344063703e-04 -3.6885682175775277e-24
47 3.9346098887354695e-04 2.6426068349504929e-23
48 4.5773369438437952e-04 -8.0039658625771559e-24
49 5.4642319180780573e-04 -1.5237802737593673e-23
50 6.4748106767831433e-04 -1.8997216001968950e-23
51 7.2137181073372815e-04 -3.4457684877039678e-23
52 8.4464406423791726e-04 5.3888678654892539e-24
53 1.0217037687043707e-03 -3.8302049454208495e-23
54 1.2771140110258861e-03 3.1669720312104173e-23
55 1.6480297024969890e-03 3.5785406100187393e-23
56 2.1945362453672217e-03 -1.6331010466987985e-23
57 2.9030652443945001e-03 -4.6188143487406991e-23
58 3.6212266486951947e-03 -3.2329995251936199e-23
59 4.2155646482588613e-03 1.2517394121641399e-22
60 4.8397002159683957e-03 -1.5418215741817651e-22
61 5.7418780015748147e-03 3.2584502874921521e-22
62 6.7495844089542701e-03 -3.0202383504160018e-22
63 8.0768142916472045e-03 6.0345448669672102e-24
64 9.7191809259833482e-03 -3.7254847113162162e-22
65 1.1806744011356852e-02 5.8151072762502408e-22
66 1.4863621154903722e-02 -2.5027993706536072e-22
67 2.0222770606265303e-02 1.2143989189029817e-21
68 3.0670549564588621e-02 4.3592565489770476e-21
69 4.9679349871877172e-02 -3.4140439547429414e-21
70 8.5526268860686247e-02 1.8861088258817321e-20
71 1.7698907237954850e-01 -7.9786843528012231e-20
