0 1.1718793995474814e+00 7.0535974346298280e-20
1 1.4167753647040873e-01 -4.8464456171235430e-20
2 5.0590861753619550e-02 1.3295968565901435e-20
3 2.9369051133036353e-02 6.0312807008132290e-22
4 2.3584255763948805e-02 -4.8527815645567358e-23
5 1.9615460419733048e-02 -1.3894694753882355e-21
6 1.5850533050333609e-02 -7.3979711610520229e-22
7 1.3425748512905998e-02 -3.3638050481154465e-22
8 1.1399613083637298e-02 2.1510315973031271e-22
9 9.9867903099136821e-03 3.1974048243958854e-24
10 8.7933622358429778e-03 -2.7158067335855211e-22
11 7.9375863870448423e-03 -1.5840893152002279e-22
12 7.0938596042473866e-03 6.8236794929143084e-23
13 6.1070586375887399e-03 -3.0896303020882510e-22
14 5.3981121868903435e-03 -8.3589495607558125e-23
15 4.8025466155937465e-03 2.8827770703129557e-23
16 4.2750876899444587e-03 -1.1560706852197431e-22
17 3.8170277855863665e-03 -5.6501112146435495e-23
18 3.4092023237939847e-03 1.0675835326383576e-22
19 3.1117042730919153e-03 -6.2281347381275780e-24
20 2.8044082964048664e-03 3.4525634840151508e-23
21 2.5290506048289119e-03 -2.8317361779872138e-23
22 2.3400547262806752e-03 4.3574728401921393e-23
23 2.1341961637760714e-03 1.3537109911017780e-22
24 1.8634696849882690e-03 -2.3228761863428074e-23
25 1.6391949732038474e-03 -3.4142071218513684e-23
26 1.5263574830629238e-03 -6.7417040785965142e-23
27 1.4746377422665533e-03 -4.9147375145770780e-23
28 1.3619888647020098e-03 -1.9499393506935207e-23
29 1.2350529284902733e-03 3.0929085366812119e-23
30 1.1620068846618533e-03 -3.1648490336266675e-23
31 1.0722506119131574e-03 -4.3166742406036282e-23
32 9.8548040962365829e-04 -2.3654323911655367e-23
33 9.1786471928884236e-04 2.6572755467603389e-23
34 8.8225915119320188e-04 1.7343764628114050e-23
35 8.6680253795465897e-04 -1.7619449687939072e-23
36 8.3482896293882625e-04 -2.1080604803254119e-23
37 7.8289870360937538e-04 3.2587609215578498e-23
38 7.3495631195741491e-04 5.6850748919220441e-23
39 7.1335824033294233e-04 -1.0147863127937223e-24
40 6.4761224488189232e-04 -2.9069328816091713e-23
41 6.0305740476214258e-04 -2.0283154541676491e-23
42 5.8419311857006598e-04 1.6681262730910775e-24
43 5.8832769928894222e-04 5.1926849977625652e-24
44 6.2956250976902188e-04 1.9155663695983149e-23
45 6.4266233758570083e-04 -1.8237153920957016e-23
46 6.8236175962957445e-04 -1.2946722859401035e-23
47 8.0397811793792647e-04 1.9449297777900420e-23
48 9.8221455862730427e-04 -2.4897306665972972e-23
49 1.1405562537862607e-03 -3.4096072616185369e-23
50 1.2735716583434499e-03 -9.4491509899702243e-23
51 1.4460277420184960e-03 2.9654281914923676e-23
52 1.7233240893420405e-03 -1.6378210162191465e-23
53 2.0486019986691575e-03 5.7834921362738257e-25
54 2.3154191756098088e-03 9.2674756408241902e-23
55 2.6648438793966788e-03 5.6429283589408504e-23
56 3.0833189893530850e-03 7.2413637268067509e-23
57 3.6352296042338312e-03 1.0253919257594669e-24
58 4.2308342000473504e-03 -1.0814388065084596e-22
59 5.1177207483988204e-03 -9.6054403439354801e-23
60 6.2331517563397254e-03 2.3373756806981930e-23
61 7.5493532995718916e-03 3.0820702251407821e-22
62 8.8708569736291078e-03 2.9297436306210853e-22
63 1.0261295424398874e-02 -5.1866496392287664e-23
64 1.1598702903831913e-02 -4.6202610674895527e-23
65 1.3018213538757834e-02 6.7999385356900318e-23
66 1.4857953540658534e-02 -2.3006840627180392e-23
67 1.7272119890786183e-02 -4.5242105407348311e-23
68 2.0874338806388955e-02 2.3592834763640514e-23
69 2.7116070446557727e-02 -7.0567916662633879e-22
70 4.5542387121986994e-02 7.7335294664067860e-21
71 1.4124355977909317e-01 -9.2892045180565352e-20
