0 1.1672240113255772e+00 -1.6197096294682468e-19
1 1.6134062552282569e-01 1.1660668255501548e-19
2 7.2938211951402099e-02 1.3676923322870889e-20
3 5.3691073581397283e-02 -3.8558673971941770e-21
4 4.5982240118114158e-02 -1.7128231433192759e-23
5 3.9241983397149995e-02 4.1768620927319686e-21
6 3.2701104305555263e-02 -1.8876589194100479e-21
7 2.6953490998883053e-02 3.0579148243252040e-21
8 2.1802418310320353e-02 -9.9652892598938840e-22
9 1.8197591313959611e-02 1.6196210583453990e-22
10 1.5554805241063648e-02 2.1817832936356494e-22
11 1.2937902884699950e-02 -5.7457902488216877e-22
12 1.1084876925423868e-02 -2.2613956220584023e-22
13 9.5614976608270341e-03 5.8578314044834038e-22
14 8.0410712539658348e-03 -1.8736489818785274e-22
15 6.5896864318594674e-03 -1.7704005350953721e-22
16 5.2738810195483406e-03 -9.1629622608441391e-23
17 4.2012816596186161e-03 -5.9665201520423709e-23
18 3.3344129829554654e-03 -1.1192994012243393e-23
19 2.6563300847556068e-03 2.3595195253602968e-23
20 2.1920575517089158e-03 -4.3884870751241828e-23
21 1.8645965585948104e-03 -1.0225588009140429e-22
22 1.5562314605305342e-03 -8.8522524614107139e-23
23 1.3294342165224716e-03 8.5021305546910337e-23
24 1.1664944889717044e-03 -8.3632630937434311e-23
25 9.8926435680771890e-04 1.9293078101017107e-23
26 8.3524901840417297e-04 -1.7315923524070715e-23
27 6.7722593571562363e-04 -3.7889378597100826e-23
28 5.3449780452793081e-04 -5.5011222260873803e-24
29 4.2280111174038359e-04 5.4951260451796959e-24
30 3.6708537537046839e-04 -9.4981567406878370e-24
31 3.3872703130051555e-04 2.1954875043075601e-24
32 3.2662969432678475e-04 1.3310372851539841e-23
33 3.1527721553566417e-04 -3.9682530155620029e-24
34 3.1851929122749971e-04 4.0422888799985361e-24
35 3.3378555240805226e-04 -1.1036868386250620e-23
36 3.7035169267694021e-04 1.0460187482523565e-23
37 4.0098417051692524e-04 -8.4255679427180350e-24
38 4.3911062406466143e-04 -3.9785458116790553e-24
39 4.9942920187276115e-04 1.1767062849525046e-23
40 5.6329398489637342e-04 -2.5727528781724999e-23
41 6.2142631870744304e-04 1.1521600716171133e-23
42 6.6857863878152829e-04 -1.8611653822100417e-23
43 7.0534389725111161e-04 -1.3874201968920981e-23
44 7.3007647441035472e-04 2.3979530817921137e-23
45 7.8060288186514041e-04 -1.9290748409120394e-23
46 8.3984205560102502e-04 2.1912589937259009e-23
47 9.1049258582305136e-04 -1.1414215734561565e-23
48 1.0201271564719704e-03 -2.1912215580122679e-23
49 1.1892546474801399e-03 -5.7585796515861269e-23
50 1.4376671735055594e-03 -1.1178761470231730e-22
51 1.7850621614684140e-03 -7.9692876861574768e-23
52 2.2018473677656017e-03 -1.2228819351894555e-22
53 2.6349905115400944e-03 -3.1630180729504714e-22
54 3.0916813737134979e-03 2.0528879292788106e-23
55 3.4814643302508229e-03 -4.2575160163986745e-24
56 3.9774241912046209e-03 1.4804634293969327e-22
57 4.5831735952946368e-03 2.6487313317890909e-22
58 5.4336105145854690e-03 -4.5902639476136297e-23
59 6.4657588458058562e-03 -4.1785358139967659e-22
60 7.7977835412554077e-03 -1.2998565483212690e-22
61 9.1817071648006288e-03 3.4819254412382638e-22
62 1.0818370773819501e-02 1.1034520246901452e-23
63 1.3180098872816057e-02 -4.7241178694224913e-22
64 1.5822806147160428e-02 9.0494738429783395e-23
65 1.8328494974786707e-02 -1.1595210653346605e-22
66 2.1158736051743565e-02 -3.7044130539935682e-22
67 2.5195204476604414e-02 -4.8998511424327794e-22
68 3.2083078816270101e-02 6.3837391558129992e-22
69 4.3442656480924380e-02 -8.3900254880642162e-22
70 6.6583107390972715e-02 -6.2425959861699372e-21
71 1.6020705850261574e-01 4.6814378582793230e-20
