0 1.2384560841808419e+00 -1.6170960171750481e-19
1 1.8788449541345029e-01 7.2392462438560141e-21
2 8.8907052153375896e-02 -2.2064007257897621e-20
3 6.0429803620699746e-02 8.9548298886015246e-21
4 4.2741770357780678e-02 5.0340879312546411e-21
5 2.9678165108002814e-02 1.5001602817041943e-21
6 2.2045287671810413e-02 -1.1321501592020454e-21
7 1.7827878195518149e-02 -3.9901023468164182e-22
8 1.5106065379806492e-02 8.3672869715896218e-22
9 1.3077700606439988e-02 -1.5717893818065390e-22
10 1.1794973531456532e-02 -5.7584582151214640e-22
11 1.0540362336172199e-02 3.6092564680558426e-22
12 8.9435541991049229e-03 -2.1278345239526352e-22
13 7.6095227247036214e-03 -7.7162517657286953e-23
14 6.6073557784309322e-03 -8.8879499910913697e-23
15 5.3833427151815808e-03 5.4564115868273625e-22
16 4.1840265141201453e-03 9.4753516435705252e-23
17 3.2872040749013535e-03 -5.7108307412042372e-23
18 2.7339620251742064e-03 9.8926441531474496e-24
19 2.4312702225414064e-03 -2.9054053483188813e-23
20 2.1497634285986130e-03 -1.0720413658452128e-22
21 1.8841213588611872e-03 -3.3994280162163066e-23
22 1.6476698827227632e-03 -6.8905179292285284e-23
23 1.4399041859674343e-03 -5.4499133506721026e-23
24 1.2677961828637787e-03 4.4054335119330904e-23
25 1.1069699185915004e-03 1.8070068540730006e-23
26 9.5910934277994796e-04 2.5336422036840915e-24
27 8.6258249684203884e-04 -2.0809810953669326e-23
28 7.7846144521759959e-04 -9.2305861978955975e-24
29 7.0434539592941240e-04 2.9799882312117679e-23
30 6.8821836386761647e-04 -7.3473158288283524e-24
31 6.9070334163795683e-04 -2.6796359380147251e-23
32 7.1253071756288493e-04 1.5135166428428778e-23
33 8.0050749675045902e-04 -6.4040456213040197e-24
34 9.1554119835188361e-04 -1.2129944182795898e-24
35 1.0271188780011566e-03 -8.0608642214156481e-24
36 1.1000148636756057e-03 -3.5689689252119266e-23
37 1.2142013997494877e-03 4.9084209676421775e-24
38 1.3949984388698143e-03 3.9571136921119180e-23
39 1.6778331479325370e-03 6.1374048919228701e-24
40 1.9790269079554067e-03 -9.1867601409343522e-23
41 2.1922452856166135e-03 -6.0755066134228850e-23
42 2.3377828456995616e-03 -7.8244914208588314e-23
43 2.5557875427340954e-03 -5.1539069263910786e-23
44 2.9634130389106271e-03 -1.2446962795544635e-22
45 3.3986301197435438e-03 1.3784035574478286e-22
46 3.9767369643048320e-03 1.9934323281512683e-22
47 4.8617575459348064e-03 1.8697494169156699e-22
48 5.7450409652582976e-03 -2.8962494270881524e-22
49 6.4122305828547520e-03 -1.4134460633387940e-22
50 6.8108689181082928e-03 -1.2121959082368948e-22
51 7.7892714597459648e-03 5.8692490790117439e-22
52 9.2977960485119537e-03 1.5228143401685541e-22
53 1.1080479858961309e-02 -3.6507360170211502e-22
54 1.3570657346392102e-02 8.1122412753570080e-23
55 1.6239978188512083e-02 7.9841981182879775e-22
56 1.9567939224995969e-02 9.4997322486670943e-23
57 2.4501762452077434e-02 7.7945114382823405e-22
58 2.9446048758660862e-02 -2.1544617585745113e-21
59 3.3802508481956144e-02 3.1062207744077606e-22
60 3.7593161153727454e-02 -2.3905747566979071e-21
61 3.9787340224768583e-02 -5.6693590726453629e-22
62 4.0802683713222938e-02 3.4062429120294452e-22
63 4.1316280695099190e-02 2.1538326745767095e-21
64 4.1844647082140127e-02 4.0768417611511878e-22
65 4.3511791464881558e-02 3.7203694977597714e-21
66 4.8888622085436234e-02 -1.0844663133371637e-21
67 5.2074980727476537e-02 7.2197716902785546e-22
68 5.5663678310336556e-02 -3.5790055495365374e-21
69 6.5523665972172879e-02 -1.3289279292316999e-22
70 9.4803622271563734e-02 -9.0354078906443578e-21
71 1.9035050523244343e-01 -7.3034768396979309e-21
