0 1.1208457186895027e+00 1.4298954441482819e-19
1 1.4300920319125202e-01 6.4390685186496772e-20
2 5.1317130658894573e-02 5.5013851586618603e-21
3 2.8806856669705276e-02 -2.6399678921238160e-21
4 2.2177933988792430e-02 1.9303534477437849e-21
5 1.8787221352099891e-02 -1.6831668987161012e-21
6 1.6474026447018016e-02 4.7477687459720762e-22
7 1.4928252694033037e-02 -1.3782205795211622e-21
8 1.2811623744821907e-02 1.9859860083553908e-22
9 1.1417431147136677e-02 5.4990411804347100e-22
10 9.9463946407197350e-03 -2.8817005500247166e-22
11 8.0531804786473614e-03 -2.0205617470326081e-22
12 6.6528584392484469e-03 -1.5524439180277338e-22
13 5.4710389081051823e-03 -3.6061015664918649e-24
14 4.5163334001647199e-03 -9.1572948079541829e-23
15 3.7736631094868666e-03 2.1871522338782794e-22
16 3.2091272403762857e-03 -1.2327796175037212e-22
17 2.7666281283434319e-03 8.4750181501435952e-23
18 2.3290026129341819e-03 -7.3509607336185735e-23
19 2.0019374935625043e-03 3.2587525057380947e-25
20 1.7724159993277194e-03 -5.2301457671209180e-23
21 1.5663592288377658e-03 -3.7193984934858507e-23
22 1.3921000985477666e-03 -5.5523094556249167e-23
23 1.1946226018901020e-03 4.9920766733446751e-23
24 9.9927036546675388e-04 2.0641426736048912e-23
25 8.2657231424589496e-04 5.9167079964775438e-24
26 7.0618873198046567e-04 -2.9209291023483828e-23
27 6.2544649218858610e-04 5.3746064506928488e-24
28 5.4573431088669820e-04 2.2916714349331531e-24
29 4.9937998368091287e-04 -2.8858634407028948e-24
30 5.0668323474084575e-04 1.2958824232208088e-24
31 5.2702081302036772e-04 -3.0395531462130694e-23
32 5.1862964255644810e-04 -2.1460444210377306e-23
33 5.0118578232367852e-04 2.7296905700251337e-23
34 4.9004569471284491e-04 -8.9124889654340922e-24
35 4.9146493243112455e-04 -1.5936257442583336e-23
36 5.0119494034236056e-04 4.9181135671865745e-24
37 5.3279652686996290e-04 -3.1612289650552414e-23
38 5.7074943736085929e-04 -2.0287392355792143e-23
39 6.2098818206724328e-04 -1.1015270487460982e-23
40 6.9071643634341785e-04 -1.4845565920039364e-24
41 7.2875886495399409e-04 -1.6449802933459390e-23
42 8.0574547531704328e-04 2.6654657520437890e-23
43 9.1469395141469752e-04 -2.7639036295216145e-23
44 1.0336415108638110e-03 7.8136225277636799e-23
45 1.1297759045511095e-03 7.2594714675000123e-23
46 1.2159193502720889e-03 -1.1802035700817724e-23
47 1.2871957501242924e-03 -3.4570094496823465e-23
48 1.4365760361371111e-03 -2.2483875847899103e-23
49 1.5604293785531098e-03 1.4926974429072417e-23
50 1.6901644899491581e-03 -6.7210850663250068e-24
51 1.8378915109742906e-03 -5.0467112902479685e-23
52 2.0560024869369685e-03 4.0200929656847877e-23
53 2.3253917841916292e-03 8.1666853453651387e-23
54 2.4484157108044312e-03 -2.4482951174922986e-23
55 2.6202712736524318e-03 -1.1743037062595652e-23
56 2.9001724970429336e-03 1.3916180214479113e-22
57 3.3088301873677125e-03 -3.9961065837344911e-23
58 3.6613354102715294e-03 3.9372859909549916e-24
59 4.1465214477940382e-03 2.5958151710908789e-22
60 4.8362975782957245e-03 1.4588064841157940e-23
61 5.6925819804717276e-03 -4.5087918351150779e-23
62 6.9715698666894081e-03 -6.9479281260778148e-22
63 8.0970444754511588e-03 8.8641967142800268e-23
64 9.1946463817072083e-03 -4.2093103488265184e-23
65 1.0561801593407034e-02 -1.4149233870400772e-22
66 1.2179035155593260e-02 2.2846583904767343e-22
67 1.4404210993393469e-02 -8.0524098531369317e-22
68 1.8166113989205191e-02 1.3666941781095152e-22
69 2.4605630558977416e-02 5.3433054886178287e-21
70 4.2716379829684147e-02 -3.1274053723698810e-21
71 1.2839546068907687e-01 -5.1467006768888177e-21
