0 1.1796578096483239e+00 9.3234568485296727e-20
1 1.5477797346641459e-01 -1.0071397316599669e-19
2 5.7221996246011708e-02 -1.5589536757320487e-20
3 3.2175933743826220e-02 4.4713251873165395e-23
4 2.2180304349345790e-02 -1.2049604153065601e-21
5 1.7173411784409294e-02 -7.4959938276164225e-22
6 1.4828696584093307e-02 -4.2176009034520001e-22
7 1.2906507655858514e-02 -4.1991232321888181e-22
8 1.1719161879837884e-02 -2.5938106785226149e-22
9 1.0846043255749335e-02 1.2557994282740110e-22
10 1.0004049038327590e-02 3.2733489184419188e-22
11 8.9026189734477696e-03 5.9457450616754918e-22
12 7.9493271831187224e-03 4.9664417627542779e-23
13 7.0850544944391870e-03 3.0848395314733806e-22
14 6.3285169233380746e-03 2.3756332812797958e-22
15 5.3777753872058191e-03 -1.9548590028473921e-22
16 4.3536697451797765e-03 6.2179215748817183e-23
17 3.5097730022807042e-03 2.6279051711729305e-22
18 2.8331197490245401e-03 1.3803416951942228e-22
19 2.3247372313878454e-03 -4.8920035526321566e-24
20 1.9433181747478469e-03 -7.0400315951174623e-23
21 1.5920939628796000e-03 -1.1298323573719057e-24
22 1.2930035054916646e-03 -3.3461249541742402e-23
23 1.0529149653213340e-03 7.9231494650577174e-24
24 8.8010345008043042e-04 4.2595286434650884e-24
25 7.1169994157375374e-04 -4.7139015827925527e-24
26 5.6165353836408873e-04 9.7936410988667826e-24
27 4.3236946969137905e-04 8.9584933691437654e-24
28 3.4346141484192295e-04 5.5470054127194938e-24
29 2.9462660857234631e-04 2.5272889785864014e-24
30 2.5930770732175820e-04 1.2563261566655082e-24
31 2.2949714391412170e-04 5.2362407467581643e-24
32 1.9527640007472929e-04 1.1343778716097637e-23
33 1.6137886441641768e-04 -5.0252502306977245e-24
34 1.4411912384597816e-04 -1.0821501351407186e-23
35 1.3177673748557817e-04 -5.0860444658045901e-24
36 1.2462867725926126e-04 -3.9556736338962111e-24
37 1.2561104391613917e-04 4.1078027127384402e-26
38 1.3683656765057717e-04 6.6602660798059480e-24
39 1.6332712352737654e-04 7.1753814891784304e-24
40 1.9144281138713887e-04 1.5080833161457555e-23
41 2.1910830441008967e-04 -3.0681001012865059e-24
42 2.5460239461387254e-04 7.6658126128921821e-24
43 3.0653226936972942e-04 -8.6570630616457779e-24
44 3.7920494372199260e-04 9.7921995518322313e-24
45 4.5391125499392765e-04 -4.4375445955928444e-24
46 5.3049882949685566e-04 4.9548912480632241e-24
47 6.4045727862952352e-04 -1.1898043434786775e-23
48 7.5873881381864747e-04 -2.3134756418806198e-23
49 8.4902772525582396e-04 3.8443054825834672e-23
50 9.9327121325925617e-04 2.9427622723568886e-23
51 1.2444151513800515e-03 4.3328191837588103e-23
52 1.5969258595036053e-03 8.2892903417998486e-24
53 1.9562929390379746e-03 -1.1934259210490528e-22
54 2.2759420111042785e-03 -2.6441243631583352e-24
55 2.7598851947836121e-03 2.9156125674382117e-23
56 3.3366743882559911e-03 1.7645565397584419e-22
57 4.2730577141007579e-03 1.6982113266231317e-22
58 5.2364468109024230e-03 4.8147941724116715e-22
59 5.9612322020229083e-03 -1.4561224488224670e-22
60 6.8263659134142713e-03 -2.1281325923255904e-23
61 8.1868146516002275e-03 -1.0886321514883833e-22
62 1.0084473048653021e-02 -2.8629648926676168e-22
63 1.2213188426828071e-02 3.0750165085319121e-22
64 1.4752031953320741e-02 4.5136090843402022e-22
65 1.7394095777987478e-02 -2.7502646151641503e-23
66 2.0330135814925394e-02 -6.7414485964668565e-22
67 2.4870125960431373e-02 1.3703617454420649e-21
68 3.0763533847984526e-02 4.2174149420413259e-22
69 4.1051851103080170e-02 1.8600722715473539e-21
70 6.9273985466749580e-02 1.0803377831447726e-20
71 1.7083187516629006e-01 1.2452857440529483e-19
