0 1.1406432547228402e+00 -2.2568686208971047e-20
1 1.3617294355854193e-01 -1.5490690750533459e-20
2 4.4385809635170713e-02 -1.8999594520344286e-21
3 2.2897781256766270e-02 -3.4468823404634698e-21
4 1.5543194160474600e-02 -2.5421807256091708e-22
5 1.2050565012201959e-02 -3.4139963079586871e-22
6 1.0189566154867755e-02 -1.3405720220262965e-22
7 8.8376010462545250e-03 -3.3086978178801226e-22
8 7.6978188604717611e-03 -1.4740766581792932e-22
9 6.3410274963834369e-03 1.3438200148691790e-22
10 5.2117321969647129e-03 -1.7480321260998183e-22
11 4.4804870266835417e-03 -2.6899924994275861e-23
12 3.9096786662012606e-03 3.8006494088345964e-23
13 3.5676840917028912e-03 -5.2513031997022129e-23
14 3.3563170041485285e-03 -1.1208221451026940e-22
15 3.0809991958137312e-03 3.0862830212663299e-23
16 2.6690221944061913e-03 2.4507084258781281e-23
17 2.2599448340533458e-03 -8.3985302408341576e-24
18 1.8510853574995499e-03 -6.2661272662846468e-24
19 1.5017498400487089e-03 2.9169081331556931e-23
20 1.2506278666726078e-03 -3.0005299605059216e-23
21 1.0247572889771309e-03 2.3159670638656161e-23
22 8.6329362219734183e-04 -2.7933828081928422e-23
23 7.7585394708736086e-04 1.2890194163461697e-23
24 7.0921291579788010e-04 4.7973050269589500e-24
25 6.2515078701989759e-04 1.4682667581703719e-23
26 5.3825567106333659e-04 1.6746231161593262e-23
27 4.4756531410816052e-04 -4.5369703322174981e-24
28 3.5064080086293260e-04 5.1756685487816654e-24
29 2.7134328641625097e-04 3.2373543768182369e-24
30 2.2713260094133115e-04 -2.5092892890121717e-24
31 2.0656599267074289e-04 3.1472822901426273e-24
32 1.8450242582359643e-04 -1.5480089519156842e-24
33 1.5847059579802395e-04 3.0207196184723355e-24
34 1.3647132761911807e-04 7.7194817396858007e-24
35 1.2164374314729679e-04 -4.9141405079869228e-24
36 1.1629165877595047e-04 3.1938498081652628e-24
37 1.1310048535832811e-04 3.5896699203694929e-24
38 1.1865578342216772e-04 -1.0720246216324595e-24
39 1.2654807759805351e-04 1.9501093036833992e-24
40 1.3180939941408623e-04 3.0626423682754882e-24
41 1.3591708018289322e-04 7.0724573773253518e-24
42 1.4172678818368697e-04 -6.1971439802836007e-24
43 1.5314292412815032e-04 -2.6656694816183736e-24
44 1.6704783976289266e-04 2.1901009499026049e-25
45 1.8682688974299054e-04 1.3301029963591391e-24
46 2.1515091337420285e-04 6.1386448323021119e-24
47 2.5809552077865893e-04 -1.4612597594244101e-24
48 2.9483707025416018e-04 -1.2704737382113278e-23
49 3.4425578908127549e-04 1.1394790607998791e-23
50 4.2325892179442988e-04 7.8315432042759830e-25
51 5.3056145055249454e-04 -1.2042899974446302e-23
52 6.7802784597157707e-04 7.2925688923657517e-24
53 8.6108031331951830e-04 5.8160430008871535e-23
54 1.0726143301922606e-03 -1.4346903720265022e-24
55 1.2869241359818699e-03 1.5368920848775519e-23
56 1.5524165464254106e-03 -2.6205549020154391e-23
57 1.9700968186580820e-03 3.6570489618988912e-23
58 2.3851560398155825e-03 1.4036861612868388e-23
59 2.8454513391705104e-03 4.9939112367269871e-23
60 3.3391526786987007e-03 -7.1302340480578062e-23
61 4.0221512381040546e-03 -2.8036950905547223e-23
62 4.8718273768739977e-03 1.3315776778859851e-23
63 5.9022970011241996e-03 -6.0992009379364585e-23
64 7.4166795378184745e-03 -9.4363480135933137e-23
65 9.2668512337525481e-03 2.4193648418562030e-22
66 1.1352700327162374e-02 2.1115538858178079e-22
67 1.3896640477389756e-02 -8.1688468138157865e-22
68 1.7688694064016713e-02 2.3732853973405767e-22
69 2.3986866668295050e-02 1.6982477274711897e-21
70 4.3279651874326835e-02 8.1656508024166186e-21
71 1.2901353278811356e-01 8.4793352076188940e-20
