0 1.2575623464501575e+00 2.8816782585183950e-19
1 2.5165833003436044e-01 -1.8134079477356985e-19
2 1.4487097296861426e-01 -1.3044999812660440e-20
3 1.0375727277886823e-01 1.3714221016443748e-21
4 7.5643910371246390e-02 3.6647593239804656e-22
5 5.4011920659505934e-02 -6.7547676448946387e-23
6 4.0675184936638825e-02 1.9724963261918016e-22
7 3.1521121993956576e-02 7.7648165129102719e-22
8 2.5029258733438409e-02 -1.9902508948266040e-22
9 2.1479815133074742e-02 -3.9843229197313069e-22
10 1.9067520166357210e-02 1.4946355969299176e-21
11 1.6234306530372524e-02 4.7425695755975167e-22
12 1.3452287357489229e-02 1.5346187865313518e-22
13 1.1419003812945484e-02 5.2616218821714847e-23
14 9.5378624065756198e-03 -2.3921956212425160e-22
15 7.8523609971683436e-03 -1.7413545419396914e-22
16 6.5070286614720436e-03 3.8863953311334013e-23
17 5.4060720479495658e-03 1.3877485307390088e-22
18 4.6994212968090258e-03 -7.2301931781079335e-23
19 4.1579808854751198e-03 -2.3491332085647010e-22
20 3.4612495684535182e-03 1.3026718425188351e-22
21 3.0689920983316193e-03 7.9047389803721202e-23
22 2.7919830684127529e-03 -7.8821932647151097e-23
23 2.4855588197097486e-03 9.8770198377582629e-26
24 2.1646395000777985e-03 -2.5715021806260417e-23
25 1.8615413593724851e-03 -3.7099579367112201e-23
26 1.6185021858821245e-03 -3.7566473752665477e-23
27 1.4331867366153945e-03 7.8302513114000459e-24
28 1.2778347665544777e-03 -2.7091266636087768e-23
29 1.1563251943584210e-03 -2.8352620194643214e-23
30 1.0312741333144662e-03 -1.2387804647066490e-23
31 9.1095221520398942e-04 4.1368048626327180e-23
32 8.2036721659811012e-04 -2.0722423803976377e-24
33 7.3883387291715104e-04 1.9401593831426722e-23
34 6.6106060431422734e-04 1.6548775722297946e-23
35 6.2286678382434573e-04 -5.7417125534788352e-24
36 6.0407832757162084e-04 -3.5182375655401431e-24
37 6.2118952730989764e-04 2.4939864543906943e-23
38 6.9839622249909760e-04 -6.0185828427512941e-24
39 8.2633388030609132e-04 -2.7008414834777586e-23
40 1.0054725102797253e-03 -3.7958803874607330e-23
41 1.2370236747578593e-03 1.8797956468547969e-24
42 1.5210941461806609e-03 -1.8936387115457751e-23
43 1.8380450330907131e-03 6.7916303012851322e-23
44 2.2841503038301993e-03 -4.8273412811203803e-23
45 2.6316607437114037e-03 -1.8731543222455704e-23
46 2.9692657216948363e-03 -5.3325526196770760e-23
47 3.4788562495061642e-03 -3.3317214764501371e-23
48 4.1264023286724178e-03 -4.2609421623757314e-23
49 4.9972380659397218e-03 3.4026646180675636e-22
50 5.9051627263037336e-03 -9.7317317841635563e-23
51 6.4928748413147757e-03 1.4749687471391911e-22
52 7.3033955343030227e-03 -3.8930578411127958e-25
53 8.3083707788779125e-03 -3.2701935172470611e-25
54 9.1426086905079373e-03 1.2877516575310284e-22
55 1.0432299935541135e-02 -4.7229047553858863e-22
56 1.2252818561857608e-02 2.7999984296214773e-22
57 1.4466482532309080e-02 -7.0056593396557941e-23
58 1.7993809596241948e-02 -1.0036882637442103e-21
59 2.2337321997102515e-02 1.3699052260319823e-21
60 2.7083644427216964e-02 -2.0538922418548749e-22
61 3.1331993034073885e-02 1.0472063337001541e-22
62 3.4106164602527085e-02 -1.1951754958007902e-21
63 3.6311359178550023e-02 -1.0555224708357193e-22
64 3.8809694777963262e-02 -7.2957247773969599e-22
65 4.2033302421058800e-02 -1.3249626611153269e-22
66 4.8157307667516372e-02 -8.1913218833235106e-22
67 5.8570172211556581e-02 4.0388251894788674e-21
68 7.2025907542632980e-02 -5.9890814190479451e-22
69 9.2219720397549790e-02 -4.6849150047838820e-21
70 1.2482203628004068e-01 -9.9710236833474225e-21
71 2.3538748489147437e-01 -4.6984329992984111e-21
