0 1.1864927692331289e+00 4.0508851429539566e-19
1 1.6216703050594966e-01 2.5074990422293929e-20
2 6.2988426480179327e-02 -1.4649818360705309e-20
3 3.1154143801092438e-02 -1.2917090333028829e-21
4 2.0199216939377776e-02 -7.1401532750271656e-22
5 1.6115519081322492e-02 5.3019237237497768e-22
6 1.3412160623613275e-02 1.8365853463734141e-22
7 1.1190442125350801e-02 3.7677181256194847e-22
8 9.2798474822457892e-03 -7.5636090459528235e-23
9 7.4556952743348700e-03 -2.1078030263139681e-23
10 5.9628241850492175e-03 1.5529598179879529e-22
11 4.7469004439119914e-03 -1.1937354388836659e-23
12 3.9449631529448114e-03 8.3471058089906037e-24
13 3.3857545119134009e-03 2.1061318234610997e-22
14 2.9557960460259332e-03 -2.3262943145116536e-22
15 2.6076730391411812e-03 2.4951825166438823e-23
16 2.3751070067209792e-03 1.7149543509701312e-22
17 2.2364525938954683e-03 6.4550081136613372e-23
18 2.0674495735913522e-03 -8.6974264503204337e-23
19 1.8552582815619095e-03 -1.8911056478159860e-24
20 1.5977300627648713e-03 9.8606225548947970e-24
21 1.3122048338178943e-03 -6.4937921500714681e-23
22 1.0164537018602388e-03 -2.9026249083606592e-23
23 8.0791989134409048e-04 -6.0752257200279970e-26
24 6.6574039912382010e-04 -1.8755885855190860e-23
25 5.7564284252281173e-04 4.4137209483283278e-24
26 5.0441657210051425e-04 5.8557847909801159e-24
27 4.1908357159542670e-04 3.1502366612998560e-24
28 3.3939245298010600e-04 1.4322959151170114e-23
29 2.7980031385432385e-04 5.3477171314584697e-24
30 2.4213627140663260e-04 -3.6218152573572348e-24
31 2.1473600142494045e-04 -6.7579089709981774e-24
32 1.9186029111076388e-04 1.4418132564382034e-24
33 1.7743951885142026e-04 -3.1522587828322818e-24
34 1.7055762710029712e-04 -7.8013989885107714e-24
35 1.6688931272238196e-04 9.9059851483210043e-24
36 1.5806204766292172e-04 -5.3271779563848745e-24
37 1.5305581679253764e-04 2.6328054721484067e-25
38 1.5640954329098632e-04 5.0599412450247958e-24
39 1.6980637605392253e-04 6.1609850236403175e-25
40 1.9570557326231971e-04 -4.5249578311494138e-24
41 2.3944914373445856e-04 -3.7769695016649982e-24
42 2.9685921372699857e-04 3.9345119722914861e-24
43 3.5045971591600385e-04 -3.0622882922481356e-24
44 4.0676427997458437e-04 2.1225079551851038e-23
45 4.7342428925580964e-04 -8.7964944638325628e-24
46 5.6302065537671493e-04 4.2012709691503180e-24
47 6.6942483833573184e-04 2.9957108883738645e-24
48 7.6927395499498067e-04 -3.1403168920152306e-23
49 8.3513416586661956e-04 1.6355998219134039e-23
50 9.3103664198819892e-04 -9.5419877812753657e-24
51 1.0952104181912380e-03 -1.8385295372840385e-23
52 1.3141400762312879e-03 4.8485808258987591e-23
53 1.5763400903862246e-03 -2.9057102544173584e-23
54 1.8992624457368828e-03 4.2386240874271964e-23
55 2.2858176542651428e-03 -4.3474391189077435e-23
56 2.6967013459273242e-03 -7.1322291157527060e-23
57 3.0525436259796392e-03 1.8941493073938191e-23
58 3.5512931989641490e-03 4.8764861988828334e-23
59 4.3538812350655612e-03 1.0195752847601916e-22
60 5.3165482171583520e-03 -3.4494341150837699e-22
61 6.3298086686619740e-03 4.2899410988601526e-23
62 7.0815253702935683e-03 1.9673354620233463e-22
63 7.6908499544263422e-03 -3.4283353186037233e-22
64 8.5158814948205035e-03 1.9153241976045723e-22
65 1.0348014316452025e-02 -4.7919663413156781e-23
66 1.3511391775420677e-02 1.1662352620392846e-21
67 1.6853748091478271e-02 2.7454960852308084e-22
68 2.2111213126374041e-02 -9.7107797965727409e-22
69 3.1684383611097995e-02 4.2874231113746010e-21
70 5.5172689619998910e-02 8.9516001925810921e-21
71 1.5492401998887362e-01 4.3282161294896760e-20
