0 1.2299217100614397e+00 9.3128720249085742e-20
1 1.5613135020878202e-01 -9.5622065370863953e-21
2 5.9017173923388573e-02 1.5117977350812058e-20
3 3.2507405398798157e-02 1.0933767516812439e-21
4 2.0573632726891191e-02 8.1409042846944102e-22
5 1.5202436884653201e-02 -5.8045206547077028e-22
6 1.2630850113795824e-02 4.5800392060391685e-22
7 1.1208987980501770e-02 4.3002212026162117e-24
8 9.6631810178004884e-03 1.0263767641486733e-22
9 8.2430875046364573e-03 -1.3843402828463637e-22
10 7.0463763288410863e-03 2.5492195575877952e-22
11 6.2721348736693170e-03 -1.4376706686817828e-22
12 5.7782094375239462e-03 -2.4343355651598445e-22
13 5.2772870981038977e-03 3.3828665139309674e-22
14 4.8277788158766896e-03 -9.4444765723112301e-23
15 4.5249106975154682e-03 -4.9157102345884258e-23
16 4.3596292560215376e-03 5.8023843157310429e-23
17 4.2981794730957493e-03 -1.0393818407709432e-22
18 4.0535319532708624e-03 3.8947338063860554e-23
19 3.5619594001912959e-03 3.2555134846806814e-23
20 2.9424403677293341e-03 -1.1918401130454859e-23
21 2.3801058065516618e-03 -4.5624770885944897e-23
22 1.9875760132725350e-03 -7.1898903464335811e-23
23 1.6068934631903768e-03 -1.7017013110476248e-23
24 1.3745225402094219e-03 -7.3546322782882577e-24
25 1.2334584447580368e-03 -3.0741144777256243e-23
26 1.0949286095428277e-03 -3.1237733324001744e-23
27 9.4308851215454362e-04 -2.9544623166256102e-24
28 7.8793981505539045e-04 -2.6476148637637639e-23
29 6.3345661152167262e-04 -1.0977444016386325e-23
30 4.9553226315340328e-04 5.6901060022022601e-25
31 4.0862086409063558e-04 -1.2619628682182002e-23
32 3.7509771052313221e-04 -3.5561880559375266e-24
33 3.5514178696169417e-04 1.8549462504764650e-23
34 3.5182048326425622e-04 -8.6447336423942676e-24
35 3.5303111070553286e-04 -2.6063721082883759e-23
36 3.4688962149706835e-04 -6.0174370515941870e-24
37 3.5253499512208255e-04 5.9377712984053485e-24
38 3.7233314436906475e-04 -1.1115563801242062e-23
39 3.9354494927040486e-04 1.0716316543502160e-23
40 4.2260376480603851e-04 8.3592423201035849e-24
41 4.8513638172003964e-04 3.1823817664881712e-25
42 5.8304541487277982e-04 1.3905739601652801e-23
43 6.7583486131263205e-04 -1.2576410296715451e-23
44 7.5436430001439092e-04 1.2805572124724790e-23
45 8.5970930856843475e-04 4.1187442706232746e-23
46 9.9295909675536508e-04 -4.1355610238223634e-23
47 1.1714309246182856e-03 4.0945374696658832e-23
48 1.3318791021562737e-03 2.3382606012692699e-24
49 1.5196387477882101e-03 9.5373810446131498e-23
50 1.7596297261243757e-03 6.4613351578835993e-23
51 2.1739677210708568e-03 2.0850080364179118e-23
52 2.7226073578084081e-03 -6.3072281120590640e-23
53 3.3131823541019318e-03 1.4312455983661395e-22
54 3.9418664243864258e-03 -3.0880382863898612e-22
55 4.7021739278380005e-03 1.2219416871312802e-22
56 5.9644884949689959e-03 -3.1438429941395500e-22
57 7.3747585644282285e-03 4.3734416104668673e-22
58 8.7949774090036043e-03 2.5111878954769090e-22
59 1.0065108777228465e-02 -3.3654866390481432e-25
60 1.1161345438544133e-02 -6.1252744259721998e-23
61 1.2288785678785261e-02 2.2346306997310926e-22
62 1.4032366368465339e-02 -7.6006416626297795e-22
63 1.6904034708509885e-02 6.2655264417611292e-22
64 1.8422949763453902e-02 5.0828907738172446e-22
65 1.8630606212465293e-02 -1.1460019705464055e-21
66 1.9105761803268183e-02 5.8221303804809695e-22
67 2.0995898684096521e-02 9.6893295071909063e-22
68 2.3450896054672918e-02 6.1622113355032887e-22
69 3.0325974377548713e-02 -1.2103764514172836e-21
70 5.0646411134368498e-02 -3.5380928352011972e-21
71 1.5603535533308194e-01 1.3377535875286709e-20
