0 1.1502614361746197e+00 -2.4042899680209828e-19
1 1.5875645286760445e-01 -1.6082457082425327e-19
2 6.4100296676105423e-02 2.1220934720874590e-20
3 3.9390627428990861e-02 5.3258451895446654e-21
4 2.7512089573707123e-02 -1.4910007404780127e-21
5 1.9785123127910354e-02 2.7553685694986463e-22
6 1.5010578269381781e-02 -4.0956142322442548e-23
7 1.1160066405818521e-02 -3.3776374395971607e-22
8 8.5991295951201030e-03 -4.0083363066161719e-22
9 6.6887473936244474e-03 1.1671609504099490e-22
10 5.5657415653955506e-03 -1.9370562891351168e-22
11 4.6834881367265185e-03 4.9359717165517880e-26
12 3.9561398935160563e-03 1.1481865595712153e-22
13 3.4011665188734721e-03 2.5215249588900186e-22
14 2.8680177111006632e-03 -4.9870830448076789e-23
15 2.2785859376705108e-03 -7.8836274533721910e-23
16 1.7916826304937941e-03 7.5303863671800270e-23
17 1.4044009492669260e-03 1.8864807640454848e-23
18 1.1262832804184771e-03 1.2714675317265196e-23
19 9.4756318599189464e-04 -1.3292593565519044e-23
20 7.9492686925421315e-04 1.6662958688379842e-23
21 6.8077174775159138e-04 -2.6522166036411757e-24
22 5.9574003130375937e-04 -6.8233421522296238e-23
23 4.9285773730590012e-04 1.9989708193838495e-23
24 3.9444860089525005e-04 -6.9191383009235715e-24
25 3.1206633713624243e-04 2.6021735238522272e-24
26 2.5684906729887011e-04 -1.6226115363829445e-23
27 2.0828893521423098e-04 -2.7873760210532588e-24
28 1.6889692783248847e-04 4.8265650168740896e-24
29 1.4806247897563836e-04 -3.0526664712662690e-24
30 1.3782310503744578e-04 2.1348072862543331e-24
31 1.2843321371771747e-04 7.3432314500917253e-24
32 1.2337122573020346e-04 4.5875652865456116e-24
33 1.2138734307275152e-04 -2.1017940811495569e-24
34 1.2171973426083581e-04 -4.0379732415473937e-24
35 1.2737880068741420e-04 5.3194987114039096e-24
36 1.3441506717600007e-04 4.5390842484713952e-24
37 1.4372033273267839e-04 6.3721966545617905e-24
38 1.6440366177040180e-04 -1.4807537405283541e-23
39 1.8644038151680809e-04 1.1655197040831610e-23
40 2.0791836945488118e-04 -3.4666951017863232e-24
41 2.4693606415423684e-04 -3.0036552243910609e-24
42 2.9369960239646292e-04 -6.9227440411136284e-24
43 3.4207216242305543e-04 -1.1273955490210381e-24
44 3.8417046535514919e-04 1.6846148853174882e-23
45 4.2457771615723452e-04 -8.6864440704592551e-24
46 4.6045568363692785e-04 1.0854771880133565e-23
47 5.1897257603880555e-04 1.8455150837141692e-23
48 5.9555620278922727e-04 -3.2480074117646840e-24
49 6.7449871750745302e-04 1.6965434807462731e-23
50 8.0988039553813037e-04 7.1499585347838761e-24
51 1.0000087856187263e-03 -4.6943805585168589e-23
52 1.1757742474883394e-03 -4.9325031945750968e-23
53 1.3741986314330006e-03 -1.1536992256214153e-23
54 1.6605195999880055e-03 -3.5941266039113527e-23
55 2.0070046206946304e-03 9.9831110429570410e-24
56 2.2921372856388902e-03 -2.1936419555155350e-22
57 2.5776870207866523e-03 -3.3759515330917353e-23
58 2.9359289476039801e-03 -1.4956649853694000e-22
59 3.4277106679597318e-03 -5.8773156771096729e-23
60 4.0854872700126620e-03 1.3628957166249865e-22
61 4.8983646148502407e-03 1.8225133698318824e-22
62 5.7597153440261959e-03 1.3402971649017169e-23
63 6.7755369600791945e-03 -3.2117700287772759e-22
64 8.7225636068705426e-03 -2.6111995038069216e-22
65 1.1505093690551785e-02 -5.2980118115355176e-22
66 1.6169920349054272e-02 -2.7251505191479890e-22
67 2.1766326684646314e-02 9.6464170407694555e-22
68 2.6928543362052394e-02 -7.8666180972688834e-22
69 3.6573481833156604e-02 9.2040388076067032e-22
70 5.8787124128201085e-02 1.0107825752298752e-20
71 1.5042558406831874e-01 -1.2420512956805816e-19
