0 1.3331732343330698e+00 -6.6477234239687361e-20
1 1.7888664039147162e-01 -8.7115872019148445e-20
2 6.1588153837751902e-02 -1.1270411568260877e-20
3 3.3477434610045161e-02 -7.0065331831967422e-23
4 2.4363633381835736e-02 -1.0525201756918964e-21
5 2.0243766122624750e-02 -6.6305002039576223e-22
6 1.7394802325607035e-02 5.3825845199514740e-22
7 1.5644248363314388e-02 2.8456156414746296e-23
8 1.3951055042516659e-02 -7.9916017101436725e-22
9 1.1486966882210145e-02 8.7446373112499281e-23
10 9.0036491666396143e-03 -1.3532819669640497e-22
11 7.1881504150983037e-03 -1.1502912097200536e-22
12 5.6972858517165366e-03 -2.0440327425626028e-22
13 4.5338987804376171e-03 -1.4015185508720383e-22
14 3.6833822479277307e-03 -4.3714187959232482e-24
15 3.0356561091450366e-03 6.7791908599244605e-23
16 2.4431425334923941e-03 -4.8327505147492861e-23
17 1.9557086479665719e-03 -4.2103992518455464e-23
18 1.6166853992737838e-03 -8.8738116521552796e-24
19 1.2870069607294008e-03 8.5525355954598600e-24
20 9.9525403088530548e-04 -9.3505638412326782e-24
21 7.9799391481859608e-04 -9.1643228778264433e-24
22 6.3687527548765663e-04 -3.6230160854109394e-23
23 5.2577563236238048e-04 -1.0071546530802782e-23
24 4.3265345285633974e-04 -8.6066512826564991e-24
25 3.4829994143153526e-04 -2.8706292729366869e-24
26 2.7743686328645550e-04 6.9434660499734865e-25
27 2.1673209401676461e-04 -1.5113372879858423e-24
28 1.7051074229042487e-04 8.4584611482612510e-24
29 1.4388889423261632e-04 -1.5501401743802703e-25
30 1.2556694628742916e-04 -7.5207875242872341e-24
31 1.1100641001001291e-04 -3.3842417902432162e-24
32 1.0424711321253382e-04 -2.1065006674667462e-24
33 1.0089273998895292e-04 -1.3952913437110964e-24
34 1.0172084784887453e-04 5.1284608698184793e-24
35 1.0268614481169711e-04 -1.9456622966798998e-24
36 1.0664436100042114e-04 3.0019212428828233e-24
37 1.2082021012337265e-04 1.9039168735276278e-24
38 1.4701656781312020e-04 3.6890395221222817e-24
39 1.7636353631107803e-04 5.1472156648552841e-24
40 2.0222626700895204e-04 6.3081758066326496e-24
41 2.3373180589555685e-04 -6.5360239565548135e-24
42 2.7284884986572821e-04 1.2891239514496554e-23
43 3.2005027810734640e-04 -5.2400571128796029e-24
44 3.8834537448915129e-04 -8.5469332362190991e-24
45 4.7454912943418326e-04 -1.6261521210357450e-23
46 6.0566256855094556e-04 4.3685286086027566e-23
47 7.5874695877886742e-04 -2.8868742837951845e-23
48 9.0746721036497914e-04 -3.1185890950434619e-24
49 1.0788867026909851e-03 -3.1128276412112143e-23
50 1.2203281858591227e-03 1.5795920204970256e-23
51 1.4040021243127494e-03 -3.4860148353067953e-23
52 1.5760544896186314e-03 4.6826251185960535e-24
53 1.7622627676490399e-03 1.0977202850106377e-23
54 1.9895961349038886e-03 1.8167700845421944e-23
55 2.2426772493952438e-03 5.4918161418220775e-23
56 2.5623904824258127e-03 4.3746180651507829e-23
57 2.8726015424128358e-03 -9.3335611032975790e-23
58 3.3176502922613836e-03 -1.3007780908843761e-22
59 3.8592193378142884e-03 2.4494245421413524e-22
60 4.3141166008530242e-03 1.0891558845988355e-22
61 5.1808505445808447e-03 -1.0315522640368934e-22
62 6.4508998989433663e-03 1.1508123956347334e-22
63 8.0523775269619301e-03 -2.6431210035181835e-22
64 9.8665025136515632e-03 3.7422499175131990e-22
65 1.2142195163494424e-02 -2.6537984479312874e-22
66 1.5109736275567175e-02 -1.5158287765774141e-22
67 1.8468311637495610e-02 -1.5540768022002370e-22
68 2.3327787714982156e-02 -3.4980617695934845e-23
69 3.3611203455953705e-02 -5.6351712889242154e-21
70 6.6128457285318062e-02 8.4797909634784099e-22
71 1.9021609022287708e-01 -1.4261373123925980e-19
