0 1.2575105993002322e+00 8.4574803642513634e-20
1 2.0572415094544896e-01 8.9385831148532699e-20
2 1.0174224111468569e-01 -2.3683965219535347e-20
3 6.8432645326178598e-02 -9.9613728378276805e-22
4 5.1442183751295209e-02 7.1464526845660455e-22
5 4.0371606299413040e-02 1.0043454173080152e-21
6 3.3758867133181929e-02 -1.0764865250075422e-21
7 2.9566655596694552e-02 2.0896815012529986e-21
8 2.4959184789815111e-02 -1.0459772438868225e-21
9 2.1372663540868080e-02 3.1016098563476734e-22
10 1.8566761289254271e-02 -6.9942662826280956e-22
11 1.6533938915656497e-02 -6.0245710068374969e-23
12 1.4264243291389282e-02 1.5800113715978962e-22
13 1.1446761988214494e-02 -6.2390352476607547e-22
14 9.1226443638229866e-03 -1.6455499788687205e-23
15 7.2305925900417534e-03 -7.8208276270438223e-23
16 5.5719878602564039e-03 1.1113481950785460e-22
17 4.3036651045645097e-03 -1.1384038574402359e-22
18 3.5189599305129084e-03 6.9187511384335618e-23
19 2.9731090696958214e-03 1.7514669682165120e-22
20 2.6105695573805212e-03 -8.7022843305843349e-23
21 2.3143193064295367e-03 -5.1213652785428656e-23
22 1.9458000666694190e-03 -4.5014946503788129e-23
23 1.5759162750104527e-03 -8.3442674470459958e-24
24 1.3166732684774529e-03 -1.4364560271242601e-23
25 1.1613718439736967e-03 8.7432398490385441e-24
26 1.0105519512587221e-03 1.3154820098562058e-23
27 8.3412938413378540e-04 2.5298460944516256e-23
28 7.1674218927973276e-04 -8.5705519674026028e-24
29 6.5442354955834003e-04 -2.8965290087141778e-23
30 6.1915751702215085e-04 -1.1753861916620005e-23
31 6.0486796515897491e-04 -1.7500568264006838e-23
32 5.6138817232687620e-04 2.6737167872493586e-23
33 4.9833618769139015e-04 -2.5805459305129567e-23
34 4.5204003929141665e-04 6.0021949572908821e-24
35 4.2396395948040758e-04 -9.7530594317799220e-24
36 4.3757211324705448e-04 -8.1127540497848785e-24
37 5.0024619560825516e-04 2.8222060514987177e-23
38 6.1330459072253519e-04 1.0798134857121889e-23
39 6.9998038497303089e-04 -1.1502300734512414e-24
40 7.7882843341842308e-04 2.7830605988326220e-23
41 8.9499928307155735e-04 -2.2528901936985364e-23
42 1.0358841063216123e-03 3.0186052969640368e-23
43 1.1724612967501462e-03 -7.2811162514292862e-23
44 1.2649668373819417e-03 -5.0663686637405837e-23
45 1.4071443704339326e-03 -5.3817194217297666e-23
46 1.5207797222913247e-03 -2.1260101704116535e-23
47 1.6429998232945248e-03 -3.5675058278107671e-24
48 1.8281991197237307e-03 8.3848017801990008e-23
49 2.2214661022955180e-03 5.5477927527551333e-24
50 2.6678569688024008e-03 1.2475681657166141e-23
51 3.1564544615563452e-03 -1.0500001358576690e-22
52 3.7274340095775609e-03 1.2982631807075306e-22
53 4.3255347239472388e-03 7.6978807855485944e-23
54 5.0392145824486832e-03 -3.1065248755074442e-23
55 5.8612216067925630e-03 2.2596067057389307e-22
56 6.8882298990887991e-03 3.1796551613598247e-22
57 8.0792182592842477e-03 9.5675445499617698e-23
58 9.1253233226053030e-03 7.7356834157971277e-23
59 1.0988416338659979e-02 -1.9628833203667031e-22
60 1.4143655062334993e-02 3.1591204499513329e-22
61 1.8142391391404254e-02 1.1688793550200418e-21
62 2.2748609912632681e-02 -7.0484191913929935e-24
63 2.7510898167697945e-02 1.4513384442919252e-21
64 3.2593351422670558e-02 3.3020795350461186e-23
65 3.7450495471183190e-02 1.8907439182318849e-22
66 4.6323135009624823e-02 4.7138764637088775e-21
67 6.1179012804263695e-02 -6.7546810392103686e-21
68 7.1663517284083808e-02 -1.8888352519413344e-21
69 8.2401967616227006e-02 6.3073613018268615e-21
70 1.1305342109654676e-01 1.9795774464730116e-20
71 2.1391565919767055e-01 -2.1105085108785893e-19
