0 1.1555772320412718e+00 1.0366380136927537e-19
1 1.4300238485813319e-01 1.2213677015589605e-19
2 5.0485159577898495e-02 9.1258736746404569e-21
3 2.9871051159107764e-02 -1.8392733561534966e-21
4 2.2748531092585077e-02 9.2371683249137331e-22
5 1.9407862997104990e-02 -8.4692573058944333e-22
6 1.7384642286691829e-02 1.4006690070490675e-21
7 1.5163566952713438e-02 3.6266352206212775e-22
8 1.2627095068021787e-02 9.6921508101879470e-24
9 1.0686728734429822e-02 -9.3887449117943082e-23
10 9.0919230555577737e-03 1.2269581601683729e-22
11 7.7280963368276364e-03 2.4462617656143136e-22
12 6.7451164986020874e-03 1.1828308194234166e-22
13 6.2038817375837767e-03 -1.2986063101420901e-22
14 5.5857330262788140e-03 -2.6323608262457637e-23
15 4.9428986634177090e-03 3.4198494386663449e-23
16 4.5672612697149123e-03 -2.9343474579159229e-22
17 4.0847786198551471e-03 2.7977447776466901e-23
18 3.4628403650281822e-03 1.1349161455078790e-22
19 3.0159819378944700e-03 7.7111346918224621e-23
20 2.6102394141212424e-03 -6.7302775821841706e-24
21 2.1512606325455423e-03 -7.4100120778253260e-23
22 1.7396781327956568e-03 -4.2497653988358632e-23
23 1.4768764270240637e-03 -4.1708710394970394e-23
24 1.3025953215416196e-03 3.8879220917224262e-23
25 1.2181619269916828e-03 3.0152728349016119e-23
26 1.0999436557343682e-03 2.7695257676293088e-23
27 1.0299587355041425e-03 -4.1858679777083084e-24
28 1.0806754393593986e-03 -4.6389337828469526e-23
29 1.1781604837733523e-03 3.8956173525804518e-23
30 1.1545709185342692e-03 -4.0196366183468926e-23
31 1.0530299846774323e-03 8.8237795240692036e-24
32 9.8360125971020621e-04 -5.1269492351789879e-23
33 9.0916079224947436e-04 -1.6521089360556134e-23
34 8.6751910475922915e-04 7.9098639248664700e-25
35 8.9389592582262854e-04 1.0047273461413376e-22
36 9.2258149848843381e-04 -9.6607699909615044e-23
37 8.6523442938242576e-04 -1.0561753430715555e-22
38 7.9246856971047980e-04 -4.9993287617437296e-24
39 7.3408351580830445e-04 -3.2049587002736729e-23
40 7.0944277805832221e-04 -2.5678855750178477e-23
41 7.2811315587377739e-04 -2.1768254967302109e-24
42 7.6414855449347368e-04 -7.5778253162917049e-24
43 7.8415208557322091e-04 -1.9933899763804663e-23
44 7.8412726507240480e-04 -3.6395423438597658e-23
45 7.8049618554963131e-04 -4.5977671589190942e-24
46 8.0239652204195104e-04 -8.0559820556488909e-23
47 8.5147142184923016e-04 1.2518956714277480e-23
48 9.5367356553154937e-04 -3.4464714217647426e-23
49 1.1105104254425526e-03 6.5846304060556737e-23
50 1.2417251931175000e-03 4.6796577329976317e-23
51 1.3754531260206126e-03 -5.9644311008191508e-23
52 1.5544588143141861e-03 -2.7820531189369762e-23
53 1.8244949308735580e-03 -6.9644870607546804e-23
54 2.3679522684114523e-03 -1.4809501021767416e-22
55 3.0570702570565009e-03 -1.0401865734227009e-22
56 3.6685146052484719e-03 2.1205813738534460e-22
57 4.3396027167396977e-03 -1.2050159349948989e-22
58 5.0067763549589105e-03 -1.8602071024671129e-24
59 5.5075581082253524e-03 1.9653884259055572e-22
60 5.9503457112443587e-03 3.9893770637751527e-22
61 6.3472947383724689e-03 4.0222119785741000e-22
62 7.0415725018098127e-03 -8.2730083660569211e-23
63 8.3489798758081546e-03 2.9714345533153294e-23
64 1.0078225003965078e-02 -2.4508716359042651e-22
65 1.1617629648323181e-02 -2.3512186947433004e-22
66 1.3178419636705376e-02 -6.3699961634931183e-23
67 1.5979842533994423e-02 -4.7674850389950270e-23
68 1.9993208730134698e-02 7.3098787475606180e-22
69 2.8025997644131790e-02 2.3469502440198263e-21
70 4.9381696777217841e-02 -1.2633459576229233e-20
71 1.4089269939938992e-01 -8.1103594386325399e-20
