0 1.1670911105842643e+00 -5.9011551283409982e-21
1 1.7992207489643447e-01 8.3734664451089757e-21
2 8.8572600745109545e-02 1.8197815229956702e-21
3 6.3833953022557843e-02 -3.2541655735296026e-22
4 5.4116807923150011e-02 2.0622042801291406e-22
5 4.8468867535669272e-02 -2.3743010047704112e-22
6 4.4444887179358322e-02 1.5889003967625192e-21
7 3.9358021322105502e-02 2.3139014828175835e-21
8 3.2666097667101615e-02 -5.6958243188131654e-22
9 2.7117928372688775e-02 -1.0320369970793952e-21
10 2.2946310358677290e-02 1.1650334094336862e-21
11 1.9408953566313301e-02 -6.7554377193054960e-22
12 1.6553596820267458e-02 -3.5075851793293497e-22
13 1.4302713955549249e-02 2.4986894215859026e-22
14 1.2222202614501037e-02 -2.5556553092259061e-22
15 1.1006209927881405e-02 -1.6273211468188915e-22
16 9.9946914075627301e-03 -2.8949984742522988e-22
17 8.7667970441294863e-03 -2.8248090372658836e-22
18 7.5349951898733862e-03 -3.0538172229288821e-22
19 6.6085903746894246e-03 2.8130833493396683e-22
20 5.9313102740238396e-03 4.4591034118616801e-23
21 5.3658978633177841e-03 -2.8555817957246142e-22
22 4.4782733938985107e-03 6.3232395298243786e-23
23 3.5961006625763298e-03 -1.2099002794801225e-22
24 2.9676732016797355e-03 1.0149885825927085e-22
25 2.3591885856687899e-03 -6.7293555072384388e-23
26 1.8873333498048530e-03 8.0982001143705637e-24
27 1.5578491610346861e-03 -2.6401200359645445e-23
28 1.3627521616640754e-03 6.8069663435148599e-23
29 1.1930644905284234e-03 -2.1660479878703344e-23
30 1.0251942034081704e-03 -4.1335188106466749e-23
31 8.7263054566706307e-04 -3.9250689737657467e-23
32 7.5184266092619210e-04 -2.0791360108317526e-26
33 6.7153739371036633e-04 9.9826759930006576e-24
34 6.0823494467375245e-04 -3.2296904963880164e-24
35 5.6287103961538850e-04 -1.0006758349435424e-23
36 5.3332745790073317e-04 5.3308040085652014e-25
37 5.2275339828567618e-04 2.9376819840951513e-23
38 5.4157907605574410e-04 -2.8624662442846807e-23
39 6.1486366104071218e-04 -4.2313893924529541e-24
40 7.1836004904856244e-04 2.4449994777637297e-23
41 8.2603322807414691e-04 1.8046784425612032e-23
42 9.5869455335958966e-04 2.8302240219327170e-24
43 1.1294508019123748e-03 -1.2467245848402107e-23
44 1.3158572671835842e-03 4.7917604248199369e-24
45 1.4923221848086952e-03 3.7434535380304504e-23
46 1.7438356936095220e-03 3.8387146189762383e-23
47 2.0582667359587150e-03 3.0091780656683707e-25
48 2.4724353718722164e-03 8.5776003869793234e-25
49 3.1372013341259626e-03 -2.7754251414209540e-23
50 3.8544423875122198e-03 -1.0181056539565325e-23
51 4.3030754584984527e-03 5.5143777936748841e-23
52 4.6111066801576501e-03 5.9936439837241919e-23
53 5.0697272113836662e-03 2.7381656122723986e-22
54 5.5521290063894240e-03 1.3020811960332658e-22
55 5.9805746787485355e-03 1.7075552479801664e-22
56 6.6404128504152652e-03 -3.1386389726664146e-22
57 7.0885304830560622e-03 1.8887118894269558e-22
58 7.7143701757419409e-03 -7.8249922376571570e-24
59 8.4569697485050322e-03 3.2544694812898150e-22
60 9.5168975445824033e-03 -2.0016801789498164e-22
61 1.1053339730209270e-02 -7.1741667379164747e-23
62 1.3113299249611314e-02 -5.4741828025649577e-22
63 1.4981779884409126e-02 -1.1677667073047372e-22
64 1.7009026538027883e-02 5.3175397076463131e-22
65 2.0814827097678658e-02 4.2816289618424652e-22
66 2.5740890098581867e-02 2.5119643508693607e-23
67 2.9706675826971542e-02 8.6475599709815248e-22
68 3.5064043825849406e-02 -1.7498218908409863e-21
69 4.5004769854402944e-02 6.4871436189147760e-22
70 6.8700093424567898e-02 -1.1592863679100302e-20
71 1.5957171936594752e-01 -3.0963561092197419e-20
