0 1.1999164686853618e+00 -1.0313441499785403e-19
1 1.7553789105666617e-01 -2.4720802828143906e-20
2 8.0529016060895978e-02 8.2705401720328300e-21
3 5.1720227832787742e-02 1.7794479469746284e-21
4 3.7231046962302644e-02 2.7576942875079278e-21
5 2.8645830347513529e-02 1.4747814035429920e-21
6 2.2433955860661232e-02 3.5761978390920461e-22
7 1.7863929154630462e-02 -2.5767998125573071e-22
8 1.4787396747933841e-02 -4.4553897719553033e-22
9 1.2130282545808278e-02 6.6181512110145647e-22
10 1.0101255898098455e-02 -1.1062622725869711e-22
11 8.7223155957629611e-03 -1.5695530176242490e-22
12 7.2984399204684258e-03 1.0409495842430165e-23
13 5.8094184116750658e-03 -2.1497835466240069e-22
14 4.5024222852530910e-03 -2.9690906415744054e-22
15 3.5514730132358164e-03 -1.8454948454691848e-22
16 2.8815418363299407e-03 -9.7942403409676743e-23
17 2.3778710977578510e-03 8.8059627903647354e-23
18 2.0767163424695594e-03 -7.9779974199631623e-23
19 1.7631795889329707e-03 1.9851776524645707e-23
20 1.4905315183330503e-03 4.8007296087062715e-23
21 1.2046671623443801e-03 -5.2844176307935262e-23
22 9.7056073548530274e-04 -5.9617853836386927e-24
23 8.5220002467216807e-04 -3.2590367608386398e-23
24 7.4944936101877977e-04 1.7822047695566613e-23
25 6.4579612457869309e-04 -4.7430677531908964e-23
26 5.6586777090621837e-04 -1.1240880537091516e-23
27 5.0239335900183397e-04 7.2958393019386890e-24
28 4.4857175961224196e-04 -4.0144129066905865e-24
29 4.1379597333326653e-04 -1.0504018352469315e-23
30 3.9678020077478417e-04 5.3540378025769962e-24
31 3.9640838321208511e-04 -1.3848287713218764e-24
32 4.1132421641255538e-04 5.7218614160137187e-24
33 4.5830228925859581e-04 4.3953567080178023e-23
34 5.6762465610068211e-04 -1.9335730900053639e-23
35 6.9682527090909169e-04 -3.7768681762156004e-23
36 7.7773457730445790e-04 -5.3337490128553690e-23
37 8.3166315712146217e-04 -1.3687403637886080e-23
38 9.1999486920220429e-04 -1.8108653729022418e-23
39 9.7903239849972054e-04 -3.9786218220015478e-23
40 1.0079757180075284e-03 1.8979687661843766e-23
41 1.0263651886122389e-03 -5.5671942443723866e-23
42 1.0733803038013429e-03 3.9577320004193270e-23
43 1.1277406068023626e-03 -9.4174566995183565e-24
44 1.2454237634874285e-03 -2.2724301105675673e-23
45 1.4091989621387050e-03 1.3150137175032907e-23
46 1.5539285982561480e-03 -1.7977142985229371e-23
47 1.6963887024476290e-03 -7.1218445300161262e-23
48 1.8899050116727907e-03 2.5989281252788801e-23
49 2.1378990820299856e-03 -9.1447389708221485e-24
50 2.4411267471515200e-03 5.0911274090710705e-23
51 2.8895065780964796e-03 1.4739806117945191e-22
52 3.4896174275203559e-03 6.8201269729486292e-23
53 4.3917274481944588e-03 1.0093121552184170e-22
54 5.5702403117469752e-03 -3.2271167611230017e-23
55 6.8388729476230627e-03 2.8663691348815827e-22
56 8.0576435310438562e-03 -2.3272863322593398e-22
57 9.2527674019178708e-03 -1.0289507565807095e-22
58 1.0552863463500733e-02 -1.9659614732545612e-22
59 1.2129482736922628e-02 2.5925268130237536e-22
60 1.4000823372637354e-02 -5.6030380749691103e-22
61 1.5710560289883987e-02 3.0265868265133394e-22
62 1.7810528963511908e-02 1.1190736272480122e-22
63 2.1035958984250945e-02 -9.5596772180232821e-22
64 2.3982819520536911e-02 -1.4343344288298379e-22
65 2.7226063662857448e-02 8.9592955132987375e-22
66 3.1133521301517225e-02 3.4380793770572694e-22
67 3.6431374909127116e-02 -8.6281173879336601e-22
68 4.4344157976565421e-02 2.4809115061550033e-21
69 5.6225783367094162e-02 6.0220689797626144e-21
70 8.1739860254966615e-02 -4.3067802963988956e-21
71 1.7904413560010188e-01 -1.2165583524749011e-20
