0 1.1299619404339374e+00 2.5089678189376282e-19
1 1.3782006553267023e-01 -2.9540502544881756e-20
2 4.9230234165094824e-02 1.7777023835264023e-20
3 2.7504175254283426e-02 3.6262593230605284e-22
4 1.9656197622298213e-02 2.8436343764244991e-21
5 1.6152315319704388e-02 1.2823121482894192e-21
6 1.2839706919690774e-02 -4.0439784050498281e-22
7 1.0159527294987284e-02 -1.9696760416750502e-23
8 8.4462945575011928e-03 -2.9634373564149018e-22
9 7.2302752851737167e-03 1.8288062333496185e-23
10 6.5719451116189190e-03 -4.7064832059859846e-23
11 6.0485362032513864e-03 5.7652505443246925e-23
12 5.2777764346898940e-03 -8.7843490465072665e-23
13 4.6432325598682921e-03 -2.0335849592133078e-22
14 4.1196989444673001e-03 -6.6993465653827541e-23
15 3.7320860848628246e-03 -5.6029226678067879e-23
16 3.2121837391724376e-03 1.2049479631480217e-22
17 2.6652137273845203e-03 -5.9990536723813550e-23
18 2.1988765996568270e-03 2.0170774755237866e-22
19 1.7788221004188113e-03 8.8870157657485047e-23
20 1.4108491654878123e-03 -2.0895675948068532e-23
21 1.0867949091004140e-03 -3.9190528017286777e-23
22 8.7559739278418862e-04 -1.2026971625577234e-23
23 7.4060888573335951e-04 5.2620150902657755e-24
24 6.2879394984460878e-04 -1.7827610079649679e-23
25 5.3824263682569144e-04 -8.2011729076273186e-24
26 4.6059356228981077e-04 -4.9417231629834781e-24
27 3.8819021642898043e-04 6.0114486314427479e-24
28 3.2929817795428467e-04 -1.2170047250146246e-23
29 2.7128816485516712e-04 -7.8225090065748399e-24
30 2.1685195790911279e-04 -2.1547475743249383e-25
31 1.7780016333317496e-04 -1.4869204046282283e-24
32 1.6037467048217645e-04 -4.5543878532716607e-25
33 1.5105241364948767e-04 4.5825712124049316e-24
34 1.4516035463303588e-04 9.3653675125707339e-25
35 1.5315566680304516e-04 -1.4286058173163729e-24
36 1.6143212420583969e-04 -3.0462546445143353e-25
37 1.7316314054806014e-04 -1.0998936379788746e-23
38 2.0177912572171203e-04 9.7568214029128647e-24
39 2.4204310006406611e-04 3.2210180831188004e-24
40 2.9493051871136249e-04 1.5375899160207470e-23
41 3.5185635544822793e-04 1.3036395731384177e-23
42 4.1948455267745488e-04 -5.4649997436885292e-24
43 4.9448374960229266e-04 -1.0904757945650500e-23
44 5.6350439515518368e-04 2.8661915077588638e-25
45 6.2543531741257054e-04 -1.8476752905070613e-23
46 6.9032755737311643e-04 -1.7714107888485218e-24
47 8.0980019308231831e-04 -2.8495775667689045e-23
48 9.9064762628042671e-04 1.2633211670647069e-23
49 1.2031617627249981e-03 -6.7452738182055558e-24
50 1.5346754589204657e-03 -8.2355895639740051e-23
51 1.9130413058151745e-03 9.7543519315405927e-23
52 2.2540621132700629e-03 -3.5185795992066645e-23
53 2.6725444905541301e-03 -5.0189855530939971e-23
54 3.1377890490845504e-03 -7.3688948792606411e-23
55 3.5687325997034685e-03 3.3004298249586793e-23
56 4.0485923116881043e-03 -2.6219142649534746e-23
57 4.7423822875140203e-03 -1.7442238742682431e-22
58 5.4029355377360590e-03 -4.7241639431564784e-24
59 6.0851665497659605e-03 3.8110706374138567e-22
60 6.9827018824308784e-03 7.0424743567321719e-24
61 7.8624866015209720e-03 -1.8617510603423440e-22
62 9.1036212821986387e-03 -4.1534431425618137e-23
63 1.0871677359392753e-02 -3.6555750119546388e-23
64 1.3404485528590117e-02 -2.8326302994465049e-22
65 1.6766507600021064e-02 -9.9441754552530932e-22
66 2.1619444962995320e-02 -6.9301771771114087e-22
67 2.7283090974424554e-02 -2.7120781279478516e-22
68 3.3192687029003250e-02 -1.0332864028927583e-21
69 4.1532589502170147e-02 2.9877980550619263e-21
70 5.9622082977317990e-02 1.5784881269096653e-20
71 1.4716445256730409e-01 -3.3334359958220546e-20
