0 1.1652969659753853e+00 -1.2229595622243760e-20
1 1.5615331970496685e-01 -7.6661742883346881e-20
2 6.0612742757034828e-02 -1.0450135085027417e-21
3 3.8927954927009671e-02 -2.3752661002609383e-22
4 3.2758503531561338e-02 -2.4139709952243945e-22
5 2.8612663836452609e-02 -7.8711429016656601e-22
6 2.3377613694949086e-02 3.6700989597190810e-22
7 1.8657451115227121e-02 -1.9571484816591145e-22
8 1.4817755602562800e-02 -1.5211027946949500e-22
9 1.2011242474133974e-02 5.5514189584272312e-22
10 9.9657803842618138e-03 9.3950589463421823e-23
11 8.4577214858535376e-03 2.3812471022095331e-23
12 7.1857685636660812e-03 4.0604900663514595e-22
13 6.3221872500879720e-03 7.6877372231479920e-23
14 5.7140143647591724e-03 1.1790711976842657e-22
15 5.0373588441239127e-03 1.8023236585460848e-22
16 4.2677979217213211e-03 1.5614945480287216e-23
17 3.6097778464259963e-03 -1.0573823726411587e-22
18 3.2123330939403138e-03 2.6867535418555163e-23
19 2.9058801831730405e-03 -1.3683007600965998e-22
20 2.5935579158140811e-03 6.5458181197468655e-23
21 2.3928688346477856e-03 4.2327698402728947e-24
22 2.2642947465322727e-03 7.3754395539304239e-23
23 2.0263637799399657e-03 1.2920091862840743e-23
24 1.7663905622897116e-03 7.4675922511133647e-23
25 1.5334131378975996e-03 1.2458445241181622e-23
26 1.2809748425043896e-03 -6.5847728024038252e-25
27 1.1260882919115643e-03 -4.4503556491312450e-23
28 1.0184135909271511e-03 3.2173742505136893e-23
29 8.7098215693154216e-04 -6.8937961809138207e-24
30 7.3760582133554960e-04 -4.6331311885670437e-24
31 6.2690510273614595e-04 -4.8742285061173005e-24
32 5.4399402872747158e-04 8.4930359839552558e-24
33 5.0109193198257321e-04 -3.3374629609741134e-24
34 4.6032569547643673e-04 9.6189118606757956e-24
35 4.4279392510414333e-04 1.0227353469196527e-23
36 4.3994268955567501e-04 7.2745630030892554e-24
37 4.6428361188282854e-04 1.1522657505488968e-24
38 4.8362294879442731e-04 1.5073828152553053e-23
39 5.3886717717415518e-04 -1.8301791368886295e-23
40 6.2805731976114108e-04 -1.9628005547906929e-24
41 7.4792298901692298e-04 -5.7402841983659473e-23
42 8.4431277302530485e-04 -3.8901322470199105e-23
43 9.6130470132426110e-04 1.0563360486486392e-23
44 1.1475929524311789e-03 -1.3107459001738932e-23
45 1.4485282215224095e-03 -4.5070733353582907e-23
46 1.7653363578302281e-03 -2.6399942170071246e-23
47 2.0413728619874702e-03 1.2602606955330840e-22
48 2.3296222791996724e-03 -3.0601467826048063e-23
49 2.7248946217713027e-03 -2.4580018616348152e-24
50 3.2235996966326194e-03 -7.4141743133415903e-23
51 3.7759858507311075e-03 1.1315155120448918e-22
52 4.6444383956792722e-03 -2.2976319682742131e-22
53 6.1022724669666083e-03 -4.0245868554658938e-23
54 7.4295477308829695e-03 1.5493004625362033e-22
55 9.1814515427592457e-03 -9.4563777312036687e-23
56 1.1196943957175725e-02 8.6776600534056481e-23
57 1.2991650240960219e-02 5.2831444037557491e-22
58 1.4713091991935595e-02 1.0774187264990072e-21
59 1.6345061010045524e-02 -2.9562615610339065e-22
60 1.7819014908038219e-02 -2.6629569540437406e-23
61 1.8989683493673276e-02 3.5280639440748084e-22
62 2.1414141183989901e-02 -5.4256224489794133e-22
63 2.4888223158798246e-02 9.8365834828565994e-22
64 2.7676094727576442e-02 -4.1568640566834634e-22
65 3.0515304709136784e-02 3.3021160473257833e-22
66 3.3029593954328189e-02 -5.8680041619659663e-22
67 3.5675749799057833e-02 -1.1990296367688405e-21
68 3.9464031939300467e-02 -1.3795919054288630e-21
69 4.9039955611284124e-02 3.3220731130319119e-21
70 7.6463805746555563e-02 1.4410191055015386e-20
71 1.6760218141401179e-01 -4.4062204374540923e-20
