0 1.1602393768467949e+00 -1.0724734592317293e-19
1 1.5480938391117380e-01 5.7545609977274571e-20
2 6.5419956529213091e-02 -9.0192161799368934e-21
3 4.1386435038751591e-02 2.3267967964131020e-21
4 3.1456911491898866e-02 -1.1577727820476930e-22
5 2.4815764732647991e-02 -1.9840104090533458e-21
6 1.9141138225398077e-02 9.4597842204935882e-22
7 1.4442674554528863e-02 -2.6619600861927384e-22
8 1.2402893629337247e-02 1.3246701693701085e-22
9 1.1501629724900523e-02 5.2753935374730155e-23
10 1.0887418049474681e-02 4.2610973409472265e-22
11 9.7730061806313613e-03 1.1158579542563683e-22
12 8.5574777418547989e-03 -3.2402682030486602e-24
13 7.4237986706649503e-03 3.7854443730354945e-23
14 6.1919962282488174e-03 1.4250366937122616e-22
15 5.0637466767755584e-03 2.5294691763008442e-22
16 4.4627002110255512e-03 -1.8920593158325879e-22
17 3.9636528745788527e-03 1.0513149125155650e-22
18 3.4817233018958121e-03 2.9575217634885648e-23
19 3.3591506705859110e-03 -1.5102167531647978e-22
20 3.1589832975190061e-03 -4.9400451827262109e-23
21 2.7759175489199097e-03 -2.4358327882871912e-24
22 2.2630210334516829e-03 1.4982148579455317e-22
23 1.7329623848919718e-03 -3.1174114468526338e-23
24 1.3291555881321622e-03 -4.8549731015796867e-23
25 1.0681545655614215e-03 3.8452014135698960e-23
26 8.9255054149316973e-04 4.5228024228300521e-24
27 7.4647900645988350e-04 -4.3744233618190032e-23
28 5.9804276953358932e-04 -4.3990796469855101e-23
29 4.6776209727580420e-04 7.6921626935556984e-24
30 3.7808101197905626e-04 -1.4899368999524865e-23
31 3.2349346661942127e-04 4.6492841227684237e-24
32 2.9742834825301754e-04 -6.1841952440431551e-24
33 2.9524392213198513e-04 8.4447237840032359e-25
34 3.1902222093634379e-04 -1.4723867362566432e-23
35 3.6166319146530983e-04 2.3721759027648667e-23
36 3.7262537517588360e-04 -1.4519111676233777e-23
37 3.5493489787001212e-04 -5.3326039370218259e-24
38 3.6732605128576070e-04 2.3109694029141551e-23
39 4.1949108786844882e-04 8.3611522056795557e-24
40 4.5845434827710969e-04 -1.0963166779331468e-24
41 5.0487374285705698e-04 -2.8941254128954150e-24
42 5.7207052324314525e-04 -3.3807918194688842e-23
43 6.5726536065264737e-04 1.1055923274141898e-23
44 7.0322904663861429e-04 2.3965165738920127e-23
45 7.8284230454076203e-04 -4.1492921759361983e-23
46 8.9767207141399361e-04 1.0425426923371290e-23
47 1.0462166109584468e-03 -2.6019923112698967e-23
48 1.1911409408756812e-03 1.6908274155236833e-23
49 1.3761140438860145e-03 -1.1019939891216496e-23
50 1.6224870378901818e-03 5.0118170494123692e-24
51 1.8871389228296146e-03 -1.0739038577485374e-22
52 2.1670631827509558e-03 -9.8133985427753063e-23
53 2.5392567623985169e-03 3.8237752549665665e-23
54 3.0988768930863978e-03 3.2036521216760799e-23
55 3.8746094161540650e-03 -1.0250069427854874e-22
56 4.6221514032694496e-03 1.6521456867470902e-22
57 5.5452144817504873e-03 4.6209008755048725e-23
58 6.9343883244800180e-03 1.6450190677265133e-22
59 8.0747301018072922e-03 -4.8060534456506621e-22
60 9.1918287406811492e-03 1.4278944486752277e-22
61 1.0425094081881216e-02 5.0876162472490276e-22
62 1.2200253479813988e-02 3.5864262805151334e-22
63 1.4804282540765048e-02 1.6371551769078395e-22
64 1.7817216499656556e-02 5.8116929800843543e-22
65 2.1933356021273054e-02 4.6990037467855429e-22
66 2.5868565055750702e-02 -1.7118848500918715e-21
67 2.9434153714784170e-02 -5.9513258182822606e-22
68 3.4150210419639088e-02 -2.9383687601850255e-21
69 4.2194525722136382e-02 1.0986122523649166e-21
70 6.2616277248102245e-02 -4.2663050277383358e-21
71 1.5696133925828404e-01 2.7014653252292299e-20
