0 1.1762675980558377e+00 -2.9683205979489540e-19
1 1.5080782679722451e-01 6.1274910069114527e-20
2 6.4520645420322126e-02 -1.7933267697645199e-20
3 4.2005734260396423e-02 -5.5408106251195182e-21
4 3.1965601169556178e-02 -2.7593891680688655e-21
5 2.4783319387754868e-02 -1.0031394023888074e-21
6 1.9789765814284141e-02 -1.3096610716406525e-22
7 1.6035204562250119e-02 9.6360433786574433e-22
8 1.3622998410440117e-02 -2.3263765387229695e-22
9 1.0440126603133256e-02 3.5551426390070851e-22
10 7.6031619002018720e-03 2.0288238645067037e-22
11 5.7312132562306545e-03 9.9703645304581755e-23
12 4.5393503571713638e-03 1.8527952030908071e-22
13 3.6009848269353767e-03 1.5939277754330850e-22
14 2.9170934837368626e-03 -2.6940304689927309e-23
15 2.4254407982325660e-03 7.9551692108225270e-23
16 2.0451346540729370e-03 -6.6297864085090883e-23
17 1.7587003653072291e-03 -1.1188744982983716e-22
18 1.5075488801562626e-03 5.5669692028813669e-23
19 1.2880140035530804e-03 6.7100072010659814e-23
20 1.1489669937579986e-03 -4.3567519865460707e-23
21 1.0436049082209844e-03 -3.8748271557398782e-23
22 8.8727709494493593e-04 2.7565599119286186e-23
23 7.0698282697812637e-04 -1.1555333821905773e-23
24 5.4746156663099804e-04 1.1595102737475410e-23
25 4.4856240791639240e-04 -1.8007855304307498e-23
26 3.6501753195631009e-04 9.2019303559168106e-24
27 3.0063114426456784e-04 9.9356130397240972e-24
28 2.4408703253750715e-04 9.2473676844557129e-24
29 2.0578762445212767e-04 9.6253776796655971e-24
30 1.8124367879062986e-04 -6.6954023790550931e-24
31 1.6208349605051689e-04 5.8837701293881381e-24
32 1.4945272180959479e-04 -4.9268902236451316e-24
33 1.3685888067584560e-04 -1.2627813105650116e-24
34 1.2025322067824957e-04 1.6768927304956176e-24
35 1.1606378883642309e-04 4.9611865359713725e-24
36 1.2780115724141800e-04 -2.3041932882343719e-24
37 1.4150658284951611e-04 -5.2610967673891956e-24
38 1.4873214822563540e-04 -4.1799922725056344e-25
39 1.5346727464837827e-04 -1.1566411678546841e-24
40 1.6375682194143812e-04 -2.7746559639345328e-24
41 1.8432329451654680e-04 -8.5961835050543024e-24
42 2.0622364826289853e-04 -6.2069761470611966e-24
43 2.2358618290856715e-04 5.9691997844311041e-24
44 2.5005428247841142e-04 1.9772304754301543e-24
45 2.8754234357065945e-04 5.6796141491363534e-25
46 3.4341364321855756e-04 1.8097852638456466e-24
47 4.2442131314520580e-04 -1.3430922144035257e-23
48 5.3265760159272189e-04 8.6530496427495666e-24
49 6.3948549352386573e-04 3.2868737343003750e-23
50 7.6821340186548101e-04 8.9574303603675876e-24
51 9.1126683000078976e-04 1.9036137261804748e-23
52 1.1213226904680171e-03 3.1653707063098837e-23
53 1.3310927145214169e-03 -6.2198256688354051e-23
54 1.5550296307700827e-03 4.3147000654271945e-23
55 1.7830518080821729e-03 6.1674125024837114e-23
56 2.2166556295579328e-03 -6.8724937846571848e-23
57 2.9523828002908027e-03 -6.5878497278890279e-23
58 3.8259933499236462e-03 -6.6321298250032711e-24
59 4.9282014007912102e-03 3.6497000374244436e-22
60 6.0039400790704543e-03 -3.8653344921053457e-22
61 6.9814972825626501e-03 -2.8761934587823561e-23
62 8.1209263942622848e-03 1.6438551687911240e-22
63 9.3273978098043428e-03 -1.6384796056509441e-22
64 1.1031511597498059e-02 6.0255989679253439e-22
65 1.2949029724257252e-02 -4.5100586037556416e-22
66 1.4704126428131712e-02 1.8340653985996789e-22
67 1.7627630537487480e-02 4.0093512042939719e-22
68 2.2290950528783424e-02 4.1182898964479713e-22
69 3.2217574723341358e-02 -1.4317215385034153e-21
70 5.6469001422035515e-02 -1.5128207099774935e-20
71 1.5293057515917624e-01 7.9859514867106114e-20
