0 1.2729100063284853e+00 1.0034727922684513e-19
1 2.6444359973572562e-01 3.3269116662142710e-20
2 1.5534189162506151e-01 1.2234046621858218e-20
3 1.2365745379717651e-01 4.9055417686897983e-21
4 1.0975934087801034e-01 2.8775064787192441e-21
5 9.6147302273552004e-02 6.0474897202737536e-21
6 8.0836829852577105e-02 6.5272596726254853e-21
7 6.6814897008620977e-02 4.7746382525900808e-21
8 5.2309626029788683e-02 2.5512654680726482e-21
9 4.2481668065809941e-02 3.0369759933492351e-23
10 3.5519138260569461e-02 -5.8460479966802124e-22
11 3.0380608155734099e-02 -1.1862349507960193e-21
12 2.5577677362744407e-02 -9.7354156063108310e-23
13 2.1403881392316634e-02 -3.3238311622160973e-22
14 1.7515917686609143e-02 -3.1390138485333723e-22
15 1.3896171556974543e-02 5.3743117746009216e-22
16 1.1574434492271210e-02 1.2356568870828856e-22
17 1.0150114748205569e-02 5.6254601584062368e-22
18 9.0450407527344207e-03 -1.1539432616767784e-23
19 8.6850421009325735e-03 6.7512223413569099e-22
20 8.5757566360451856e-03 6.2830095850761219e-24
21 8.4180749679808927e-03 4.7852972540642768e-22
22 7.7905117005961210e-03 2.8879675531523603e-22
23 6.3369493666656706e-03 9.8117581042190181e-24
24 5.0150149683665006e-03 8.6220855245014613e-23
25 4.1415366999706113e-03 6.8907966568205592e-23
26 3.4264933268670929e-03 -1.1853601136037484e-22
27 2.8059686976021647e-03 -4.3104734615727269e-23
28 2.4114993180520371e-03 -1.1213002794306006e-23
29 2.1733500517546749e-03 3.3229209641753886e-23
30 1.9360028881984968e-03 -9.6775121152426690e-23
31 1.7171891751627179e-03 -6.6683309809644744e-23
32 1.4268599191907651e-03 4.6530165403147729e-23
33 1.1878518593416668e-03 4.8348074002049092e-24
34 1.0163882518117700e-03 3.1087238260829174e-24
35 8.8382479746756026e-04 -1.0801234598152076e-23
36 7.9377660326174226e-04 -1.2926572161744303e-23
37 7.6456673560407727e-04 6.0911804942660160e-24
38 7.8679580006087689e-04 -1.9678836106065910e-23
39 8.2017564044673625e-04 7.4554859531993028e-25
40 8.2230608960260753e-04 -1.5346103203146437e-23
41 8.3404383445434180e-04 -6.7368186377189014e-24
42 9.1611777852672088e-04 4.3004036344170032e-23
43 9.9897558889921632e-04 8.0602028829645485e-24
44 1.1100359518938893e-03 4.9764639771352016e-23
45 1.2956530470722106e-03 1.4732168080367546e-23
46 1.5304587496637800e-03 1.1808688293971329e-23
47 1.8462212989146176e-03 -3.6597672243997557e-23
48 2.2222887418006454e-03 -5.7364917288204083e-23
49 2.5886479317033420e-03 -1.0606258215072876e-22
50 3.1879876102156829e-03 -2.4506054560780495e-23
51 4.1399736471543465e-03 -6.6623953410263577e-23
52 5.4346063857706730e-03 4.6119753922556024e-23
53 7.0407242972377109e-03 -8.3860350352211498e-23
54 8.8828217560915409e-03 1.7854881567529049e-22
55 1.1470418883646931e-02 4.0587864797377008e-22
56 1.4586181262229459e-02 1.0386135736301714e-22
57 1.7088566360997860e-02 1.4958028108770470e-21
58 1.9723065932696845e-02 1.2987857568713256e-22
59 2.2718557168648280e-02 -1.1367711150927566e-21
60 2.5500247025323355e-02 -7.7943061170823072e-22
61 2.9597940527393313e-02 -1.1187866228791742e-21
62 3.3650509151352134e-02 -8.2681311769399675e-23
63 3.6972633615303688e-02 8.8708078505490453e-22
64 3.9340761914580434e-02 -4.5802868059836587e-22
65 4.3233254603277968e-02 -1.3629442636239770e-21
66 5.2654700909910514e-02 -4.2106978934548782e-21
67 6.6409830168244366e-02 1.1473720720056293e-21
68 8.1221573532270830e-02 -2.7956981728754183e-21
69 9.7360352022466748e-02 1.1402269359156642e-20
70 1.4199920258392373e-01 -1.4646993421571584e-20
71 2.6379807225493157e-01 -6.4609695033821764e-20
