0 1.1658631302148310e+00 -4.1959660681654353e-20
1 1.5083062145042270e-01 -1.3135878700918439e-19
2 5.4369187902694530e-02 -2.2133133296263409e-20
3 3.0305341764436399e-02 3.6654171815865501e-22
4 2.1014992392333162e-02 -8.5365543988025474e-22
5 1.6822150465653319e-02 -4.4980371160506178e-23
6 1.3356200810847221e-02 -5.4203961628800727e-22
7 1.0615213833103515e-02 5.0540581128830852e-22
8 8.9856789016266141e-03 3.2528250571525577e-22
9 7.7836532086342190e-03 5.4112438786606263e-22
10 6.4671567822643028e-03 -8.0451504429142247e-23
11 5.3702644686524229e-03 2.1924502562668451e-22
12 4.5501136258850822e-03 -6.4411666220775752e-23
13 4.0381248313249652e-03 -1.1791950703609639e-22
14 3.8302702427977006e-03 -1.6245257426077048e-22
15 3.5588246282124789e-03 1.9676048957808441e-22
16 3.0759921973677750e-03 1.2502724786504591e-22
17 2.6549224311736576e-03 5.4391316455668962e-23
18 2.2674860332715921e-03 1.0800177361498807e-25
19 2.0591281495152425e-03 1.2405605392852944e-22
20 2.0613099567882158e-03 -3.9590828251065315e-23
21 2.0016696994111043e-03 4.6407374779300757e-23
22 1.8222806520828774e-03 -5.0442162370836250e-23
23 1.6114125308041222e-03 -1.2337978445548411e-24
24 1.3887505158296052e-03 -6.1048776992529143e-23
25 1.2034714904650134e-03 -1.1130839611878312e-23
26 1.0771196649187109e-03 1.3947376813780498e-23
27 9.6765499623392823e-04 -7.1258196630437003e-24
28 9.0055204366624368e-04 2.1266720193396499e-23
29 8.6618257977679294e-04 5.3795440245867089e-24
30 8.2610149032403006e-04 -7.6035045398717259e-24
31 7.8730337164877810e-04 3.9947078345802918e-23
32 7.2640307279009690e-04 -1.9205051628965153e-23
33 6.3161998972210238e-04 3.8936586899474963e-24
34 5.9103463926998541e-04 1.7301813888948236e-23
35 5.8806021679060473e-04 -3.1765277250773008e-23
36 5.8336837246664608e-04 2.7842649481517268e-23
37 5.6138679025874211e-04 -2.7886885380416635e-23
38 5.4904048436457697e-04 6.4803936126741270e-24
39 5.3412602876983743e-04 1.2986028875832656e-23
40 5.2953861244139824e-04 -1.4749450461372732e-23
41 5.3291259514706083e-04 -2.3765763285359931e-23
42 5.3436037733718244e-04 1.1701750518869336e-23
43 5.5301116237413146e-04 -3.0570700752694424e-24
44 5.9502662955487212e-04 4.0568346869678309e-25
45 6.6227580102854594e-04 2.8701889972131896e-23
46 7.2343406855295900e-04 4.0877646978356847e-23
47 7.7331400445352846e-04 -1.5807391953388722e-24
48 8.5701989937301236e-04 -4.7461458944342837e-23
49 9.5637849335140066e-04 -1.2284234973374960e-23
50 1.0113955170490032e-03 6.2407636686681963e-23
51 1.0766980423237650e-03 -2.0786609617890002e-23
52 1.1766803190469768e-03 -5.6845262691827847e-24
53 1.3108464666911658e-03 -4.8990300668614364e-23
54 1.4254845368667406e-03 -1.6819244036263129e-23
55 1.5283377589534830e-03 2.8396788732740030e-23
56 1.6819919927547580e-03 -2.4895078464323290e-23
57 1.9938432044102113e-03 -3.3665667521610344e-23
58 2.5328062449510953e-03 -2.0054673694922255e-24
59 3.2155359342420820e-03 5.3560891618017969e-23
60 4.1283499361857434e-03 -6.3405852175192622e-23
61 5.1485604922776118e-03 5.4455924216711226e-23
62 6.1763565037967838e-03 3.0780788153592262e-23
63 7.2982435957053560e-03 -2.6538552998766273e-22
64 8.4791824362768341e-03 -3.5230071532935744e-23
65 1.0106569228857023e-02 -8.3622352729148251e-24
66 1.2150796201079063e-02 1.2197895720901478e-21
67 1.4948031079697456e-02 -1.9674726586191070e-22
68 1.8166275790291009e-02 3.0848862520230766e-22
69 2.4663440802123012e-02 -2.9648020352041779e-21
70 4.3375151244826292e-02 4.7994921846118388e-21
71 1.3589931247513415e-01 -1.1693420323306635e-19
