0 1.1354805180535654e+00 3.1007206269808204e-19
1 1.2751483885076279e-01 1.0745024368652668e-19
2 3.6500145526944479e-02 8.0988104025649538e-22
3 1.8518358913101069e-02 3.4578776596012913e-21
4 1.3081126941422395e-02 8.5853487101162326e-22
5 1.0494142423819464e-02 -1.2311448141068633e-22
6 8.9059011443662038e-03 5.0889354945962359e-23
7 7.2332575096415597e-03 2.9784847517266945e-22
8 5.8822309655270763e-03 2.6487792527710877e-22
9 4.6775962775816669e-03 -1.5547720612341584e-23
10 3.8288996280679654e-03 2.0190872782439308e-24
11 3.3176629726070972e-03 -6.0995803656813196e-23
12 2.8484166932267133e-03 -3.1995463606691088e-23
13 2.4165542241348127e-03 -6.7870908176983071e-23
14 1.9987741324147866e-03 3.9829998839278184e-23
15 1.7875495996362940e-03 1.3908027910178402e-24
16 1.6475858580125586e-03 2.6499703939284267e-24
17 1.4982728135933859e-03 -4.3380087301973670e-23
18 1.3401424203882460e-03 -4.9579796436355193e-24
19 1.1897918561524685e-03 -4.9260652197772848e-23
20 1.0039202147574255e-03 -1.1389592555474111e-23
21 8.5907335878272751e-04 1.9787450055677044e-23
22 7.3372634982599204e-04 3.0918945927133096e-23
23 5.9622110281885258e-04 2.8611214837092281e-23
24 4.8763652076513328e-04 2.0294412180302368e-23
25 3.9944979995306344e-04 -3.4609356655570825e-24
26 3.3302538957556948e-04 1.8311650966020171e-23
27 2.7828995282052076e-04 -4.8135880834774060e-25
28 2.2761346495244963e-04 -4.6005851085356836e-25
29 1.8646461089035825e-04 6.7428538118573681e-24
30 1.5722860279849163e-04 3.3716637636189746e-24
31 1.3455289705204939e-04 6.7678790179349887e-24
32 1.1645209309908540e-04 -4.8277259464804885e-24
33 1.0069325066467307e-04 1.8510191238859992e-24
34 9.1654741204174101e-05 -5.8326664668625342e-25
35 8.7341118945905483e-05 -3.1167170665069524e-24
36 8.5371465290273222e-05 4.1954449593022776e-25
37 8.3962346554662239e-05 -1.3313464924819135e-24
38 8.0844722611213339e-05 3.3192683002178547e-24
39 7.9514893197919610e-05 6.9937363873323601e-25
40 8.5363735628676994e-05 -7.7779055635470096e-25
41 9.6977884389966428e-05 -2.2937490401804421e-24
42 1.1156114938524389e-04 4.7625168145224467e-24
43 1.2581294827259182e-04 5.6598163957617808e-24
44 1.5118441398682969e-04 -1.7033148117104127e-24
45 1.8607267063852924e-04 -5.4190499992895574e-24
46 2.3062991789661325e-04 -7.6794360676638382e-24
47 2.8973347513801202e-04 9.6960538885333189e-24
48 3.5676695513643550e-04 -8.5652104657028473e-24
49 4.1610958456909605e-04 -2.7078685301967652e-23
50 4.7566328168913873e-04 3.3199118081585846e-24
51 5.2847817482381827e-04 1.5820391392986233e-23
52 6.0021352866621632e-04 7.0112688810770198e-25
53 7.2735313144219385e-04 -2.6709513736680776e-23
54 8.8133245371235216e-04 -4.5439480158119544e-24
55 1.0401019318800428e-03 1.7357577571828612e-23
56 1.1961551917029477e-03 2.8325279846286287e-24
57 1.4108501028095096e-03 9.3418346071927959e-24
58 1.6776956075081975e-03 6.0641333728101642e-23
59 2.0063962870126087e-03 -4.6537849068511707e-24
60 2.4119129397971264e-03 -4.3484539820486723e-24
61 2.9438437247886525e-03 1.0475339329699689e-22
62 3.7578880644617459e-03 -1.5952284221802131e-23
63 4.6713443160291968e-03 4.5533137595867267e-22
64 5.6907315310042112e-03 -6.2958283231937218e-23
65 7.0450627337305342e-03 7.9874943570773856e-23
66 8.6129096968038145e-03 -2.0123487825694256e-23
67 1.0033514605117118e-02 -3.5369600274248156e-22
68 1.2257810453733198e-02 -5.2982792478932491e-22
69 1.8788977681295057e-02 2.4208914502103888e-21
70 3.8808618260962748e-02 5.2373292313510431e-21
71 1.2872653496939157e-01 1.0569575886005316e-19
