0 1.1473831405928587e+00 1.7254963462061168e-19
1 1.4678362256238817e-01 -1.5280962232833569e-19
2 5.1999902100051863e-02 -6.2001971528480243e-21
3 2.9022774083093089e-02 4.6612666270029220e-21
4 2.1213864049630965e-02 -1.0710525277099574e-21
5 1.6869069455191184e-02 1.6813078382612853e-22
6 1.3857333601677905e-02 3.6355091707110176e-22
7 1.1920090672235794e-02 -1.3221565692504765e-22
8 1.0879687062346989e-02 2.0303787073278057e-22
9 9.4480306624995167e-03 1.3401918643681945e-22
10 7.9691197663540672e-03 -3.0637035355176087e-22
11 7.2555789179240826e-03 2.9528749801998859e-22
12 6.5316458680062667e-03 -4.1985044133953166e-22
13 5.4958473963892538e-03 2.7400409060544766e-22
14 4.3740222209720956e-03 -6.5987543648314062e-23
15 3.4221415897451369e-03 -8.8416072061967274e-23
16 2.7032521412884958e-03 -5.2314148157455778e-23
17 2.2259523603889763e-03 -3.9853446932346273e-23
18 1.9627415009742248e-03 1.7579413138620422e-23
19 1.7729529413342429e-03 -4.6681632862017448e-23
20 1.6093796254237525e-03 -7.9437036713661717e-23
21 1.4684284246632181e-03 6.4617278546052774e-24
22 1.3409610965416188e-03 -9.2096092566597301e-23
23 1.2158211101361404e-03 5.9515737364566250e-23
24 1.1104393183405080e-03 4.5236405560360316e-24
25 9.8720632300428610e-04 -2.8298398567196380e-23
26 8.8396290466848527e-04 1.1942356302952092e-23
27 7.9823098321330041e-04 2.6333402024991090e-23
28 7.3225751575898646e-04 1.5233574124655242e-23
29 6.7607255523100332e-04 7.4477018723887705e-24
30 6.4232081445520883e-04 -1.4968582561433585e-23
31 6.2756723180541665e-04 1.1624454755248660e-23
32 6.4480681986265264e-04 2.0899782522704886e-23
33 6.7501254611982981e-04 1.7220061947109974e-24
34 6.7866427221567052e-04 7.3978672383627793e-24
35 7.0362047280252008e-04 5.0828994849883251e-23
36 7.5131952500227079e-04 2.3972700613211176e-23
37 8.4181072690918727e-04 2.1110260922105266e-23
38 9.9972052920230064e-04 -4.9895150670895425e-23
39 1.1768668878787446e-03 -8.3104601459200507e-24
40 1.3764669401292934e-03 -4.2697855178204997e-24
41 1.6529650514575289e-03 1.2025301455851447e-22
42 1.9502376535239644e-03 1.1731263767263283e-22
43 2.1177671778938841e-03 1.1423964615200386e-22
44 2.1527443671882510e-03 -9.8169748407088467e-23
45 2.1598265008212960e-03 7.6610952792880530e-23
46 2.3585161322811962e-03 3.7145643016937200e-23
47 2.7065415665443694e-03 6.7410300809847023e-23
48 3.1140531434337352e-03 -7.4106437047428334e-23
49 3.7659808954267110e-03 3.3058167429184958e-22
50 4.8337802249176160e-03 -1.9935200014566894e-22
51 6.3514623118506924e-03 3.4042235366577746e-22
52 8.0669122525157157e-03 -4.8463890469891904e-22
53 1.1052491879858141e-02 7.6396968995578365e-22
54 1.3530179962887539e-02 1.4383229274678903e-21
55 1.1597501956813330e-02 -7.9271637002848500e-23
56 9.4140824059158138e-03 -3.4415667533030124e-22
57 8.4504072974200678e-03 -2.7236354172151320e-22
58 8.0671541713842245e-03 4.3841864560380812e-23
59 7.8758521275777080e-03 1.0362677940467863e-22
60 7.9680187074693890e-03 -5.8059394198909842e-22
61 8.0407604710962151e-03 -1.1102626547817308e-22
62 8.3021009775582980e-03 1.4954917167988730e-23
63 9.1926931267356064e-03 1.2269521662499655e-22
64 1.0605917239355797e-02 1.3995992902367973e-23
65 1.2107608468438622e-02 2.8036931614093646e-22
66 1.3946010285766806e-02 -5.3864427357684768e-23
67 1.6360446232848380e-02 -1.2283436169249995e-22
68 2.1204096009376661e-02 6.2561210433968610e-22
69 3.0917492554371810e-02 2.5621348284242634e-21
70 5.1538521705265489e-02 -5.9219127323817775e-21
71 1.4123729834549290e-01 -2.3003077748744262e-19
