0 1.1751486673309806e+00 2.7765644804101100e-19
1 1.5267938773064085e-01 -2.6376210094724406e-20
2 5.8180270390551868e-02 -1.3351905393802016e-20
3 3.4995740016357336e-02 4.3897894352474427e-21
4 2.6064694265707806e-02 5.5715925476467384e-22
5 2.2117620037762312e-02 1.1651539076939961e-21
6 1.9246229455690128e-02 6.1616405806735251e-22
7 1.5840665477921654e-02 -1.2956859969812267e-22
8 1.3115726834540983e-02 3.2323819766523469e-22
9 1.0569373862007431e-02 9.2054313514771281e-22
10 8.4564019932836347e-03 -6.2409625773454694e-22
11 6.6185719797658936e-03 2.6278361419577687e-22
12 5.1924330155514445e-03 -2.2692586979298506e-22
13 4.1041118268178309e-03 -7.6210435307192436e-23
14 3.3287834242470143e-03 2.6947111821654599e-24
15 2.7290128556755264e-03 -6.9831805562187810e-23
16 2.1947489464460832e-03 3.9649884806658727e-23
17 1.8011378399181302e-03 1.1511284931687251e-22
18 1.4773656722959379e-03 -1.1855842025070106e-23
19 1.1852796773037734e-03 -2.2847161244240167e-24
20 9.8644501542276253e-04 2.3786900754647339e-23
21 8.3246746438654998e-04 -1.0943256395899261e-23
22 7.1145299268371236e-04 -4.4752819309535915e-23
23 6.2679402873618256e-04 1.6163714554004618e-24
24 5.6034482518117887e-04 -1.2993420712424390e-23
25 5.0279948279450864e-04 6.1274099636834413e-24
26 4.4631671048589070e-04 2.0084437775529272e-23
27 3.8913711652205238e-04 -1.1416710939610289e-23
28 3.4060816454354736e-04 -7.8136471359455145e-24
29 3.0470135341692143e-04 -7.8548362410848133e-24
30 2.7251621664753242e-04 1.6102395765040879e-23
31 2.4776875122979928e-04 -1.4312858610773469e-24
32 2.3990108290269284e-04 -6.3737798261292461e-24
33 2.4824119010710954e-04 -8.0326982673070053e-24
34 2.5986253325445006e-04 -1.2009941646635781e-24
35 2.7040426823844688e-04 -7.2592579253272286e-24
36 2.9379512426198939e-04 4.7984161076523505e-24
37 3.2118547068316539e-04 1.1211400705974419e-24
38 3.5478969858950530e-04 -1.2745247986217014e-23
39 4.1580622028726885e-04 -1.3606585760798048e-24
40 4.9505456905796967e-04 -1.7074020427592848e-23
41 6.1778747525856347e-04 -1.1481901778801400e-23
42 8.0353454142274578e-04 -1.1404466560666874e-23
43 1.0352767281859218e-03 -1.4307218590681587e-23
44 1.3528624277491992e-03 1.7184499343556846e-22
45 1.7087094571827262e-03 6.2194804715879024e-24
46 1.9558362542162516e-03 1.0755795789053244e-22
47 2.1364840759414551e-03 -1.7521265181879146e-22
48 2.3289490535158839e-03 -7.7375658221412661e-23
49 2.5503649347838591e-03 9.8757736249077233e-23
50 2.7468354751123418e-03 -1.0726225353442627e-22
51 2.8638684668762199e-03 8.8612548850046962e-23
52 2.9288072526274622e-03 -1.8325912223461931e-22
53 3.0584908514697516e-03 -5.5744902625643878e-23
54 3.2823587008178482e-03 -8.1502697008365010e-23
55 3.7888482677462905e-03 -1.3558940754951702e-22
56 4.4324881705731824e-03 -1.3053297144628705e-22
57 5.1418653433835766e-03 1.1167549329365697e-22
58 5.9527075360646161e-03 -1.5771662311410278e-22
59 6.9524025852978674e-03 -2.7770848536304607e-22
60 8.0256775477542935e-03 5.2672301344016823e-22
61 9.4699749429420794e-03 1.8958293696414787e-22
62 1.1027522199100076e-02 -4.9325147292927621e-22
63 1.2809694669751988e-02 -5.3014760044767291e-22
64 1.4847283656696558e-02 -5.8012909359654988e-22
65 1.7208350217786213e-02 -1.0448062287476623e-21
66 1.9433502276942655e-02 3.4348932778687392e-22
67 2.3182760159140187e-02 7.8543723607807974e-22
68 2.8858159650328046e-02 -2.2410102802069294e-21
69 3.9076610883959285e-02 6.6832121713415167e-22
70 6.3805905827552925e-02 1.8111967751825721e-20
71 1.6135328499955717e-01 1.4476559693673787e-19
