0 1.3180915026986253e+00 -3.4150497399928861e-19
1 2.0709045387525979e-01 -8.1923331278341393e-21
2 8.7357769198522672e-02 -3.1830838330317091e-21
3 5.8239000173824489e-02 2.1466154204205728e-21
4 4.7781420059457770e-02 2.3249128570256471e-21
5 4.0249663271634102e-02 -2.3314735861281231e-21
6 3.2394641529055114e-02 -3.3382826141078089e-22
7 2.6470221372729787e-02 -1.4754726588416853e-21
8 2.1252867005748459e-02 -9.1146737708228586e-22
9 1.6496855808323906e-02 -3.4786111282811243e-22
10 1.2996079117843732e-02 5.3851437226536118e-22
11 1.0615919477632109e-02 1.8786931244830591e-22
12 8.5421101046886695e-03 5.0509533305291968e-22
13 7.0557669863027857e-03 -1.1382968129666261e-22
14 6.2810086101435895e-03 1.0309659029087834e-22
15 5.7051660864050292e-03 4.0201775855453517e-22
16 5.1051160675272015e-03 5.6153174828900965e-23
17 4.5383800290886888e-03 -2.3863570077012714e-23
18 4.0283032513926745e-03 -3.6592631384724212e-22
19 3.4651865118771048e-03 3.8080454488516620e-22
20 2.8950655079713703e-03 -1.4530791941077771e-22
21 2.4856112697368214e-03 -1.2301088334737725e-22
22 2.2179509943500699e-03 -2.9587982270215562e-22
23 1.8074924937665803e-03 7.6005495786873703e-23
24 1.4078118341209330e-03 -1.8905445193572625e-24
25 1.1823028419568724e-03 4.5984973860905431e-23
26 1.0851044997445497e-03 -2.1863110706850047e-23
27 1.0390857077356812e-03 -1.2395469509234143e-22
28 9.1427173587655666e-04 -1.6463031709412367e-23
29 7.3470733171763548e-04 -7.3525937823925615e-23
30 6.4185670203330833e-04 1.3035287336891460e-23
31 5.7924871678544532e-04 -3.1805738893981235e-23
32 5.6395356911622849e-04 -3.1919116182268374e-24
33 5.5193416486146141e-04 2.8650331222370894e-23
34 5.1594806203763622e-04 -5.3995972321312471e-24
35 4.7643390771527470e-04 -1.5592977639156973e-23
36 4.4263764498692228e-04 -4.8652638389769017e-24
37 4.0867591000377920e-04 2.8286940967695603e-24
38 3.9576203911625637e-04 9.8742465752279859e-24
39 4.1283717435645873e-04 -3.9344740872887785e-23
40 4.5103612691188783e-04 -1.3196289622318937e-23
41 4.9228588664368520e-04 -3.3642236896216826e-23
42 5.5537994167608276e-04 -4.3756728577468783e-23
43 6.3718871074066393e-04 -1.0493186016008010e-24
44 7.3802078188236282e-04 2.5980551275997723e-23
45 8.6940173448544892e-04 7.2761773343662170e-24
46 1.0268737465361148e-03 -5.2924225971611314e-23
47 1.1857299265150272e-03 3.2060055033371404e-23
48 1.3794601665055907e-03 5.3895789739170328e-23
49 1.6027682072557723e-03 6.6021042236669140e-23
50 1.8779022123311517e-03 7.2987089514803391e-23
51 2.1962338859911343e-03 6.3132298449753750e-23
52 2.5309510730572734e-03 -6.3658079637498553e-23
53 2.8886185568872897e-03 1.1891625543411290e-22
54 3.3242387012342007e-03 -1.1141217964040522e-22
55 3.9955733580892281e-03 -2.4304450880995968e-23
56 4.7876892963936600e-03 2.6123036389271039e-22
57 5.6439947269750265e-03 1.4392551482859853e-22
58 6.8086953342886671e-03 -3.3462645361238758e-22
59 8.3734531894248763e-03 -3.0279246965033517e-24
60 1.0761470412417642e-02 -3.7683383192452033e-22
61 1.4143080733101660e-02 3.5342299793912969e-22
62 1.8626684118630180e-02 1.1319655255694103e-22
63 2.3607362422833005e-02 -2.7496340042489305e-22
64 2.8612613644846852e-02 -6.8253908843894590e-22
65 3.2787188293390557e-02 9.2794803401020312e-22
66 3.5944413114809268e-02 2.4762380856609743e-22
67 3.8356476008932099e-02 -8.5050891542480908e-22
68 4.2497428083138937e-02 -2.5981555705876989e-21
69 5.3378998576883122e-02 -1.7559787123403141e-21
70 8.0283602867962003e-02 -5.7709037171484288e-21
71 1.7310928387693159e-01 1.6288854823134897e-19
