0 1.1431199709729407e+00 2.4450134894724483e-19
1 1.4584983896316220e-01 8.9442035313397975e-21
2 5.5058373153923375e-02 1.9398387998695830e-20
3 3.3256728853028009e-02 3.8697901447506207e-21
4 2.3011217637737079e-02 9.6337520671249067e-22
5 1.6860799424114697e-02 -7.9352860615876628e-22
6 1.3311077569437831e-02 6.1502170235959244e-22
7 1.1063141861146519e-02 -5.9722643860149965e-22
8 9.5099082196358157e-03 -7.2548784689619061e-23
9 7.9241193883154686e-03 -1.8383792717892420e-23
10 6.5190803054617765e-03 -9.3433155338195155e-23
11 5.5036799181596785e-03 9.3895463560534171e-23
12 4.6794757653086114e-03 -3.7261084956260636e-23
13 4.0026957618102934e-03 1.1927402593609634e-22
14 3.5406274615913621e-03 -3.7870397651290723e-23
15 3.0237740627081819e-03 9.7231863455905644e-23
16 2.4748391276957771e-03 -6.9810636527210257e-24
17 2.0789121371280559e-03 -6.0487458532339031e-23
18 1.7979690246234738e-03 -4.4483287056961230e-23
19 1.5602924717721988e-03 -1.5308441436630647e-23
20 1.3169850003886172e-03 -2.9881474107276335e-23
21 1.0859736494903819e-03 1.1131535395418008e-23
22 9.3876221401705928e-04 -4.5209065570458437e-23
23 7.9603920581836887e-04 5.7791564111194608e-24
24 6.1946584854386184e-04 1.8671913593802347e-23
25 4.6787137080098976e-04 9.1959806695505041e-24
26 3.7085142783952629e-04 8.7038600360413784e-24
27 2.9856832794541261e-04 6.8292092135467315e-24
28 2.6051053442719514e-04 -6.4995160051692150e-24
29 2.3345466105962332e-04 5.0632091158561945e-24
30 2.1698606491516082e-04 -5.4729254210992804e-24
31 2.0439837261461498e-04 7.6960184351392590e-24
32 1.9286626624959833e-04 -1.5343345112195326e-24
33 1.7856403529451176e-04 -1.9938587826275102e-24
34 1.7563159580446207e-04 -8.4892957873824770e-25
35 1.7601731065917657e-04 -2.7771677015234381e-24
36 1.9908478851119582e-04 1.6137640851443512e-24
37 2.4565793274741851e-04 6.0635139624616443e-24
38 2.9189308537485540e-04 2.0641431667406886e-24
39 3.4907399555732314e-04 1.4046426362531638e-23
40 4.0890806238788949e-04 -2.1746487496324738e-24
41 4.5973416178064303e-04 -1.3690164997704711e-24
42 5.1531239372511293e-04 1.0945696577732400e-23
43 6.0386434542875826e-04 5.0928654421840062e-24
44 7.3079010578092323e-04 2.7303206122527070e-23
45 8.8581266486887310e-04 -5.4530319075690001e-24
46 1.0717690135467711e-03 -4.8255274171777400e-23
47 1.3226022913849838e-03 1.3771977836563114e-23
48 1.6626094929385723e-03 -3.4433352468073633e-23
49 2.0290154736401821e-03 -6.6949853887263304e-24
50 2.3731199179909219e-03 -6.3358796345529052e-23
51 2.8365006498229858e-03 3.1677678199894842e-23
52 3.4196790731958527e-03 -5.7724345659215893e-23
53 4.2100974931729308e-03 -4.3084479331236188e-23
54 5.1852180016520076e-03 -6.8006825021981078e-23
55 6.4953385942448033e-03 1.3760975990472952e-22
56 7.9263585279897002e-03 -1.3694226259475853e-22
57 9.2477228190016147e-03 3.5660080203756725e-22
58 1.0416487698606159e-02 6.0714007348727569e-22
59 1.0762678069123142e-02 2.9111620204902228e-22
60 1.1239051638163479e-02 -4.5356225443477873e-22
61 1.1989940753056269e-02 1.9640708997456651e-22
62 1.3019716353673343e-02 7.6059824663321419e-23
63 1.4233146325704672e-02 -8.6008481849378092e-23
64 1.5794449495643174e-02 -8.2661043743444666e-22
65 1.8150320165105850e-02 -9.4714851855574349e-24
66 2.1489779107487179e-02 -1.0971382644195223e-21
67 2.7340230454575530e-02 4.1093039647156959e-22
68 3.4093773411884160e-02 1.1346798901992453e-21
69 4.2787795235904272e-02 -2.1321714079231071e-21
70 6.3663773932074633e-02 9.6411378576723611e-21
71 1.5119257671100372e-01 -1.3670913650316299e-19
