0 1.1270640462539541e+00 3.9344038354673618e-20
1 1.3543046508339740e-01 1.0588192072998144e-19
2 4.9217894694668987e-02 1.0239940674777885e-21
3 2.8119176755663153e-02 7.8914832509356010e-22
4 2.0836380975408988e-02 -7.7521551019180304e-22
5 1.7220170929271788e-02 -2.2470862945761906e-23
6 1.4444303946477518e-02 1.3358254931622653e-22
7 1.2320305763304708e-02 4.7775415850604013e-23
8 1.0781417573025772e-02 1.0267954815143653e-23
9 9.3597708545749333e-03 2.9769849570845527e-22
10 8.0328303491186796e-03 -1.2368741465677480e-22
11 6.9330705517653326e-03 7.1076214461638427e-24
12 6.0081706277157537e-03 1.0700796638290404e-22
13 5.0817428353675323e-03 -1.3763058683655816e-22
14 4.0704458478763748e-03 -5.5788589098643891e-23
15 3.2574818484958205e-03 7.4094570981543474e-23
16 2.6074052401669112e-03 -2.5549674737489579e-23
17 2.1762933901266750e-03 2.8371920908392910e-23
18 1.8267698039752080e-03 8.3698469441687496e-24
19 1.5404983490974133e-03 5.8240970283234654e-23
20 1.2751350141225165e-03 -2.4215206526673554e-23
21 1.0648897348916663e-03 3.7148207487867493e-23
22 8.9753573093099333e-04 1.9642809150102652e-23
23 7.6769195091651147e-04 -1.8260745176339522e-24
24 6.6043976783105804e-04 2.6621138446658014e-23
25 6.2658900340861767e-04 1.8601428214359548e-23
26 6.2031314799495900e-04 3.5507444425986073e-23
27 6.1921893042844907e-04 -2.6441468041445157e-23
28 6.0160388676771832e-04 -2.7591556001115564e-23
29 6.1182614185186618e-04 -5.3312183145114128e-25
30 6.5660447574782067e-04 -9.7502991822669727e-25
31 7.3295880276937086e-04 -1.4222964515158295e-24
32 7.5381703395944967e-04 2.0465828031711587e-23
33 7.6025412958052635e-04 -1.7674198436221593e-23
34 7.6401620001265288e-04 9.0209327892804869e-24
35 7.4840224510164743e-04 -2.0581358479190258e-24
36 7.1933541814564038e-04 -5.0928962571427958e-23
37 6.9979194946238605e-04 -8.5205478662726141e-24
38 7.0964525212423974e-04 -3.6335201904322627e-23
39 6.7322528220627653e-04 -2.5679936313679419e-23
40 6.2682970739429481e-04 2.2229693465287858e-23
41 5.7896891161620995e-04 -1.7645168679513144e-23
42 5.3229859380226057e-04 -3.4415400687425195e-23
43 5.1996784884122624e-04 1.1472449593673120e-23
44 5.3708889015282191e-04 1.0168409157755082e-23
45 5.5875297162511287e-04 1.7099186355417311e-23
46 6.1468003395674620e-04 1.0386512496679714e-23
47 7.5285773755386803e-04 -6.9478711309770243e-24
48 9.1560506178474496e-04 -8.6455901787139918e-24
49 1.1606488833354682e-03 -4.6732784995986747e-23
50 1.4746656765580934e-03 4.0959175558380312e-23
51 1.8037465767805944e-03 -4.4818310216925911e-23
52 2.0802418849997983e-03 -2.9535722274464088e-23
53 2.4749028584844022e-03 2.2753536191240146e-23
54 2.9076704018607003e-03 -4.5220067142124946e-23
55 3.2888271268653639e-03 -7.1348307357914793e-24
56 3.8001787351538783e-03 1.6916689686386862e-22
57 4.4188560704969664e-03 -1.3246206289832906e-22
58 5.1985433228167984e-03 -6.2305677612372840e-23
59 6.5153018502605627e-03 3.7808360297964190e-22
60 7.8578051838133975e-03 -5.4038622749706402e-22
61 9.0050344435544279e-03 -5.0250877048001311e-22
62 1.0282992263313924e-02 9.9263884960380537e-22
63 1.1789263193725905e-02 -2.0876799432177577e-23
64 1.3500695230904402e-02 2.2391055425699719e-25
65 1.5933610754103867e-02 -2.8089885220046931e-22
66 1.9020379100279275e-02 -1.7668916182209781e-21
67 2.3025957610366604e-02 -1.0238119715986978e-21
68 2.8509278481974282e-02 1.3368364476594384e-22
69 3.4971984553775842e-02 3.4367118923842544e-21
70 5.3395713447755608e-02 1.7360051057439292e-20
71 1.3757646672887797e-01 1.2237525065006440e-19
