0 1.1541852258415397e+00 2.4378765363544120e-19
1 1.3135095251984816e-01 -5.3412818673801440e-20
2 3.5606289662305751e-02 3.5564362034139115e-21
3 1.6985695741696973e-02 -1.9091144135252879e-21
4 1.1512002205829172e-02 -4.1034375904455996e-22
5 8.7807837795615441e-03 5.4240556893840653e-22
6 7.4002197603960018e-03 -4.0219199632348573e-22
7 6.3647819264413524e-03 1.8537241841016444e-22
8 5.3275691108807602e-03 -2.0183856549998768e-23
9 4.6301571871901689e-03 -7.9216769188450824e-23
10 3.9821246160237304e-03 3.1091658950689984e-22
11 3.3895945028336195e-03 -5.2551609652222905e-23
12 2.9095834545973340e-03 -1.8953451354943401e-22
13 2.4822119143372264e-03 -1.5458910081470325e-22
14 2.1425680744885413e-03 6.3048898019739913e-24
15 1.8754084473745338e-03 -6.3121525653222364e-24
16 1.5961145820461813e-03 -6.5132326562423728e-24
17 1.3999169992204993e-03 -7.0973001767235847e-25
18 1.2467429208026842e-03 9.0480773515471241e-23
19 1.0799781392207737e-03 3.8191912048229626e-23
20 9.3470122219035088e-04 3.2843205010700699e-23
21 8.1944375100349073e-04 3.7595306880149352e-23
22 7.5958997099961055e-04 8.1131577170264209e-24
23 7.0595986250105206e-04 1.5952730859459874e-23
24 6.3453986237978178e-04 -7.3030203071260698e-24
25 5.6747620022238210e-04 -1.2212811768943620e-23
26 4.9156493015395451e-04 -4.7976196015208902e-25
27 4.1823278029646101e-04 8.9775442189796568e-24
28 3.7102008316227856e-04 5.4236254711713755e-24
29 3.2981931700136501e-04 -1.3630181074414794e-24
30 2.9349637872057950e-04 1.0474121107867588e-23
31 2.6778534943812984e-04 1.1719045152764076e-24
32 2.5222635044882559e-04 -1.7183721496229705e-23
33 2.4418326882705234e-04 1.3382714199717924e-23
34 2.4456128380625174e-04 4.9848956779859394e-24
35 2.3966905194399153e-04 1.8638412043010934e-24
36 2.3946367907425896e-04 1.5552078111824940e-24
37 2.4673590184998232e-04 -4.6969683103594280e-24
38 2.6081015073542050e-04 -1.6348491557195968e-23
39 2.7168140955842387e-04 7.0164855230976107e-24
40 2.8559156449704077e-04 1.9097255520115935e-23
41 2.8504203097626815e-04 8.4573479547883800e-24
42 2.7440816826915053e-04 1.3972248266064297e-25
43 2.8028815908535151e-04 2.3621071804804007e-24
44 2.9911100528634511e-04 8.4090343502483650e-24
45 3.2753882702983735e-04 -1.3975418098298270e-23
46 3.6469668353167085e-04 -2.3390342976270712e-24
47 4.0580035018359008e-04 2.2664982417200498e-24
48 4.3851815462006360e-04 1.5450873164272149e-23
49 4.9112390153284598e-04 2.3974733892693539e-23
50 5.7015937637881450e-04 1.3325812679609676e-23
51 7.3324284042654861e-04 1.3560990249841925e-23
52 9.8109965871865236e-04 1.6623812247337927e-23
53 1.2702397251373070e-03 -8.4353443073294547e-24
54 1.6080213860098626e-03 1.4052505445627421e-23
55 2.1047169482848399e-03 6.6638906268215333e-23
56 2.7242435712196960e-03 -4.6537229956652373e-23
57 3.3094165109275892e-03 1.0742775366740811e-22
58 3.7603674684637059e-03 -3.0739972015769102e-23
59 4.1930189480370531e-03 9.2554750332225192e-23
60 4.5004140401248786e-03 1.9448620122750041e-22
61 4.6220226793285916e-03 5.2315443145703290e-23
62 4.5747870150861774e-03 6.6640896074840162e-23
63 4.6593224361471076e-03 -2.1119532386454663e-22
64 4.9915869206909663e-03 2.1970451163888156e-23
65 5.5795536885749645e-03 -1.5983165500263869e-23
66 6.6178524146603638e-03 -4.0917377138995976e-22
67 8.7046873999998744e-03 -7.3065464908349522e-22
68 1.1993932408148399e-02 6.0397550739482811e-23
69 1.8379361320585350e-02 -3.0961128328930459e-21
70 3.6135867676970669e-02 -8.4096546824448687e-21
71 1.2164648468180583e-01 5.5735953324841129e-20
