0 1.1973609863718315e+00 1.8881574888554318e-19
1 1.7902723336105447e-01 5.4046129804106516e-20
2 6.2187904793841092e-02 2.6655538223642566e-20
3 3.3984135072721543e-02 3.1569541452897541e-21
4 2.4678961295334534e-02 1.0948751786257350e-21
5 1.8812799327423378e-02 -3.1100143050246314e-22
6 1.3353601331628665e-02 -8.0176729663617555e-22
7 1.0031692314045168e-02 -2.6296561115704119e-22
8 7.5521221120379697e-03 -1.0156730834639208e-22
9 6.0023093156990944e-03 -1.2512890639339352e-22
10 4.7829783202298342e-03 7.0873659869854792e-23
11 3.8433149587932683e-03 6.3281465357518916e-23
12 3.2315434954102561e-03 3.0510305613354093e-23
13 2.8063595367460352e-03 3.3757929182219429e-23
14 2.4317698478732402e-03 7.9170582263139235e-23
15 2.1008068661752780e-03 -6.3651215619948379e-23
16 1.8050202136202374e-03 -5.7479950690639040e-23
17 1.5587901383797322e-03 5.4366856682203055e-24
18 1.3520846620337021e-03 -7.6093291220774412e-23
19 1.1637660811009730e-03 2.4872329356942144e-23
20 1.0036696882391241e-03 2.2453604759179430e-23
21 8.6092448733878022e-04 -2.1303521727596644e-24
22 7.5723712648234317e-04 1.1887334928143225e-23
23 6.4903105927675310e-04 1.2360171454332129e-23
24 5.6385971331247094e-04 7.3185941652481153e-24
25 4.7834599648703652e-04 1.0011674797492383e-23
26 4.1081178029291759e-04 -1.8802194151403459e-23
27 3.5946375920323275e-04 1.5387075538160243e-25
28 3.1467082987430580e-04 -3.8846464431981473e-24
29 2.7634332333651888e-04 -2.1246799151182221e-24
30 2.4663152504089220e-04 6.9882469214894657e-24
31 2.2231167887729584e-04 3.9728212053197642e-24
32 2.0923899706750144e-04 -1.2615566338578711e-24
33 2.0126635763444977e-04 -2.0284292431219588e-24
34 1.9800371087597403e-04 -4.0903510454820105e-24
35 1.9883236147582467e-04 -6.4747808242441795e-24
36 2.0069523332121432e-04 7.4915815721567126e-24
37 2.1139422222963831e-04 -2.6534533174845590e-26
38 2.2442375151953103e-04 -5.4195754158081866e-24
39 2.3662978826381983e-04 7.5729228551797379e-24
40 2.6115000839738801e-04 9.5795803878476969e-24
41 2.9539748049198125e-04 -9.6008820807592257e-24
42 3.3361133124983110e-04 1.3833855063090283e-23
43 3.8085056328972358e-04 -8.3658691216459498e-25
44 4.3925324827683493e-04 -1.1460890503468806e-23
45 5.1170338280384609e-04 -4.0396197692159260e-24
46 6.3433729372138468e-04 1.9597550136373286e-23
47 7.8895177974909198e-04 2.8863358127435088e-23
48 9.9890857558888467e-04 -5.9598137600538321e-23
49 1.2702084298898172e-03 -2.9837206808363102e-24
50 1.5794856857702317e-03 -2.8210598091284629e-24
51 1.9581609710713093e-03 -8.1981363978096581e-23
52 2.4017599865175316e-03 -4.8399603001313309e-24
53 2.8501124727223675e-03 -2.6164321680276120e-22
54 3.4444188594824079e-03 5.8402162872147909e-23
55 4.1083335012469949e-03 -5.8526081403087824e-23
56 4.8830432409599101e-03 -6.7721219242233588e-23
57 5.8395802345573792e-03 -2.3976105679435838e-22
58 6.6884159982664067e-03 -8.8274017788858485e-23
59 7.7080081660587879e-03 3.8800014183258811e-22
60 9.0329822122725834e-03 -1.3092930300476279e-22
61 1.0529900985159218e-02 7.6700837780842571e-22
62 1.1845068777370762e-02 5.9242241455311377e-22
63 1.3052589416465723e-02 1.4878587439324582e-22
64 1.4370359234793519e-02 -3.1580981869303109e-22
65 1.6177981870192919e-02 4.1208017667239484e-22
66 1.8350885007930428e-02 -5.3508633182771703e-22
67 2.1484875041515819e-02 -6.8742265611237450e-22
68 2.4301935133510286e-02 -1.1982018641799655e-21
69 3.0910359730060434e-02 6.0986589440963010e-22
70 5.2992175770392211e-02 -1.6655264510250550e-21
71 1.5582619349685622e-01 -3.9168520576942377e-20
