0 1.1746771687628725e+00 9.2093608075424461e-21
1 1.5824484057463095e-01 3.7739642043922215e-20
2 7.0681935550919936e-02 -1.2847083445712955e-20
3 5.2898791650219365e-02 -1.4457392760701305e-21
4 4.6246248403520117e-02 3.2386113931077241e-22
5 4.2646317438674711e-02 6.2537878414165295e-22
6 3.7455958917975325e-02 1.4356428731286203e-21
7 3.2588841846348644e-02 5.8431625194807430e-22
8 2.8715527147253277e-02 -5.3977929748371557e-22
9 2.3405304904082751e-02 3.7345719703406099e-22
10 1.8795153075247661e-02 -4.4737715055062719e-22
11 1.5712971467741796e-02 4.3978195557714944e-22
12 1.3735727302094363e-02 6.8736202724202057e-22
13 1.2204804758240938e-02 2.3162506636726253e-22
14 1.0289637521116831e-02 -3.4382676227610470e-22
15 8.5499735107426259e-03 3.8255941129459640e-22
16 6.9527811100237955e-03 -1.5637287403592093e-22
17 5.7801811031052853e-03 -4.7251269567619391e-24
18 4.8043675788183729e-03 2.6829471891773708e-23
19 4.0964326045770426e-03 -7.5431343191644596e-23
20 3.6160379525278317e-03 -1.3323859787686990e-22
21 3.1815944551162431e-03 5.7666487824694828e-23
22 2.8671767301053724e-03 4.0537561047132272e-25
23 2.4844005203648258e-03 3.2301677540088018e-23
24 2.1355633461351874e-03 6.7774193678977788e-23
25 1.8009925949981189e-03 1.8050634971936497e-23
26 1.5424796507725728e-03 -3.3163018848973768e-24
27 1.3725621894621679e-03 -8.4257064291273497e-24
28 1.2079627273156668e-03 4.7002639747444601e-23
29 1.0221035084150990e-03 -2.2047470251224698e-23
30 8.6506461345897180e-04 9.5620260257094396e-24
31 7.6994207912789382e-04 3.8425079526097642e-23
32 7.2692195194826550e-04 6.1903237489739779e-24
33 6.8995994686777025e-04 -9.1050963525557656e-24
34 6.2915432895795098e-04 -9.3980991054666577e-25
35 5.5801224458828841e-04 -3.3032642329691592e-23
36 4.8136796436539430e-04 1.0246318284445922e-23
37 4.2108785661693911e-04 7.1555568462715519e-24
38 3.6398035518245693e-04 -9.7449169770645642e-24
39 3.4517855212277981e-04 -1.3398622743960737e-23
40 3.3027420879678013e-04 -2.5743862029427569e-24
41 3.2283620246636947e-04 -5.0728221937187980e-24
42 3.3041802128232575e-04 1.0799055233125209e-23
43 3.5169753333966957e-04 7.2704248380173618e-24
44 3.9901101709217810e-04 2.8813924894832086e-24
45 4.8588344409934470e-04 4.1079672045606836e-23
46 6.2800634360768990e-04 5.6733578662652855e-23
47 7.9015486942864567e-04 3.3829455258264605e-24
48 9.7448290927125685e-04 -4.7171784593852075e-23
49 1.2119509409904534e-03 -7.9335312459144825e-23
50 1.5035588229588696e-03 4.2397396774556929e-23
51 1.8620980880989610e-03 -5.4651835397923014e-23
52 2.3631156903627317e-03 -9.1953209605844070e-24
53 2.8968603227468165e-03 -1.7977404281140766e-22
54 3.4789802739403851e-03 -1.4096347975719341e-22
55 4.1033679562320251e-03 9.5319630813415696e-23
56 4.9381898577669416e-03 1.7251335139279647e-23
57 6.4067125543103972e-03 1.3899607172035181e-22
58 8.2467787269973631e-03 1.1620401062075877e-23
59 1.0159553835693133e-02 -1.3812215281047076e-22
60 1.2422773839611240e-02 -6.1049455069148287e-22
61 1.4631858350332219e-02 8.8636466606769880e-22
62 1.6789469625273834e-02 -8.7306562430535459e-23
63 2.0338650795578408e-02 -1.0513600419253529e-21
64 2.4022971325292672e-02 -2.6077296041521002e-22
65 2.7957288602095984e-02 3.6703543805031666e-22
66 3.1161317095579039e-02 -5.1899716395174282e-22
67 3.3958764808986901e-02 6.4108738739836094e-22
68 3.7859896022784570e-02 1.0271664009506270e-21
69 4.6616413766112849e-02 -1.7988079830043728e-21
70 7.1634887331872329e-02 -1.6175940768381349e-22
71 1.7054014260459407e-01 6.7655171464822998e-20
