0 1.1799743416316308e+00 -2.7047463571261597e-20
1 1.5801722990363534e-01 1.1219375604421031e-19
2 6.5721960253610406e-02 -1.9520644295285544e-21
3 4.3258489576080798e-02 -8.4653813299606977e-22
4 3.4180659896471434e-02 8.9498976712342421e-22
5 2.6886333567916195e-02 5.0320143678278370e-22
6 1.9893567473698588e-02 -1.5225316356505319e-21
7 1.5604428875849067e-02 -4.4248487407258233e-22
8 1.2657938399560179e-02 1.6177385846148677e-22
9 1.0599169339533487e-02 -2.4337590401575541e-22
10 9.0004222073917992e-03 -1.5745158479013294e-22
11 7.3673289702838344e-03 -9.4573997915361537e-23
12 5.8617589000014778e-03 3.6788853963812958e-22
13 4.7112225230407758e-03 -2.1949995698372517e-22
14 3.8979678895862432e-03 -3.5196618794473370e-23
15 3.4546647224828787e-03 2.4729489005966237e-23
16 3.0111621440218070e-03 -8.5413080176100860e-23
17 2.6284824905976082e-03 1.2347835395258699e-23
18 2.3179457477484310e-03 -7.7729900990750124e-23
19 1.9600305890162353e-03 1.6680371379706618e-23
20 1.6512855170888491e-03 2.9772281766517771e-23
21 1.3778102840120133e-03 -5.6385634230292852e-23
22 1.1436263264508171e-03 -3.9752969623488028e-23
23 9.4333984957433825e-04 5.4190461064164947e-27
24 7.6702835274256292e-04 -1.0552453815163601e-23
25 6.3244248047418256e-04 -4.6542437553074963e-23
26 5.0823492604613820e-04 4.3670163865910756e-24
27 4.0576955338000680e-04 3.7965613766158392e-24
28 3.5287869474169564e-04 3.1058070153300599e-23
29 3.1346762418218532e-04 5.1485834387548082e-24
30 2.7887161616634763e-04 5.0009928847518225e-25
31 2.4806093291425700e-04 -2.9027149305682771e-24
32 2.3190396530244070e-04 -7.6456224651398912e-24
33 2.2986143485144523e-04 -3.4468989150027200e-24
34 2.4180884910392228e-04 2.7515319759728913e-24
35 2.6754691169827711e-04 2.2545367183397304e-24
36 3.1027873344272153e-04 9.0162659752962966e-24
37 3.4943727077526958e-04 -1.4228651612696014e-23
38 3.8554799619060855e-04 7.8014617970804892e-24
39 4.2595170873232835e-04 -4.6348398790738709e-24
40 4.8304443731403272e-04 -6.9523638976111715e-24
41 5.4152056975146864e-04 -6.5067872118602537e-24
42 6.2630445183830630e-04 1.3589349767859731e-23
43 6.9656661580174881e-04 1.5582236232742881e-23
44 7.3641097436122588e-04 -2.2604774833967592e-23
45 7.9335931052330628e-04 -1.6925377417979840e-23
46 8.9542933655481158e-04 9.0671081679539654e-25
47 1.0104174252819603e-03 -2.4355864813651117e-24
48 1.1210407687887510e-03 1.7839699663055606e-23
49 1.3087199880470013e-03 5.5538513309686494e-23
50 1.5087741276620377e-03 6.7626391586625341e-24
51 1.7473922408934594e-03 -3.5967265568094900e-24
52 2.0970855787724239e-03 2.2921764117924265e-23
53 2.5903927088108394e-03 1.6006728498443631e-23
54 3.1954538353594518e-03 1.4173369815348238e-23
55 3.9451061157864033e-03 -1.2764450122341949e-22
56 4.7532667854183596e-03 -1.9856581105560159e-22
57 5.7725271505058746e-03 -3.5696355579038151e-22
58 7.1617709748386304e-03 6.2003574473550614e-23
59 8.2478634973901475e-03 2.5187259801671506e-22
60 8.7719655209207766e-03 -4.9262433248638486e-23
61 9.6705973284334744e-03 -2.0048009722761638e-22
62 1.1146461271547881e-02 1.6106102054263603e-22
63 1.3051451208319275e-02 -7.7776834570817789e-22
64 1.4964895420881880e-02 1.7473862068346880e-22
65 1.6328663854705813e-02 6.5173303183602817e-22
66 1.8211029281954901e-02 -2.8193469744298488e-22
67 2.1516786638802046e-02 -9.9095808413580322e-22
68 2.7146148649946491e-02 -2.9646253484322518e-21
69 3.7077434960916075e-02 4.0587353268489769e-21
70 6.2911798302095118e-02 4.3933035577868109e-21
71 1.5861899590853495e-01 5.2850818531590985e-20
