0 1.1596938688218352e+00 8.5302597398002275e-20
1 1.4346289241558535e-01 -1.8136525989338671e-20
2 5.4836432277097016e-02 2.8954987966214882e-21
3 3.3902961496076162e-02 1.3050001050942620e-21
4 2.7107458631307414e-02 3.6675560292846875e-22
5 2.2582172482153860e-02 1.4252088591153988e-22
6 1.9331718740716798e-02 -7.8873148144807318e-22
7 1.7361873293602243e-02 1.1155679560260183e-21
8 1.5470934752713097e-02 3.5954075979488930e-22
9 1.3547540131703234e-02 3.1999962127849601e-22
10 1.1869494864346432e-02 -2.4741333685179713e-22
11 1.0526887558680389e-02 5.5839623888246740e-22
12 9.3962034380364965e-03 1.3760157735151337e-22
13 8.4865427421309883e-03 -5.8835478226619034e-22
14 7.6137378785931980e-03 3.0976128117958952e-22
15 6.6176146376626449e-03 -4.4663990876061244e-23
16 6.1284070437660791e-03 3.5545906311711597e-23
17 5.7237137536187751e-03 2.9885308613564083e-23
18 5.2104700736047092e-03 -3.2409415759798400e-22
19 4.8653356128294419e-03 1.9091742877997028e-22
20 4.4395835080237684e-03 -7.2207274661394165e-23
21 3.8915464001536464e-03 -8.6970238195041342e-24
22 3.3957243934011313e-03 -1.0725210671644093e-22
23 3.0276524515758072e-03 1.2752507029644113e-23
24 2.7034676032344908e-03 -9.7978258601754383e-23
25 2.4453190951836267e-03 -5.5191012577956725e-23
26 2.1394695582304794e-03 9.2304916995399320e-23
27 1.6942334587665558e-03 9.5475574360260194e-23
28 1.3206799360815740e-03 1.6520528806742944e-23
29 1.0441851403228278e-03 9.0471186464820394e-24
30 8.5181769435173393e-04 1.8344877564027892e-23
31 7.2402004852394357e-04 -6.4503937152449477e-24
32 6.4372356883123853e-04 4.0416099574958909e-24
33 6.0347902290212960e-04 1.9380936833500883e-24
34 5.7410257504920134e-04 -6.1081672316738677e-24
35 5.5401600816998948e-04 -1.4525288231599581e-24
36 5.0949765709088727e-04 1.0969108537920559e-23
37 4.8906963382994823e-04 1.7576117782059333e-23
38 4.9217643419451464e-04 1.5212969764993385e-23
39 5.1607853331803589e-04 5.7174880134973799e-24
40 5.4370807911263707e-04 -6.2269445970982984e-24
41 5.7548121506324182e-04 3.0809750262124397e-23
42 6.1872821562705465e-04 -4.2352707359095439e-24
43 6.8538367392079289e-04 -5.3832828751100189e-24
44 7.6772548812353879e-04 4.6130454998555528e-23
45 8.2121265453893421e-04 8.6726565581822862e-23
46 8.6537077776305650e-04 3.0004307649851838e-23
47 9.6722907223312530e-04 -3.3941108555433289e-23
48 1.1074906339793630e-03 3.3062776524859415e-23
49 1.2814362523329483e-03 3.8767197389896451e-23
50 1.4582757474944728e-03 -1.0686704145698253e-23
51 1.6152320003038425e-03 -6.4886189939587031e-23
52 1.8042455406002791e-03 3.0977180446965974e-24
53 1.9918385787580073e-03 -6.7395856436791883e-23
54 2.2490235276383264e-03 2.0162389436901035e-23
55 2.7113770798511882e-03 1.4451936331472288e-22
56 3.3566520927392368e-03 7.3786933541209405e-23
57 4.2053368725885479e-03 -1.2673446551202900e-22
58 5.3874258334408974e-03 9.5599187161632488e-23
59 6.5045197765909975e-03 3.2197008201309471e-22
60 7.5145262935227049e-03 -2.5090538823106829e-22
61 8.7079505501025129e-03 3.3601285221064812e-22
62 9.6802201259781218e-03 2.3085874483883904e-22
63 1.0636811815457363e-02 2.1092531926991900e-23
64 1.1877664317086345e-02 2.3665465825267170e-22
65 1.3291347568673024e-02 5.9227090768348560e-22
66 1.5204733468989998e-02 2.2825860555590442e-22
67 1.8072357047573324e-02 -9.9082734735587283e-22
68 2.2727117727160857e-02 1.3854037245764349e-22
69 3.0708432077215134e-02 -4.2666898895202056e-21
70 5.1482041280129592e-02 -7.2616933790942972e-21
71 1.4345344366843277e-01 -9.5740020796999920e-20
