0 1.2078154719660197e+00 9.3208037632443921e-20
1 1.6026287974918349e-01 -1.0132028148907940e-19
2 5.9528201660318712e-02 2.5194019225303709e-20
3 3.2919897389157661e-02 6.7914841795731383e-22
4 2.2108869081481713e-02 1.2836656786864306e-21
5 1.5827354136800812e-02 -9.7951204376905555e-22
6 1.2215467604133069e-02 -3.1942808113915379e-22
7 9.4503827393799603e-03 -1.3703725061140873e-22
8 7.4087659043446377e-03 -2.9358474272678169e-22
9 6.1049355445381530e-03 5.4950187294983199e-23
10 4.9409108360667156e-03 6.7563477984387115e-23
11 4.1026051334982329e-03 4.7041014882769414e-25
12 3.3961847193044988e-03 3.1305975972683235e-23
13 2.7838460246193001e-03 -2.9396118714746551e-23
14 2.3301070603892748e-03 -4.6975715818416475e-23
15 1.9360464141870610e-03 7.3593885770493920e-23
16 1.5524226837572706e-03 2.9685916993764794e-23
17 1.2446671099992626e-03 -3.6042837251364618e-23
18 1.0543090965636475e-03 3.4936778815860815e-23
19 8.7265721756050454e-04 -1.0241769632009592e-23
20 7.5509259719666274e-04 -1.2432548839237228e-25
21 6.5828001534987471e-04 1.4774189925308337e-23
22 5.6977003744183624e-04 1.9175447184794789e-23
23 4.8311378643341830e-04 -4.0587905390407820e-24
24 4.0904296750490766e-04 -4.3010018100030645e-24
25 3.3799213809246461e-04 6.7109871255076119e-25
26 2.8901353901142547e-04 -2.0057034255600335e-24
27 2.6045153423648906e-04 -1.1734242963526008e-23
28 2.3584710144461168e-04 4.8895586132728214e-24
29 2.2975228751148636e-04 6.2230087485438450e-24
30 2.3074569009821870e-04 -3.1094091819871875e-24
31 2.3880268591815684e-04 -1.2355041860655435e-23
32 2.4881899307610831e-04 -1.1997769248822157e-23
33 2.5568398788116824e-04 -1.5774143738560106e-23
34 2.6860970159207892e-04 4.9202118356882712e-24
35 2.6743882312834391e-04 -1.9373955881012565e-24
36 2.4774809788864549e-04 -3.1711981728001088e-24
37 2.4105395285737620e-04 8.5786823779410845e-24
38 2.4410835381393774e-04 9.2486556408319798e-24
39 2.5701089849604325e-04 -3.7889368429779155e-24
40 2.8396182091274848e-04 -1.3842343704539909e-23
41 3.3253143126960684e-04 -4.4455407550245045e-24
42 3.9935855516287899e-04 2.5228976408243405e-24
43 4.8358941567147330e-04 -3.0534082483100893e-23
44 5.7821044667528965e-04 4.6942323305923804e-24
45 6.7078167911376085e-04 3.7131464316403631e-23
46 7.5073946478317229e-04 1.4759440942133512e-24
47 8.4321879490677242e-04 -8.0425314015376968e-24
48 9.4030070934631382e-04 -1.4849178889704631e-23
49 1.0426847318051598e-03 5.9638242428108428e-23
50 1.1551056810873007e-03 1.3307794145224024e-23
51 1.3026428316395896e-03 1.3491176067643529e-23
52 1.5592279459209198e-03 1.4869097952666445e-23
53 1.9198025730784486e-03 -4.2226104240394051e-23
54 2.3142730854067454e-03 -6.4905694433720076e-23
55 2.8097893172887422e-03 8.2215395253132136e-23
56 3.3255656834437685e-03 -3.9710805437787099e-23
57 3.9354417366384512e-03 6.9151003127419202e-23
58 4.6644789531479639e-03 5.5991092881095303e-24
59 5.4629543430820288e-03 4.6977235518561657e-22
60 6.6030861846763144e-03 2.9109029827211243e-23
61 8.2647698773663115e-03 -4.1277850852845985e-23
62 1.0104012398247254e-02 -1.1851465219731750e-22
63 1.2633709519364478e-02 -1.8790732735932495e-22
64 1.5938385459411467e-02 8.1778479449836495e-23
65 1.9857801974244037e-02 -4.0905613916871196e-22
66 2.3955313911002071e-02 1.2461872796159650e-21
67 2.6580388534613687e-02 -2.5996844188033292e-22
68 2.9465594693392990e-02 8.5072166141585802e-22
69 3.7050769062655413e-02 -2.5002158176509910e-21
70 5.8672230659427796e-02 -1.6474582213705978e-20
71 1.4975296866094720e-01 4.4764175412607641e-20
