0 1.1839980843122149e+00 2.0002386405776707e-19
1 1.6279251433004224e-01 5.8882363209966292e-20
2 7.1181527319263097e-02 1.9722573618218665e-20
3 4.9192567658950748e-02 -4.8852007562540698e-22
4 4.0609009129055754e-02 8.0888608252002178e-22
5 3.6941910295331053e-02 -1.3291096752487808e-21
6 3.5346442193800356e-02 -1.0634796859433696e-21
7 3.2178037724184150e-02 -9.6293365877878053e-22
8 2.8279195789760021e-02 1.4829355924136407e-21
9 2.4125815854972029e-02 3.6054013136057747e-22
10 1.9872862210565976e-02 -3.3828350241170043e-22
11 1.5983474591254581e-02 -9.0988254910320873e-23
12 1.3282248247155242e-02 5.2665839969800268e-22
13 1.1135797460507940e-02 2.5375773456910055e-22
14 9.8040665522420578e-03 -1.4106598454620193e-22
15 8.3308154683099118e-03 -3.4429499736698449e-22
16 7.0986174383646803e-03 2.0402278172316358e-22
17 5.9834801888165269e-03 1.2877719366841864e-23
18 5.1632250509400131e-03 4.7906875176679746e-23
19 4.3455300233235118e-03 -1.1903305837637710e-22
20 3.6914593367654873e-03 -7.6327108595693480e-24
21 3.0418229695129244e-03 -1.7044270642708272e-22
22 2.4628070323957016e-03 1.1357186068601696e-22
23 1.9824162897951201e-03 2.1696222054786831e-23
24 1.5606038638999423e-03 2.7759765236379585e-23
25 1.2831296624427533e-03 -3.6063752508446603e-23
26 1.0985528656030225e-03 2.9349516311005135e-24
27 9.3617297798076764e-04 -5.4216585711842937e-23
28 7.7355144566524519e-04 1.7830833907825013e-23
29 6.6779125165208582e-04 2.3426310424724291e-23
30 6.3001585426452017e-04 2.3668069147954139e-24
31 5.9223365188471413e-04 1.1212979204767774e-23
32 5.3379636607915712e-04 -2.5268894823157177e-23
33 4.6281547697303636e-04 1.5503179528372712e-23
34 4.1760466125349572e-04 -5.8565789295656910e-24
35 3.9036190371021434e-04 -8.0709959789933316e-25
36 3.8908110103161639e-04 -7.0404320110356640e-24
37 4.1013178942021463e-04 7.4615146507011890e-24
38 4.2988203180386643e-04 4.8703772734915648e-24
39 4.1245262412067615e-04 -5.4655958509247098e-24
40 4.2502870510681856e-04 -2.0697698175484867e-23
41 4.7673188367279096e-04 1.6878545606620556e-23
42 5.2439944512410971e-04 1.1174857508567749e-23
43 5.8850298026609678e-04 -7.3222159666428988e-24
44 6.9963042296469313e-04 -5.1815057441855349e-24
45 8.1780479152498400e-04 2.3060866070994209e-23
46 9.1779581785762885e-04 -1.2427369967986822e-23
47 1.0462528339896726e-03 -1.9693407524586706e-23
48 1.1690113263574358e-03 2.8895376857172599e-23
49 1.2861795057811187e-03 3.3196521208430822e-24
50 1.3974896459477801e-03 6.2108301395874379e-23
51 1.5338282933203278e-03 -7.4488388651639955e-23
52 1.7561890104872502e-03 1.2590102116703898e-23
53 1.9386799203520140e-03 7.9972488423176252e-24
54 2.1420142831290721e-03 -1.2058588519597641e-22
55 2.4602987038292172e-03 -7.1987672803865021e-23
56 2.9791744528348961e-03 5.3273196517162703e-23
57 3.6221650214559170e-03 -5.0621348521136147e-23
58 4.4158222250936857e-03 2.0502934245632417e-22
59 5.5454676711557717e-03 -1.8588660256090637e-22
60 7.0913014176544860e-03 -1.8906383774060008e-23
61 8.7927943654189603e-03 -2.0365340480807216e-22
62 1.0752127338341071e-02 1.8781376928335294e-24
63 1.3731903877664270e-02 -6.3909175865211604e-22
64 1.7815747156616910e-02 3.4109199874860551e-22
65 2.3019753389505820e-02 1.5822587395291651e-22
66 2.7895250081337992e-02 -7.2177349124598873e-22
67 3.3796457412061845e-02 -7.5939249481557208e-22
68 4.1088291316470869e-02 -4.2064587520647253e-22
69 5.2359503423216623e-02 1.7554015102402180e-21
70 7.8381394512459013e-02 7.9124718832362925e-21
71 1.6837466318125277e-01 -1.3973524746572870e-20
