0 1.2237752748022310e+00 1.4245929953945453e-19
1 1.6261211580007215e-01 -3.7698965306258434e-20
2 5.9703231932775470e-02 -1.7661224826233062e-20
3 3.3708067536739522e-02 -2.1082232208766410e-22
4 2.4091376291413200e-02 -4.2477182365906684e-22
5 1.9831002008343597e-02 2.4370803198363790e-22
6 1.6750712599598920e-02 4.8121827783646872e-23
7 1.4008469911848785e-02 6.5994466014684587e-23
8 1.1694805164505988e-02 -1.6012691707364201e-22
9 9.3938197268909895e-03 3.6924657930629336e-22
10 7.4898468281418343e-03 -2.4104591977846997e-22
11 6.1580299108928626e-03 2.9333476585968272e-22
12 4.9599317348978508e-03 -2.1354649544147251e-24
13 4.0419367308018655e-03 1.2040421977275382e-22
14 3.6377041718413127e-03 2.2548142791255774e-23
15 3.5932867983549592e-03 1.2816145956629592e-22
16 3.4968484959040963e-03 9.0373132306018736e-24
17 3.5652590642837496e-03 -2.9537631295886842e-22
18 3.7616076406111363e-03 -1.7802606756177379e-22
19 3.6399528581605666e-03 -1.0468470663273444e-22
20 3.1451472706696430e-03 -4.3710182347680508e-23
21 2.6763473660276404e-03 1.0485923314821530e-22
22 2.3235420352585279e-03 -5.9008991348265946e-23
23 1.9758397198080457e-03 -8.3390373335115372e-23
24 1.5941069869624793e-03 -4.6522294956998433e-23
25 1.2801889131615616e-03 -2.0805428536039304e-23
26 1.0265530406884593e-03 -1.7075263994426063e-23
27 8.3734020258459483e-04 6.6120531165140364e-23
28 6.9431720588860875e-04 -1.0081853201884635e-23
29 5.7565737715705204e-04 5.5521631742833097e-23
30 5.1195958489156452e-04 7.2484654556435606e-24
31 4.8451737568917769e-04 -1.8837717602982637e-23
32 4.6688770626170757e-04 -2.2580848187745369e-23
33 4.4181694151797495e-04 1.5567624333610869e-23
34 3.9099779137700199e-04 -2.5478267178808646e-24
35 3.4816152352990789e-04 7.4324044310360322e-24
36 3.0442959376860351e-04 4.7511326483661791e-24
37 2.7253380588315853e-04 -1.1725134245348301e-23
38 2.5580412310629056e-04 -6.6673395183679914e-24
39 2.5728018444213157e-04 5.8112000250792349e-24
40 2.6754888405078532e-04 -6.2867994770386107e-25
41 2.7460936364186677e-04 -3.9002247761212646e-24
42 2.8932073457345466e-04 4.8142839813769360e-24
43 3.0786801303530080e-04 -7.1601037574385314e-24
44 3.4044622570805056e-04 -4.4572129572225318e-24
45 4.0201299756675499e-04 -2.6843930084017360e-24
46 4.9333772985066227e-04 -9.9025400856705338e-24
47 6.3400410472931579e-04 5.7466187460405108e-23
48 8.4582326389608142e-04 -3.4645643688422779e-23
49 1.0915834663126343e-03 2.5025289334643017e-23
50 1.4503722700739494e-03 -1.5560474098874330e-23
51 1.9228108047342665e-03 -8.5264802895389341e-23
52 2.4978839971096993e-03 6.5982481917260627e-23
53 3.0504710292515807e-03 -1.3396338671398563e-22
54 3.4971521834190810e-03 -5.1858589332491265e-23
55 4.1292227158226816e-03 9.2338588838553103e-23
56 4.7471318378866150e-03 3.0785193476031435e-22
57 5.3990997047991774e-03 -2.8856969157591190e-23
58 6.2996269720874271e-03 -6.1381740698861104e-23
59 7.6974628843043532e-03 1.1293315780810056e-22
60 9.2942787713669265e-03 1.0273173385550812e-22
61 1.1052261236299779e-02 -1.5493760763018251e-22
62 1.2358944287744237e-02 3.2255525555086336e-23
63 1.4248705739625634e-02 5.9338398257468144e-22
64 1.7542666237431111e-02 5.0223466127786418e-22
65 2.1056112980787838e-02 -4.6983694539783854e-22
66 2.5250094668114578e-02 8.1240594504036847e-22
67 2.9385843509217833e-02 1.5884854339489378e-21
68 3.3512681411756944e-02 -1.5659510084567204e-21
69 4.3404707415269556e-02 -6.7385021132430503e-22
70 7.4321501460594366e-02 5.6427842383496490e-21
71 1.7940846799222743e-01 -9.2600372073656449e-20
