0 1.1418857602658468e+00 -2.1455545590547949e-19
1 1.3456635924385194e-01 -2.5272060579940824e-20
2 4.7641018143049788e-02 -5.1869341026465156e-21
3 2.9465449572111429e-02 -1.4840508921207659e-21
4 2.1187128889588295e-02 4.0420099002281700e-22
5 1.6173844273301458e-02 -5.3132453438432382e-22
6 1.3676096534712827e-02 -6.0653935618104847e-23
7 1.2038238566198775e-02 8.0414713915868504e-22
8 1.0444428760504320e-02 9.4586474385930778e-22
9 8.3813812270847367e-03 7.0513012362772483e-22
10 6.9984422264410236e-03 1.2247642030333167e-22
11 6.0932646121108266e-03 -2.8797470139353188e-22
12 5.2964912773965254e-03 -1.1288811236493613e-22
13 4.5797262790831291e-03 -1.4788245852086174e-22
14 3.8539626893074582e-03 3.2255320095280727e-23
15 3.1081768649671025e-03 7.7359888290813116e-23
16 2.4641391904660138e-03 -3.6386223877566776e-24
17 2.0076654243236566e-03 -2.1212004060374685e-23
18 1.7366720364446493e-03 5.8314712330173696e-23
19 1.4982711351484101e-03 1.0225304087437295e-23
20 1.3276268578650218e-03 2.5927012688810768e-23
21 1.1495310498316669e-03 -3.8203226266528797e-23
22 9.6869797613355639e-04 7.1945775520244555e-24
23 8.5958675852504591e-04 1.0745724210583037e-22
24 7.2982919823349395e-04 -5.1214047377551553e-23
25 6.0046432682555456e-04 2.1285483856597668e-23
26 4.7954234582028616e-04 -3.7929129930268063e-23
27 3.6706734973660789e-04 -6.1192071630525442e-24
28 2.8042511566217450e-04 -9.6647617453338742e-24
29 2.1698547940823311e-04 3.0621920035388194e-24
30 1.7908637435412714e-04 1.2732315106686027e-24
31 1.4778296808598318e-04 3.3191467948382228e-24
32 1.2092424754107307e-04 4.6015066034051600e-25
33 1.0026214917825895e-04 2.4124034980746882e-24
34 8.5206196093222386e-05 3.8276575242740847e-24
35 7.8334899347446693e-05 -1.1274191127699095e-24
36 7.5871805560635185e-05 1.8104569730434119e-24
37 8.0153804768293255e-05 1.4197859703802064e-24
38 8.8536667749714742e-05 -4.7268384660333213e-25
39 9.4780699390267120e-05 -9.2752397454790677e-25
40 1.0557790378285014e-04 2.5070935352166100e-24
41 1.2399527801809139e-04 4.3073507205729309e-24
42 1.5311711949925839e-04 -6.6781571252010697e-24
43 1.9050796753122050e-04 -6.8976614806510169e-24
44 2.3542208663724528e-04 2.7696566641557067e-24
45 2.9331194640590410e-04 3.1924098251516077e-24
46 3.5571612615444540e-04 1.2555932655318781e-23
47 4.1935440734712303e-04 2.1313923759554963e-24
48 4.4978018812414332e-04 -4.9009619601365616e-24
49 4.5346650481007511e-04 3.0049485824506947e-23
50 4.7541958138507895e-04 9.5774344108193745e-24
51 5.2324790534421454e-04 5.8581766130603178e-23
52 5.7442639298755315e-04 -2.9792750092158248e-23
53 6.7427602671705383e-04 -4.8415414747927856e-23
54 8.3819769555915449e-04 -4.3194637685169741e-23
55 1.0376372031114410e-03 3.1272029579012117e-23
56 1.2784540719381920e-03 7.6012621266209570e-24
57 1.5112546058274803e-03 -5.2869414500471360e-23
58 1.8522589796189255e-03 6.6631467854309589e-23
59 2.2546137903155486e-03 1.0470914216985770e-22
60 2.7693646122423474e-03 1.6751731391291372e-22
61 3.6787618849461220e-03 -2.0991387898857128e-22
62 5.0179642561389414e-03 7.5825984243943427e-23
63 6.4441503505076308e-03 1.7326548191891775e-24
64 8.1486266888991920e-03 -1.1178966191835187e-22
65 1.0052916013092543e-02 -7.1953345050094653e-23
66 1.3104329374385838e-02 1.3868125835995117e-22
67 1.8695969310653478e-02 1.4215700555079081e-21
68 2.4763128947401757e-02 1.6896411935308320e-21
69 3.3798510613720675e-02 9.6010350581682510e-22
70 5.5536906857790953e-02 -3.5231786083086071e-21
71 1.4327071382717199e-01 -4.7625988056480353e-20
