0 1.2963744448224555e+00 -3.9407866763544383e-21
1 1.8746362689349191e-01 -6.8065367072144722e-20
2 7.7544429977671525e-02 -6.9054107531332706e-22
3 4.9772085232919414e-02 3.5350314710200658e-22
4 3.6311846997810836e-02 -6.4106986992747740e-22
5 2.8295071619632080e-02 -2.2852499646890495e-21
6 2.4136088197671525e-02 5.5377327217163463e-22
7 2.0819441067787457e-02 -3.4181436189843417e-22
8 1.6805214318042112e-02 5.3492652726507572e-22
9 1.3502721693506662e-02 -1.5607354117379645e-22
10 1.1121444277671090e-02 -3.4202405490695205e-23
11 8.8369381554472236e-03 -4.0960523716070604e-22
12 7.0819034912723853e-03 -2.6298815637345800e-22
13 5.8612542967382674e-03 -6.7923475278937513e-23
14 4.8660814297259913e-03 -1.8596312503526391e-22
15 3.9516573473784853e-03 1.3336807360503806e-23
16 3.1154766860913537e-03 -6.7316806624228067e-23
17 2.5309500137704485e-03 4.0793284576601102e-23
18 2.0589861702873065e-03 3.3966334011773283e-23
19 1.7135762309486242e-03 -3.5338713615145082e-24
20 1.5101062195317448e-03 1.9129993302126204e-23
21 1.3755991386928724e-03 -5.2797191488598177e-23
22 1.2255683212105098e-03 -6.8843868610209762e-23
23 1.1131633811689401e-03 4.4686608957573761e-23
24 1.0065878281254052e-03 3.3788121750665643e-23
25 9.2340110071200917e-04 -3.4616206270457089e-24
26 8.2528293263569371e-04 -2.6081693317898543e-23
27 7.6613547971738423e-04 1.7694505059519992e-23
28 6.8481328832293025e-04 1.4004662386219590e-23
29 6.0285506280040226e-04 1.8781100797836147e-24
30 5.3195701789840889e-04 -1.3779145247354085e-23
31 4.6781272774905824e-04 1.9016269290164781e-23
32 4.1714806713081192e-04 -1.2710711433071051e-23
33 3.8211669643392621e-04 1.0975844984334937e-23
34 3.6139579710073240e-04 1.2640696170627427e-23
35 3.5536884583840930e-04 -5.4996193469315436e-24
36 3.7032911507787222e-04 2.5936501317813045e-24
37 4.0691713915688422e-04 1.1640289775787157e-23
38 4.3402265294512375e-04 3.0091567936253146e-23
39 4.6517017355368688e-04 2.2611144095822772e-23
40 4.9294639338565117e-04 -3.1831015586761829e-24
41 5.3693009281525898e-04 -3.7014965747901610e-24
42 5.9854429793042101e-04 1.0683130045279380e-24
43 6.8716742597581921e-04 -3.6876035626294342e-23
44 8.3646881372283514e-04 -3.3323895253933556e-23
45 1.0237714312416636e-03 -1.4074057359286218e-23
46 1.2414470106696949e-03 -1.1989379657559192e-23
47 1.4639559186424920e-03 2.5736310925338468e-23
48 1.8189962276298009e-03 1.3903414662675741e-22
49 2.3180396356964083e-03 1.3862841798096669e-23
50 2.8429879087618270e-03 -2.4545756971392377e-23
51 3.3826865576991449e-03 6.2252834939264287e-23
52 4.0768340469236547e-03 3.2762180794078267e-23
53 4.8664078000999964e-03 2.9937543041958180e-22
54 5.7697066273312723e-03 3.0585542679884742e-22
55 6.7579342824881155e-03 -2.5426985138107110e-22
56 7.8733621956284475e-03 -4.5031532193844216e-22
57 9.1530684384279609e-03 6.8543872597704835e-22
58 1.0843203720260474e-02 -6.4414905614151463e-22
59 1.2160925766158442e-02 -2.2936609717973644e-22
60 1.3815099822248886e-02 -5.3575414088209878e-22
61 1.5581055579533062e-02 5.1758341788701150e-22
62 1.6741184266339460e-02 -1.9254869612764800e-22
63 1.8898652371821395e-02 2.4428277062120174e-22
64 2.1038160184367671e-02 6.6253990687116451e-23
65 2.3263840876361359e-02 -2.3852386663425141e-22
66 2.5884011433284383e-02 -1.0712377683410956e-21
67 3.2199314956794428e-02 -1.4627433376581704e-21
68 4.4870670530573711e-02 3.5069186991372070e-21
69 6.1276624915476058e-02 -1.9218778420045495e-21
70 9.5194493577331785e-02 7.5323420899566136e-21
71 2.1204829088538155e-01 -1.0509033088250277e-19
