0 1.1097610541218772e+00 1.1629679928722045e-19
1 1.3131779966280455e-01 4.7901391888782774e-20
2 4.3724470449185128e-02 -1.1089071677655903e-21
3 2.3568160127113654e-02 -2.2946243130844656e-21
4 1.6868332147644962e-02 -1.9255709201530854e-21
5 1.3714959071213409e-02 -8.8153887793275197e-22
6 1.1296457771706049e-02 -1.3793100817862969e-22
7 9.2889368914555476e-03 -5.0463121904642303e-22
8 7.9196413506260575e-03 1.2698431159754374e-22
9 6.9698943353856489e-03 -7.3855060058602750e-23
10 6.0534582029932978e-03 2.9239146281032401e-22
11 5.3232801862924256e-03 8.0613629553182206e-23
12 4.5510027791764883e-03 -1.2912280901383529e-22
13 3.9160374835569859e-03 2.2528333488632130e-22
14 3.3491257841961985e-03 1.0653329795723932e-22
15 2.6816293475501922e-03 1.2402597418044979e-22
16 2.1494464937481250e-03 5.0217155295762015e-23
17 1.7015550034819996e-03 -3.7215564986091982e-23
18 1.3619527445610854e-03 -1.6762231337306284e-24
19 1.1281933076413111e-03 -6.0072566481097651e-23
20 9.2239903394421155e-04 -1.0767822682005058e-23
21 7.7912697916664056e-04 -2.0896417167089313e-23
22 6.6252589565578745e-04 -5.6414206569707310e-24
23 5.6788718007820288e-04 8.4704277858999568e-24
24 5.0145826183455575e-04 2.1482542783104488e-23
25 4.6979884615141375e-04 5.7526142949140876e-24
26 4.2236206710674661e-04 -1.5471997992581645e-24
27 3.7299506245961012e-04 2.6878465368198096e-23
28 3.4821519545212272e-04 -5.2075384919321929e-24
29 3.2502709461557609e-04 1.2813315632974788e-24
30 2.9166999249560484e-04 -2.8516654550659976e-24
31 2.5798740132091074e-04 -8.8657541953889184e-24
32 2.4195841849028601e-04 -1.6023069067628924e-23
33 2.4809260919890209e-04 -2.3574836095536785e-24
34 2.7193091157796722e-04 1.0756631101846596e-23
35 2.9662921721028803e-04 -2.0390213023400402e-24
36 2.8299817248727594e-04 -2.9178049931631655e-24
37 2.6410699596029515e-04 -4.6166506303184015e-25
38 2.5847979623542031e-04 -7.4639560093332836e-24
39 2.8244467317719386e-04 -5.7393025279837342e-24
40 3.3190111979071490e-04 -1.2505899281112865e-23
41 4.1604064907887827e-04 -2.9892332144349459e-23
42 4.8245182223360060e-04 -1.8767917050052615e-23
43 5.5470362385191547e-04 1.2800586671916785e-24
44 6.6780958005250755e-04 -1.8649107799107413e-23
45 8.0807141743229071e-04 -8.0003867642750877e-24
46 9.4091606538837893e-04 5.1910241926093060e-23
47 1.1055769232070111e-03 3.4838212380370819e-23
48 1.3214301773819264e-03 5.6740844271915466e-23
49 1.4916744471885123e-03 4.0358092093479997e-23
50 1.6269160411050948e-03 -6.5530162012442541e-23
51 1.7579778649350231e-03 -1.0788704138550954e-23
52 1.8568217086367886e-03 1.0313379803193838e-22
53 2.0442190297458927e-03 7.0398237619048068e-23
54 2.1543007416176124e-03 -1.9833599218574229e-25
55 2.3640729893902898e-03 -4.1417079970065725e-23
56 2.8804574906542237e-03 9.0188338408958595e-23
57 3.6956229114135384e-03 -3.2202839321566133e-23
58 4.7897848257534873e-03 3.7701363711388618e-23
59 5.8921078693631342e-03 -2.2788820476006135e-22
60 7.0394664344880335e-03 -1.8913688883964782e-22
61 7.8203717290638401e-03 -1.9852974853060566e-23
62 8.7240768718434090e-03 -3.5092140721156652e-23
63 9.6727868920280652e-03 1.6558249065922995e-22
64 1.0524159952747631e-02 4.5177170384507886e-22
65 1.2146186076928842e-02 -5.5469267419254356e-22
66 1.4864626779949664e-02 3.6291301888784752e-22
67 1.6905213737582338e-02 1.8517774039714603e-22
68 1.9549300569439626e-02 -7.4890739897008231e-23
69 2.6178611846578225e-02 -1.9346680350348413e-21
70 4.4672538885546391e-02 1.7592427864020439e-20
71 1.2932209095928157e-01 -8.6414752272810427e-20
