0 1.1958912128509076e+00 -1.5398717419395154e-19
1 1.6585007822941708e-01 -6.9891443320805299e-20
2 6.8739561276270900e-02 -1.9053601674236623e-20
3 4.3948539547975764e-02 2.5847935281714327e-21
4 3.0850527234104027e-02 3.9419144877173992e-23
5 2.3268595091837360e-02 -4.8805312584463716e-22
6 1.9850257854820516e-02 3.6425091398932336e-22
7 1.8778542746201100e-02 -6.7245198206183574e-22
8 1.7681238926999458e-02 -2.7352883827084359e-22
9 1.5481515869619570e-02 3.7541942853469841e-22
10 1.3596549849685311e-02 7.3966035352025656e-23
11 1.2034866894969914e-02 5.4815288857340711e-22
12 1.0227566914012040e-02 3.1968743561991542e-22
13 8.5136206467140534e-03 -3.1712640522494583e-22
14 7.0473372530573649e-03 6.3137801807356734e-23
15 5.9510243083065158e-03 2.6922510268668149e-22
16 4.8729462111079527e-03 -1.3339109687341440e-22
17 3.7656534438930403e-03 -1.7397815195575417e-22
18 2.9930703638942242e-03 -1.1043060311155203e-23
19 2.5346398605922064e-03 -9.7848822240999993e-23
20 2.1361004191558508e-03 1.3994445298529816e-23
21 1.7947037438011311e-03 4.1902470939075576e-23
22 1.5285948465160407e-03 4.7079182244678216e-23
23 1.3209663760887903e-03 -2.7918519081817181e-23
24 1.1145395111819005e-03 -7.3342444555877168e-24
25 9.1326832983769845e-04 -2.1798167915119456e-23
26 7.3610688492362335e-04 1.7927446907276572e-23
27 6.1994895389822402e-04 -8.6601225982527111e-24
28 5.4475522096571855e-04 -1.8574168408092855e-24
29 4.8055309501198942e-04 4.7861696151260702e-24
30 4.2280775264674666e-04 2.0862488537657893e-23
31 3.6620566095311725e-04 -8.1886209585739465e-24
32 3.2680340141014505e-04 -6.1529681307738688e-24
33 2.9060278418124744e-04 -7.8397435165054914e-24
34 2.7005798387350592e-04 1.0334951482606355e-23
35 2.5337861791271743e-04 9.6880060847391488e-24
36 2.5259240601341570e-04 1.0231476264113366e-23
37 2.6375564440631722e-04 -8.4868525354193951e-24
38 2.8381191632093707e-04 -1.6123520925208541e-23
39 3.0551386170153840e-04 4.3198720130447208e-24
40 3.2119073519701981e-04 -4.5001378848511119e-24
41 3.5077023773108371e-04 1.3170518376601609e-23
42 3.8842871700067310e-04 9.7637810890298763e-24
43 4.4042732544138425e-04 5.0334530914408716e-25
44 5.1568871292562732e-04 -1.4886062536714828e-23
45 6.0758312676091348e-04 -6.6150406841500658e-24
46 6.5755700208915168e-04 2.7788548271018373e-23
47 7.2233356295424542e-04 3.2170848965247290e-23
48 8.0550962026430524e-04 2.8887177627121292e-23
49 8.9438382257352059e-04 -1.5153278808721886e-23
50 1.0168821439453532e-03 5.4119722350945291e-23
51 1.2451672922809203e-03 -1.0121544765835330e-23
52 1.5742080686499435e-03 -8.3050176290677826e-23
53 1.8984023049130594e-03 1.2749172592307295e-22
54 2.2107687728184357e-03 3.9001393624064876e-23
55 2.5793539903660664e-03 -2.0753037688269927e-23
56 3.0973163538782099e-03 1.9982361474598421e-23
57 3.5836141334778678e-03 -1.9801988965771927e-24
58 4.0837296800721847e-03 1.2108397714666142e-22
59 4.7608718742245711e-03 -8.6877343499562586e-23
60 5.5537750336240189e-03 -2.3914344377467752e-22
61 6.5339775877272781e-03 3.2401882728405703e-23
62 8.0883172451872033e-03 1.6938817510926571e-23
63 1.0385940482435392e-02 6.1471092200625071e-22
64 1.2853599661889441e-02 -4.0529138621703512e-22
65 1.5258788255454370e-02 -9.6090312819508149e-22
66 1.7230092603851149e-02 -2.5214526369874863e-22
67 1.9713666760488961e-02 -1.0893826607933205e-21
68 2.3954339542629280e-02 -1.2508092402563516e-21
69 3.3019110983677102e-02 2.8043845415032792e-21
70 5.8812688807444904e-02 1.2741134377649018e-20
71 1.5693235247852633e-01 2.0247759974276741e-20
