0 1.2381630562599317e+00 2.8050804242815411e-20
1 1.8843003196080807e-01 1.7137425732707357e-19
2 9.2209367730376871e-02 -1.8907125695231627e-20
3 6.8360069138928309e-02 -9.9062675561411237e-22
4 5.7307195283037619e-02 -3.8338444870262482e-22
5 4.9586880115151243e-02 -4.2515470978113376e-21
6 4.3119174731749060e-02 -1.8326001842108652e-21
7 3.6150844271248567e-02 -1.1456302041249516e-21
8 2.9252953563876586e-02 1.9520646416276843e-22
9 2.3653551825962071e-02 6.4330409820157407e-22
10 1.9468552706560498e-02 5.6023468531223891e-22
11 1.5542056230040536e-02 2.6767325496899838e-23
12 1.1764150835359026e-02 -8.5747571454591163e-22
13 8.4365360214413310e-03 7.6836503152225117e-23
14 6.3506162341980350e-03 1.8832895515974555e-22
15 5.0438324119766757e-03 -1.5032868956616438e-22
16 4.1928506836893713e-03 7.7316750433428886e-23
17 3.5075382089081344e-03 3.9301461956985070e-23
18 2.9304244907526937e-03 -5.9177451303358449e-23
19 2.4970226174600776e-03 6.1668547432661376e-23
20 2.1637990128527840e-03 3.2579863857002441e-23
21 1.8847258302330252e-03 8.6031555278657900e-23
22 1.6202042893018102e-03 -2.6687013411482589e-23
23 1.3286160666789023e-03 -4.2041469771756975e-23
24 1.0799573326760196e-03 -9.7213162979190359e-24
25 8.8848073018845970e-04 -1.0298164728400581e-23
26 7.7097092058274821e-04 1.5825190902833261e-23
27 6.7778424904453387e-04 3.0911682312501485e-23
28 6.0849976796065880e-04 -1.4798249701206123e-23
29 5.7060119912342381e-04 -1.8224874108819889e-23
30 5.2297378944989655e-04 -7.5318941986508256e-24
31 4.8565183850209266e-04 2.1681237258249914e-23
32 4.7027242823962978e-04 -4.6460799098623227e-23
33 4.7765399673889772e-04 -7.4145669469506645e-24
34 5.0447289103062510e-04 5.2503759574190698e-24
35 5.5355139269060421e-04 -2.5151950207497823e-25
36 5.7236922616277577e-04 -1.8880920765718188e-23
37 5.7875063166690026e-04 1.0997397334067230e-24
38 5.9463557280236147e-04 -1.4189890963963865e-23
39 6.5797752253537653e-04 1.5489223770214358e-23
40 7.5123764260125669e-04 -1.1766130699000342e-23
41 8.7668823788565598e-04 -8.4853526678472882e-24
42 1.1009847785972788e-03 -1.1714627492601433e-23
43 1.4122241498796960e-03 -4.5573792823210966e-23
44 1.7099133991128885e-03 -3.6392027064147945e-23
45 1.8396335383606447e-03 -7.1102100849768314e-23
46 1.9680230693549911e-03 3.7802717296527713e-23
47 2.3330462901736300e-03 -1.4429114200865462e-22
48 2.8208922555371585e-03 1.5445117462869884e-23
49 3.4210061957956808e-03 9.5535918813563762e-23
50 4.5366202658203613e-03 -5.6624382873866230e-24
51 5.6814712611690816e-03 -1.8126380753048641e-22
52 6.6926904622736450e-03 1.2925626299876892e-22
53 7.8374702080764615e-03 -1.0750952905236272e-22
54 8.8228702752539620e-03 2.6074765295961306e-22
55 9.9358294632515224e-03 8.1466986145309759e-22
56 1.1690210124862601e-02 2.4927265796460829e-22
57 1.3837556966127472e-02 -4.9201347379773947e-24
58 1.5929755222913951e-02 1.6581224788529172e-22
59 1.7378040430467555e-02 4.5634520096026249e-22
60 1.9105980550734963e-02 1.0270571728323058e-21
61 2.1368253609360933e-02 -1.1626672821782037e-21
62 2.3213545634506300e-02 5.0000911074193326e-22
63 2.5163800589325432e-02 1.4253950617502188e-21
64 2.7547875725712847e-02 -2.0786801461024175e-22
65 3.1230434778842867e-02 6.4803015211137309e-22
66 3.5906963535006595e-02 4.3709828568323036e-22
67 4.4291718125391261e-02 9.3028788566558894e-22
68 5.5731042236041972e-02 -2.5163152623905038e-21
69 6.9728738701310800e-02 -4.8772165872636382e-21
70 9.8369737200316693e-02 -9.4474601055410909e-21
71 1.9862310868332120e-01 -7.5093533834786961e-20
