0 1.2324460833822013e+00 -1.0520689170508361e-20
1 1.8043915154679574e-01 -1.1838054894838385e-19
2 6.9453495730534234e-02 -7.9403773776712292e-21
3 4.0635952200755332e-02 1.4594700395935030e-21
4 2.9264527217175370e-02 1.1081363624494327e-21
5 2.3446437101331017e-02 -6.5645479763476569e-22
6 1.9698136218979864e-02 -1.1155188221097631e-21
7 1.6238659823560216e-02 -3.1913694744926008e-22
8 1.3840727061015580e-02 -4.0193305929186253e-22
9 1.1979991219684911e-02 9.6748097793018741e-23
10 1.0457480746237908e-02 4.1173316747257720e-23
11 9.0052631112573639e-03 2.7633542812519030e-22
12 7.8329632861951111e-03 2.4958427370798559e-22
13 6.9427791021443239e-03 -3.7217795110073728e-22
14 6.0907705355900503e-03 2.4275919442805964e-22
15 5.1415219582273304e-03 1.0304374458387202e-22
16 4.2456440854623211e-03 -2.4289758623058066e-23
17 3.6115075584838051e-03 2.4908082894891493e-23
18 3.2311517385993360e-03 1.6814802818995515e-22
19 2.8163341517321466e-03 -7.7531195778127991e-23
20 2.3213361178131020e-03 1.3104120258553848e-23
21 1.8522436173042793e-03 -6.1102681878463670e-23
22 1.4716339120630336e-03 6.6826919313067047e-24
23 1.1350238530419509e-03 5.0869092717514747e-23
24 8.9116573678587946e-04 -3.3453780705999824e-23
25 7.3328439828519558e-04 -2.3130485527376665e-23
26 6.2052266093515413e-04 6.9811625662026044e-24
27 5.3561907789148101e-04 -3.0504623783087969e-24
28 4.7797739083618745e-04 8.6287460162419624e-24
29 4.3423773666272677e-04 -1.9175134753034437e-23
30 3.8851503831853707e-04 -1.0385412195540216e-23
31 3.7279642460077690e-04 -4.7840900676701219e-24
32 3.5728406083910158e-04 1.6579882424452948e-23
33 3.2647869662158447e-04 1.9828811019110806e-23
34 2.9859932598525152e-04 -1.3687526232227567e-24
35 2.7981701976230211e-04 -6.0001329591035788e-24
36 2.5141509373809520e-04 -5.9355722950841520e-24
37 2.2283000696703489e-04 1.3897442345996637e-24
38 1.9606542704570849e-04 -2.5896262111994991e-24
39 1.8085430012710515e-04 -5.9493167821842312e-24
40 1.8521750931042069e-04 -3.1403160394887030e-24
41 2.0976611754877070e-04 3.6710647710820806e-24
42 2.3230568741524813e-04 7.0789026974412721e-24
43 2.4624872600796275e-04 -1.2098861045547049e-23
44 2.6824609858179765e-04 -9.4367427340165774e-24
45 3.0717574860509027e-04 -1.5191989296682085e-23
46 3.3869600193151163e-04 -4.9790121597359072e-24
47 3.5977264012090979e-04 -3.2101068514092948e-24
48 4.1187947511149510e-04 3.0157281687409257e-24
49 5.0067308298850873e-04 -1.8832988425945691e-23
50 6.4390825141428588e-04 -2.6633897430464503e-23
51 8.3090340443170148e-04 -2.0298709561661919e-23
52 1.0438114047532665e-03 1.8794275704494495e-23
53 1.1930106533404067e-03 1.5082669381297503e-23
54 1.2777810592768197e-03 -7.1796277513606716e-23
55 1.4053545717015315e-03 6.1539439798666118e-24
56 1.6250026581380427e-03 -4.9627679648031591e-23
57 1.8424268113552457e-03 4.5263527513817653e-23
58 2.1724565468113372e-03 -8.9181955423992150e-24
59 2.8092613887608351e-03 -5.7299639053331252e-23
60 3.8547945907470892e-03 6.8062845207337602e-23
61 5.3232234851479281e-03 -8.6724008153365565e-23
62 7.1617481061346305e-03 -1.3347086877453092e-23
63 9.5359097827705346e-03 -3.6622622627192662e-22
64 1.2339396369789040e-02 2.5603425989195924e-22
65 1.4559803016748319e-02 -5.6595250997103037e-23
66 1.7389587921084471e-02 -7.0288593297642473e-22
67 2.0797019732021017e-02 -9.9983629836164421e-22
68 2.6183062454304296e-02 -9.4972056441918510e-22
69 3.6977309797821593e-02 2.6738828241044840e-21
70 6.2555335538098583e-02 1.0815816075592910e-20
71 1.6479691580800704e-01 -2.8618797451581481e-21
