0 1.1807333387679666e+00 8.0899481820037431e-20
1 1.7053561942132150e-01 -1.0965439213646032e-19
2 7.1287311395495961e-02 -1.5306603214951187e-20
3 4.2600263498094280e-02 2.9350511675472019e-21
4 2.9298056728863590e-02 -6.8253112750864120e-22
5 2.1322448572543971e-02 3.4752280624069633e-22
6 1.7091693631975748e-02 2.7527656803235488e-22
7 1.5156952139994084e-02 5.3070114846166552e-22
8 1.2862621667542672e-02 6.4340216118741470e-22
9 1.0259145941760478e-02 -1.3053388407314221e-22
10 8.3549394966127202e-03 1.0438899443541846e-22
11 6.8247909203238118e-03 1.4275233417703862e-22
12 5.5555974964018396e-03 1.1424880523691575e-22
13 4.5008144310022804e-03 1.7551610082094153e-22
14 3.7104099724061738e-03 1.0348406003451650e-22
15 3.0637381064440253e-03 1.1458142662141964e-22
16 2.5710506303762725e-03 1.6323637290670973e-23
17 2.1784967715841735e-03 -6.5238674215473579e-24
18 1.8813066264636716e-03 3.5740747511102097e-23
19 1.7337131799262855e-03 -4.0391907503028261e-23
20 1.5214323485617635e-03 9.7478122639595384e-24
21 1.2737682411234834e-03 -1.6385752480044835e-23
22 1.1314712639141158e-03 -1.7144048096441658e-23
23 9.9492405145372225e-04 5.9828704757038431e-23
24 8.8781275493542730e-04 -3.6348409380847580e-23
25 8.4259390957000058e-04 3.5604419555573933e-23
26 8.1347426338477255e-04 3.1076853218795048e-23
27 7.7752743731246280e-04 1.2303735601989088e-23
28 7.3137837303447449e-04 -3.9752891846060502e-24
29 6.5316859886009322e-04 5.6498595648942025e-24
30 5.5642647608172455e-04 -1.1710772461505355e-23
31 4.6453344947781602e-04 -6.8871872728869628e-24
32 3.7872583510797057e-04 4.7122137225419584e-24
33 3.1483968832568413e-04 -3.7211226758258111e-24
34 2.8213034435248203e-04 8.6546896656507603e-25
35 2.7224890649142159e-04 -1.8824243911028208e-24
36 2.6717722359497035e-04 -4.2174942786857057e-24
37 2.6085347320541351e-04 -3.3516301490695300e-24
38 2.5436425342377408e-04 -1.0257134683168637e-23
39 2.5650125180443387e-04 -8.6218172473768516e-24
40 2.7143570993986118e-04 4.3272407687655714e-24
41 3.0860228038557175e-04 -1.0825300357667373e-23
42 3.2658381431512453e-04 2.4480210585383095e-23
43 3.2864758989185688e-04 6.6796664936618320e-24
44 3.4100979229146185e-04 1.3716516893909190e-23
45 3.8818838828636013e-04 1.6461783026041419e-23
46 4.7489285084686896e-04 2.4477796317702842e-23
47 5.8512675707590907e-04 3.7555471680146428e-24
48 7.2334710218540852e-04 2.3661056462328304e-23
49 8.8988549017598897e-04 8.2624765876179814e-24
50 1.1892748882731891e-03 1.8822745351423491e-23
51 1.6531836126409381e-03 6.3155100603287855e-23
52 2.1888561522104876e-03 -1.4363516694530465e-22
53 2.5940107745750997e-03 1.7745959453781762e-22
54 3.1551094287275401e-03 -3.7266467920195789e-23
55 3.8565596054654055e-03 -8.3821263257616642e-23
56 4.7467193467532753e-03 -1.5164487490081858e-22
57 5.7038842764347113e-03 -1.8277875408819528e-22
58 6.6460643258394111e-03 -2.0049079559286357e-22
59 7.7796905004184390e-03 -1.2139121970298057e-22
60 9.2587716163152773e-03 3.4285622083192586e-23
61 1.0769827655426861e-02 3.5647403386308437e-22
62 1.2817092897351305e-02 1.1469080365520678e-22
63 1.5684885331635295e-02 4.4407584176976158e-23
64 1.8414513813022768e-02 -3.7699833676842236e-22
65 2.0401361847126469e-02 -1.1564570972294369e-21
66 2.2363553454380035e-02 6.0091063706644196e-22
67 2.6359809986241007e-02 -9.1001519882304004e-23
68 3.3295772072160938e-02 -1.2018653164187075e-21
69 4.0164803321762553e-02 -5.1489503915418108e-21
70 6.0054602016447647e-02 -4.8840028304508525e-21
71 1.5454935125499705e-01 5.7222204138851908e-20
