0 1.1260184626470864e+00 2.4863516069300275e-19
1 1.2946317377816907e-01 9.4363752292261254e-20
2 4.2860803809471486e-02 -1.9995305666412483e-20
3 2.2767937734646828e-02 -2.2898192917814107e-21
4 1.4888768345798938e-02 -6.2133390953436624e-22
5 1.1204136761479707e-02 1.6862407471375211e-22
6 8.8590226272975917e-03 4.7969718491984294e-22
7 6.8500871187198512e-03 -2.7754426300136205e-22
8 5.2415844435139101e-03 -9.4305724021816492e-23
9 4.1990375371364509e-03 2.0798348364052252e-22
10 3.3947796854173155e-03 -1.1371893198594324e-22
11 2.9264244534907657e-03 4.5371201732182323e-23
12 2.7958083994750788e-03 -5.1290055415990358e-23
13 2.7506091565768160e-03 -1.2968164075005755e-22
14 2.6961153607691752e-03 2.2894743817169030e-23
15 2.4835849231845098e-03 -8.0807625931621650e-23
16 2.1771196653996763e-03 -1.0493491627109228e-22
17 1.8676574589665082e-03 1.4020727501582494e-22
18 1.6628243473443911e-03 2.5148454312959615e-23
19 1.5124725521971454e-03 -3.4184754674221319e-24
20 1.3437786864662371e-03 3.4329852818042402e-23
21 1.2001847833994206e-03 4.8920289719221899e-23
22 1.0651620870198253e-03 4.9096941200101743e-23
23 9.0740515488917832e-04 -2.5300837695451699e-23
24 7.3243534495314312e-04 -1.0809305169033923e-23
25 6.1239299835113593e-04 -1.9738110385120039e-23
26 5.2534543089499653e-04 -2.6030744100552632e-23
27 4.5040757310628487e-04 8.5279611456156299e-24
28 3.9589725250003925e-04 3.4799265661197171e-24
29 3.4967359212806137e-04 -5.7199581919972044e-24
30 3.0871437900433494e-04 -1.4625425695078007e-23
31 2.8515978329373169e-04 -2.7802460988685098e-24
32 2.6943676143290334e-04 -7.9511568177601153e-24
33 2.4982373422116513e-04 -8.2148564222011412e-24
34 2.3039827136796736e-04 -1.2490672222417362e-23
35 2.0090852154221596e-04 8.2028241414896320e-24
36 1.6872467128566083e-04 -4.9152355823663009e-24
37 1.4557518530041640e-04 4.1962111107700730e-24
38 1.3359534531065092e-04 -6.5840828351646398e-24
39 1.3469439526729628e-04 1.1615360531515883e-24
40 1.4109578095267798e-04 -2.6303024472142195e-25
41 1.5840809671022253e-04 -3.6353467969620113e-24
42 1.8763221956651660e-04 -4.7817722119040582e-24
43 2.2033365961654234e-04 3.3225241914644276e-24
44 2.5811872731982557e-04 -8.9730669477833903e-24
45 2.8677919438906607e-04 6.2660013097613759e-24
46 3.1612761967956870e-04 1.0078992155758653e-23
47 3.4788154174048160e-04 -1.3717524152244123e-23
48 3.7355494117680761e-04 -1.0131289128820334e-23
49 3.6593904151384409e-04 -1.3065309635612506e-23
50 3.5838583643289416e-04 1.4705118829628823e-24
51 3.7499407862096095e-04 1.4615458747772708e-24
52 4.1786595917763083e-04 -4.6983843882516971e-24
53 4.7958213489970072e-04 -1.1493830265652534e-24
54 5.4856089401794607e-04 -4.3772572538109253e-25
55 6.4002360259592030e-04 -1.1929750656256432e-23
56 7.6862280094092562e-04 1.3523575569751984e-23
57 9.7744634070843768e-04 4.3939981432241903e-24
58 1.3095597681342405e-03 2.7274966282494170e-23
59 1.7164300543674644e-03 5.3055552540524210e-23
60 2.1499469970649105e-03 -2.0112070663159905e-23
61 2.6633259090703852e-03 -7.0959887005677840e-23
62 3.2975352084330038e-03 -3.5573341344013700e-24
63 4.1460341227346573e-03 -4.9119983218535899e-24
64 5.3365990993890829e-03 2.7041496039858530e-22
65 7.0879979138296877e-03 2.4358774040342191e-22
66 9.0636455843452878e-03 -4.4358810214234826e-22
67 1.1427052296336917e-02 6.1011850303080132e-23
68 1.5201374488039210e-02 -6.1710695542032423e-22
69 2.3412403990270361e-02 -5.1972561312973710e-22
70 4.2829017695268097e-02 -2.2968697886271248e-21
71 1.2781999366541527e-01 -2.0555709112823377e-20
