0 1.1761102002467478e+00 -2.9659885094345803e-19
1 1.5768897958992775e-01 5.3868203394061546e-20
2 6.6337837736667474e-02 9.0097412103967786e-21
3 4.1559038396449803e-02 2.6098089009602924e-21
4 2.9626634232642786e-02 -9.4815794844012522e-22
5 2.3738047109321529e-02 -6.5170691227291184e-23
6 2.1166009732120999e-02 -7.3463352577674512e-22
7 1.9345603936246476e-02 2.3309800990361306e-22
8 1.8081349894789090e-02 -1.7107979176669441e-22
9 1.6390749371340878e-02 -3.1725665693508478e-22
10 1.4500537690713409e-02 -5.8585527625575872e-22
11 1.2371636816066173e-02 9.3916522172546862e-23
12 1.0664471548686227e-02 -1.4790061694539590e-22
13 8.9044178403092870e-03 -7.2799785236553619e-22
14 7.2222049198038480e-03 -2.4435863572024976e-22
15 6.1010792711294701e-03 -2.6479265574682786e-22
16 5.1670209636258584e-03 5.6987425481275484e-24
17 4.4679392920366793e-03 3.0157688923285346e-22
18 3.8409500196103859e-03 1.1252810239822244e-22
19 3.3778693917768882e-03 -2.0290119259101039e-22
20 3.0158844639795197e-03 1.2769181802399850e-22
21 2.5913593617912893e-03 -7.8269549893889127e-23
22 2.2735444687708431e-03 2.4510940023472855e-23
23 2.0586464656755410e-03 1.0285931395461870e-23
24 1.7228317330178055e-03 -9.7463123727659754e-23
25 1.3613776330663177e-03 2.7708449218069553e-23
26 1.1359938210085273e-03 -7.0978494041877817e-23
27 9.7069976726806364e-04 -8.1707826659655263e-24
28 8.2673585452636513e-04 1.3089282668338632e-23
29 7.2032711895729182e-04 7.0996497000839004e-24
30 6.2498673499761313e-04 1.9112217200463691e-23
31 5.6553342597151068e-04 -3.4013869843354748e-23
32 5.3033292257542697e-04 -7.0875629492184504e-24
33 5.0828985986411902e-04 -3.5357804545335851e-24
34 4.7634176575028092e-04 4.5074014506958631e-24
35 4.3939428288864108e-04 8.2403512618729913e-24
36 4.2278827933625373e-04 -7.9732179533900000e-24
37 4.2518568760938709e-04 -1.1756048691201476e-23
38 4.3442665921641818e-04 -4.7118667293625215e-23
39 4.2443730558417369e-04 -1.5757145121374247e-23
40 4.1404648551984313e-04 9.1681674964453092e-24
41 4.0652513095240298e-04 1.3647937480960669e-23
42 4.0897626860398310e-04 1.2310491619954753e-24
43 4.3950929307791473e-04 1.0422415698973126e-23
44 4.8552402533790781e-04 -6.1736137217840849e-24
45 5.6341572768241362e-04 -1.7214512750303270e-23
46 6.8089467981742602e-04 -1.7723755132739477e-23
47 8.1378571022860436e-04 3.3135791383602367e-23
48 9.5972341193455428e-04 1.0326987075664821e-23
49 1.1344446793976602e-03 2.6164519450563743e-23
50 1.3344907599175419e-03 -5.6477839931674816e-23
51 1.5716079428869595e-03 -7.7989605284570911e-23
52 1.9550538589086122e-03 6.1614920078776713e-23
53 2.5419059849960115e-03 5.0998920466911420e-23
54 3.1168645667363866e-03 -6.0244877740346177e-23
55 3.9672110297057457e-03 -5.1849393181945830e-22
56 4.8046364766093563e-03 1.6617234502283483e-22
57 5.5245974177923840e-03 -2.6974663420810840e-22
58 6.5164709537879253e-03 1.3532427654524719e-22
59 7.9740351005965181e-03 -1.1124930356750075e-22
60 9.8798034822673037e-03 -2.0416204313954009e-22
61 1.2303533508824573e-02 -9.6430868934573941e-23
62 1.4300219137260000e-02 3.4537284809174939e-22
63 1.5960184982672650e-02 -9.2404532795959999e-23
64 1.9411921972174149e-02 -3.3815434064886295e-22
65 2.4412147624236744e-02 -2.3343251128844124e-22
66 2.9626317962985392e-02 -3.6114913724802878e-21
67 3.4146670616426192e-02 9.7250629914349992e-22
68 3.6275966389234734e-02 4.3143934313896828e-21
69 4.2322174979235169e-02 1.7160434831264434e-22
70 6.0548875862539923e-02 -1.5837056389806577e-20
71 1.5044476639437698e-01 -9.7274866934697713e-20
