0 1.2352744015632375e+00 3.4552166986628054e-19
1 1.9882517115750190e-01 1.3435632378735276e-19
2 9.0935955493910772e-02 -1.1154598209908088e-20
3 5.9965905650588583e-02 4.4585696145754807e-21
4 4.5963810088865277e-02 7.7028061091289959e-22
5 3.7471204809123915e-02 2.3105053344996930e-21
6 3.1313019936786257e-02 -6.3273676897271186e-22
7 2.6491346822386699e-02 -1.0816190092499314e-21
8 2.2173045870040146e-02 5.3452944956702027e-22
9 1.9068097841250690e-02 4.6311639202504922e-23
10 1.6579765987206840e-02 -3.2209246429514633e-22
11 1.4516939686424432e-02 -4.8463552622267378e-24
12 1.2452794665823151e-02 -1.3094442191828652e-22
13 1.0570728825305039e-02 -1.9064552618445142e-22
14 9.1363201326383498e-03 -1.0978420366576443e-22
15 7.9080996687229434e-03 1.7864998877177557e-22
16 6.9658422778656696e-03 8.5526632775044388e-23
17 6.2147290658387038e-03 -1.7232509447130323e-23
18 5.5585668106074406e-03 4.5365121462741383e-22
19 4.8215336561816691e-03 3.4818607399010274e-22
20 4.0531078452812567e-03 1.9137438376226909e-23
21 3.3316028142462289e-03 1.0269129607205745e-22
22 2.7895378628340082e-03 -2.3022742506212664e-23
23 2.3549466987746030e-03 -7.4355567048637655e-23
24 1.9640843965393387e-03 -8.5164500968399404e-24
25 1.7382588838989652e-03 -4.1313538594977353e-23
26 1.5155352448640213e-03 6.8862196508642680e-23
27 1.2532004334079561e-03 1.9540794174104808e-23
28 1.0529192760636366e-03 2.8716758245305497e-23
29 9.0308113796356778e-04 3.2097003239489516e-23
30 7.8359034870198062e-04 3.0852023152972252e-24
31 7.1090112159160669e-04 -3.3256973379010842e-23
32 6.7771544851011269e-04 -8.8989060861196304e-25
33 6.3423517559091434e-04 -4.2655427619193209e-23
34 5.8620717216711796e-04 2.4354033388441903e-24
35 5.6657507596361099e-04 4.4773219600441223e-23
36 5.5319749955007260e-04 6.0788089182896817e-24
37 5.2052815807232436e-04 -1.3029179617174183e-23
38 5.1035729798934546e-04 -1.9900184684544539e-24
39 5.4137978006518739e-04 -3.8195903709429034e-24
40 5.9118917944345044e-04 -3.4855302577762959e-24
41 6.4135519150633718e-04 -1.5310104652616176e-25
42 6.9004453392014454e-04 2.2330858045203753e-23
43 8.0408663155990959e-04 1.8208440113536236e-23
44 9.5750299212476943e-04 1.4231454935402253e-23
45 1.1366815700676676e-03 -3.4058657351601030e-23
46 1.3498972939092373e-03 1.7711327162560027e-23
47 1.5906358654053697e-03 1.2269531114578883e-22
48 1.8467627300870839e-03 -1.2936552512837718e-22
49 2.1446494792564195e-03 -3.0561478147154029e-23
50 2.4211432273324495e-03 7.5011732424864738e-24
51 2.6485438669956881e-03 -1.9055845041025853e-23
52 3.0004259066047519e-03 -6.3494008053125191e-23
53 3.5887349288128887e-03 3.6584306563762787e-23
54 4.2070197968423180e-03 2.3513987286342103e-22
55 4.8253357458585304e-03 -1.3586084197642908e-22
56 5.6082866768697474e-03 -1.8885240403512553e-22
57 6.4812149778206915e-03 -1.2886177339285578e-22
58 7.5494981803067929e-03 -3.7711223210260676e-22
59 8.8769909563338918e-03 4.3595747816783421e-23
60 1.0136114255916758e-02 3.7542834037243705e-23
61 1.1840219762796431e-02 -4.5761836463281911e-23
62 1.4052979940604598e-02 -7.0892044748588028e-23
63 1.6385241563210091e-02 -5.2356691612195993e-23
64 1.9724415161923515e-02 3.9750920797756936e-22
65 2.4329669539828114e-02 -2.8506309015706817e-22
66 2.9025433844842276e-02 -1.9242631252989566e-21
67 3.4634074912888543e-02 -5.1189321467780111e-22
68 4.2512522349496436e-02 -2.1442641971181178e-21
69 5.7133052573703338e-02 -1.9813521092196300e-21
70 8.9960073103079866e-02 2.9182828234513113e-20
71 1.9861531283771239e-01 -7.9547618782490156e-20
