0 1.1638588469126205e+00 -1.4956109037910629e-19
1 1.5621850342971069e-01 -1.9422856525897454e-19
2 5.0950463161421017e-02 -2.0961224034737459e-20
3 2.6511473369384669e-02 -2.4654393980308352e-21
4 1.7112414207342910e-02 -1.9183690820051154e-21
5 1.2966505640132462e-02 -4.8811780034830337e-22
6 1.0005641670771922e-02 6.2159369987096308e-23
7 8.1563563701396481e-03 5.6789443915091210e-22
8 6.5959360443302020e-03 2.2834941331735450e-22
9 5.3908360324038136e-03 -2.3783807995542253e-23
10 4.4449145473783392e-03 6.0455621055815408e-23
11 3.6822267115513567e-03 7.2054180783213252e-24
12 3.0720248079546468e-03 8.3064897221821413e-23
13 2.4418549205257921e-03 1.3251805166337184e-22
14 1.9196332154708443e-03 1.3228522407069054e-23
15 1.6424006258020370e-03 3.2118041622672972e-23
16 1.4226192320990513e-03 2.7518402592715317e-23
17 1.2016600956633702e-03 -8.4044162845932609e-23
18 9.5534860444804973e-04 -1.4278273982362070e-23
19 7.6642477634603870e-04 -2.5441890819740857e-23
20 6.2019463652120989e-04 7.4955414308255694e-24
21 5.1451375406901998e-04 1.6835706710258533e-23
22 4.3341273127353916e-04 -1.2554881037526587e-23
23 3.6981519420976541e-04 5.1272850089441074e-24
24 3.2421321791281616e-04 3.9156509893480556e-24
25 3.0299793428142512e-04 1.0944957007291551e-23
26 2.7906029872350554e-04 -2.2300944737313964e-23
27 2.3771177437296607e-04 1.8223246519230560e-23
28 1.9001369308959816e-04 -3.8013161101767364e-24
29 1.6133630900772689e-04 5.8171935730330570e-24
30 1.4648395498000015e-04 4.0721673271462449e-24
31 1.3876925264590538e-04 -8.4602822599077634e-25
32 1.3668494055138844e-04 2.8237075443695821e-24
33 1.3305677025796572e-04 -1.3304597015167180e-23
34 1.1880682836442642e-04 -3.8869308222496663e-24
35 1.1124346458146422e-04 -4.4139256805826284e-24
36 1.0862070115630457e-04 3.8987602171516067e-24
37 1.1450237994678270e-04 -1.1807783102523730e-23
38 1.3109586893885210e-04 9.7699651139382575e-24
39 1.5502165209009419e-04 7.3451029365206047e-24
40 1.7622071338763154e-04 -3.3569310245733784e-24
41 1.9688542608526852e-04 4.1988652581419822e-24
42 2.2343872092856799e-04 -6.7310952270446274e-24
43 2.5648228823544055e-04 -2.2098854632598490e-24
44 3.0529653943662860e-04 -4.0472350246336210e-24
45 3.6141016583405601e-04 9.3086809710181519e-24
46 4.4292903974513324e-04 -1.1618819204469646e-23
47 5.6126919842869587e-04 -1.9563018906276308e-23
48 7.0577750310286621e-04 5.2435265201729823e-23
49 8.5622098062923730e-04 4.7451955593089308e-23
50 9.8986300232199276e-04 1.6241226953189095e-23
51 1.1499177366345395e-03 8.5602701923682908e-23
52 1.3353097354873978e-03 2.9112211201833236e-23
53 1.5755486002888518e-03 -6.2302014601207041e-23
54 1.8171274149913460e-03 -1.3549729301929622e-23
55 1.9334490576175423e-03 1.0292838994176262e-22
56 2.1480628621568017e-03 7.0999698076400994e-23
57 2.5398214849002101e-03 -3.6844645023642891e-25
58 3.0523158423978423e-03 -8.1723860344229797e-23
59 3.8978987992461045e-03 -4.4704508343281699e-23
60 5.0521467107642274e-03 -7.5829418851635278e-23
61 6.3120151355864455e-03 4.9397857677081729e-23
62 7.4615605147763456e-03 6.7718040571537697e-23
63 8.9253094544162991e-03 -7.1894832569182193e-23
64 1.0262314233799787e-02 -4.3314325498030537e-23
65 1.1647965765217571e-02 6.3404398225986849e-22
66 1.4267430288208921e-02 9.5848120530292819e-23
67 1.7899710272008523e-02 3.2022248528412964e-23
68 2.3398143675561908e-02 1.4271785566385817e-21
69 3.4476012768898272e-02 -6.5369866559018774e-21
70 6.0218833020910661e-02 5.2286085353943461e-21
71 1.5670398082542766e-01 -9.0986463056466301e-20
