0 1.3117180700799604e+00 2.8474215710974845e-20
1 3.0304039124187893e-01 7.9664372070631833e-21
2 1.9174226304574168e-01 -1.5443359131876820e-20
3 1.3795875720539505e-01 4.9824586953942932e-21
4 1.0093007064236199e-01 -3.2726965848503082e-21
5 7.8250136712433901e-02 -6.7265242647497733e-21
6 6.3112107325421857e-02 1.2551527461219914e-21
7 5.3088864907448838e-02 -9.9522715567290050e-22
8 4.4704177405637181e-02 1.6258088899544418e-21
9 3.8867114176677049e-02 -1.3681023169976230e-21
10 3.5645751122069927e-02 -1.1986785269115137e-21
11 3.3185069872434324e-02 3.8922634242073089e-22
12 3.2156693237184154e-02 8.0808083811343010e-22
13 3.1011166342857843e-02 -1.7691708093573768e-21
14 2.8257249908116022e-02 -8.1741163352599182e-22
15 2.4067939932967464e-02 6.5218494521953780e-22
16 1.9599548494854464e-02 4.4566683727197372e-22
17 1.5617386336909424e-02 5.3973016537145945e-22
18 1.2897896080183947e-02 1.1198948859401671e-22
19 1.0804924499242996e-02 -3.2205604466152901e-22
20 9.0896940445225512e-03 3.5157191399802085e-22
21 7.6581303719435350e-03 -7.2412469052831706e-23
22 6.6500481827158602e-03 7.5509254939427636e-24
23 5.8818504339179416e-03 2.3607969787257338e-22
24 5.4568261418217849e-03 1.1280164738959197e-22
25 5.2291895868990402e-03 1.6886776866209057e-22
26 4.9902601313033118e-03 1.4073149781158404e-23
27 4.6475261294748535e-03 -1.1081159025568529e-22
28 4.1802102790032790e-03 3.4179884223855679e-23
29 3.5854734436132352e-03 -1.0232079489141796e-22
30 3.1490971548772963e-03 -3.6567269157476815e-23
31 2.8788275836642923e-03 -5.1124869450677163e-23
32 2.7710048663519438e-03 -1.8073136634010618e-23
33 2.6274211714576458e-03 -3.4405058471661021e-23
34 2.3958729049159701e-03 1.2002909589304022e-24
35 2.1536244277292321e-03 5.7109641686698116e-25
36 2.0336322856240410e-03 5.5920715228944217e-24
37 2.0128502407374418e-03 3.0682249663599483e-23
38 2.0074983508371600e-03 -5.0917866091694539e-23
39 2.0335950547605555e-03 -1.8376840900803615e-24
40 2.0599520428715139e-03 3.5257751508163232e-24
41 2.0765067501394832e-03 -6.5909666621982642e-23
42 2.1423593786726383e-03 5.7815531593357962e-23
43 2.3877237802229687e-03 -9.6128776848002062e-23
44 2.6792611415287007e-03 2.2801566923242725e-23
45 3.0806745225968419e-03 3.8202072360524698e-22
46 3.7070940847677945e-03 -1.1262662476253195e-22
47 4.5680729602107601e-03 -2.5618076267240355e-23
48 5.7763648177257239e-03 -6.1546845842179792e-23
49 7.1496483665489377e-03 2.6680689945130427e-22
50 8.8477199124025602e-03 -9.8186881305897704e-23
51 1.0105803335038490e-02 9.3204572180659930e-22
52 1.1310897802869140e-02 8.3813621101223550e-22
53 1.2971386606262495e-02 2.3518442870231880e-24
54 1.5531285947287915e-02 1.9685217206036840e-22
55 2.0097910391939779e-02 4.4050065964363118e-22
56 2.3737167823615193e-02 7.8715810844860066e-23
57 2.6260046968585214e-02 -4.1142128779483046e-22
58 3.0488253582938094e-02 3.8170803967331460e-22
59 3.7407345936376436e-02 -2.1952307424421704e-21
60 4.7329231694036751e-02 2.0298231829733514e-21
61 6.0123228173636932e-02 4.1609527773549589e-22
62 7.3846725142558758e-02 4.5419811370809204e-21
63 8.6318701831588407e-02 1.3264287474297258e-21
64 9.9869913562214890e-02 3.7584546010990036e-21
65 1.1072507476139469e-01 1.1308370822108588e-21
66 1.2173960871125915e-01 8.3527936441034254e-21
67 1.3828378454656939e-01 8.2417074637321229e-21
68 1.5964999867885513e-01 7.7140517707401994e-23
69 1.7677412445208746e-01 -3.5188500864841638e-21
70 2.1463346628484392e-01 -2.2079058317898181e-21
71 3.0850790022667807e-01 8.7071214014679531e-20
