0 1.2084461750737299e+00 7.4530215529091623e-20
1 1.6620678754584006e-01 -2.3970848067001942e-20
2 7.3780965172441454e-02 -1.0777130167758421e-21
3 4.7887545884080417e-02 -3.7666462128157921e-21
4 3.5270593010791405e-02 -5.2665537623687901e-22
5 2.7913441287301416e-02 1.3350770724294803e-21
6 2.4044154308184545e-02 5.9831630869230416e-22
7 2.1982217266381415e-02 -1.3040998400242473e-22
8 1.9759340920779550e-02 -7.8661507637759669e-22
9 1.7623565582216377e-02 6.4017340438091979e-22
10 1.5596894071527612e-02 -4.8673445960662980e-22
11 1.4372640175433814e-02 5.4599472330178690e-23
12 1.3644110508850529e-02 4.8404066367614321e-22
13 1.2729235706885269e-02 -1.1692492228523463e-21
14 1.1044791550912201e-02 -1.1836777774921501e-21
15 9.2841537306294995e-03 4.2226748435063955e-22
16 7.8565962045864784e-03 -1.0723921058203487e-22
17 6.5982163883394748e-03 -3.9369102468316057e-22
18 5.4902490264702782e-03 9.3103937069666029e-23
19 4.7008451498735063e-03 -1.9651190761744696e-22
20 4.0122494839511186e-03 -1.0643939335658958e-23
21 3.4250970872880858e-03 2.7070662917097459e-22
22 3.0189178180352501e-03 -5.2630641886017401e-23
23 2.5754617745001231e-03 4.7954817444451906e-23
24 2.1739364837038751e-03 2.2822305293839116e-22
25 1.8590664979991074e-03 9.6699691194284217e-23
26 1.5602473924320437e-03 -4.0335130137444558e-23
27 1.3468321026414833e-03 2.5921790538234027e-23
28 1.1637791474864352e-03 6.3848640249612279e-25
29 1.0038657683828435e-03 -3.7752638987429959e-23
30 8.3991848404406648e-04 -8.9053212245309834e-25
31 7.0388384561916842e-04 -1.5348298020111689e-23
32 6.0151126438715322e-04 6.3310195610868793e-24
33 5.2272437679199346e-04 -1.2266888097270196e-23
34 4.7605164106336864e-04 -2.2954063796212774e-25
35 4.5989389195781789e-04 1.1561524952561694e-23
36 4.6070954302595136e-04 1.4767241048205168e-23
37 4.7933120374038936e-04 7.3074824849124765e-24
38 5.2168402889692588e-04 1.7614539541941502e-24
39 5.8597739256507420e-04 -1.4926292512727016e-23
40 6.4650314879631402e-04 5.2970151364539517e-24
41 7.1454749493713994e-04 -2.7524550741981836e-23
42 8.0534886690515096e-04 1.5836993571565987e-23
43 9.2601855195990933e-04 -1.4166442378787802e-23
44 1.0148317847218742e-03 -5.2413612907548280e-23
45 1.1993225289369204e-03 7.9009065996071110e-23
46 1.4102668675891915e-03 -1.0836060269707762e-23
47 1.5878867363617528e-03 -1.6646010885890037e-22
48 1.8702137233949361e-03 -3.1961220852163053e-24
49 2.1995702949928349e-03 -9.8613942325758754e-23
50 2.4338790939703332e-03 -1.0349290512082192e-23
51 2.7117132765770427e-03 -6.4204224442277294e-23
52 3.1614364623423607e-03 -3.8197830799764318e-23
53 3.6820077147160790e-03 -1.7818265437077791e-22
54 4.1703634138997286e-03 -1.0476583523129421e-22
55 4.7379845997646535e-03 4.1422338707852348e-22
56 5.6128886356366856e-03 -1.3773643832993560e-22
57 6.7277013632065395e-03 4.2934012059210269e-22
58 8.4040421513398803e-03 6.6455629938732291e-22
59 1.1142732580479899e-02 -4.7981087847435637e-24
60 1.3867536984255325e-02 -3.1343647189291503e-22
61 1.7113555058233712e-02 -1.0903927405776170e-21
62 2.1614022145281960e-02 -5.0616369820284768e-22
63 2.5005315977925713e-02 7.1947740261553955e-22
64 2.6859268567279260e-02 -1.2860324881214001e-21
65 3.0628314409294369e-02 -2.0442894166997034e-21
66 3.7565230735332536e-02 1.5094683415041634e-21
67 4.7982226295377031e-02 2.8071875720329031e-22
68 5.8680547812216745e-02 4.8400436790758047e-22
69 6.8207695981741381e-02 4.6517720151404758e-21
70 8.9038299088453413e-02 -8.4709711114509414e-21
71 1.7887133511026643e-01 1.5536213079725977e-19
