0 1.2274466495252272e+00 -3.3750472696677061e-19
1 1.7223473042580145e-01 4.5117428186696136e-20
2 7.0758675266808263e-02 -3.8010952387182058e-21
3 4.3469797108527858e-02 1.1987164119352246e-21
4 3.2319738859410828e-02 1.7981672731938522e-21
5 2.6536396480623080e-02 -6.0099090343268383e-22
6 2.2312052192058264e-02 -1.2039485956009181e-21
7 1.9424975570687338e-02 -5.6317655599438777e-22
8 1.6871167207830697e-02 -7.6870107991247131e-23
9 1.3628220700776763e-02 2.4493574373240648e-22
10 1.1358056372835648e-02 -1.2498277444738365e-22
11 9.6694158663439417e-03 1.3958713684916693e-22
12 7.9861348119936552e-03 -9.7060903135682785e-23
13 6.4351240323237734e-03 6.1772093680657525e-23
14 5.5369605458409606e-03 1.2477284908063122e-22
15 4.9283491482097512e-03 -2.7364674554681263e-23
16 4.4649814532794442e-03 -1.3591820558342990e-22
17 4.1265616001648553e-03 2.8979803136582613e-23
18 3.6888130025125765e-03 6.0778601328715154e-23
19 3.1232054524014769e-03 -5.8527162429868790e-23
20 2.6584144252918256e-03 -1.2448438901469383e-22
21 2.1626586069945311e-03 -3.5510312100717484e-23
22 1.8065405314272647e-03 4.3939658897911113e-23
23 1.5993072400092535e-03 -1.1096512688238900e-23
24 1.3890700138450176e-03 -1.3063624651430795e-24
25 1.1926567905922313e-03 1.8351093576259200e-23
26 1.0769962221435375e-03 -2.2722091733058529e-23
27 9.8718240192121947e-04 -1.7703188351301636e-23
28 8.8651713280099695e-04 -2.5863820497320610e-23
29 7.8919141378194953e-04 1.6844852395629263e-23
30 7.0152425295324432e-04 2.1995172467335127e-23
31 6.0009174774717947e-04 -1.6525273308769080e-23
32 5.2570929023635640e-04 -5.1693702735795398e-24
33 4.7829623743789846e-04 -1.3453435986470995e-23
34 4.6178808858591321e-04 7.8545223503053131e-24
35 4.2667287885668628e-04 -7.6247392674993156e-25
36 3.9698008616460644e-04 -3.4036771470931190e-24
37 3.7378396085816287e-04 5.7834326763301824e-24
38 3.5743504689421813e-04 3.6377210870357839e-24
39 3.3844939029240863e-04 -7.0009378643450129e-24
40 3.3693512687175454e-04 1.1308831157675974e-23
41 3.6080904077793736e-04 5.7328320205788543e-24
42 3.9383831229197839e-04 2.5344572300988564e-23
43 4.2996056792014782e-04 3.4193482560771065e-24
44 4.7626111868326820e-04 -3.0821120694130699e-23
45 5.3597495347294333e-04 5.0214930576468291e-24
46 6.3160543642033513e-04 3.3480493524414626e-23
47 7.7048867308504023e-04 1.2921961948780788e-23
48 9.4073750894894145e-04 -2.0910301535249317e-23
49 1.2045318422332597e-03 -2.9669915412942855e-23
50 1.6675790852625084e-03 -7.7559853439774589e-23
51 2.2494809218101576e-03 1.0657652770308176e-22
52 2.8537583569206580e-03 7.7987225196492623e-23
53 3.4767319570782164e-03 5.1378482261241417e-23
54 4.1702721386264940e-03 -9.5736967544021356e-23
55 4.9062655511673183e-03 -5.1129040893789917e-23
56 5.8440769641831345e-03 -1.2721754774613700e-22
57 6.9140439678453741e-03 -1.6899580565237931e-22
58 7.5899021814281598e-03 2.2861164060689234e-22
59 8.1250220027923314e-03 5.5555533909558299e-23
60 8.5736636420875190e-03 6.6506448265729684e-22
61 9.5322185371881484e-03 -3.4555974468988547e-22
62 1.1013738212895526e-02 -8.0441045954589965e-24
63 1.3035030904218689e-02 -3.5428355481135694e-22
64 1.6596151331900420e-02 3.1053368649523505e-22
65 2.0765469371943013e-02 6.8313648855638218e-23
66 2.5998207311402399e-02 4.1168512959215426e-22
67 3.3196217472685044e-02 1.4650594129685810e-21
68 4.2474380219736582e-02 -1.5621900075311762e-21
69 5.6021512322483792e-02 2.7482952128460663e-21
70 8.1924105369204928e-02 9.2022136954765841e-21
71 1.8193402266252662e-01 -1.0913729619592933e-19
