0 1.1355998479280713e+00 6.8289751318106202e-20
1 1.3421186718710559e-01 6.1370771589106439e-20
2 4.4901198208345316e-02 -4.3992517938230495e-21
3 2.4232544210522507e-02 1.4325968975716660e-21
4 1.7059127748249803e-02 4.9820777736504672e-22
5 1.2867834268572100e-02 3.4633598694500610e-23
6 1.0063826876511134e-02 1.5295490972944606e-22
7 8.1877778367145104e-03 -2.2471080796465497e-22
8 6.8577677174576218e-03 -2.5907374899337208e-23
9 5.5375675805355469e-03 2.5172527629897963e-22
10 4.4652967175070777e-03 -5.2264890481300498e-24
11 3.6788474895065749e-03 2.2319447144897185e-24
12 2.9518667878930581e-03 6.5293857267709893e-24
13 2.2857751829566176e-03 1.4014506439749076e-23
14 1.9189790843877901e-03 3.3256315208326129e-23
15 1.7237927005822069e-03 -4.6370846710535073e-23
16 1.4568687072429043e-03 -5.1452811689517713e-23
17 1.2109136192594069e-03 5.0383751074897915e-23
18 1.0295440163081903e-03 -3.8911893479156991e-23
19 9.2438720147329490e-04 -2.4418061957310478e-23
20 8.0533184608928669e-04 1.1084642114120297e-23
21 6.4452240438150671e-04 1.5396150870006674e-23
22 5.2019230271777256e-04 8.0181434931475725e-24
23 4.3599785315895302e-04 7.5633585000939301e-24
24 3.7801701832597802e-04 3.6456084821423730e-24
25 3.3473532325620708e-04 -6.9531829351119043e-25
26 2.9911370385499398e-04 9.4258551332264451e-24
27 2.6563138532585174e-04 1.6286371281409940e-26
28 2.2450809631941032e-04 3.3503139261924266e-24
29 1.9298110993967434e-04 2.8752857280994772e-24
30 1.7167752552948686e-04 -2.2550106849877237e-24
31 1.5144537368868926e-04 3.1462117372873488e-25
32 1.4229925855515328e-04 -1.1697802916882147e-24
33 1.3653683117998851e-04 -2.6682798945931132e-24
34 1.3089447845513608e-04 6.1120641889675116e-25
35 1.2476344422565464e-04 -2.6763006125812785e-24
36 1.2164499394484054e-04 3.3760425052362017e-24
37 1.2177610562152595e-04 1.6675118271862425e-24
38 1.2448367159512838e-04 2.7071969099811794e-24
39 1.3462052725905324e-04 2.7891978461456872e-24
40 1.5893635796927647e-04 1.1908834213302059e-24
41 1.8427196993951676e-04 1.0581212163461029e-24
42 2.0512779485210047e-04 -4.0465748814768528e-24
43 2.2773825934398529e-04 -4.8567133205677058e-24
44 2.4161731447832623e-04 6.3494044450265907e-24
45 2.5291171692153091e-04 8.5541414346191866e-24
46 2.7479700516331364e-04 8.8158482605072011e-24
47 3.1411267668813816e-04 -1.0487197203458124e-23
48 3.6531945617793637e-04 6.9740535019577826e-24
49 4.1389090828546484e-04 -6.4716441154892471e-24
50 4.8224939387474973e-04 2.3196035246556687e-23
51 5.5369323330954948e-04 -5.5784290711591255e-24
52 6.5659997951967686e-04 1.3505289412714500e-23
53 7.5733726243646044e-04 -2.4298609206118419e-24
54 8.3738374608951257e-04 -6.1227918549618933e-23
55 9.2312747630852684e-04 1.2117783638479574e-23
56 1.0556286677200020e-03 -4.7186718457860394e-24
57 1.2740583571458160e-03 -2.0424213521036359e-23
58 1.5260855525102649e-03 -3.4967010264975245e-23
59 1.7926918876934291e-03 -1.0303718916294945e-23
60 2.0947419630247014e-03 -2.8570018338728494e-23
61 2.5313811198055445e-03 -3.4688806070251775e-23
62 3.1725262455954526e-03 1.3260769733013268e-22
63 3.9501631935127592e-03 -1.3063925518155302e-22
64 4.7927396370724762e-03 4.4054402784177650e-23
65 5.9096892928672722e-03 8.9976722482387605e-23
66 7.1574259053619289e-03 -9.6400434534226766e-23
67 8.4857502786471056e-03 1.0793297673936588e-22
68 1.1470547014680126e-02 -3.5651579887392181e-22
69 1.8209202049142496e-02 1.1851592252536001e-22
70 4.0339404762312341e-02 -2.6586991394115996e-20
71 1.3299204512624371e-01 -1.4039398181592277e-19
