0 1.1604911531475484e+00 4.4395604258302657e-19
1 1.4917790515299423e-01 1.4077698542822064e-19
2 5.1681028024624646e-02 -2.0410339822140099e-20
3 3.0161283131784629e-02 -2.8300528782274873e-21
4 2.2863469802284271e-02 1.1471406833843052e-21
5 1.8669306059436789e-02 1.1132569771819090e-21
6 1.5723538319994759e-02 2.4640197476258933e-23
7 1.3124215658406551e-02 -1.5011127251183237e-22
8 1.0952606482279813e-02 4.1149219519078215e-22
9 8.8812251793741696e-03 -4.8363749118146724e-22
10 7.1187839147580567e-03 -5.3351641276998895e-23
11 5.6057166251153564e-03 1.5768561992387943e-22
12 4.4019539800294726e-03 -8.6628750147236933e-23
13 3.4149658931361794e-03 -4.2954166598663710e-23
14 2.6552631769392906e-03 -1.7941470735672825e-23
15 2.1410271385516452e-03 -1.9824196885271288e-23
16 1.8090790233565768e-03 -7.3370888174837326e-24
17 1.5735205232711472e-03 -1.9373556712903270e-23
18 1.3511663257181031e-03 5.6703628520602856e-23
19 1.1826477704337697e-03 6.5225716540060300e-23
20 1.0711134033131778e-03 6.9529648202035320e-23
21 9.2439814774239730e-04 -9.7488953754717304e-24
22 7.6750929019671018e-04 -2.6871242557832254e-23
23 6.2327618409218949e-04 -5.5222195966776547e-24
24 4.8113957031072291e-04 -9.7591921719707628e-24
25 3.6779301858033317e-04 -2.0777212241293477e-24
26 2.8220455919726064e-04 -3.2200672984021321e-24
27 2.2503112736862806e-04 -3.7889760766867903e-24
28 2.0127861052871208e-04 2.7549046417601944e-24
29 1.9029463861719049e-04 -1.1623475544245300e-23
30 1.7794026290857097e-04 4.4854638454065375e-24
31 1.7070936547221077e-04 3.1261545091696941e-25
32 1.6679220731447372e-04 -4.1896450747713340e-24
33 1.7268865913321068e-04 -4.9943575906685178e-28
34 1.8581617790072394e-04 -5.8253308304435140e-24
35 1.9534830394268203e-04 1.4394806185382655e-25
36 1.9708132324599200e-04 8.1671689179209058e-25
37 2.0741697870200134e-04 -3.7331656869406699e-25
38 2.3513006719344808e-04 -4.0730221034277090e-24
39 2.8038693711946182e-04 -6.6096594730479616e-24
40 3.4230677405945224e-04 1.1553427996443904e-24
41 4.0850923010877333e-04 -8.8598883309609865e-24
42 4.4833854866831266e-04 -5.9084553619728144e-24
43 4.5500775863949118e-04 -1.8822114486632504e-23
44 4.6598424246201538e-04 3.4016748011199193e-24
45 5.0916369435384783e-04 1.0587260350174497e-23
46 5.7878313113149404e-04 -1.2338667690194506e-23
47 7.0256848677695369e-04 1.1864138981091160e-23
48 8.3980950887819410e-04 -3.9480043593051317e-23
49 1.0128626289405724e-03 5.8651697398466355e-23
50 1.3154572778876056e-03 1.2204475588986213e-23
51 1.6625480430725826e-03 -3.9609636705464796e-23
52 2.0378598755705140e-03 3.9367955762530427e-24
53 2.5319995498601176e-03 5.9725091968771739e-23
54 3.2157704169713574e-03 -1.5746915404391025e-22
55 4.0575343979011970e-03 -1.6762240544518668e-22
56 5.1046747759915054e-03 -3.3208523584650735e-22
57 5.7628684555203263e-03 2.0550985168815336e-22
58 6.8597707846576724e-03 4.1376977760902544e-22
59 8.2797053098790686e-03 1.8261403642079653e-22
60 9.6937431397674887e-03 2.7765103314537726e-22
61 1.1354543032733260e-02 -2.3667583336336109e-22
62 1.2692306983936249e-02 8.5673927721009312e-23
63 1.3721498780367897e-02 1.0894772775646764e-22
64 1.5254124436886228e-02 -8.7716759421093088e-23
65 1.7292570462514267e-02 5.9812158928113401e-22
66 1.8913385114669196e-02 -4.1741606247075366e-22
67 2.1885027937536005e-02 1.1458591024579181e-21
68 2.6403600126370337e-02 -1.5284021095112661e-21
69 3.4409934834336540e-02 2.5775884853093403e-21
70 5.8005381600584986e-02 -1.7152879658621340e-20
71 1.5583103157187886e-01 -1.3258687836484392e-19
