0 1.1599298102641655e+00 1.2443313702048942e-19
1 1.3917220336495387e-01 -9.3562609840362676e-20
2 5.0867269451026917e-02 2.0988709021255338e-20
3 2.8961788391040098e-02 5.5836559577904935e-22
4 1.8990586523955914e-02 2.3966069606118913e-22
5 1.3972806235470257e-02 -8.8372025561157602e-22
6 1.0968972715585942e-02 -4.2712883306103076e-23
7 8.7650322816501675e-03 -2.8420795381644199e-22
8 7.3175248949477788e-03 -3.8273205553378706e-27
9 6.1817919291324713e-03 -1.8792820914421251e-22
10 5.3666798243725330e-03 1.8523996769445694e-22
11 4.7688275214316919e-03 7.4994227121584436e-24
12 4.0630884082910584e-03 -4.9038773724338660e-23
13 3.4220877836372899e-03 -1.2162621295746850e-22
14 2.8052671133485425e-03 -5.6617479557964768e-23
15 2.3421994913895403e-03 3.1397230813704324e-23
16 1.9481729758838641e-03 -1.1875348000116670e-23
17 1.6375915304104038e-03 7.3060439219053042e-24
18 1.3817717961027520e-03 4.1019091702244696e-23
19 1.1536261358852157e-03 2.7917622187065997e-23
20 9.4977714360411770e-04 1.0460577481817163e-23
21 8.3683791736890393e-04 3.3598497713291359e-23
22 7.6983845674757944e-04 1.4761714084087107e-23
23 6.9328620280720472e-04 2.3317581939641036e-23
24 6.2591553413037426e-04 1.4147660739633936e-24
25 5.7641095458716904e-04 9.5630099318927618e-24
26 5.0279031394841124e-04 -2.4859979537003400e-23
27 4.2006454377083386e-04 -1.9347373639975289e-23
28 3.2815532824093249e-04 -2.4248225227660120e-24
29 2.5567421219374446e-04 -5.0891257427630965e-24
30 2.0973094834315223e-04 4.8729309002356539e-24
31 1.7356991263726312e-04 4.7940389506008111e-24
32 1.5344977216065573e-04 -1.2196760530148089e-24
33 1.4872930302109807e-04 -1.1809506449916782e-24
34 1.4870043613785533e-04 -7.0435441498949354e-24
35 1.4735957227680056e-04 -4.9284115533413300e-24
36 1.4658663649814359e-04 3.3261741521365554e-24
37 1.5664801319131242e-04 9.3397184172349097e-26
38 1.7068747253161894e-04 -9.6189542302118546e-24
39 1.9108194180806985e-04 6.7488699379850706e-24
40 2.1665685538841241e-04 6.3961044080968706e-24
41 2.5341929562832462e-04 4.1960638280234654e-24
42 3.0877944149571013e-04 2.6277969642760469e-24
43 3.6790004461328225e-04 1.3056440682736978e-24
44 4.4096571977862606e-04 1.8849547451879995e-23
45 5.3225972324294577e-04 7.0618484205085393e-24
46 5.8739783094725331e-04 4.9782656511113629e-23
47 6.3432659485331867e-04 2.5939327167543783e-23
48 7.2621305396363691e-04 1.6708831431744645e-23
49 8.6683777564837753e-04 -1.8848346046148595e-23
50 1.0235614159664396e-03 -2.8594035094114143e-23
51 1.1917198289179277e-03 9.0838029243226785e-24
52 1.4301441206106596e-03 1.4513115040009498e-22
53 1.7521054379293058e-03 -6.8170617801329876e-23
54 2.1918345494424101e-03 -1.2218519444090957e-22
55 2.7331121411185212e-03 1.8905563406387516e-23
56 3.2869195010718100e-03 1.3670325496068790e-22
57 4.2115526755542769e-03 8.2902792050778741e-23
58 5.5306997692658524e-03 1.6187610586192620e-22
59 6.8401547351447083e-03 1.8711167444254206e-22
60 7.8850677166739675e-03 -4.8100091435955326e-23
61 8.9032321767052950e-03 -1.7627796841490987e-22
62 1.0251310465840331e-02 -1.0454587247319525e-22
63 1.2655229799318124e-02 6.1932012365773840e-23
64 1.5867246787129079e-02 1.2759112781631286e-21
65 1.7711970542533716e-02 -6.6674278764598403e-22
66 1.9103352294828110e-02 -8.5772237580885143e-22
67 2.1727303935212720e-02 1.3881442022809848e-21
68 2.5628874095452461e-02 -2.8338184991812570e-21
69 3.4658103821905331e-02 3.9891953849510318e-21
70 5.8861637745613690e-02 -9.1774705720237691e-21
71 1.5238359601573215e-01 -1.0177848443220544e-19
