0 1.1795234495737987e+00 -1.4939016346018700e-19
1 1.6291668517993163e-01 5.7382276929227146e-20
2 6.2859394837846999e-02 8.8920119878437428e-21
3 3.9101900490666579e-02 2.3860952227618355e-21
4 3.2850073627552587e-02 1.8462485487762137e-21
5 2.8130165015629954e-02 4.0411900335438773e-22
6 2.1786482020136874e-02 6.2986908026289266e-22
7 1.6465071849667511e-02 7.9934102279645048e-22
8 1.2681269799555320e-02 -1.9615705448242379e-22
9 1.0270867340479382e-02 -2.9074999510457894e-22
10 8.8735134312365321e-03 6.9264843906476716e-22
11 8.1321007123893799e-03 -1.9936244674292156e-22
12 7.2430462155874250e-03 -7.4877783290420207e-23
13 6.2684863712910658e-03 1.7779642497196649e-22
14 5.4453807669578320e-03 1.4688410807695416e-22
15 4.5998246512061235e-03 -8.8059019252907987e-23
16 3.8442543299126689e-03 -2.9508368375715363e-23
17 3.2990537217957197e-03 9.2753777579958624e-23
18 2.8147178722230533e-03 7.6069939941255629e-23
19 2.3551279525582214e-03 5.6653117447136939e-24
20 1.9812356955370074e-03 4.2430640963927019e-23
21 1.6753426188819386e-03 -1.3091296364029417e-23
22 1.4760508359872157e-03 -1.4511297822375481e-24
23 1.2855283638434885e-03 -8.6945756000260881e-23
24 1.1261826026595777e-03 2.2294295685580570e-23
25 9.8140415769938042e-04 4.1875817841485712e-24
26 8.3201198771956847e-04 -1.7014214962317709e-23
27 7.1387145559780063e-04 -4.7890202456689588e-25
28 6.2686770449473265e-04 -2.4627658698882154e-23
29 5.7542848700943496e-04 -4.5313273847472141e-23
30 5.1410093264010531e-04 1.7109056465923535e-23
31 4.4469979058205594e-04 1.1316609429211585e-23
32 3.8697026537179305e-04 -2.5806663157490892e-24
33 3.5844367385143202e-04 1.2492045163934831e-23
34 3.4201275162898062e-04 -4.4024791908413830e-24
35 3.3063693733198214e-04 -1.1006944178678503e-23
36 3.2232092096605929e-04 2.5465800863246391e-24
37 3.1884186370166790e-04 1.3765604354598788e-23
38 3.1396299656157446e-04 -5.8876884342714537e-24
39 3.1466525561019544e-04 3.1198575635979776e-24
40 3.2428360086503684e-04 8.0932200138680809e-24
41 3.3939159354441016e-04 3.5122147355267077e-24
42 3.6224498358588967e-04 -1.5669679304215131e-23
43 3.8747212921653583e-04 -2.9361007207263376e-24
44 4.2153947347338194e-04 -9.5394321849459530e-24
45 4.8479960757520163e-04 -2.6427605435198366e-23
46 5.2439184878786858e-04 3.0054493909927305e-24
47 5.6334119241132014e-04 -5.4577775666779364e-24
48 6.3584646606349663e-04 3.5740575883508536e-23
49 7.3657476502855790e-04 -2.4407499575200558e-23
50 8.6817036609128069e-04 -1.1475201302126584e-23
51 1.0056678343524892e-03 1.7494109669078510e-23
52 1.1442632056702987e-03 2.3604771440709219e-24
53 1.3270257142972840e-03 -1.1098800067493304e-23
54 1.5699085389477127e-03 6.6557990073159365e-24
55 1.8332396333943137e-03 -1.0043747365111983e-22
56 2.1923383147304416e-03 -1.6574758549124004e-22
57 2.8541449279139179e-03 1.5488171342515685e-22
58 3.6783821620379993e-03 -5.8496625145273029e-23
59 4.6438153104892800e-03 -3.1408419349406102e-22
60 6.0643823976893581e-03 7.8801592453487077e-24
61 7.9679314776340687e-03 -9.8296993131177574e-24
62 1.0114826046049749e-02 2.3714514790444980e-22
63 1.2019856563023946e-02 -2.6833472794312057e-22
64 1.4242866481643905e-02 5.6634004682303822e-22
65 1.7094964681067252e-02 8.1032535076016118e-22
66 1.8989217382728400e-02 -6.4622599210105935e-22
67 2.0453154442797144e-02 -8.6378231520623296e-22
68 2.3018457723615552e-02 -2.4422731373770227e-23
69 2.9927012618772193e-02 9.5287974485000394e-22
70 4.8888060184675577e-02 -7.3827708098902867e-21
71 1.4499278933858142e-01 1.3595645807695949e-19
