0 1.1203074974883012e+00 -1.4436578000649415e-19
1 1.2390986777208420e-01 -7.1856682935952053e-20
2 4.0225691941614343e-02 -1.3742693957148158e-20
3 2.2014593353984691e-02 -1.2671237547584280e-21
4 1.5358176118228177e-02 2.0453482959731841e-22
5 1.1710901851329307e-02 9.0166251426989170e-22
6 9.6364369350091777e-03 4.7466494263716696e-22
7 7.9452740373280890e-03 -2.2471945648486798e-22
8 6.6272713129287026e-03 6.4659317143860293e-24
9 5.7751389894512900e-03 3.2311891740388870e-22
10 4.9405704290901705e-03 -1.2886992198574694e-22
11 4.1546495991861858e-03 7.6129682043666863e-23
12 3.4660701219932049e-03 3.9184052907760558e-23
13 2.9444076078133201e-03 -1.6601132297999845e-22
14 2.5428757052237553e-03 -3.2261526876267140e-24
15 2.1933293341657289e-03 -1.6164559926473301e-23
16 1.9517442969567012e-03 -4.8812623891651286e-23
17 1.7148142402968010e-03 -7.5159434555319804e-24
18 1.3758289089711017e-03 -2.1624082992578109e-23
19 1.0696871462879793e-03 1.8520268786683096e-23
20 8.4557422995397099e-04 1.2723109919385522e-23
21 7.0397011249013174e-04 1.4498023507249707e-23
22 5.7525235355478381e-04 2.8868997761803118e-23
23 4.7754275704515211e-04 8.5493153482290606e-24
24 3.8932699930526392e-04 -2.0674602132605325e-23
25 3.0776359946997536e-04 7.7400412116181737e-24
26 2.4096717163303734e-04 -4.5699632451518405e-24
27 1.9413103369936006e-04 3.0832935735760441e-24
28 1.6017956456616103e-04 -7.9126872130283060e-24
29 1.3763620029786622e-04 6.5764732884922467e-24
30 1.2142582786708013e-04 1.0603808894429741e-24
31 1.1552384643399851e-04 -6.1418566724913533e-25
32 1.1655276166227231e-04 1.2389503458109514e-24
33 1.1464884683813776e-04 6.1109090554627278e-25
34 1.1026661017707803e-04 -1.4288637003766326e-24
35 1.0984689279281578e-04 -1.6798836791524902e-25
36 1.1078755510556015e-04 -8.9078285589981301e-25
37 1.1618974505018861e-04 3.2587735498259237e-24
38 1.2671861073125276e-04 3.6820925563867115e-24
39 1.4772094135067520e-04 -1.0004277247282161e-24
40 1.7206800701887484e-04 -6.1912273030466186e-24
41 2.0256965065491590e-04 -6.1834246084767744e-24
42 2.3142501441805535e-04 3.7459878022719924e-24
43 2.7056153991352047e-04 3.2649645195906026e-26
44 3.1511870576050497e-04 1.7758262937700508e-23
45 3.5876226789279469e-04 -2.0363822740528965e-23
46 4.0894387837474782e-04 1.4459746392922304e-23
47 4.8318496056684070e-04 1.5192311115530431e-23
48 5.7432970791585619e-04 -1.2652884510262568e-23
49 6.6579875243398578e-04 6.7180032310101295e-24
50 7.8209237161470664e-04 8.6535500131477793e-24
51 9.2929256887364585e-04 1.0413550062641575e-23
52 1.0839103935742626e-03 3.2665889355398593e-23
53 1.2630372719153349e-03 -5.4865467027909619e-23
54 1.4509437981735580e-03 -2.8790139839315902e-23
55 1.6207035087771515e-03 -1.3419202663059509e-22
56 1.8243008624968849e-03 -2.5081647291739994e-23
57 2.0263868114302982e-03 -1.1802381571120097e-23
58 2.3507900783890376e-03 1.2185894337728275e-22
59 2.9016070520611649e-03 -1.0249493832316269e-22
60 3.4936307499744581e-03 -1.3980157935837424e-22
61 3.9117876037419157e-03 -1.6427150496435649e-23
62 4.3691796736089845e-03 8.6848510330983758e-24
63 5.1693554289120860e-03 -2.3800141762637932e-22
64 6.2444427159162354e-03 -1.1726423353142665e-23
65 7.5899233556604101e-03 -7.4919703164784777e-23
66 9.3654983630206950e-03 -5.2797160773475496e-23
67 1.2128920394731282e-02 3.4501796797507464e-22
68 1.6994723364976028e-02 2.8675585912739975e-22
69 2.5081277001617993e-02 -1.5658713736950243e-21
70 4.7445448742965989e-02 -8.8943116637954105e-21
71 1.4093318833737037e-01 -7.2908301529445796e-20
