0 1.1991645137802456e+00 6.7055487296030424e-20
1 1.5586129205936863e-01 2.1747697486287691e-20
2 5.6203352148216389e-02 -1.8060504571068629e-21
3 3.2676581700970507e-02 1.9894294321413324e-21
4 2.4610925735487583e-02 -1.1934756607970552e-21
5 2.0332130308272231e-02 4.4878182638099981e-23
6 1.7901072627544399e-02 -1.0281787637800651e-22
7 1.5344572938348454e-02 -7.0483658488844333e-22
8 1.2747997241406926e-02 3.4426526031372428e-23
9 1.0128122630940421e-02 6.2473707391683717e-23
10 7.9276797262975429e-03 -7.4281554899511446e-23
11 6.4627269556529173e-03 -1.2210113404637656e-22
12 5.4203329761832383e-03 -4.2793597443585561e-23
13 4.3944204041721441e-03 -3.1622588121147959e-23
14 3.5242684038638466e-03 -4.9152820023764286e-23
15 2.6724122147467146e-03 -3.5314301799602478e-23
16 1.9829995214017747e-03 2.1476370843512017e-23
17 1.4972737765473227e-03 1.4678442397755509e-23
18 1.1493207207044446e-03 1.6362221339089287e-23
19 9.2436048606659739e-04 -7.9210204739342387e-24
20 7.5712090999505144e-04 -2.6291797713548907e-23
21 6.2868947304699425e-04 3.9115878614045586e-24
22 5.2118895053522769e-04 -2.8081390642691074e-23
23 4.3640221139772941e-04 -1.2483202947114581e-25
24 3.7041860894429464e-04 1.5235264209829165e-24
25 3.2712776943702107e-04 1.1432184883437491e-23
26 2.9725198039274870e-04 1.2856378467824041e-23
27 2.6759420643033372e-04 -3.2725238956040290e-24
28 2.3625536813788557e-04 -6.9622911946307930e-24
29 2.1953106184679661e-04 -6.1254141761341880e-24
30 2.1146091666081291e-04 2.7063723854186598e-24
31 2.1261346074672211e-04 -5.0370763143445565e-24
32 2.1255379734824801e-04 -4.7587737744769147e-24
33 2.1909414978161384e-04 -9.1572509327291850e-24
34 2.3535375696519327e-04 1.2604188280422616e-23
35 2.4402670395006493e-04 4.1422353309643267e-24
36 2.5799444545027595e-04 3.9098851862137931e-24
37 2.7452648264528169e-04 -1.7601579226909175e-24
38 2.9687801965705776e-04 2.8852563509268672e-23
39 3.1474786030800321e-04 -2.8863593544581922e-24
40 3.2536113305516620e-04 7.6280983642870868e-24
41 3.4980033067126201e-04 3.2634648598689380e-24
42 3.8508568043424998e-04 1.1515729471266078e-24
43 4.3346994420658029e-04 7.9967577611797071e-24
44 4.8799467212247828e-04 -1.9438221305207709e-23
45 5.2396455580488869e-04 -3.4708920371478757e-23
46 5.8183440230444945e-04 1.8553494545017073e-23
47 6.5798686811860798e-04 2.7054498053305795e-23
48 7.6047930460299961e-04 -1.1647919548743987e-23
49 8.6035823050415610e-04 -3.9473669111582540e-24
50 9.2357532595336450e-04 3.5692784217630747e-24
51 9.7154843297945679e-04 -1.3428282481185098e-24
52 1.0613897177169777e-03 1.3462619755734156e-23
53 1.2540238401730285e-03 -6.2706061978451833e-24
54 1.5539001196972124e-03 2.1495577676812450e-23
55 1.8847607813791401e-03 4.1576182037114226e-23
56 2.2201336740608037e-03 -3.0276425423858277e-23
57 2.5172111304770928e-03 4.4895913652491417e-24
58 2.9662893502571796e-03 3.6044351917906125e-23
59 3.6229518800496305e-03 6.5195539138772429e-23
60 4.2423598454457787e-03 1.2471174738174673e-22
61 4.7280509115132357e-03 1.1325165696518485e-22
62 5.2177323492623370e-03 -5.3848964135017263e-23
63 6.1829252634893741e-03 9.6307069052179918e-23
64 7.6725843614871784e-03 2.7245326544163600e-22
65 1.0142680320125651e-02 1.5560592767364972e-22
66 1.4075730146857033e-02 -3.1239525684827903e-23
67 1.9846766521983718e-02 -6.9090169084396432e-22
68 2.5988967489159458e-02 4.3490681323740166e-22
69 3.5164728008391710e-02 3.8116554736104254e-21
70 5.7558879473294272e-02 -1.8807963901694574e-21
71 1.5714016414754850e-01 -3.6975798193919373e-20
