0 1.2700158267456809e+00 -2.0039486644493450e-19
1 2.0091162098249993e-01 6.6706015411722542e-20
2 9.0635972593386793e-02 -1.1243231037526151e-20
3 6.0476407532510830e-02 -3.8763890221418717e-21
4 4.6784758444754840e-02 8.9188699580794428e-23
5 3.8307941078984969e-02 -1.2234209715229914e-21
6 3.1329154648289226e-02 1.4572130995849050e-21
7 2.6396878465354212e-02 7.4983877587488030e-23
8 2.3284829709129481e-02 -4.3811211240717143e-22
9 2.1048838220296739e-02 -5.7395877213957313e-22
10 2.0274822637447187e-02 -4.8460229072681854e-22
11 1.9520410948962386e-02 1.9888165118443275e-22
12 1.7184269457189781e-02 -6.0163577237894131e-22
13 1.5023782526858475e-02 -5.4876139477235739e-22
14 1.2971239539990026e-02 2.2420327377533995e-23
15 1.1979637418432710e-02 -8.4179278465123414e-22
16 1.1567648340610118e-02 9.0594495905422584e-24
17 1.1045398174606501e-02 -3.6367909548276578e-22
18 9.8813756830189933e-03 -8.3457045223035240e-23
19 8.4753344810609386e-03 -2.6296659385816078e-23
20 7.5101194727505765e-03 4.9823088832721567e-22
21 6.0392860318116415e-03 2.6348871025671293e-22
22 4.5563330172439494e-03 -1.0307638741138482e-22
23 3.7361955538443075e-03 -1.3134810686015579e-22
24 3.1712260796835771e-03 1.5309664779200600e-23
25 2.5853068174821309e-03 -2.1606016681111431e-23
26 2.1352004458658111e-03 -1.1545859385292539e-22
27 1.7750396545551466e-03 -2.9484516608459101e-23
28 1.4714132517138605e-03 5.1603743706628454e-24
29 1.2326474392313741e-03 2.5328424105069127e-23
30 9.9415834659589606e-04 -1.9141779981506310e-23
31 7.8951169536603907e-04 6.8909734167232178e-24
32 6.7160507430860303e-04 -2.0542833823693520e-24
33 6.0037088036920476e-04 -8.8816683649826891e-24
34 5.6915187646985963e-04 1.0519068147619645e-23
35 5.7118697921878581e-04 -1.8839887274600986e-23
36 5.7591635177007422e-04 1.5345512807814305e-24
37 6.0145709873148188e-04 2.3697239638383961e-23
38 6.5516061852183369e-04 5.5426130530831376e-23
39 7.1379513989514531e-04 1.6468085650910819e-23
40 7.8333573569394567e-04 -9.6838169175222248e-24
41 8.6533336094120686e-04 -3.8675958915010885e-24
42 9.3317119212594265e-04 2.0935196966448496e-24
43 1.0591157080279462e-03 9.0803597442131455e-24
44 1.2231543814018059e-03 -4.5049029115012596e-23
45 1.3777676286709896e-03 -1.7620337333532874e-23
46 1.5015237328303726e-03 6.8835746132524525e-26
47 1.6451993933174001e-03 1.3086775965463164e-23
48 1.8445118707653876e-03 -8.1432303911498485e-23
49 2.0702212916415574e-03 1.3142197335924173e-23
50 2.2576755205485598e-03 9.5522224927233723e-23
51 2.4466049079068454e-03 1.7214973624497808e-23
52 2.7340596151856169e-03 -6.7278634904805162e-23
53 3.2149588401174716e-03 8.9524444145073812e-23
54 3.8561052700617406e-03 2.8412079606084716e-22
55 4.4585810009444612e-03 4.2704748755791384e-23
56 5.0662697335038757e-03 1.9044312660159056e-22
57 5.9866967772606305e-03 1.0389915798228349e-22
58 7.4841991667519859e-03 3.0297018599873898e-22
59 8.9586462033896669e-03 2.6485499346138521e-23
60 1.0591210447734617e-02 1.6689454619555250e-22
61 1.2284362453385206e-02 3.6721334026446557e-23
62 1.4189894992957813e-02 4.6780547483773499e-22
63 1.7291553522259171e-02 2.9903948320057748e-23
64 2.2370493066260322e-02 -1.0272835574445775e-21
65 2.7919670537852090e-02 8.4180406003368209e-22
66 3.3510217731423382e-02 4.2106270145411544e-22
67 4.1422018435080005e-02 -3.2941002549986859e-21
68 5.1805303059518519e-02 -7.4071150799685812e-21
69 6.5128363978000176e-02 -4.3340928390185694e-21
70 9.4645212092670364e-02 -2.7420546798262215e-20
71 2.0129828732834787e-01 -3.2466180492947899e-19
