0 1.2393597493849682e+00 6.1194149536661811e-19
1 1.8852818739637528e-01 -1.5991949126549178e-19
2 8.2583876482922827e-02 -9.1195177986575266e-21
3 4.9945251340181664e-02 1.5409023772977824e-21
4 3.6502422694175390e-02 -2.4328823763868545e-21
5 2.7109753784005475e-02 1.7951532732118170e-21
6 1.9215822979989510e-02 3.9439777044230206e-22
7 1.4421214325722735e-02 6.2707332113881727e-22
8 1.1798073221861764e-02 6.2718621675222369e-22
9 1.0388070377241331e-02 3.1619633250272025e-22
10 9.3171684577877441e-03 -4.4926467561556588e-22
11 8.5099357063216797e-03 2.3317486275122066e-22
12 7.8436699696338413e-03 -1.4707980785301004e-22
13 6.7969244060721995e-03 -6.3198130528033678e-22
14 5.6491677479093231e-03 -1.5551668779816103e-22
15 4.7570482112272681e-03 -3.8920516915164381e-23
16 4.0533097859598429e-03 5.1635489298335012e-23
17 3.2529402333305530e-03 7.2515328758515863e-23
18 2.4951549424789719e-03 -6.4173263410733030e-23
19 1.9066617450401852e-03 6.1813005072365901e-23
20 1.4263531977869246e-03 -1.1475109512004731e-23
21 1.1017638765912481e-03 1.3582770210902250e-23
22 8.8170679587797778e-04 -2.8362315952574740e-23
23 7.3339522905213768e-04 -1.8580981923084627e-23
24 6.2350733332146302e-04 -2.1476967715265722e-23
25 5.5709920518451036e-04 -1.4186152210624925e-24
26 4.7174543116966261e-04 -9.1436159584239178e-24
27 3.8166600262889516e-04 3.0555488239755990e-23
28 3.1912370659146799e-04 5.0816462904586943e-24
29 2.8550362489442553e-04 1.0072777538167919e-24
30 2.7521589320092505e-04 6.9189206481793486e-24
31 2.6867256398416359e-04 2.4071995752663279e-23
32 2.5364598726920773e-04 7.3995192475099139e-25
33 2.3028935099261925e-04 7.0703726485587381e-24
34 2.0874747659115487e-04 -6.8419135931810440e-24
35 2.0276920104582452e-04 1.8133264754135964e-24
36 2.1069775324338824e-04 -1.1748715012454376e-23
37 2.2711312507171121e-04 -1.6302161752976505e-24
38 2.4686584993773388e-04 6.4658381266088072e-24
39 2.7778361956932822e-04 -1.1047159855412002e-23
40 3.1661914881992603e-04 -3.7132749731261794e-24
41 3.6232210048355246e-04 -1.6249769000188404e-24
42 4.1089307279388866e-04 1.1033301070302164e-23
43 4.5333608352468016e-04 -6.6634580967290739e-24
44 5.0098920758475404e-04 -2.0891894879575271e-23
45 5.7485237951279656e-04 -2.6926401685779930e-23
46 6.7672972387840399e-04 3.8316643706905891e-23
47 7.8589741744133554e-04 4.1065355245041116e-23
48 8.7874361458612513e-04 -5.0629983139641233e-23
49 9.8181696159811011e-04 2.0922185513677349e-23
50 1.1299528380066127e-03 2.3875714554106442e-23
51 1.3097351351629158e-03 -3.2559782375569717e-23
52 1.5008576753538505e-03 -8.7294272393198861e-25
53 1.6827590055857621e-03 8.4025337941053843e-23
54 2.0197499841282103e-03 -9.9927617302274564e-23
55 2.4046161029025676e-03 -5.0784556834448043e-23
56 2.8267039774039966e-03 -6.5036387370311694e-23
57 3.4046028211230442e-03 1.3230744253038068e-22
58 4.2358286020359164e-03 1.8456999118403521e-22
59 5.2094987576176014e-03 2.0076399310146980e-22
60 6.3468453875201820e-03 2.0901731419892806e-22
61 7.6156208380785354e-03 -9.6152223193119591e-24
62 8.9579104167174968e-03 -1.8914423755382358e-22
63 1.0249469768465051e-02 -5.3046986035671314e-22
64 1.1520975913538336e-02 4.6926413342325361e-22
65 1.3954502973169608e-02 -5.6359573833037086e-22
66 1.7446136326342260e-02 -1.5657831787356805e-23
67 2.1506480444463402e-02 -9.3883562547086158e-22
68 2.7085862787018706e-02 1.3578018852587197e-21
69 3.7315739042435916e-02 2.4264145155684456e-21
70 6.2453706393355297e-02 6.1771191952062416e-21
71 1.7192771305429586e-01 -2.8576395683928060e-20
