0 1.1967176450819543e+00 1.7426008057638731e-19
1 1.6441908824169854e-01 9.1109903432325265e-21
2 6.5825032295495398e-02 -5.5901760575177519e-21
3 4.5106458408848943e-02 -1.6519288738850992e-21
4 3.6507728735274241e-02 -1.8363365982582706e-23
5 3.1983233693750515e-02 6.9548722650276649e-22
6 2.8577650417260025e-02 -1.7423967755211070e-21
7 2.5216518380955521e-02 -3.7158552975454377e-22
8 2.1395139097399367e-02 1.3568133555616048e-22
9 1.7944131757528629e-02 -5.0526120431954787e-22
10 1.4868330939226094e-02 -3.4822761987143503e-22
11 1.2534934251455862e-02 5.6610379453455864e-23
12 1.1183492124297836e-02 -1.4046419950065459e-22
13 1.0117874563953402e-02 -3.9613888233915388e-22
14 8.7934577446494699e-03 -1.6381635999493554e-22
15 7.2563870190083040e-03 -4.3246029368483343e-22
16 6.0419812742193322e-03 2.0242830067272291e-22
17 5.2176273527222185e-03 1.6174901735825790e-22
18 4.4368563866862510e-03 -1.5769265344364926e-22
19 3.9209062924615429e-03 -4.3487096468696266e-23
20 3.4439592524792236e-03 2.5186062814553700e-24
21 2.9743123611977616e-03 -6.4243486490809983e-23
22 2.6165727582050818e-03 3.9193976488047563e-23
23 2.3637255210940361e-03 -1.1137333393152920e-22
24 2.2235002819672857e-03 -6.1137221000382540e-23
25 2.1701246728006401e-03 -7.8845472686431443e-23
26 2.0249245501471418e-03 -6.0250413064251038e-23
27 1.7632139403009315e-03 -7.1305315183533127e-23
28 1.4144958847366585e-03 -1.1825201579075625e-22
29 1.0736109657790700e-03 -4.2214825476445210e-23
30 8.6918138965426134e-04 2.0536355394751435e-23
31 7.2510751749592134e-04 -3.1948807276836298e-23
32 6.2093628712824576e-04 1.4201106620914610e-23
33 5.5536392792981655e-04 6.0766584690930421e-24
34 5.0995435713646424e-04 -1.3623310941887376e-23
35 4.5116157221539773e-04 -8.6270106078293993e-24
36 4.0991247307287104e-04 3.7329776526611837e-24
37 3.6991292417058215e-04 2.6758858649223797e-24
38 3.3089945437181595e-04 -3.3845855611595811e-24
39 3.0678256909505186e-04 3.0580207372385209e-24
40 2.9761269968076466e-04 2.8366824958214731e-24
41 3.0908992970562793e-04 1.0174219101762910e-24
42 3.3752475717330140e-04 2.7771378579247234e-23
43 3.7373117056149400e-04 9.0454265229090414e-24
44 4.2652631082242963e-04 -1.9406976688958577e-23
45 5.0234062927819085e-04 1.7876510622927991e-23
46 6.0763605600849336e-04 -1.3049513929897809e-23
47 7.7029489831501388e-04 1.7978062323368475e-23
48 9.8075503474173600e-04 3.7215445279113338e-23
49 1.2072026522211964e-03 -3.1758009681680941e-23
50 1.3932367080486587e-03 2.8150635595401025e-24
51 1.5676936742675565e-03 -4.9863280256832600e-24
52 1.8880677937928134e-03 4.2981145649983619e-23
53 2.2939269964723083e-03 -4.9566945974718481e-23
54 2.7837985074640236e-03 1.2098772156720211e-22
55 3.4888521623215162e-03 1.9271442514733328e-22
56 4.1007771561503087e-03 -1.0127224022354911e-22
57 4.8882013980485325e-03 -1.0683296906289129e-22
58 5.9641596297692013e-03 3.9945012395779637e-22
59 7.3543989875072945e-03 2.9866698029546173e-22
60 9.0127940395199266e-03 3.6100929818868485e-22
61 1.0569159452494911e-02 -1.5655134809804115e-22
62 1.2069254254195614e-02 2.3548879336865920e-22
63 1.3912975179588130e-02 2.5127341596453615e-22
64 1.5775624280297017e-02 3.3109955826636513e-22
65 1.7688975119487582e-02 7.9053069694502534e-22
66 2.0582961791828114e-02 1.3393636482801929e-21
67 2.5043893390189902e-02 -1.5698405278199236e-22
68 3.1241497243844618e-02 -7.2049416909153972e-22
69 4.2185660380376105e-02 -4.1868086690797092e-21
70 6.8239790015013291e-02 -2.6436062946228759e-20
71 1.6567801576203969e-01 2.5015541392246326e-20
