0 1.2071333173105276e+00 -9.8032648312859028e-20
1 1.6440846350198718e-01 4.3242383043722742e-21
2 6.5084459559306279e-02 -1.2483300750256569e-20
3 3.6710559155437431e-02 -7.0162285922340881e-22
4 2.5497353771730302e-02 6.1916370819283871e-22
5 2.0518921356568433e-02 1.0017243273404010e-21
6 1.6634186572926552e-02 -1.7082246393597385e-22
7 1.3453930603877682e-02 -6.7773354516611882e-22
8 1.1091362010129028e-02 3.1551619542080632e-23
9 9.4464455236908419e-03 -4.3029159711173659e-22
10 8.1021813696163410e-03 2.5315347385404738e-22
11 6.5411104948826498e-03 -2.9371548220092550e-23
12 5.2420695256588578e-03 2.9300602651359383e-23
13 4.1773553260920368e-03 -1.9062240467328785e-23
14 3.4361457885681308e-03 1.1855417714979489e-23
15 2.8494095026892225e-03 1.0057832635865989e-22
16 2.3300501865013384e-03 -1.3489401853088291e-23
17 1.8554686231714160e-03 6.0551571295678733e-23
18 1.5214384009519335e-03 2.8335633411058195e-23
19 1.2774426232911534e-03 -1.0809069868629203e-23
20 1.0793743342010944e-03 -4.2889893317521413e-25
21 9.2749238036313414e-04 -3.8426870230943402e-23
22 7.6813687291722959e-04 1.7285048687282498e-24
23 6.3069134062029777e-04 1.9921058146451836e-23
24 4.9371008548102955e-04 3.2503790855986650e-24
25 3.7757018448915435e-04 -3.8393460752171677e-24
26 3.1029990271924494e-04 3.3736304445860242e-24
27 2.6752290141326696e-04 -8.2581723498868318e-24
28 2.4511919996516072e-04 -1.3543298245050522e-25
29 2.3095527302645827e-04 -4.7072398897192331e-24
30 2.1117923168544685e-04 9.3063957398759673e-24
31 1.9308212864844760e-04 5.6818652208796357e-24
32 1.8215116360267196e-04 3.0367398838049095e-24
33 1.8971210440974325e-04 1.1563820216941785e-24
34 2.0868953784649886e-04 6.0662197187520891e-24
35 2.2645330528197813e-04 -1.3018094260378072e-23
36 2.4826440326500992e-04 3.0544146315315079e-24
37 2.6441325560488580e-04 3.9994919059955455e-24
38 2.8078800998288943e-04 -5.3559110705732875e-24
39 3.1099374580140405e-04 -1.3207584954431418e-24
40 3.5116326431422788e-04 2.9754216679944925e-24
41 4.2434361198189413e-04 2.6340880008924336e-24
42 5.4103568231093262e-04 -2.7088798891607234e-23
43 6.8082506232821965e-04 -2.8475436913976744e-23
44 8.4469222358038020e-04 4.4300209835215595e-24
45 1.0525020589301482e-03 -7.5232430047604446e-23
46 1.2805090320013026e-03 6.8480495176775343e-23
47 1.3806469561127798e-03 9.4651009286901517e-23
48 1.5006449080723031e-03 8.0209225193453014e-23
49 1.5956882158024736e-03 -3.5228770355774376e-23
50 1.7013039620476786e-03 -8.3735908249670009e-23
51 1.9541883420975789e-03 2.1222821687576928e-24
52 2.2468575083655373e-03 -1.1458366597489041e-22
53 2.7824478784631138e-03 -7.0268570549087573e-23
54 3.2963753835149150e-03 -2.1114198572034522e-23
55 3.6882304367586369e-03 1.0117093230333238e-22
56 4.1096072858174022e-03 -1.2019287083655466e-22
57 4.5604272813427006e-03 1.9069424858091876e-22
58 4.8741887248066711e-03 1.2040820160214396e-22
59 5.0606216638515991e-03 -4.8006007133845201e-23
60 5.5606707381176176e-03 -1.6978342861125193e-22
61 6.5976689769793005e-03 1.1406196378381694e-22
62 7.9352643696436846e-03 1.4109773260072510e-22
63 9.9612590292084986e-03 1.5756017034095799e-22
64 1.2666271067414312e-02 5.6814344844333839e-22
65 1.6867000870310699e-02 3.5360136601961383e-22
66 2.1324987635438056e-02 -3.7125702305024119e-23
67 2.6923088241835830e-02 4.2943457749681253e-22
68 3.7560266125998207e-02 2.0003734167118032e-21
69 5.3013019844878516e-02 4.4165892681471210e-21
70 7.8855585625538113e-02 8.5094968466080335e-21
71 1.7148812523713741e-01 2.2634435963970023e-19
