0 1.1918615188067399e+00 2.2053665793899460e-19
1 1.4584743948539849e-01 -2.0936095486188241e-20
2 4.8146119250749644e-02 8.2667202676174301e-21
3 2.5806001549444530e-02 -3.7513690289170128e-21
4 1.7158310845915296e-02 -1.3684889925896772e-21
5 1.2167298090214947e-02 5.7749213947846143e-22
6 9.4905180988575401e-03 1.8453205763992955e-22
7 7.7826758093058309e-03 5.9360414883929473e-22
8 6.2542981240453592e-03 -2.1568096638886941e-22
9 4.7847886552312997e-03 1.7514892099353574e-22
10 3.8027784971757443e-03 1.2194732332170373e-22
11 3.1055976107685580e-03 -5.1440729087762485e-23
12 2.5967131940698236e-03 3.1425526213500767e-23
13 2.2342951779842253e-03 2.2223739599354750e-23
14 2.0038219665279534e-03 4.5562507056908728e-23
15 1.7379407691392567e-03 1.8580882272503130e-23
16 1.4886879345281866e-03 -1.6053769023841287e-23
17 1.2455279521487398e-03 -7.3734827720818531e-23
18 1.0441089560388143e-03 -3.9058613513373662e-23
19 8.9521064488294296e-04 2.7955169904715970e-23
20 7.6381322421475550e-04 1.2560318759582327e-24
21 6.4840499168856546e-04 -7.7096310715485422e-24
22 5.4105291023397346e-04 -3.1764014395489655e-23
23 4.6156262324693203e-04 -2.6771502554655858e-23
24 3.9985423151555260e-04 4.7752831931357083e-24
25 3.4887865340475988e-04 6.1904504301121949e-24
26 3.0160335697290388e-04 9.5387020971053738e-24
27 2.5189544221374774e-04 -2.8457133419344308e-24
28 2.0937370399709055e-04 -1.4926888479220910e-24
29 1.7857787772634391e-04 -6.1839181000374369e-24
30 1.5494794555474567e-04 5.3936991988378997e-24
31 1.3060725096256050e-04 -1.8555065277122549e-24
32 1.1064057344129194e-04 2.8934809325229040e-24
33 9.7700974667265953e-05 2.8998576469725725e-25
34 8.8293066554386232e-05 -5.8361844808101347e-24
35 8.4636462340070330e-05 2.8701146452235378e-24
36 8.5646500138593856e-05 1.3270606549887755e-24
37 9.2880604440881033e-05 -3.2620423468465961e-24
38 1.0379786957048214e-04 -3.9420207927292658e-24
39 1.1390206252256687e-04 -2.0292967221459261e-24
40 1.2697755112035651e-04 -4.2887429969749038e-24
41 1.4477860615028334e-04 -1.4830915031847507e-24
42 1.7072629885329246e-04 -5.8248427692661142e-25
43 2.1308624807919862e-04 -6.4942155954535542e-25
44 2.7068401986718438e-04 -8.5257424842370213e-24
45 3.3678180009709955e-04 1.5949441743746068e-23
46 4.1365336714307380e-04 4.9405142121141643e-24
47 5.2180443634340277e-04 2.2035785157064765e-23
48 6.4687936383056859e-04 1.0527451355981678e-23
49 7.8188354185693696e-04 3.1883094904152064e-23
50 9.2897108225494559e-04 1.8567985479591640e-24
51 1.1425873836955248e-03 -3.3602180207925684e-23
52 1.4584055589832536e-03 -3.1091874117871131e-23
53 1.8916920503639170e-03 -5.5016269192031824e-23
54 2.5250526821222305e-03 -1.9746081364869304e-23
55 3.2614779351123483e-03 2.1046387256880716e-22
56 3.8186517450587354e-03 -1.1358080128046917e-22
57 4.0310225321024042e-03 -9.1944274223450125e-24
58 4.1557983909144957e-03 2.5547524500142956e-22
59 4.4639957351704290e-03 1.3536003957449647e-22
60 5.0387197682537016e-03 2.6267271452071679e-23
61 5.8058541283772082e-03 -1.0301739829989523e-22
62 6.6035731732615142e-03 1.3429066479254399e-22
63 7.7853706776588871e-03 2.1745257192996636e-22
64 9.5385201247704578e-03 -1.1919905272112758e-22
65 1.2069778191113798e-02 1.1949813480693932e-21
66 1.5150506386263713e-02 1.6068530270816277e-22
67 1.9253850609212565e-02 -2.2429111791480078e-22
68 2.4290173947216404e-02 -5.1027910774866905e-22
69 3.4548093846130133e-02 -3.5964848990521373e-21
70 6.4741129150817048e-02 2.5695052278582239e-21
71 1.7150814902641601e-01 -9.4695428495671350e-20
