0 1.1663986959631167e+00 -1.7330654017887860e-19
1 1.4140791585405474e-01 3.4149043808097588e-20
2 4.9516755621110922e-02 1.8939567825645711e-21
3 2.6425965444040401e-02 -2.5632504135026392e-21
4 1.8387744438399585e-02 1.1131426863019842e-22
5 1.4247383056977149e-02 9.2937928507618548e-22
6 1.2038668509191521e-02 5.1119658179884036e-22
7 1.0663209709642640e-02 -3.3298993953645555e-23
8 9.5604228302960843e-03 5.4083275469070444e-22
9 8.4683722572969963e-03 -6.2336810194653618e-23
10 7.1102407129504039e-03 1.8664136642547208e-22
11 5.6637725985181474e-03 4.2140566291912781e-23
12 4.7463854333434068e-03 -4.7694414015042348e-23
13 4.0903580962978678e-03 -1.3884838617772953e-22
14 3.4387377321408608e-03 8.8527688147286288e-25
15 2.8498053806275360e-03 -4.9079344093174332e-23
16 2.3306200842374124e-03 -1.3553527423573957e-23
17 1.9192067140016940e-03 2.7233033902833018e-23
18 1.5446039979942158e-03 5.4527144187683330e-23
19 1.2108488114503416e-03 -1.3765835565722870e-23
20 9.7846861044171359e-04 6.0226109107444043e-24
21 8.3706907138828023e-04 3.1547681702919118e-23
22 7.3798843626712244e-04 1.2159671043310470e-23
23 6.9054036895241952e-04 -3.9955352890058542e-24
24 6.4753676171344079e-04 1.4354210559099505e-23
25 5.8356570720114159e-04 1.0501993410062624e-23
26 5.3656871205390929e-04 3.4696104513726823e-24
27 4.9297287157820842e-04 3.4169641124110427e-24
28 4.2384790351549542e-04 -6.2497514404846753e-24
29 3.6643283059604819e-04 -1.2091779817870798e-23
30 3.2461938170731647e-04 1.3600019884896579e-23
31 2.9714127962100447e-04 4.3633233053903027e-24
32 2.7426571697636466e-04 -2.9586153552976536e-24
33 2.5758655827113952e-04 -5.7265726528030091e-24
34 2.5198019067847877e-04 -8.6875140876914075e-24
35 2.5793176284391378e-04 3.6235535781244138e-25
36 2.6848093404422476e-04 -1.2998587264746571e-24
37 2.8181094599141477e-04 -4.8848703041344362e-24
38 3.0288484630573291e-04 6.1029295772500989e-24
39 3.5223680016447913e-04 -1.1713858638817324e-23
40 4.1870095164204374e-04 1.1204937499016909e-23
41 4.9313377423917135e-04 -2.2370700650831311e-23
42 5.8476724252214552e-04 2.3954655964067268e-23
43 6.8510782689610650e-04 -2.7000692249498712e-23
44 7.9536977669793772e-04 6.4065452244037811e-24
45 9.1666023946951423e-04 3.9766988163174547e-23
46 1.0685980003914027e-03 -2.3716643928476283e-23
47 1.2415275351347441e-03 3.9873893330472934e-23
48 1.4998050110940624e-03 5.4859883965324488e-23
49 1.7619453834249454e-03 1.1557644280827343e-23
50 2.0335831154528155e-03 -2.2224851950890627e-22
51 2.4186181344303310e-03 -3.8866371224735765e-23
52 2.9505541634354130e-03 -1.1358122227750565e-22
53 3.6149723900461327e-03 1.8273262383206116e-23
54 4.0987816488756035e-03 4.6859082808085096e-23
55 4.7677081347625586e-03 4.2496225574120433e-23
56 6.0339181755284790e-03 1.5614738533696300e-23
57 7.5184627474628165e-03 4.1214601135303630e-22
58 8.8269719149675178e-03 -3.2241090523700548e-23
59 1.0267955812182062e-02 9.8535282582236836e-22
60 1.2007509989930425e-02 2.0285614565820165e-22
61 1.3481401450312125e-02 4.0791547347027417e-22
62 1.4293140203289766e-02 -3.9474169025140782e-22
63 1.4503450234583153e-02 1.8604000309243353e-22
64 1.5060294377105940e-02 1.4502853905571622e-22
65 1.6714106511401001e-02 2.7202419057198838e-22
66 1.9088385013252711e-02 -4.1294896272048239e-22
67 2.3250570631441970e-02 2.4211260369363899e-22
68 3.2244826910760513e-02 -4.7461058078718420e-22
69 4.2590376592968875e-02 -5.4691151935985976e-21
70 6.2201593136480798e-02 -1.3931708623790775e-20
71 1.4832571220297414e-01 1.6558341176761381e-19
