0 1.2860099265876648e+00 2.1464614067685755e-19
1 2.2558807723804167e-01 4.1674535216539874e-20
2 1.2402261540879354e-01 1.5881703127955215e-20
3 9.1313267694998451e-02 5.7495135003663375e-21
4 7.6656086342273985e-02 9.6628536434688970e-21
5 6.6307055093102016e-02 1.9248933664660397e-21
6 5.5602441826427512e-02 2.4882613488033634e-22
7 4.8495153194187242e-02 8.1123127918654368e-22
8 4.4051338370100439e-02 2.1716758810671646e-21
9 3.9578517798738250e-02 5.0769993949387564e-22
10 3.5457950111978297e-02 1.6544555730963220e-21
11 3.0821992886755443e-02 4.0968077001667319e-22
12 2.5938680200606232e-02 9.9056661647440347e-22
13 2.1556960991063523e-02 -3.0632342690873618e-22
14 1.7525912614510475e-02 8.0223747203778561e-22
15 1.4228677451817148e-02 -4.8173752107954734e-22
16 1.1632786874446280e-02 -7.5146893124641898e-22
17 9.5201833524040796e-03 -3.6928257401951202e-22
18 8.0280245854692390e-03 -3.2315574705110768e-23
19 6.6271836760700966e-03 1.9382515023001575e-22
20 5.4698564114916658e-03 1.7648461162456508e-22
21 4.8701600242789392e-03 -2.7316842272306245e-23
22 4.4447829089132489e-03 -1.0023959447295566e-22
23 3.9093283763136999e-03 -5.3591872710522611e-23
24 3.3396156136755368e-03 1.1805192559433082e-22
25 2.8405061159629884e-03 2.3613713379536812e-22
26 2.4238606724022891e-03 5.8931474865684219e-23
27 1.9846641373638479e-03 -1.0577355420199024e-22
28 1.6501290925993110e-03 -8.2555687754293444e-23
29 1.4412190343919495e-03 3.5005046399730277e-23
30 1.3116096765282438e-03 -2.1682505438239200e-23
31 1.3407870971964427e-03 2.7554553098407357e-23
32 1.3441366312822718e-03 4.8534491405206804e-23
33 1.3413281942731758e-03 8.9405988585959789e-24
34 1.3815051578070258e-03 2.0990720559391373e-23
35 1.3159815760571052e-03 -5.2579713758905406e-23
36 1.2181970470555954e-03 3.2043515227146447e-23
37 1.1431877023866676e-03 5.7140517341988829e-24
38 1.1423154728912618e-03 2.3526393333413902e-23
39 1.2308139282037173e-03 -5.4980773554893470e-24
40 1.4066596229206074e-03 -4.7008526853321161e-23
41 1.5338219923102833e-03 7.6171147825750336e-24
42 1.6066664797231905e-03 -8.5737479630513975e-23
43 1.6981038354482692e-03 -6.0496297139674176e-23
44 1.9570210835250477e-03 -9.5611801836310607e-23
45 2.4075837108388631e-03 9.5460801336524633e-23
46 2.9680571221157937e-03 -1.3372772239769121e-22
47 3.6933472515395275e-03 2.1364112566543767e-22
48 4.2953804603530765e-03 -2.1752459936210726e-22
49 4.8623080049934311e-03 -6.0371206370004933e-23
50 5.6504308077094181e-03 -3.4593613955978526e-22
51 6.8807024076988615e-03 3.6527203365796639e-22
52 8.1120539131934143e-03 1.1490155221208087e-22
53 9.3855508457018431e-03 -7.1107866215947716e-22
54 1.0434192017132719e-02 -1.4039931996551588e-21
55 1.1793633399291502e-02 1.2855481140675629e-22
56 1.3413647602195971e-02 1.0023831050165744e-21
57 1.5681907773422762e-02 1.7467594588544570e-22
58 1.9200876397494487e-02 4.3301666578302071e-22
59 2.3177512133820757e-02 -9.5230159607133076e-22
60 2.7975825769082637e-02 5.1946301228608320e-22
61 3.4832446732650943e-02 -1.0679439649684220e-21
62 4.2841544478686072e-02 9.1674325017543166e-22
63 5.2191388076631567e-02 1.9080665057051569e-21
64 6.2787488987703935e-02 -3.1001165858147069e-21
65 7.5458985819278970e-02 5.0398293595693822e-21
66 8.7129344798999350e-02 1.5182306237588351e-21
67 1.0733050083676547e-01 -7.5343585771211314e-21
68 1.2289242957284553e-01 -5.3327790756674765e-21
69 1.3334579762012480e-01 -5.1414839856455142e-21
70 1.5826159877077337e-01 -7.9855940526440797e-21
71 2.5060391834912943e-01 -4.1811857207508611e-20
