0 1.1413401850344276e+00 6.1316406773519984e-20
1 1.5171217369047371e-01 5.8100432346283902e-20
2 5.5399506739803407e-02 1.0663406231944026e-21
3 2.5709574415764325e-02 1.7757970060178523e-21
4 1.5167575795088801e-02 1.5207151291232856e-21
5 1.0729674911571604e-02 2.9378902790883461e-22
6 8.3545407722433775e-03 -2.4685767132190497e-22
7 6.9230560002810975e-03 3.1405752926303776e-22
8 6.1934055825153510e-03 -1.0909340451298752e-22
9 5.4167404876836979e-03 -2.2587697848764807e-22
10 4.5808816930469768e-03 4.8137374939889221e-23
11 3.8428688094471037e-03 -2.5269036325169122e-22
12 3.1911099602262138e-03 -5.2783082535796842e-23
13 2.6539960950400124e-03 -4.9880600883647230e-23
14 2.2324308078892491e-03 -6.1533098157529207e-23
15 1.9032203197353670e-03 5.3716091710521623e-23
16 1.6743491748193301e-03 -2.6070544609691284e-23
17 1.4349406448807295e-03 1.6417210677356614e-23
18 1.2337203135806640e-03 1.8288812131732761e-23
19 1.0729514769602768e-03 -3.3146851636594549e-23
20 9.5310364941133977e-04 -3.5020512677560173e-23
21 8.5623573934898308e-04 -3.5533753165022786e-23
22 7.8382872965289277e-04 -8.3212454113185049e-24
23 7.1323329234978204e-04 -6.2814884136697726e-24
24 5.7183335292841468e-04 -3.8713658129173505e-25
25 4.2369674355541422e-04 2.4635977286695161e-24
26 3.2161303754568249e-04 9.8563916096954988e-24
27 2.5359937349165196e-04 2.9443552323302308e-24
28 2.0250596749856335e-04 -5.5713203825483996e-24
29 1.6873874184426292e-04 1.6804286696099442e-24
30 1.4688956512205336e-04 -8.4667766084151956e-24
31 1.3368230856870464e-04 2.5489354354434038e-25
32 1.2886795418399200e-04 1.2553860791039047e-24
33 1.2502726491995822e-04 3.9720178210296497e-24
34 1.2252951422720343e-04 -4.9607238243909739e-24
35 1.2572859641321948e-04 1.4834827824470148e-24
36 1.3405027671481014e-04 -3.9035471185280361e-24
37 1.4038808576133119e-04 -1.4305984107427139e-23
38 1.4160411090719427e-04 1.1809329942507266e-23
39 1.4566707607805085e-04 1.9235267376846311e-24
40 1.5475161027788087e-04 2.7112535302788739e-24
41 1.7050259973337277e-04 2.3713616872754775e-24
42 1.8332017303046515e-04 -4.1744439328271767e-24
43 1.9219517678121281e-04 -4.8316285652378308e-24
44 2.0887306565787645e-04 -1.3711607095309216e-23
45 2.3479367939900620e-04 4.6241738261347716e-24
46 2.6570929372979378e-04 5.6418473492852860e-24
47 3.1247546310372404e-04 6.3159782323358249e-24
48 3.7617965594764617e-04 5.0017782306603923e-24
49 4.5610832965722750e-04 1.3036297657947988e-23
50 5.4305620959542455e-04 -3.2453867755382668e-24
51 6.2331986915856337e-04 2.5898665640377479e-23
52 7.4333485315518117e-04 -3.9203302587812009e-24
53 8.9795217225210422e-04 3.6261272525299531e-24
54 1.1041739065960371e-03 -3.7731160602718414e-24
55 1.4104483074981315e-03 -6.0307898657730508e-24
56 1.7602770020101715e-03 3.6074782681975295e-23
57 2.0769824415101845e-03 -1.3333350927875776e-22
58 2.4459952132077898e-03 -1.8634474217467363e-23
59 2.8668228142467462e-03 5.5052556844716787e-23
60 3.2898266347221260e-03 2.3276013964849214e-23
61 3.7944823911867094e-03 5.4988367936441952e-23
62 4.6101887232306666e-03 1.1763027125543397e-22
63 5.6892499774874343e-03 -7.5879674756808177e-23
64 7.0601422388014137e-03 1.9073415864528291e-22
65 8.3925686524912758e-03 8.2539797675823418e-23
66 1.0133083021536038e-02 3.0207237208520775e-22
67 1.2557999385798548e-02 -1.0198608858457157e-21
68 1.6179510110093609e-02 -1.4428377250490449e-21
69 2.2246526791110513e-02 2.7339461867156588e-21
70 4.1941030665750605e-02 1.9427998934151876e-20
71 1.2965106567045973e-01 -5.6310270960388967e-20
