0 1.1677649255930185e+00 -2.7500266265676156e-19
1 1.6035351416947408e-01 1.4281136844555821e-20
2 6.5201675489862221e-02 -6.7592279814316051e-21
3 4.1255993799840532e-02 -1.0508338251888715e-21
4 3.2030096144623335e-02 2.9989560467804628e-21
5 2.8212090249537535e-02 4.5481574513200181e-22
6 2.5375856167549365e-02 -6.8152832709349006e-22
7 2.2197306816891492e-02 -3.7669947960071734e-22
8 1.8807444223348388e-02 9.2263640355547604e-22
9 1.6159520113052470e-02 -1.5574144630780462e-22
10 1.3567137134522327e-02 6.8592044258761899e-22
11 1.0887954998942550e-02 2.2461016072491869e-22
12 8.7961008029096063e-03 -5.1277947473539143e-22
13 7.3052727879527818e-03 7.2334384573483573e-23
14 6.2167386396558035e-03 2.2239514258656457e-22
15 5.4034491355447528e-03 -1.1370511545364184e-22
16 4.8950712348688310e-03 -1.0818545264351418e-22
17 4.6264473240633019e-03 1.6494566993024577e-22
18 4.3261631660890757e-03 2.5932206575053599e-22
19 3.8608350142415246e-03 2.7334477938392776e-23
20 3.1886139237018996e-03 3.3667019888244172e-23
21 2.5734741574543959e-03 -8.9119593917381585e-23
22 2.1636769231386430e-03 1.0931808005857328e-22
23 1.8065241617212853e-03 1.6378101336246265e-23
24 1.5755285682331373e-03 1.8827616190136044e-23
25 1.3219621812084548e-03 5.1087668009384423e-23
26 1.0941563547642980e-03 2.0113213755366180e-24
27 9.1063841211920158e-04 -1.7507124865318511e-23
28 7.3338640117372460e-04 -2.2466348860623128e-23
29 5.8715523931579072e-04 -2.4054257423248165e-23
30 4.8790408091342358e-04 2.8017092319319879e-24
31 4.0831204180720167e-04 -7.0835377426860540e-24
32 3.4379501723333638e-04 -1.1040215732392504e-23
33 2.9912786367377529e-04 -4.7723964901740669e-26
34 2.7510003734411512e-04 3.9375883244760139e-24
35 2.6332602921072377e-04 -8.1278625429546319e-25
36 2.6097077726334751e-04 7.4356829311900755e-24
37 2.5245941140153964e-04 3.5498013967344376e-24
38 2.4134839286050705e-04 -5.2043559839964970e-24
39 2.3788725230918924e-04 -2.7761664791331422e-25
40 2.4742061923612889e-04 -1.1237169312050210e-24
41 2.6775349962283537e-04 -2.9145492797880848e-23
42 2.8733698831636366e-04 -2.3675619650665595e-23
43 3.1674295379384643e-04 2.1363422593145067e-24
44 3.6558600815184014e-04 1.6158793748970669e-23
45 4.5323924727617916e-04 1.3157960450853250e-23
46 5.9079232388304064e-04 2.1152311662177636e-23
47 7.5225620785963248e-04 2.3191564624017394e-23
48 9.5202261032643562e-04 5.5651227426914259e-23
49 1.1384240230141931e-03 -5.5402012071886159e-23
50 1.3704414410157754e-03 -2.9382426643154984e-24
51 1.6567066966446671e-03 2.3504439419314754e-23
52 2.1982446420990794e-03 1.8052809034907529e-22
53 2.9986661941683182e-03 1.2644107978001776e-22
54 3.5420921187360359e-03 -8.6325165796638026e-23
55 3.7941540618958436e-03 3.5955137349108433e-22
56 4.1966981031999412e-03 2.4167374369012003e-23
57 4.6828311574545331e-03 1.1548053140283860e-22
58 5.4353030097091647e-03 -1.2136693154348463e-22
59 6.1165312665644412e-03 3.6219502199502563e-22
60 6.5130084054316516e-03 2.7540225355221281e-22
61 7.0479523856712984e-03 -2.9724486171162775e-22
62 7.7433367616613234e-03 4.0008070129083381e-22
63 8.4238838973611924e-03 -1.3836998561595027e-22
64 9.7231565028034379e-03 -2.6201357211966805e-22
65 1.1872676209157109e-02 4.1402070869099577e-23
66 1.4200929872146106e-02 -3.0659449999850669e-22
67 1.8087825730041571e-02 -7.0349421872641060e-22
68 2.5901875782781032e-02 1.0220525086672735e-21
69 4.2196868378186661e-02 1.4858963302433787e-21
70 7.4567680379707943e-02 1.7220256668853803e-20
71 1.7452487207735959e-01 5.8534411494551205e-20
