0 1.1436036884140217e+00 5.2176042058978847e-20
1 1.4384396952922196e-01 -3.3280195281256343e-20
2 4.6670250415217454e-02 1.1067537700603603e-20
3 2.4640153498708062e-02 4.5847499456325045e-21
4 1.7480524983956212e-02 -6.7839679011947173e-22
5 1.2919667073300552e-02 -7.1906355924019808e-22
6 9.6083207549870660e-03 1.4848428727684797e-22
7 7.1701460310951365e-03 5.0063652929213411e-22
8 5.6731329344727353e-03 3.0987770094963689e-23
9 4.7307761763695205e-03 -1.3366454875592830e-22
10 3.8809511266533949e-03 2.3868517390022759e-22
11 3.2230734152809766e-03 -1.1547398191837204e-22
12 2.7015301344767268e-03 -5.7336504344188155e-23
13 2.3646575481156488e-03 -2.3826142677762014e-23
14 2.0303908779431400e-03 1.4004429328432457e-24
15 1.6769542390309387e-03 2.6146647133904391e-23
16 1.4009224963660719e-03 -3.5252256384853452e-23
17 1.2278537866762696e-03 2.1739476628828047e-23
18 1.0919415365009818e-03 -1.3202936466702153e-23
19 9.8913149597692194e-04 -2.0173054603094232e-23
20 8.9007331434917604e-04 -1.9855580093866029e-23
21 7.7384495652913833e-04 -3.2998789217152821e-23
22 6.2186263014517762e-04 3.6940921340009901e-24
23 5.0858614936885539e-04 -1.9162924619219677e-24
24 4.1783714888556371e-04 -2.4492647970535568e-23
25 3.4098589356765854e-04 3.9701667192459130e-24
26 2.7458661821292877e-04 8.5110774542391580e-24
27 2.2771736147706795e-04 2.8952423858375985e-26
28 1.9323078833148941e-04 -7.8888242114003194e-24
29 1.6558418025296959e-04 6.0995197981716363e-24
30 1.4487899275053242e-04 7.0808307345518696e-25
31 1.3335519901113603e-04 4.8516189691992340e-24
32 1.2957985967690741e-04 5.8285080944663761e-24
33 1.3329978164232473e-04 -7.7551505826398380e-25
34 1.3319983089619744e-04 3.1497575210576296e-24
35 1.3857590971490594e-04 5.7953742047673952e-24
36 1.4823544118357487e-04 3.4968374979365294e-24
37 1.6165058544246886e-04 2.4135112968258385e-25
38 1.8636461205684933e-04 -3.3653862514728852e-24
39 2.2134289770769594e-04 -4.4689450390350741e-24
40 2.7437116611475642e-04 -1.3267542291227495e-23
41 3.4466006454593641e-04 2.2059955629923348e-23
42 4.1235799432688940e-04 -1.8152919930990017e-23
43 4.7907567569632271e-04 -1.8618354270558032e-23
44 5.2845840981618640e-04 -6.9455253707169799e-24
45 5.6269753635672739e-04 -1.5366650429792385e-23
46 6.2428366110001989e-04 -1.4998773898454068e-24
47 7.4268653508867280e-04 -1.5528533192029420e-23
48 9.0151893691265154e-04 3.5876422670533149e-25
49 1.0841188572440011e-03 6.2484769185523267e-24
50 1.2776692092092313e-03 -7.0609010470472144e-23
51 1.4240985357316914e-03 3.7920748036966601e-23
52 1.5855780698122229e-03 6.1634071480873954e-23
53 1.7668617278634004e-03 5.9072395134755361e-23
54 1.9735619938239272e-03 4.8520740597979913e-23
55 2.3255561446090234e-03 4.2039514513177248e-23
56 2.7803234811677744e-03 -1.5030225646059912e-22
57 3.2980159148706086e-03 7.0366849020067782e-23
58 3.9319246454027944e-03 6.4347084446253095e-23
59 4.8261610878445396e-03 -3.6944119435691518e-22
60 5.7936126747281727e-03 -1.4715037528102383e-22
61 6.5323824377171227e-03 -3.6988274011594610e-22
62 7.5220131418523139e-03 -2.7276880551407177e-22
63 8.9370120270111045e-03 3.6324519855649807e-22
64 1.0666358298856475e-02 6.2517291099939519e-23
65 1.1860153869685041e-02 -3.6271995609324802e-22
66 1.2734506350057368e-02 -4.3394745359270590e-22
67 1.4200821401526009e-02 7.0706926305322229e-22
68 1.6076166031785001e-02 3.3163313469222158e-22
69 2.1641218413675119e-02 1.1987087581502792e-21
70 4.2903858015495441e-02 -4.7869329478616483e-21
71 1.3518200323653629e-01 -3.3185078931987755e-20
