0 1.1901160376540623e+00 1.1388324548567389e-19
1 1.7006079646841871e-01 -3.5134415402914862e-20
2 8.5048329900815525e-02 8.2154811236150022e-21
3 6.2018928547721917e-02 -2.7240277489207123e-21
4 4.7170117422875392e-02 -3.2506085303787341e-21
5 3.7330119995793283e-02 3.5312754255879784e-22
6 3.0314301690302598e-02 -1.6753403838283067e-21
7 2.4158723660213193e-02 1.1437405562045644e-21
8 1.9307606693602018e-02 -5.3026683390572169e-23
9 1.6440285784585569e-02 2.2431903160072832e-22
10 1.4396358945863824e-02 2.1989554272722530e-23
11 1.2732553719097072e-02 3.7550209549463536e-22
12 1.1458916147674528e-02 -2.0556143201321370e-23
13 1.0604120974218393e-02 2.8262857935718495e-22
14 1.0269007294561859e-02 3.6076752179607168e-22
15 1.0114005732959019e-02 -1.6527206454766992e-22
16 9.2382448670333215e-03 -3.9310729255237833e-22
17 7.6902757257991282e-03 4.5011660006906346e-22
18 6.5890686291534524e-03 -6.8795123240662482e-23
19 5.8404146596855036e-03 -5.8191978952333246e-24
20 5.2863994059157747e-03 1.8332601984494729e-22
21 4.7186258760736413e-03 1.2551043277237532e-22
22 3.9864688321465556e-03 -6.9421404545265864e-23
23 3.4386906108055480e-03 1.6324441690087784e-23
24 3.0349230501639959e-03 -9.0661884220630885e-24
25 2.5781594672989573e-03 2.3083984799769432e-23
26 2.2192279512043243e-03 7.5746205324824270e-24
27 1.9601815454480505e-03 1.0168934079744068e-23
28 1.7733914537969937e-03 -1.7005176982334390e-23
29 1.6403274765869743e-03 -4.3464233453156076e-23
30 1.4768008545966908e-03 -4.4934525510752835e-23
31 1.3023179625676709e-03 -7.2039582139909912e-24
32 1.0988253892537691e-03 -1.0983267749309155e-23
33 9.0334563299629064e-04 1.2884017783726048e-23
34 7.4696529198845104e-04 -4.3311426789963765e-23
35 6.3765163973850505e-04 -1.1792384805394254e-23
36 5.6851299510322765e-04 1.1338808840085620e-24
37 5.2726290069972674e-04 5.0334598040712714e-27
38 5.0618842481755372e-04 -2.7891098631230268e-24
39 4.9561665226406117e-04 -2.5465229395800465e-23
40 4.7962527558245341e-04 -1.2891428923055770e-23
41 4.9689969542046392e-04 9.7056081777273396e-24
42 5.7911766479490866e-04 -9.5568164261174561e-24
43 6.7259527470388606e-04 -2.6442101489001486e-23
44 7.3783974759613865e-04 2.6559748507925327e-23
45 8.2165573311993793e-04 -1.0639025383623853e-23
46 9.4863683451431376e-04 -4.3616760574336212e-24
47 1.1140974965430657e-03 2.0428750944306195e-24
48 1.2908851245891496e-03 3.9866917207449782e-23
49 1.4996644021145122e-03 -9.5852267848888413e-24
50 1.7959776468885378e-03 -6.2805224879645549e-23
51 2.2295166111225679e-03 6.2039510272216988e-23
52 2.7773552872338960e-03 9.2882580675545153e-23
53 3.2370995262651575e-03 1.1707230809992427e-23
54 3.7620732701780205e-03 -1.9908435087826868e-22
55 4.1434881971267549e-03 3.0010585707223648e-22
56 4.3862294878442027e-03 1.1246848831941932e-22
57 4.7641166998352632e-03 -9.9658267383816475e-23
58 5.3794530557099585e-03 6.9878913865814006e-23
59 6.1697590971680656e-03 -2.2708336306286332e-23
60 7.3920401267402605e-03 -4.9390336106344996e-22
61 8.7979118060335718e-03 5.4230131562542161e-22
62 1.0315641869153293e-02 2.1391956235683839e-22
63 1.1797747180481148e-02 -6.4755920010121985e-22
64 1.3876825321375416e-02 4.5231978914238506e-22
65 1.6736341276291620e-02 2.5912939336127573e-22
66 1.9679237425558504e-02 -3.5926906244321347e-22
67 2.3918594364409271e-02 7.5014258852971282e-22
68 2.8899791843231926e-02 -1.3291981184277249e-21
69 3.8986352656051111e-02 2.2362733758380267e-22
70 6.6805926943877908e-02 -1.5488468517444340e-20
71 1.6908934575168313e-01 -2.4874156122613162e-20
