0 1.1981515066816997e+00 -3.2989571187580761e-19
1 1.6672876461497821e-01 -1.0655702787929908e-20
2 6.5828286073449843e-02 -1.7028035743950407e-20
3 4.0502662836314117e-02 7.6572870825350438e-21
4 3.1223781994224122e-02 -1.1431068869246384e-22
5 2.5170227583513515e-02 9.6054853604487183e-22
6 2.0902949661893384e-02 2.8372101420786159e-22
7 1.7008786942654629e-02 5.3427311331926135e-22
8 1.4790858128251993e-02 4.5227618402437489e-22
9 1.3112238840817707e-02 4.5907753655924995e-22
10 1.2194174184394987e-02 5.1403030212607240e-22
11 1.0875776580463544e-02 -2.0135590955698884e-22
12 9.2759854151457152e-03 2.3698001023884498e-22
13 7.6363499912991796e-03 -3.2767211524847951e-23
14 6.5995210788451055e-03 -1.2809072004280996e-22
15 5.7092653429517779e-03 2.7026857557752811e-22
16 4.9627187628810627e-03 -3.2077612564453548e-23
17 4.3630112000044964e-03 -1.0232007120164274e-22
18 3.8669151086163384e-03 -2.5449304859606059e-22
19 3.2285053287691577e-03 3.5166483664993321e-23
20 2.7222197806325630e-03 -8.4441004568829308e-26
21 2.2876391338978600e-03 -3.2625705335140826e-23
22 1.8401296336096353e-03 -1.8029295997859489e-23
23 1.4747271367345886e-03 4.4276120315751624e-23
24 1.2286452792797356e-03 -1.1435659925953345e-23
25 1.0632006890263601e-03 -4.2320925055877960e-23
26 9.2375763738583301e-04 -1.7230155649358627e-23
27 8.2767413564635681e-04 -2.4702425638420003e-23
28 7.5755160413318496e-04 1.2488756463521878e-23
29 6.6140403122411681e-04 2.8188833609730611e-23
30 5.6914489962132876e-04 -1.5833859771930307e-24
31 4.6961862771808919e-04 -1.7733140596689961e-23
32 3.8813698783430917e-04 7.6480541792726580e-24
33 3.5075456844037566e-04 -8.8140665187240679e-24
34 3.2122238085393608e-04 6.6890845403858696e-24
35 2.8286643302015727e-04 4.5727915556864549e-24
36 2.5999673985530660e-04 -3.7900296475965946e-24
37 2.5549343305246235e-04 -1.1591605462924388e-25
38 2.6443563302633462e-04 -3.7255769823148487e-24
39 2.9727454609647478e-04 -5.3386030556394747e-24
40 3.3269423554737590e-04 -4.3381465016114015e-24
41 3.5398510322511928e-04 -8.6813073325827870e-24
42 3.8680314390193888e-04 -2.6817064019499225e-23
43 4.4167577911523336e-04 3.4577085979076775e-24
44 4.9172670316929021e-04 1.3980483064517026e-23
45 5.2596268240483548e-04 -1.2369276601483974e-23
46 5.7160370963257781e-04 8.3446518837247494e-24
47 6.5746272604931034e-04 -1.7650753001908470e-23
48 8.0763439955275113e-04 -1.8577171524418280e-23
49 9.5718611710632275e-04 4.7650168409697396e-23
50 1.0529893008193038e-03 1.5680843835798702e-23
51 1.1958384029572252e-03 -9.8195193932691825e-24
52 1.4101601527128679e-03 1.9413069825562748e-23
53 1.7115587223749727e-03 -1.0476005034185722e-23
54 2.1022902483805559e-03 -5.3947002805424146e-23
55 2.7015436179562663e-03 2.1846298916335726e-23
56 3.3993680954765228e-03 2.5835864624568787e-23
57 4.1153675819620879e-03 -1.7853094867981121e-22
58 5.0337529365595693e-03 -2.3286744009665138e-22
59 6.1088780847170293e-03 3.1014323462608066e-24
60 7.1196232103415249e-03 -7.1071838200713670e-23
61 8.7502980025789146e-03 3.4700449280388325e-22
62 1.1171422151260216e-02 -4.5772855166442042e-22
63 1.4170551641187761e-02 2.7238796241515389e-22
64 1.7974185658496872e-02 -1.3146761212469995e-21
65 2.3087726472466510e-02 -1.8893086380985876e-21
66 2.8085917555635612e-02 2.2247929195579666e-21
67 3.2972536125889636e-02 1.1985002725108226e-21
68 4.0383970308905268e-02 -2.3263264554256506e-21
69 5.1800940203387151e-02 -3.9678323211626538e-21
70 8.2107040144299134e-02 -5.1942133524905579e-21
71 1.8182790783427863e-01 8.4308042294010517e-20
