0 7.3734515004339788e-05 1.0355952293139410e-05
1 5.0306560686588930e-05 6.3726000839312011e-06
2 3.7683686820442646e-05 5.2724387310776735e-06
3 2.3230767178545476e-05 2.8955970330538836e-06
4 1.3457080330819606e-05 1.4940660700140912e-06
5 8.3950766215374484e-06 8.8024986706342043e-07
6 5.5266049765769370e-06 9.6395785747238045e-07
7 3.5551546541968974e-06 6.9731591769697419e-07
8 3.2311857901293614e-06 7.4576715893115391e-07
9 -1.2805824693078845e-07 -3.4598132767481531e-08
10 -4.5630195855321024e-08 -3.9964158165521984e-09
11 -1.4904131450646550e-08 -1.4531547179961798e-09
12 -5.3902721887276869e-09 -7.3388495615269748e-10
13 -1.6406662020149891e-09 2.1180686363229605e-11
14 -3.5140339342931515e-10 -2.9931075952005799e-11
15 -6.0187338481928249e-11 2.9062102161656498e-12
16 -2.5430882023112048e-12 1.3916702563837520e-11
17 -2.1988650891598888e-12 4.9538099304420885e-12
18 -1.1035371046399104e-12 -1.4657608329665125e-12
19 4.6591839075436509e-13 -1.2199500678397436e-12
20 3.6441468255321542e-13 -4.7517175577435750e-13
21 1.4747954815915659e-13 -2.0671137497733803e-13
22 6.2492009237878752e-14 -1.6532224229151513e-14
23 4.4402917811823350e-14 6.5493708242216065e-15
24 2.3802205811633904e-14 8.8733614117434331e-15
25 7.2220026215687609e-15 4.2114863257448101e-15
26 5.5287577984918823e-16 1.8734241236197542e-15
27 -3.8700202683028937e-17 9.0676155966566288e-16
28 -1.8027919178968280e-17 1.5484148725586547e-16
29 -6.2458760694468457e-17 -3.2021917744669703e-17
30 -3.4378323346570805e-17 -3.5307234438063377e-17
31 -2.3978526610306679e-17 -9.2287819448135753e-18
32 -1.0896782223879924e-17 -9.8612282469155046e-19
33 -4.4769784725357666e-18 -1.3730888500897851e-18
34 -2.1348334524419320e-18 -9.0990787729654769e-19
35 -7.4404072267801940e-19 -4.8809804356097126e-19
36 -2.5242889152572660e-19 -1.3090708995602776e-19
37 -5.8693307564912407e-20 -1.5684642716099967e-19
38 1.0776599820625669e-19 -4.7113146971242218e-19
39 3.4744034911653973e-19 -1.0611065162148747e-18
40 5.7582769088795538e-19 -1.8914481319411759e-18
41 6.1333176506062054e-19 -3.1120138300327367e-18
42 1.2109761963708194e-18 -3.9873941482982011e-18
43 -2.9555639944188385e-18 2.2743371198494783e-18
44 -5.2597852727887958e-18 3.2074599231743236e-17
45 -3.2782903693437108e-17 1.1701420168509213e-16
46 -7.1878758779031423e-17 3.8126459368049861e-16
47 -1.3710316012383390e-16 1.0970120778219770e-15
48 -7.4078362729528637e-16 2.4228602225500505e-15
49 -1.6179514930588582e-15 4.3492704063530437e-15
50 -2.6100524998204117e-15 4.4151167598862443e-15
51 6.2129328736460098e-16 4.1313569388643029e-15
52 1.9492268624197651e-14 -1.5096034798132881e-14
53 6.6821437289177841e-14 -2.1261373101654769e-15
54 2.5049017938492237e-13 7.3598216560649254e-14
55 7.1632017693827595e-13 -1.6746610191325095e-14
56 2.0640175320194447e-12 3.2286156266453805e-13
57 5.0674902677298115e-12 1.3656582984786233e-12
58 9.3840641708172339e-12 1.2367994861117501e-11
59 2.8883083316159258e-11 2.3136266525457909e-11
60 7.1840929591122099e-12 5.0299254816934074e-11
61 -1.4906082721258076e-10 1.4266775357517867e-10
62 -3.1480015768725505e-10 5.3417293113627366e-10
63 5.0004516123157924e-11 6.8837503067529417e-10
64 2.3556650660615774e-09 8.3829746221983114e-10
65 9.2501402829848404e-09 7.7999116071402515e-09
66 6.4066210690630190e-09 2.0046822743462399e-09
67 -1.9461404815016380e-08 -7.3135159599528858e-09
68 -2.4622673826400267e-08 -1.2554788090501460e-07
69 1.5905864017114733e-07 1.7041167978426646e-07
70 1.7131880692511628e-06 5.7700027291689334e-07
71 7.0165470343158686e-06 4.9653538591649304e-06
