0 3.9468765201491679e-04 -1.3319146339801165e-04
1 2.5527413933667772e-04 -1.8506427769760404e-04
2 1.1635624616511392e-04 -1.3546785997859355e-04
3 5.4761325607868928e-05 -6.6970777749742529e-05
4 1.3482447160401977e-05 -1.5578667169794331e-05
5 1.3194077991836526e-05 -1.0879409811366371e-05
6 9.1042720548271504e-06 -5.7485408429850966e-06
7 7.2527659158505273e-06 -7.3777243692680134e-07
8 4.2551975214326731e-06 4.1643696987131874e-08
9 1.5084835686380097e-06 -2.7631343250367108e-08
10 5.2142712235659104e-07 -9.0087406211133135e-09
11 1.7024085544926109e-07 -2.3374178957956837e-08
12 4.6184977827255193e-08 -1.5604095229977180e-08
13 1.4536664509170766e-08 -9.7219035110222693e-09
14 3.2123439394341111e-09 -3.8235282353430256e-09
15 8.7668334875087254e-10 -9.8745919346832874e-10
16 3.2003565236092590e-10 -6.1449931934893562e-11
17 1.0154978482446367e-10 -2.0667102755828597e-11
18 6.6742373532630631e-11 -4.1588738444872504e-11
19 4.5055664150235168e-11 -2.0817346388463770e-11
20 1.5262153494640729e-11 -7.0271351338908526e-12
21 5.2931209419868515e-12 -3.9738608180002997e-13
22 1.3738929120387527e-12 9.9502132682411591e-13
23 5.5372510641122318e-13 3.5277149694490815e-13
24 2.8859205576069143e-13 1.2797120634023498e-13
25 1.0418511144923307e-13 1.4777385639319136e-14
26 2.1640260550928286e-14 -6.0167416194351761e-15
27 -1.0580500688384768e-15 -6.5815441360276145e-15
28 -1.0314308671947977e-15 -3.2042087952211409e-15
29 -1.0009037117214715e-15 -1.4023194119978210e-15
30 -3.1447531294298256e-16 -4.1469911961940629e-16
31 -1.1140551416129158e-16 -1.7679366265288345e-16
32 -3.8410830360085794e-17 -3.6085731564470078e-17
33 -1.9677075843409684e-17 -1.0151605980040082e-17
34 -1.8695324798080483e-17 -1.2647047568614822e-17
35 -8.8722104464935662e-18 -1.0747758476468286e-17
36 -6.4638811167123322e-18 -1.0436129099654505e-17
37 -5.8015333160818433e-18 -1.5787572904595242e-17
38 -6.6811394473937711e-18 -2.6297224935161363e-17
39 -1.0948276022837552e-17 -4.3708342598441098e-17
40 -1.6764392507771082e-17 -7.3182021032530702e-17
41 -4.9840929798619026e-17 -1.0105667066664906e-16
42 -8.3472626632198276e-17 -1.1118828040585602e-16
43 -1.5883018963362452e-16 -1.1986975570321552e-16
44 -1.5248743873453606e-16 3.1197400512583075e-17
45 -2.2533252387257238e-17 4.5061520615326927e-16
46 1.9056319917056192e-15 1.5199022952268157e-15
47 9.0542094734941404e-15 7.4496752213078565e-15
48 2.9790928072628406e-14 1.8815117010021261e-14
49 7.7714560861241812e-14 1.9246814799704473e-14
50 1.2054893147842296e-13 -1.9682733790269935e-14
51 1.6898192671521305e-13 -2.6715210183534248e-14
52 4.5883752196071939e-13 -2.2629598672825676e-13
53 1.2235541363187866e-12 -7.5307688362978214e-13
54 1.9427541726904119e-12 -1.3808753303948954e-12
55 -2.3378547561505460e-13 -2.7810547627336693e-12
56 -9.5785371724534442e-12 -4.3215233944637390e-12
57 -3.2654144942885525e-11 1.1054074852282705e-11
58 -8.4638583027797502e-11 4.9512889425785559e-11
59 1.6473276778110685e-11 1.3918895717955785e-10
60 6.8456098396382528e-10 5.4379118927851453e-10
61 2.2185656167424499e-09 1.1701142016106006e-09
62 1.0916769679574808e-09 -1.8743355479770245e-09
63 -3.8126995900873456e-10 -1.0020708457543798e-08
64 3.3747222176590053e-08 -6.6158817115015583e-09
65 2.1008901764332833e-07 -1.4888232974003211e-09
66 7.4381956819533143e-07 1.9118633743692983e-07
67 -8.0256692515977554e-09 1.4510716224160464e-06
68 -2.1390927057363555e-06 2.7401903244983375e-06
69 -3.7082104453975541e-06 4.6061267701222922e-06
70 6.4183765121000038e-06 1.8606482152046242e-05
71 7.5133970768146574e-05 5.1482087798089307e-05
