0 2.5578391903411939e-07 7.7878784365734046e-11
1 2.0065860127628749e-07 -7.5665579027951007e-08
2 7.8706585351445214e-08 -8.5975159580229925e-08
3 -8.4083813989059101e-08 -2.5971194374071965e-08
4 -1.4983792720140106e-07 1.4477703890118853e-07
5 1.9585380895721256e-09 9.5055354642966405e-08
6 7.7500217713647419e-08 1.2584544694812006e-07
7 2.0817101846405111e-07 2.2286914110248134e-07
8 2.7202479262138468e-07 2.0096317422852316e-07
9 2.9336629461560652e-08 1.5318384608894050e-08
10 4.4448718210657672e-09 2.9279977291586761e-09
11 1.0955124431686987e-09 5.8809712465108506e-10
12 1.1668318621017881e-10 -1.2732115092750657e-11
13 1.0252407212011075e-11 -4.3248554090012668e-11
14 -1.5178662633321766e-12 -6.8509264152287886e-12
15 -1.2203116425626315e-12 -1.3910293954236653e-12
16 -2.4972601950917198e-13 -2.5269706111013194e-13
17 -3.0112293768895550e-14 -7.0232664784394925e-14
18 -9.0697414924509122e-15 -1.3632924417339347e-14
19 -9.9747103904839317e-17 -3.5005394344188241e-15
20 4.5981275775926127e-18 -7.6421745500195666e-16
21 6.1589109408978766e-18 -1.1654422378613377e-16
22 1.2525251644477318e-17 1.5492480952988920e-17
23 4.8525949161720002e-18 5.0594286881080353e-18
24 7.0212987961489346e-19 9.9695664001000346e-19
25 2.0598771087856295e-19 2.1460285095873565e-21
26 4.3791381572308983e-20 -1.7967452080433896e-20
27 -8.5986885213897149e-23 -2.6857435011182768e-21
28 3.1565044044550232e-22 -5.3496875187659551e-22
29 2.0128720111640148e-22 -4.9301588461323261e-23
30 5.6120735652097705e-23 -4.3267350276685172e-23
31 1.9117507604318585e-23 -1.0145667854612899e-23
32 4.0032252269505656e-24 -8.8474096242367935e-25
33 8.5346710716878968e-25 -2.0123856884237833e-25
34 1.9956535049581046e-25 -1.2738272584390039e-26
35 3.6781559348206343e-26 -9.0017527923598015e-27
36 -3.0935176783313529e-28 -5.4040543756577814e-27
37 -1.0372497272655985e-26 -6.8499084357492990e-27
38 -1.4033337657184114e-26 -7.1215682980140748e-27
39 -1.5889634119489962e-26 -7.0568648369588974e-27
40 -1.8032903918487582e-26 -7.0232552310392771e-27
41 -1.8421861757340463e-26 -6.6809130025533207e-27
42 -1.7916636077372646e-26 -6.2833663953830856e-27
43 -2.0261208333305811e-26 -3.6945218968280205e-27
44 -2.3531944437170568e-26 6.1865523729743880e-27
45 -3.9766143868922299e-26 6.1538692801938583e-26
46 -1.3767262728139521e-25 5.0644206613863374e-25
47 -6.4928671567173261e-25 2.4580084899210636e-24
48 1.2260268513427022e-24 8.9428701485750011e-24
49 1.6769555205792649e-23 2.8320965404730698e-23
50 6.3999111797253297e-23 -1.5594989985989635e-23
51 5.1220239496283934e-23 -1.8557944569281655e-22
52 2.5472489712663760e-22 -5.8803896679179472e-23
53 -1.1595164655239067e-20 5.4461715463009606e-21
54 -7.7559527658595165e-20 -2.3137525339204991e-20
55 -2.2590852130214477e-19 -1.3176499023887745e-20
56 -2.1267583286226955e-19 -2.1638418855891805e-18
57 -2.6893967431839346e-19 -1.5238074756041311e-17
58 -5.9783283277252513e-18 -1.1756188170211188e-16
59 2.2179485448884449e-17 -2.9462414298433918e-16
60 6.3055373746136798e-16 -9.1093110284353294e-16
61 3.2846159424495023e-15 -3.6004444000319597e-15
62 3.7508548115832451e-15 -3.9694737282355386e-14
63 2.4720495592092007e-14 -1.7572819456212553e-13
64 3.6736355745364386e-13 -4.3755206836184123e-13
65 3.3937817992021612e-12 -3.7371864523420352e-12
66 1.8650268306049034e-11 -9.7341532680068091e-12
67 -4.3724054275815782e-11 -4.3803785462562669e-11
68 -3.9492958908572651e-10 -2.6778020644044246e-10
69 -5.8924900480935267e-10 -9.8290088505384501e-10
70 7.0257838105874289e-09 -7.8918855158463754e-10
71 5.2117953378107704e-08 1.0132140679422826e-08
