0 6.3877121833076801e-03 7.8108116288611419e-04
1 3.9442185304107598e-03 -3.2049184442983041e-03
2 2.4959986765475551e-03 -3.2601948752338850e-03
3 3.6692631492240579e-03 -3.6132620866093290e-03
4 3.3848987949168909e-03 -2.8514552803258751e-03
5 1.8293610548770476e-03 -2.4900026312115182e-03
6 7.5719264114671413e-04 -2.0670477891249262e-03
7 5.8267572946313123e-04 -2.0873557310196180e-03
8 4.0535872626878321e-04 -1.4330682266427454e-03
9 3.6590446776417268e-04 -8.7093800564283920e-04
10 4.1428296746202773e-04 -4.6390074810051892e-04
11 1.4226054705992886e-04 -2.8594949810432902e-04
12 6.3753144987564758e-05 -1.4409604270764522e-04
13 6.0504361034462257e-05 -5.7041199993014267e-05
14 3.1263795772473594e-05 -1.2809854946132876e-05
15 3.1214953522175392e-05 1.0295836658630506e-05
16 4.6811896334880954e-05 1.4032670036425115e-05
17 2.9944648959747868e-05 2.0852018102382572e-05
18 3.3533856631451638e-05 1.7634275149965814e-05
19 1.9439228163220611e-05 4.6482889514831504e-06
20 1.2320791698643964e-05 1.6502498105122656e-06
21 4.3597781416541563e-06 -4.5637156137668001e-06
22 -4.4843053463140189e-06 -5.7978304647277031e-06
23 -9.6683773968848828e-06 -6.2845757557759417e-06
24 -1.0310805353022783e-05 -4.9792907916170399e-06
25 -8.0979150261638925e-06 -3.7451741516502029e-06
26 -4.0710544503165434e-06 -7.6259470817649454e-07
27 -1.9970942278869805e-06 1.4864787447776417e-06
28 -7.7586958383686913e-07 2.5249088449126870e-06
29 -7.8541457570931351e-07 2.6475415539962580e-06
30 -6.2245424134082604e-07 1.7534867883928812e-06
31 -3.2361792126766417e-07 1.1908949336455294e-06
32 1.7769442728544588e-07 6.3161758606062434e-07
33 6.7364136417027252e-09 -9.1755608564837024e-08
34 8.0390518937625682e-08 -1.4563132802703942e-07
35 -4.5882853524528201e-08 7.5269949498903397e-08
36 -1.5286943782009946e-07 3.0106332639823129e-07
37 -3.8383429654370440e-07 3.4323866393263739e-07
38 -3.3604092520068630e-07 4.7513206980587782e-07
39 -3.5970323469848937e-07 3.6410673338567528e-07
40 -3.0943318678779724e-07 1.5312015489129832e-07
41 -2.4220905215495329e-07 9.2139436069682934e-08
42 -2.1026022060354272e-07 1.0839935621751863e-07
43 -5.6110559399572401e-08 2.5805437479875201e-07
44 1.1821116974797333e-07 4.7894485989692125e-07
45 1.6177451015469426e-07 4.6007531828278310e-07
46 3.6357466169469596e-07 5.4507139166637370e-07
47 4.4816774245468483e-07 3.7110888534378942e-07
48 2.1821712741097611e-07 -1.3169937617322984e-07
49 5.9599519924935416e-07 -1.8368977126692766e-06
50 8.2385701144581226e-07 -4.7369958132786760e-06
51 6.8530265731036842e-08 -1.2124643708422311e-05
52 -1.1951628132592172e-06 -1.8025583558176683e-05
53 -5.2441535604453782e-06 -2.2783603476143794e-05
54 -1.0704186207491922e-05 -2.4762514628865501e-05
55 -1.6763576666459249e-05 -2.5442486916762679e-05
56 -2.4559735049241173e-05 -2.8270825142073184e-05
57 -2.2437636061760799e-05 -3.4726268419476498e-05
58 -2.5460282784305043e-05 -4.7601665656856710e-05
59 -3.0730282081597920e-05 -6.3354518861877647e-05
60 -1.9493908975761981e-05 -7.2070083822827971e-05
61 2.3820194628204814e-05 -5.9292882131049577e-05
62 1.1784937047042951e-04 -1.1032564522562329e-04
63 3.1880548285297654e-04 -9.0942841403916712e-05
64 5.1663501485807407e-04 -2.9624685084641976e-05
65 8.2005825517593456e-04 4.3353474906162969e-05
66 1.0952648990532547e-03 2.1868716241481301e-04
67 1.0279038478795252e-03 2.6773695705708048e-04
68 4.8087654385020053e-04 1.3266606386903298e-04
69 7.5721111834301511e-04 2.1467342234796275e-04
70 1.8243244997321897e-03 9.1349415454175693e-04
71 3.8175756147688245e-03 2.0447868781225420e-03
