0 -1.6709573831962122e-07 2.5348398765433250e-07
1 -1.0548640175675816e-08 -4.3168944758119445e-08
2 -8.9410208986224778e-08 -2.7551268550452096e-08
3 -5.8358084372843117e-08 1.9333520781996492e-08
4 -4.5850432717755552e-09 4.3360463919741534e-09
5 -1.0567173223633440e-08 2.6080142510523575e-09
6 -8.5843291786513469e-09 -1.0921016295958255e-09
7 -1.4373565481352598e-10 -1.3412447500753265e-09
8 2.8024213787956373e-09 4.6123384729024620e-09
9 5.4832567945531314e-10 6.2922423273332140e-10
10 1.0153440771160027e-10 7.8864970662706436e-11
11 1.4048305126949158e-11 7.9682989741784066e-12
12 1.5083339542208425e-12 6.1495260990390820e-13
13 1.0936349730364556e-13 3.4125024016646563e-14
14 2.7718622611028863e-15 3.2910572633686601e-15
15 1.6883706817412082e-16 1.0945295513279473e-15
16 -3.2494391328380631e-17 2.6474950423317987e-16
17 -9.6093543546772217e-18 4.5370397399406221e-17
18 -1.5194144855515157e-18 6.3247087618291387e-18
19 -1.9130628481504073e-19 1.0801741104181216e-18
20 -1.6520945300580853e-20 1.7607165873950677e-19
21 -3.3198484723430590e-21 2.3111207278814252e-20
22 -1.0793181702818252e-21 2.6639222653941607e-21
23 -2.0248862028160787e-22 2.8172757897565679e-22
24 -2.4379273249199800e-23 3.4892694604300369e-23
25 -2.2876275982960622e-24 4.5599763902443474e-24
26 -2.3837834824474146e-25 4.5630550673299974e-25
27 -1.9785796825318542e-26 5.8068503567109447e-26
28 5.7567765024025015e-29 8.2632839754195976e-27
29 7.7580711798407394e-29 9.7211945148896503e-28
30 1.1086586054589211e-29 1.0315413164952915e-28
31 -6.3405626146567616e-31 1.3474344911240570e-29
32 -4.5266305751330621e-31 1.4521565763059025e-30
33 -5.8885997817041167e-33 1.3118492452701742e-31
34 1.0678841337935629e-32 1.1496766100074852e-32
35 3.0439469044312073e-33 1.8338436669160175e-33
36 5.7551104763045381e-34 2.6306169632355772e-34
37 4.5176783739085057e-35 8.4377391227024884e-35
38 1.4886023258479193e-34 2.4978588768735980e-34
39 3.8047481376618997e-34 1.2935642749912997e-34
40 2.6091164983141998e-35 4.1750049413051589e-34
41 -6.3844635480088244e-34 1.7648933856016291e-33
42 -9.8840942448346549e-34 2.8683985478500764e-33
43 8.7609145027054156e-33 2.7844607462412499e-33
44 9.7522673159802108e-32 -4.9041073806204964e-33
45 7.4988617821540034e-31 1.4922127484262698e-34
46 5.8716058283089771e-30 4.9865075826250465e-31
47 4.9189788544449916e-29 6.5073631528360914e-30
48 3.7428977003326502e-28 8.6409551824877211e-29
49 2.7604923027572788e-27 9.2078194858739302e-28
50 2.1847867534358940e-26 8.4374623369385315e-27
51 1.8033861470431428e-25 7.4975039425373491e-26
52 1.4281256638177175e-24 5.5118860862795256e-25
53 1.1336309818207826e-23 4.6947897232321210e-24
54 9.8604950898663318e-23 4.0986383536554565e-23
55 8.1985318808119866e-22 3.3419925374792678e-22
56 6.7613998822795151e-21 2.5444444489532164e-21
57 5.3755621141483918e-20 1.9379385189461151e-20
58 3.6192134480639535e-19 1.7887391923587647e-19
59 2.0123619337178724e-18 1.8979046011640724e-18
60 1.2008447024889713e-17 1.5974109763411102e-17
61 8.4216763573595202e-17 1.2177070524867916e-16
62 5.4699212823970506e-16 9.8743663657468168e-16
63 2.8285523940972908e-15 8.1925074360503256e-15
64 7.6417890949157812e-15 7.2098006382448081e-14
65 5.4997388457998362e-15 5.6587996242573771e-13
66 -6.6435966638697947e-13 3.9051815878927592e-12
67 -1.1943682076107811e-11 2.6247287162131152e-11
68 -1.4112165230252313e-10 1.7683360250564760e-10
69 -1.0818462829153874e-09 1.2319382715077759e-09
70 -7.0154495825261070e-09 8.1365832035446573e-09
71 -3.3370741197416124e-08 4.3568870378939422e-08
