0 -4.0289871663314045e-05 -8.3040808028329166e-07
1 1.3480679988651840e-07 1.6734279978810663e-05
2 1.1245702023169074e-05 1.5335208344262877e-05
3 3.9451241319076323e-06 6.6322941231301364e-06
4 1.0596189225389438e-06 2.9413419021535813e-06
5 -1.4400571441172397e-07 2.1950505398619507e-06
6 -7.5699621223985711e-08 1.3085894202527824e-06
7 -1.4258384672275000e-07 5.8027805867239911e-07
8 -6.6528726095122749e-07 -1.1286839954362986e-06
9 -2.1358379132314497e-07 -2.7795279982143621e-07
10 -5.3623970545193042e-08 -7.9043008197695893e-08
11 -1.1944212254063813e-08 -2.6009789507950360e-08
12 -1.4909624324968875e-09 -9.3906460812167590e-09
13 2.4672159828999418e-10 -3.0600629213051244e-09
14 2.7877864342102130e-10 -1.1995978794454651e-09
15 2.0600086459843161e-10 -4.9980306580325542e-10
16 5.2859008388634870e-11 -1.9928913014210275e-10
17 -4.7541401925480659e-12 -6.8715572517731905e-11
18 -1.3311457525186008e-11 -2.7223214924607604e-11
19 -1.0129482374245152e-11 -1.0687224081644836e-11
20 -4.9896109581667214e-12 -4.7315447391165385e-12
21 -1.9782888840762007e-12 -2.0480291621607425e-12
22 -7.1150590970107337e-13 -7.3330067792372168e-13
23 -2.2869818957186124e-13 -2.0192043592520370e-13
24 -5.5826298279148565e-14 -4.9151217371916084e-14
25 -7.4112361553469781e-15 -9.2625060676920626e-15
26 1.7323216870272560e-15 -8.8222463405628799e-16
27 2.5422014167598934e-15 4.6755522150445243e-17
28 1.3007919923793370e-15 -2.2186182310967533e-16
29 5.4133913472878429e-16 -1.1868451328535759e-16
30 1.9072586514649029e-16 -2.8731867573185594e-17
31 6.2430742409424667e-17 -1.4109930388893706e-17
32 2.0173368740577544e-17 -9.9542651064505218e-18
33 5.7893635695257508e-18 -2.8767126745345658e-18
34 2.0383449836861725e-18 -2.1659737739223990e-19
35 1.1402118675110442e-18 4.3010926514782127e-20
36 7.6234193312754875e-19 -2.1678556149380714e-19
37 7.2620342439285053e-19 -1.1278392276968341e-18
38 1.1017584705355447e-18 -2.6025088884247662e-18
39 1.4010018659531642e-18 -4.3773607962688228e-18
40 -1.2518733672617640e-18 -7.3878317510476978e-18
41 -2.6803193141981947e-19 -1.3962326867835140e-17
42 4.8984749647009663e-18 -2.7223341993593765e-17
43 9.0403879488808440e-19 -6.0409695969163235e-17
44 -9.3656322110553875e-18 -1.4195797578956784e-16
45 -5.3168894016419866e-17 -2.8148430720498437e-16
46 -7.1538932613098206e-17 -5.4118018166430621e-16
47 -4.2421846090456491e-16 -1.2320341439272837e-15
48 -1.8857844643044814e-16 -2.3043824700059568e-15
49 3.3357143961789896e-15 -4.5473420415563294e-15
50 1.2832388959454188e-14 -1.2393239520047606e-14
51 2.5317787446376647e-14 -4.1596519451677725e-14
52 9.3501125600296983e-14 -1.8858214416040075e-13
53 4.3388562426529073e-13 -7.2669164631139541e-13
54 1.1657119398748656e-12 -2.3075459383360658e-12
55 2.7538406687350668e-12 -6.7086649745343889e-12
56 8.6147815521387052e-12 -1.7974416769309719e-11
57 2.1986556292525421e-11 -4.0888200272507798e-11
58 4.3385099085907314e-11 -8.8047770209781380e-11
59 3.8032436468429073e-11 -1.8927068421530262e-10
60 -1.4201590832513405e-10 -4.1545714892159301e-10
61 -8.3386898770121946e-10 -9.3989773157683378e-10
62 -2.2594005424837990e-09 -2.4006232501083285e-09
63 -3.4465022677412709e-09 -5.5795200498254808e-09
64 -1.5360596895720201e-08 -9.4472442385533302e-09
65 -5.8826792985798928e-08 -9.2845310407672386e-09
66 -1.4306239787922991e-07 -6.2973578735898687e-08
67 -3.4354728262275934e-07 -3.0203532962494998e-07
68 -1.0693907027463375e-06 -8.9168417331133834e-07
69 -3.0165058796022071e-06 -1.6211234590841346e-06
70 -8.6785532867880409e-06 -3.8646009164965542e-06
71 -2.1811558285404301e-05 -1.0243022458237405e-05
