0 1.3803013703155846e-03 1.5628325464004051e-04
1 2.8123666038369806e-04 -1.9447753141370143e-04
2 3.2795836544456726e-05 -1.1240412251799900e-04
3 1.1370542105029226e-05 -2.4169060615530165e-05
4 2.5534165600431736e-06 -4.8185767077959613e-06
5 1.5343527499042603e-08 -1.9466449311090866e-06
6 -2.5244860654568132e-07 -4.8095693563201775e-07
7 1.1973969757650237e-07 -1.1470919359970421e-07
8 1.2439590065850324e-07 -3.3867985963962068e-08
9 4.3257761164509358e-08 -1.6299036580436498e-08
10 1.0942949006205060e-08 -4.7653208744482640e-09
11 2.5459466383053813e-09 -1.1367755846216442e-09
12 5.0068230172148029e-10 -2.7060621652180827e-10
13 8.8516595123990781e-11 -7.7924119435750262e-11
14 1.9272224501765866e-11 -1.7956091540277409e-11
15 4.5090968828986108e-12 -3.9053105532105852e-12
16 1.2532133080322654e-12 -7.0423261614716353e-13
17 3.5698404000070075e-13 -1.0425364507631524e-13
18 8.1234512179830329e-14 -1.5106353458868684e-14
19 1.8908942367779519e-14 1.5855581708544592e-15
20 4.4128011269356549e-15 1.0873282897372902e-15
21 7.5722596683888143e-16 2.9478122841195240e-16
22 4.6108028234085729e-17 9.5983578829655802e-17
23 -2.3024484224947140e-17 6.7394263446268543e-18
24 -1.2230805491708537e-17 -5.6203142158567893e-19
25 -2.3414761899706663e-18 5.9187702088964138e-20
26 -4.1949162963529806e-19 3.2467691536474263e-20
27 -7.6189091663801671e-20 5.0990164445816544e-21
28 -1.3004250054806715e-20 3.6542521446740899e-21
29 -1.8115608434874652e-21 2.7820460814580217e-22
30 -2.8865751457680268e-22 8.6962033046537660e-23
31 -4.0294475374272529e-23 9.5507768844558910e-24
32 -4.0917033269907058e-24 -1.0123223405347823e-25
33 -4.1646319647618378e-25 -7.8372473329309476e-26
34 -3.7875372828664106e-26 1.0874273493762338e-26
35 -2.2517633973835519e-27 1.4027300770651110e-27
36 -3.3999205220759638e-28 4.7057537972689104e-29
37 -1.2191392646410407e-27 8.0361618714903819e-28
38 5.6016582834823555e-27 -4.8541943586616247e-27
39 1.1108698285807249e-25 -5.2386748444323465e-26
40 9.9788558200266477e-25 8.6700658770386161e-25
41 -6.6405234027082367e-24 6.9207373084335358e-24
42 9.6141531092788646e-24 -4.4809342883777082e-23
43 1.1352536780291213e-22 -1.2296572759619432e-21
44 8.8826890153839157e-23 -8.5194179569946506e-21
45 -1.0933343600946161e-21 -4.7824028442745533e-20
46 1.3725586259300325e-20 -2.7160067013062535e-19
47 1.0189080706593882e-19 -1.7394206780715394e-18
48 9.1943525370906299e-19 -7.9820946033359765e-18
49 4.4568652782133863e-18 -2.2876467627939936e-17
50 2.9185429244876719e-17 -6.8722815135226533e-17
51 2.2899375757726544e-16 -1.9504715580212334e-16
52 1.0294058214120554e-15 -8.1879313015652466e-16
53 2.5185976385437675e-15 -4.1924075710094330e-15
54 5.9039146039257672e-15 -2.3265479002922428e-14
55 2.4149572911661328e-14 -1.0959738555218018e-13
56 7.7349140821184610e-14 -4.5106452957436794e-13
57 3.2703455515653193e-13 -1.7878828549480422e-12
58 1.7368000388110547e-12 -6.0650439103777474e-12
59 4.6418992377405587e-12 -1.6069454422757688e-11
60 4.2355044958739189e-12 -1.8515023580470742e-11
61 -1.0926128094479085e-11 5.8462751157897524e-11
62 9.3305965796969498e-11 3.0209582456489068e-10
63 1.9381474451432367e-09 2.1978739632854889e-09
64 1.0351980531284180e-08 1.5557940437506209e-08
65 5.8042830825601430e-08 6.9410358275338567e-08
66 2.9135803747415439e-07 3.0957573123518507e-07
67 7.5205894941727789e-07 1.3417723846550976e-06
68 1.0608769472566389e-06 4.6723199364216128e-06
69 6.6014152406036730e-06 1.2821607472838411e-05
70 4.2920261409226658e-05 5.3980884619895492e-05
71 2.1637165244864145e-04 1.4332110216864878e-04
