0 9.0487169620998387e-01 -2.5669109349826124e-04
1 6.1087616532285206e-02 2.2074182362794115e-04
2 1.0387623126373305e-02 2.9952993832855557e-04
3 2.4165772167468228e-03 2.0074921089737680e-04
4 6.2981702929693203e-04 8.1165152646896492e-05
5 1.8694428165068124e-04 2.6870017021452992e-05
6 6.0147930201106319e-05 1.1783441253140440e-05
7 1.9164847848883418e-05 5.6780975820783783e-06
8 6.2316079524202450e-06 2.9866890932465898e-06
9 2.1605867540799512e-06 1.3478285602198706e-06
10 7.9479320511625381e-07 4.8700741224296457e-07
11 2.9558300608701162e-07 1.8697827862509173e-07
12 1.0766298935788832e-07 6.7352985592731971e-08
13 3.9190681021276684e-08 2.2537051523042999e-08
14 1.3567669708309069e-08 8.2797899029022339e-09
15 5.1563600127432440e-09 2.6485550027692430e-09
16 2.0683120115319703e-09 8.4028936566031478e-10
17 7.6180075846052503e-10 3.0059338534231389e-10
18 2.6669742820818545e-10 1.1922972278233351e-10
19 9.8633341249463051e-11 4.3541554165295454e-11
20 3.7233312701567662e-11 1.3339557865429994e-11
21 1.2933427020394518e-11 5.7956567095409901e-12
22 4.4182799839507793e-12 2.9106218731192024e-12
23 1.5200230058698985e-12 1.4989455170619476e-12
24 7.6165939403846436e-13 6.2109839287059375e-13
25 3.4830305557948028e-13 1.9718621807487303e-13
26 1.6001656535944064e-13 3.6706650732999720e-14
27 7.5000179401948381e-14 1.9848888802540530e-15
28 2.7546342283291764e-14 -2.8928775085691915e-15
29 9.3445300124775119e-15 -2.4368065134506441e-15
30 4.0495208395709593e-15 -6.8270124356355450e-16
31 1.3972437863597397e-15 -6.6716872841944468e-16
32 3.8669234082062054e-16 -7.8173892907578304e-16
33 9.5855267417419977e-17 -4.8775183039401251e-16
34 1.3719748156630323e-17 -2.0809506965752015e-16
35 -3.0001807638642737e-18 -8.3047733923499296e-17
36 4.1800547733989872e-18 -4.0311931285048886e-17
37 1.8323817297168979e-17 -5.9770934141630280e-17
38 3.7061272507425403e-17 -1.0282984566084425e-16
39 1.2616354987786061e-16 -2.0631244093510738e-16
40 3.5463782080588214e-16 -4.6793042875189851e-16
41 1.0592806580781236e-15 -1.3419126633629541e-15
42 2.3231069052804162e-15 -2.7822441741695078e-15
43 5.8372407642143340e-15 -6.1848255114746989e-15
44 1.9909581176862432e-14 -1.3443669011483800e-14
45 6.7723687711393401e-14 -3.6632442963748433e-14
46 1.7784449874241635e-13 -1.0373292192961124e-13
47 6.2548767645511164e-13 -2.8987441360468848e-13
48 2.1961156989608779e-12 -3.3486407053280962e-13
49 6.5711707491977715e-12 1.2362523535024204e-14
50 1.6650946975869215e-11 6.6562969981626078e-13
51 4.1783121012646036e-11 8.0044668192407999e-13
52 1.0436797011416246e-10 5.9831920855093683e-13
53 2.4884762270456681e-10 -6.7682651952603188e-12
54 5.8134998968618383e-10 -5.9535569483107499e-11
55 1.3653049225339859e-09 -2.6701653234848231e-10
56 3.3574614658377796e-09 -4.9813847851362504e-10
57 9.2221308325767963e-09 -7.6192760717588522e-10
58 2.6212721611411011e-08 -1.7634964006247708e-09
59 7.0457146998509908e-08 -4.6114794439130861e-09
60 1.9216755877325160e-07 -1.2461404821199802e-08
61 5.0241904599543269e-07 -2.6428948422543307e-08
62 1.2392916615449845e-06 -4.5263494719228373e-08
63 3.3321138289841426e-06 -1.2386625896417730e-07
64 9.3047559779828751e-06 -6.4381594187402831e-07
65 2.7198321920650797e-05 -2.9417211778094262e-06
66 8.0285911007552525e-05 -9.6640965427753400e-06
67 2.4679194384230640e-04 -2.5625125623246072e-05
68 8.0259413833323170e-04 -6.3650109119937602e-05
69 2.8058698542647790e-03 -6.6771172992018227e-05
70 1.0848512942721390e-02 -9.4906780221180200e-05
71 6.1933765670620200e-02 -2.9836215636734983e-04
