0 0 7.7343854172610949e-01 7.6312162204880763e-05
0 1 4.0292578605637570e-02 1.6073614860333843e-04
0 2 5.6151370716279389e-03 1.5445639304998381e-04
0 3 1.0506261378495927e-03 7.6527097299662936e-05
0 4 2.3511339958309018e-04 2.2671879436610375e-05
0 5 6.1647311996677450e-05 6.7419047253003349e-06
0 6 1.7628644858328426e-05 3.1765037083570704e-06
0 7 5.2352742306203809e-06 1.5365824596351242e-06
0 8 1.6493653039531821e-06 7.9832783964905342e-07
0 9 5.2105310606116331e-07 3.2631491422916048e-07
0 10 1.7724289648455913e-07 1.1790674610267395e-07
0 11 6.1654442724974089e-08 4.0626080149560960e-08
0 12 2.1977767394884082e-08 1.4676698272022710e-08
0 13 7.2841264946784591e-09 5.0094633922120028e-09
0 14 2.4753514758280878e-09 1.8859078018271980e-09
0 15 1.0291131342293925e-09 6.4847850399654873e-10
0 16 3.9490451924555247e-10 2.0499450001380776e-10
0 17 1.2837265050304499e-10 6.5234170846422288e-11
0 18 4.1936977233212206e-11 2.5720602708686306e-11
0 19 1.7022565380277776e-11 7.6799632544390787e-12
0 20 7.0384702108054584e-12 2.8970225887421765e-12
0 21 2.5390764088838750e-12 1.7532066741108564e-12
0 22 9.0816230388270487e-13 5.7042671645855728e-13
0 23 2.9837054969789226e-13 2.1712941824909488e-13
0 24 1.1436351283289429e-13 1.1244571335591819e-13
0 25 3.4827014056769494e-14 3.9174923177651390e-14
0 26 6.4045577127105589e-15 8.5561111913898860e-15
0 27 2.6548915352535550e-15 2.3237838913461286e-15
0 28 4.5435327624034689e-16 1.2847915799031105e-16
0 29 -2.6848452677756557e-16 -1.0273904347680631e-15
0 30 -9.6141487385230253e-17 -5.6045385361120768e-16
0 31 -5.5850185078910091e-17 -2.4324888212225629e-16
0 32 -2.8116754113102081e-17 -1.3415884585030682e-16
0 33 -4.3633504093396567e-17 -6.5368812558578907e-17
0 34 -4.2433811333974796e-17 -3.0936099934253463e-17
0 35 -2.9089968229962462e-17 -1.0145183410265074e-17
0 36 -1.8595235341585062e-17 2.8176172398526291e-18
0 37 -1.0754520878748073e-17 9.4618012534296804e-18
0 38 -9.6170887588373221e-18 1.4037325863113433e-17
0 39 -9.2758955292685391e-18 2.8298887139927819e-17
0 40 2.8776852898278980e-19 3.3362480382071706e-17
0 41 1.0297675455620181e-16 8.4504286179642196e-17
0 42 2.8237078701983619e-16 1.0371790857371714e-16
0 43 1.4982998929759962e-15 -8.8833332426076887e-16
0 44 5.0732623804045045e-15 -4.3556616166233045e-15
0 45 1.6208295923058349e-14 -1.3703549756990176e-14
0 46 4.1654535980747050e-14 -2.9147968021813235e-14
0 47 1.1736200583624396e-13 -6.5083073039087270e-14
0 48 3.0005638329536579e-13 -1.1162221108637662e-13
0 49 7.5896314329086753e-13 -1.6422906253937702e-13
0 50 2.0368102015751431e-12 -2.8439409586189995e-13
0 51 5.9738757382890099e-12 9.5094558269559465e-14
0 52 1.5768448643175109e-11 2.2213327601863069e-12
0 53 3.6691124630666572e-11 7.1740547452259530e-12
0 54 7.9026651222954200e-11 1.3689314799056245e-11
0 55 1.8272204597131883e-10 -6.6744308798099074e-12
0 56 4.7963794553516451e-10 -7.4645049605389050e-11
0 57 1.4490279162294843e-09 -3.1280138741903465e-10
0 58 4.5052607500643952e-09 -8.9476712592567664e-10
0 59 1.2466308856756342e-08 -2.6048248617285157e-09
0 60 3.5520548158425620e-08 -7.8014400069386436e-09
0 61 9.9104312641292806e-08 -1.1347131038588461e-08
0 62 2.7695971975442879e-07 -2.4007115874969674e-08
0 63 8.4017415374571888e-07 -8.5169237861284673e-08
0 64 2.4947064037856269e-06 -2.0238734359409165e-07
0 65 7.4376967243605831e-06 -6.5579114270463060e-07
0 66 2.2440955363185665e-05 -1.9955933959302834e-06
0 67 7.2809751318753170e-05 -5.2559286303644739e-06
0 68 2.7274197616965776e-04 -1.0774502643844114e-05
0 69 1.2105861457891176e-03 -2.6100215414894391e-07
0 70 5.8228948665512634e-03 2.0257153631822636e-05
0 71 4.0331579301822393e-02 1.5564285190277361e-05
1 0 1.6911458119377293e-01 1.0327399372767184e-04
1 1 1.8344692584578597e-02 9.7981384252858938e-05
1 2 3.3895279777628484e-03 1.2322027404709565e-04
1 3 7.3762360860113040e-04 7.4010496432574822e-05
1 4 1.7149719406303111e-04 1.8911384087685108e-05
1 5 4.9680942241579017e-05 4.7549229233578081e-06
1 6 1.4265128077429115e-05 2.4247256290587434e-06
1 7 4.1632441205348888e-06 1.2375278710379805e-06
1 8 1.3403178169382151e-06 6.6784930659418081e-07
1 9 4.1901077413051851e-07 2.7837212321226291e-07
1 10 1.5511011449881686e-07 9.8982977448942566e-08
1 11 5.3017604128386833e-08 3.4500714103317281e-08
1 12 1.8765350446407104e-08 1.2786959475729521e-08
1 13 6.1358826672708332e-09 4.7988856427896143e-09
1 14 2.1514248378066736e-09 1.6248225977630718e-09
1 15 8.4038889145536540e-10 5.6918259808188158e-10
1 16 3.1611321432570491e-10 1.8492782167574471e-10
1 17 1.0484356248077164e-10 5.9886560973655084e-11
1 18 3.2856788222866042e-11 2.0223134518062289e-11
1 19 1.5230449462206363e-11 4.4386831183492849e-12
1 20 5.4353388757379948e-12 1.4029650198646412e-12
1 21 2.0167303940352182e-12 1.4230299100362827e-12
1 22 7.4903997575450009e-13 3.5317481971300908e-13
1 23 2.1553144235018305e-13 1.7848377618507976e-13
1 24 9.7279582600215172e-14 9.4327389175251910e-14
1 25 2.6650126413917609e-14 3.0706362942240685e-14
1 26 3.2707781160528755e-15 1.0550880951808774e-15
1 27 1.9816589360597961e-15 1.0688542688130541e-16
1 28 -1.0258211622735370e-16 -1.0470668698232865e-15
1 29 -7.2145287536554936e-16 -1.5499459633468057e-15
1 30 -1.3478976257544659e-16 -7.5338459688419110e-16
1 31 -1.8225799670118560e-17 -2.5312287053588104e-16
1 32 -3.0137823735911467e-17 -1.2544343473760065e-16
1 33 -3.7227071731219777e-17 -4.4756489750986887e-17
1 34 -3.7478125145107598e-17 -2.1046780232722332e-17
1 35 -2.3987811811373088e-17 -6.0515186562289734e-18
1 36 -1.5072958955700758e-17 3.9126386396444663e-18
1 37 -6.8742734144648239e-18 8.1697593629465172e-18
1 38 -4.6773486545672965e-18 1.4632469959665334e-17
1 39 -6.7183176215702608e-18 3.1974675104485676e-17
1 40 9.7841478427051798e-18 5.8709103303752218e-17
1 41 1.3041863886181029e-16 1.6724946576940538e-16
1 42 8.7637922030759954e-17 3.5203992477441256e-16
1 43 9.5057736660563155e-16 -3.0680360732087455e-16
1 44 3.9205338469204747e-15 -3.7928404284550856e-15
1 45 1.2994777723649215e-14 -1.0386285901036316e-14
1 46 3.3059370630716375e-14 -2.2931019225922202e-14
1 47 1.0121149344087617e-13 -4.4298961699886005e-14
1 48 2.5971482326559811e-13 -7.8637625885454296e-14
1 49 6.0878506857907901e-13 -9.0407914677140808e-14
1 50 1.5015160942756884e-12 -8.6511275667993107e-15
1 51 4.6972283127582140e-12 3.3623009027600311e-13
1 52 1.2011397081749266e-11 2.4828021309112325e-12
1 53 2.9093127670681791e-11 9.4458123487867909e-12
1 54 6.2431807208066879e-11 2.0860307250165744e-11
1 55 1.5028476931707201e-10 4.1309336784357800e-12
1 56 3.6117677646840011e-10 -3.1769611034767240e-11
1 57 1.0549698134387022e-09 -1.8460819741920361e-10
1 58 3.4891695316201325e-09 -6.3832265717078069e-10
1 59 9.5677389399950308e-09 -2.0404111992332536e-09
1 60 2.5761275355233402e-08 -6.2258986450303541e-09
1 61 7.6203204438706047e-08 -9.3827189919685429e-09
1 62 2.1796125064885705e-07 -1.6160709367312699e-08
1 63 6.7213025058488168e-07 -4.6714595842353863e-08
1 64 1.9799122734411625e-06 -1.7358117801652681e-07
1 65 6.0445752589027477e-06 -4.9727325282382874e-07
1 66 1.7933906298572481e-05 -1.8085359749356912e-06
1 67 5.6589134000925742e-05 -4.2576810550989168e-06
1 68 2.0474923115610194e-04 -8.2834597230373636e-06
1 69 8.8503335273264119e-04 1.3823502797517550e-05
1 70 3.5443768927253261e-03 6.6133735613377990e-05
1 71 1.8129101552322592e-02 -3.0653895432351035e-05
2 0 5.0825524319946483e-02 1.0651289380096416e-04
2 1 7.7571359269024628e-03 -9.0910188799914540e-05
2 2 1.5552389673812598e-03 5.5041104268035846e-05
2 3 3.8601797048438708e-04 5.4267962099843099e-05
2 4 9.7542530187697953e-05 1.3328042316034728e-05
2 5 3.2948951398121943e-05 2.3670153833423122e-06
2 6 9.7355118625764511e-06 1.4480836573889695e-06
2 7 2.7332272680647885e-06 8.6632695558633158e-07
2 8 9.3760986318072467e-07 4.9548480789042338e-07
2 9 2.9699767806262297e-07 2.0741540349048638e-07
2 10 1.2092181660043068e-07 7.3138077351313642e-08
2 11 3.9498696724282227e-08 2.4844302080007778e-08
2 12 1.3375555891347515e-08 8.9262498093090941e-09
2 13 4.5402711651372142e-09 3.6053438814329421e-09
2 14 1.6597772461452951e-09 1.1720001161871976e-09
2 15 5.9735196240276576e-10 3.8955384465214442e-10
2 16 2.2328150559737569e-10 1.4000843139419199e-10
2 17 7.6445262266143886e-11 5.0679321159435336e-11
2 18 2.0088276626831363e-11 1.4443610288987130e-11
2 19 1.1620017052138518e-11 2.4011089629825289e-12
2 20 3.6076938574749858e-12 -8.7401075608055451e-14
2 21 1.4493485518015417e-12 1.0205226148965216e-12
2 22 4.8750606292337133e-13 1.8325882533365342e-13
2 23 1.1328429859382200e-13 1.0444572752464095e-13
2 24 7.3028442035341254e-14 5.9147917861719930e-14
2 25 1.7499137863985643e-14 1.7962419500552221e-14
2 26 -1.3414295824186204e-15 -2.5942941822135143e-15
2 27 -2.2905447154121937e-16 -5.5609835390086827e-16
2 28 -3.0723177323561831e-16 -1.7177239163397896e-15
2 29 -8.8313689929306255e-16 -1.6782694883465671e-15
2 30 -1.0289500112542155e-16 -7.2863989776423287e-16
2 31 4.1973303293612329e-17 -2.2404264899183172e-16
2 32 -2.9971100626342945e-17 -8.8705325050232660e-17
2 33 -2.6880678092035620e-17 -2.7071524305343312e-17
2 34 -3.0534054532044158e-17 -1.1738844891046193e-17
2 35 -1.6639214838791976e-17 -1.1050987759471650e-18
2 36 -1.1073513481775262e-17 3.8373928588327860e-18
2 37 -2.8594407620613324e-18 5.2716073296592748e-18
2 38 -4.0632107829431558e-19 1.2629012410124788e-17
2 39 -2.6191945907355697e-18 3.5274668655297521e-17
2 40 1.6319308082294994e-17 7.9154894429395258e-17
2 41 1.3682036017364838e-16 2.0854164409224684e-16
2 42 -5.6021776775762836e-17 4.7056880857293484e-16
2 43 5.8142228640426567e-16 6.7495320580957271e-17
2 44 2.4136761418261610e-15 -2.9191212675074210e-15
2 45 9.2286613437570922e-15 -7.5318638291428342e-15
2 46 2.2534030716707862e-14 -1.5219407455353129e-14
2 47 7.0542097594814618e-14 -2.0656817436648142e-14
2 48 1.8894378368689227e-13 -5.0133569825110766e-14
2 49 3.9797717463438654e-13 -3.4379596356652823e-14
2 50 9.6250090367456418e-13 1.0521964699938919e-13
2 51 3.0928199588939656e-12 2.1992352732397479e-13
2 52 7.6386423365756975e-12 1.6108204580875549e-12
2 53 1.8788985896379786e-11 9.3110369979254930e-12
2 54 4.2698640364232150e-11 2.2972472357143305e-11
2 55 1.0896881861551448e-10 8.1403105106990145e-12
2 56 2.2604730577587768e-10 4.8700595897171939e-12
2 57 6.6116069033699813e-10 -8.8297840020339649e-11
2 58 2.2913275250954742e-09 -4.5153167139686428e-10
2 59 6.4189512738886440e-09 -1.2707383045108603e-09
2 60 1.5919130833052397e-08 -4.3148344519738327e-09
2 61 5.0784634466531265e-08 -7.0471217806628989e-09
2 62 1.4301836712087089e-07 -9.8288157637551747e-09
2 63 4.6257694814321267e-07 -1.9273530401629642e-08
2 64 1.3451028551997451e-06 -1.3525076517893891e-07
2 65 4.1939658793667919e-06 -2.9289700740321334e-07
2 66 1.2069368150352752e-05 -1.3317505752422608e-06
2 67 3.7386538231559220e-05 -2.1526229971275812e-06
2 68 1.2970792536708692e-04 -4.9960449157650186e-06
2 69 5.2711440776319731e-04 1.9977833145364282e-05
2 70 1.7210040765634552e-03 8.0568245722169017e-05
2 71 7.4053124901123334e-03 -7.5257130679960140e-06
3 0 1.5947776628929152e-02 2.6126934125626300e-04
3 1 3.1188049550729888e-03 -6.3604631846935514e-05
3 2 6.7335496036054915e-04 2.1433333227866622e-05
3 3 1.8961508345818738e-04 3.0448529727806661e-05
3 4 5.0271212067183902e-05 7.6761555999390892e-06
3 5 1.9786970286316215e-05 5.7555486751551867e-07
3 6 5.6712266652445101e-06 7.0731853025183833e-07
3 7 1.6214268010455983e-06 5.4969443401352546e-07
3 8 6.2217760022977230e-07 3.2665422451885003e-07
3 9 2.0619972973158744e-07 1.3859974852807530e-07
3 10 8.9661150585456877e-08 4.8148346814573176e-08
3 11 2.8936417304976217e-08 1.7171257890135931e-08
3 12 8.9825829227335614e-09 5.3641399223732644e-09
3 13 3.3307090951142533e-09 2.4806891452772232e-09
3 14 1.2361411136038020e-09 8.1270891907404536e-10
3 15 3.8353590690529521e-10 2.4651866908849087e-10
3 16 1.4760627712514499e-10 9.8667583098235919e-11
3 17 5.2005848283516159e-11 3.8678758167725018e-11
3 18 9.1295330107007544e-12 9.0081629648022007e-12
3 19 7.8230567537574975e-12 1.2157260391396742e-12
3 20 2.2797562338815988e-12 -8.4979368344421538e-13
3 21 8.9676836324971633e-13 4.4829516434181063e-13
3 22 2.4140661305010978e-13 1.0875186908150370e-13
3 23 4.4263458093675763e-14 4.5645042107847304e-14
3 24 5.0530645320364111e-14 1.4755740627465772e-14
3 25 1.1553657262097038e-14 8.3567978664091249e-15
3 26 -3.2320854709147521e-15 -3.1612091787932180e-15
3 27 -9.1003029993138849e-16 -6.0987376207513086e-16
3 28 -3.9639466848017562e-16 -2.1012474907145207e-15
3 29 -9.3807843326139231e-16 -1.5336365789875898e-15
3 30 -2.4240616744256579e-17 -6.0374607410203758e-16
3 31 8.1647536961363314e-17 -1.8265417709190567e-16
3 32 -1.9163762931084064e-17 -5.4042339735186688e-17
3 33 -1.9602699113048911e-17 -1.4414092240814218e-17
3 34 -2.4986608318715452e-17 -3.9468058359004795e-18
3 35 -1.0217978384527483e-17 2.8519297093616582e-18
3 36 -7.4162537901876747e-18 3.3876989867771988e-18
3 37 -1.2946190902560117e-19 2.7800809985073704e-18
3 38 2.7330643542589863e-18 1.0779277957135060e-17
3 39 -3.8369910743170231e-19 3.3347343817957334e-17
3 40 2.1668964131158513e-17 8.7699596686589459e-17
3 41 1.3131792355568242e-16 2.0917743324938835e-16
3 42 -1.0572233116446545e-16 4.5179228175231110e-16
3 43 2.3360598366185485e-16 3.0309789576563799e-16
3 44 1.2061602832266012e-15 -2.1543938789849671e-15
3 45 6.3154999282067497e-15 -5.3459261916052613e-15
3 46 1.3512745025387038e-14 -6.9750472895253267e-15
3 47 4.4896039324162652e-14 -2.7810030504116050e-15
3 48 1.3226725869098460e-13 -2.8145312177456684e-14
3 49 2.6148926127701372e-13 9.2776919584948155e-15
3 50 5.7429611241241747e-13 9.1004208692103357e-14
3 51 1.6630957304107275e-12 -6.6193391176666607e-14
3 52 4.5325526540755217e-12 5.2399161941084864e-13
3 53 9.9255016898811959e-12 7.2638457574248818e-12
3 54 2.7421322979461615e-11 2.0032145963284356e-11
3 55 7.5511993892774600e-11 7.7294858704555409e-12
3 56 1.3178295863004610e-10 2.1355205621021612e-11
3 57 3.9360007725659916e-10 -2.5812203284899948e-11
3 58 1.3809111628513099e-09 -3.6843452129631177e-10
3 59 3.8531574194978865e-09 -6.7644045744691063e-10
3 60 9.1338871187435881e-09 -2.8300164714548323e-09
3 61 3.1133499465131806e-08 -5.0822216197461031e-09
3 62 8.3289003928471099e-08 -5.4376422505434996e-09
3 63 2.9478213013013189e-07 2.8329458444815172e-09
3 64 8.5200873764629174e-07 -1.1777806701019619e-07
3 65 2.6139816566161862e-06 -1.9312639530385545e-07
3 66 7.3679860826826888e-06 -8.6348711186128302e-07
3 67 2.2325525767886958e-05 -1.2780335305781942e-06
3 68 7.4250711927049094e-05 -3.1801102972191078e-06
3 69 2.7343553553566457e-04 1.5867704699479511e-05
3 70 7.7388557901585304e-04 2.1149701959615950e-05
3 71 3.0117221082625175e-03 6.9421227091684539e-05
4 0 5.2224975342286817e-03 1.0712405136700783e-04
4 1 1.1435920084184683e-03 -5.4526089250967469e-05
4 2 2.8052467200454954e-04 -6.5674324066024065e-06
4 3 8.1984037705832061e-05 1.7207643031942597e-05
4 4 2.5499154045515291e-05 5.1599830644601220e-06
4 5 1.1187041128618016e-05 -5.9778019628669161e-08
4 6 3.0786409984189072e-06 1.9195483991819825e-07
4 7 9.3475793540719003e-07 3.1258074313362655e-07
4 8 4.0379271255729790e-07 1.9847033898717276e-07
4 9 1.3848024696702734e-07 8.5801931566460831e-08
4 10 6.3053962083331549e-08 2.7238812420586596e-08
4 11 2.1296523650850722e-08 1.2342102610535538e-08
4 12 6.1067766756831702e-09 2.6229307220311549e-09
4 13 2.4365805040605469e-09 1.6589237859884499e-09
4 14 9.3659602793037234e-10 5.2337264924013932e-10
4 15 2.3348886876703996e-10 1.6242788507120458e-10
4 16 9.2274741708288507e-11 7.4450685473222739e-11
4 17 3.5366183802851689e-11 3.0161953120505241e-11
4 18 6.8935736277380475e-14 6.1693073072661102e-12
4 19 4.2201211996806387e-12 -5.9040050919868472e-14
4 20 1.4246704225552084e-12 -9.4329175785716964e-13
4 21 4.8929908216427865e-13 8.2086834723926428e-15
4 22 4.7818042958418268e-14 5.6407355674625073e-14
4 23 2.5577088633093002e-14 3.9012964304497437e-14
4 24 3.2647324182919887e-14 -1.3406936504350957e-14
4 25 7.1760391551007800e-15 2.2604502715500036e-16
4 26 -2.0368260667695715e-15 -2.7728897400564083e-15
4 27 -1.6841022887055497e-16 -1.0994066234578413e-15
4 28 -5.3829564201444417e-16 -2.5091310108999996e-15
4 29 -9.8097123960572714e-16 -1.3021654186172492e-15
4 30 3.3432673328136818e-17 -4.1043295564257948e-16
4 31 7.2127608372147311e-17 -1.2425800578077415e-16
4 32 -2.9566806147627943e-18 -3.5213671686814286e-17
4 33 -1.3574806958663988e-17 -6.8483483771537537e-18
4 34 -1.9655621236870102e-17 -1.0290480479653149e-18
4 35 -5.4748778993650328e-18 4.9347090233371886e-18
4 36 -4.6321076133942380e-18 3.0740357763810339e-18
4 37 1.2272376448356883e-18 1.5633111544941054e-18
4 38 4.7275867903636376e-18 7.7863306020581382e-18
4 39 5.3878359448015225e-19 2.5670906133994016e-17
4 40 2.2586992558848999e-17 7.9120758116107002e-17
4 41 1.1005203784901554e-16 1.7607105345424814e-16
4 42 -5.1159751972449883e-17 3.8135521211336470e-16
4 43 4.5439238584331130e-17 3.6427418349708097e-16
4 44 4.4249388075310234e-16 -1.4989990117674416e-15
4 45 4.3509626713920227e-15 -3.4377832452297733e-15
4 46 7.3431340910458725e-15 -1.3984672969496296e-15
4 47 2.5893913432009546e-14 3.9177058176082758e-15
4 48 8.5215926201119245e-14 -8.3233081031031929e-15
4 49 1.9010069017498922e-13 5.7786445025578482e-14
4 50 3.2505501649550211e-13 2.4735687950564072e-14
4 51 7.4735047446631504e-13 -2.9587743997634710e-13
4 52 2.4821119386078268e-12 -3.5328679941921710e-13
4 53 3.3198814568066005e-12 4.1045160093020088e-12
4 54 1.6273087113694189e-11 1.4176689027670411e-11
4 55 5.4187600649540306e-11 7.2569016947507192e-12
4 56 7.2826764112317661e-11 2.9094764073341830e-11
4 57 2.2692830552590622e-10 -4.9321235221131734e-12
4 58 7.8608078290084817e-10 -3.4485256103704340e-10
4 59 2.0309938883521445e-09 -3.0010209125121938e-10
4 60 4.8381955104246623e-09 -1.7708199480172165e-09
4 61 1.8471966363123521e-08 -4.4364752812270162e-09
4 62 4.1682706852152456e-08 -6.2001867499920682e-09
4 63 1.8096327757693985e-07 1.3469586916491505e-08
4 64 5.1078121642390832e-07 -1.0493930114382706e-07
4 65 1.4842944334857263e-06 -1.3101370452245537e-07
4 66 4.2034076822124130e-06 -3.1162263326536807e-07
4 67 1.2367215925885196e-05 -1.1623698281790051e-06
4 68 3.9217739883315287e-05 -2.2388267096606385e-06
4 69 1.3038684444274833e-04 1.1549806814013755e-05
4 70 3.7078340942349084e-04 -8.0254988428437231e-06
4 71 1.1193540019539664e-03 8.6521552600379430e-05
5 0 1.7606038381760725e-03 2.5175751848032148e-05
5 1 3.9905685268386287e-04 -7.0002511128111436e-06
5 2 1.1870223851434062e-04 -1.0837172859225409e-05
5 3 3.3479128099061478e-05 1.1507389275486511e-05
5 4 1.1655833100070927e-05 3.8669686948971541e-06
5 5 6.7945563739096043e-06 1.8296996251911494e-07
5 6 1.6479970813746622e-06 -9.8326859080318333e-08
5 7 5.7987278762720864e-07 8.6033880879535656e-08
5 8 2.4837272901221643e-07 1.4592931782368027e-07
5 9 8.7217700205010710e-08 4.6014718789405711e-08
5 10 4.1335905683204963e-08 1.1874612369730705e-08
5 11 1.6094187766491743e-08 9.1379079568632434e-09
5 12 4.3452291099367259e-09 9.0647977409932686e-10
5 13 1.8032015355146840e-09 1.1922649471596176e-09
5 14 7.4598227259760440e-10 2.9134559575071433e-10
5 15 1.3759294519581361e-10 1.2686835608799152e-10
5 16 5.6869688568049607e-11 5.4860999447616452e-11
5 17 2.5021874881727872e-11 2.1102062502721219e-11
5 18 -6.5090508887397399e-12 4.3627969403694211e-12
5 19 1.7194910844843564e-12 -1.1590868770097561e-12
5 20 9.6567590246266091e-13 -6.8497327690608710e-13
5 21 3.1196395592045569e-13 -2.4667280335266935e-13
5 22 -3.0052404247256237e-14 2.5717191787987937e-14
5 23 3.9782220160951959e-14 2.9552249825560945e-14
5 24 1.5964039172262247e-14 -3.1836417759279714e-14
5 25 4.5691511910247495e-15 -3.7854753418310923e-15
5 26 -5.4570034237944796e-16 -3.3241230453348359e-15
5 27 1.1158860740477875e-15 -1.3386335016381767e-15
5 28 -5.3853582595461600e-16 -2.2014175842014399e-15
5 29 -9.8851876367937995e-16 -1.0305909580509307e-15
5 30 6.3225594205021970e-17 -2.1163740008258304e-16
5 31 5.6623682670794203e-17 -7.5967707825573359e-17
5 32 5.4406144576448393e-18 -2.0377290738766372e-17
5 33 -8.7452490262338709e-18 -2.6064317068950949e-18
5 34 -1.4364589303999862e-17 -6.6288949208648788e-19
5 35 -2.2118128527774418e-18 5.0536065616344002e-18
5 36 -2.6593707835716143e-18 2.8298754117733202e-18
5 37 1.2210452344358018e-18 1.2798161613124694e-18
5 38 5.7920724821336946e-18 3.8457070599979670e-18
5 39 1.2995733131917633e-18 1.6608120546377866e-17
5 40 1.7326189800418007e-17 6.0899635414924546e-17
5 41 7.9517281274743576e-17 1.1558740106295250e-16
5 42 -4.1095658862282097e-18 3.3751929130786392e-16
5 43 -2.5866407306957178e-17 3.4214388506668987e-16
5 44 6.1108316819124123e-17 -1.1753172201058056e-15
5 45 2.7313787444916691e-15 -2.0272644760687832e-15
5 46 4.3429138192778305e-15 8.7334249980074897e-16
5 47 1.5182178046496062e-14 8.2689579610407637e-15
5 48 6.2057311434241373e-14 8.5091193438162825e-15
5 49 1.2124223002936066e-13 1.0209836922321443e-13
5 50 1.7174768976563364e-13 -6.6358646331401626e-14
5 51 4.0955634838743446e-13 -3.7637834866683720e-13
5 52 1.2514549053096428e-12 -9.7540076444448483e-13
5 53 -2.3865221194501559e-13 1.7431505962687214e-12
5 54 9.1677224654983995e-12 9.1406817661512681e-12
5 55 3.7103853525937862e-11 5.3380234632101462e-12
5 56 3.5438870107678795e-11 3.9056432583991167e-11
5 57 9.5244453784965648e-11 -1.3845161474633241e-11
5 58 4.2392149533834035e-10 -3.6632075921941644e-10
5 59 1.0628655612983561e-09 -1.6742531542977342e-10
5 60 2.5247819666908449e-09 -9.1104989430325907e-10
5 61 1.0061361682044130e-08 -4.4373727933176570e-09
5 62 1.7529417225194130e-08 -9.6706669785385169e-09
5 63 1.0835822689172915e-07 1.8104152669277091e-08
5 64 2.8142806436182083e-07 -8.3406038299866940e-08
5 65 8.5364993351953480e-07 -1.5374421538530180e-07
5 66 2.2631607730961968e-06 -1.2900181177851559e-07
5 67 6.5125538272464853e-06 -1.5255409366978309e-06
5 68 2.0300485633721610e-05 -2.1264206622192294e-06
5 69 5.8647230463794149e-05 6.6204507673347400e-06
5 70 1.9587320380177960e-04 -1.2710607496714189e-05
5 71 3.2334141680086606e-04 6.9473890720470340e-05
6 0 5.7470000748087999e-04 -7.5621891771005090e-05
6 1 1.4345798141393343e-04 1.8803016444038184e-05
6 2 4.8907076931016920e-05 -7.3311393722073063e-06
6 3 1.5267452246614338e-05 7.9132743313006216e-06
6 4 5.4662141668050881e-06 3.0228366744782157e-06
6 5 4.2806709346615990e-06 4.6289814610382781e-07
6 6 9.1670590306837861e-07 -9.1332812858535398e-08
6 7 3.9691316777414981e-07 -7.8038948863070839e-08
6 8 1.4020441923392910e-07 1.2383940322356091e-07
6 9 5.2402040912170722e-08 1.7402260173764008e-08
6 10 2.7373665917425428e-08 3.4502153861940817e-09
6 11 1.2260317516286150e-08 7.3690588611492592e-09
6 12 2.8660762237311584e-09 -4.0994497773040850e-11
6 13 1.2758527769311801e-09 9.0227173644222642e-10
6 14 5.3822558227954968e-10 1.4678809021832816e-10
6 15 8.0640298681872234e-11 1.1466765785236112e-10
6 16 3.7503580003959718e-11 4.0737661403973711e-11
6 17 1.5741782740922861e-11 1.4541326265381623e-11
6 18 -8.9657560013963488e-12 2.6476636053635987e-12
6 19 4.2731875353581405e-13 -2.0128753778909364e-12
6 20 7.3067478997861368e-13 -4.5898857122053527e-13
6 21 3.3542884040714944e-13 -3.6771347776761379e-13
6 22 -4.0830566585819531e-14 -1.6799217410308478e-14
6 23 5.9988111298571355e-14 1.2577472488490558e-14
6 24 -3.7678663160241278e-16 -3.9936818720868482e-14
6 25 3.1218826998828388e-15 -5.9321644224903382e-15
6 26 9.9004393707801354e-16 -3.8203936479217080e-15
6 27 2.0215307616786702e-15 -1.5983014782527008e-15
6 28 -3.1112208228140633e-16 -1.8044755349210063e-15
6 29 -8.9896190289762728e-16 -6.7078360454604335e-16
6 30 8.5483257136507381e-17 -5.5150085957380358e-17
6 31 3.7373017289326495e-17 -4.0892735456852219e-17
6 32 9.2725710400683621e-18 -8.2997824959511679e-20
6 33 -1.0186311107713575e-17 6.5902616318933408e-20
6 34 -9.1081955931452526e-18 -2.4959148823741533e-19
6 35 -8.4071694369781088e-19 4.2867419247674124e-18
6 36 -1.4576054724464944e-18 2.5174017915027281e-18
6 37 6.9276195828291599e-19 8.9946428598030857e-19
6 38 4.9145253965363118e-18 2.2442384063758560e-19
6 39 7.7961824059482668e-19 1.2383179462379416e-17
6 40 1.4316320704566820e-17 4.6273808832964122e-17
6 41 5.4593099582156747e-17 5.5485639433727045e-17
6 42 -3.1252291841537620e-17 3.0682875577570372e-16
6 43 -1.6439014623612568e-16 3.3240459235082719e-16
6 44 -8.2476089273269114e-17 -9.3920622522389728e-16
6 45 1.5603467107963567e-15 -1.2143635858542881e-15
6 46 3.9779017364531227e-15 8.0031127159381472e-16
6 47 1.1268261824060260e-14 1.4406801707544366e-14
6 48 4.4137907337542815e-14 1.6894881603882615e-14
6 49 5.6118642235076280e-14 1.0994058506441478e-13
6 50 1.2973393098775410e-13 -1.2890735188027346e-13
6 51 3.5728805162970390e-13 -3.8379069069450768e-13
6 52 7.3855841276546482e-13 -1.5083191937611172e-12
6 53 -1.0366416269492689e-12 3.3669149689715885e-13
6 54 4.9957903126688255e-12 5.5412083287966490e-12
6 55 2.2582310626472110e-11 3.8360699507028428e-12
6 56 1.1470177046479176e-11 4.9266898656415981e-11
6 57 8.0303788916732665e-12 -1.7269126531654501e-11
6 58 2.3636471162616449e-10 -3.3596556237731015e-10
6 59 7.6743311509407580e-10 -1.6521729602560710e-10
6 60 1.4311654706888922e-09 -4.3863032779747635e-10
6 61 5.4531275713918760e-09 -3.5416890221432384e-09
6 62 6.5667454256469567e-09 -1.1658610177518637e-08
6 63 6.2459158766247188e-08 1.7609424770735146e-08
6 64 1.4090801671631640e-07 -5.9682076199197614e-08
6 65 5.2354591744501191e-07 -1.7859378935229394e-07
6 66 1.2880819524915302e-06 -1.1041293407545607e-07
6 67 3.3967225458075315e-06 -1.9202966547004501e-06
6 68 1.0553309942053744e-05 -5.0213078053655395e-07
6 69 2.5674414852352474e-05 1.8497163089100953e-06
6 70 1.1033525738578058e-04 -1.2284720868670281e-05
6 71 8.3882836473480699e-05 6.2417382406548155e-05
7 0 1.5350247454077462e-04 -9.8755948097044191e-05
7 1 6.4780262156222891e-05 1.8327186597305443e-05
7 2 1.6322026385522480e-05 -3.3792040690185797e-06
7 3 8.0132359953451100e-06 4.4695027255943594e-06
7 4 2.9021807051496399e-06 2.2363256686349685e-06
7 5 2.6375412940836528e-06 2.7794173491799075e-07
7 6 6.5477692215324361e-07 1.5662555830203567e-08
7 7 2.8728435008629346e-07 -8.8446981640801900e-08
7 8 5.6493962796648685e-08 1.1100546236732706e-07
7 9 3.1714528567552982e-08 -4.2974477915019194e-09
7 10 2.1445851821013744e-08 3.7174280395514824e-10
7 11 8.3264162363407590e-09 5.4005041791068386e-09
7 12 1.7517561089174158e-09 -2.4208639590751775e-10
7 13 9.0840448658993555e-10 6.6897295053469361e-10
7 14 3.6063928707452775e-10 1.0222981501947905e-10
7 15 4.0187846007494311e-11 1.0450010242849729e-10
7 16 2.7851284505411449e-11 3.1455353404048493e-11
7 17 7.7419037192041556e-12 1.2541843875589163e-11
7 18 -8.9352892954081185e-12 1.9148811752330976e-12
7 19 1.2199838120778126e-13 -1.8847998178645600e-12
7 20 4.1337799787506838e-13 -2.5453922428574701e-13
7 21 2.8624078162452217e-13 -3.3629671616755588e-13
7 22 -3.6523456456652804e-14 -1.0429344480206839e-13
7 23 7.5826453430244149e-14 3.5346322289314145e-15
7 24 -7.1929397334507945e-15 -4.1998168808927999e-14
7 25 1.2068154157644500e-15 -6.4004282628899565e-15
7 26 2.6865406743570262e-15 -4.1210538329521103e-15
7 27 2.0592142176322204e-15 -1.4436899008682004e-15
7 28 -1.7091954534821973e-16 -1.3420194562627302e-15
7 29 -7.4552363821257655e-16 -3.7136269495863346e-16
7 30 8.1232965591445307e-17 4.5260222944578924e-17
7 31 2.4120767783721561e-17 -1.2873436940108583e-17
7 32 5.5196975539504905e-18 1.2652261881234572e-17
7 33 -1.2719105513912913e-17 -8.3118394234633201e-19
7 34 -4.3988376368650338e-18 9.8256255973480617e-19
7 35 -1.1929451055578820e-18 3.5618999592269317e-18
7 36 -5.8935216449853929e-19 1.9378298868371904e-18
7 37 8.3860120199263189e-19 2.2527631081338994e-19
7 38 3.0679458560205353e-18 -4.2666753290490896e-18
7 39 1.4336210869668070e-18 9.5461098403879813e-18
7 40 1.3942326413625454e-17 3.3264422917152422e-17
7 41 2.9134994223271090e-17 -2.7663626888572238e-18
7 42 -6.9479210427136716e-17 2.5712255764349494e-16
7 43 -3.1816732594084165e-16 2.6418928412490032e-16
7 44 -2.5529753215438946e-16 -6.6880027553850149e-16
7 45 9.3306460484137307e-16 -9.4018379228049012e-16
7 46 4.0153744466248756e-15 -7.4305586405293762e-16
7 47 6.0029560679939740e-15 1.9840240992239522e-14
7 48 2.6734226543994018e-14 1.0683682295035051e-14
7 49 -3.2187202417443146e-15 8.2931603588713743e-14
7 50 1.1904366193527006e-13 -1.7485503279078364e-13
7 51 3.6522897611969555e-13 -2.9305728882645264e-13
7 52 3.2452281919412281e-13 -1.5352970937775715e-12
7 53 -9.3892163619485575e-13 1.0211798292544936e-13
7 54 2.7638148491120690e-12 3.4815706966571072e-12
7 55 8.1209345095768225e-12 2.2438348889523572e-12
7 56 -6.8223634645775198e-12 4.7878261939778975e-11
7 57 -4.8371631474429474e-11 -1.6934256730078508e-11
7 58 1.5233694846486168e-10 -2.7457023503011157e-10
7 59 7.4014715319641727e-10 -1.6373779745104379e-10
7 60 9.6801322070725961e-10 -4.4304066717042118e-10
7 61 3.3708678092790049e-09 -2.6309938773510432e-09
7 62 5.0786466256640211e-10 -9.6284514861255294e-09
7 63 3.6862485358953679e-08 1.3749177888237073e-08
7 64 6.4814595158765051e-08 -2.9293963000304173e-08
7 65 3.2988391959001627e-07 -2.0033378837379426e-07
7 66 8.6013160839038724e-07 -1.3315291623523181e-07
7 67 1.9423870770475341e-06 -1.7209620635738600e-06
7 68 5.5959433213498221e-06 1.2618910218953956e-06
7 69 1.1044788581845373e-05 1.7944236626580580e-07
7 70 6.4598147893314546e-05 -1.0530319500684865e-05
7 71 1.6401624515460475e-05 3.9193443555331003e-05
8 0 -1.7496776768206519e-05 -8.1254510907975301e-05
8 1 1.9137249688877284e-05 3.1027511839667383e-05
8 2 8.3306000834548219e-06 -3.3815643442771532e-06
8 3 4.2594090644125306e-06 3.7621561582933823e-06
8 4 2.1071841746743783e-06 1.5029299665768939e-06
8 5 1.5970880913479770e-06 1.5801260936168959e-07
8 6 4.6468425040003853e-07 7.5705733002334675e-08
8 7 2.2297517585071415e-07 -3.9245415661243101e-08
8 8 5.6742791856824628e-09 8.8583015335829209e-08
8 9 1.5772347981733601e-08 -5.7051923313258250e-09
8 10 1.7559901140217786e-08 7.7263999597740707e-10
8 11 5.4702568225842868e-09 3.6414961843190341e-09
8 12 9.1170310136172770e-10 -1.3748828920545636e-10
8 13 6.1463270388383033e-10 4.3489878764812762e-10
8 14 2.3074726607130694e-10 9.0225431914661128e-11
8 15 1.6332428326258953e-13 6.2629462307453554e-11
8 16 2.4675513147596099e-11 2.4516381805629748e-11
8 17 -2.9980770206682235e-12 1.4793155012996972e-11
8 18 -6.9469302501467013e-12 3.1018214532447446e-12
8 19 5.9172181281542528e-13 -1.1702261832016371e-12
8 20 -7.3783035400116643e-15 1.5517549024314333e-15
8 21 1.4375967543931219e-13 -2.7990410031151538e-13
8 22 1.8836594863088014e-14 -1.6568965256628400e-13
8 23 7.0033537484337441e-14 -1.6184438664612220e-14
8 24 -1.2174683796382326e-14 -3.9825527990598232e-14
8 25 -4.6070150179142817e-16 -5.4604463802892363e-15
8 26 4.0188415756026315e-15 -3.8811156860179937e-15
8 27 1.4894596030306125e-15 -9.2547079340633046e-16
8 28 -7.8802082341122983e-17 -1.0049078541385544e-15
8 29 -6.1280432302561568e-16 -2.8958093535028337e-16
8 30 3.5207526329035011e-17 7.9717269378033037e-17
8 31 3.1798752905536576e-17 2.1169376041943165e-18
8 32 1.1165538631938264e-17 1.9639427037523717e-17
8 33 -1.0809009689830024e-17 3.2487845344708949e-19
8 34 -1.2232938706680581e-18 1.7138982532648947e-18
8 35 -2.1304802258020515e-18 1.9426526717313965e-18
8 36 2.1873984547008640e-20 7.6420128298406856e-19
8 37 1.1679349227910339e-18 -4.9422911092371697e-19
8 38 1.8937655232250887e-18 -5.9644281171584368e-18
8 39 3.8583669108068456e-18 6.6001863081605266e-18
8 40 1.7900967599568424e-17 1.7237838409609371e-17
8 41 -5.8744658286204077e-18 -3.3593425874304895e-17
8 42 -1.2137051075166192e-16 2.0508565283140144e-16
8 43 -4.4101398466310957e-16 1.4684316393727167e-16
8 44 -4.4944504673666953e-16 -4.3018594595246926e-16
8 45 8.8031776504078873e-16 -4.9502123137067184e-16
8 46 5.3204851672651872e-15 -1.3406033799552439e-15
8 47 -1.9849225661729572e-16 1.9809671493682911e-14
8 48 1.7420052268892813e-14 -6.8061760130098471e-15
8 49 -5.9178866690007037e-14 5.6889815265155019e-14
8 50 5.2025448736931131e-14 -1.7458713526838412e-13
8 51 3.8137456161688809e-13 -1.6314771554406422e-13
8 52 1.1499464379444026e-13 -1.1493638019743024e-12
8 53 -6.4258733999871095e-13 5.6706717786868287e-13
8 54 3.1791000036836773e-12 3.5114863243108914e-12
8 55 -2.5422508230436553e-12 1.0709131980935734e-12
8 56 -2.1250627059142222e-11 4.9282199340313710e-11
8 57 -9.9797698154085521e-11 -5.4551107199266967e-12
8 58 1.9622167026035509e-10 -2.0746803256001227e-10
8 59 7.5359179639522086e-10 -1.4283559217552120e-10
8 60 4.0350800226783587e-10 -5.4569191568496847e-10
8 61 2.1832966909471723e-09 -2.1388377541811578e-09
8 62 -2.4336916921619143e-09 -6.2016198517566987e-09
8 63 1.9813110621744695e-08 5.3875831949962996e-09
8 64 2.9531388034348496e-08 1.2622118075504027e-11
8 65 2.0860214242390869e-07 -1.7344852369452456e-07
8 66 6.2011807862953070e-07 -2.6013285471374365e-07
8 67 1.3467890565968004e-06 -1.1698930928461162e-06
8 68 2.9683742923951271e-06 2.1715828102240286e-06
8 69 4.6556741002076940e-06 1.1597953729631261e-06
8 70 3.0042130781848961e-05 -7.7541713149220268e-06
8 71 2.3245227615008264e-07 2.2132148177923183e-05
9 0 -4.9847948132075678e-05 -8.3865462671855171e-05
9 1 3.8075984061311111e-06 3.9725780460005017e-05
9 2 9.0435359591495771e-06 1.5238139488826955e-07
9 3 2.7951130009166733e-06 3.6338501070741726e-06
9 4 1.7198178936612903e-06 8.2663358842919046e-07
9 5 8.9228328577216577e-07 3.0989925936102789e-07
9 6 2.8029007671837890e-07 -2.0810840015040045e-08
9 7 1.5839110706389050e-07 5.1987043456663412e-09
9 8 -9.8562030945237559e-09 8.0394041735773596e-08
9 9 8.6601436690488476e-09 -2.9895070357923647e-09
9 10 1.3737799632303366e-08 3.6186452881872362e-09
9 11 3.6294275836060045e-09 2.2232293580596965e-09
9 12 5.3037237871008303e-10 1.9774826204924949e-10
9 13 4.3408158775351592e-10 3.8191573059949859e-10
9 14 1.4239757127343346e-10 2.6503557555774579e-12
9 15 -1.8807473625329084e-11 3.7856319447317568e-11
9 16 2.7095300305116758e-11 1.7499297346229014e-11
9 17 -8.9074621022995363e-12 1.1500125244311578e-11
9 18 -5.4423199809142705e-12 3.6910491932962880e-12
9 19 9.2582067622758265e-13 -8.1030368919901060e-13
9 20 -3.8581019641883757e-13 2.6234249999185194e-13
9 21 -2.6961986834297383e-14 -1.7716377100043692e-13
9 22 6.2858449959113691e-14 -1.8668629888958739e-13
9 23 4.8305555012571158e-14 -4.1442544738005707e-14
9 24 -1.2025020432989006e-14 -3.5094143517923886e-14
9 25 -4.0013875861186866e-15 -6.0911238904670644e-15
9 26 3.6936232630448016e-15 -4.1043893714477654e-15
9 27 1.0704926046126449e-15 -3.8289955349666743e-16
9 28 1.5132341297157586e-16 -6.9849534013226758e-16
9 29 -4.4327538758541955e-16 -2.7504590788341820e-16
9 30 -3.0232559734003512e-17 6.8653431567730335e-17
9 31 2.8462054578125284e-17 2.2115815128679439e-17
9 32 1.7534628133815958e-17 2.2554844468987585e-17
9 33 -1.0925192595713445e-17 6.0712614829477941e-22
9 34 -1.8359735857523674e-18 3.1081707920761900e-18
9 35 -2.3726386282407248e-18 5.5913914422851917e-19
9 36 2.9224159961445055e-19 -3.9987953607554566e-19
9 37 1.0522308843479191e-18 -1.4933829013400648e-18
9 38 8.4909895965016479e-19 -4.9910883258881421e-18
9 39 5.9737556571855381e-18 4.0631694593246927e-18
9 40 2.3226333063515634e-17 -4.2925774671683186e-18
9 41 -2.7874260783083942e-17 -3.3372799765169601e-17
9 42 -1.3820526215722024e-16 1.8178098922809057e-16
9 43 -5.0601936068311716e-16 7.8767019871655994e-17
9 44 -4.7116405199662175e-16 -9.7369308915356185e-17
9 45 9.4314060541730650e-16 2.1218636073508438e-17
9 46 6.2988270599005503e-15 -1.2424169385015596e-15
9 47 -5.7292561079303053e-15 1.4231777344878055e-14
9 48 1.9921861702471581e-14 -2.6116748323420578e-14
9 49 -7.5654646183080108e-14 2.2973461008756738e-14
9 50 -7.4302406242875914e-14 -1.3728230533812598e-13
9 51 3.8093557183393264e-13 -2.3143222688098976e-13
9 52 8.7588954043119574e-14 -6.1022515833680528e-13
9 53 -7.7145810432875019e-13 1.0419521522597646e-12
9 54 3.9810694258115900e-12 2.6084202155279415e-12
9 55 -8.2770954629944530e-12 -4.8944546649008462e-13
9 56 -2.5703799157952068e-11 5.6192268309373781e-11
9 57 -1.2275339870480914e-10 8.5844729805998970e-12
9 58 2.7392065259264416e-10 -2.2837067760207657e-10
9 59 5.5960860366166921e-10 -2.8272512061820867e-11
9 60 -1.6695670023163365e-10 -1.1473560668736677e-09
9 61 9.7036206006324501e-10 -1.5132817836830424e-09
9 62 -2.3768225525161362e-09 -5.1130137839973393e-09
9 63 5.6883607024711857e-09 -5.5961431397220239e-09
9 64 9.8003768059131794e-09 2.2684594111879669e-08
9 65 1.3646319385878173e-07 -1.3429239426995342e-07
9 66 4.8231925024978427e-07 -4.0125326883253489e-07
9 67 8.3939727229651904e-07 -6.8783115927822963e-07
9 68 1.7450169811458617e-06 1.9164178730132119e-06
9 69 4.6729550078788169e-06 3.8775101927672952e-06
9 70 5.3568409641142055e-06 -5.7404860129701339e-06
9 71 -3.7103753400390774e-06 4.3695241880656615e-06
10 0 -4.7770496983774167e-05 -2.9102539995148772e-05
10 1 1.9652092100195881e-06 2.8778742752275149e-05
10 2 9.9632499224218311e-06 3.9394208823944356e-07
10 3 1.9542030447124037e-06 2.9384663168563021e-06
10 4 1.3443953939459790e-06 7.6764141709022634e-07
10 5 5.0784853220648483e-07 6.0139543173471608e-07
10 6 9.4489593613088708e-08 -8.0599179469171900e-08
10 7 8.9626527277313019e-08 2.1719745177443215e-08
10 8 -4.7249939496571653e-10 6.6432511276915237e-08
10 9 8.6594824212416754e-09 -3.5807299231227019e-09
10 10 8.9884592361428594e-09 6.1260912796036781e-09
10 11 2.7627812247091685e-09 1.8797904299274677e-09
10 12 2.9903114485295570e-10 1.9759855871957178e-10
10 13 2.2172617918265127e-10 3.2546319095218831e-10
10 14 8.5369379015209469e-11 -5.5285561729157093e-11
10 15 -1.6511450723799983e-11 2.2768379591796751e-11
10 16 2.1775461671941974e-11 6.3142410903977338e-12
10 17 -1.0285982650656584e-11 5.5693139568017265e-12
10 18 -4.1105128158558580e-12 1.8833452029915238e-12
10 19 1.1314937059214911e-12 -9.6752620183924179e-13
10 20 -3.5108763222250693e-13 1.0114741323183720e-13
10 21 -1.0076094928005662e-13 2.9383599340858945e-14
10 22 -5.6728401439258965e-15 -1.8712633255588209e-13
10 23 4.4848566265698859e-15 -8.1216198125562899e-14
10 24 -7.0121310102108716e-15 -2.1709414422672476e-14
10 25 -7.4306344712086728e-15 -6.6989601306466043e-15
10 26 2.9866425964778444e-15 -3.8203007016460451e-15
10 27 6.9604121950142141e-16 -3.1737221602997596e-16
10 28 3.5169924378536563e-16 -6.5998864813138331e-16
10 29 -2.3348741316803847e-16 -2.1618045869812097e-16
10 30 -4.6179324289642370e-17 1.0751085965510485e-16
10 31 1.4190028797932979e-17 2.5378241458580698e-17
10 32 2.4739878924876864e-17 2.3127723678863768e-17
10 33 -1.3748947284897870e-17 1.4520548661708013e-18
10 34 -2.7468290981986177e-18 3.7177509378304718e-18
10 35 -1.8652144181831099e-18 -5.3762684835595485e-19
10 36 5.8072206289649595e-19 -1.1683540917186395e-18
10 37 4.8364924594685935e-19 -1.8866365785412970e-18
10 38 -1.5615674185110247e-18 -4.0591407498143372e-18
10 39 6.6993626552325733e-18 3.1963224652650922e-18
10 40 2.5782216217941958e-17 -2.1045709386337811e-17
10 41 -2.1502388151818247e-17 -1.6324804501922756e-17
10 42 -1.6824890330522254e-16 1.8742500777363281e-16
10 43 -4.6748366704675739e-16 2.1910345912528556e-17
10 44 -4.7130291332871461e-16 1.0963096031528342e-16
10 45 6.1708680121954535e-16 6.3354987669873222e-16
10 46 5.6462540776156488e-15 -3.8951715538173274e-16
10 47 -1.0648841955818328e-14 6.9360431879854709e-15
10 48 2.2333331371690228e-14 -2.7215844373799042e-14
10 49 -4.2715299585390379e-14 -2.9168948105544241e-14
10 50 -1.9852991233631261e-13 -9.6675576123127643e-14
10 51 3.0775440484298955e-13 -3.1718182130511084e-13
10 52 2.9157827968427794e-13 -8.4276083020667348e-14
10 53 -1.0856825018822514e-12 1.3912719308666069e-12
10 54 4.2270067565697523e-12 -9.5763041938905505e-13
10 55 -1.1410227347145480e-11 -5.6064175781646336e-12
10 56 -2.8948122558716898e-11 5.9074480573394812e-11
10 57 -1.2988552654315824e-10 2.4071526578076641e-11
10 58 2.9781690883434778e-10 -2.9231064397015200e-10
10 59 3.1504673682405174e-10 3.3858866062483632e-11
10 60 -6.2076811996040061e-10 -1.4512784851573241e-09
10 61 -1.5882266482245664e-09 -1.0418617474241998e-09
10 62 -2.9534711407637456e-09 -6.0310511314619264e-09
10 63 -2.1921181662740634e-09 -1.2232081264726546e-08
10 64 -1.8431980604910356e-09 3.3827820545740865e-08
10 65 5.3513475621946885e-08 -9.7246021979833876e-08
10 66 3.9748311124073538e-07 -3.6765372128506612e-07
10 67 1.3394950454360111e-07 -5.0149391085482059e-07
10 68 1.6654337094669614e-06 1.4449198941485813e-06
10 69 3.7340424771389752e-06 4.5738080798780364e-06
10 70 -1.5697401267337364e-06 -4.2261561549185829e-06
10 71 7.3161773467656137e-06 -4.2819361266374317e-07
