0 0 9.0133827442878678e-01 -2.3557798630354833e-04
0 1 6.0755004272836380e-02 1.3443706557343817e-04
0 2 1.0458150631694410e-02 2.2247504117168024e-04
0 3 2.4369617247069703e-03 1.4811000730866218e-04
0 4 6.2499767347316956e-04 5.4878770952929825e-05
0 5 1.7867104926181537e-04 1.5289154510853116e-05
0 6 5.5176230067461225e-05 6.4032506303701229e-06
0 7 1.7196309911106871e-05 2.9808531581149045e-06
0 8 5.6262082808189699e-06 1.4698029581203333e-06
0 9 1.9499199139434726e-06 6.1058477705589250e-07
0 10 7.0258639377681078e-07 2.0659869081606174e-07
0 11 2.5574868536812268e-07 6.8084201807331246e-08
0 12 8.9447080571602085e-08 2.0961328907503874e-08
0 13 3.2367364272576967e-08 6.2605265977814348e-09
0 14 1.1354029456825380e-08 1.9585518410836715e-09
0 15 4.0539977270819557e-09 4.4641520318978584e-10
0 16 1.5040473287605099e-09 1.0472416512018370e-10
0 17 5.3320641414441206e-10 4.3727517791164531e-11
0 18 1.8314560789791928e-10 1.9988294146342052e-11
0 19 6.3944519167696567e-11 6.5040188480116970e-12
0 20 2.2391935001637293e-11 1.1120009493752172e-12
0 21 7.8755283961753026e-12 2.5810858190980173e-14
0 22 2.7568775025700894e-12 1.8871767821568079e-14
0 23 9.7663838509083328e-13 1.4068354093808193e-14
0 24 3.6621894619240538e-13 4.6790876144686356e-15
0 25 1.4237303755150428e-13 -1.9202052724536830e-15
0 26 5.3228266252452000e-14 -3.5805407847935191e-15
0 27 1.9866061232608705e-14 -2.1100914268522297e-15
0 28 7.0065612191144971e-15 -8.6092361843941879e-16
0 29 2.2781765472472858e-15 -4.8349886009797009e-16
0 30 7.7121535245495672e-16 -2.2067960506071225e-16
0 31 2.7659361266930445e-16 -8.5445487446338735e-17
0 32 9.9382877339383543e-17 -3.7387332307836024e-17
0 33 3.6278937727407609e-17 -1.7287411714738110e-17
0 34 1.3908283171283291e-17 -7.3947203931517359e-18
0 35 5.2934924782310014e-18 -3.0641821156984863e-18
0 36 2.4632117349384965e-18 -1.2481643220351353e-18
0 37 2.1842580257511005e-18 -5.8792517590076403e-19
0 38 6.6740064360065040e-18 -1.1662168543413858e-18
0 39 2.4835114408261357e-17 -6.0890163951127776e-18
0 40 8.3584115003247425e-17 -2.2739670300587071e-17
0 41 2.5852895069031386e-16 -9.2637517995918619e-17
0 42 7.0123682583459365e-16 -2.9545711108065153e-16
0 43 1.8651764973785642e-15 -8.9866934693985273e-16
0 44 5.0245132571365551e-15 -2.6395687646148685e-15
0 45 1.3355458451128864e-14 -7.7616102831832418e-15
0 46 3.5973943505923869e-14 -2.2434868216799354e-14
0 47 1.0563478472080835e-13 -7.3811703185623735e-14
0 48 3.1230934229501201e-13 -2.2972699323453506e-13
0 49 9.2622088772276379e-13 -6.4362854337911524e-13
0 50 2.6205596507803824e-12 -1.7095673223783480e-12
0 51 7.3051387300082678e-12 -4.2977135978117534e-12
0 52 2.0160523132782476e-11 -1.0850114124694848e-11
0 53 5.6931774907286018e-11 -2.7585851600699299e-11
0 54 1.6263310664267315e-10 -6.6898935129027272e-11
0 55 4.7715362172438366e-10 -1.7732374444545600e-10
0 56 1.4088126804058028e-09 -4.3599011997085778e-10
0 57 4.2471455295242747e-09 -1.0750565763216807e-09
0 58 1.2682278690091725e-08 -2.7813056757123097e-09
0 59 3.6262584665318081e-08 -6.8730525473054219e-09
0 60 1.0543657320817749e-07 -1.6183893748476565e-08
0 61 3.0520947150639103e-07 -4.0038275621115704e-08
0 62 8.6667633461848834e-07 -9.5779868471202416e-08
0 63 2.6176445008026410e-06 -2.3972593623739027e-07
0 64 7.9617151218254891e-06 -7.4840564885645731e-07
0 65 2.4819509088929786e-05 -2.4216342973228826e-06
0 66 7.4876791582841450e-05 -7.1845849049080287e-06
0 67 2.3399131925299781e-04 -1.7359346079685628e-05
0 68 7.8029246721784224e-04 -4.0798474821808199e-05
0 69 2.7804276303179378e-03 -3.3729525714331221e-05
0 70 1.0847779134926995e-02 -4.3535214679769230e-05
0 71 6.1642819619733849e-02 -1.9911436264785653e-04
1 0 2.2845484448313283e-01 2.9915460321321532e-04
1 1 3.0583872952110472e-02 7.2054812372129417e-05
1 2 6.5207423886473005e-03 2.1556651882427043e-04
1 3 1.6901555734449257e-03 1.2232306178902474e-04
1 4 4.4842557661706726e-04 3.8393747665289323e-05
1 5 1.3456267338629927e-04 1.1592548528900956e-05
1 6 4.1406623333747441e-05 4.3777627915074880e-06
1 7 1.2735306349010207e-05 2.2514289535208165e-06
1 8 4.2957599374489252e-06 1.1825111909717463e-06
1 9 1.4860673090452751e-06 4.7682114512128726e-07
1 10 5.4343718728740851e-07 1.5918414912023063e-07
1 11 1.9445570200142527e-07 5.3559120417865019e-08
1 12 6.7392874025144444e-08 1.7037023591870078e-08
1 13 2.4455470184705908e-08 6.1875091473545395e-09
1 14 8.6335844536585161e-09 1.8471980297019733e-09
1 15 3.0341022243913398e-09 4.5072946231500151e-10
1 16 1.1355125538894735e-09 1.1097577211134648e-10
1 17 4.1259372443952741e-10 4.2555079119705302e-11
1 18 1.4015100458849068e-10 1.8074455161395754e-11
1 19 5.0021711181109035e-11 5.3550410757556941e-12
1 20 1.7283989379288535e-11 7.3697974528604876e-13
1 21 5.9952466644162455e-12 2.9640192406933359e-14
1 22 2.0968413205804614e-12 5.5357507878172813e-14
1 23 7.3066475612670279e-13 -7.2368836500522986e-15
1 24 2.7639840897496543e-13 -1.0990614199257993e-14
1 25 1.0829783670706309e-13 -8.0501522655782031e-15
1 26 4.0291010410663903e-14 -5.0555543900909413e-15
1 27 1.5058006035963165e-14 -2.4692251850239768e-15
1 28 5.2834679404869270e-15 -1.0995618121166889e-15
1 29 1.6784027728899057e-15 -4.5119227687078889e-16
1 30 5.8789399987708230e-16 -1.9890093210859011e-16
1 31 2.0816856424470296e-16 -6.4643677333724014e-17
1 32 7.4860549216133642e-17 -2.8899252408051375e-17
1 33 2.8122637226763883e-17 -1.3108642144208575e-17
1 34 1.1092472578950855e-17 -5.4926865831512316e-18
1 35 4.1216551100894596e-18 -2.3869180146853303e-18
1 36 1.8877529655287312e-18 -9.3183074430099008e-19
1 37 1.6616155882076129e-18 -5.1049468754992077e-19
1 38 5.0582155995962553e-18 -7.2360860472695216e-19
1 39 1.9302457207911581e-17 -4.2461878462747149e-18
1 40 6.6808052975126782e-17 -1.6342451533258144e-17
1 41 2.0432795671902759e-16 -7.2656085708213383e-17
1 42 5.5142835335888185e-16 -2.1901171569215341e-16
1 43 1.4468425172249948e-15 -6.9143605126989583e-16
1 44 3.9630651534235948e-15 -2.1245992827242514e-15
1 45 1.0591746475609041e-14 -6.3359777097800053e-15
1 46 2.7331850449179886e-14 -1.7691861593184378e-14
1 47 7.8055497992538260e-14 -5.6734877132060712e-14
1 48 2.3555829972280557e-13 -1.7179193376844424e-13
1 49 6.7300737780504880e-13 -4.9407588654674038e-13
1 50 1.9336358950916608e-12 -1.3148605958456046e-12
1 51 5.5455537021620902e-12 -3.3314079921989339e-12
1 52 1.5451865411499113e-11 -8.1393170025737519e-12
1 53 4.3138621270895736e-11 -2.0363821316641873e-11
1 54 1.2224020941671084e-10 -4.9550965336288437e-11
1 55 3.5680514482760425e-10 -1.3453608159087609e-10
1 56 1.0280543332382380e-09 -3.3701070515760861e-10
1 57 3.0939887333567108e-09 -7.8992938753025950e-10
1 58 9.5405846154514418e-09 -1.9719960911554381e-09
1 59 2.7194951273030056e-08 -5.1359077372654378e-09
1 60 7.8063568876631837e-08 -1.2286461971393714e-08
1 61 2.2942433302898093e-07 -3.2429994780311862e-08
1 62 6.5618567087989557e-07 -7.1921330702546033e-08
1 63 2.0053714008724680e-06 -1.5732313459463782e-07
1 64 6.0333667190699562e-06 -5.4063386151590031e-07
1 65 1.8905528018067599e-05 -1.7364802319882772e-06
1 66 5.5785964014863110e-05 -5.3276907156871150e-06
1 67 1.7272374705639088e-04 -1.5899264260782664e-05
1 68 5.6758362047304911e-04 -3.6418792516650873e-05
1 69 2.0097280392476894e-03 4.5401695300540919e-06
1 70 6.9106115237613161e-03 5.8034933998367302e-05
1 71 3.0823532302293122e-02 -9.8068366035300794e-05
2 0 6.0843185702458447e-02 4.5829255830311772e-04
2 1 1.2597427070946217e-02 -1.4693542402758599e-04
2 2 2.9071873385477631e-03 1.3344172931295555e-04
2 3 8.4452817445265305e-04 9.2444928128958899e-05
2 4 2.4345112847302443e-04 2.2729133651315586e-05
2 5 8.0764371027094900e-05 5.2918152438975070e-06
2 6 2.4624511193707929e-05 2.3233364355091782e-06
2 7 7.4227956236711764e-06 1.4146350295648112e-06
2 8 2.6721568429700335e-06 7.7550336318154589e-07
2 9 9.2412044495994563e-07 2.9365088779356127e-07
2 10 3.4860611836204607e-07 1.0234712819323841e-07
2 11 1.1967265928074753e-07 3.4625220263336625e-08
2 12 4.0463660180360580e-08 1.0642240271064728e-08
2 13 1.4942711281751085e-08 4.7385871776855368e-09
2 14 5.4099329297279814e-09 1.2937575822996389e-09
2 15 1.8258127470479102e-09 2.9564306458583535e-10
2 16 6.9331482750284447e-10 8.7802882411546672e-11
2 17 2.5839861203971145e-10 3.3105470818965137e-11
2 18 8.5625282360007701e-11 1.3194403760457393e-11
2 19 3.1772889797285398e-11 3.3689905116755554e-12
2 20 1.0850381593791554e-11 3.9887201540922677e-13
2 21 3.6863038085925417e-12 3.0199357402206396e-14
2 22 1.2927586898839768e-12 7.6795784084533148e-14
2 23 4.4667240112398666e-13 -2.9012771561892983e-14
2 24 1.6849928161966348e-13 -1.8484569386105747e-14
2 25 6.5931460360670758e-14 -8.9653884130594225e-15
2 26 2.4391783175706352e-14 -4.6578799582845075e-15
2 27 9.0117705269112285e-15 -2.3250500684777806e-15
2 28 3.1270595818705951e-15 -1.0714749253328647e-15
2 29 9.8932835344460467e-16 -3.1768738235190193e-16
2 30 3.5901512995437638e-16 -1.3795397870337578e-16
2 31 1.2475913025067011e-16 -3.6737688928621710e-17
2 32 4.5695790542073600e-17 -1.6560923512617565e-17
2 33 1.7912962731820524e-17 -7.8539322696460920e-18
2 34 7.2493985459570142e-18 -3.2693328994316512e-18
2 35 2.5727573009245140e-18 -1.4890428873361155e-18
2 36 1.1724976853126457e-18 -5.0319456180471503e-19
2 37 9.7842135903841213e-19 -3.3718649051863034e-19
2 38 2.8725592320277632e-18 -4.5870713390312419e-20
2 39 1.1818697485800520e-17 -2.3644039793588134e-18
2 40 4.1871291770640344e-17 -9.1855615799061595e-18
2 41 1.3196968841403115e-16 -4.6027275440621627e-17
2 42 3.5189357346936444e-16 -1.3313609760916350e-16
2 43 9.2355276939334968e-16 -4.3013435655037955e-16
2 44 2.5737444199566457e-15 -1.3261038572302345e-15
2 45 6.9129245781871324e-15 -4.3028824732282253e-15
2 46 1.7155417317656633e-14 -1.1062094803210573e-14
2 47 4.5959579456399699e-14 -3.4185243150685656e-14
2 48 1.3868924110925412e-13 -1.0324222583971116e-13
2 49 3.9048915126525040e-13 -3.1218839810847305e-13
2 50 1.1336726648368742e-12 -8.4828810715334043e-13
2 51 3.3552280162884465e-12 -2.1245394539887189e-12
2 52 9.4980224573572321e-12 -4.9355144726881489e-12
2 53 2.6077741953678125e-11 -1.1750104494328647e-11
2 54 7.3228751707566585e-11 -2.8122301889295756e-11
2 55 2.1424940439981289e-10 -8.2284820266223779e-11
2 56 5.8725666963500102e-10 -2.0402284283883668e-10
2 57 1.7892925613315883e-09 -4.7274211830187833e-10
2 58 5.7856194044731371e-09 -1.1284000608688257e-09
2 59 1.6670276684545418e-08 -3.1888009389849899e-09
2 60 4.6000379731363716e-08 -7.5419376444017456e-09
2 61 1.4122311976116559e-07 -2.1104657089599545e-08
2 62 3.9528868753364446e-07 -4.3655284231315977e-08
2 63 1.2649102692259154e-06 -7.6201155776523862e-08
2 64 3.7176261575285597e-06 -3.6498989147224338e-07
2 65 1.1632092285816839e-05 -1.0021983506525085e-06
2 66 3.2875522008108905e-05 -2.9465506043498732e-06
2 67 1.0169936711495279e-04 -1.0721544100068009e-05
2 68 3.2583750529185961e-04 -2.9123940481456888e-05
2 69 1.1203995241892235e-03 2.9699434616487610e-05
2 70 3.3212111422649924e-03 9.7122941916861940e-05
2 71 1.2319244930995069e-02 4.8338538722852336e-05
3 0 1.6780809673540956e-02 3.4067171150721276e-04
3 1 4.7827620259612543e-03 -1.7113606000157186e-04
3 2 1.1863833647935485e-03 9.5783169955440090e-05
3 3 3.8920376186899684e-04 6.6831987506595319e-05
3 4 1.1718075797128224e-04 1.0993187236676938e-05
3 5 4.4345459125966226e-05 2.9357432089141636e-07
3 6 1.2765157606632032e-05 9.0203536923702584e-07
3 7 4.0403107649963655e-06 8.2775705602011302e-07
3 8 1.5829723258360173e-06 4.8152557035338677e-07
3 9 5.5327708466958838e-07 1.6336645881635900e-07
3 10 2.1241727880046524e-07 5.6966356504931020e-08
3 11 7.1679002577176929e-08 2.1952796795291218e-08
3 12 2.3034242649365452e-08 5.0881761709612560e-09
3 13 8.7500244917979502e-09 3.3468297839705385e-09
3 14 3.2053498424841036e-09 7.8629597463586374e-10
3 15 1.0415372885453860e-09 1.6345236500811927e-10
3 16 3.9542393663696708e-10 6.4270988676720262e-11
3 17 1.4847287429775224e-10 2.2418683704274221e-11
3 18 4.7813106297347142e-11 9.2662806064002235e-12
3 19 1.8505722394051416e-11 1.6733294300246240e-12
3 20 6.2742859761823461e-12 2.5665187737842870e-13
3 21 2.0666859584785492e-12 1.9418288515943494e-14
3 22 7.3351457277507932e-13 9.1687608960309170e-14
3 23 2.5275536195867216e-13 -3.8306107387627345e-14
3 24 9.5275855210621312e-14 -1.6953019234068484e-14
3 25 3.6579313903130939e-14 -7.2619070882150738e-15
3 26 1.3158074227862173e-14 -3.4576947563498462e-15
3 27 4.8436203201396469e-15 -1.9944627541638666e-15
3 28 1.6755267038878389e-15 -9.1658677740210488e-16
3 29 5.3847248858137644e-16 -2.0535492381602640e-16
3 30 2.0305366873734829e-16 -8.3237350332745505e-17
3 31 7.1041489189317397e-17 -1.7860252461844015e-17
3 32 2.6290681552508625e-17 -7.7233152099310015e-18
3 33 1.1053490455435443e-17 -4.2039031684512081e-18
3 34 4.4708380863411512e-18 -1.7511898421135461e-18
3 35 1.5242804925085862e-18 -8.1153322770257998e-19
3 36 6.6703117063387621e-19 -2.3350917770618005e-19
3 37 5.0387481930770913e-19 -1.9197316195463873e-19
3 38 1.4044180896208578e-18 4.5022264542696963e-19
3 39 6.6919025380328194e-18 -1.1950355619270440e-18
3 40 2.4233911942308804e-17 -3.6177411998201964e-18
3 41 7.8774440684623732e-17 -2.6981838844933150e-17
3 42 2.1087737261898129e-16 -8.2911142060397848e-17
3 43 5.4270561875169772e-16 -2.4342083763922553e-16
3 44 1.5599829075616436e-15 -7.7130670209222134e-16
3 45 4.2945862250292669e-15 -2.8091402274486476e-15
3 46 1.0281504891906324e-14 -6.1984804801293728e-15
3 47 2.5193230110542864e-14 -1.8468383642777841e-14
3 48 7.2613452414980799e-14 -5.7306844707479892e-14
3 49 2.1191059359342612e-13 -1.8830426753941724e-13
3 50 6.0030679713110677e-13 -5.3187938434077570e-13
3 51 1.8313729611348666e-12 -1.2429996356303334e-12
3 52 5.4579062894657382e-12 -2.7184793874479300e-12
3 53 1.4122914759883393e-11 -6.1670365117627296e-12
3 54 3.9884530108187230e-11 -1.4760487440772029e-11
3 55 1.1749394872244502e-10 -4.5671384944700669e-11
3 56 2.9705207731912850e-10 -1.1526805938133078e-10
3 57 9.3374613510133775e-10 -2.7840038381155678e-10
3 58 3.2302844527217025e-09 -6.0361569377513978e-10
3 59 9.4912133891289978e-09 -1.6075222654770978e-09
3 60 2.4633308910293644e-08 -4.3855126721514879e-09
3 61 8.1085990458909989e-08 -1.3441359504076927e-08
3 62 2.1260791020467459e-07 -2.7747337816353356e-08
3 63 7.3572196716540972e-07 -1.5333555903912759e-08
3 64 2.1390742492395846e-06 -2.7995024508851352e-07
3 65 6.4746876016247675e-06 -7.1621678754265487e-07
3 66 1.7377427350122459e-05 -1.2807001040487042e-06
3 67 5.4094358330658969e-05 -7.0377360800667792e-06
3 68 1.7067264711726629e-04 -2.1731601066496684e-05
3 69 5.4750201391765333e-04 2.8742912584721282e-05
3 70 1.4819097151814837e-03 2.9291057323130646e-05
3 71 4.7089418771907449e-03 1.7608419774969473e-04
4 0 4.7598020465785054e-03 -2.6421956848930672e-05
4 1 1.6341755998005301e-03 -1.2684104869252304e-04
4 2 4.5980470217509337e-04 4.0419629600000140e-05
4 3 1.6228419901332368e-04 4.4599676901471240e-05
4 4 5.6813486871949617e-05 4.2526225272223316e-06
4 5 2.2964807604691989e-05 -2.2965226089021284e-06
4 6 6.1629727533317352e-06 -2.8342370172011132e-08
4 7 2.2332240608699898e-06 4.7015107860923285e-07
4 8 9.2681081557135614e-07 2.8015921599872855e-07
4 9 3.3255206374195657e-07 9.3935247103671615e-08
4 10 1.2580043877023001e-07 2.5351175023552614e-08
4 11 4.3751347036349116e-08 1.4840195928230834e-08
4 12 1.2730170582505170e-08 1.3180693377135832e-09
4 13 5.2574856674617567e-09 2.3525673315658920e-09
4 14 1.9076349133644923e-09 4.1608420748455173e-10
4 15 5.9327742114488820e-10 7.7166456143586431e-11
4 16 2.2937380046218386e-10 5.4569832280674258e-11
4 17 8.1031263646275168e-11 1.4107332658759778e-11
4 18 2.4782479319029972e-11 6.8099252385237454e-12
4 19 1.0061173917527041e-11 7.6675993889937747e-13
4 20 3.5038214551428670e-12 2.6508312443802534e-13
4 21 1.1143237138735061e-12 1.0962214852945406e-14
4 22 3.8648920603278931e-13 8.1590308271183271e-14
4 23 1.3356015113021316e-13 -3.5067698583315472e-14
4 24 5.3232705429052576e-14 -1.1074566371029530e-14
4 25 1.9492030633153648e-14 -5.8879650968082903e-15
4 26 6.4366014754439199e-15 -2.1153866306918181e-15
4 27 2.4387157990358308e-15 -1.6849404356627710e-15
4 28 7.8978411242344542e-16 -6.9085282543098889e-16
4 29 2.6480579697326828e-16 -1.3157385699916316e-16
4 30 1.1156422166891397e-16 -3.9926377367871932e-17
4 31 3.9825014116839231e-17 -8.1455698723004416e-18
4 32 1.5140246377149648e-17 -2.3939165395743117e-18
4 33 6.7386966964715558e-18 -2.0781319047818498e-18
4 34 2.7015346996690771e-18 -8.8193792685210550e-19
4 35 9.0661554642147407e-19 -3.8572451673102603e-19
4 36 3.6372453876783591e-19 -9.1980547970717791e-20
4 37 2.2707066678453390e-19 -7.9554280190787543e-20
4 38 5.2713049825310663e-19 5.3288677909014355e-19
4 39 3.4881878507547121e-18 -6.5085855999333347e-19
4 40 1.3340355217596268e-17 -2.9097834780746375e-19
4 41 4.3644184213906102e-17 -1.4224780768046871e-17
4 42 1.3169443894489695e-16 -5.5930418369087704e-17
4 43 2.9544275324436804e-16 -1.3101645069568298e-16
4 44 9.0121765682739107e-16 -4.3093542290216710e-16
4 45 2.6964022944391512e-15 -1.7459374254474959e-15
4 46 6.2757666229281196e-15 -3.1025720687722941e-15
4 47 1.2887361396993762e-14 -9.0503513644076086e-15
4 48 3.6051322418774192e-14 -2.8556221980412885e-14
4 49 1.1472215949485445e-13 -1.0713416643845504e-13
4 50 3.0847521630338330e-13 -3.3735936180670998e-13
4 51 9.0312044679950609e-13 -6.9509257369660437e-13
4 52 3.0400785115809648e-12 -1.4542068812154011e-12
4 53 7.2239515114745543e-12 -2.9731996396700006e-12
4 54 2.0449206261928668e-11 -7.5326284626071541e-12
4 55 6.2956537163278699e-11 -2.5368751565236780e-11
4 56 1.4283658857629727e-10 -6.8620528892892886e-11
4 57 4.6035941883077602e-10 -1.7373452469415098e-10
4 58 1.7092672588636563e-09 -3.2128992354369302e-10
4 59 5.1497488973146516e-09 -7.2175868546166587e-10
4 60 1.2520177575525993e-08 -2.5565183378225056e-09
4 61 4.6208101406060959e-08 -9.3126496368512863e-09
4 62 1.0138975898895743e-07 -2.3381184102696771e-08
4 63 4.0775712882787937e-07 2.4544926817682728e-08
4 64 1.1626292474505034e-06 -2.3374264153848031e-07
4 65 3.3414941374833012e-06 -5.3064840857399124e-07
4 66 8.4620163785285362e-06 4.5107284409895925e-08
4 67 2.6740711337719950e-05 -5.0368016313802969e-06
4 68 8.6479909635855636e-05 -1.4092738388795155e-05
4 69 2.5013141720299492e-04 1.8080068636413247e-05
4 70 7.0183738250250653e-04 -4.9564442497765170e-06
4 71 1.5868210962249442e-03 1.6032188095226963e-04
5 0 1.5011741255466732e-03 -4.3203338628259927e-05
5 1 5.3836143695262838e-04 -4.4874444483362881e-05
5 2 1.7706652143240791e-04 1.1503169481806737e-05
5 3 6.1330813020266992e-05 2.7732128378345635e-05
5 4 2.6663329461018531e-05 1.7197797545958064e-07
5 5 1.2925967408509500e-05 -2.1719974690697914e-06
5 6 2.7393346703553371e-06 -3.5747988943211335e-07
5 7 1.3204093707962508e-06 1.2936895668584448e-07
5 8 5.3484531864656768e-07 1.5908072579594238e-07
5 9 2.0028130682546650e-07 4.7261194509048303e-08
5 10 7.1002994950132244e-08 8.0138585263690334e-09
5 11 2.7689375378789519e-08 1.0910680522721536e-08
5 12 7.3770562104836856e-09 -6.4190658378026976e-10
5 13 3.3402359958383332e-09 1.6978275569788182e-09
5 14 1.2186339196872009e-09 1.1968307679793744e-10
5 15 3.4469300916500402e-10 4.4464248006975547e-11
5 16 1.4068182490807266e-10 4.3695243740626090e-11
5 17 4.1760550620995499e-11 1.0162363069268483e-11
5 18 1.1807752656108482e-11 5.9435345113778742e-12
5 19 5.2830980370484229e-12 2.0413506274733317e-13
5 20 1.9143098011395653e-12 1.8379454267773981e-13
5 21 5.9970435551453167e-13 -6.0416454364277040e-15
5 22 1.8309822010891313e-13 5.5304777550038927e-14
5 23 6.8495035947014822e-14 -2.8053609585083743e-14
5 24 2.8943436394749431e-14 -6.5380781018639066e-15
5 25 9.7097003052381760e-15 -4.9446961804716252e-15
5 26 2.8049516300511557e-15 -1.1514086202150886e-15
5 27 1.2690198965336259e-15 -1.2890603412347918e-15
5 28 3.1409598644116708e-16 -4.6242874283604945e-16
5 29 1.1898689637632641e-16 -9.1537899637323689e-17
5 30 6.7886074190545039e-17 -1.3034989826037060e-17
5 31 2.3566619382853855e-17 -2.7456391538835826e-18
5 32 9.1572413514482932e-18 1.4437898084592569e-19
5 33 4.0499984923998467e-18 -1.0454030085965462e-18
5 34 1.7399893997452646e-18 -5.2823350181182035e-19
5 35 6.0566885709849134e-19 -1.9604398830054427e-19
5 36 1.9269132813187250e-19 -3.1542718245859084e-20
5 37 9.4788736252106276e-20 2.1729209477496590e-20
5 38 7.3999038755284744e-20 5.0889006596044360e-19
5 39 1.6948985786451344e-18 -6.6649923906011997e-19
5 40 6.5418110801932987e-18 1.4442342450312997e-18
5 41 1.9785462434937416e-17 -4.3769028520960138e-18
5 42 8.7524663183320266e-17 -3.8067971155364514e-17
5 43 1.5460039597610517e-16 -7.0738891617068831e-17
5 44 5.1887640409632613e-16 -1.9157122910305009e-16
5 45 1.6908482298253353e-15 -1.0641622581135104e-15
5 46 4.0620138110880546e-15 -1.3927819326791323e-15
5 47 7.1844254928022555e-15 -3.6554159108753166e-15
5 48 1.8558040257415024e-14 -1.1872089179225613e-14
5 49 5.9872456613225721e-14 -4.6041565644995081e-14
5 50 1.4167363032900738e-13 -2.1574619183622280e-13
5 51 4.0692234500951656e-13 -4.0559807272660057e-13
5 52 1.6870679994905703e-12 -6.8413361236573077e-13
5 53 3.6362604629604774e-12 -1.3527829258100387e-12
5 54 1.0959062593823065e-11 -3.1551715237866818e-12
5 55 3.1346169716144015e-11 -1.5142562799101642e-11
5 56 6.9718301767351532e-11 -4.3877906211781140e-11
5 57 2.1293491235593706e-10 -1.1094934805471954e-10
5 58 8.7319992046709121e-10 -1.8373728771781314e-10
5 59 2.8006953877257016e-09 -3.5455385377820997e-10
5 60 5.8759884527213237e-09 -1.3790340115816699e-09
5 61 2.5144551843735855e-08 -6.3757363668297487e-09
5 62 4.1928677762845242e-08 -2.2936670558975713e-08
5 63 2.1158294481027188e-07 4.5773987532997477e-08
5 64 5.6782716683991031e-07 -2.0157758204395611e-07
5 65 1.7925503630609631e-06 -4.7495910175658924e-07
5 66 3.8849011596928242e-06 3.8718219947499489e-07
5 67 1.2154074068740205e-05 -4.5964570086712574e-06
5 68 4.1786293300183629e-05 -9.2525447047747110e-06
5 69 1.0881837952608938e-04 6.0724340523373825e-06
5 70 3.5136897761406339e-04 -7.8702613432599509e-06
5 71 3.9738682453327516e-04 1.3952096967552815e-04
6 0 5.9170328465349149e-04 -8.7652733010132756e-05
6 1 1.8448565920319322e-04 -6.2234325030888896e-06
6 2 7.0547267005473342e-05 -3.5751388489172623e-06
6 3 1.9731431862263982e-05 1.5038750584697130e-05
6 4 1.2319688488902839e-05 1.8906717904063098e-07
6 5 7.8196569153017059e-06 -1.1219484801677874e-06
6 6 1.1222000360094619e-06 -1.0023454558818920e-07
6 7 8.0601646421264116e-07 -1.2762609906353136e-07
6 8 3.0700382731680138e-07 9.6405399153489438e-08
6 9 1.1357964617634906e-07 1.3732946039993591e-08
6 10 3.9255568629181869e-08 -2.4055739232166549e-09
6 11 1.7844380774654352e-08 8.9962403008970232e-09
6 12 4.5907487026122807e-09 -1.4834962149365677e-09
6 13 2.0822435799782802e-09 1.2307829328518433e-09
6 14 7.7260344618131705e-10 -7.8683663280331479e-11
6 15 2.0919251784544895e-10 5.0016361369163985e-11
6 16 9.0400950135174933e-11 3.2991828516267023e-11
6 17 2.1097559568030662e-11 9.7535379390017392e-12
6 18 4.7965727326620040e-12 4.4265026622784672e-12
6 19 3.0748595892011190e-12 -1.4809510721811469e-13
6 20 9.7419544165304002e-13 5.2507660037936271e-14
6 21 3.9137452662613421e-13 -3.1049992643068851e-14
6 22 7.7661637053601479e-14 2.4923502294067769e-14
6 23 2.9597699986585722e-14 -2.3288378338555990e-14
6 24 1.3158035637677490e-14 -5.3626207101026594e-15
6 25 4.6084510829530889e-15 -3.4795695589016878e-15
6 26 9.3459301839901046e-16 -5.7012803914247626e-16
6 27 7.2777536047124432e-16 -9.4263016195117080e-16
6 28 1.2044067466021480e-16 -2.3166805070535133e-16
6 29 6.6011052556631777e-17 -7.0774002740006280e-17
6 30 4.7988001097421846e-17 3.4892729579146841e-18
6 31 1.4985721968765811e-17 -2.4734342643562097e-19
6 32 5.4169402944528914e-18 1.2299475554474940e-18
6 33 2.5750958150226748e-18 -4.8359934999613955e-19
6 34 1.1776869344633928e-18 -3.9985790009523834e-19
6 35 4.3337017123220936e-19 -1.4268408585160268e-19
6 36 1.0396039360474060e-19 -4.8772826323567880e-21
6 37 5.8835459002579574e-20 4.8480973243719065e-20
6 38 -2.2851511961769315e-19 4.6027955697459272e-19
6 39 1.1244111593520716e-18 -4.8491282673804111e-19
6 40 2.7309501986780022e-18 1.7114129032339809e-18
6 41 6.5773508849439954e-18 1.8670155381372350e-18
6 42 5.8435689877567462e-17 -2.3142965170690029e-17
6 43 6.5144152849422932e-17 -3.8022674857946882e-17
6 44 3.0533630098693823e-16 -5.9000707282636914e-17
6 45 9.5409265060825594e-16 -6.4454050470767529e-16
6 46 2.9375794388429280e-15 -5.0322326849139890e-16
6 47 4.5654988973892450e-15 -4.8118240338035242e-16
6 48 1.2789872949112384e-14 -3.6958407000423330e-15
6 49 3.0229651676989032e-14 -1.2321303688373355e-14
6 50 4.9311298033272714e-14 -1.4064582022004931e-13
6 51 1.2374832211369739e-13 -2.5687996753233086e-13
6 52 1.0767329877983134e-12 -2.2641598518837824e-13
6 53 1.8199954483714326e-12 -6.1586373465280162e-13
6 54 5.8292508316198987e-12 -4.7975873821769444e-13
6 55 1.4883683509191872e-11 -1.1791795870701015e-11
6 56 3.8590126567369865e-11 -2.1819814819834400e-11
6 57 9.2514432279529440e-11 -7.5750553504941729e-11
6 58 4.4768705715995577e-10 -1.2027543506319707e-10
6 59 1.5274647152767139e-09 -1.8484368814357841e-10
6 60 2.2137410150671496e-09 -4.8908716125728659e-10
6 61 1.2496966046961712e-08 -2.9228555231499533e-09
6 62 1.8289840690262742e-08 -2.2242116351495326e-08
6 63 9.9307427265491880e-08 3.9644941870434184e-08
6 64 2.3906561267267354e-07 -1.5854632249310796e-07
6 65 9.8357201037078708e-07 -3.7451509258450232e-07
6 66 1.9102601453446457e-06 2.3280027033881855e-07
6 67 4.8313617436110130e-06 -4.5762064283897084e-06
6 68 1.9186697071260518e-05 -3.4604708836818011e-06
6 69 4.5053555411663822e-05 -2.5862709058074798e-06
6 70 1.7688382904127223e-04 -1.6731174726682243e-05
6 71 7.8690757196174692e-05 1.0260547303450645e-04
7 0 2.5554894366365473e-04 -8.3688925923736611e-05
7 1 8.4490995888299573e-05 -4.8783834114847203e-07
7 2 2.4987131349592905e-05 -6.4078589168207967e-06
7 3 4.6989517110484343e-06 5.4652192174958501e-06
7 4 5.7064733763720163e-06 1.2426387696442688e-06
7 5 4.3525655673185833e-06 -5.5362398741894796e-07
7 6 4.7552055965957553e-07 1.6222526968929109e-07
7 7 4.9717829092140720e-07 -1.1548836623560580e-07
7 8 1.4336828102612073e-07 5.2014779981368176e-08
7 9 5.6626125797590844e-08 -5.4516698188574866e-09
7 10 2.2841978380303976e-08 -8.6187234663672702e-09
7 11 1.0643818727974417e-08 6.9445652242408437e-09
7 12 2.6032171573541666e-09 -1.2336556724181393e-09
7 13 1.3395066361701140e-09 9.2466488965055244e-10
7 14 4.7840248149237156e-10 -1.3292261398313049e-10
7 15 1.1855170448222574e-10 6.4975327075425820e-11
7 16 6.0551488185357830e-11 3.0349272725714862e-11
7 17 9.8292227912147962e-12 8.8013550646226662e-12
7 18 2.0622651635274087e-12 2.3675709355392535e-12
7 19 2.0736068209606411e-12 -3.1589811795493476e-13
7 20 4.0760658043650469e-13 1.1780001382488951e-13
7 21 2.8431434544150005e-13 -2.0413986116259929e-14
7 22 2.7928920749236485e-14 -1.1402812388505273e-16
7 23 1.2392918832742176e-14 -2.2166854927035992e-14
7 24 4.8809218291059123e-15 -4.7817299501317553e-15
7 25 2.5859892684350575e-15 -1.7939252466524273e-15
7 26 3.5001050007103623e-16 -1.4762143052496384e-16
7 27 4.3718774547554707e-16 -6.9981083280862474e-16
7 28 5.6862871932298642e-17 -4.6428495413517666e-17
7 29 5.1183068708869362e-17 -6.5462350378543636e-17
7 30 3.1586297022583254e-17 1.1740266655628827e-17
7 31 8.1640257678718148e-18 -8.2276225051449745e-20
7 32 2.7471928979605486e-18 1.9197380597751996e-18
7 33 1.5610347159500834e-18 -4.4569994454482678e-19
7 34 8.6029707795956191e-19 -2.2602704688086759e-19
7 35 2.8799050876836166e-19 -1.2080613144122670e-19
7 36 5.9567142977267857e-20 1.8007706577429436e-20
7 37 3.0128954730984769e-20 1.9378722260477920e-20
7 38 -3.6481654693383866e-19 3.6520724263169543e-19
7 39 1.0101195697624797e-18 -7.1214995492284814e-19
7 40 5.4314126960489757e-19 1.0090446903350569e-18
7 41 -3.5455046119098650e-19 3.7293628554920166e-18
7 42 3.7716197672597411e-17 -1.1425909594314115e-17
7 43 1.8249487488493210e-17 -1.8302699881273368e-17
7 44 2.1999061825155468e-16 -5.2372598262745593e-17
7 45 5.1172792263783147e-16 -3.4662373437156650e-16
7 46 2.3872070333704770e-15 1.0590079108915088e-16
7 47 3.8231924883632691e-15 1.6102538383540453e-15
7 48 1.0873779784544047e-14 4.4634889887015776e-16
7 49 6.3808395217745795e-15 -6.2402152902986197e-16
7 50 -8.5708442217573213e-15 -9.7932557112642615e-14
7 51 2.3832391661287219e-14 -1.8960864492778583e-13
7 52 6.3413998850672824e-13 -3.0467077440527569e-14
7 53 9.3832427837212599e-13 -3.1771379701609239e-13
7 54 2.8704679855677211e-12 5.3249156328005513e-13
7 55 6.1909318967727920e-12 -7.9288267365313929e-12
7 56 2.0130940194431238e-11 -5.6063467299077102e-12
7 57 3.7543776193182309e-11 -5.4525838707655540e-11
7 58 2.6923457493875655e-10 -5.8929659485196580e-11
7 59 8.3449777743004434e-10 -1.2124438606153818e-10
7 60 3.0277236322755225e-10 1.5601354000242670e-10
7 61 5.0347847265293913e-09 3.2888225742054189e-10
7 62 8.2584462820717389e-09 -1.8078021978697530e-08
7 63 4.0985074567517087e-08 2.5943198929977252e-08
7 64 8.6195256428624692e-08 -9.7213877704713959e-08
7 65 5.3751374579716762e-07 -2.9911354064265720e-07
7 66 1.1054420871606281e-06 -6.5112203676873692e-09
7 67 1.3753519240306500e-06 -3.3881191054222789e-06
7 68 9.2396114312076943e-06 1.5175386637267492e-06
7 69 1.7514488445030159e-05 -6.0854451905868744e-06
7 70 9.3273063567721223e-05 -1.6895934809211332e-05
7 71 6.7991163700705999e-06 5.7378419443771089e-05
8 0 9.0671724207607037e-05 -5.7590738975379989e-05
8 1 3.0383583976468362e-05 9.9877730602121830e-06
8 2 9.9457591031540305e-06 -2.7561230601852850e-06
8 3 -4.7393911445717950e-07 1.7469723217863399e-06
8 4 3.0003791756579486e-06 8.8446769404876208e-07
8 5 2.2802265993135998e-06 -1.3407559858601478e-07
8 6 1.9167611515289100e-07 2.6572452449768069e-07
8 7 3.1391525194712156e-07 -6.6421916216834767e-08
8 8 3.9140567133707549e-08 2.1746835249885373e-08
8 9 2.6922181841897409e-08 -5.2754235315726190e-09
8 10 1.2409182291833721e-08 -1.0852920234429678e-08
8 11 6.2141593398780925e-09 5.2475947600335957e-09
8 12 1.0489131032349909e-09 -6.7815896118091673e-10
8 13 8.3993163840239255e-10 7.1444388024609583e-10
8 14 3.0439593456588263e-10 -1.3642514751000807e-10
8 15 5.1211773178001971e-11 6.0604302222756254e-11
8 16 4.2508551222485995e-11 2.7836958483887077e-11
8 17 2.0106414778972543e-12 8.7933755712489691e-12
8 18 1.7659132705512370e-12 1.4332535979235099e-12
8 19 1.8743999153487035e-12 -5.3736646534442153e-13
8 20 9.2794918216061870e-14 2.6800322986248966e-13
8 21 1.8806596838807543e-13 -1.2456167923565238e-14
8 22 1.9768428432935324e-15 -1.9059649665791987e-14
8 23 6.0320457439843154e-15 -1.6119065770024045e-14
8 24 1.9400808886955842e-15 -2.5912607876315557e-15
8 25 2.0194143762798162e-15 -3.6080919154617407e-16
8 26 5.3271010271559627e-17 -2.2373098991108541e-17
8 27 1.7524325606596861e-16 -5.2060998384989266e-16
8 28 4.7207263295149477e-17 6.7949260033460679e-17
8 29 3.8529782391159403e-17 -5.5073761633505790e-17
8 30 2.0026455394850037e-17 1.0849246537091239e-17
8 31 2.8318898416850285e-18 -1.2507469526565216e-18
8 32 8.5786754957934759e-19 2.4767957772356731e-18
8 33 7.5458345181420575e-19 -3.7068071011452148e-19
8 34 7.0260798480068391e-19 -2.4913887600232899e-19
8 35 1.7846557063379648e-19 -7.2692715794108779e-20
8 36 3.0416252774819110e-20 2.1565929519184079e-20
8 37 -1.3247956210098358e-20 -2.7385635334669391e-20
8 38 -3.7759630476854297e-19 4.0842560695474934e-19
8 39 9.9754886017143096e-19 -1.1173096086275948e-18
8 40 -8.9344432930695067e-19 -1.1438672300034849e-19
8 41 -4.2914726242368521e-18 4.9110908504619562e-19
8 42 2.0138973713392782e-17 -3.1462189875156408e-18
8 43 -1.5989853724693401e-18 -7.1067800843412058e-19
8 44 1.8958611654229037e-16 -6.2413415263044894e-17
8 45 2.9635385488048606e-16 -5.8324037416578925e-17
8 46 2.0627592565532274e-15 3.6665717355436441e-16
8 47 2.8767707479952838e-15 2.4622948231386243e-15
8 48 9.3257530356230534e-15 1.6776682774991611e-15
8 49 -1.5506461892076013e-14 3.1234394491093538e-15
8 50 -4.6656145989323910e-14 -6.7144411479340878e-14
8 51 3.2441274037182734e-14 -1.5041470186945547e-13
8 52 3.3259419143976568e-13 1.2815487072455936e-13
8 53 2.2490155294815803e-13 1.6709985528814367e-14
8 54 1.5934365997206260e-12 9.9693457794799344e-13
8 55 1.3336353241617271e-12 -3.7126980615531244e-12
8 56 5.1879610637642727e-12 3.1129872837398418e-12
8 57 6.2789368009465249e-12 -3.9871088643158590e-11
8 58 1.7720843331143321e-10 -3.5184928306480327e-11
8 59 4.7279909089935475e-10 -8.7520341720876667e-11
8 60 -6.9919203453085749e-10 5.1051419079898924e-10
8 61 1.7599074392201866e-09 1.3207566855351159e-09
8 62 2.0286596847871847e-09 -1.3141720340254577e-08
8 63 1.2150464554608138e-08 1.3541197283053270e-08
8 64 2.5751229655539048e-08 -5.0973861893405244e-08
8 65 2.7207251412958343e-07 -2.2793848680449175e-07
8 66 5.8534757791974081e-07 -2.9258176579176568e-07
8 67 2.5030628343649300e-07 -1.9329802406007237e-06
8 68 4.7708033489520371e-06 3.9449121511152480e-06
8 69 5.9333694479292998e-06 -5.7864338401852860e-06
8 70 4.1095622701824226e-05 -1.1777571188020960e-05
8 71 -7.6062365781776538e-06 3.1171089399425027e-05
9 0 3.3723189773478808e-05 -2.7007586149713751e-05
9 1 1.4223721617395036e-05 1.1817417688819393e-05
9 2 6.9204526300702499e-06 1.2865049837989916e-06
9 3 -2.2455575011544510e-06 4.5381136590294987e-07
9 4 1.5580071546670231e-06 1.7328422976140825e-07
9 5 1.0598950197556513e-06 1.0785763066038881e-07
9 6 6.6323459290493101e-08 1.6416176000257150e-07
9 7 1.9053587189651988e-07 -1.6395304087598519e-08
9 8 6.5702659336041022e-09 2.2619422675785002e-08
9 9 1.3407447718872888e-08 -1.3353093827212891e-09
9 10 5.9465533874141196e-09 -6.8956955743448998e-09
9 11 3.7653391215822521e-09 4.3069947711091505e-09
9 12 1.8959870089606883e-10 -2.5143778403871647e-10
9 13 4.5023401953058723e-10 5.7451478556719416e-10
9 14 1.7308593941186001e-10 -1.6684997909023451e-10
9 15 1.0275379178610344e-11 4.7929814966175505e-11
9 16 3.0318206746233122e-11 2.0616735554960172e-11
9 17 -1.9568679381949068e-12 7.5246152016295349e-12
9 18 2.2537245889972668e-12 1.6830611712494712e-12
9 19 1.5260949830043203e-12 -4.3823789784766535e-13
9 20 -2.3675054235390857e-14 3.7783950115741424e-13
9 21 9.6727452298717807e-14 -2.4197655271425628e-14
9 22 -7.8738845975857701e-15 -3.5058365685760491e-14
9 23 2.3707391631544525e-15 -1.1124414527494887e-14
9 24 2.6814916558434101e-16 -4.2487566496420534e-16
9 25 1.5357558708963100e-15 8.3762071462680101e-16
9 26 -2.5824401165385847e-16 5.9282835733043751e-17
9 27 7.2703566133706965e-17 -3.1784823816989432e-16
9 28 3.2885014316297471e-17 1.0812645115216157e-16
9 29 1.4403555272117617e-17 -4.6386900866482406e-17
9 30 1.4374209386170948e-17 1.5691488588314705e-18
9 31 -1.0706882454474517e-18 -2.1969334206085216e-18
9 32 -1.5774360854153899e-19 1.9825444132638428e-18
9 33 1.5337294280612074e-19 -1.0084747891680527e-19
9 34 4.8455042391198428e-19 -3.0395370396447162e-19
9 35 7.1999581333420196e-20 -5.2922284071172343e-20
9 36 5.9355694584899179e-21 9.5407885661360297e-21
9 37 -5.4710815733535209e-20 -5.4500048736129484e-20
9 38 -3.1750621870524403e-19 4.4221415398032653e-19
9 39 9.3134000456294551e-19 -1.5967506397318579e-18
9 40 -2.1534810483449656e-18 -1.1138653723715554e-18
9 41 -4.5942540320637734e-18 -3.2029576851550443e-18
9 42 1.5118762848858797e-17 1.4997591301881306e-18
9 43 -1.3279363314216977e-17 3.0517548318794317e-17
9 44 1.7583438156909637e-16 -2.0692664666622554e-17
9 45 2.5440368120966814e-16 1.5909917601859220e-16
9 46 1.9939719034762797e-15 4.1248008891326998e-16
9 47 1.4063728983987408e-15 2.3908697781996161e-15
9 48 8.4842513683045868e-15 1.0731157246369374e-16
9 49 -2.5029172318620534e-14 -6.9304794077209570e-16
9 50 -7.8193545585476615e-14 -3.9873315952908444e-14
9 51 5.3263344796634027e-14 -1.4601676751405648e-13
9 52 1.4594856417726626e-13 2.0083260849555886e-13
9 53 -4.7837608696205340e-13 2.3058237718017543e-13
9 54 8.2038804738193296e-13 1.2850290489480964e-12
9 55 -1.2789631530286487e-12 -2.6656001096094318e-12
9 56 -1.3923040778276208e-13 4.9440200009558752e-12
9 57 -4.6503774303827441e-12 -3.7108842130108084e-11
9 58 1.4330120235245475e-10 -4.6487087040399415e-11
9 59 1.5460289060651061e-10 4.6090137619738490e-12
9 60 -1.2723177356282585e-09 5.6794266707328001e-10
9 61 8.7832799419825361e-10 7.3427719864190862e-10
9 62 -2.9233297662334261e-09 -1.0226523544139462e-08
9 63 -4.0705130338009316e-09 5.6111823568162131e-09
9 64 -2.8433909412759560e-09 -2.5780652613132703e-08
9 65 1.4546522017469341e-07 -1.9594651079124293e-07
9 66 1.3939288687716246e-07 -4.5546736138650902e-07
9 67 -1.8298932893510417e-07 -8.6590090075343446e-07
9 68 2.0501040973121045e-06 4.0520984825460007e-06
9 69 4.3717557832188704e-06 -4.8801378517934626e-07
9 70 1.1722008218057596e-05 -6.5093336961600222e-06
9 71 -1.8062366599502627e-05 7.3865584740087275e-06
10 0 6.2438644210831660e-06 2.9976416412504219e-05
10 1 1.5149489227758841e-05 1.1432811114443360e-05
10 2 8.3213523153375473e-06 2.3180430138774081e-06
10 3 -1.8087609778995722e-06 2.6006409098674259e-07
10 4 1.0495404202223882e-06 -1.5934213240800661e-08
10 5 6.2749191056489158e-07 3.7068330486753348e-07
10 6 3.1450547032490363e-08 4.3925692410392453e-08
10 7 1.0474050300317081e-07 -1.2752719281584366e-09
10 8 6.8466554027296904e-09 2.7874428014199782e-08
10 9 3.4112521704012249e-09 3.1181611234848573e-09
10 10 9.3589942105756814e-10 -9.8855378719895054e-10
10 11 2.2097008788992870e-09 4.3210185834706852e-09
10 12 -2.5534389224093054e-10 -1.7873659788549195e-10
10 13 1.3132537536102008e-10 4.4186026457273361e-10
10 14 7.4329531283949350e-11 -1.6822102650084814e-10
10 15 -1.2358952726023961e-11 3.1602809283065198e-11
10 16 1.8385973249199151e-11 1.5212897760431238e-11
10 17 -2.6105327840607597e-12 6.0139512960140285e-12
10 18 2.3770250849122596e-12 1.9630030548765187e-12
10 19 9.7146656945527178e-13 -1.1040728439850755e-13
10 20 -1.9825700712106456e-14 3.3122048714885159e-13
10 21 2.2813918923819779e-14 -2.2221407512407246e-14
10 22 -2.0428371301561352e-14 -4.2138835561615025e-14
10 23 -3.5954641781309971e-15 -1.3167375342397350e-14
10 24 -2.8865033631632575e-16 3.1885883131656739e-15
10 25 6.5965696238278080e-16 9.5021897338348524e-16
10 26 -1.2788879346885891e-16 4.1443347826405461e-16
10 27 1.7922489322448020e-16 -1.9852397159419761e-16
10 28 7.2205327254225501e-18 6.7663581985108917e-17
10 29 -1.7774371537306971e-17 -2.8113057227510582e-17
10 30 1.1474353195938323e-17 -4.9511299677336836e-18
10 31 -2.0887170450755480e-18 -2.5602325919065290e-18
10 32 -6.4077048149931198e-19 8.8234795447321262e-19
10 33 -1.2216339353662960e-19 1.2780367902487598e-19
10 34 2.5408702542216380e-19 -2.7612690130283128e-19
10 35 -2.5319292238139421e-20 -4.3450627150009666e-21
10 36 -2.1464232229414400e-21 -8.4699397768050468e-21
10 37 -7.2666561848845766e-20 -3.6831189750739150e-20
10 38 -3.7847917231281321e-19 3.4002031699667782e-19
10 39 8.7302049953937255e-19 -1.6587077128507400e-18
10 40 -3.3084007694677344e-18 -1.4930970289727195e-18
10 41 -3.8745057800954221e-18 -1.8990143216271296e-18
10 42 1.7570428964996088e-17 1.1854575326147761e-18
10 43 -2.4710517002807976e-17 5.6035158266670116e-17
10 44 1.3483760067417389e-16 3.8907772600995829e-17
10 45 2.2061370431035775e-16 2.0335164898154043e-16
10 46 1.7396668490113079e-15 5.4137831245374824e-16
10 47 -2.9944831928454464e-18 1.6931699239019864e-15
10 48 9.2520479382362227e-15 -9.6459013584099370e-16
10 49 -2.0673415841259094e-14 -6.4205737645268091e-15
10 50 -8.6517498379886788e-14 -1.9579178718176138e-14
10 51 6.7224032484501678e-14 -1.7115618279023347e-13
10 52 5.3257271265795434e-14 2.7883561784078835e-13
10 53 -9.4228620915622905e-13 3.1669520380970977e-13
10 54 2.4588262223476779e-13 1.7860703815230563e-12
10 55 -5.3747328492045359e-12 -3.7009386582909377e-12
10 56 -8.4028901256784141e-13 3.4456026314374027e-12
10 57 -2.1528474432875426e-12 -2.7477489853761547e-11
10 58 1.4703229615959549e-10 -5.0356707998858188e-11
10 59 2.2331620486798311e-11 1.9351688739110013e-12
10 60 -1.3551694970159119e-09 5.1196963636962598e-10
10 61 5.5844564619432897e-10 3.8096694900859621e-10
10 62 -6.2260912358268714e-09 -6.5318813752805896e-09
10 63 -1.2802556797700259e-08 1.0087668042062294e-09
10 64 -1.3513463748811303e-08 -3.9206790850332383e-09
10 65 4.4369252421674157e-08 -1.7843396497768944e-07
10 66 -8.2987099973394833e-08 -4.0926428733415004e-07
10 67 -4.5186791227084295e-07 -4.3788110639672984e-07
10 68 1.2174112076583704e-06 3.0364228342700967e-06
10 69 2.9617341360213767e-06 1.6622419994570970e-06
10 70 1.2993361839217134e-06 -2.3748314408709873e-06
10 71 -1.6235787649590298e-05 -2.7873579399162082e-06
