0 0 1.1632582004518088e+00 -1.5923315151914083e-19
0 1 1.5899417138342320e-01 4.0524352212230318e-20
0 2 6.6792772042638213e-02 6.3083371345923429e-21
0 3 4.3159090818381221e-02 -2.2331095907932197e-21
0 4 3.2299487097856551e-02 -2.6032778798477267e-22
0 5 2.7268744041290378e-02 -1.9621051628714997e-21
0 6 2.3438578845014220e-02 4.9566862522908980e-22
0 7 1.8866329426336315e-02 1.0034698171208182e-21
0 8 1.4799854242632922e-02 -9.4206441532616452e-22
0 9 1.1442865343010892e-02 2.5386313552252457e-22
0 10 8.5568580034690069e-03 1.8045114822748121e-22
0 11 6.7101015067619584e-03 1.8550196915672847e-22
0 12 5.4243075475906202e-03 -3.1345097177037244e-23
0 13 4.4562053153986043e-03 9.2059687317044707e-23
0 14 3.5444740617281744e-03 -3.1326143092254889e-23
0 15 2.7404629587138166e-03 -3.6663879328358206e-23
0 16 2.2053743702849533e-03 -1.1769572437739719e-22
0 17 1.8660592366359845e-03 1.9864079759759299e-23
0 18 1.5510799600792606e-03 6.0420736946345528e-23
0 19 1.3171561899025560e-03 5.9311285143711932e-24
0 20 1.1836375113576450e-03 -1.0153251151699946e-23
0 21 1.1198515771406769e-03 -3.3845743349313097e-23
0 22 9.7770928089540329e-04 -1.9597569700522942e-23
0 23 8.1756509742069881e-04 6.2589953558274467e-24
0 24 6.8547323207203089e-04 7.3329163132534770e-25
0 25 6.0819820784985246e-04 -1.9351763116408774e-23
0 26 5.3658265455230848e-04 9.1638250978945291e-24
0 27 4.8950185025076014e-04 -9.0640831866108091e-24
0 28 4.5012816692393913e-04 3.5019885721323803e-24
0 29 4.0525277239995144e-04 1.0935865575111282e-23
0 30 3.6996231880815061e-04 -5.1188841059216502e-24
0 31 3.6731253053155202e-04 1.4223295120710417e-23
0 32 3.7249642157488388e-04 -2.0780119118998952e-24
0 33 3.3750675379375398e-04 -3.8137595234373963e-24
0 34 2.8443344255385132e-04 -1.6134931569075087e-23
0 35 2.5479901560404090e-04 1.4721074789983122e-24
0 36 2.3254081275916866e-04 -8.7652278669421545e-24
0 37 2.1106624920697509e-04 3.6259816143797959e-24
0 38 2.0174684158891796e-04 -1.4390722215183185e-24
0 39 2.1629574002535851e-04 5.7304071368818989e-24
0 40 2.4460770552423700e-04 5.2605009801438030e-24
0 41 2.7650607303563948e-04 -1.0237167601654088e-25
0 42 3.1371729836833956e-04 9.8975202891587368e-25
0 43 3.4484717588888897e-04 -1.1310065368162703e-23
0 44 3.8645262855786008e-04 2.2474927555491917e-23
0 45 4.4353373809635961e-04 -1.1291819349375128e-23
0 46 4.9230670183508763e-04 -6.4516118554185180e-24
0 47 5.7352114942992992e-04 7.2817032558678442e-24
0 48 6.6129743097836664e-04 -7.9098186002889511e-25
0 49 7.6906358741021732e-04 3.1335353527980106e-25
0 50 8.9763952538403976e-04 -2.2379728676161250e-23
0 51 1.0670559191078885e-03 -5.9187934900674736e-24
0 52 1.3014196232930340e-03 -3.0440861987049988e-23
0 53 1.5877665477971102e-03 3.9155558800231205e-23
0 54 1.9481838654152759e-03 3.3169908759339910e-23
0 55 2.3885591800699695e-03 -7.7435312055381896e-23
0 56 2.9983687083747265e-03 -6.7162296483727123e-23
0 57 3.8197635956450570e-03 -1.0432150983474178e-22
0 58 4.8254046173612100e-03 -2.6292394107928241e-22
0 59 6.2217862582897940e-03 -4.4714531227220691e-23
0 60 8.2809724416213863e-03 3.3320114414833900e-23
0 61 1.0394574489634476e-02 6.1589748571513594e-22
0 62 1.0989706774141185e-02 -1.2257585761598049e-22
0 63 1.1457053677586825e-02 -4.6015589207829332e-22
0 64 1.2847191210884540e-02 3.6759392568643534e-22
0 65 1.5837369522977866e-02 -6.1593847690181547e-22
0 66 1.9946170704228425e-02 6.7956038453122118e-22
0 67 2.6050182353229246e-02 9.8457711966331050e-22
0 68 3.3840425826311374e-02 -1.5179415940905308e-21
0 69 4.7550384609493651e-02 6.6890525900232875e-21
0 70 7.2233803595414592e-02 1.2557235505366789e-21
0 71 1.6437563823245721e-01 -1.2251387297688967e-19
1 0 3.4144016028178714e-01 1.2827540631440636e-03
1 1 9.7797924669753442e-02 -2.0452913884105341e-04
1 2 4.8026843195809785e-02 3.5310373405014869e-04
1 3 3.2311962918940451e-02 8.2819015252802338e-05
1 4 2.4420565690304132e-02 -1.2888127238731064e-04
1 5 2.0725709079162491e-02 6.3272627493030748e-05
1 6 1.7836512942604327e-02 -1.0282073678759260e-04
1 7 1.4372493507903570e-02 -7.5559222481694652e-06
1 8 1.1312367167096198e-02 4.0355566018638754e-05
1 9 8.7620184866113223e-03 -1.7261079197263023e-06
1 10 6.5500768314440327e-03 -1.2806765202376981e-05
1 11 5.1193381980237209e-03 1.1049147452623725e-05
1 12 4.1314807773539918e-03 1.0162026883923549e-05
1 13 3.3993308724333889e-03 2.8588674351501592e-05
1 14 2.7076286532808067e-03 1.7052093221823644e-05
1 15 2.0882924517225850e-03 7.6288551593096071e-06
1 16 1.6818074165468244e-03 9.1128143207235759e-06
1 17 1.4224303461302682e-03 2.0499727525966315e-06
1 18 1.1834963494684705e-03 5.7453341914760180e-07
1 19 1.0081673870533385e-03 2.2096204992331934e-07
1 20 9.0031105339196944e-04 3.1894632235623136e-06
1 21 8.5351186326683458e-04 -1.5729683877254856e-06
1 22 7.4578696516290751e-04 1.8487292629797583e-07
1 23 6.2429729620810113e-04 9.1009383832216503e-07
1 24 5.2347391475736078e-04 2.6369361534041256e-06
1 25 4.6430213514414781e-04 2.3689979745106264e-06
1 26 4.1093909807869906e-04 1.0266635364048620e-06
1 27 3.7480765265000924e-04 7.6600793739769726e-07
1 28 3.4387770664001812e-04 5.7616582748336190e-07
1 29 3.0892259891598608e-04 2.1256335332131601e-06
1 30 2.8038587406889150e-04 1.5952255567028827e-06
1 31 2.7958264389531056e-04 -1.4884888018362353e-06
1 32 2.8300120266415343e-04 -3.1430312095837639e-06
1 33 2.5724066413131992e-04 -9.9922510931991103e-07
1 34 2.1790634027601084e-04 4.2194931726719874e-08
1 35 1.9485147115898879e-04 3.4520379216883822e-07
1 36 1.7778341093027648e-04 1.5241024391272775e-06
1 37 1.6105438563777843e-04 8.5558428220205766e-07
1 38 1.5382482074552387e-04 6.2107099647156738e-07
1 39 1.6485460475854200e-04 -8.0074244130126976e-08
1 40 1.8664841216406894e-04 -4.9150399356819421e-07
1 41 2.1121671095593564e-04 -9.6922509443125835e-08
1 42 2.3928475710964576e-04 1.0566046978380069e-06
1 43 2.6472884347891138e-04 -1.1322447537706808e-07
1 44 2.9610552460194805e-04 -4.6791080028922787e-07
1 45 3.3910656379825682e-04 -6.3917828538688914e-07
1 46 3.7557511404173716e-04 -2.8288786824638735e-06
1 47 4.3691327192771541e-04 -2.3117437942337274e-06
1 48 5.0381709933384599e-04 2.1309808011139066e-06
1 49 5.8659527417390393e-04 -2.0589267749661425e-06
1 50 6.8466128498467945e-04 -7.6829931108870876e-07
1 51 8.1193176309885266e-04 -2.2526142125074656e-06
1 52 9.9197458919319235e-04 7.5820933188240321e-07
1 53 1.2108388051775931e-03 4.4906872130096851e-06
1 54 1.4845677487240515e-03 8.1789646633595572e-06
1 55 1.8219812375086827e-03 8.7424477502266391e-06
1 56 2.2809006735379465e-03 5.6825507578706105e-06
1 57 2.9108622016756789e-03 2.7314792297873166e-05
1 58 3.6791233042974686e-03 2.5071912179962730e-05
1 59 4.7481904878201855e-03 1.5217962390780881e-05
1 60 6.3211542979443331e-03 3.4190749278251921e-05
1 61 7.9765034301883496e-03 -1.0305774051854939e-04
1 62 8.4222246617536613e-03 -3.9738474798755289e-05
1 63 8.7120656425979694e-03 1.5596069436659087e-05
1 64 9.7786293877455029e-03 -1.7165988680965611e-05
1 65 1.2079159284455181e-02 -6.0104395397750124e-05
1 66 1.5097661285818083e-02 -5.1349427706478977e-05
1 67 1.9787274288058966e-02 -2.0779676134615136e-05
1 68 2.5569057705608463e-02 -2.1340692732826417e-04
1 69 3.5670407890387792e-02 1.4094150741063473e-04
1 70 5.2209320402072865e-02 4.0977609890460124e-04
1 71 1.0086586389590699e-01 2.8772016338788568e-04
2 0 1.0773263111398737e-01 9.3013225135221917e-04
2 1 4.9510004052457965e-02 -5.9028417797621054e-04
2 2 2.6971262964034827e-02 4.4406826892441013e-04
2 3 1.9169935996711213e-02 2.6581703520410472e-04
2 4 1.4875825903735693e-02 -1.7557894207938398e-04
2 5 1.2729809570258717e-02 6.7746605750804631e-05
2 6 1.0976018530973341e-02 -1.3656263804926464e-04
2 7 8.8232851803656497e-03 -1.6354102138366829e-05
2 8 6.9870125604325397e-03 7.6243639377533999e-05
2 9 5.4282729013647446e-03 9.7644845559808500e-06
2 10 4.0804947196631455e-03 -5.4994464301211514e-06
2 11 3.1723538134919623e-03 1.4526926301032585e-05
2 12 2.5461351731239359e-03 4.0076491777495187e-06
2 13 2.1068582356462929e-03 4.0266307152997857e-05
2 14 1.6750769890824040e-03 2.3024040810909016e-05
2 15 1.2930842481559371e-03 7.8158622986481168e-06
2 16 1.0399018292268766e-03 1.5890393017453924e-05
2 17 8.8157555764737457e-04 2.9039157374201504e-06
2 18 7.3304100939171443e-04 1.7075374521869949e-06
2 19 6.2677324706005911e-04 2.8330180872674558e-07
2 20 5.5323575556726848e-04 6.0709982328033933e-06
2 21 5.2607931441595002e-04 -2.7679294720027664e-06
2 22 4.6204211716504109e-04 3.9934300216175302e-07
2 23 3.8742311716203124e-04 1.7155372930244509e-06
2 24 3.2418677617002199e-04 3.7263178389623030e-06
2 25 2.8680646556111550e-04 3.6659599274826476e-06
2 26 2.5587495566335423e-04 1.6956861571945823e-06
2 27 2.3243278522789982e-04 1.2104243169978177e-06
2 28 2.1350508139141380e-04 -6.5977074581269750e-07
2 29 1.9023235963776667e-04 2.5901667529401069e-06
2 30 1.7002388444355035e-04 2.3897957221979998e-06
2 31 1.7077751713581528e-04 -1.8042944375842334e-06
2 32 1.7280591138295277e-04 -4.4296578834100867e-06
2 33 1.5763788222234262e-04 -1.5535987541997894e-06
2 34 1.3571960411688035e-04 8.3906122422978362e-07
2 35 1.2042477025758051e-04 4.8517502249901194e-07
2 36 1.1022570983921727e-04 2.0993383598255123e-06
2 37 9.9183043259675954e-05 1.0624870547765139e-06
2 38 9.4626675492226632e-05 8.1401790960176378e-07
2 39 1.0139475862549289e-04 -2.9917021864500404e-07
2 40 1.1490569977281288e-04 -5.4352750400354059e-07
2 41 1.3050685611152755e-04 -3.1730718743110678e-07
2 42 1.4781249476158846e-04 6.6691347154112930e-07
2 43 1.6599587356325136e-04 -1.7773160280156123e-07
2 44 1.8465192011778302e-04 1.9808218173578031e-07
2 45 2.1002847395360717e-04 7.8899189984063312e-09
2 46 2.3297926121735853e-04 -3.8908497630684346e-06
2 47 2.6874907636007200e-04 -2.9205170619213128e-06
2 48 3.1033717223340803e-04 3.0750450724470041e-06
2 49 3.6358250475534266e-04 -2.2051636981233918e-06
2 50 4.2366400171126722e-04 -1.8272329805342328e-07
2 51 4.9774406433993577e-04 -2.6712459596161295e-06
2 52 6.1033300044186726e-04 1.8615758641585870e-06
2 53 7.4764131851696265e-04 6.7750870160054363e-06
2 54 9.1599198368999676e-04 1.2148809023391990e-05
2 55 1.1232011937096216e-03 1.3321796580601367e-05
2 56 1.4056193790220148e-03 1.3495231260210472e-05
2 57 1.8002159322238205e-03 3.6521197734901910e-05
2 58 2.2676595094430945e-03 2.8830150715507555e-05
2 59 2.9305899469564468e-03 1.5507041356716529e-05
2 60 3.9190337647455609e-03 4.4599043631156147e-05
2 61 4.9939655946051433e-03 -1.2445522829062288e-04
2 62 5.2528548363498413e-03 -3.4112322733611274e-05
2 63 5.3344300695631151e-03 1.8375632968830737e-05
2 64 6.0148882534973996e-03 -4.9545715600401236e-05
2 65 7.4576886113545985e-03 -7.1222302574113541e-05
2 66 9.1890312850190191e-03 -6.2514220797472446e-05
2 67 1.2111047699640519e-02 -3.8237490008358054e-05
2 68 1.5412223825923017e-02 -3.7040322796133676e-04
2 69 2.1269942746361910e-02 3.0134949482390865e-04
2 70 2.9955158451334302e-02 5.1252043005850533e-04
2 71 5.0731091914585510e-02 5.5499173586572503e-04
3 0 3.6155264483194866e-02 1.2259325349045014e-04
3 1 2.3408883340597125e-02 -3.3779843728484402e-04
3 2 1.4024555476467658e-02 3.8587357066655975e-04
3 3 1.0419812790599821e-02 3.9099201018069608e-04
3 4 8.3388443882846941e-03 -1.7037158258540844e-04
3 5 7.1792972443721886e-03 1.2283244000121178e-05
3 6 6.2157489333527719e-03 -1.6294465204927513e-04
3 7 5.0046698545312849e-03 -3.0360406970439350e-05
3 8 3.9539363990782530e-03 8.1632926054987231e-05
3 9 3.1055355090744852e-03 1.4559597829466138e-05
3 10 2.3421418636311768e-03 1.2452625656196548e-07
3 11 1.8227891073981004e-03 9.7280688224472908e-06
3 12 1.4485880374938585e-03 -1.5120220649374085e-05
3 13 1.2060810428784347e-03 3.7788531986593589e-05
3 14 9.5913198841822661e-04 2.3521270781587935e-05
3 15 7.4560077829061123e-04 8.9264649885612614e-06
3 16 5.9450526582964709e-04 1.7025988997743365e-05
3 17 5.0694322456339971e-04 1.5079796095670736e-06
3 18 4.2222255543036661e-04 1.6125657253825159e-06
3 19 3.5991301665088001e-04 4.9452185089414137e-07
3 20 3.1430660410715122e-04 6.7117184132142115e-06
3 21 2.9979100676630257e-04 -3.5895924938791110e-06
3 22 2.6467886322342955e-04 -5.8293230601518311e-07
3 23 2.2412301332700742e-04 9.6141378018073823e-07
3 24 1.8517792548856788e-04 3.9660229218501088e-06
3 25 1.6381403903472844e-04 4.4116268633898723e-06
3 26 1.4663306273217131e-04 1.9102038776330444e-06
3 27 1.3323634815967552e-04 8.3296502581401685e-07
3 28 1.2402055397495545e-04 -1.4810899501536893e-06
3 29 1.0855156909130817e-04 1.7678596185454919e-06
3 30 9.4891102333008478e-05 2.2971012275463997e-06
3 31 9.5898955334472374e-05 -1.0714189172417440e-06
3 32 9.7766163703324820e-05 -3.9268269428711073e-06
3 33 8.8938683736835942e-05 -1.5808291592509748e-06
3 34 7.8615938512458644e-05 1.4513861786356707e-06
3 35 6.8431619069074252e-05 2.5507322533313247e-07
3 36 6.3180863754371469e-05 2.0861050541078592e-06
3 37 5.6074642615077991e-05 7.5662784706486345e-07
3 38 5.3423951020532988e-05 6.0179141597207077e-07
3 39 5.7311369252189881e-05 -2.4179470401694618e-07
3 40 6.5038888984111378e-05 -4.3476845679114019e-07
3 41 7.4188836321763892e-05 -6.8588791452498833e-07
3 42 8.4215411452625178e-05 5.5104030035108633e-08
3 43 9.6697747471782535e-05 -5.0177600936867587e-08
3 44 1.0689196708431979e-04 1.0911075229248016e-06
3 45 1.2029265580691501e-04 1.3226819563010675e-06
3 46 1.3308222094899407e-04 -3.9760924526488663e-06
3 47 1.5182857088717099e-04 -2.7734567704075430e-06
3 48 1.7568134259848695e-04 2.9437914320955529e-06
3 49 2.0997172763986209e-04 -2.5954736360628109e-06
3 50 2.4238418896381774e-04 6.8954145117220618e-07
3 51 2.8151205205688683e-04 -3.0568793042471928e-06
3 52 3.4488245976645220e-04 4.3245245024205044e-06
3 53 4.2642677216059429e-04 7.5588682097932124e-06
3 54 5.2114087130014284e-04 1.1000886002451954e-05
3 55 6.3530006474091824e-04 1.0580365006410744e-05
3 56 7.9766205594970806e-04 1.9770026748358488e-05
3 57 1.0285093548673624e-03 3.6505173515302024e-05
3 58 1.2894545763421871e-03 1.7349325273867428e-05
3 59 1.6602791223659214e-03 1.3857947994155804e-05
3 60 2.2470734423586727e-03 5.3831588517485518e-05
3 61 2.8926853641030219e-03 -1.1139805763547065e-04
3 62 3.0168766376464781e-03 -1.9940023042369149e-05
3 63 3.0054110022576380e-03 1.7354549010658096e-05
3 64 3.4178346215172346e-03 -7.2314012668926440e-05
3 65 4.2270715172904689e-03 -8.3186937832871352e-05
3 66 5.1084560926206975e-03 -3.8430260501787069e-05
3 67 6.7778625244199970e-03 -6.9183342161947082e-05
3 68 8.5219875855812831e-03 -4.0455428029566982e-04
3 69 1.1632239079081740e-02 3.0937303705586331e-04
3 70 1.5882614163929571e-02 2.9126222387388279e-04
3 71 2.4461954614153271e-02 7.4378140481785090e-04
4 0 1.2961883741820291e-02 -5.3706673666765385e-04
4 1 1.0838735084872408e-02 8.0317983778597428e-05
4 2 7.1097436150432246e-03 2.1547868957232764e-04
4 3 5.3326481905084828e-03 3.8655978122886537e-04
4 4 4.5314262269606307e-03 -1.2435050625623863e-04
4 5 3.8776632950774893e-03 -8.4017437603503583e-05
4 6 3.3919390615023554e-03 -1.7243266198127164e-04
4 7 2.7201088011463716e-03 -4.2452151266908300e-05
4 8 2.1219396139110502e-03 5.6753941886859648e-05
4 9 1.7140306815217939e-03 -1.6710294138558231e-06
4 10 1.2784092169427891e-03 -6.0231851754061916e-06
4 11 1.0088108008097464e-03 4.2126964521987831e-06
4 12 7.8581512550760912e-04 -1.9936202179841411e-05
4 13 6.6530356852856321e-04 3.0929212029136105e-05
4 14 5.3151417568584160e-04 1.9094247325355356e-05
4 15 4.1739673747661504e-04 1.1582661063703295e-05
4 16 3.2301688214752156e-04 1.5467268358686692e-05
4 17 2.8134676374139795e-04 3.5347361658255177e-07
4 18 2.3503181745287988e-04 2.0428316217807149e-06
4 19 1.9919500120769382e-04 3.2689134343313309e-06
4 20 1.7186281675151866e-04 6.1199677117646371e-06
4 21 1.6468940596716479e-04 -2.5922317888561996e-06
4 22 1.4620913135714235e-04 -1.0808843712688068e-06
4 23 1.2596932193559079e-04 -2.2759273801621430e-07
4 24 1.0123914328461655e-04 3.0755296285414369e-06
4 25 8.9777067269961023e-05 4.1922995911500006e-06
4 26 7.9717582972577001e-05 1.9754450853845510e-06
4 27 7.3781202094892962e-05 -5.9321867057172782e-07
4 28 7.0391495486098668e-05 -1.7952436384716846e-06
4 29 5.9269610902412497e-05 3.9138967018145662e-07
4 30 5.0370731127790994e-05 1.3706901622826413e-06
4 31 5.1857156017329225e-05 -5.9778981847532708e-07
4 32 5.3643680005216295e-05 -2.6756462790709493e-06
4 33 4.8257118758822081e-05 -1.3553007891156841e-06
4 34 4.3739292474397466e-05 1.4670406758513483e-06
4 35 3.7385070140174859e-05 5.7495674889775086e-08
4 36 3.5000454795608526e-05 1.7478079229273293e-06
4 37 3.0245225066065004e-05 6.1855997592735249e-07
4 38 2.8640981216883962e-05 4.6564809105002540e-07
4 39 3.0786215048795577e-05 -2.4429722595427761e-08
4 40 3.5080931417567270e-05 -5.5959191238408709e-07
4 41 4.0608756511855928e-05 -8.5036213542454352e-07
4 42 4.6281276688503638e-05 -1.2712748467172980e-07
4 43 5.4103712186303075e-05 3.5276942080022677e-07
4 44 5.9619443947516376e-05 1.4761896041971714e-06
4 45 6.5695281324632413e-05 1.8340548918534464e-06
4 46 7.1927132288693608e-05 -3.1151297151835346e-06
4 47 8.1881339977602342e-05 -2.1873997989386446e-06
4 48 9.4243446551779588e-05 2.8282986969167023e-06
4 49 1.1707467244478749e-04 -3.5614650347867400e-06
4 50 1.3257177558617135e-04 1.1895533162423114e-06
4 51 1.5358756932882145e-04 -2.9043917156564419e-06
4 52 1.8387519756396845e-04 4.6727137849257776e-06
4 53 2.3271833591530315e-04 8.8014921110743358e-06
4 54 2.8288635653959948e-04 8.3763978364934638e-06
4 55 3.4533527094935068e-04 5.1711402659072978e-06
4 56 4.3274624089933712e-04 1.9349897278961866e-05
4 57 5.6375113581119208e-04 3.1627440198652005e-05
4 58 7.0063400766777213e-04 3.6074599512228627e-06
4 59 8.8971570021031130e-04 7.7699419396887061e-06
4 60 1.2250402557940096e-03 6.1704974016704020e-05
4 61 1.5881906349973921e-03 -7.8319881508003372e-05
4 62 1.6321641819688720e-03 -2.0521221177639828e-05
4 63 1.6166590209928777e-03 2.4797626343916236e-05
4 64 1.8440391868080083e-03 -6.6677770676146014e-05
4 65 2.2725612386559789e-03 -1.0660170772968641e-04
4 66 2.6787962748163101e-03 5.0605498295498662e-06
4 67 3.5949084839531284e-03 -8.3522510332162221e-05
4 68 4.5103836647335362e-03 -3.1105834168649644e-04
4 69 6.0757440258022346e-03 2.1545096541831913e-04
4 70 8.2842180890353861e-03 9.8523179270031727e-05
4 71 1.1049782948857126e-02 4.9756460848015736e-04
5 0 5.3541568307561883e-03 -6.5812129289825102e-04
5 1 5.1702980239075732e-03 3.8596365006542983e-04
5 2 3.5825704743944345e-03 1.0571461927755252e-04
5 3 2.5859344286877934e-03 3.3173511843912482e-04
5 4 2.4061138117573520e-03 -8.2578783019446721e-05
5 5 2.0231737698538439e-03 -1.4485165482419705e-04
5 6 1.8283881382667490e-03 -1.2736623637999442e-04
5 7 1.4086628238728764e-03 -4.9818509712240084e-05
5 8 1.0872574869995454e-03 1.6647859597898817e-05
5 9 9.2645032202508617e-04 -2.3176754060571112e-05
5 10 6.6920827216918467e-04 -9.5551619844703377e-06
5 11 5.4623109637981894e-04 2.3686928338049079e-06
5 12 4.1304289132846277e-04 -1.6312970360441680e-05
5 13 3.6016928772778379e-04 2.2747120578609615e-05
5 14 2.8967236064074718e-04 1.2350848460933880e-05
5 15 2.3064275240690499e-04 1.1905912002181733e-05
5 16 1.7022752512390639e-04 1.1877454349392065e-05
5 17 1.5176997553122449e-04 3.6605166822760483e-07
5 18 1.2848424946207811e-04 2.8118406001239838e-06
5 19 1.0858628799126273e-04 5.5174199600439232e-06
5 20 9.2316430013249159e-05 5.2688069944833170e-06
5 21 8.8851257505282011e-05 3.6378341232780491e-07
5 22 7.9347744594357130e-05 -1.3657788986167973e-06
5 23 6.9711610719198639e-05 -9.7679622946614880e-07
5 24 5.3729015787269787e-05 1.5051095297992183e-06
5 25 4.7938323479187746e-05 3.3015382179909054e-06
5 26 4.1617274247340411e-05 1.7189644794111515e-06
5 27 4.0670814032114057e-05 -2.0629789370742815e-06
5 28 3.9099228525627593e-05 -1.8147700929489428e-06
5 29 3.1598503421583118e-05 -9.4658079615730204e-07
5 30 2.5714110900551862e-05 4.9639466118532862e-07
5 31 2.7381704926985526e-05 -8.3513323132324843e-07
5 32 2.8660176319179509e-05 -1.1923846139756233e-06
5 33 2.5587516647088376e-05 -9.7570790956015181e-07
5 34 2.3671073218858152e-05 1.1540148893966998e-06
5 35 1.9730138069785174e-05 1.5870000306291662e-07
5 36 1.9069585326643047e-05 1.2823628528765750e-06
5 37 1.5835204319994124e-05 4.9752114031484324e-07
5 38 1.4859989915438694e-05 4.0107074758276421e-07
5 39 1.5663807207839080e-05 3.6295499697063711e-08
5 40 1.8320218120320414e-05 -6.1858137885355202e-07
5 41 2.1612686163296547e-05 -6.9409295439143681e-07
5 42 2.4797523004673739e-05 -2.9074564154163696e-08
5 43 2.9541299400833302e-05 7.0822817157544249e-07
5 44 3.2084322843206744e-05 1.0689575544215438e-06
5 45 3.4537745627151620e-05 1.4908410724493903e-06
5 46 3.7325486991324043e-05 -1.9187387588305058e-06
5 47 4.2104188007870491e-05 -1.3774091356946955e-06
5 48 4.8243276592012381e-05 3.0722819591944649e-06
5 49 6.3223185010902609e-05 -3.5690465689544545e-06
5 50 6.9626971935869976e-05 9.7246752593133967e-07
5 51 8.3547613786297712e-05 -2.5954516498961907e-06
5 52 9.3152223739206868e-05 2.7926820055443392e-06
5 53 1.2374208388121527e-04 1.0100669125366605e-05
5 54 1.4808320295256859e-04 5.4357269652649449e-06
5 55 1.8465338253542899e-04 3.6798143781074781e-06
5 56 2.2608780552824630e-04 1.5330455789518877e-05
5 57 3.0404216705697771e-04 2.7346820362362127e-05
5 58 3.7507970041774518e-04 -1.1201639178778480e-07
5 59 4.5038946257839186e-04 8.0902511199743078e-06
5 60 6.2831435736717517e-04 6.8724739853357711e-05
5 61 8.3784460171850241e-04 -5.7844073397085424e-05
5 62 8.3500110694999718e-04 -2.7395592895477774e-05
5 63 8.4279420341781461e-04 3.4049253377880599e-05
5 64 9.5892104554249095e-04 -4.2058508485884688e-05
5 65 1.1777934154864388e-03 -1.2451824779338626e-04
5 66 1.3130726910266035e-03 4.3213774802440171e-05
5 67 1.8468074317964478e-03 -6.7523749823902930e-05
5 68 2.2854974738340142e-03 -1.7834809998974841e-04
5 69 3.0275839987353448e-03 8.2328927193841482e-05
5 70 4.2724548374571984e-03 4.6477794058458237e-05
5 71 4.6955641152919081e-03 4.4102917740376009e-04
6 0 2.5914681204737577e-03 -8.4789215160933386e-04
6 1 2.5318452019290850e-03 4.2048608969781355e-04
6 2 1.7493502130608257e-03 4.6563379016109250e-05
6 3 1.1726046916166960e-03 2.7034834625215489e-04
6 4 1.2528128276107975e-03 1.0806297815206935e-05
6 5 1.0544816805208562e-03 -1.5136066672371488e-04
6 6 9.8739784387692677e-04 -4.8986374508959179e-05
6 7 6.9395117756464511e-04 -4.1063513481951847e-05
6 8 5.4540782975104839e-04 -4.2994531263772546e-06
6 9 5.0029263097898700e-04 -2.5799176545353330e-05
6 10 3.4317102692610894e-04 -3.2982149880840830e-06
6 11 2.9550492758412679e-04 1.0597237871646566e-07
6 12 2.1640682252698886e-04 -1.2142190013594594e-05
6 13 1.9245017586367038e-04 1.8158529124871357e-05
6 14 1.5824623007214915e-04 6.9801344796026492e-06
6 15 1.2616890465766051e-04 8.6710820615938166e-06
6 16 8.5786383184575671e-05 7.5273927709618550e-06
6 17 7.9921798624895215e-05 1.1049280424923674e-06
6 18 7.0180937629293579e-05 2.9346211216361638e-06
6 19 5.8198290007414331e-05 6.4872559540617638e-06
6 20 4.9370076535343164e-05 3.7047422779164831e-06
6 21 4.7891642691601265e-05 2.2261367950605564e-06
6 22 4.2280078054022421e-05 -1.4878148841588447e-06
6 23 3.8783119487687564e-05 -9.6017203721000025e-07
6 24 2.8544946188704352e-05 -1.9079550975608009e-07
6 25 2.5306628963720568e-05 2.0387363514596275e-06
6 26 2.1119617582550301e-05 1.9375207938070860e-06
6 27 2.2203874644694335e-05 -2.4848633253447496e-06
6 28 2.1252942792278721e-05 -1.5094774279499628e-06
6 29 1.6754065875876764e-05 -1.6669284076581394e-06
6 30 1.3199905535045586e-05 9.6570441421839834e-08
6 31 1.3879949200606577e-05 -1.0038793925161883e-06
6 32 1.4888970052990073e-05 -2.0529311213161332e-07
6 33 1.3271994242422569e-05 -8.0383434747375062e-07
6 34 1.2425854602717342e-05 8.1318128546509709e-07
6 35 1.0176313005186562e-05 1.5720927426747220e-07
6 36 1.0447694393612902e-05 9.6112034752741926e-07
6 37 8.1949554210763264e-06 3.4560745771667894e-07
6 38 7.6069730266571870e-06 2.8799244564072786e-07
6 39 7.3726024353700382e-06 1.1427834744636942e-07
6 40 9.3626161518777114e-06 -4.7519898512595485e-07
6 41 1.1083159309476241e-05 -4.7761306563775212e-07
6 42 1.3080241041322442e-05 1.9207633097796562e-07
6 43 1.5968485189302188e-05 3.4499547202862327e-07
6 44 1.6686296990862481e-05 5.8740980528467155e-07
6 45 1.7582924909289706e-05 4.6812819925961827e-07
6 46 1.8850054080736580e-05 -7.5072849358629343e-07
6 47 2.1116626252996085e-05 -7.5172860357022198e-07
6 48 2.3781241749267009e-05 3.9620018154719624e-06
6 49 3.3005372709385273e-05 -2.3799000338303903e-06
6 50 3.4819978363441585e-05 1.1758912286034339e-06
6 51 4.6844052802175827e-05 -2.9689613848699981e-06
6 52 4.5614484298342539e-05 6.8307118308088089e-07
6 53 6.5230572632179275e-05 9.6768088397364450e-06
6 54 7.5079973962882788e-05 3.1139042369357728e-06
6 55 1.0058561742710165e-04 4.6693594618070360e-06
6 56 1.1244585170393741e-04 1.1755663722199905e-05
6 57 1.6410000373600901e-04 2.2016387263630866e-05
6 58 1.9603467114672691e-04 2.0160344638573879e-06
6 59 2.1167982984910004e-04 1.0677172718798525e-05
6 60 2.8872698852601191e-04 6.0430664452106145e-05
6 61 4.2215008903393229e-04 -3.7496456828708117e-05
6 62 4.0188611221661589e-04 -2.9782977999684080e-05
6 63 4.3683728954067153e-04 2.9148138996283304e-05
6 64 4.7534936893138871e-04 -1.7325505446715062e-05
6 65 5.9053135856088046e-04 -1.1310590727623379e-04
6 66 6.1180674749632146e-04 6.1804226504649462e-05
6 67 8.9676392360205450e-04 -4.0337963014656629e-05
6 68 1.1195533102863657e-03 -3.2462140466186387e-05
6 69 1.3970820988718022e-03 -1.4674766383995113e-05
6 70 2.1321431026694168e-03 -4.3961364699879117e-06
6 71 2.0738715555332797e-03 3.8656369963206943e-04
7 0 1.4002649191699648e-03 -7.7463893353650756e-04
7 1 1.3507524280242651e-03 3.3230717162641355e-04
7 2 7.5412376364180950e-04 3.3457871138929806e-05
7 3 5.0042636263222145e-04 1.8707825826564140e-04
7 4 6.4782582790658464e-04 8.1571955719431162e-05
7 5 5.4985844891125883e-04 -1.1537787839527219e-04
7 6 5.6506363417907761e-04 -8.4458561801739295e-06
7 7 3.3669258955501628e-04 -4.6384825188269896e-06
7 8 2.7674724217033195e-04 2.6670001931314818e-07
7 9 2.7923282169020337e-04 -2.5432608370415957e-05
7 10 1.8212118342395391e-04 -7.6280298800704279e-06
7 11 1.6573140115919485e-04 -4.2452438948383507e-06
7 12 1.1768754616462241e-04 -3.7637161699829391e-06
7 13 1.0320608031583684e-04 1.6651621688552174e-05
7 14 8.7424370489689527e-05 6.3767756129854480e-06
7 15 6.6079722009292335e-05 6.1585937093824690e-06
7 16 4.0727303301062127e-05 5.5288921758343899e-06
7 17 4.2884392521267407e-05 5.1601933025048071e-07
7 18 3.8148576845133131e-05 3.0869955960760737e-06
7 19 3.0413163159495092e-05 5.9591831627134611e-06
7 20 2.5949459716537128e-05 3.4689053340823774e-06
7 21 2.6629425813212082e-05 2.5386720574557856e-06
7 22 2.2336399244936716e-05 -1.1017446079976709e-06
7 23 2.1642156818347527e-05 -9.1224624759347879e-07
7 24 1.5357646648280281e-05 -5.2040287799800099e-07
7 25 1.3227802951255314e-05 4.7212803246982492e-07
7 26 1.0128538063032347e-05 2.4982068200124360e-06
7 27 1.2321053695021653e-05 -2.2294955367069709e-06
7 28 1.1539596103328210e-05 -1.1059370755802398e-06
7 29 9.2407540236918729e-06 -1.9409638522125912e-06
7 30 6.9202133675594993e-06 4.0073100030554698e-09
7 31 6.5160797053835422e-06 -5.6899021498084356e-07
7 32 7.4015496131551015e-06 1.5993009702997929e-07
7 33 6.6724124693161958e-06 -8.5233628186276328e-07
7 34 6.1845164674096611e-06 5.1859963862240241e-07
7 35 4.7666008838502739e-06 9.3380339885233860e-08
7 36 5.7194704388061024e-06 7.0015243724176378e-07
7 37 4.1754230936459987e-06 5.8638753894633582e-08
7 38 3.8148579556316314e-06 1.5166218532679501e-07
7 39 3.1198032138430280e-06 1.3758604948603928e-07
7 40 4.8095794572286904e-06 -3.1258203854642629e-07
7 41 5.2786291582127644e-06 -3.4620603894937957e-07
7 42 6.4356051886673320e-06 2.8333091806333364e-07
7 43 8.3733145601490984e-06 -1.2228977147425209e-07
7 44 8.7562212728025614e-06 4.3760326669675225e-07
7 45 8.3736489785762138e-06 -2.1268301398867157e-07
7 46 9.6805679620071021e-06 -1.1991648964151041e-07
7 47 1.0579099572076976e-05 -3.6425424995263964e-08
7 48 1.1730064476172439e-05 4.5967112520342279e-06
7 49 1.6266580670097204e-05 -1.5430419851154023e-06
7 50 1.5949107172617527e-05 1.8528640845953941e-06
7 51 2.6897700161135077e-05 -3.0756723883761998e-06
7 52 2.2607445897132225e-05 -4.4196406490341267e-07
7 53 3.4333373214981995e-05 7.5707275601309049e-06
7 54 3.6433082836798139e-05 1.7006449898304270e-06
7 55 5.6672493660026020e-05 6.5085410897875127e-06
7 56 5.2566074858109957e-05 1.0374619214354802e-05
7 57 8.9159010022381787e-05 1.4144524642257344e-05
7 58 1.0110062486659182e-04 1.0637752898098538e-05
7 59 9.0540939159625947e-05 3.3538006791520708e-06
7 60 1.0363486350871759e-04 4.2413933036796372e-05
7 61 1.9647875892926751e-04 -1.1349471546355188e-05
7 62 1.8450153992416595e-04 -3.2311673905257711e-05
7 63 2.2889902264825910e-04 1.7338313807735364e-05
7 64 2.2569419646667084e-04 4.7878743697151305e-06
7 65 2.8517163520468738e-04 -9.7355332379191884e-05
7 66 2.7520200569515772e-04 5.8461222057721611e-05
7 67 4.0589766867135478e-04 -8.8362426856927695e-06
7 68 5.3905855421815675e-04 7.0782961609487568e-05
7 69 6.1893376507606978e-04 -3.6324028245804350e-05
7 70 9.6144061950754491e-04 -1.7955123110248355e-05
7 71 9.1638123431994232e-04 2.5636227787483734e-04
8 0 5.3343420474980896e-04 -5.4345969678914043e-04
8 1 7.6984338253280804e-04 2.5192459871675607e-04
8 2 3.2605610356461584e-04 8.9290601080212358e-05
8 3 2.1741373856215874e-04 1.3618391794690762e-04
8 4 3.4925789453968804e-04 8.0578749982496950e-05
8 5 2.7919887890831546e-04 -7.4953406071050238e-05
8 6 3.3614230174072311e-04 -4.9576161787479824e-07
8 7 1.7633193465660998e-04 3.5696172235167786e-06
8 8 1.4157547440508947e-04 1.3796557921733212e-05
8 9 1.6658566612222999e-04 -1.6442779923190398e-05
8 10 1.0435835079899449e-04 -1.7741200702423761e-05
8 11 1.0154662129782194e-04 -5.7526734777338459e-06
8 12 6.5815876730504459e-05 1.0133234948527314e-06
8 13 5.6418401389468471e-05 1.7647321000603630e-05
8 14 4.8388330349242846e-05 6.7331312957908718e-06
8 15 3.1387889227419938e-05 3.9870574943405391e-06
8 16 1.7723543552756786e-05 4.9838396212508176e-06
8 17 2.3602378135992918e-05 -2.9191661542360418e-07
8 18 2.1859119328674311e-05 2.4353783054307154e-06
8 19 1.5274405983809606e-05 5.5244887347352646e-06
8 20 1.3335203797068832e-05 4.2560347174546416e-06
8 21 1.4644542610578980e-05 2.0221242708531407e-06
8 22 1.1491307738943709e-05 -4.5600538299847328e-07
8 23 1.2272915038678855e-05 -8.2290201954087459e-07
8 24 7.8380548544337888e-06 -5.1747984657677297e-07
8 25 6.0854560021260824e-06 -9.3699998237492730e-07
8 26 4.6975234784238089e-06 2.7963424411186226e-06
8 27 7.3610463532408041e-06 -1.9366178494669931e-06
8 28 6.5596406588983129e-06 -5.3580862602358836e-07
8 29 5.4282209425384605e-06 -2.1699031557857085e-06
8 30 3.6325615636780107e-06 2.6682461415225625e-07
8 31 2.6031622496271818e-06 -2.3216781183679435e-07
8 32 3.5491562823433497e-06 3.9029968952436944e-07
8 33 3.0768742686674704e-06 -6.9360195964130487e-07
8 34 3.0513580542107543e-06 5.7508621502450602e-07
8 35 1.8009297082615665e-06 1.7569071037782793e-07
8 36 2.9176817829244554e-06 2.4300038948530962e-07
8 37 2.0132523560629322e-06 -2.0962084085271386e-07
8 38 1.7887516521871270e-06 2.3471061644284561e-07
8 39 1.1353430663780716e-06 1.9355564619282337e-07
8 40 2.5214416460480850e-06 -1.1313103782295110e-07
8 41 2.1549215581448053e-06 -2.1470324120508472e-07
8 42 2.9115462362397230e-06 2.7041125305668825e-07
8 43 4.2216779768500114e-06 -5.6501625068695946e-07
8 44 4.4616920771166448e-06 3.3481918155233337e-07
8 45 4.0474079289520146e-06 -6.7177364272907849e-07
8 46 5.1307336745668732e-06 -1.2302119106638717e-07
8 47 5.7621901842446786e-06 7.6901271213472368e-07
8 48 5.9350900478205608e-06 4.3879454069323119e-06
8 49 6.7649686759258769e-06 -1.3893627319992331e-06
8 50 6.6863669455825121e-06 2.4953193450195993e-06
8 51 1.5816930836212426e-05 -2.6304282941694817e-06
8 52 1.2298110102962793e-05 -1.6506984073155430e-06
8 53 1.7633521213400580e-05 4.9368562611286344e-06
8 54 1.7332257730078994e-05 -9.4903496530946564e-07
8 55 3.4112214342613253e-05 7.5497986868509020e-06
8 56 2.1174484405571588e-05 6.9349391487704701e-06
8 57 4.7226321387031346e-05 8.9751225623400898e-06
8 58 4.9625541825796469e-05 1.3174736828296004e-05
8 59 3.9071223094904034e-05 6.8267444758436845e-07
8 60 9.4378336096897533e-06 2.2841612263335219e-05
8 61 8.2930805757451125e-05 -2.9383599929954033e-06
8 62 8.4266181051142404e-05 -3.2050008786108952e-05
8 63 1.2176349944473261e-04 5.3176374008920204e-06
8 64 1.0844748000889541e-04 2.6268316365259239e-05
8 65 1.2389474581616183e-04 -7.3744991503108760e-05
8 66 1.0827517995607488e-04 2.5382894686733840e-05
8 67 1.7676966786664991e-04 1.5626873794605796e-07
8 68 2.6749217611510495e-04 1.0591011898136829e-04
8 69 2.7877366038076392e-04 -7.2594036667095280e-06
8 70 3.4594108167081974e-04 -3.1270662167826800e-06
8 71 3.8452146861928685e-04 1.9079079995779888e-04
9 0 3.8731683764428159e-04 -4.9310823443720448e-04
9 1 4.3334411212064697e-04 1.3124557624311534e-04
9 2 1.7246099048103672e-04 8.4328629497703702e-05
9 3 8.2444839750281666e-05 1.0606080961567409e-04
9 4 1.8925797134111357e-04 6.8956176139684010e-05
9 5 1.2637031835129476e-04 -3.7205169052375824e-05
9 6 2.1836225807999907e-04 -9.0706096180296470e-07
9 7 9.5763244462073046e-05 -2.1429913654746966e-05
9 8 8.6732229037394853e-05 9.2868798275762058e-06
9 9 1.1235244135269502e-04 -1.5043776794104197e-05
9 10 7.2597810682840312e-05 -1.8136850492759038e-05
9 11 6.9995644660306416e-05 -3.0857671826500092e-06
9 12 3.5239339550923680e-05 2.1488004551564789e-06
9 13 3.1835070705486546e-05 1.7925983792314539e-05
9 14 2.6767493230357256e-05 3.2022464972424005e-06
9 15 1.2559807793376372e-05 2.3891539690923648e-06
9 16 6.6931172630550630e-06 4.3047146296645753e-06
9 17 1.3701907450660929e-05 -8.3433568217882152e-07
9 18 1.5246648793971726e-05 2.0476807414720983e-06
9 19 7.8673540418870221e-06 5.5237142723943161e-06
9 20 5.8259391534232315e-06 4.3828952687575975e-06
9 21 7.7805437819897484e-06 1.3466582228442352e-06
9 22 6.1609433139689520e-06 7.4258970303966964e-07
9 23 7.1680208855279650e-06 -7.8693987900509222e-07
9 24 3.5487301642507533e-06 -6.8640091927171774e-07
9 25 1.9754882678364881e-06 -1.9236316936386503e-06
9 26 2.2382648661467642e-06 2.6530133793366145e-06
9 27 4.4748398346772310e-06 -1.5288932007886476e-06
9 28 3.8666315420417289e-06 2.2761349886120788e-09
9 29 2.8615681888637738e-06 -2.2493528814555869e-06
9 30 1.7275710120511316e-06 5.9992077331255308e-07
9 31 9.4401613100200191e-07 -1.6066501650220623e-07
9 32 1.6606499241648585e-06 4.1414987986123438e-07
9 33 1.1940963429940446e-06 -3.4742068963682365e-07
9 34 1.4876448548412611e-06 7.5332854976222416e-07
9 35 4.4448876531742951e-07 3.4974095746351637e-07
9 36 1.2428188979474191e-06 -4.6398852635309892e-08
9 37 8.7680202886012486e-07 -2.6020948106215676e-07
9 38 9.6627858323192852e-07 3.7543813514052816e-07
9 39 5.1067158707927264e-07 3.7570520599428072e-07
9 40 1.3834099893987874e-06 -6.4186622692247043e-08
9 41 6.5704131025591899e-07 -3.0512036846030119e-07
9 42 1.3626502598174187e-06 2.4766913335925973e-07
9 43 1.8615928747897700e-06 -6.3847281402260431e-07
9 44 2.2037802451805017e-06 1.7531893155208535e-07
9 45 2.0109513589318000e-06 -8.0027708977729026e-07
9 46 2.8772004465456204e-06 -3.0382706117543844e-07
9 47 3.1917315572066802e-06 8.9403258708996102e-07
9 48 3.2517548666142881e-06 3.7012083340071098e-06
9 49 1.7492660815788479e-06 -1.6346823519686440e-06
9 50 3.5279343442166865e-06 2.2837653049864719e-06
9 51 9.9050037373836876e-06 -2.1297290841534275e-06
9 52 5.7544342972754226e-06 -2.5395688876305907e-06
9 53 7.7590761355963200e-06 2.6835711852535229e-06
9 54 7.3216663443289228e-06 -4.0076378893931225e-06
9 55 2.1034699141057712e-05 8.7282549927631040e-06
9 56 9.0392821465544257e-06 2.2230131088878009e-06
9 57 2.5183910284500225e-05 6.8829987803342792e-06
9 58 2.2850337820278932e-05 1.1976770051035343e-05
9 59 2.0279655194890035e-05 -4.2063177268197551e-06
9 60 -2.4449182772528126e-05 1.1696996385287040e-05
9 61 4.1021355547823617e-05 -2.6968538898327163e-06
9 62 3.4340554531043331e-05 -2.7547561608215511e-05
9 63 6.8636509657995208e-05 -7.6561231226208456e-06
9 64 5.6086792188674811e-05 3.7133185573714779e-05
9 65 5.3747944813720627e-05 -4.1920955572994761e-05
9 66 1.5763305578715551e-05 6.5340916443231986e-06
9 67 7.6912751100747460e-05 -8.9696555754654532e-06
9 68 1.1787670372067599e-04 1.0263716623004293e-04
9 69 1.5917006756868449e-04 6.8964763093220041e-05
9 70 6.7205198629537451e-05 6.7331600463024470e-06
9 71 1.7638103497184641e-04 1.3146802557059819e-04
10 0 3.3366460134103248e-04 -4.2028276633502903e-04
10 1 2.5273857691868575e-04 4.9608285086169288e-05
10 2 1.4148828318057686e-04 4.9021228152847855e-05
10 3 2.9190296460320983e-05 8.7001407072901310e-05
10 4 1.2238516917148918e-04 5.7607269193388439e-05
10 5 5.2948920869753154e-05 1.1963119551492889e-06
10 6 1.5436965727673736e-04 -1.5964863512092551e-05
10 7 4.2172666843960993e-05 -5.0240684391376613e-05
10 8 6.7421178540049597e-05 -9.6951659945120077e-06
10 9 7.3875497992460426e-05 -8.2388762943256797e-06
10 10 6.6111772872517170e-05 -1.5368588690775610e-05
10 11 5.0250839327741100e-05 -2.8051052475608143e-06
10 12 1.5159203019309387e-05 2.2012674007200791e-06
10 13 1.6730015938273620e-05 1.4670999975715292e-05
10 14 1.4516539302673379e-05 -1.1521052643828936e-06
10 15 4.5619893372667233e-06 9.3270984436527111e-07
10 16 2.4085309635852194e-06 3.4175338041200412e-06
10 17 9.0948376219138153e-06 -4.0291354029904083e-07
10 18 1.1697977425661519e-05 2.7427998341940373e-06
10 19 4.8953938038137668e-06 4.9628851914151966e-06
10 20 1.8649721677664419e-06 3.0243998154852746e-06
10 21 4.3212646469684597e-06 4.9501994775076306e-07
10 22 3.8323759250600832e-06 1.3974385634742916e-06
10 23 4.6857517054531937e-06 8.2587462971005034e-07
10 24 1.6264232485104244e-06 -4.3340085465025637e-07
10 25 -1.8471338221114277e-07 -1.8026858852560681e-06
10 26 8.8518682034002820e-07 2.1182709456668297e-06
10 27 2.6469896985584716e-06 -7.9495760205209841e-07
10 28 2.1142098235097391e-06 3.4408184386653600e-07
10 29 1.5075551952812645e-06 -2.2758258145361169e-06
10 30 9.2495843104395499e-07 9.3121010004883916e-07
10 31 6.8748684929409326e-07 -8.0466109686304831e-08
10 32 6.5256196487836501e-07 -1.3251823323747386e-07
10 33 2.8556628713947293e-07 2.2361939637352604e-08
10 34 6.6673092026469297e-07 8.4086404762026083e-07
10 35 6.2393770372754102e-09 6.4882512948748338e-07
10 36 2.4145272504131193e-07 -4.3590184420235225e-07
10 37 1.7565055014736383e-07 -1.5447557097130659e-07
10 38 6.7104254303772925e-07 4.2999372522802541e-07
10 39 4.6139245144035705e-07 3.7955364567314663e-07
10 40 7.1410436024070877e-07 -3.5935980204028563e-08
10 41 2.4096444632281494e-07 -4.3113434084754830e-07
10 42 1.0798667929696539e-06 -2.9052570303450166e-08
10 43 5.9852437865562339e-07 -2.5633882789609125e-07
10 44 1.1831130596395975e-06 2.0307434643065137e-07
10 45 7.6530413152880156e-07 -9.1206797686360526e-07
10 46 1.5829526089600750e-06 -5.2987294187052424e-07
10 47 1.6467741936251158e-06 6.0100753585861439e-07
10 48 2.2894194037309346e-06 2.4942680194218886e-06
10 49 -5.7194966196199186e-07 -1.4744274222763847e-06
10 50 2.8737978659693895e-06 1.0882998832457987e-06
10 51 6.5954387723784654e-06 -1.7425020841159906e-06
10 52 1.3252543893148196e-06 -1.0405186145123745e-06
10 53 3.4207895180365230e-06 2.9563876655213651e-06
10 54 2.5334140820888599e-08 -4.7402060966642323e-06
10 55 1.0964289300603371e-05 6.8977106349734724e-06
10 56 7.0360811457574744e-06 1.8198130670177746e-08
10 57 1.4248478132545212e-05 4.6540352123213440e-06
10 58 8.3216742896708540e-06 4.7608351655755036e-06
10 59 1.2143330164321532e-05 -8.5324710439291351e-06
10 60 -2.7372664195164012e-05 6.9638025126520747e-06
10 61 3.2715681784825042e-05 9.0512433273724963e-07
10 62 8.1224655287898193e-06 -1.2759932007116531e-05
10 63 4.0788046221118407e-05 -1.3303930295357622e-05
10 64 2.8412695460807834e-05 4.2548341579255535e-05
10 65 4.4764508776088656e-05 -2.5402547793398667e-05
10 66 -3.0379102884031008e-05 9.5430421209961457e-06
10 67 1.7963747349331069e-05 -1.2962317591484570e-06
10 68 4.1958423234259705e-05 8.5561423442473335e-05
10 69 8.7146464309540315e-05 1.2221810294617871e-04
10 70 -6.2054777647373076e-05 -8.3638113645620737e-06
10 71 1.0209750771579871e-04 1.0657404139178894e-04
