0 0 8.9236550605456710e-01 -2.4200295991686861e-17
0 1 6.7625248791032891e-02 1.4966507489351983e-17
0 2 1.3586099899720375e-02 3.4152368433293390e-18
0 3 4.0538902631153464e-03 -2.7240579583698299e-18
0 4 1.5439837406149124e-03 4.5852716878032789e-18
0 5 7.5063137916461537e-04 -9.2100715798117584e-19
0 6 4.0219652482038361e-04 2.4781360593503312e-18
0 7 2.0504282672359264e-04 -6.6802665106789150e-19
0 8 9.5551063054506149e-05 -1.5048952029551402e-19
0 9 8.0918715527545200e-05 3.5250687821566463e-19
0 10 5.6684344554158284e-05 2.1175823681357508e-20
0 11 4.3308362093287414e-05 1.3947809198120811e-19
0 12 2.9664034940441171e-05 4.7151500730489384e-20
0 13 2.1952949133297658e-05 -3.0295545080128806e-19
0 14 2.0590177842044904e-05 2.5707449949168015e-19
0 15 2.3044037287490171e-05 2.5227464612390577e-19
0 16 2.1139960958438764e-05 -2.0702896952473857e-19
0 17 1.5968192038608746e-05 -9.2820693803283741e-20
0 18 1.2657792815445687e-05 -3.1791969953611404e-19
0 19 9.5877139118035885e-06 -6.3794374655056294e-20
0 20 7.4828454139997268e-06 -2.3522810806041298e-20
0 21 6.0448287979310606e-06 -2.9646153153900512e-20
0 22 4.2372896175288780e-06 -1.1914930124710491e-19
0 23 2.1463889982939243e-06 -2.1316995839233223e-20
0 24 1.4071342022251708e-06 1.0729083998554470e-20
0 25 4.8287721916550740e-07 -8.3291573146672857e-21
0 26 2.6143372652356604e-07 5.3645419992772352e-21
0 27 2.9765480870815501e-07 5.4968908972857197e-21
0 28 7.1658969814218576e-07 3.4975402113708816e-20
0 29 6.5599708357817564e-07 1.6799486787210289e-20
0 30 4.7273913317699004e-07 1.1629056505012165e-20
0 31 -1.1385756566481350e-08 2.4555132210507477e-20
0 32 2.5514607919885085e-07 -1.3058424603503796e-21
0 33 4.5187856391260168e-07 -2.1361112138569387e-20
0 34 1.2637354971621856e-06 1.7284766079908066e-20
0 35 1.4123403954171302e-06 -9.1585437421871224e-21
0 36 1.3372478400725922e-06 -2.2075796187815203e-20
0 37 1.5059849954975869e-06 1.9808218401936501e-21
0 38 1.3061864958245731e-06 4.3675136342799861e-22
0 39 1.0606539832799909e-06 1.3658406274475593e-20
0 40 8.4863997056367327e-07 -6.9880218148479778e-21
0 41 8.0592732189778577e-07 -4.4469229730850768e-21
0 42 5.8238985603907275e-07 1.6234798155707422e-21
0 43 -9.7994689290936741e-08 -2.3681629483651479e-20
0 44 -3.0928046495207913e-07 1.9287646069769796e-20
0 45 7.4339115198187163e-08 -2.2878712835733339e-20
0 46 1.8601077295606065e-07 -7.9762269199779944e-21
0 47 -2.2244411512929473e-07 3.1216693410267858e-20
0 48 1.0387373292084818e-06 -3.2257838074601267e-20
0 49 8.3948332835020222e-07 5.7668826492230277e-20
0 50 1.0015207443312855e-06 6.5168597379377732e-20
0 51 3.0044252575171856e-07 5.1594012073640842e-20
0 52 1.6071343784942137e-06 -4.5475081355715249e-20
0 53 -1.2698046560625808e-06 -6.5292123017518978e-22
0 54 -1.9604788391554798e-06 -8.9926664566831545e-20
0 55 -6.0571683969662600e-06 9.5997067355487368e-20
0 56 -1.1008952231170393e-05 -5.4492452940026651e-20
0 57 -1.4060459508455430e-05 1.3277241448211158e-19
0 58 -1.0100211432042947e-05 -5.1831357764069392e-19
0 59 4.6199762635574644e-06 -2.1316995839233224e-19
0 60 1.7770146231340036e-05 -5.4704211176840224e-19
0 61 3.2524985519986808e-05 -5.5904174518783822e-20
0 62 6.7882499374141266e-05 2.4253376723048131e-19
0 63 1.3075644559842778e-04 -1.9154238380577242e-18
0 64 2.2806060864406379e-04 -9.7126444618493098e-20
0 65 3.8281252009182232e-04 8.2896291104620857e-19
0 66 6.2504004729294744e-04 9.0801931945660996e-19
0 67 1.0865946776876982e-03 -2.1277467635028025e-18
0 68 1.9701616837797318e-03 9.7826658521556650e-18
0 69 4.8229429549516015e-03 -4.6078592330633938e-19
0 70 1.3922707385855593e-02 -5.9676294577222971e-18
0 71 6.6704139628216919e-02 1.9072923217640831e-17
1 0 1.9743373013573012e-01 1.4626646527131877e-04
1 1 3.5218023144614280e-02 -7.2454449512901790e-05
1 2 9.1035309285877643e-03 5.5804362541634093e-05
1 3 3.0300157968503700e-03 4.6822668463427806e-05
1 4 1.1963024602346783e-03 -4.6825788440516772e-06
1 5 6.0162638983285509e-04 6.1620180418236838e-06
1 6 3.2422776199165419e-04 -2.0722530084819469e-07
1 7 1.6232702621637567e-04 3.1277272583311290e-06
1 8 7.5391956478491093e-05 -1.2973616712358509e-05
1 9 6.8082729718649509e-05 -1.4252563927471748e-05
1 10 4.5433490214320265e-05 -1.1716436351711040e-05
1 11 3.4932401068138672e-05 -7.3519795892864772e-06
1 12 2.3987956660809672e-05 -5.2469440128234953e-06
1 13 1.7924488471718698e-05 -2.7022753498817039e-06
1 14 1.7015570329056808e-05 -1.5291470298661032e-06
1 15 1.9380348926958657e-05 -1.1584415808652914e-06
1 16 1.7690907795167059e-05 -7.1528964502688861e-07
1 17 1.3132234374834074e-05 -7.8826543110642535e-07
1 18 1.0426379874541696e-05 -1.6562477017872264e-07
1 19 7.9294096358819114e-06 2.9482123046786024e-07
1 20 6.1420792669562155e-06 -1.7918569761615677e-07
1 21 4.7806014497952946e-06 2.0455553754952436e-07
1 22 3.4142345810960847e-06 4.0050644048676769e-07
1 23 1.7758977815117179e-06 2.8471172315269862e-07
1 24 1.1684783021748629e-06 -3.0531905681970200e-07
1 25 4.2151104085308249e-07 -3.1689631099084320e-07
1 26 2.4727807704488368e-07 -1.9762361218495856e-07
1 27 2.0440165042506083e-07 -1.6190507321505634e-07
1 28 5.9931093888976788e-07 -3.0699097286047849e-07
1 29 4.8296107291120078e-07 -5.4715549648156846e-07
1 30 3.8438219974919793e-07 -3.2386095315683848e-07
1 31 -3.6861510525081811e-08 -2.4570019329704217e-08
1 32 1.7836720125853406e-07 2.2930639689611590e-07
1 33 3.1575370054564151e-07 1.2248129444268412e-07
1 34 1.0640325322820770e-06 -5.4667026690903378e-08
1 35 1.1922983023679411e-06 -8.9414577984022432e-08
1 36 1.1325470767308963e-06 2.8093035988675981e-08
1 37 1.2746436132390240e-06 -4.7916091566445584e-08
1 38 1.0885194728448939e-06 -1.5039998529448823e-07
1 39 8.8521759194900532e-07 2.5938326889903149e-08
1 40 7.2263244347684707e-07 1.1517308472500750e-07
1 41 6.6683924432737968e-07 3.6716118881064495e-08
1 42 4.3030054985452560e-07 2.2303610219007272e-07
1 43 -1.2647463604495641e-07 5.7972218636304567e-07
1 44 -3.2678631610479524e-07 7.1571952196896055e-07
1 45 2.4794927456630728e-08 6.7869694684848920e-07
1 46 3.9665875811619627e-08 7.5252593548130768e-07
1 47 -3.3320068557396704e-07 9.1767000150668255e-07
1 48 9.2416133531407729e-07 1.0254680781774758e-06
1 49 6.7434475272298558e-07 9.2465057754708851e-07
1 50 1.3304269631218998e-06 1.3209324707269982e-06
1 51 3.7950997363159038e-07 1.4017430877463478e-06
1 52 1.6437082723566457e-06 1.8583263394612827e-06
1 53 -1.4837145092532394e-06 1.9272065675859746e-06
1 54 -1.9049732248747612e-06 1.8430906827166230e-06
1 55 -6.1096010676471142e-06 2.7975129194741206e-06
1 56 -9.7874434995999407e-06 1.6204032693948782e-06
1 57 -1.1874249468933228e-05 -2.3481157351661803e-07
1 58 -7.7280046590444290e-06 2.5132892601456843e-06
1 59 4.5253070937646157e-06 4.4409353233538510e-06
1 60 1.4613748877572270e-05 7.4492554048166300e-06
1 61 2.5280992857033109e-05 1.2963288948327041e-05
1 62 5.6500088467669989e-05 7.3436985458641403e-06
1 63 1.0307703685365135e-04 6.9238976934266190e-06
1 64 1.8408994994732484e-04 4.6989241123572525e-06
1 65 3.1391989867484218e-04 1.9440178996442111e-06
1 66 5.0705911039161504e-04 -4.5229944942328971e-06
1 67 8.8604349418369536e-04 -2.0983806751273884e-05
1 68 1.5750668973106580e-03 -9.5013651983502095e-06
1 69 3.7245709673409738e-03 1.2079459300482610e-05
1 70 9.3174965384563505e-03 1.3306620655905400e-04
1 71 3.3879348669248827e-02 -3.8952105852032552e-05
2 0 6.2271996527134013e-02 2.1756840260731051e-04
2 1 1.6817027850820027e-02 -3.5561087233327042e-04
2 2 4.7915761514437218e-03 -1.1208244771394459e-05
2 3 1.8028855488171581e-03 8.4367725098072121e-05
2 4 7.6433993732478273e-04 -9.0804582256250698e-06
2 5 4.1389460504647732e-04 8.4697955742447782e-06
2 6 2.2167362786481337e-04 -7.1939200552001720e-07
2 7 1.0509490380692739e-04 2.1310333424321558e-06
2 8 4.9246254520324327e-05 -2.1750090235302297e-05
2 9 5.0368821057709475e-05 -2.1483438902267080e-05
2 10 3.0925245799223334e-05 -1.5900251924785984e-05
2 11 2.2890989208348832e-05 -1.1341721313290205e-05
2 12 1.5123937516297524e-05 -7.2246884818559874e-06
2 13 1.1645172157948502e-05 -3.5224341579415145e-06
2 14 1.2475275572540503e-05 -2.3700803126209765e-06
2 15 1.4474987454294806e-05 -1.8814991019994816e-06
2 16 1.3057164225120943e-05 -1.2325055384016980e-06
2 17 8.9916882726780114e-06 -1.0349283266673536e-06
2 18 7.5096407747940671e-06 -4.4854895329068195e-07
2 19 5.6873082398908293e-06 2.2696814926715327e-07
2 20 4.3852550799161538e-06 -1.3955713631211354e-07
2 21 3.0076601697128111e-06 6.0489413649739620e-08
2 22 2.1735908458915263e-06 1.3522416239395576e-07
2 23 1.1444323879285273e-06 3.0789218716353790e-07
2 24 9.5859798513545266e-07 -4.2436293532679137e-07
2 25 4.2171791365418874e-07 -5.0989896313081019e-07
2 26 2.8259582635693889e-07 -2.9737299437136924e-07
2 27 1.1562904646908414e-07 -2.5237145666235628e-07
2 28 4.3469705973350096e-07 -3.9278969757764817e-07
2 29 2.4499498873157168e-07 -7.5490987630167629e-07
2 30 2.3410817683435252e-07 -4.8295761435578375e-07
2 31 -4.5284201438832998e-08 1.5729363183992723e-08
2 32 6.4807612073912812e-08 2.9528811998575370e-07
2 33 1.4331232097974258e-07 1.2300213267493770e-07
2 34 7.6947562932955564e-07 -1.1827659075980597e-07
2 35 8.6839761915727799e-07 -1.1721596581629207e-07
2 36 8.2895739261029724e-07 4.7559249998382024e-08
2 37 9.1994185960863074e-07 -9.2200954930538297e-08
2 38 7.9663187858519266e-07 -1.8506484493676551e-07
2 39 6.5932472762679358e-07 4.6121240771830342e-08
2 40 5.0098231035161210e-07 1.8736589159043330e-07
2 41 5.0000241238632129e-07 4.5188104778664101e-08
2 42 2.8295371194647503e-07 3.6835667255010417e-07
2 43 -1.6556139905153742e-08 8.1805074802250451e-07
2 44 -3.5606076483383992e-07 9.9785856066717041e-07
2 45 8.7791258900223180e-08 9.4567921412408216e-07
2 46 -1.6996246452635952e-07 1.2127478590499545e-06
2 47 -4.3199110313362042e-07 1.4662756016857364e-06
2 48 8.3481205239528436e-07 1.6288587439980555e-06
2 49 4.5206460035770603e-07 1.3738157955228195e-06
2 50 1.6190652796038670e-06 1.9964758452231786e-06
2 51 2.5881541017441426e-07 1.9269935352548183e-06
2 52 1.5463912803787432e-06 2.5990062410381568e-06
2 53 -1.7296249499379392e-06 2.7126018828059522e-06
2 54 -1.7397722118493639e-06 2.6727369527282150e-06
2 55 -6.4542186951939940e-06 3.4455463912520157e-06
2 56 -8.3208338338778008e-06 2.6953308216824139e-06
2 57 -1.0203623392435346e-05 8.8214642237770569e-07
2 58 -4.4167685346399370e-06 3.8231036050417555e-06
2 59 3.6771011318216151e-06 7.5878419212668284e-06
2 60 1.0790229549248375e-05 8.7402796021278235e-06
2 61 1.6107315444994524e-05 1.8116291048088259e-05
2 62 4.1995861138059508e-05 1.3027825788783617e-05
2 63 6.7326129924271739e-05 1.0477199019503024e-05
2 64 1.2874924381813481e-04 1.0232321313633205e-05
2 65 2.2286872103820525e-04 5.1546058503068220e-06
2 66 3.5537635872393480e-04 -6.4923027669631236e-06
2 67 6.3296789486757296e-04 -2.5966675802255907e-05
2 68 1.0921220837434359e-03 -7.3050505422358005e-06
2 69 2.4037903674881981e-03 3.1012570782680507e-05
2 70 5.1123030356428623e-03 1.4867668116740193e-04
2 71 1.5741567412551914e-02 9.0748849537988360e-06
3 0 2.0553044965908492e-02 3.2559981920579200e-04
3 1 7.4225905048280307e-03 -2.8432603594348961e-04
3 2 2.3275774150282600e-03 -4.8408494728140007e-05
3 3 9.9302202933190136e-04 7.4937410920363645e-05
3 4 4.4109438051675851e-04 -5.0157729002231659e-06
3 5 2.6291701635388455e-04 1.5102260014580912e-05
3 6 1.3311293816770377e-04 1.1811472297276131e-06
3 7 5.9555709721717778e-05 -2.7783750235754643e-08
3 8 3.1706547061389310e-05 -2.1273693415365306e-05
3 9 3.5594457177929694e-05 -2.1120283154810052e-05
3 10 1.8531047147116739e-05 -1.2721094367896659e-05
3 11 1.2594718495308482e-05 -1.1700105766470943e-05
3 12 7.2533476730762687e-06 -6.9392957535842985e-06
3 13 7.0167120910481792e-06 -2.0174744678197284e-06
3 14 9.0621514970215459e-06 -1.6054850889795295e-06
3 15 1.0425904867843026e-05 -1.6422828526804239e-06
3 16 9.0163171863358865e-06 -9.8726320909505394e-07
3 17 5.3160329563158494e-06 -7.4978253906803653e-07
3 18 5.2553785994167771e-06 -5.4375270047420974e-07
3 19 3.7093036927828334e-06 2.9444227012577572e-07
3 20 2.9278877214795199e-06 -2.5129948352976470e-08
3 21 1.5572413804764406e-06 7.5457090616039936e-08
3 22 1.2479303525177594e-06 -2.3307065052628424e-07
3 23 6.3108140125267454e-07 2.0689753789729047e-07
3 24 7.0906051714345778e-07 -4.5917656879547490e-07
3 25 4.3597882794112216e-07 -6.9690272960946583e-07
3 26 3.4265581245909008e-07 -2.8353807068849823e-07
3 27 8.3728360686152912e-08 -2.1136866496073891e-07
3 28 3.2562201649183924e-07 -2.8453263371340544e-07
3 29 6.6620513278303334e-08 -7.1012321093042155e-07
3 30 1.2217228726656775e-07 -5.3450413162746663e-07
3 31 2.6485212568333677e-08 4.2335926704277792e-08
3 32 1.3189088377390254e-08 2.7986409583836139e-07
3 33 4.0307543807556662e-08 7.4622230795553413e-08
3 34 5.4830840104897374e-07 -1.4666587499931400e-07
3 35 5.8199420848174168e-07 -1.0209716558055014e-07
3 36 5.6467050585108210e-07 3.9900693109140128e-08
3 37 5.9437174234518346e-07 -1.1554044450173279e-07
3 38 5.2946223249533849e-07 -1.9893831767405393e-07
3 39 4.9010720099569278e-07 1.7234240215352748e-08
3 40 2.9316502768580709e-07 1.7327786398121642e-07
3 41 3.4874432630243407e-07 3.3629428204603390e-08
3 42 1.4752393577274823e-07 3.3263815201386695e-07
3 43 1.5590860274039218e-08 6.9578447551355955e-07
3 44 -4.0113156049303166e-07 9.4542392933289768e-07
3 45 1.0537708444271906e-07 8.3717106271386143e-07
3 46 -2.8810663249489008e-07 1.1703616367106522e-06
3 47 -3.3822970166760506e-07 1.3376267823180499e-06
3 48 6.9885806085650225e-07 1.4880267769592904e-06
3 49 2.5332241979291912e-07 1.0400060800184217e-06
3 50 1.7244729518465662e-06 1.5973470941544201e-06
3 51 2.0881549106942506e-07 1.4842228094976138e-06
3 52 1.4011983813369512e-06 2.1819951038015051e-06
3 53 -1.4012606536746178e-06 2.3467067250580561e-06
3 54 -1.0338233463216347e-06 2.1415889819499065e-06
3 55 -5.2656372665488311e-06 2.4617519235913231e-06
3 56 -7.0774283497627629e-06 2.4861807343739043e-06
3 57 -9.0159375183162629e-06 5.7763104782696161e-07
3 58 -2.1636240961915875e-06 1.8021670173791857e-06
3 59 3.6870123641688619e-06 6.9266839725927604e-06
3 60 6.8817618990723619e-06 3.8254884569910087e-06
3 61 9.2516672443287844e-06 1.2742074015780763e-05
3 62 2.9945149576620884e-05 1.3410116561060129e-05
3 63 4.0716760373000628e-05 1.2276130575977410e-05
3 64 8.2615388837402890e-05 1.3316977503320308e-05
3 65 1.4594998626293242e-04 5.6585293241448623e-06
3 66 2.2616353546379140e-04 -8.5812109297462354e-06
3 67 4.1777521673259206e-04 -2.6660541151669203e-05
3 68 6.9704124481881455e-04 -6.4965821941386425e-06
3 69 1.3937873638962411e-03 3.6899923717102720e-05
3 70 2.5923309485282398e-03 3.0731765296039723e-05
3 71 7.2501508204176838e-03 1.4813317785001488e-04
4 0 6.9915848878945698e-03 -1.6873459529091607e-05
4 1 3.0354002200509819e-03 -1.9062120918718269e-04
4 2 1.0778018515394557e-03 -7.6575040777012251e-05
4 3 4.9380407128456910e-04 6.1040910455124485e-05
4 4 2.3527347791761237e-04 1.1020710244337906e-05
4 5 1.6274640272032287e-04 1.6985625383168944e-05
4 6 6.9528594569572209e-05 1.4489371051112426e-06
4 7 2.9121614566499376e-05 -3.2215974875318550e-06
4 8 1.9495478221161126e-05 -1.9097075405354934e-05
4 9 2.4667567438920951e-05 -1.7222077475950811e-05
4 10 1.0430875848995435e-05 -9.9297223517194175e-06
4 11 5.5219248645916144e-06 -9.7749737872332749e-06
4 12 1.8643693829010963e-06 -6.1239631316229719e-06
4 13 3.8295172944413336e-06 -4.3489093159039529e-07
4 14 7.1797804221622159e-06 -6.7410402918464793e-07
4 15 7.7855424197257167e-06 -1.0801911666883263e-06
4 16 5.9648223951685012e-06 -5.8945656501798666e-07
4 17 2.7715839862997273e-06 -4.5884684914096340e-07
4 18 3.5784075671236634e-06 -4.1036256781119760e-07
4 19 2.2185794625402987e-06 4.2954437636649126e-07
4 20 1.8780768723736872e-06 5.8127003350494715e-08
4 21 5.9771635642962257e-07 2.0570100898212006e-07
4 22 6.9388244433573050e-07 -4.2081872098106077e-07
4 23 3.8084127818824549e-07 1.1790560556084633e-07
4 24 3.7200531367598322e-07 -4.9567146097558766e-07
4 25 3.5299385323315946e-07 -8.3317828237335880e-07
4 26 2.8817138821743804e-07 -2.6370062063534103e-07
4 27 9.4934904044323691e-08 -1.6854179082517207e-07
4 28 2.4557257358840082e-07 -1.1836458126730630e-07
4 29 -8.9983574139329942e-09 -5.8215761875342904e-07
4 30 3.4328918478468023e-08 -4.7834556907776775e-07
4 31 1.0229214618687465e-07 2.4445759946384375e-08
4 32 -1.9157723610471097e-08 1.5801970690131569e-07
4 33 -1.3148359938335663e-08 -1.1814533059529152e-09
4 34 4.0153466573696277e-07 -1.4709238746705217e-07
4 35 3.7167531608987380e-07 -9.9797675458162706e-08
4 36 3.7691840017872330e-07 4.5144885020755915e-09
4 37 3.4743003217538235e-07 -9.6302436120391603e-08
4 38 3.0603169568998907e-07 -1.7658779493872417e-07
4 39 3.9527013132815127e-07 -1.4646233644741353e-08
4 40 1.4773034980814313e-07 1.3556535316288247e-07
4 41 2.4966612660659032e-07 7.9485814562080491e-08
4 42 8.8903739201013352e-08 2.1177073943350583e-07
4 43 2.1789576387406717e-08 5.0707557633310344e-07
4 44 -3.5246907606001458e-07 7.3543948296602811e-07
4 45 5.3179807708020678e-08 6.3625752952122357e-07
4 46 -2.2036826660864700e-07 9.7937513667722371e-07
4 47 -1.7628412818121484e-07 9.8432977079641705e-07
4 48 6.1600458927595797e-07 1.2453835884330076e-06
4 49 3.8293337897372561e-08 5.3705758929900274e-07
4 50 1.6561543551932718e-06 8.1875166944758673e-07
4 51 3.3198299541062664e-07 8.6962386950627856e-07
4 52 9.1299871316228471e-07 1.5851109817356072e-06
4 53 -1.2033992403454213e-06 1.8043881161482273e-06
4 54 -2.9045229160887816e-07 1.2438023355718147e-06
4 55 -3.4653389918626401e-06 1.4307011902616506e-06
4 56 -6.0553208519171264e-06 2.1019988659366270e-06
4 57 -7.9007150756972116e-06 -1.9178980628120359e-07
4 58 -1.2638906712842033e-06 5.5564095193969351e-07
4 59 2.4763239126093342e-06 5.5105272057888150e-06
4 60 3.4934489126000850e-06 -6.4570296096853491e-07
4 61 3.6626731524224320e-06 6.4647263796932018e-06
4 62 2.1136959699291528e-05 1.2485039311056907e-05
4 63 2.3679526402995227e-05 1.4541892670906620e-05
4 64 4.8619474255486570e-05 1.1971043563783173e-05
4 65 9.3348246809887687e-05 4.2245754439204463e-06
4 66 1.3624768064893046e-04 -1.0023417079363229e-05
4 67 2.6215846216961575e-04 -2.5917582495442268e-05
4 68 4.1689586558952684e-04 -1.1647526280174944e-05
4 69 7.5531213257648826e-04 4.1721858219129141e-05
4 70 1.3221941872263842e-03 -3.3595922374116463e-05
4 71 3.0366909601957717e-03 1.4614125984339200e-04
5 0 2.5600903136250510e-03 -3.1721664937624781e-04
5 1 1.2411542183942607e-03 -7.7374028212566894e-05
5 2 5.1623576662007610e-04 -5.3536669208589839e-05
5 3 2.4058223593560898e-04 4.9164151570791710e-05
5 4 1.1071826108960643e-04 1.4323367970315268e-05
5 5 9.9691193479415450e-05 1.4660951521789233e-05
5 6 3.3951344373184937e-05 1.9067174216617703e-07
5 7 1.0574557342763838e-05 -8.7332406152529784e-06
5 8 1.2156172917112263e-05 -1.6890001405581668e-05
5 9 1.7441637148527245e-05 -1.2594604804737979e-05
5 10 4.4290917437220506e-06 -7.5324166615512281e-06
5 11 1.3275930204884105e-06 -7.3195227713642899e-06
5 12 -1.4403370924712248e-06 -5.7342634700081223e-06
5 13 1.9109873678610603e-06 8.1341913932004461e-07
5 14 6.0726141011158583e-06 -1.7807462927202062e-07
5 15 5.9237084349320772e-06 -4.1447423297628068e-07
5 16 3.7117600770183456e-06 -3.6010202676919056e-07
5 17 1.2681941318567041e-06 -2.5542575625016331e-07
5 18 2.1676161267694494e-06 -2.0219173102747949e-07
5 19 1.2425416010537569e-06 4.8109284000059844e-07
5 20 1.2297085788246332e-06 1.6294908193400572e-07
5 21 2.2365269812500429e-07 4.5376776558867383e-07
5 22 4.8358888646519953e-07 -4.1234810107207515e-07
5 23 2.9813930755061697e-07 7.2098096256799100e-08
5 24 1.2465505180205672e-07 -4.4274108649754512e-07
5 25 2.3482040812050418e-07 -8.1502538207798801e-07
5 26 1.0149487399814071e-07 -2.3350145515335783e-07
5 27 8.0444883815938476e-08 -5.7346160366012691e-08
5 28 1.7080535390395174e-07 3.8856962225521718e-08
5 29 3.0582890436164741e-08 -4.9236811054955866e-07
5 30 -5.2449823409466873e-08 -3.6958819267315362e-07
5 31 6.4204398710914142e-08 2.1773948221473139e-08
5 32 -4.1030818392240265e-08 2.5857264412174662e-08
5 33 -5.1877583230893723e-08 -4.1156794282427436e-08
5 34 2.6352164620825455e-07 -1.2961856907477876e-07
5 35 2.3263320988390504e-07 -5.6398536855408030e-08
5 36 2.3545872526401318e-07 -5.4536703319607198e-08
5 37 1.9155473776394203e-07 -5.2140319424972928e-08
5 38 1.2873764129043878e-07 -1.0312813085240654e-07
5 39 3.5689468993515220e-07 -5.3873783283508972e-08
5 40 4.9056300102020667e-08 1.2559722989598734e-07
5 41 1.4147346244920060e-07 1.1732654451184834e-07
5 42 -1.8140851380104896e-08 1.2068345089407844e-07
5 43 7.7685461178142360e-08 3.5297197156338514e-07
5 44 -1.8259909314966034e-07 4.2551502911237722e-07
5 45 -1.9022778747646604e-08 4.6923815287222678e-07
5 46 -1.5410936785223746e-07 7.3534792197322143e-07
5 47 -1.1300420024972314e-07 6.3255359705588925e-07
5 48 4.8815497474456587e-07 9.2121282727266108e-07
5 49 -1.7980020227933754e-07 1.6547471990260292e-07
5 50 1.3653470582330475e-06 -3.5084828548676389e-08
5 51 4.7003911983779936e-07 2.9457241375340160e-07
5 52 4.7107797050190339e-07 9.3263745521240876e-07
5 53 -1.3793893652085619e-06 1.3905769610413636e-06
5 54 2.4693775503421470e-07 4.2511154988272218e-07
5 55 -2.0669259850173817e-06 2.9155013709057382e-07
5 56 -4.7947589615613939e-06 1.8573998214320091e-06
5 57 -6.6886005400288606e-06 5.5832158085945539e-08
5 58 -1.8413849514946228e-06 4.3372042180741779e-07
5 59 -4.1244613205551847e-07 3.8930777971569314e-06
5 60 1.9235702920709787e-06 -3.3861523723548555e-06
5 61 7.3306293487239304e-07 1.6690676153622277e-06
5 62 1.5877222459348764e-05 1.1348728811752695e-05
5 63 1.1636487730921699e-05 1.6514348391272809e-05
5 64 2.7104481878235167e-05 4.8236881297104689e-06
5 65 6.0375194133342936e-05 4.1578582225862348e-06
5 66 8.0017330975033570e-05 -1.4352859858890642e-05
5 67 1.6206721747669199e-04 -2.5353581766581496e-05
5 68 2.3929123299318988e-04 -1.4230441294751825e-05
5 69 3.7296611025858483e-04 3.9204493557481749e-05
5 70 6.8465629060019480e-04 -2.8012629801878267e-05
5 71 1.0662338480390450e-03 1.1192514390190561e-04
6 0 9.7319421588223606e-04 -5.2240119608558920e-04
6 1 5.1079221820439220e-04 6.3263732528846752e-07
6 2 2.5286996523394412e-04 -2.6271172391507942e-05
6 3 1.1924531287425268e-04 3.9028644980380288e-05
6 4 5.0893086724140837e-05 7.3639441444756039e-06
6 5 6.0622135742149973e-05 1.6328378681433745e-05
6 6 1.5613146452916723e-05 -6.9117330926455137e-07
6 7 -5.1643732639580539e-07 -1.2689115779451579e-05
6 8 8.5842630056775049e-06 -1.3648766880444413e-05
6 9 1.0682725863549888e-05 -8.8789340977828255e-06
6 10 1.4907792756607942e-06 -5.1881826617736895e-06
6 11 6.4565870456115534e-07 -5.5190645818555841e-06
6 12 -2.2771859195844839e-06 -4.7434344665958746e-06
6 13 8.3182865340466056e-07 1.4234370500778766e-06
6 14 4.6802071336170932e-06 -7.8229218087851837e-08
6 15 4.5424633543362111e-06 -2.2625894690585055e-07
6 16 2.3308459833705772e-06 -1.7290240952195533e-07
6 17 4.5356518302546128e-07 2.7132664998792202e-08
6 18 8.2857224892976458e-07 6.4741677765612201e-08
6 19 6.3561698705261239e-07 5.6920388946508357e-07
6 20 8.4232547762761642e-07 2.8147454984381584e-07
6 21 1.5413679978566828e-07 5.7662552675015341e-07
6 22 3.7641481426784353e-07 -3.4571422848902322e-07
6 23 2.3403416921542268e-07 1.0703809548314795e-07
6 24 2.5223074631879863e-08 -3.4067816932136926e-07
6 25 1.8845388253257577e-07 -7.2084858858731042e-07
6 26 -9.7070918356049588e-08 -1.1695680552015179e-07
6 27 1.4661883500474482e-08 -2.0018439758595480e-08
6 28 9.4150401476645680e-08 1.0518333957339253e-07
6 29 7.2406022003119907e-08 -3.5028861564677080e-07
6 30 -1.4365521685070863e-07 -3.1795786116360642e-07
6 31 -3.8152040365535059e-08 5.8500472644070214e-08
6 32 -2.9634496158948620e-08 -1.9336659264202500e-08
6 33 -2.9791515918895031e-08 -6.4569454943911871e-08
6 34 1.4482458919552550e-07 -7.5007662495739807e-08
6 35 1.7004048927846619e-07 -8.3366489133273630e-09
6 36 1.0971000339351073e-07 -9.3114507498307440e-08
6 37 1.0898837030701679e-07 4.8116867471104718e-09
6 38 3.0638716020281499e-08 -5.8616797668825281e-08
6 39 3.1059309937281011e-07 -5.5635209823106866e-08
6 40 -3.3127616118239018e-09 1.2589737660802692e-07
6 41 6.8522564668232277e-08 1.6495519235714087e-07
6 42 -1.2524647891778542e-07 7.1522397820980710e-08
6 43 1.3207505286769219e-07 1.4973249638412479e-07
6 44 -2.6646139407756715e-08 1.0055986257083504e-07
6 45 -1.1823566810510267e-07 3.2992235225148815e-07
6 46 -2.2136200605236166e-07 4.3259491718949660e-07
6 47 -6.3733572847144824e-08 2.3584323352948469e-07
6 48 3.3076603634942566e-07 5.6724415418959405e-07
6 49 -3.0968557865810226e-07 -1.6664076898103541e-07
6 50 1.0249902541136231e-06 -5.3110341052250855e-07
6 51 3.3839538193565010e-07 -9.0944439530899077e-08
6 52 1.8648193935398415e-07 8.7990123937555602e-08
6 53 -1.7788527675507388e-06 9.9493583887611707e-07
6 54 6.0951050046721366e-07 -2.5742587497317798e-07
6 55 -9.6725669937280714e-07 -2.3092206562118837e-07
6 56 -3.3297286040584237e-06 1.6313632806253784e-06
6 57 -5.1316625980286428e-06 8.1944206551742390e-07
6 58 -2.1423977107595315e-06 9.9095111448597269e-07
6 59 -3.2289588035846785e-06 2.5074435381951353e-06
6 60 2.9962588021899870e-07 -3.6917818010233462e-06
6 61 -4.9708438375474836e-07 -2.0951215959735438e-06
6 62 1.1919545196552789e-05 9.1506302559986276e-06
6 63 5.0433413365961126e-06 1.4772491133492911e-05
6 64 1.4896543549877426e-05 -1.9212982571659804e-06
6 65 3.8471010003360897e-05 2.5247990024652586e-06
6 66 4.7803781780430319e-05 -1.7390442403651888e-05
6 67 9.6275122221510848e-05 -2.0647962219017891e-05
6 68 1.3850334851230078e-04 -1.6954615588193977e-06
6 69 1.5528686998883559e-04 2.4465408103132617e-05
6 70 3.6011129852146675e-04 -2.7667432376579603e-05
6 71 4.2816837734703219e-04 1.3371447738018592e-04
7 0 3.9066827758289021e-04 -4.8049202855852963e-04
7 1 2.7329170891475610e-04 3.1663991992684825e-05
7 2 1.1553899936362919e-04 -1.1219523883080035e-05
7 3 6.4851616749156133e-05 3.4679829528811680e-05
7 4 1.7269219583611673e-05 2.6879482730535640e-06
7 5 4.0137106952790346e-05 1.2264290803259301e-05
7 6 9.0815056198276363e-06 2.2856586815245416e-06
7 7 -8.2342177711617783e-06 -1.0885082108121256e-05
7 8 6.0688176065910748e-06 -1.0710159689218514e-05
7 9 6.1406295089907575e-06 -5.2919117453415557e-06
7 10 2.6828532487680259e-06 -3.2496817992962965e-06
7 11 1.8333351112279978e-06 -4.2310783879435029e-06
7 12 -1.5723146430594476e-06 -3.4174338622311916e-06
7 13 1.9663313790837526e-07 1.2775911742637568e-06
7 14 3.4443564038417881e-06 -2.9432793530892783e-07
7 15 3.5519673269218809e-06 -2.4247589157773418e-07
7 16 1.1720325191861891e-06 -9.8513677900754289e-08
7 17 1.6186956691561736e-07 8.0160707782389757e-08
7 18 -1.5802504315481111e-07 1.3341606443497228e-07
7 19 3.5274431374176475e-07 6.2503239794942106e-07
7 20 5.3906692962733044e-07 3.7750589111982591e-07
7 21 1.1101029485471312e-07 4.9472409836681743e-07
7 22 3.5883700430864508e-07 -3.1479644039006269e-07
7 23 2.1270230607478159e-07 1.4410798651464407e-07
7 24 7.7904715950371741e-08 -2.3923055924090662e-07
7 25 1.1456780978026897e-07 -5.8691222975977843e-07
7 26 -2.3986430951212358e-07 -2.6245757031890674e-09
7 27 -3.7563123343925876e-08 -5.5007390477575284e-08
7 28 -1.5293020389695900e-08 3.0088236040361663e-08
7 29 8.3876019167051843e-08 -1.8308808688659312e-07
7 30 -1.8896229638858704e-07 -2.9916398121647518e-07
7 31 -1.1301534973386019e-07 1.3352668444185397e-08
7 32 -2.9209144111905711e-08 -6.9502185062614520e-08
7 33 3.7166784679573993e-08 -2.6822370367002021e-08
7 34 9.2605457978758447e-08 2.0447504277197917e-08
7 35 1.2840120646107764e-07 8.6705165105538850e-09
7 36 3.6769076441745934e-08 -1.0885319330742326e-07
7 37 7.0521333273762177e-08 7.1621566334213768e-08
7 38 -1.6097477408492639e-08 -3.9978291497797868e-08
7 39 2.8444212413466511e-07 -5.8656448311892073e-08
7 40 -5.9886976709791353e-09 8.6674557116042648e-08
7 41 2.4572988674805130e-08 1.9470106280544242e-07
7 42 -1.7790156390112278e-07 1.3225126701775977e-08
7 43 1.4946231332097185e-07 1.4828566980797107e-08
7 44 7.8863705709823376e-08 -4.3843671453817916e-08
7 45 -1.7979488758395485e-07 1.8593708680774634e-07
7 46 -3.8861787344459871e-07 1.1968306606565728e-07
7 47 -9.3065533290915604e-08 -8.7331439648505650e-08
7 48 1.3464202138873478e-07 2.5525836925417112e-07
7 49 -3.4555367768327095e-07 -3.0415935744439535e-07
7 50 7.4857191198364177e-07 -6.5330039148940102e-07
7 51 7.9095505466070377e-08 -8.7557185588622495e-08
7 52 7.1216013115075648e-08 -3.8135222535622075e-07
7 53 -2.0219997455229629e-06 8.5246834834108921e-07
7 54 1.0241154085367695e-06 -5.2940301916782911e-07
7 55 -2.9227792640110130e-07 -3.1505408003683919e-09
7 56 -2.0526803874376360e-06 1.1272540871614106e-06
7 57 -3.4276286274186064e-06 1.6625389669257518e-06
7 58 -2.2571370351374046e-06 1.5900505181448669e-06
7 59 -4.3916427382382791e-06 9.4452614309993113e-07
7 60 -9.4422868832933772e-07 -2.5139583420574109e-06
7 61 -2.1019043005249310e-06 -2.6046210452490535e-06
7 62 7.6380929072828095e-06 8.9453416356473636e-06
7 63 6.2888498835571307e-07 1.0699611570709978e-05
7 64 9.0121213374759701e-06 -5.3267547657705676e-06
7 65 2.1624610150591765e-05 3.1400316844841388e-06
7 66 3.1672021163333541e-05 -1.9793357964917594e-05
7 67 5.8365115058866658e-05 -1.3237005997520432e-05
7 68 7.8404343629533103e-05 1.5152848244965635e-05
7 69 4.8255850715764941e-05 1.9186111736798042e-05
7 70 1.8453163496027594e-04 -3.0589138305391507e-05
7 71 1.7452441214422276e-04 1.1077389170646617e-04
8 0 -5.8975251956891247e-05 -3.2429552235138334e-04
8 1 1.4317989017680535e-04 6.1030047438917747e-05
8 2 7.1044332609428951e-05 -1.8254225282061891e-05
8 3 3.8363407540727529e-05 2.0487327263988274e-05
8 4 1.8634240115240898e-06 2.1492086278226043e-06
8 5 2.8934415789179885e-05 5.6007336042870399e-06
8 6 8.0909657856230266e-06 5.9747250211630451e-06
8 7 -1.0917714544108636e-05 -8.5103948419938527e-06
8 8 7.5629813218918901e-07 -7.4058882720537226e-06
8 9 3.6357675504792388e-06 -2.9219086028621648e-06
8 10 5.1686881391149504e-06 -9.6328219862127660e-07
8 11 2.8393467195923118e-06 -2.9895950936145512e-06
8 12 9.9800825320727827e-10 -2.0025107633979086e-06
8 13 -4.7571494939431583e-07 1.1490285280868667e-06
8 14 2.3973462263412955e-06 -5.7491869858960497e-07
8 15 2.6099329994331546e-06 3.4243450869866152e-08
8 16 4.5953599645803479e-07 -3.2425730502575746e-07
8 17 1.1736355248117879e-07 2.8195459888364728e-07
8 18 -6.6324550220053246e-07 1.4753591536567467e-07
8 19 1.7399569497141682e-07 3.9465349162483859e-07
8 20 3.9762972514326991e-07 2.6208990206174156e-07
8 21 1.2119273907866564e-07 2.1281444535261729e-07
8 22 3.4655721127401129e-07 -3.2249525672647849e-07
8 23 2.1089590832405998e-07 1.2496647480165968e-07
8 24 1.6353934706511069e-07 -1.5448755556908099e-07
8 25 2.1685230447860167e-08 -5.6137738970724283e-07
8 26 -3.3753114419158408e-07 5.4351871550939085e-08
8 27 -7.0384179254985376e-08 -9.3351934249488274e-08
8 28 -1.3679557214347940e-07 -5.7256828290102874e-08
8 29 3.0588829774675633e-08 -6.7908284427430520e-08
8 30 -1.6208869545440636e-07 -2.7150827761660226e-07
8 31 -1.1635619566135829e-07 -4.9883769098583697e-08
8 32 -6.4665988069086683e-09 -7.7162598482713315e-08
8 33 4.9738270445785048e-08 3.8286797729254686e-08
8 34 1.1539085927616920e-07 9.3062380760032015e-08
8 35 1.0767417576857603e-07 -9.0747406616805159e-09
8 36 -3.0837968241623426e-09 -1.3362873535073303e-07
8 37 4.1717866158877209e-08 1.0896502517622189e-07
8 38 -5.6401024966799566e-11 -1.7159124821883366e-08
8 39 2.6315343425038637e-07 -6.2223116397761257e-08
8 40 1.0116977657968326e-08 1.5509633441137909e-08
8 41 2.1633317594324121e-10 1.9986575341501597e-07
8 42 -1.0374667500359404e-07 -4.6271681954074241e-08
8 43 1.2477213079977719e-07 -1.1485660302734067e-07
8 44 1.1743762877919726e-07 -1.4109206524269691e-07
8 45 -2.0420160886529185e-07 4.8365730963132370e-08
8 46 -5.0214579813639108e-07 -8.1021657040094141e-08
8 47 -2.6992130231321238e-07 -2.7870534783892313e-07
8 48 -1.0569128415171285e-07 3.5851125814768375e-08
8 49 -3.6716225529928696e-07 -2.3600384238004268e-07
8 50 5.2170178747948305e-07 -5.8762264424321119e-07
8 51 -2.2998721363889783e-07 4.4383075110239881e-07
8 52 1.1908830703679163e-07 -3.4841337942822403e-07
8 53 -1.7863899493485920e-06 7.4221523712739182e-07
8 54 1.2921120630466049e-06 -4.2372493126674399e-07
8 55 -4.0076922049375317e-07 5.6297324750341602e-07
8 56 -7.7847876899922243e-07 2.3022017628473943e-07
8 57 -1.8839103969729547e-06 2.1053653331480657e-06
8 58 -2.3605025954186726e-06 1.3862649306108637e-06
8 59 -3.1224141485958331e-06 -7.1219000284171240e-08
8 60 -1.1232476761163868e-06 -1.2051021016698462e-06
8 61 -2.9606354542092478e-06 -2.2894436081272848e-06
8 62 4.9425209157087466e-06 9.8037644193846866e-06
8 63 -2.1521144748600035e-06 5.7730579703567436e-06
8 64 7.3041568912876997e-06 -5.9124631982376413e-06
8 65 1.2122397736060699e-05 4.0374000019071824e-06
8 66 2.0985182707624004e-05 -2.0439084596602471e-05
8 67 3.3261743357095787e-05 -3.2215113872183764e-06
8 68 4.9480926390450225e-05 2.1277258855458749e-05
8 69 5.9882986823871144e-06 2.7284918897197355e-05
8 70 8.9243441179909770e-05 -3.3991257002748761e-05
8 71 6.0448295969092836e-05 8.8756527333134518e-05
9 0 3.2198469465698947e-06 -3.1553626723997380e-04
9 1 7.5015011697353182e-05 6.7404476169993972e-05
9 2 6.9544615758266015e-05 -1.7296857198468059e-05
9 3 1.8899783247379071e-05 2.2638317246792384e-06
9 4 -3.5604483881737282e-06 1.7760312888705001e-07
9 5 2.0933208608349207e-05 1.6859366005212713e-06
9 6 4.9663192839010634e-06 2.5000459816415051e-06
9 7 -8.1511377046746272e-06 -5.2048616924904976e-06
9 8 -4.8198529140009617e-06 -5.1785966692963154e-06
9 9 2.8131948623574227e-06 -2.2312113723460766e-06
9 10 7.0340499128613001e-06 1.6236492704695498e-06
9 11 2.5061687488549014e-06 -2.2756414292361762e-06
9 12 9.8920746871388443e-07 -1.3730375779422200e-06
9 13 -7.0701066831321830e-07 3.7785893351707710e-07
9 14 1.7380624747588178e-06 -9.4084297034266154e-07
9 15 1.5369073130166550e-06 2.1970408112138737e-08
9 16 1.8723492826289991e-07 -5.3428512955264618e-07
9 17 3.8280210623872420e-07 5.2589002766722050e-07
9 18 -7.1747715172675610e-07 2.2584715598668595e-07
9 19 7.6931812054022395e-08 -6.2187954484067794e-08
9 20 1.9018263157211127e-07 1.0479249291014578e-07
9 21 1.4218334907504097e-07 -1.1416097482244767e-07
9 22 2.9217482141568541e-07 -2.3661504168054229e-07
9 23 1.9233955397992665e-07 9.6966504089934026e-08
9 24 1.7437689935647843e-07 -9.7722682460922460e-08
9 25 1.5753263300325884e-08 -5.9785846033234831e-07
9 26 -4.7440658119197807e-07 2.9997072304092250e-08
9 27 -1.1422749053548789e-07 -1.0703438818429189e-07
9 28 -2.7978165774941379e-07 -1.0599239303672873e-07
9 29 -1.6743924699911129e-08 2.2778064912713008e-08
9 30 -1.0190416306709089e-07 -2.1379747010315797e-07
9 31 -1.1825876107773049e-07 -8.4566524067053523e-08
9 32 1.1986766708910984e-08 -2.7245000312118241e-08
9 33 4.5362217560688654e-08 1.3869426554742060e-07
9 34 1.9589190176664068e-07 1.2592917488334733e-07
9 35 7.6934987946719791e-08 -1.8645351329841990e-08
9 36 -3.1904123600907224e-08 -1.5427894426984538e-07
9 37 3.3536110536261402e-08 1.1105077126163963e-07
9 38 2.2999840523102133e-08 3.1045750711951513e-09
9 39 2.2304308475165244e-07 -7.0031189829229503e-08
9 40 -1.7983993333955305e-09 -3.2556696525198194e-08
9 41 1.0543135206060131e-08 1.5382415136007361e-07
9 42 9.7678532462398972e-09 -9.6958436322886478e-08
9 43 1.2739154591153765e-07 -1.6494463999831111e-07
9 44 8.4029679299388632e-08 -1.2266844580421088e-07
9 45 -1.2155110522221892e-07 -8.2307964048251841e-08
9 46 -5.6130521973990828e-07 -3.3831835331942013e-08
9 47 -4.8754334064613841e-07 -3.8502617796952487e-07
9 48 -3.1927002125753237e-07 -4.2960469100635365e-08
9 49 -3.5743531213663059e-07 -1.1711734282903945e-07
9 50 2.7331031383730877e-07 -6.0628225437994438e-07
9 51 -5.6554556464972767e-07 8.8940054594289619e-07
9 52 9.7835236257999100e-08 9.5860816814261859e-08
9 53 -1.4056791226374992e-06 7.3680968085749533e-07
9 54 1.1434720719493606e-06 -2.6500713050190687e-07
9 55 -6.7782083740165485e-07 2.2452331465974296e-07
9 56 -1.4900076717926960e-07 -4.8458076693398457e-07
9 57 -1.5343758731042025e-06 2.1946050834047090e-06
9 58 -2.9261692454655727e-06 6.5749781942821653e-07
9 59 -7.8127854154686493e-07 -2.0512382974212786e-07
9 60 -1.4851303358052008e-06 -1.5489718790033215e-06
9 61 -4.2691990981846748e-06 -2.1272584181980478e-06
9 62 1.9023181910816832e-06 8.1958564773698054e-06
9 63 -5.1775040726887135e-06 1.3849443449764892e-06
9 64 9.6675695227570397e-06 -6.3260870870193697e-06
9 65 7.3001348408468652e-06 1.8420087014684514e-06
9 66 1.2768383618772902e-05 -2.0812056336837112e-05
9 67 1.3350972026394990e-05 1.8967111449067792e-06
9 68 4.1368183604149463e-05 2.0004005266228521e-05
9 69 7.8007557098967395e-06 4.4359792193372885e-05
9 70 3.7725376896011602e-05 -4.3057278081642292e-05
9 71 2.1155368354867834e-05 4.1890025728716934e-05
10 0 6.0136493481113959e-05 -2.1312654469603671e-04
10 1 3.5794621970580253e-05 4.0505218935859716e-05
10 2 7.1678672019053808e-05 -2.3812287299043441e-05
10 3 5.9685829808158761e-06 -1.2703036328529964e-05
10 4 -2.1783335511871272e-06 -3.4373664239847293e-06
10 5 1.9685772626244970e-05 -2.0042321134095304e-07
10 6 4.8127899720518938e-07 -1.2389212374777041e-06
10 7 -7.7370168704181524e-06 -1.4396914154416043e-06
10 8 -6.7233773762035708e-06 -2.0027351140997051e-06
10 9 3.2823422026057517e-06 -1.3782388453680015e-06
10 10 8.5652808347851111e-06 3.4018385816468920e-06
10 11 1.5928170128119377e-06 -1.3681907819775796e-06
10 12 8.9089014734357844e-07 -9.4282738621311373e-07
10 13 -1.2939177220450428e-06 -9.2038603377284584e-07
10 14 1.1414685048479303e-06 -1.3357615896614367e-06
10 15 9.9358292389244630e-07 1.3637614719082176e-07
10 16 2.6188333489871248e-07 -8.8541242005547587e-07
10 17 5.2422916168085102e-07 9.7591737592060356e-07
10 18 -4.3077443478143345e-07 4.3666385038960491e-07
10 19 -1.8026456615927326e-07 -3.5593144289056703e-07
10 20 1.2744571352691342e-07 -5.9042261909464573e-09
10 21 3.7788207671811361e-08 -2.8809553727494949e-07
10 22 1.9587520369389656e-07 -3.3208573521820711e-08
10 23 1.3399842943425661e-07 1.1322066755252239e-07
10 24 1.7010382251713393e-07 -1.6855539772447396e-08
10 25 5.6945213667090528e-09 -5.7309373191975103e-07
10 26 -5.2292586041009270e-07 -9.5352735699551030e-09
10 27 -1.0040456459964870e-07 -1.3182747497218014e-07
10 28 -3.5914555438547088e-07 -1.4701587622288478e-07
10 29 -5.5161369482637072e-08 9.2596516991716865e-08
10 30 -1.6936360579374449e-08 -1.3909899764694784e-07
10 31 -1.0655778935542918e-07 -7.5792592588894559e-08
10 32 4.4237636482147365e-08 -1.1656936579543823e-08
10 33 8.7554013626163219e-09 2.2931460083908250e-07
10 34 2.2567156200452814e-07 1.1435284212123951e-07
10 35 5.2904242817534382e-08 -1.7729491130202080e-08
10 36 -6.1623124729273446e-08 -1.4289755754315982e-07
10 37 2.5666666641483383e-08 8.7822901566670392e-08
10 38 2.0657803525611054e-08 1.3336780593653960e-08
10 39 1.3703382293348714e-07 -7.9159651111945072e-08
10 40 -1.9895948410919156e-08 -5.9770570157198451e-08
10 41 3.9542214448659263e-08 1.2618021229387873e-07
10 42 9.2947155322999469e-08 -1.3708746440754501e-07
10 43 8.2294697130837509e-08 -1.8402692997982640e-07
10 44 -1.2164226709427579e-08 -1.7176035546067049e-08
10 45 2.5105185527379771e-08 -1.5440091774553317e-07
10 46 -5.1851721493185606e-07 9.8188383790353941e-08
10 47 -6.3308691453831156e-07 -4.2251776904254060e-07
10 48 -5.0262585435862045e-07 -1.3181215671567291e-07
10 49 -1.4377826731811325e-07 2.7037258803357422e-08
10 50 -5.3938921818657339e-08 -5.5391446288899184e-07
10 51 -8.6820934525880575e-07 1.0213149338860563e-06
10 52 1.0119987449446763e-07 3.3194289521450062e-07
10 53 -1.0217828124812867e-06 8.4942425618211671e-07
10 54 7.8138978777108221e-07 -2.7099317257768143e-07
10 55 -1.4949932612702657e-06 -3.3622501555518235e-07
10 56 3.2610729630218021e-07 -4.9311303046222528e-07
10 57 -2.3723037780869637e-06 2.3162947354377943e-06
10 58 -2.8418392347606918e-06 1.0204024171589538e-07
10 59 -4.2056510855874063e-07 -4.2954192522250985e-08
10 60 -2.2734245177434209e-06 -1.3454401398922959e-06
10 61 -3.5607086065305430e-06 -3.4900733310657892e-06
10 62 -2.6078781151590376e-06 4.2405179542756728e-06
10 63 -6.1297623747869294e-06 -2.1254732819535297e-06
10 64 1.0378348669744996e-05 -6.0330994870379753e-06
10 65 5.6213338295694489e-06 -5.2414392839748418e-07
10 66 7.7188376428775114e-06 -1.7871942251538169e-05
10 67 1.1718680241189294e-06 2.5441867564179116e-06
10 68 3.4673097943238167e-05 1.6872154820137257e-05
10 69 9.6288071305057721e-06 5.6161215019815138e-05
10 70 2.2197311332465255e-05 -4.5048688111662824e-05
10 71 1.8242525901850435e-05 2.1928982662981585e-05
