0 0 1.1232653472770266e+00 -5.4047535988278347e-21
0 1 1.3066749475675640e-01 2.2391610018244863e-19
0 2 4.4036957200379999e-02 -8.2049125475108955e-21
0 3 2.2347514617687619e-02 1.5478366760497488e-21
0 4 1.3052541742303966e-02 8.9677448785266817e-22
0 5 8.3524620584898759e-03 -9.1427010140115006e-23
0 6 5.5029143527518540e-03 2.0354786441223068e-22
0 7 3.4222376344065527e-03 -2.3475308818177785e-22
0 8 2.1639898752611026e-03 -1.2041142459234305e-22
0 9 1.4086102395568169e-03 6.4845571064465384e-23
0 10 9.2404793516495361e-04 -2.8614184271557596e-23
0 11 6.3899986959998047e-04 1.6449497962698010e-23
0 12 4.4253795390709200e-04 7.0177205096182893e-24
0 13 3.0426856391626124e-04 -6.9948900644211481e-24
0 14 1.9955731520969537e-04 1.0206101994850844e-23
0 15 1.2715044585254634e-04 -1.5983361529198861e-24
0 16 8.4620115580423893e-05 1.5167413441129592e-24
0 17 5.7457640874243555e-05 -1.9828537520245939e-24
0 18 3.8354737090516748e-05 1.2239232434435737e-24
0 19 2.6072479879449458e-05 -1.0649600071104897e-24
0 20 1.8517719527480114e-05 -6.3362260398571180e-25
0 21 1.3580939014192111e-05 4.8685129873947237e-25
0 22 9.7150914710391385e-06 -2.2445880816568186e-27
0 23 6.7394547121622708e-06 1.8896706778592480e-25
0 24 4.4167513299258457e-06 7.8719385347835751e-26
0 25 2.9556547786272266e-06 -6.1888257993773386e-26
0 26 1.9884143414449758e-06 5.0930498298942639e-26
0 27 1.3546966132580310e-06 -1.7768612043791113e-26
0 28 9.3117134428706592e-07 3.3303529398179856e-27
0 29 6.4985980701863124e-07 1.6614130311896110e-26
0 30 4.4127875792024342e-07 2.3052113148837513e-26
0 31 3.1326791319214185e-07 -8.1952970905636095e-28
0 32 2.2668352173646394e-07 -5.2244167539761477e-28
0 33 1.6390609592251392e-07 -5.4832029022972278e-28
0 34 1.2230544303692177e-07 6.4801512872955392e-27
0 35 9.7622049660221874e-08 -3.7766881839086211e-27
0 36 8.6030243007352211e-08 -9.7617301761934153e-29
0 37 8.4726397429013543e-08 2.0919786107339000e-27
0 38 1.0063565623567359e-07 -7.5719370507937120e-30
0 39 1.3990107958951611e-07 -2.9920598372253243e-27
0 40 2.0742755752776731e-07 -3.8445908760280675e-27
0 41 3.0648189618157440e-07 8.1842828488813658e-27
0 42 4.4543301923392385e-07 2.4469930614942433e-27
0 43 6.2643973807399658e-07 -1.0555646967509290e-26
0 44 9.0197837684093952e-07 -1.4709709913694346e-26
0 45 1.3182364311780085e-06 -2.2709409492137952e-26
0 46 1.9576005141899472e-06 -4.5658148877650838e-26
0 47 3.0026244680483403e-06 -1.3269425295630016e-25
0 48 4.5170961854471889e-06 6.4583765703903652e-26
0 49 6.6088767085486590e-06 8.9694100519896875e-26
0 50 9.5905571681841634e-06 1.2591005337185420e-25
0 51 1.3972120476351717e-05 4.7016164139871552e-25
0 52 2.0335823565070369e-05 7.1624667291983666e-26
0 53 2.9167125553421013e-05 -7.1806210032505179e-25
0 54 4.2604824692787951e-05 -3.3789032361866647e-25
0 55 6.3776257082165906e-05 1.3100384034467242e-24
0 56 9.7017032731248657e-05 3.4798465842719850e-24
0 57 1.4405723468291124e-04 1.2323161618200211e-24
0 58 2.1229915236249219e-04 -2.7178809791909989e-24
0 59 3.1547542640486938e-04 -1.0089658733798698e-23
0 60 4.9209891393194310e-04 5.4008968819200201e-24
0 61 7.4154913308270673e-04 -4.9268192933210830e-24
0 62 9.9681599589457651e-04 -2.9504135486334701e-23
0 63 1.3874952197710480e-03 -1.3869629082987771e-23
0 64 2.1032130235004612e-03 -3.7370783410969495e-23
0 65 3.4598895862656904e-03 -1.5540324195506409e-22
0 66 5.4951271981282246e-03 1.4302416242266155e-22
0 67 8.9728654001514484e-03 8.9949479979277784e-22
0 68 1.4524898486649446e-02 7.2822882209244276e-22
0 69 2.4935897475654160e-02 1.3721313076024319e-21
0 70 4.6383508658354902e-02 1.6830243963703875e-20
0 71 1.3351013032332232e-01 1.7109637475167376e-19
1 0 3.2191071761792467e-01 1.1372137733882503e-03
1 1 7.7188852578835759e-02 -2.6803698164187730e-04
1 2 3.0869114643814297e-02 2.1281872675072647e-04
1 3 1.6480779845796684e-02 1.3053456614029124e-05
1 4 9.7990900427016841e-03 -4.7267227408242045e-05
1 5 6.3278863024201961e-03 7.2194279068910769e-05
1 6 4.1746222681328157e-03 -2.1286193485608631e-05
1 7 2.5952060693156922e-03 6.2484045320471239e-06
1 8 1.6493766785789887e-03 8.0146785349126119e-06
1 9 1.0747143544833017e-03 4.4293371078355363e-06
1 10 7.0714494495653299e-04 1.9127226736647916e-06
1 11 4.8891496374289269e-04 2.7737744451197293e-06
1 12 3.3688700111943285e-04 2.1438916707078099e-06
1 13 2.3217325148984150e-04 2.5856859628713404e-06
1 14 1.5255066174863630e-04 1.3752621525810220e-06
1 15 9.6846367885243618e-05 8.3607458324597482e-07
1 16 6.4607069002068206e-05 4.7829641910598327e-07
1 17 4.3793676681590650e-05 2.8588771838450776e-07
1 18 2.9268805202742723e-05 7.1775330052294846e-08
1 19 1.9938182451132129e-05 7.2901516155142016e-08
1 20 1.4149744688740697e-05 1.0615502375799395e-07
1 21 1.0360489774146159e-05 -3.1188962951362905e-08
1 22 7.4082378352557783e-06 4.4438324167519520e-09
1 23 5.1425610447717591e-06 -4.2596857091087413e-08
1 24 3.3646967425051162e-06 -3.0826034018596858e-08
1 25 2.2525967021388782e-06 -1.0513275165097701e-08
1 26 1.5178167986128231e-06 9.9845768310552045e-11
1 27 1.0349154970005629e-06 -3.8475150024143243e-09
1 28 7.1005831771061837e-07 -4.6126201836485974e-09
1 29 4.9513973420559254e-07 7.0587899048794898e-10
1 30 3.3612906978204571e-07 4.9898658712299941e-10
1 31 2.3890895913143934e-07 -5.5452801055383813e-10
1 32 1.7251492300542579e-07 -3.4041242417395502e-10
1 33 1.2494491391146763e-07 3.2654051825558086e-10
1 34 9.3627372462941087e-08 7.0982482777701626e-12
1 35 7.4776175116021326e-08 -2.1705101994595355e-10
1 36 6.5887387148777844e-08 -4.9547887988637041e-11
1 37 6.4594192685822617e-08 -2.9687404579857609e-10
1 38 7.6778964233846134e-08 -1.5110183343416662e-10
1 39 1.0676560841692787e-07 2.4108183497797214e-11
1 40 1.5820761674720627e-07 -8.5917245051305443e-11
1 41 2.3418506587821350e-07 4.0487226879445255e-10
1 42 3.4072599373012655e-07 9.7636900426520432e-10
1 43 4.8106405955838032e-07 -1.5627462796032515e-09
1 44 6.8939315157228463e-07 -6.1253232630698589e-09
1 45 1.0072323743759329e-06 -6.2668795615461059e-09
1 46 1.4918528111685990e-06 -2.6563161396823593e-09
1 47 2.2796988234516435e-06 -2.7418634380917265e-09
1 48 3.4403999465787485e-06 9.5733129635008172e-09
1 49 5.0413835200766752e-06 -2.9494180061849327e-08
1 50 7.3108949356692455e-06 -4.9039945349809043e-09
1 51 1.0628282201578815e-05 -9.5980117099783126e-10
1 52 1.5486548660316860e-05 4.0526459350823099e-08
1 53 2.2224378216326445e-05 1.3792928168990987e-07
1 54 3.2448925131934857e-05 1.7031571338943717e-08
1 55 4.8565056022446603e-05 -7.9870874511660873e-08
1 56 7.3871257033891117e-05 -1.7823482742482640e-08
1 57 1.0980806285331266e-04 5.8915141290398939e-07
1 58 1.6214598871945639e-04 9.7427834487995938e-07
1 59 2.4153571411210140e-04 5.7677860183449783e-07
1 60 3.7581444078321150e-04 1.8196859724694300e-06
1 61 5.6852964225090992e-04 -4.1188013443629240e-06
1 62 7.6094829820738674e-04 -3.8641793622733985e-07
1 63 1.0543375373224927e-03 3.6266712112965939e-06
1 64 1.5950770856471242e-03 5.0764413269972176e-07
1 65 2.6314792432263812e-03 -8.2040464215930657e-06
1 66 4.1346228517049263e-03 3.9941762000429521e-06
1 67 6.8016230956363275e-03 -1.5238998829100960e-05
1 68 1.0929125596052865e-02 -1.3250090360648637e-04
1 69 1.8618268199528859e-02 1.6249341030143599e-04
1 70 3.2842618024432418e-02 3.7570541292482546e-04
1 71 7.8497627281772064e-02 2.7921991894404828e-04
2 0 9.7848241288123708e-02 1.1674668268820314e-03
2 1 3.7356647354229645e-02 -7.3961689996444261e-04
2 2 1.6530646964085932e-02 2.2693505008217923e-04
2 3 9.4503856257640191e-03 1.4879140538969930e-04
2 4 5.8672232331613231e-03 -5.5099107247327781e-05
2 5 3.8726810273783455e-03 9.5617494543912836e-05
2 6 2.5550748623793551e-03 -2.4477019697666241e-05
2 7 1.5803171071118462e-03 7.5657247701372262e-06
2 8 1.0098111363982549e-03 1.2316046550134170e-05
2 9 6.6335004778898419e-04 6.4512842664827976e-06
2 10 4.4068307355254110e-04 4.7460196608908937e-06
2 11 3.0384844292380387e-04 4.4150670600064728e-06
2 12 2.0704425340743287e-04 1.5010287561866914e-06
2 13 1.4389367036308739e-04 3.8532344075834132e-06
2 14 9.4765785831083140e-05 1.7559779343951146e-06
2 15 5.9916584741122927e-05 1.1271228547725274e-06
2 16 3.9956340355034549e-05 7.6423841286426279e-07
2 17 2.7074040247788723e-05 3.3865017318887937e-07
2 18 1.8061049713437599e-05 1.3009760866357229e-07
2 19 1.2353429038136509e-05 5.8629789538365762e-08
2 20 8.7832542182341919e-06 1.4288416199262849e-07
2 21 6.4005391684103000e-06 -5.4858206348054897e-08
2 22 4.5866824366213265e-06 8.7859935411430997e-09
2 23 3.1829696631428636e-06 -5.6622613719459306e-08
2 24 2.0723220055607643e-06 -3.9883194706334954e-08
2 25 1.3842070630677791e-06 -1.0954974455597775e-08
2 26 9.3981998332439800e-07 -4.9761458258120101e-11
2 27 6.4025176025346620e-07 -4.2790930491438041e-09
2 28 4.3769238684055375e-07 -7.4962728109330520e-09
2 29 3.0414217150863609e-07 1.3763976895608525e-09
2 30 2.0583991070364757e-07 7.8718018736864229e-10
2 31 1.4654037917882066e-07 -4.3197698193347019e-10
2 32 1.0578024021472892e-07 -3.7197458456570357e-10
2 33 7.6702934648457912e-08 3.9091142461956939e-10
2 34 5.8146930840711681e-08 2.9423498716046403e-10
2 35 4.6400591186985658e-08 -2.6195352769159856e-10
2 36 4.0993550319936704e-08 -7.2273952994228470e-12
2 37 3.9705392316879694e-08 -4.6219611448448246e-10
2 38 4.7235414217736508e-08 -1.7754938448136959e-10
2 39 6.5734546276169633e-08 -7.2448642947533218e-11
2 40 9.7305651881236815e-08 -2.8956914276811314e-10
2 41 1.4475913821769157e-07 3.6488965177411967e-10
2 42 2.1149824739573215e-07 5.5740950323344042e-10
2 43 3.0225999649713332e-07 -1.6518174045818901e-09
2 44 4.2784565144934141e-07 -6.3181970133378025e-09
2 45 6.2279831858067362e-07 -6.1690130929422466e-09
2 46 9.2018886422724162e-07 -4.7940377727956801e-09
2 47 1.3915443121366365e-06 -1.1245556085314092e-09
2 48 2.1175086389653777e-06 1.4945120932767476e-08
2 49 3.1203063077185437e-06 -4.0397172721473987e-08
2 50 4.5220561621723724e-06 7.2149605450962817e-09
2 51 6.5240351593008287e-06 2.1952551261053133e-09
2 52 9.5253297560218670e-06 6.1977790049100773e-08
2 53 1.3722434436360219e-05 1.8719331145322723e-07
2 54 1.9999825140580147e-05 -4.4713029279630587e-09
2 55 2.9881480802975972e-05 -9.8760563842613774e-08
2 56 4.5413801208727531e-05 1.3102609997464763e-07
2 57 6.7897255524581953e-05 7.9042926614317149e-07
2 58 1.0037688693779438e-04 8.9015960863920259e-07
2 59 1.5024066083544610e-04 7.3933486802032521e-07
2 60 2.3252016879033680e-04 2.4651521506593796e-06
2 61 3.5376000448764788e-04 -5.4253872912316520e-06
2 62 4.7113018608618178e-04 4.3395281112684755e-07
2 63 6.4528834522697802e-04 4.7571878576141186e-06
2 64 9.7471571973253217e-04 -4.9465425028417917e-06
2 65 1.6087165735280081e-03 -4.8295633926092417e-06
2 66 2.4748879427648300e-03 1.3636750850941789e-05
2 67 4.1436374296270166e-03 -2.4058032285616555e-05
2 68 6.5321941768283365e-03 -2.1301733162078785e-04
2 69 1.0999811687465569e-02 2.8499302694176207e-04
2 70 1.8316962310206547e-02 4.8466161286978753e-04
2 71 3.7629572928232227e-02 5.1097605620383261e-04
3 0 3.1312443172329493e-02 4.2984326090759822e-04
3 1 1.6695992966460474e-02 -6.6157144697608387e-04
3 2 8.1231286705048394e-03 2.0002107049602415e-04
3 3 4.9479189235361529e-03 2.3937722317875009e-04
3 4 3.1886925965254140e-03 -4.8365547742621091e-05
3 5 2.1768167958745323e-03 8.3596504280256974e-05
3 6 1.4257880764355370e-03 -2.7971866154720444e-05
3 7 8.8991751963966490e-04 2.7694108049529027e-06
3 8 5.6373916696393384e-04 1.2110343386431636e-05
3 9 3.7770000412370639e-04 5.3605058814307580e-06
3 10 2.5314036594780201e-04 4.1754691530325120e-06
3 11 1.7501555640405260e-04 5.2292568818772795e-06
3 12 1.1793931408518579e-04 -7.5604069362952077e-07
3 13 8.2301653248475953e-05 3.8632597395503255e-06
3 14 5.4663062879749477e-05 1.6209929246852822e-06
3 15 3.4593587739569401e-05 1.2275873077320450e-06
3 16 2.2769892784176792e-05 7.7238937009709739e-07
3 17 1.5508749703318416e-05 2.2404432519085852e-07
3 18 1.0296112852476852e-05 1.3909536414759540e-07
3 19 7.0281088225630056e-06 1.3930828484420544e-08
3 20 5.0598511162964062e-06 1.1843266922567897e-07
3 21 3.6495288074047364e-06 -6.2844902133773548e-08
3 22 2.6338074963807428e-06 -7.5614394470571322e-09
3 23 1.8351454143875294e-06 -5.7314221098656423e-08
3 24 1.1779898477416160e-06 -3.2953884518341165e-08
3 25 7.8318225325818016e-07 -4.9747074543128569e-09
3 26 5.3574003383149378e-07 1.1205716861832024e-10
3 27 3.6586342508411424e-07 -4.2513515029373306e-09
3 28 2.4970273262773048e-07 -7.7057504804384304e-09
3 29 1.7249449984294151e-07 1.6340654669413328e-09
3 30 1.1578931654109576e-07 1.2009915609305438e-09
3 31 8.2542740946476491e-08 1.1395439418415552e-10
3 32 5.9915227472756465e-08 -2.0349028852001557e-10
3 33 4.3263537097766638e-08 1.7765731946427752e-10
3 34 3.3491315569889269e-08 5.1333972065698779e-10
3 35 2.6445947497229864e-08 -2.8164417676632566e-10
3 36 2.3572506812459547e-08 7.1788712354897290e-11
3 37 2.2369761502111848e-08 -5.1530780707517436e-10
3 38 2.6574728642390747e-08 -1.4895288148820137e-10
3 39 3.7201048464360653e-08 1.6322799666605722e-11
3 40 5.5027236231395646e-08 -4.4307311577896831e-10
3 41 8.2239657678656694e-08 1.3005055566986730e-10
3 42 1.2137496094459444e-07 1.9422013345080327e-11
3 43 1.7727806671405320e-07 -8.9594117747432993e-10
3 44 2.4566364054002222e-07 -4.6346797715246766e-09
3 45 3.5639079759712303e-07 -2.5796336565902534e-09
3 46 5.2194760779682342e-07 -6.0555065411503665e-09
3 47 7.8014096089042844e-07 1.8661778207232872e-09
3 48 1.1998325028610862e-06 1.4529094606133774e-08
3 49 1.7975490811693928e-06 -4.4474933606736206e-08
3 50 2.5893179088310220e-06 1.5459200622126000e-08
3 51 3.6997393264806277e-06 -4.5544488621002070e-09
3 52 5.3814493523346857e-06 7.8408347042585426e-08
3 53 7.8385399173323023e-06 1.7264722097031828e-07
3 54 1.1366442788516061e-05 -5.5516185210599219e-08
3 55 1.6901902653666832e-05 -1.2098948863394606e-07
3 56 2.5509783381089187e-05 2.9393191295203453e-07
3 57 3.8924879465115678e-05 6.3237591877806410e-07
3 58 5.7515167021978043e-05 3.6977476470075986e-07
3 59 8.6310972313670772e-05 9.3437316286893982e-07
3 60 1.3254470329483652e-04 3.1954787251225737e-06
3 61 2.0250946006960348e-04 -5.3177364053697948e-06
3 62 2.6781523932235525e-04 3.1740086074461583e-07
3 63 3.6213241550559741e-04 5.5854453526789893e-06
3 64 5.4646742579325940e-04 -1.1784706596399007e-05
3 65 8.9570432000471087e-04 -1.1395605749027131e-05
3 66 1.3339333345394684e-03 2.6870324505497667e-05
3 67 2.3055257294887594e-03 -3.0386940818234757e-05
3 68 3.5696761039344148e-03 -2.1523315294728695e-04
3 69 5.9330655721955942e-03 2.6888079478129551e-04
3 70 9.4663971624082879e-03 3.0273245711107555e-04
3 71 1.7344780183540760e-02 6.8125590311580130e-04
4 0 1.0613529102724005e-02 -2.9959834875766087e-04
4 1 7.2060251118531357e-03 -2.9585652787802617e-04
4 2 3.8826967051322509e-03 9.5498323035758041e-05
4 3 2.4093703071207157e-03 2.2365106172663506e-04
4 4 1.6675820730932109e-03 -2.4806036361287234e-05
4 5 1.1748440169615641e-03 4.6060661663237820e-05
4 6 7.5562223689222725e-04 -3.2065562472523106e-05
4 7 4.8690361610839044e-04 2.0590289310993775e-07
4 8 2.9713286058065483e-04 7.3483613572328486e-06
4 9 2.0632672638919088e-04 2.8033430666997086e-06
4 10 1.3711786111374717e-04 1.7326803585262500e-06
4 11 9.6886362344738856e-05 5.7096086300012948e-06
4 12 6.4112309559569979e-05 -1.8800899897288534e-06
4 13 4.5273566346034779e-05 3.0535424794979649e-06
4 14 3.0421745166440168e-05 1.0746916829733365e-06
4 15 1.9418302963692185e-05 1.2320719933141931e-06
4 16 1.2357314136802431e-05 6.8583901779173349e-07
4 17 8.5925329548809534e-06 1.3502604592737295e-07
4 18 5.6493995260573558e-06 1.2182153518780390e-07
4 19 3.8125338572571497e-06 2.2357029780429197e-09
4 20 2.8131987994445682e-06 7.5263399626609162e-08
4 21 2.0016192847300807e-06 -4.7839748797225844e-08
4 22 1.4609487759665284e-06 -2.7768536527903484e-08
4 23 1.0264547619378674e-06 -4.9999416669324664e-08
4 24 6.3661030368537445e-07 -2.3541875001427062e-08
4 25 4.2443704467080597e-07 -9.1114625954241381e-10
4 26 2.9084121363241013e-07 -6.4788892650541618e-11
4 27 2.0072118872929058e-07 -6.2849437175707067e-09
4 28 1.3756445775131229e-07 -6.2901657747730215e-09
4 29 9.3590629022824876e-08 1.4105417075632156e-09
4 30 6.1743974916700850e-08 1.2912476191983150e-09
4 31 4.4675481999577777e-08 6.5573786603419988e-10
4 32 3.2666725463718840e-08 -1.2275841120459192e-10
4 33 2.3192642095441416e-08 -6.1745288509800989e-11
4 34 1.8583379455710919e-08 5.1725364601504662e-10
4 35 1.4471636153469579e-08 -2.9956753407508920e-10
4 36 1.3019329381070329e-08 5.1439097091946387e-11
4 37 1.2016215228898573e-08 -3.5784490202073114e-10
4 38 1.4163227188681787e-08 -1.2711047504679933e-10
4 39 2.0028804921433761e-08 2.5313584714416016e-10
4 40 2.9699899393642752e-08 -5.9952173059622162e-10
4 41 4.4864914890365443e-08 -3.4184574248223275e-11
4 42 6.7621806674594806e-08 -6.6045310918309098e-11
4 43 1.0015219420737725e-07 2.0089532305370565e-10
4 44 1.3535333358167677e-07 -2.5148828655692679e-09
4 45 1.9522600732235528e-07 3.0124647527164868e-10
4 46 2.8051578791431996e-07 -3.1953194993899141e-09
4 47 4.2003249121207076e-07 5.1461712229870351e-09
4 48 6.4843659763126686e-07 1.4184678417501191e-08
4 49 9.9993961644026240e-07 -4.4327301537698954e-08
4 50 1.4250025344729787e-06 2.9320300565805078e-08
4 51 2.0167215270162825e-06 -2.6366535594931944e-09
4 52 2.8840634170747394e-06 6.2688469877710461e-08
4 53 4.2931102469805810e-06 1.6376457733178636e-07
4 54 6.1640533143766474e-06 -6.3689957338365124e-08
4 55 9.1767626104153871e-06 -1.4716546261143490e-07
4 56 1.3525998865242689e-05 3.8836989104942745e-07
4 57 2.1462177947482869e-05 3.3243040651179516e-07
4 58 3.1558966278752262e-05 5.3230860965349544e-08
4 59 4.7483302525253918e-05 8.6548442063269860e-07
4 60 7.2104897442663857e-05 3.5913136150058900e-06
4 61 1.0991690544078319e-04 -3.4812617816062534e-06
4 62 1.4328064805917452e-04 -2.0121272422736553e-06
4 63 1.9261045263961753e-04 8.2543407962654594e-06
4 64 2.8838494818058747e-04 -1.1851037016157123e-05
4 65 4.7358697257424403e-04 -1.5958311718424753e-05
4 66 6.6635590612441041e-04 4.3897557288959680e-05
4 67 1.2121140990021748e-03 -2.9460649493567191e-05
4 68 1.8596062587200725e-03 -1.6022397032766308e-04
4 69 3.0652977790098157e-03 1.8097762239126488e-04
4 70 4.8856062281484626e-03 1.3494360760069128e-04
4 71 7.3824861417630342e-03 4.4551956069964298e-04
5 0 4.1569144569890554e-03 -3.9852901345189032e-04
5 1 3.2390153172830514e-03 2.5634883140313773e-05
5 2 1.8734912570244609e-03 3.5205057211248196e-05
5 3 1.0983437146927662e-03 1.7701286046665113e-04
5 4 8.4972308125096921e-04 -8.2598681952951921e-06
5 5 6.2227837753681852e-04 1.7944373742297886e-05
5 6 3.9131178703897840e-04 -1.9830469296123024e-05
5 7 2.6209947470158269e-04 -4.2271679639697577e-06
5 8 1.4871223698571744e-04 1.8851753632649086e-06
5 9 1.1164816674481404e-04 -5.1235107190206957e-07
5 10 7.0412934167059276e-05 1.1402518502000107e-06
5 11 5.3132876825665784e-05 5.5441038883174863e-06
5 12 3.3491470280014429e-05 -1.9733599991773724e-06
5 13 2.4543954907922129e-05 2.0965167846143645e-06
5 14 1.6535839721320205e-05 3.0490976985114011e-07
5 15 1.0680736901222787e-05 1.0832072211423885e-06
5 16 6.4648559196386158e-06 5.5449870984438006e-07
5 17 4.6461873255348091e-06 1.2822277827276270e-07
5 18 3.0113874978719509e-06 7.9214060035058697e-08
5 19 2.0151201136093275e-06 -5.4037113223790776e-09
5 20 1.5249222855982353e-06 3.6540425792114151e-08
5 21 1.0713714741536534e-06 -2.6915680993695546e-08
5 22 7.9832767263226356e-07 -3.6017973942468374e-08
5 23 5.6892109400229073e-07 -3.7178249257506427e-08
5 24 3.3346630255787243e-07 -2.0235152940169167e-08
5 25 2.2413290379259237e-07 2.0313437201640938e-09
5 26 1.5238257135944717e-07 4.7997205788780508e-11
5 27 1.0824248300895698e-07 -7.6022840528410275e-09
5 28 7.4444248466197221e-08 -4.3914323034632595e-09
5 29 4.9645620200275360e-08 2.9476853205998177e-10
5 30 3.1601293148401049e-08 9.2862349218054579e-10
5 31 2.3715420340203980e-08 1.0620244147503773e-09
5 32 1.7408152563807085e-08 -1.0954869106728282e-11
5 33 1.1991860662569044e-08 -1.6485696935078012e-10
5 34 1.0048027584849382e-08 3.5171432174597771e-10
5 35 7.7268237960812355e-09 -2.5609599877468866e-10
5 36 7.0528667683400981e-09 3.4631555117124284e-11
5 37 6.2124690836359019e-09 -1.6617436908488749e-10
5 38 7.3119688574695067e-09 -7.4651341133599738e-11
5 39 1.0367143182130088e-08 2.8402202669468188e-10
5 40 1.5289055027244454e-08 -6.4073178690314645e-10
5 41 2.3866222364928248e-08 4.3925274640545450e-11
5 42 3.6988597516111497e-08 -2.6618686023517053e-11
5 43 5.5230874312811914e-08 1.0114466173625624e-09
5 44 7.2026579041454343e-08 -6.6061957042329777e-10
5 45 1.0334806480398446e-07 1.8417770427896748e-09
5 46 1.4597088052454259e-07 9.8582940397887390e-10
5 47 2.1932088359739824e-07 8.3220636694383106e-09
5 48 3.3551764890490596e-07 1.5792121824076166e-08
5 49 5.4041648490175490e-07 -3.7307147939272097e-08
5 50 7.5734939974992028e-07 2.9417855877564762e-08
5 51 1.0844635014000789e-06 1.4114010587705835e-09
5 52 1.4676410486764301e-06 3.7726565846032186e-08
5 53 2.3067132407850179e-06 1.6482462276759624e-07
5 54 3.2603454021089124e-06 -6.0384805134461704e-08
5 55 4.8631454350060502e-06 -1.3297750225552555e-07
5 56 6.8371758333827279e-06 2.7191313293094181e-07
5 57 1.1626197209362056e-05 4.3498022500841989e-08
5 58 1.7014991564378542e-05 8.6248621902070457e-08
5 59 2.5297956997386093e-05 8.0556581638171216e-07
5 60 3.7429452530210113e-05 3.5218871764323415e-06
5 61 5.7352212232029276e-05 -1.8251216798929333e-06
5 62 7.2134581381289340e-05 -3.4898668158389682e-06
5 63 9.7363637724329314e-05 9.3096377932348771e-06
5 64 1.4336922784407541e-04 -9.2768239767014267e-06
5 65 2.4775582019988875e-04 -1.7985037283246861e-05
5 66 3.1115227812635163e-04 5.0850673543390010e-05
5 67 6.1231721951942512e-04 -2.0044139860633589e-05
5 68 9.1937063888865235e-04 -9.1585269889115042e-05
5 69 1.5042911082561224e-03 6.3124242145105928e-05
5 70 2.5218969907798037e-03 5.9137634391639033e-05
5 71 2.8580033019247560e-03 3.5177428002672984e-04
6 0 1.9994453854092742e-03 -4.3169468639653937e-04
6 1 1.5114680963682053e-03 1.1973839639599598e-04
6 2 8.9784072659241873e-04 -2.7150682478219686e-07
6 3 4.5124944289970088e-04 1.3094682193920786e-04
6 4 4.2243474744621800e-04 1.4819936088661592e-05
6 5 3.2968649364299664e-04 1.0016097401501917e-05
6 6 2.0240429432608450e-04 1.3106688024041761e-06
6 7 1.4088589972742106e-04 -6.5243304421452251e-06
6 8 7.4192231668482640e-05 -1.3635667784675312e-06
6 9 6.0282878264217865e-05 -2.7361355635868671e-06
6 10 3.4177113681384139e-05 1.1245484225341768e-06
6 11 2.9518686560451392e-05 4.8292130552979200e-06
6 12 1.6992092398147347e-05 -1.8798987390159884e-06
6 13 1.3053139445541538e-05 1.6321722046637325e-06
6 14 8.8591134184349300e-06 -2.5858629058017133e-07
6 15 5.7844025432699287e-06 7.8411208619813058e-07
6 16 3.2475048645642659e-06 3.7257288961748019e-07
6 17 2.4333235618399542e-06 1.6839173643603852e-07
6 18 1.5859425321427865e-06 7.3276038040454035e-09
6 19 1.0533348145517408e-06 8.4870390435879360e-09
6 20 8.1929856701642315e-07 1.2990632680269748e-08
6 21 5.6974833652302784e-07 -1.4851191313503527e-08
6 22 4.2975980169577242e-07 -3.8082501335423857e-08
6 23 3.1662737043480529e-07 -1.8182289677657585e-08
6 24 1.7424183483897929e-07 -1.8961133838071557e-08
6 25 1.1904445667628964e-07 5.5745408691484358e-09
6 26 7.7373600841905586e-08 6.2062664000544914e-10
6 27 5.6742069878607508e-08 -8.0507204685726249e-09
6 28 3.9735639182932601e-08 -2.9574048844966348e-09
6 29 2.5760773260036678e-08 -8.5092975180747298e-10
6 30 1.5814320175048551e-08 3.6720920441825317e-10
6 31 1.2650471935156737e-08 1.2874837083738179e-09
6 32 9.2479421588756795e-09 -1.0151836891538755e-10
6 33 6.1242288005744266e-09 -2.3690409804843686e-10
6 34 5.2111900590991188e-09 2.3186229893912825e-10
6 35 4.1505212236800028e-09 -1.5776753996314343e-10
6 36 3.7710718951789574e-09 3.6402074099037915e-11
6 37 3.0483175937228023e-09 2.0752551283969284e-11
6 38 3.6681080348282906e-09 1.0793360673371040e-11
6 39 5.0983095374266080e-09 2.6026624689256277e-10
6 40 7.5923993821383757e-09 -7.4808064040999147e-10
6 41 1.2207831209621571e-08 2.8704960124315835e-10
6 42 1.9884061877570914e-08 -9.6864974020397916e-11
6 43 3.0277938525937132e-08 5.4817856139234428e-10
6 44 3.7042913514744382e-08 7.4175695429653698e-10
6 45 5.2230545405259211e-08 1.7344916389203938e-09
6 46 7.5412087932439781e-08 3.3644049140729081e-09
6 47 1.1183405292296712e-07 8.6440960984941942e-09
6 48 1.6872447559671298e-07 2.0508670063297094e-08
6 49 2.8565899719292604e-07 -2.4948600459304809e-08
6 50 3.9005576046126816e-07 2.4047442938876841e-08
6 51 5.9089579757069081e-07 -4.2367913261038355e-09
6 52 7.0668183134124162e-07 5.0259298141218613e-09
6 53 1.2421229534727059e-06 1.3909198079546380e-07
6 54 1.7153687764082131e-06 -5.1411881353360641e-08
6 55 2.5384918923975847e-06 -7.4604054133381598e-08
6 56 3.3135437204989955e-06 1.8914052936488541e-07
6 57 6.2353883539132854e-06 -1.1068848818124524e-07
6 58 8.8900053513976693e-06 2.0269894626840507e-07
6 59 1.3090443688066083e-05 5.9806853575080094e-07
6 60 1.7923333573645100e-05 2.7791056744071343e-06
6 61 2.7697819296877797e-05 -2.6359370850918671e-07
6 62 3.3301050397200903e-05 -4.0858504626656690e-06
6 63 4.6796516682727274e-05 7.2449816732897530e-06
6 64 6.5892089984258812e-05 -6.6249018444605701e-06
6 65 1.2974603459103276e-04 -1.8043591310781399e-05
6 66 1.4899924086235049e-04 4.4494582765783002e-05
6 67 2.9210472486849819e-04 -1.3066065514230661e-05
6 68 4.3941035984920685e-04 -1.3140173958008224e-05
6 69 6.7389830220524090e-04 -1.9947003382704521e-05
6 70 1.2620986496350254e-03 -1.9456475400292271e-05
6 71 1.1232658420996453e-03 2.6354277413646594e-04
7 0 1.1280471653388050e-03 -3.3259582626005417e-04
7 1 7.5272306284695763e-04 9.2954212379251926e-05
7 2 3.7271989947847860e-04 -1.9106908546421571e-06
7 3 1.6240612603323878e-04 7.4071644026244595e-05
7 4 2.0428032944137781e-04 2.8509977916310075e-05
7 5 1.6399246718588244e-04 1.3866034019171382e-05
7 6 1.0887986812333881e-04 1.0019988720430168e-05
7 7 7.7590526593551527e-05 -3.3335370822305479e-06
7 8 3.6339512098083149e-05 -1.5013797320056303e-06
7 9 3.1810928382520913e-05 -4.2895804821244212e-06
7 10 1.5861789763965559e-05 1.0697419897416687e-07
7 11 1.6949276399945700e-05 3.7729360675481307e-06
7 12 8.4522925258365986e-06 -1.1635596137361357e-06
7 13 6.8651465552784393e-06 1.5995611889921828e-06
7 14 4.5036135816811462e-06 -3.4449711838257871e-07
7 15 3.0353379683897665e-06 6.4827334871800621e-07
7 16 1.5163666200577762e-06 2.6362951047209112e-07
7 17 1.2590851848384065e-06 1.7047151890674863e-07
7 18 8.3253138194254003e-07 -7.2561276448029480e-08
7 19 5.3879555103637741e-07 3.7072940698118200e-08
7 20 4.4432379801691171e-07 3.0708062525934383e-08
7 21 3.0166319234671319e-07 -1.3648853479230845e-08
7 22 2.3159156431426307e-07 -3.2670794660811406e-08
7 23 1.7977492700430524e-07 -7.4844097126355024e-09
7 24 9.1205153558567275e-08 -1.3491107020065025e-08
7 25 6.6170271773242487e-08 7.9679476594524473e-09
7 26 3.7863803693299075e-08 1.4422999739774981e-09
7 27 3.0361278931346162e-08 -7.8233087837077141e-09
7 28 2.1624620397009926e-08 -2.1934261529801055e-09
7 29 1.3446094106597790e-08 -1.4348811390200487e-09
7 30 7.4985720006209288e-09 -4.3601183898324164e-10
7 31 6.6937334147041409e-09 1.5036843449837460e-09
7 32 4.8934743957132020e-09 -2.1080160122032801e-10
7 33 3.1393146086306166e-09 -3.2050327926655520e-10
7 34 2.5043610017115386e-09 2.4774093421810545e-10
7 35 2.2150705737807714e-09 -1.0533830717337259e-10
7 36 1.9791910510974706e-09 2.9050368984008145e-11
7 37 1.3775090822498572e-09 1.7737547367353350e-10
7 38 1.7350229224634297e-09 4.6340566597438948e-11
7 39 2.3484533163430403e-09 2.1471460564904240e-10
7 40 3.7678400090310368e-09 -8.4096942811332033e-10
7 41 5.7190695149493710e-09 4.7021721210658059e-10
7 42 1.0304603355402158e-08 -3.0673221096404680e-10
7 43 1.6488116873830064e-08 -1.2916657785242473e-12
7 44 1.8762076075649906e-08 2.1409996460173969e-09
7 45 2.4674931231645792e-08 1.7953264309492734e-09
7 46 3.8847282746823451e-08 4.3748492301478616e-09
7 47 5.5151074751862958e-08 7.7839303147826023e-09
7 48 8.1855226108029854e-08 2.2752086236409634e-08
7 49 1.4845927795157663e-07 -1.8437667488389466e-08
7 50 1.8939795363944291e-07 2.0053302026762748e-08
7 51 3.1818180449149234e-07 -2.0687021088626310e-08
7 52 3.2366799265063555e-07 -3.7989735971627645e-08
7 53 6.9133312081060134e-07 1.0727975713480933e-07
7 54 9.0917569876950111e-07 -5.0365602293889259e-08
7 55 1.3268006074116859e-06 1.0410770013396742e-08
7 56 1.5278300157466684e-06 1.8911297048211186e-07
7 57 3.3295649046737275e-06 -3.9930690200294956e-07
7 58 4.5415431628414588e-06 5.9100779828698445e-07
7 59 6.7359855693798469e-06 1.3493897107947259e-07
7 60 7.1144709260351815e-06 2.0481832153616783e-06
7 61 1.1454141165117994e-05 1.1195629743011134e-06
7 62 1.2843042156888341e-05 -4.1994723207280423e-06
7 63 2.0655827122084289e-05 3.3090554779091132e-06
7 64 2.9907727110501640e-05 -1.7095443030960516e-06
7 65 6.7286175765261292e-05 -1.7016849500575720e-05
7 66 7.8624648951779207e-05 3.2571092033201627e-05
7 67 1.3379780248768655e-04 -6.4078812644201418e-06
7 68 2.0715519351751537e-04 3.7309248069469837e-05
7 69 2.7611226186251406e-04 -4.4271528883168702e-05
7 70 5.7567483572189249e-04 -3.4960489555666117e-05
7 71 4.3518846864510339e-04 1.6690531609017244e-04
8 0 4.6734282856794823e-04 -2.3219216403735346e-04
8 1 3.7066713445550736e-04 7.4489764927386417e-05
8 2 1.4952155241709301e-04 2.6270446483848182e-05
8 3 5.5744283226714773e-05 3.7467068503126788e-05
8 4 9.7409609041266599e-05 1.5410320227119157e-05
8 5 7.4440511741780935e-05 1.6277260321169223e-05
8 6 5.8826260565533724e-05 9.3725588174937159e-06
8 7 4.5124113307433488e-05 -3.5142749450339428e-06
8 8 1.7063426530624699e-05 1.1467398995529172e-07
8 9 1.5758516518152614e-05 -3.4491822104171713e-06
8 10 6.8012719850985598e-06 -7.6772966234758547e-07
8 11 1.0367696571513065e-05 2.8225497613529333e-06
8 12 4.2990803308254290e-06 -1.8582762704740172e-07
8 13 3.7316649571853664e-06 1.8213174976743256e-06
8 14 2.0910452499563774e-06 -3.0301805227624767e-07
8 15 1.4599586748758194e-06 5.6001749775497273e-07
8 16 7.1879030702330844e-07 2.6921559311324198e-07
8 17 6.2637086062492409e-07 1.2544952734643995e-07
8 18 4.4482120616124290e-07 -9.6139105755063376e-08
8 19 2.4484423629745015e-07 5.1249132029715279e-08
8 20 2.5078960699762808e-07 5.0338657439103294e-08
8 21 1.5880837809332733e-07 -1.7795182983803877e-08
8 22 1.2125831649832287e-07 -2.3904706292102687e-08
8 23 1.0518710489270173e-07 -3.0569498967404169e-09
8 24 4.6587674522974793e-08 -5.7996158093009551e-09
8 25 3.6932264645996898e-08 7.8255567053300104e-09
8 26 1.8591074760067176e-08 1.3543255965458177e-09
8 27 1.7563763788796823e-08 -6.7683421749128012e-09
8 28 1.3124566202985142e-08 -1.1116976768035971e-09
8 29 7.4765380037448515e-09 -1.7926608348182825e-09
8 30 3.1204955444443526e-09 -1.2652225556671603e-09
8 31 3.3789421276696437e-09 1.4793582059655381e-09
8 32 2.3658759706851890e-09 -3.2252559918563548e-10
8 33 1.5994351659892856e-09 -2.9296719495038311e-10
8 34 1.1581436629966207e-09 2.8095253001152360e-10
8 35 1.2273578263830459e-09 -1.4010574370362016e-11
8 36 9.5696233615833651e-10 -1.0554922099183343e-11
8 37 4.9892778399792198e-10 2.8470787847882556e-10
8 38 7.1597823439166381e-10 7.5666142096540991e-11
8 39 9.9972522543184634e-10 1.4783219150863083e-10
8 40 1.8643065199820121e-09 -7.7970082355275959e-10
8 41 2.2875270057970506e-09 5.7325544477536527e-10
8 42 5.1894240671085730e-09 -5.9765405467610623e-10
8 43 8.9259928304545032e-09 -2.1021048752210345e-10
8 44 9.4550080011679461e-09 2.9407218175455645e-09
8 45 1.1961347214988895e-08 1.3595240366128967e-09
8 46 2.1179870706086251e-08 3.7256009280151183e-09
8 47 2.7065549221263575e-08 8.1437608687754041e-09
8 48 3.9268131137430206e-08 1.9488516498739469e-08
8 49 7.9364699328572434e-08 -1.7484293900953864e-08
8 50 8.0736169230956431e-08 2.0988244747840103e-08
8 51 1.7502556638364511e-07 -2.9373920146883848e-08
8 52 1.3232591614275679e-07 -7.0478158925079352e-08
8 53 3.8725301467473322e-07 6.2901811918093392e-08
8 54 5.3526808804240718e-07 -8.4339328679757993e-08
8 55 7.0349157435600885e-07 8.3571018454226646e-08
8 56 6.1613904453941418e-07 1.1237177903470522e-07
8 57 1.7918246893494278e-06 -5.1429658441862305e-07
8 58 2.1549402321353564e-06 5.4774331614943775e-07
8 59 3.7404067769072589e-06 2.7294544489767679e-08
8 60 1.4740936318258716e-06 1.4425793732554389e-06
8 61 3.5363345658585999e-06 1.0114107196263817e-06
8 62 2.4736194596764302e-06 -3.9253592097955235e-06
8 63 7.5747899331580493e-06 3.6094309527580891e-07
8 64 1.4047455165867216e-05 3.4929505042769148e-06
8 65 3.1799075636794156e-05 -1.3227652003157765e-05
8 66 4.2238026806337672e-05 1.5059394544665127e-05
8 67 6.6484001029457507e-05 -2.9866107429157927e-06
8 68 1.0319028995211438e-04 4.9843205228575850e-05
8 69 9.6413422510796057e-05 -2.8360530218713268e-05
8 70 2.1604125853924558e-04 -9.6535241102110454e-06
8 71 1.3371155895994174e-04 1.0758832185687564e-04
9 0 2.8624898216408532e-04 -1.9309842991075055e-04
9 1 1.8455229053336472e-04 2.8917132423762549e-05
9 2 7.2347731272387104e-05 3.8466777000548924e-05
9 3 6.9804314041323211e-06 1.8254768070498172e-05
9 4 4.1778032485655569e-05 6.0920657009069717e-06
9 5 3.1717564602906875e-05 1.4714050224906872e-05
9 6 3.4114028346990498e-05 4.6818023228952473e-06
9 7 2.6876143165072714e-05 -5.1955201221942717e-06
9 8 7.5403113199763551e-06 7.0312080409723225e-07
9 9 7.0801824463199519e-06 -2.5056029707615637e-06
9 10 3.2312576371976855e-06 -5.9204277390432663e-07
9 11 6.7851290596586233e-06 2.2956907545963392e-06
9 12 2.3219504303626130e-06 3.9418190864208341e-07
9 13 2.0893673186108116e-06 1.9626654044205414e-06
9 14 7.5990811307705249e-07 -5.0227344373351312e-07
9 15 5.3274048538588577e-07 5.0721510233598338e-07
9 16 3.7152180637478192e-07 2.0902849770962725e-07
9 17 2.9738809520367639e-07 7.3109374303490135e-08
9 18 2.6059093328370847e-07 -7.7688386506504577e-08
9 19 8.9026851863432017e-08 6.0860771636846666e-08
9 20 1.4579914695594825e-07 4.3643783702550465e-08
9 21 8.3982818168781446e-08 -2.6893108038854479e-08
9 22 6.1430249966554595e-08 -1.3692387964267113e-08
9 23 6.4985436042221008e-08 9.5773779742757166e-10
9 24 1.6898842173410945e-08 7.8687054827390584e-10
9 25 1.9148478288962630e-08 7.3507368276843086e-09
9 26 9.4023010204511345e-09 1.9421586635243995e-09
9 27 1.1398426702571763e-08 -4.8499937763679289e-09
9 28 9.0967871736750071e-09 -1.0064056487689385e-10
9 29 4.6460651407879476e-09 -1.9643359112531323e-09
9 30 1.0286658698913413e-09 -1.6836138191756949e-09
9 31 1.6906650431955693e-09 1.2486411561063921e-09
9 32 1.0083982886462275e-09 -3.1210522201550081e-10
9 33 7.5490654805591336e-10 -7.6107412280269188e-11
9 34 5.5889110900920265e-10 2.0011875653732258e-10
9 35 7.6433229686564008e-10 4.7040705837162595e-11
9 36 3.4394483192281402e-10 -4.2529409587800801e-11
9 37 1.0671758442734337e-10 3.6849960610044936e-10
9 38 2.8110095475244594e-10 2.2959331616580153e-11
9 39 4.0915395945235674e-10 1.1157875070760628e-10
9 40 1.0160602472411206e-09 -6.2775901082184235e-10
9 41 6.4550358795922038e-10 3.5675146401702172e-10
9 42 2.6203772646631829e-09 -5.7601772617413453e-10
9 43 4.6134118528069177e-09 1.3215096062686956e-10
9 44 4.6758171802763180e-09 3.2699002292227212e-09
9 45 6.0536481257586337e-09 1.9764390049419777e-10
9 46 1.3304838879116594e-08 4.4735932909690798e-09
9 47 1.2484754981307136e-08 6.0472945843899379e-09
9 48 1.7826719717931284e-08 1.7126579351738541e-08
9 49 4.1506947061255109e-08 -2.0937132995772889e-08
9 50 2.9656187273085584e-08 1.5342350059978722e-08
9 51 1.0736208735427327e-07 -3.6747250152371061e-08
9 52 2.5984447826881534e-08 -9.1295724894645229e-08
9 53 2.1466127340622896e-07 1.0575496893462553e-08
9 54 3.3395292500798870e-07 -1.1456963914028325e-07
9 55 3.9109090216209080e-07 1.3998791774509202e-07
9 56 2.9289729596203309e-07 -6.9408157083736402e-09
9 57 1.0446761763169857e-06 -4.0547045835248255e-07
9 58 9.1313902384589441e-07 2.8264321144867314e-07
9 59 2.2305341310623547e-06 -4.2113883358378636e-08
9 60 -8.3887479925265170e-07 1.1590292096120171e-06
9 61 9.8543286678608376e-07 4.3462288781064468e-07
9 62 -2.3070057844130411e-06 -3.2048908574346378e-06
9 63 1.3176882994299208e-06 -1.4925077959717536e-06
9 64 5.5960145659122152e-06 5.6177746794165411e-06
9 65 1.2639892099164225e-05 -7.3501569746295449e-06
9 66 1.7430029230430241e-05 3.6658181664728686e-06
9 67 3.3855289920675561e-05 -2.4860532920418047e-06
9 68 4.9082867217448178e-05 4.8369300361225628e-05
9 69 3.5010850438580050e-05 1.1558810707233780e-05
9 70 5.1678058011124227e-05 1.8528993618815233e-05
9 71 2.7296666915139932e-05 3.1077487109249767e-05
10 0 1.8491322994819561e-04 -1.3905004424825650e-04
10 1 8.4031296807489172e-05 1.5676021633171732e-05
10 2 5.9631381974320899e-05 3.2282191560723908e-05
10 3 -1.6013784362798033e-05 1.7368664792849215e-05
10 4 1.8510042138520697e-05 8.8380577852300167e-06
10 5 1.6441013153383812e-05 1.4356324968745826e-05
10 6 1.9637703896861766e-05 -2.8643461281209837e-06
10 7 1.4647086255732599e-05 -8.5708778405048406e-06
10 8 2.5115821828263168e-06 -7.4938078772623827e-08
10 9 2.3678305895604456e-06 -1.5828003091340039e-06
10 10 1.9228708552001557e-06 -2.2750265101900636e-07
10 11 4.4806986004675793e-06 1.7878279721958907e-06
10 12 1.1307090539507140e-06 4.9238949910686407e-07
10 13 1.0205036752293984e-06 1.6496540125603399e-06
10 14 3.1200702972169148e-08 -6.0757068266553323e-07
10 15 2.4092483408892728e-08 4.2303227618604528e-07
10 16 2.1665170257809988e-07 1.0419717085410559e-07
10 17 1.2734887559256623e-07 7.6228075853699355e-08
10 18 1.8177811438113732e-07 -2.4824171866173469e-08
10 19 1.6365327468425766e-08 6.7989403086986717e-08
10 20 8.0915790766283060e-08 1.3952133709880055e-08
10 21 5.4840454546575722e-08 -2.4145463534358316e-08
10 22 2.7790933208933771e-08 -6.7700544538823213e-09
10 23 4.7752499453355148e-08 1.0420260394275765e-08
10 24 1.3021472153012511e-09 9.3559175173941257e-09
10 25 8.8100537189672909e-09 5.3509498013701386e-09
10 26 5.4121235213736617e-09 2.3847680803173325e-09
10 27 8.3067427850892260e-09 -2.3086424822742635e-09
10 28 6.3715266694134016e-09 -1.5037573854052118e-10
10 29 2.8092179366517886e-09 -2.2484178963320786e-09
10 30 3.7257460873997567e-10 -1.5056465259167785e-09
10 31 1.0720819024945863e-09 9.8988630344916432e-10
10 32 3.7729280356105685e-10 -2.2809397606558829e-10
10 33 3.2006814801458563e-10 2.0639457463489443e-10
10 34 2.7873547481671913e-10 8.5117959978758232e-11
10 35 5.6435865680376267e-10 1.1547907768071950e-10
10 36 3.0806761868705260e-11 -7.3405212762631842e-11
10 37 -1.8070940230836804e-11 3.9895822698352693e-10
10 38 1.9678816064290990e-10 -1.2120035609220032e-10
10 39 1.1560537750141515e-10 1.2923612724578331e-10
10 40 6.2151563672100245e-10 -4.0430469186117586e-10
10 41 -1.1009743343616109e-11 2.5349338688833387e-10
10 42 1.6392999018415024e-09 -6.3709462056466970e-10
10 43 2.3925966338847705e-09 5.5141134327529498e-10
10 44 1.8728797475462963e-09 2.6527258138678241e-09
10 45 2.9895039186681021e-09 -7.7588875496759110e-10
10 46 9.4164814075922849e-09 5.1249107139015892e-09
10 47 2.8586630292973409e-09 3.0557020717460393e-09
10 48 5.7551148347863059e-09 1.7325316367512160e-08
10 49 1.7784847058916387e-08 -2.0911342151544092e-08
10 50 9.9894866567579942e-09 5.9276816479627837e-09
10 51 7.4794311410011544e-08 -3.6890406621982320e-08
10 52 -3.0958734355915165e-08 -8.6925750113986785e-08
10 53 1.2406412237521451e-07 -1.3529546686356287e-08
10 54 1.6925142430378068e-07 -9.0586484406002278e-08
10 55 1.9950804872355686e-07 1.4699828104782016e-07
10 56 1.7666495060510589e-07 -9.7834661952605536e-08
10 57 6.8306712143050219e-07 -2.4117595320240655e-07
10 58 3.7297012242574735e-07 -1.1288366894584771e-07
10 59 1.4411666151530787e-06 -1.9076841260936203e-07
10 60 -1.1728958946099272e-06 1.0049401525267497e-06
10 61 1.0583761599509278e-06 3.8410033450307817e-07
10 62 -4.3149869149935484e-06 -1.8024215611094509e-06
10 63 -9.4549981677795536e-07 -2.1701391645520101e-06
10 64 1.1974435050452865e-06 5.3545141854376588e-06
10 65 4.3997493724272777e-06 -4.1482348184025628e-06
10 66 3.1179068549060630e-06 5.8333333816740019e-07
10 67 1.3656758777644197e-05 -1.5959903416554320e-06
10 68 2.7813323650798236e-05 4.1185230181864386e-05
10 69 6.6884785267704508e-06 2.9687303849159885e-05
10 70 -1.8717548104990292e-05 1.8005933853039326e-05
10 71 5.0324791115500605e-06 -7.2088327544460310e-07
