7.8082487571316472e-01 -6.8370153681112864e-06
1.0436753095470598e-02 -3.3599882450105950e-05
4.3371550493943238e-04 -7.6931735928653435e-06
3.4217541081312637e-05 -1.5341819808053944e-06
5.0099055808578627e-06 -3.2017555014558083e-07
1.1389445976321194e-06 -8.0369922195076948e-08
3.8450862800669304e-07 -4.1434700980166817e-08
1.7423149515298467e-07 -2.8723421865943670e-08
8.6400538143213550e-08 -2.4772838644725809e-08
3.8132510369109765e-08 -1.3443155707587329e-08
1.7861752210817380e-08 -7.3712167351472234e-09
8.0173875800593665e-09 -1.0965513912495553e-09
3.7031656138408736e-09 2.4491404275816917e-09
2.1951674910934126e-09 1.9115262390967160e-09
1.3467428007677112e-09 4.8149798506203954e-10
1.1267101315206949e-09 -4.7829439263169461e-11
3.5910613472225365e-10 -2.0692029494794831e-10
2.8025502908063880e-10 -4.0590008823111185e-10
1.5547885800323036e-10 -2.8413591804108234e-10
8.9766580165588163e-11 -1.5044865843449458e-10
4.6705718895456794e-11 -4.2778439226613745e-11
1.0146508586984440e-11 -2.7323923610968042e-11
7.0013131296495115e-12 -9.6396357259762580e-12
-1.0286035808732294e-11 -4.4328504122883733e-12
-7.1001605062750662e-12 -6.6216212962756695e-12
-1.6315693444077624e-12 -4.1670249878932903e-12
-4.8293661583601620e-13 -6.6286844008135827e-12
2.9703929082644773e-12 -5.6410813787957638e-12
5.8004557100992356e-12 -2.3680508563451339e-12
4.6555323902878109e-12 -1.5385203520404768e-12
3.7557270124506786e-12 -1.4454089780774969e-13
2.4593243980351954e-12 -1.3847234960556622e-13
1.4632305248437028e-12 1.1210352386547481e-14
7.1425318366287992e-13 -1.3378440684611321e-13
1.1087315566658193e-13 4.3656228656789853e-13
-1.3745706043019748e-13 1.0948982289449519e-12
-4.9930025568364911e-13 1.2297006679952576e-12
-5.3813965113859732e-13 7.8091333812456343e-13
-9.4272904701932738e-13 3.6311776119509945e-13
-1.5943887566013845e-12 6.0477854349006833e-13
-1.2755181356795160e-12 1.4286526177358267e-13
-1.1461836994207744e-12 -7.7074244867924382e-14
-1.0128949319151572e-12 1.0197957566941907e-12
2.1886154916360956e-12 3.0629791563313142e-12
4.4029554250058563e-12 -1.5763440108854406e-13
8.9638082365366469e-12 -4.4664719350165158e-12
1.4900845736703191e-11 -1.2551241812049180e-11
1.3949227793309217e-11 -1.6641846275576478e-11
1.3125924102437120e-11 -1.7497776138042767e-11
-1.0379680006240968e-12 -1.8098879258565631e-11
-3.3705748259315843e-11 -3.1441287866055274e-11
-1.0641783432800444e-10 1.6047695566796905e-11
-1.1824731171658857e-10 1.3186676393217028e-10
-6.5842341666107638e-11 1.2298185573854026e-10
-1.1926116845216772e-10 1.9971417574249320e-10
-1.6059794518495626e-10 3.9197701302828071e-10
-5.3647600709195616e-11 6.0322363483569812e-10
1.6114307699600013e-10 6.8321737038038222e-10
3.6340902398580294e-10 4.3061206020865145e-10
-5.1199849755489378e-11 8.1414817629336447e-10
-1.2267257200977334e-09 6.6824422759209335e-10
-2.3670095535487888e-09 1.5084960082904670e-09
-5.9346650984363646e-09 1.5877178270696446e-10
-9.7505330036880021e-09 -1.1579869051315350e-10
-4.5628314490578207e-09 1.2658307387513148e-08
2.3394573670034787e-08 2.5225705826839026e-08
1.1697872271503516e-07 4.5650150736296826e-08
4.7223868297015346e-07 7.6933759878115223e-08
2.4420895805830930e-06 1.7447396401509048e-07
1.8113406178370646e-05 8.5515536446894037e-07
1.9333214601315789e-04 5.1678554664047989e-06
3.5547471869795243e-03 2.2284207212059765e-05
