8.2898709674558835e-01 1.5911344784808753e-03
1.1607601086905114e-02 2.8696744620509458e-04
5.0681893434920524e-04 1.2645459362126389e-05
3.9595699417923266e-05 -2.3702229340130909e-07
6.7884147519706904e-06 -3.8182585823680996e-07
1.8290384952690513e-06 -1.6380359742357317e-07
7.4245290421243505e-07 -5.4671954330944752e-08
3.9637152208884927e-07 -5.0931505297839694e-09
2.1040394896863885e-07 5.5282448287145975e-09
1.0957577478338607e-07 3.3926570730828746e-09
5.5556772159955322e-08 3.8857735663557130e-09
2.8433367678169877e-08 4.5324881257317903e-09
1.4271681232031990e-08 4.5641265014489410e-09
6.9088826102353301e-09 4.6497100075263026e-09
4.1051958084818370e-09 3.7925193052866670e-09
2.8412799839977476e-09 1.6605396382421831e-09
2.0203424281894740e-09 6.9256517892233468e-10
1.2610001498762595e-09 5.6727246486585660e-10
8.2244197551691707e-10 3.5131864967501487e-10
4.7998381260073292e-10 2.0585201083961043e-10
2.3867906204626120e-10 2.3255782587915095e-10
1.0809513511557773e-10 1.6083430760023574e-10
7.5771155555950175e-12 9.8015121647465203e-11
-5.4508582674243522e-11 6.9197283437807576e-11
-7.8330004748352851e-11 6.0887855267888004e-11
-5.5314105721175148e-11 5.7091174240985584e-11
-1.9438215201290961e-11 5.4583199720357751e-11
-3.3780424615004344e-12 4.1037347858669590e-11
-2.1565340426951884e-12 2.3085258866770078e-11
-5.0731808373711324e-12 8.0316996550658746e-12
-8.0486909551177481e-12 3.3604426281748950e-12
-6.0485012640728692e-12 2.8419462866849701e-12
-3.5425437443572628e-12 3.3750598086761899e-12
-2.1882400825406649e-12 1.8792232355713541e-12
-1.0158038737203928e-12 1.0612547025514691e-12
-5.0931359548215299e-13 1.2757008377343904e-12
-8.2685158266109839e-13 1.1762201687418771e-12
-1.1592276421022154e-12 9.7788493273350752e-13
-1.0258651799509599e-12 2.9578796974868996e-13
-1.1859168793270055e-12 5.1064260100105426e-13
-1.5210090111881942e-12 6.0247471133009191e-13
-1.8271676994822286e-12 1.7761337782543801e-12
-2.3253738856772987e-12 3.0609006423738124e-12
-3.7669113881041259e-12 5.2137887088019184e-12
-6.7667298723447031e-12 8.6424641366321242e-12
-6.0776671809995990e-12 1.0799560000002312e-11
-9.5738041247005156e-12 9.2307429728245812e-12
-9.7202969880866572e-12 1.5690719674814526e-11
2.7400784126527773e-12 1.2477438076600803e-11
2.4701950169780754e-11 -1.4495313577101157e-12
1.2717647020224604e-11 -1.5158574679412544e-11
-4.1475707641714342e-11 -3.6258946457823407e-11
-1.4471355707646521e-10 -1.0357715471399438e-10
-1.8650311616266374e-10 -2.2146061048822873e-10
-2.4567605206361964e-10 -3.6603769585075984e-10
-1.9390874486332358e-10 -4.4274590472330974e-10
-3.1515197525481842e-10 -3.7451186972821026e-10
2.6536122850750277e-10 1.1311224739436544e-10
1.1534528279606122e-09 6.2195549878179271e-10
2.5923473118873857e-09 1.3658740876238026e-10
4.0527426111125046e-09 9.1242958950545948e-10
3.5734615094706984e-09 -6.1373336590123345e-12
2.7343033328914567e-09 -4.3916891323030406e-09
8.0720745950741742e-09 -5.4755355615069713e-09
4.2365218977052484e-08 -8.9168831389649851e-09
1.6099088893296339e-07 -3.4933637872944520e-09
4.6514223111776541e-07 1.6146290616576449e-08
1.3283843230165022e-06 -1.1330937781453509e-07
4.8783919089150629e-06 -7.6167912536864179e-07
3.2607264983175174e-05 -3.8373514158857444e-06
3.0697122490273702e-04 -1.2459770035529383e-05
4.2637565197961563e-03 -8.2778870704154663e-05
