8.1542258750578700e-01 3.0463739841620158e-04
1.1720594529035238e-02 8.8597884565323515e-05
5.5476758046394097e-04 7.6776678232283085e-06
6.0328843812756561e-05 1.2113082949130195e-06
1.2480538553038198e-05 1.0029941554359520e-06
4.0374475835246048e-06 4.7844811324706382e-07
1.7134200691451080e-06 2.7138493314289852e-07
7.1404352649880985e-07 8.9782474923404669e-08
3.1200101860517823e-07 2.2295218741796762e-08
1.4838822129451703e-07 4.2806159604364191e-09
6.3883585619816407e-08 -2.6913613414248813e-10
2.8588498078736362e-08 -7.2686358853472765e-09
1.6296779049779828e-08 -8.0771941455237816e-09
9.9503674988191561e-09 -5.3549872009568898e-09
6.0082107648406361e-09 -4.1124396711008251e-09
4.1264506827713686e-09 -2.6225290175619019e-09
2.1351236661218687e-09 -1.3927883103908511e-09
1.0244863666540133e-09 -4.3548306030800196e-10
6.9617482956535660e-10 5.1575700659584803e-11
5.1251446744409378e-10 1.1656728013852326e-10
4.1787950855740828e-10 4.0129842323531825e-11
2.8707560875415933e-10 -1.0462553637863723e-10
1.1754474114434452e-10 -8.0641421434160781e-11
2.7007265098126708e-11 -5.8797969949278368e-11
3.7745817102953553e-12 -5.8221004940900658e-11
8.1091394074503035e-12 -4.4651660882810031e-11
6.5822392942664291e-12 -3.5713412794020833e-11
-5.4589543166447774e-12 -2.3773886018454028e-11
-7.7960971698908203e-12 -1.3000470767996913e-11
-3.4837266980208349e-12 -4.9748485630096438e-12
-3.7051415663280745e-12 -1.1439301611961473e-12
-7.7270567084542305e-13 2.1519822998363543e-13
8.9095334892888256e-13 1.0630975582148067e-13
1.7834847973852582e-12 -9.4178379935523636e-13
2.2499177809108781e-12 -1.0303640279343279e-12
1.9441238497294746e-12 -4.5237234226537858e-13
1.1489796203397648e-12 -6.7048127442667358e-14
1.9905189309681782e-13 4.0243919250278399e-13
-2.2116862815450188e-13 6.5071692506416781e-13
-2.2805196080904941e-13 7.1209883016857090e-13
1.0861867554401324e-13 4.8990468623392186e-13
7.5629256104646905e-13 -6.8443835097598408e-14
1.0722007942751028e-12 -1.9031676178692870e-13
3.4254751320928145e-12 -7.7571758578515359e-13
7.2987806951491355e-12 -1.4570679095685652e-12
1.2016548339003686e-11 -6.5885428213474147e-13
1.3660957516791711e-11 8.4182492324922857e-13
1.6351103067384883e-11 -5.1880504976760395e-12
3.3857105019447316e-11 -7.7134750590016213e-12
5.4711946575589477e-11 -1.8382225051000429e-11
4.7565638112597246e-11 -5.3883536673057631e-11
6.6837485791873081e-11 -9.5241586170923093e-11
1.1379082833885830e-10 -1.3248809705347281e-10
6.4151494891280909e-11 -3.5052747254477812e-10
-1.4884844082739556e-10 -4.9685802741785934e-10
-1.4457672241073611e-10 -4.5682316598777811e-10
6.2147782383855179e-11 -4.4641030428539306e-10
4.7209046471596362e-10 1.3761938681334566e-10
1.5747795058462401e-09 -7.4553365673972136e-10
2.4652748633171145e-09 -2.6750788373110216e-09
4.7259072658560612e-09 -2.8318998164721857e-09
6.7562751851253440e-09 -1.3526578585191870e-09
8.9905849032907603e-09 -7.8169517293258563e-10
1.5105652259402170e-08 1.4302691473575540e-09
2.8195909392319387e-08 1.0399903487125483e-08
6.0054966078291401e-08 2.9433766875059486e-08
2.0630642142475779e-07 5.9216613494500593e-08
8.3373638931074370e-07 2.2434415442997293e-08
3.2168799534827644e-06 -8.5668373356116249e-08
2.1694384992599814e-05 -1.2285725499145013e-06
2.2725319183382515e-04 -1.0858879044309680e-05
3.5413622190305152e-03 -3.1228167892038217e-05
