3.6592910743270710e+05 4.1336273164043387e+03
1.5593267785445551e+05 -3.1492651140117232e+03
7.8689133973126824e+04 -3.5614613904685471e+03
3.8164503882751043e+04 -2.4840107649923152e+03
1.8923469670413746e+04 -4.9786474091971343e+01
9.8020037463317731e+03 1.0674754486418062e+03
5.3694185668840046e+03 5.3221212282220802e+02
2.9161665665351056e+03 2.5445303902890785e+01
1.3281618118327988e+03 -1.2564345725782952e+02
6.3833593358525218e+02 -1.9515573942080565e+02
2.6674776577294278e+02 -1.8531292004657695e+02
1.0482258674398327e+02 -1.5099654140608754e+02
3.3450299312687761e+01 -1.0955583966629609e+02
1.4834589584556893e+01 -8.6570264808809171e+01
2.1906940865629023e+00 -7.2399940233199288e+01
6.7341236747175737e+00 -4.4586216678570779e+01
5.9329831363797094e+00 -2.0455187709995361e+01
3.9303891225117278e+00 -7.5798288048589022e+00
3.1612067584773387e+00 2.7753588754923024e+00
5.6820561629593564e+00 6.3442730410779937e+00
6.2906596378853621e+00 5.0318358899457998e+00
4.7958547739426312e+00 2.8245319378622327e+00
3.0401185893233511e+00 1.4123937808234794e+00
2.3693933315880993e+00 9.8123188749264256e-01
1.5964020452367507e+00 8.3216217425141903e-01
8.0537049981059372e-01 6.9437185469635565e-01
2.7512204657888784e-01 2.8695883922139398e-01
2.8234149709810885e-01 2.5958496782925339e-01
3.2608753285844938e-01 1.1959063483234655e-01
3.1741968867040316e-01 3.3664007096872887e-02
1.9946016410135081e-01 -1.2528565256111152e-02
7.0975623077143113e-02 -2.6650722548074754e-02
-1.2369489832106562e-02 -2.2230284018385536e-02
-7.0562528997037979e-02 -2.2068089208886338e-03
-4.4358174180258420e-02 -1.5924565628673407e-02
-2.3610517904088364e-02 -1.6154316546787721e-02
-2.0748935672929358e-02 -1.3642869724437045e-02
-3.2848580285724169e-02 5.6657636595190009e-03
-3.0219468807407571e-02 1.2219141579534768e-02
-3.5965373627604449e-02 4.3242425716521107e-02
-6.3974740294672303e-02 7.8089802697553570e-02
-5.8508421111106185e-02 7.0368419256335302e-02
-6.5392935795834800e-02 2.6790248482413952e-02
-1.2888087085480215e-01 -8.1607082309669912e-03
-1.1348222347989592e-01 -6.3415243694902784e-02
-7.2062404394229937e-02 -9.0442544184344636e-02
-5.3486756075582079e-02 -4.3963033910721420e-02
-1.6588329731153852e-02 -2.3075311454956249e-03
-4.5199167084310793e-02 9.0974776532030927e-02
-6.1962479497729051e-01 8.6763704134600231e-02
-1.4079547556610332e+00 1.3602688287598791e-01
-2.2560620593410619e+00 1.8674886978477612e-01
-2.8179078017753501e+00 -6.6223748162146145e-01
-2.8037210551933329e+00 -1.2848261125860472e-01
-3.2470804663128474e+00 -2.2123772877518877e+00
-4.4936569779920603e+00 -6.7219064193315656e+00
-8.0617182840123629e+00 -1.1782668587103011e+01
-1.0432115838042174e+01 -1.8521649592809212e+01
-8.2677927670804170e+00 -3.0407594550554570e+01
-2.4070941302515291e+01 -3.4116038973990442e+01
-2.1632772420966216e+01 -4.3431918727149146e+01
-1.4889402993783058e+01 -4.5381722996434334e+01
-1.6604435167221251e+01 -5.2569415131285908e+01
1.0858547985487805e+01 -5.8789978906190512e+01
5.8217798097162472e+01 -9.2992774757677680e+01
1.5886034977149490e+02 -2.2831592524050660e+02
3.3592396458189233e+02 -3.0883520241905694e+02
9.0395665636641854e+02 -4.9722585885053763e+02
2.5566519160969433e+03 -6.0111201871398794e+02
6.2709818057535576e+03 -4.2498140156771524e+02
1.6445601089120686e+04 -2.7245241607099842e+02
4.3250688161459708e+04 9.0762517099796469e+01
