8.1666945117584400e-01 -2.1819706500129617e-04
1.1749784961435345e-02 -1.1793052657261661e-04
5.2726009460232336e-04 -8.8225290446592920e-06
4.7972501095313607e-05 -1.8827711442597204e-06
8.4301567913519632e-06 3.8589892340792307e-08
2.2042965682442196e-06 2.0806217323298038e-07
7.7106979812097255e-07 9.5525106081381328e-08
2.8343954463559001e-07 7.6692056921585519e-08
1.1730362766292116e-07 5.6143053889555373e-08
4.8142537860808639e-08 2.9437701707258600e-08
2.8018522558652217e-08 2.0371476464172590e-08
1.3638037207186871e-08 1.6885971622727463e-08
3.5898101413064555e-09 1.5259550103545865e-08
8.2832734232352947e-10 1.0570113531760868e-08
1.0020812652972185e-09 7.3602772924653914e-09
7.9252469634821599e-10 3.4113281027480291e-09
2.5576805605744759e-10 1.5685735296457619e-09
6.5924223328151555e-10 4.8178615012228465e-10
5.5843701392491835e-10 -3.2100952794998225e-10
2.8272472346339878e-10 -5.7557834574638023e-10
1.5051963998595469e-10 -3.4204799635571773e-10
9.8262717136235422e-11 -1.9062928019792606e-10
1.4770120624828391e-11 -5.7566974540460773e-11
2.6214129484002668e-11 -1.4752413114610033e-11
3.2520682251438415e-11 -5.1834551988191138e-11
1.7405869503756629e-11 -8.0004640918142057e-11
-8.9127483926294312e-12 -5.6609280628409044e-11
-1.9740500279565507e-11 -3.3279875667437534e-11
-1.5513277882677599e-11 -1.2353750820610536e-11
-1.3772937116817119e-11 1.6190129440037599e-12
-1.2679841281955700e-11 -9.6090847264557066e-13
-1.0959759445508810e-11 -2.1355373586086965e-12
-1.0970630469119549e-11 -4.4983249217638705e-12
-1.0429224289745435e-11 -7.8431533791331930e-12
-5.7532000719580807e-12 -9.2011747668567930e-12
-5.2667564618458908e-13 -9.8224334497453646e-12
1.7553585998945251e-12 -1.1364808692927858e-11
7.4315777245235173e-13 -8.5535912610524570e-12
-3.0933985106660566e-12 -3.3488804348816365e-12
-7.3747125056769187e-12 6.3091503152096714e-13
-1.2081666137998172e-11 -2.8824646605713316e-12
-1.2717585297975552e-11 -4.2593773538305200e-12
-9.5504573880001355e-12 -5.4761356856237791e-12
-4.4194664132476859e-12 -7.2212283915695180e-13
9.6463694157963809e-13 4.7976039465464405e-12
9.6347074211550633e-12 1.7462096026711496e-11
6.8860550700070262e-12 4.2667253438787485e-11
-3.5454814161988116e-13 8.0573814311997939e-11
8.6090149116827693e-12 9.3219856691319981e-11
4.6238603232749633e-11 8.5526063252670897e-11
1.1611668942951047e-10 7.1452707656624786e-11
1.4625099190442229e-10 -1.7872616824068378e-11
1.2687948458605671e-10 -5.0364400942666459e-11
1.9540320521636917e-10 -1.9184040755117026e-10
1.1802016918497993e-10 -5.0726570446436896e-10
-1.3866357144135557e-10 -6.4128006372186281e-10
-1.0757113679447677e-09 -4.1920666250661643e-10
-9.4787656276997994e-10 -3.1534004250210611e-10
-1.5727780418820458e-10 -6.7333147295085447e-10
3.1322702369294771e-10 -6.9934187255966630e-10
1.2924969101025670e-09 -1.5232136827483564e-09
5.3756311903751096e-09 -3.6069616444333229e-09
1.6598318892944614e-08 -5.4093609097327112e-09
3.5835305196000073e-08 -5.5326483886212266e-10
6.3529411529870335e-08 2.0747322302163960e-08
1.4932937231793196e-07 3.9250946962406717e-08
3.5550858541443606e-07 2.3644478439914975e-08
9.7030716481287803e-07 1.4536717041337708e-08
3.2695576788726006e-06 1.2559502072636405e-07
1.8893533377275053e-05 1.1759101885128691e-06
2.0474010852850733e-04 7.2784339345481863e-06
3.8100190613148859e-03 2.9196905596173574e-05
