9.2858690250100073e-01 -5.8495320619856499e-04
1.3529512997932022e-02 -5.4035744109212880e-05
5.7874606657782994e-04 -1.9350014649332379e-05
5.0124996559732132e-05 -4.2684093379187198e-06
9.0663277022268818e-06 -1.8691310929221895e-06
2.9611997913318229e-06 -9.1944870358246326e-07
1.3384232928222019e-06 -5.1677419688700217e-07
6.1403525418642851e-07 -2.4875779469744783e-07
2.7269309237048468e-07 -1.1031142081412207e-07
1.2143568118683115e-07 -3.0143024002216971e-08
6.7423603766341146e-08 -6.6045920158925757e-09
3.9107495112658436e-08 3.3593073041055116e-09
2.5624067295708036e-08 6.9260209578547743e-09
1.2883992582178413e-08 7.6374515122853270e-09
1.6412640737554870e-09 5.4524888222326198e-09
-1.0983885009885062e-09 3.6328073589374466e-09
-1.0201357915056162e-09 2.0730162403583517e-09
-4.3687488216855426e-10 1.3168714004055574e-09
-4.0503811078226221e-10 2.4200675562246416e-10
-2.2780579520655216e-10 -1.9558423901033036e-10
-1.9994465699715272e-10 -2.1252476495797288e-10
-9.4895992711513042e-11 -1.9516589404062388e-10
-4.7781078429085361e-11 -1.9151212361819093e-10
-7.4195991353870250e-11 -1.7043743556475912e-10
-8.7721292910703758e-11 -7.7370394185736913e-11
-8.7856806064579579e-11 -5.3473096403848937e-12
-5.2982604838987063e-11 1.0795851829150141e-11
-2.3742582825058834e-11 9.2820582005587588e-12
-2.9080291787379694e-12 1.3340967822251266e-11
3.3007980414790351e-12 1.0253689240089941e-11
4.9536823154029125e-12 7.3175198873693140e-12
4.5377621841441976e-12 1.8371354061426587e-12
3.1629958413082908e-12 -2.0225397198565436e-13
1.8508276929892763e-12 -9.3658175074870290e-13
-1.9669183532640840e-13 -5.7456619798096347e-13
-4.7097201215764013e-13 -2.7723428464601289e-13
-3.5647179185996689e-13 7.4433662679283078e-13
-8.7373541146180720e-14 1.2654377094068342e-12
8.1575859105357290e-13 9.1454830231351856e-13
1.5556909550346840e-12 7.7572055446008189e-13
2.0782154243145908e-13 1.7247525865777164e-12
-1.3953572660881185e-12 6.5181612928478136e-13
-2.4215828885529132e-12 -3.4305389061359965e-12
-2.0464572040864755e-12 -8.7745388515389021e-12
-3.8309101087726074e-12 -3.2457187267714991e-12
-1.2059616919614032e-11 2.9150665820394844e-12
-9.9332209910150702e-12 1.5307678694071856e-11
-1.1738287126883751e-11 2.5964542938630093e-11
-3.3273191360845793e-11 -3.6506440985400790e-12
-3.4806961204653281e-12 -5.7215145695187040e-11
1.1015497655247958e-10 -2.0594241260384333e-11
1.2750401462542752e-10 7.2328736339677135e-11
2.8201411641467050e-11 1.4940999585352438e-10
-1.1314037622824954e-10 1.2087421148579480e-10
-3.7943780184613111e-10 -1.0340379545885683e-10
-4.6853790414793541e-10 -4.4214253336939215e-10
-4.1278826465123496e-10 -9.2609853110845956e-10
-1.3527607346968718e-11 -1.4133805483653374e-09
1.1238793177301367e-09 -2.4555412756917542e-09
2.6049527003348888e-09 -3.3536782947233435e-09
3.5086958759357001e-09 -3.9440784233189517e-09
3.8474408990409589e-09 -4.2117032972562780e-09
3.7876980303482502e-09 -7.3552612831314622e-09
7.7111915462920548e-09 -1.5057748302324893e-08
9.7589604961993190e-09 -2.5314252417682427e-08
2.3589854616024531e-08 -6.6265011509273919e-08
1.0545001071471595e-07 -2.1904399383294376e-07
3.4504076255941416e-07 -4.2372915977637829e-07
2.1552871487096233e-06 -9.5765192888029409e-07
1.8425502760869287e-05 -2.9542985081502432e-06
1.8979986476807346e-04 -3.8949422058651284e-06
2.5282790013871439e-03 1.1806328410259922e-04
