8.2486570573779461e-01 -4.4063573433899324e-05
1.1518910750035570e-02 3.7907359899186626e-05
4.9009222540802137e-04 1.1299986120727951e-06
4.1386895637393189e-05 1.8293811331942626e-06
7.2954314212088063e-06 8.4811647559569267e-07
2.1001273047336359e-06 5.9637180526458135e-07
7.6659627422554288e-07 4.8322372283041804e-07
2.6320169495864344e-07 3.3224442975308470e-07
1.1602259220473947e-07 1.8541582198765761e-07
7.3710827112731772e-08 8.2590819776292680e-08
6.8510843018744915e-08 2.1422103179972205e-08
4.8447431376390762e-08 -1.7928721734648830e-09
3.0687000549444692e-08 -5.2812339723670361e-09
1.9437541223959463e-08 -7.1374649847394398e-09
1.1733043686228039e-08 -5.3148233111458153e-09
8.0970719201202695e-09 -4.1602596825763070e-09
5.3006938477355035e-09 -2.3185363747291172e-09
3.4509085708331885e-09 -1.6860251783548137e-09
1.3044489820422684e-09 -8.5759959636151537e-10
-1.7257635677624301e-10 -5.7441657568653521e-10
-1.9011543902926024e-10 -7.1315056837733894e-11
6.9062426423586832e-11 2.4106698403630402e-10
5.9598731977308469e-11 2.5858642158504241e-10
-5.3438331504026633e-11 2.4769205441212248e-10
-1.7513976677313696e-10 9.6062475109368738e-11
-1.3461534133213935e-10 4.6873129955746328e-11
-1.1514453641152563e-10 -1.8697532776133398e-11
4.2913837773817927e-12 -4.0221381993270744e-11
8.5070354012615549e-12 -5.2262951208267231e-11
3.0405388542127634e-12 -3.5856163363160912e-11
7.3396591543953213e-13 -8.5143156814425309e-12
-7.9027274831188536e-12 1.9638528013712066e-11
8.9660604641914997e-13 2.3649450146691162e-11
4.3123420703625748e-12 1.5097649621332082e-11
2.5419438315955409e-12 2.0559910196343635e-12
2.3602455355795762e-12 -2.8393265905714127e-12
1.1348785617005555e-12 -2.0295461679010930e-12
2.3673215190525477e-12 -1.2142009149708963e-12
1.3096625414085146e-12 1.0246963970026905e-12
-4.7387171050472592e-13 4.4179466964813868e-12
-5.6087635390352840e-12 4.2619948393143125e-12
-1.0292182610431530e-11 2.1475001223518257e-12
-1.6419394151116384e-11 2.4945719743695174e-12
-1.3720123602214691e-11 2.2068045864684743e-12
-5.0958909949081364e-12 2.1268555497118782e-14
2.0476490872920857e-11 -1.1439460312769419e-12
3.5363846872327734e-11 -1.1755959978239936e-11
4.5122953093396310e-11 -2.0475994926275206e-11
5.4195888446598382e-11 -1.3981405288548283e-12
6.3809538044755010e-11 -1.6127671622420188e-11
6.6485161967183503e-11 9.8737607319891084e-12
1.2441879022864170e-10 -2.5950244796344518e-11
1.7732629088562711e-10 -7.6158928345546791e-11
2.6664781001538579e-10 1.0928568092969435e-11
1.9684483544066258e-10 2.4709245826861742e-10
-2.9189428156344927e-11 1.8048875975229525e-09
1.8446637798911306e-09 2.8348956661012336e-09
1.7944015747384536e-09 2.7684408087032568e-09
3.1359386301229585e-09 2.8826219083682739e-09
2.9514143795201272e-09 4.8556268867129754e-09
6.7218109725057761e-09 4.7824061389599775e-09
1.7281051972901744e-09 -8.6887997697138026e-10
7.1481010779336185e-09 7.5546795784333857e-09
3.2509182464485282e-08 3.6032057903154951e-08
9.0819120275994237e-08 7.5264926833730628e-08
2.6694626021808364e-07 1.0965372438071238e-07
5.4861773879316705e-07 1.3269616370487421e-07
1.0357633844295862e-06 6.1849831616511115e-08
2.7975610886471510e-06 -2.3152871439111503e-07
1.6857048810699963e-05 -4.4821318527708441e-07
2.0038752910780824e-04 5.1176082263081454e-07
3.7620777114764558e-03 9.9027544528232887e-06
