7.9316383429908655e-01 -2.2640935064937299e-04
1.1303022154651992e-02 -2.1079764403375849e-05
5.0391103291562802e-04 2.9761238892463954e-07
4.5923876437020547e-05 2.2423694562623622e-06
7.7505138193496408e-06 5.7459872799483873e-07
1.8526763722550170e-06 2.6261900562540434e-07
5.5835570325290663e-07 1.2432699940630892e-07
2.1671011151316238e-07 5.8208564096959685e-08
9.8755426576294241e-08 1.7529759482912735e-08
5.0440870255539437e-08 3.7699004110426756e-09
2.5205439836172712e-08 1.5886462046017606e-09
1.5755125144720143e-08 1.8713996826792620e-10
1.1731463094817172e-08 -2.2331417732004146e-09
9.5998248667791217e-09 -2.7958990617447139e-09
8.3548475431765437e-09 -3.4533901631665252e-09
5.6593479302475404e-09 -3.1592004905247579e-09
3.0863690146177088e-09 -1.8505703642768742e-09
1.4389416970659202e-09 -1.1420998683227425e-09
7.4432724996452988e-10 -9.7030187439852082e-10
4.1432640936590484e-10 -6.2027014848362151e-10
1.4592699796997838e-10 -3.2401900825771234e-10
6.2713482317303629e-11 -1.7784962887382812e-10
3.5352543585486807e-11 -1.7961859059179067e-10
3.9791013124170714e-11 -1.7200257550203491e-10
5.7089557157376704e-11 -1.1878850663660760e-10
6.8474419786214747e-11 -7.3943046751480332e-11
5.4925044141793258e-11 -4.8149162110077801e-11
3.8814979687445707e-11 -2.8872634373068962e-11
2.2997229490791727e-11 -7.5038367872344429e-12
1.1235359913728178e-11 -2.1214486561573609e-12
8.3874216240596830e-12 -3.8418392408811966e-12
-5.3250825062314480e-12 -4.4011381575300029e-12
-1.3563966023395994e-11 -4.0354344274667681e-12
-1.2306573472466563e-11 7.4679501225524754e-14
-9.0962678882796217e-12 2.5608870240516216e-12
-6.1623832064931607e-12 3.5913381518274739e-12
-3.3101154893158737e-12 2.4382939659170984e-12
-2.4243940749820491e-12 1.6968941520571536e-12
-1.9335887706588468e-12 1.2868929212609409e-12
-2.0400120643136895e-12 1.4333354642522595e-13
-8.8302959699504640e-13 -1.0144569928370676e-12
-4.2754043119781377e-13 -7.8531918559638454e-13
-1.7498993037674725e-12 -7.4606098718893447e-13
-2.3429519439547821e-12 -2.5827012408590175e-13
-4.6899446855849319e-12 -5.9767805969788822e-12
-3.7736223564659004e-12 -1.3116338624651018e-11
-1.0445572431832314e-12 -1.3457935375057210e-11
5.9837844577248623e-12 -2.0429180011994603e-11
1.7551386486766004e-11 -1.8143107983603331e-11
1.6493221523363243e-11 -2.1217231315746995e-11
1.5746442431938489e-11 -3.1051231978140078e-11
2.1789283382574581e-11 -3.4790721152073498e-11
1.5139729753575491e-11 -3.7766937394294714e-11
2.5717833584203877e-11 -4.4759343251181798e-11
-9.2080550291940454e-12 -1.7269692209212093e-11
-3.9698216479583687e-11 3.9362317637555732e-12
-1.0128595357990598e-10 7.9620999659577555e-11
-2.3645879787848962e-10 1.0205605184157588e-10
-4.3927889176541919e-10 1.9997051609504579e-10
-5.6335761433103839e-10 4.3503360922252560e-10
5.8842994500715634e-11 5.4530221611042350e-10
9.9988304521328282e-10 2.6442522772327251e-10
2.1583252526156763e-09 2.5198545689084302e-09
8.2655118232860831e-09 6.8836171550751867e-09
2.4799015366798672e-08 1.5890128922746248e-08
7.0189062812792164e-08 4.8975740707476405e-08
2.1540774968970090e-07 1.1518340845065683e-07
6.5527454648580886e-07 1.1438715217577220e-07
2.7183073023145062e-06 1.3738477962787511e-07
1.4766257187707645e-05 7.0986561117398698e-07
1.1934074100889848e-04 6.9275352629850370e-06
3.0186503946370031e-03 3.9220371246728923e-05
