7.7431300274810322e-01 -5.0117422897901333e-04
1.1134718104568392e-02 -6.5009362528001217e-05
4.6709956839600898e-04 -1.0757490337055436e-05
3.7690804601081880e-05 -3.2405138561260470e-06
7.0047450513253437e-06 -9.4700471672349526e-07
2.2211777274286705e-06 -2.6453474285828355e-07
8.8762694875820016e-07 -1.4181291243611993e-07
3.6418411625426285e-07 -8.3506560283128187e-08
1.5443310076358211e-07 -4.2517514286994973e-08
6.9588317484669856e-08 -2.5215998749715722e-08
3.3455976880945629e-08 -1.1472398016738142e-08
1.4900933582562901e-08 -5.3078880250936986e-09
6.8264102225352242e-09 -2.1218572415557994e-09
2.9734716471953269e-09 -1.1538593383747642e-09
1.5002480413014147e-09 -1.2505680579501071e-09
6.3195211825260309e-10 -7.6488495728258422e-10
-1.5007299053571118e-11 -1.6554997817434831e-11
-2.6766434421110617e-10 1.6864260933543404e-10
-1.7814025018294670e-10 3.3655620398233704e-10
-2.8129880764143854e-10 3.1449165204282471e-10
-2.5252994889297746e-10 3.6036124323819675e-10
-1.3847070263324077e-10 1.9907849955066183e-10
-2.2981800722243064e-12 -1.1413552783007624e-11
1.1124044881547063e-10 -8.7686569512335754e-11
1.4164961360891096e-10 -9.5540196097921690e-11
9.9876841074333346e-11 -6.0677937642704675e-11
6.2904206160281064e-11 -5.3323343943225174e-11
4.6431633452653032e-11 -4.3057396227873047e-11
3.8859475816752265e-11 -3.5407612757763753e-11
3.9250539518193177e-11 -2.5055747924990021e-11
3.8228013497160923e-11 -8.3520584163074552e-12
2.4658290044157703e-11 1.3404806453023023e-12
1.0621129512674054e-11 8.4834422948201768e-13
-2.1680144405769821e-12 -6.5915289202889759e-12
-7.2459826721493015e-12 -8.0640368200549001e-12
-7.8332311742533083e-12 -3.5040782597273156e-12
-5.4234742279393222e-12 -2.8710917544312807e-12
-3.5711646501685354e-12 -2.2686982377452683e-12
-3.3608002504058405e-12 -1.4865263500822712e-12
-2.5730639537977669e-12 -8.9500386867074569e-13
-1.7205797163950620e-12 4.8252007395636655e-13
-1.5072500983622193e-12 1.4018654782894642e-12
-1.4925812511191326e-12 2.9228363060179784e-12
-2.7588987478134748e-12 4.9506476343587525e-12
-5.8021563178017542e-12 4.4851353801088470e-12
-3.9849312332614255e-12 -3.1058435089876195e-12
2.9151911569579421e-12 -5.2487364748410324e-12
9.2681424653249146e-12 -1.9470728166795722e-11
3.6013615979229456e-11 -3.0368849640607449e-11
7.7142089064738039e-11 -5.7009109121299240e-11
1.0075932020745562e-10 -7.4975368749347541e-11
9.8988361788535306e-11 -9.0745832420947982e-11
6.5990323530044433e-11 -8.3291286255347627e-11
4.3855738213532810e-11 -9.1724441908098747e-11
4.9343853768453770e-12 -8.9629546824161896e-11
-4.0741397777642024e-11 -1.7852658256795605e-10
-1.3085535108691490e-10 -2.6158638918944502e-10
-5.6180317083524228e-11 -5.0792034116298844e-10
-2.7094041505275975e-11 -2.4816757895697742e-10
4.4433190945225354e-10 3.0258266216442107e-10
2.0084915503791792e-09 1.6828689938204766e-09
5.2379470574709191e-09 3.4043942174112248e-09
7.8899483364347962e-09 3.6525600810605335e-10
1.2214043808047194e-08 -2.0980304119027971e-09
1.8266413370264414e-08 -4.8703566154830636e-09
4.5462386047783495e-08 -2.0951654920830038e-08
1.4486758792022415e-07 -3.2990017002079891e-08
5.4619981694467819e-07 -1.8935324301992721e-08
2.6773654488137844e-06 3.2356767899682601e-08
1.8030355432277315e-05 1.6994224683506733e-07
2.1140482768024747e-04 1.7594482086826402e-06
3.6000154703525362e-03 7.0903549241099740e-05
