7.9646732325448355e-01 6.5389631471430079e-04
1.1182553256716516e-02 9.9226880105247580e-05
4.8474079196014579e-04 8.9230644719482480e-06
4.8845755027546449e-05 -9.6672101907258575e-07
9.8505533087291114e-06 -1.2380909599140447e-06
2.8034442660855236e-06 -4.0673426608818027e-07
1.0448046449093708e-06 -8.8755863985014294e-08
4.5693672710752474e-07 4.1551381803750953e-09
1.8056397071822928e-07 1.4450004285466648e-08
8.7097423694568606e-08 6.3539100873365862e-10
4.4101541829334474e-08 -1.5041850860908640e-09
2.1746339781579992e-08 1.5705503498951590e-09
7.8335040356907704e-09 4.9936457828853588e-09
-1.7615066868560514e-10 5.1584388460304081e-09
-4.0738227545333290e-09 4.3770479673107789e-09
-4.0549601306028962e-09 4.3350482005076135e-09
-3.7038111779848794e-09 3.8384965050498240e-09
-2.9749023549151643e-09 2.6650833821595314e-09
-1.6900317518632642e-09 1.7018581662227799e-09
-1.0345202356818390e-09 8.8482948518002461e-10
-6.9121918008355825e-10 6.5370536057808512e-10
-4.1471636785995037e-10 6.1583691303372057e-10
-3.2018676250033031e-10 4.4347942933025093e-10
-2.0763810301604468e-10 2.8478358037688644e-10
-1.7138604535836902e-10 1.6046646374439991e-10
-1.4449654669037280e-10 1.3595477877620919e-10
-7.5437654052833244e-11 1.1072935594775683e-10
-5.6333269038962877e-11 7.0465280877257603e-11
-5.0769299818541763e-11 4.9486764204085518e-11
-4.1879501625176384e-11 4.4953762417171673e-11
-1.9211740968544296e-11 4.1637211463790370e-11
-5.7761241042710495e-13 2.0890614178128328e-11
3.1995639113697943e-13 1.0073040751707267e-11
-3.4105567362763298e-12 4.5208548470815324e-12
-4.3734289825360569e-12 3.0723766377476650e-12
-2.9639855791189415e-12 2.5847480399109483e-12
-6.2513198292370921e-13 1.5013400734165774e-12
2.8839225284834770e-13 1.0369162893514874e-12
-1.8534779450387653e-13 6.8312204891562144e-13
1.8952026338525969e-13 -2.9057558168096204e-13
-2.0705299484526198e-13 -8.6972794555751116e-14
-2.6673611100065326e-13 -4.0543958776041599e-13
-4.0458294636435104e-13 -1.0109574542013388e-13
8.0731395216226353e-13 1.1144034540067742e-12
3.4394452395572106e-12 2.9308955773150433e-12
5.4141370608891883e-12 5.5933080562045770e-12
4.3706671987819555e-12 7.4972526908836996e-12
2.6916255305169202e-13 7.2383317804003009e-12
-7.8923410143221965e-12 2.8490400566526738e-12
-3.0140639575479161e-11 -5.3655657522562976e-12
-7.0450704529908708e-11 -3.4223001185844813e-11
-1.0792019682352563e-10 -6.3450872705032943e-11
-1.4795490085380947e-10 -1.1418760618049414e-10
-2.0685615873423427e-10 -1.4628151467518500e-10
-3.4660489557283541e-10 -1.3626029978633193e-10
-3.5344884161817451e-10 -1.9489089094678273e-10
-3.0722552154774460e-10 -2.7121791088299180e-10
-3.9460698894711217e-10 -4.0013623877248080e-10
-5.8195112411264147e-10 -5.8952127441157260e-10
3.2232058073839288e-10 -6.7666770326295919e-10
1.8646681913210409e-09 -6.9460582874550592e-10
6.4169971241628585e-09 -7.3791573941509089e-10
1.1802896622223650e-08 -1.4766546265894707e-09
2.0032648909445192e-08 -5.2364484434884991e-09
3.6901567125357468e-08 -1.6494590570424142e-08
8.3585058472369564e-08 -2.6958129743200162e-08
2.3557819052073528e-07 -5.6319753116230207e-08
7.6309090183477656e-07 -7.3908610786136842e-08
3.1389492872857833e-06 -9.3806338922982840e-08
1.7242194736076377e-05 -5.7801481441205824e-08
1.8044708965644804e-04 1.6487759912766762e-06
3.5083816643264073e-03 -4.8343268169083857e-05
