7.8872969916316293e-01 -5.1125060956363978e-04
1.1667157062481007e-02 -7.4378102159932842e-05
4.5375038836971827e-04 -1.0277224117785918e-05
3.4088841280106101e-05 -7.8010048078858553e-08
6.6450701064182258e-06 4.7055487823528797e-07
2.2768082109999930e-06 4.3948277954192822e-07
1.0316267715717746e-06 3.8313780950474701e-07
4.4343680436117565e-07 2.6442661427178280e-07
1.8011242794055291e-07 1.8620230817311736e-07
8.7254447336836735e-08 1.3941333660344301e-07
4.1907775960823398e-08 9.1703754400897074e-08
1.5791207649179116e-08 4.9004802886391614e-08
-1.3231654353810901e-09 2.0097388797220242e-08
-6.8169882815509420e-09 1.1089765625553697e-08
-6.5656283589340954e-09 9.8528634802665313e-09
-5.8072996211080973e-09 1.0887979086328028e-08
-5.5839470471990269e-09 1.1895135801707514e-08
-3.5070198154295576e-09 1.1436753518944055e-08
-2.7362140487467892e-09 7.6537666780334929e-09
-1.0698679787373169e-09 3.8752219625784876e-09
1.1091224242935624e-11 2.2175800125070880e-09
1.6286488866420579e-11 1.9665178812044709e-09
4.2165381358849768e-10 1.3678149569755576e-09
5.5916758121107246e-10 8.3856634122548334e-10
4.9283842717434603e-10 5.3544618732905286e-10
4.9256886558165272e-10 2.5496691540422115e-10
5.3688225958767967e-10 1.5999907918346673e-10
3.6789400417367026e-10 1.0637681771092072e-10
2.1616430681071698e-10 1.4230722764297305e-10
1.3233627732643155e-10 6.3130667571678089e-11
6.3862992632366662e-11 -4.7599706298851877e-11
6.0605395720933330e-11 -6.4397809627896790e-11
3.2577235375086541e-11 -4.0506113559687511e-11
-8.7190000915462832e-12 -4.1125498415103225e-12
-1.3787376859137180e-11 -1.9294674880814026e-12
6.2855939881230239e-13 -5.3398526522671405e-12
-3.6315898835329781e-12 -8.7844602473767490e-12
-1.2500072560495079e-11 -1.5310603187550521e-11
-1.2448997360003615e-11 -1.2373761871777284e-11
-9.3856925785322907e-12 -5.2827674034914339e-12
-8.1833011204531589e-12 1.3812641002378985e-12
-4.1454946431807959e-12 -1.6011597660162671e-12
-2.1291337613272037e-12 -3.9275881790671469e-12
4.3935393696195027e-12 -4.1683008364617183e-12
-8.9480495463091625e-13 -2.2026480385330385e-12
-1.8449995794294414e-11 7.7822850417869891e-13
-3.8181748793997847e-11 5.6708490416780764e-12
-3.5349865846674202e-11 1.3359998994284402e-11
-5.1324615764410883e-11 5.7834720959169099e-13
-3.9945539853386417e-11 -4.1632104505102870e-11
1.2355374042891039e-11 -4.2337430529811713e-12
1.3895866716196391e-11 6.7793267907832620e-11
6.1250643360902816e-11 8.7210332046476719e-11
2.8699920223494740e-10 1.6819212799294653e-10
4.1175532665865185e-10 1.9721839713302356e-10
4.5461168236773516e-10 1.2587375396812941e-10
2.5989963955948036e-10 -7.7847139793040546e-11
2.0474327594267376e-10 -5.2081712890786786e-10
-1.9133157063333132e-10 -7.3340824278788701e-10
-1.2180563144662808e-09 -1.4859093819838608e-09
-3.0087170603863253e-09 -2.9743557783194576e-09
-2.8246593801247138e-09 -4.9266387804366920e-09
4.7306266906610478e-09 -4.0475499300862824e-09
8.5394357852025970e-09 -5.2569175715525223e-09
1.3608646100609534e-08 -1.3333761649136635e-08
6.6137990696787087e-08 -2.0884496882502643e-08
2.5745643157347074e-07 -2.4557790995950116e-09
6.4731364113322131e-07 5.7008904614635661e-08
2.3388890999521346e-06 1.9804190688882285e-07
1.5518223005936826e-05 4.9473230420277151e-07
2.0551292993714927e-04 4.1400064305082918e-06
3.7885746617588641e-03 3.0969821498948132e-05
