8.3039899210411183e-01 1.3927359081078825e-03
1.2961896952900086e-02 3.0476039613922077e-04
6.7238852670389480e-04 1.9099632409719591e-05
6.0579034683804769e-05 2.0380403985388735e-06
9.3384459516486466e-06 6.2395483603834173e-07
2.3064425251325738e-06 4.0059685091976145e-07
7.9629539977328183e-07 2.0681221026284759e-07
3.6153577314796110e-07 1.2161249081569709e-07
1.6189186523238899e-07 7.5442689416070822e-08
5.2612020350694571e-08 2.9722537211975371e-08
1.1328439941163224e-08 1.6660630539885298e-08
-2.7570905957131119e-10 2.6235098662701622e-09
-3.3685974049504362e-09 2.3068374528300131e-09
-2.4639301100991426e-09 -9.6577115771185125e-11
-2.1814197295524286e-09 -9.6488102538333679e-10
-1.8807365418803389e-09 -6.8782830230090303e-10
-1.4860110615077345e-09 -8.8762476615209887e-11
-1.3735968413288767e-09 3.6596008924905130e-10
-1.4180920712451133e-09 8.4818596972370925e-10
-8.6936420125586229e-10 8.0966487604157226e-10
-4.0019640973268119e-10 4.3897271866919368e-10
-9.8644579580234056e-11 2.6153322505427506e-10
-2.1208870774170456e-11 1.2480435646618152e-10
-1.8352829602237412e-11 5.7889230431993784e-11
3.3959806161155226e-11 2.2488359008940114e-11
2.5977542232797311e-11 2.0716419457684414e-11
9.2033006418977935e-12 1.8370850225924383e-11
-2.0664302522457051e-12 1.5021536761845408e-11
-4.0784078440563710e-12 1.2118355898268511e-11
-3.1276166822705594e-12 5.1135792484706170e-12
-5.7560618252316165e-12 1.4289814252436619e-12
-6.0962876097379760e-12 -3.4824169593448798e-12
-3.3696393678903211e-12 -3.1835898391443903e-12
-9.8416009946873212e-13 -1.2300696778753865e-12
-1.1547354225920400e-12 -6.9334711275157912e-14
-3.7053768995710753e-13 1.2600515217642449e-12
2.7960783842108337e-14 1.4568088283307216e-12
-1.0263992965493205e-13 1.5465388821760438e-12
-1.8629183480651038e-14 7.1478641704787220e-13
6.2860264491193297e-13 -1.5970398995106817e-14
4.2401212902589460e-13 -1.0772596231595583e-12
1.0446053866860762e-12 -9.0245339075774421e-13
3.0762906508753558e-12 -3.1520266875822297e-12
5.7631070253793116e-12 -7.8697923643321795e-12
1.1666982846222681e-11 -1.6505175338539010e-11
5.2349553126827470e-12 -2.1923716130011247e-11
-7.9639035628499605e-12 -2.4320745646952833e-11
-4.0174990082115292e-11 -2.8360885870213007e-11
-5.0622738884521618e-11 -2.3817889355222925e-11
-1.0437826293504578e-11 -5.5619968016743982e-11
-1.6224921196443346e-13 -7.4572763573680909e-11
-2.7322592094953871e-11 -6.2604650905504243e-11
-5.4574282849681233e-11 -4.6213176149119183e-11
-7.5906993855572258e-12 6.8807201487633594e-11
1.5947243835839709e-10 1.8919659743495472e-10
2.3269360882291589e-10 3.2302533409103555e-10
7.7092550666027513e-10 2.1204789660937422e-10
1.0983158982207359e-09 1.3456892072003850e-10
7.4051535064185815e-10 5.6715081368047638e-10
-4.0123323621140731e-10 6.4224066711306453e-10
-2.6395243247928785e-10 1.6295105265508600e-10
-1.5206417392286956e-09 -3.7673042964914019e-09
4.1622642589253501e-09 -6.5416671702619874e-09
1.4507493232944543e-08 -6.8922646816552191e-09
2.9439735877693703e-08 -7.6268252626805042e-09
7.2347271900091431e-08 -2.8787166539758277e-08
2.0230380712436736e-07 -8.7670465279022959e-08
7.6928738291754363e-07 -3.3171175614573410e-07
3.6044711634609999e-06 -1.1913900832315679e-06
1.6673377144709022e-05 -3.9406479871971839e-06
1.7647061777123691e-04 -1.1142703500011092e-05
3.4470474615956952e-03 -7.8955063192413642e-05
