3.9698156021630566e+05 8.8145005211054704e+03
1.9942834690854693e+05 5.4865941433310390e+03
1.1555047645936051e+05 3.0355395307362033e+02
6.3018909001036882e+04 -1.1165029478241029e+03
3.4737365269541551e+04 -1.1050850083289038e+03
1.8755842742627639e+04 1.2088854839554227e+02
1.0075488631592441e+04 1.0275670853629217e+03
5.5125816491448277e+03 1.1961761103439280e+03
2.6018529061172435e+03 1.1477413019550600e+03
1.1461278654145860e+03 8.7680140396846275e+02
3.7192150212442004e+02 6.0071167861310948e+02
-6.9829220670968652e+00 3.8511017499938157e+02
-8.1564458021458577e+01 2.1404897267066505e+02
-5.8189765476743176e+01 1.1856250619659278e+01
-1.6128171767772717e+01 7.8851249160370358e+00
-2.1463109461667791e+01 -1.3134437759523987e+01
-4.2743172224621830e+01 -2.6674831122650247e+01
-6.4929597965919172e+01 -3.0966112179971546e+01
-7.5644587863706917e+01 -2.4663447367286501e+01
-6.7343052326385134e+01 -1.7633783315897709e+01
-3.7425821918483621e+01 -5.7497006736020113e+00
-2.1657657623070222e+01 1.3151869624711171e+01
-4.7317176580264704e+00 1.5254413908816153e+01
5.6179237774039219e+00 1.2562461584291238e+01
1.7993818416176512e+00 8.3012308234319292e+00
-8.7625131651686450e-01 4.0894797467343258e+00
2.3009148462260764e+00 -5.9107413364110517e-01
1.6977478954177259e+00 -3.0549883015649408e+00
2.3230266124196974e-01 -2.7636411238563952e+00
-6.8903343493192382e-01 -1.6914219724405730e+00
-1.0095774580912908e+00 -8.3366458738723193e-01
-8.2189432240708049e-01 -4.6761198146007105e-01
-4.4719598008947370e-01 -2.6030808985865339e-01
-2.9295562913229839e-01 -1.5573431206825339e-01
-4.3628905591142730e-01 -2.2395000476045002e-01
-2.8490290573222793e-01 -2.0515134090328410e-01
-7.6041057436876752e-02 -2.5029623837699394e-01
-3.8206326992651120e-02 -1.7630731737372352e-01
-1.0210133168398057e-01 -2.5050269905013186e-02
-1.3853897565527379e-01 9.2742733146079462e-02
-4.6868253346777536e-02 1.3562524581210511e-01
8.5967085339867064e-02 1.2029302140333378e-01
1.9933976799150546e-01 1.9786343863090292e-01
3.5819972211619855e-01 2.1794945504187402e-01
7.5025081578172270e-01 -5.7135109045412476e-02
9.3500648745523418e-01 -3.4611409960103406e-01
6.4946699218680037e-01 -3.6277097726743990e-01
2.6323544782895247e-01 -5.3232357880615855e-01
4.1418072850961285e-01 2.4896362474279554e-01
1.3736141428915871e+00 1.4509527816239847e+00
2.4663140204815628e+00 3.7064344307815347e+00
3.3835525376733617e+00 5.4627259396570631e+00
3.9438032848485571e+00 6.7109797218529863e+00
9.8502997420881648e+00 2.7114144458781717e+00
1.7561999445775953e+01 -1.2804508618588906e+00
2.4561073585352965e+01 -7.6759365868902343e+00
3.4454430069217921e+01 -1.4960518407847657e+01
4.4066742664364270e+01 -1.2733205929036483e+01
6.6001010692327398e+01 6.2004057836856834e+00
6.5827087664609564e+01 3.6992934735053984e-01
5.7943054806425224e+01 -2.1232693732138848e+01
8.9517130763009817e+01 2.4492689229328867e+01
1.4283696338123011e+02 4.0161270350710872e+01
2.8733826882275991e+02 7.7933901222707718e+01
3.7092707812142424e+02 4.9334197741311435e+01
7.1075518886375130e+02 -1.5499656857197525e+02
1.2307201268550234e+03 -8.7224804335497680e+01
1.7365386191399894e+03 1.3880047758155240e+02
3.6087601679920404e+03 1.4186977506611180e+02
9.4540169972260119e+03 -2.6420603753641922e+02
2.2560656855214937e+04 -2.0504033926858830e+02
5.1727644044940949e+04 -2.1035425424977752e+03
