4.0068049137065292e+05 -4.0046009049633740e+03
1.9901346571710563e+05 1.5318496664001614e+03
1.1461464837520344e+05 -1.1242670883576045e+03
6.3992523864844596e+04 -2.7690084286285160e+03
3.4778958131766973e+04 -3.3339483805615550e+03
1.9218102397820006e+04 -1.9859571144399426e+03
1.1101867940888715e+04 -2.7316445609384175e+01
5.8715118341452790e+03 6.8780138162468904e+02
3.1261891718804627e+03 7.9665128716821255e+02
1.5882037587739496e+03 7.3013594067154133e+02
7.8274502941162393e+02 5.1548961109821562e+02
3.0052283866759313e+02 2.6713231772596538e+02
9.5606397696658618e+01 1.5955923964022730e+02
5.8551426181606381e+01 1.3421502969074598e+02
5.2859658445145001e+01 1.2139686388012809e+02
3.1628864869813615e+01 1.0206697553020429e+02
2.5406793048987119e+01 6.3387467981978162e+01
2.2490161004567145e+01 2.8862521821632317e+01
1.0618617233797519e+01 1.7071713966028714e+01
6.0243917539822815e+00 1.2415371981873170e+01
4.0092400665138666e+00 8.7656334283670923e+00
4.2296937878707972e+00 7.3664633989673831e+00
2.7867654252684391e+00 7.6510664634147405e+00
2.3370883022209615e-01 5.6100915318497000e+00
-3.0626754444810267e-01 3.8055375004565133e+00
-2.9084800621413531e-01 1.9118324162562959e+00
-1.5110149532825307e-01 1.3884500946018850e+00
1.2945861616765242e-01 1.1959678337728250e+00
1.6690670132279625e-01 4.5170066531609182e-01
1.8749542317916523e-01 2.4603903398941536e-02
3.3290045868465573e-01 -6.8355925432056389e-02
2.4121935929058208e-01 -9.0659787122742641e-02
1.9978495211513500e-01 -1.2021282232392114e-01
1.7719431343554237e-01 -1.2597130246835644e-01
1.1049913692953270e-01 -1.1876130328596439e-01
4.6398408263203537e-02 -1.0096494550483409e-01
-3.4814171707696497e-02 -6.4507595479647656e-02
-9.0133990067578176e-02 -3.0954501775224269e-02
-7.6802503845100706e-02 3.7049687750495865e-03
-5.5729836337385957e-02 7.9355667565954822e-04
-4.8051498084741240e-02 8.7453063315263754e-03
-2.6140510735486403e-02 -3.2443947942712558e-03
3.4980420378084853e-03 -4.5174065574896678e-02
2.7668290606689155e-02 -3.2817613889158756e-02
3.7992736447235886e-02 -1.0267398408429240e-01
8.9308597309535762e-02 -1.7275359197807452e-01
3.5242507197054479e-01 -2.2098376267415534e-01
3.4639306682669707e-01 6.6066307426037724e-02
6.3484618850094404e-02 1.0798309632919856e-01
2.2398106150578850e-01 2.6170555672022477e-02
-3.0532810707302421e-01 5.8875630017270719e-01
-7.0544872538829406e-01 7.0925786338353358e-01
4.2678199584351162e-01 1.5654501625541959e+00
3.6707361007896147e+00 2.0362311560902846e+00
4.4925529832549067e+00 2.4535720351735559e+00
3.5330675108081517e+00 3.9728269451187637e+00
2.4392797181187271e+00 6.9441285114779614e+00
1.3007516627972260e-01 1.0210737282266514e+01
-4.1038388041726592e-01 1.0545200438304892e+01
-5.1932913939826388e+00 3.3821458725186080e+00
-1.0054979927610102e+01 1.3814890970210991e+01
-3.0325052098041926e+01 -1.3317722970663876e+01
-7.7203810308426966e+01 -1.0966563384455657e+02
-4.5488416250464859e+01 -1.2309851321039849e+02
4.4845187543199046e+01 -1.5650269559023417e+02
3.2862591821764573e+02 -1.5229559630757106e+02
1.0671684155930898e+03 -3.2630282244832733e+02
2.4660917839390308e+03 -1.3954274656844598e+01
5.4158287445608730e+03 2.2451059720353786e+02
1.2091130695635304e+04 1.2791780558499997e+03
2.6514700516922698e+04 2.1434106015025013e+03
5.4308482173573939e+04 -1.7621158871745808e+03
