3.6703612691281381e+05 -2.0843546738227342e+03
1.6946675369281793e+05 -3.5772908699317081e+03
9.1537917827396843e+04 -4.0383126210196674e+03
4.6503263969753614e+04 -3.8979520746165554e+03
2.3548867309428137e+04 -1.6809285314164201e+03
1.2676900409570715e+04 4.5656741373453633e+02
6.7986845626359263e+03 1.8002193318526565e+03
3.6291773144676608e+03 1.6400855431787004e+03
1.9767481812897299e+03 1.2056746847124546e+03
1.4508864914836877e+03 8.0736827762305484e+02
9.8427105247127906e+02 4.4824567110982207e+02
6.2330123978041695e+02 3.0473821660433060e+02
3.5119808746275720e+02 1.9153975226989630e+02
2.0819860891441260e+02 1.3568842680451752e+02
1.0699026346305553e+02 9.0159635209210165e+01
6.2445795446201195e+01 6.5558871060114384e+01
3.2860754501137912e+01 3.3492596366509638e+01
1.8377064853205610e+01 1.7209886610156001e+01
1.5530384926579863e+01 9.4152796599512172e+00
1.2017750524429008e+01 4.9108425988986308e+00
5.7782821898952959e+00 1.3455103983851953e+00
4.7036907611323064e+00 -3.8510758316490812e-02
5.1015279943422538e+00 5.1425762537357100e-01
5.1119455247404488e+00 9.2700694698579877e-01
3.9068136791018997e+00 -9.8508092215296161e-02
3.0378988773793005e+00 -8.9859048809152053e-01
1.9873737801430256e+00 -8.8806600639318245e-01
1.3102592985914565e+00 -6.0459054035269433e-01
5.8911611680113762e-01 2.0261985261221180e-03
3.0751960291220742e-01 2.0918782164692201e-01
7.4155960392599626e-02 2.2346861890075179e-01
-8.6096237575130644e-02 1.4232749750535459e-01
-1.1846138602476425e-01 1.0650247184472506e-01
-1.1650424745332202e-01 9.2399205085040001e-02
-1.0336516615360884e-01 8.1460894327315556e-02
-9.1875348174864466e-02 4.3404914428396411e-02
-7.6079207664535631e-02 -1.1199020589682500e-02
-8.8191292746373620e-02 -3.3298823751514418e-02
-1.1190050189270662e-01 -1.7825184063636586e-02
-1.0944466085212065e-01 -4.1156582685708418e-02
-1.0768402471993360e-01 -7.5461460182683085e-02
-5.6583636566821312e-02 -8.4223955435111256e-02
-3.6143903802275688e-02 -1.6838756113412415e-01
-5.4392859343911942e-02 -1.6583044989517004e-01
-1.0463572526380799e-01 -1.0249556040720270e-01
7.8550061025328022e-02 -1.3442300100642463e-01
2.4922301704427369e-01 -2.5049004921253010e-01
3.9257184920665289e-01 -2.2125250013431294e-01
2.0491538292198472e-01 2.8235094624478402e-01
-7.4735098198404337e-01 1.1777482899379030e+00
-1.1773189096749899e+00 1.6292241057412684e+00
-4.0313470874902757e-01 2.7374317849143668e+00
-8.1821815944110865e-01 5.4329805964852449e+00
1.7366421992785837e+00 9.8065774091067457e+00
3.4179907272807215e+00 1.3053143564070226e+01
2.4072203447453258e+00 2.0086930891612326e+01
4.6621544155927266e+00 2.6644355830130543e+01
4.4041777989657227e+00 3.1704377081967493e+01
1.0084532736301675e+01 1.1726094332549408e+01
1.1940318123462621e+00 -1.5687905752887620e+01
-1.6007141254859540e+01 -2.8018533279721467e+01
-1.2596840817487337e+01 -4.1770008869653040e+01
5.1576838081659105e+01 -3.1080919672426091e+01
1.8741410225654275e+02 -7.1431888253082647e+00
1.7667951217098963e+02 5.8456802165079438e+01
3.6862093652968531e+02 5.2065808929343817e+01
9.7989877502429431e+02 4.6595828154973546e+01
1.8757024967383707e+03 -1.7103486295687367e+02
3.3581843237931071e+03 -7.0186345402278550e+02
6.6957023311648563e+03 -7.3881809150859112e+02
1.6315536695793111e+04 1.7962151758380287e+02
4.0430547085203776e+04 1.5684998190217252e+03
