3.9181768489674566e+05 -3.3545231355588471e+03
1.8347783730586173e+05 2.9010273596751404e+02
1.0056842194314717e+05 1.5432342595458790e+03
5.4465723602545128e+04 1.9608212142953764e+03
2.9875184773030804e+04 3.0443607383176573e+03
1.6687676382644699e+04 1.7099853672302404e+03
9.3213998316331672e+03 7.9300969412934353e+02
5.2956230776518451e+03 7.1357422533536464e+02
2.8850531241775525e+03 4.3365219662608968e+02
1.6793891089364758e+03 2.0131178109718834e+02
1.0224576757410106e+03 7.0283315464547172e+01
5.9398612813661293e+02 3.7011069554547589e+01
4.0480437262627748e+02 8.8488632789009515e+01
2.8952783894179697e+02 1.1189134579396853e+02
1.9654356235728676e+02 1.1686757573310170e+02
1.0274526693505186e+02 7.7091262968558254e+01
5.5489204268179762e+01 4.1306844681993688e+01
2.7411808611080065e+01 2.0800650852088321e+01
1.4122826799471220e+01 8.0275195260516767e+00
4.2979911697030655e+00 2.8373334473333078e+00
-2.1414077909241747e-01 -6.4047979569130231e-01
-1.1761410488605410e+00 -3.5728745101017272e+00
-6.2026784916959743e-01 -2.9946958474049854e+00
4.8272313545722711e-01 -3.9099459760498148e+00
3.5865387578015595e-01 -3.6904538410608945e+00
7.4879387203806202e-01 -3.4627677372958976e+00
7.5652150173662924e-01 -2.3690835654052713e+00
7.6626556605685181e-01 -1.2211871838846298e+00
6.5372693508920299e-01 -6.0141105283195007e-01
4.2928788559308112e-01 -3.1545078431649159e-01
2.7611800513816265e-01 -2.3170508618825389e-01
1.4657098000326615e-01 -1.5318917822291817e-01
4.3349581448875553e-02 -4.8302674361320241e-02
-2.8523559175626732e-02 -7.2603383807488524e-03
-3.2785429213101007e-02 -1.5914222426704615e-02
-2.5095575480742441e-02 -2.3401858286848633e-02
-1.8948183834133662e-02 -2.4934174413724551e-02
-2.6600886714249952e-02 -1.8568422292944878e-02
-4.6328336738535314e-02 -1.7786252729518951e-02
-5.7116292087040707e-02 -1.2586648319801066e-02
-4.6445951060997345e-02 -1.5811637628122852e-02
-4.1918017595966868e-02 -1.8337612676798537e-02
-2.3491749064265016e-02 -3.3107836104819904e-02
-3.0005142810698333e-03 -3.5060584640396332e-02
3.2824144321819976e-03 -8.2764152818991070e-04
8.1852550661983950e-02 1.0742695890385745e-01
8.0830852010991966e-02 1.6340422609452293e-01
6.3968367995750813e-02 1.2839687520920604e-01
-4.8663630223424806e-02 2.3743989911593749e-01
-2.8697903109169060e-01 8.5896819696130361e-02
-8.0686818689364370e-01 -8.3910608961721045e-01
-6.1949659378676691e-01 -1.7906518166948133e+00
6.8476035720420336e-01 -1.0363391131532469e+00
1.0144513730564861e+00 3.5217129139649611e-01
4.1926568190079377e-01 3.2269163080273873e+00
6.4590064225286126e-01 6.1383602865678126e+00
1.9306431979157690e-01 3.8769322647939655e+00
2.3017238913489826e+00 -2.3431354419940202e+00
3.7932445863657676e+00 -1.2695333397959452e+01
8.0758782477241677e+00 -1.1182767128989358e+01
1.4643598738816710e+01 1.2440443362020690e+00
1.5198477878860100e+01 8.6710714108908356e+00
-2.5585986652634208e+01 -2.8776271061238436e+01
3.3780671584023260e+01 -1.1206079932794087e+02
1.4623879102670858e+02 -1.0294725651654765e+02
2.7325070522983469e+02 -5.2879690302411674e+01
4.1765760800369128e+02 -1.9968803601364389e+01
9.5726815937768731e+02 -6.1950438058806213e+01
2.8915827731407107e+03 4.7765167399219422e+01
8.0944176310344956e+03 3.4428912425144551e+02
2.0116613548078414e+04 5.3986315444364277e+02
4.7602277230936073e+04 2.1169995872921863e+03
