4.2566865986050497e+05 5.8520074757082239e+02
1.9982724113341802e+05 1.1280481323101474e+03
1.1641207375227471e+05 -5.0830787585977987e+02
6.3046337028460744e+04 -1.4598261555649242e+03
3.3133825113932799e+04 -1.7122834627664865e+03
1.8603016505583269e+04 -5.9756600657609420e+02
1.0697027483136058e+04 -4.5687455149608655e+02
5.5513051794600015e+03 -3.5191909539045719e+02
2.8464522174343992e+03 -1.9904717973309022e+02
1.4180015316192728e+03 -2.2070679530743467e+02
6.5707128362765604e+02 -2.2518422612751246e+02
3.1993069667332600e+02 -1.7536739599548997e+02
1.6890235149982283e+02 -1.0040573644919253e+02
1.0115759399059277e+02 -1.0306181641442660e+02
6.6585175795699641e+01 -4.7410461414156686e+01
3.8530858261111881e+01 -1.2260346167371816e+01
2.9326484170302109e+01 -6.1507435063783689e-01
2.1875246933717509e+01 5.5844664779630397e+00
1.7166221973434620e+01 8.7679976139088591e+00
9.4977894642892817e+00 1.2240136525525555e+01
2.7869378420634052e+00 1.1712356539048706e+01
-7.0043569186733334e-01 8.1553475197075489e+00
-1.9519402078330086e+00 5.4075978173630102e+00
-8.2903615959319643e-01 3.5382795848095849e+00
-5.4140299701725325e-01 2.2360476294648848e+00
-2.1999759269361699e-01 1.3941120883493863e+00
-7.8340953031144731e-02 1.0383252703892982e+00
-2.0872723053846395e-01 5.8442669141377368e-01
-1.7374750331744099e-01 3.6421694303828639e-01
-8.1585311946503467e-02 1.6411551546466277e-01
2.1628240095788176e-03 6.2260822020215101e-02
5.9243372795367566e-02 4.1597507265119293e-02
1.1134474318658212e-01 6.5183172772102477e-02
1.2324125465838802e-01 4.6748876927438773e-02
9.5759235064271239e-02 1.8795125760999769e-02
8.1845880073872695e-02 1.5264672687561895e-02
6.5412456144297568e-02 1.3596152050798411e-02
5.3384821285242495e-02 2.3415155661122528e-02
5.4656298685002914e-02 5.7088390395566027e-02
8.7886739918517809e-02 1.2443723808609763e-01
6.3103223080990228e-02 1.1641271722346737e-01
4.1603396635620876e-02 1.0214080868642776e-01
5.3591814547759485e-02 5.2580251494341701e-02
6.3786432254761008e-02 -6.0622561460865088e-02
6.8944947809405521e-02 -1.6608281781445719e-01
3.4650063953690038e-02 -1.5486227435695793e-01
-2.4875622617805106e-02 -2.5356215361090273e-01
-5.5118510980557520e-02 -2.5147925540065741e-01
2.6020176268875450e-01 -2.1786876078208048e-01
5.0830381646607814e-01 2.9186306254838074e-01
6.5251194060633599e-01 5.5776273319546243e-01
2.6980696745042276e-01 6.8027408296107683e-01
-6.3117842544988179e-01 -4.1783820029506702e-01
-2.2593464610283451e+00 -2.4048490734354102e+00
-4.6788980927033563e+00 -4.2485817129287540e+00
-3.5522797364371623e+00 -5.8586942216361866e+00
-2.7562417576078961e+00 -5.0888796580861433e+00
-1.0725759999326612e+00 2.9855267880159420e+00
8.0419696820287978e+00 1.2083402721558333e+01
2.6154349626373126e+01 2.4634870160299386e+01
4.9860311109795262e+01 3.2182770569113238e+01
7.4594438450467280e+01 2.6733950848855926e+01
9.1396873868953250e+01 4.7853246392116034e+01
1.7193556077737784e+02 1.0978267136638701e+02
2.9793330286586672e+02 1.7876900667495184e+02
5.3021494568129208e+02 2.5744456628599778e+02
1.0636808609544914e+03 2.2079537245415071e+02
2.0704725522174845e+03 2.6075298802896060e+02
4.0959823482321590e+03 -2.2716301790595151e+02
8.6311350869199650e+03 -8.8543292983596984e+02
2.0257893261456429e+04 -7.5678914375111913e+02
4.6544252036970582e+04 -1.6522103021462137e+03
