3.7028921516496589e+05 -1.5072849799675705e+03
1.6768130782577445e+05 -9.8769230862817803e+03
8.4876796986592002e+04 -6.0940464987658470e+03
4.2392705616600259e+04 -4.1408229284696108e+03
2.2419755882760444e+04 -3.3057109349170555e+03
1.1521384755971729e+04 -1.9355432808886576e+03
5.6504273613707701e+03 -9.7565872529666433e+02
2.7939953219864960e+03 -6.4108229817864981e+01
1.6246327143439373e+03 3.4444651948559607e+02
8.2994834758849038e+02 1.6297008411768346e+02
3.9604481700842859e+02 5.6933764460378214e+01
1.2224291927889361e+02 4.1374253706705986e+01
7.3145919715432498e+01 3.0996127274519134e+00
3.9473158451133841e+01 2.1808568369638706e+00
2.0058412759925506e+01 -1.0276274706011767e+01
1.1058653429887118e+00 -7.3604071873463708e+00
-4.1841972850855118e+00 -5.1716719058245602e+00
-5.2139711933206359e+00 -1.0044588846608491e+00
-5.0138176367317495e+00 1.5371945436199694e+00
-1.4138039583293169e+00 -1.5065046068793289e+00
9.6497828588575540e-01 -1.4733714763365071e+00
1.0171112025232671e+00 -8.0274771974687520e-01
4.3992919032383215e-01 -2.5566326061589861e-01
9.2439708682574273e-01 -2.4452931909209302e-02
1.2231487393981666e+00 3.0701772596937360e-01
7.7121693952048531e-01 1.8503101810020658e-01
5.2386238083303427e-01 -2.7590798227041280e-01
3.4652079861901075e-01 -3.8100322297252320e-01
1.6665395736749711e-01 -2.9367676822945166e-01
-1.3780713158928687e-01 -1.6230005347635656e-01
-2.4496829116166541e-01 -7.5432345352497210e-02
-2.8015404522353826e-01 -3.8884242647440642e-02
-2.6895069763697094e-01 -4.1310417266527608e-03
-1.8019357041691603e-01 4.1284874637583881e-02
-1.0255016973200932e-01 3.2474826474792926e-02
-5.4703640646376353e-02 2.2758950191214593e-02
-5.1549827474720297e-02 -6.0898634891008042e-03
-3.6922459590982629e-02 -1.8509818282773708e-02
-2.6560106703932159e-02 -1.9068398905566768e-02
-2.4357336605829991e-02 -2.4311687221780919e-02
-2.4632842125304259e-02 -3.5708359104621556e-02
-4.9180158997248327e-02 -3.9709570634617344e-02
-4.4659083087938187e-02 -4.0512305378764421e-02
-1.5575901182951536e-02 -1.8346397675885834e-02
1.3195785172746533e-01 1.8709720085105758e-02
3.6038704916342201e-01 7.4597006568329821e-02
6.1579467020653511e-01 1.6603044541625539e-01
1.0210181517142090e+00 -1.2067852404690606e-01
9.4576067188816493e-01 -1.5584331919028938e-01
6.4023641462212322e-01 -7.1504035627348717e-01
4.6596320046355821e-01 -1.1880853420312354e+00
5.9092763466006271e-01 -2.6437471593963191e-01
8.8274501220059143e-01 4.2890946740036867e-01
2.2292072567637895e+00 1.2741800359228075e+00
4.1378226361954749e+00 3.6635955843112105e+00
5.4099617120378758e+00 4.8313127105188300e+00
7.0518813833538889e+00 3.1671115348310481e+00
6.9351235256065182e+00 1.8869309161596517e+00
7.4725748478574010e+00 6.1409840329622183e+00
9.6013031281268191e+00 4.6185014044143244e+00
3.7595380011541579e+01 -7.1494423359975690e+00
4.0597439181225397e+01 -9.7893512288034188e+00
-2.7881399196413547e+01 -4.7006792009642041e+01
-7.0223859229443690e+01 -1.0979800347831291e+02
1.1434552381052221e+00 -2.2106196808961244e+02
2.5780587839078294e+02 -2.5737238847205799e+02
6.0158940710014747e+02 -2.8170587544968691e+02
1.7540641089662438e+03 -4.4941721611368143e+02
4.3217333556976755e+03 1.4652649459090478e+02
1.0275022610311622e+04 9.5640002476843961e+02
2.3560004378363741e+04 2.1348985027691579e+03
5.1902642202033516e+04 3.1103981245382552e+03
