8.0799323862098138e-01 6.5312536285299435e-04
1.1369558010470283e-02 1.3516199559748701e-05
5.2600105695261668e-04 -1.0897425046820827e-05
4.3197168746576513e-05 -3.3054819582978769e-06
6.9244607597541761e-06 -6.4363406544453663e-07
2.0073268225379967e-06 -1.3605257079939315e-07
7.6805647745555442e-07 -7.6998120838808662e-09
3.4334044665004737e-07 -1.1532070167647438e-09
1.8840212327659775e-07 1.3830302413606808e-08
1.0334872691428986e-07 1.2999548005529744e-08
6.7261773502251423e-08 1.7225020703095732e-08
4.2753361367078554e-08 2.3172687184597653e-08
2.1329655340030354e-08 1.4006326982410777e-08
8.5040028173253695e-09 4.1070349063194526e-09
3.8048688696388323e-09 1.1945331521534599e-09
1.5902692252111257e-09 8.6124211680363034e-10
6.2695478759711087e-10 9.1654195243597103e-10
2.3293373293589634e-10 8.2240356878695582e-10
-1.0016403835190001e-11 7.3346516107291002e-10
-1.3690654685542436e-10 5.7136814434420177e-10
-1.6381269624176404e-10 4.5149899943976653e-10
-2.1360705445086712e-10 3.0036774394585013e-10
-2.4004596526662324e-10 1.6569613421480941e-10
-2.1994969685527082e-10 5.9246567412293770e-11
-1.8316626715445411e-10 1.9816722205225048e-11
-1.1736651551455888e-10 1.6968616478785121e-11
-6.1837411147731848e-11 1.5894968021039007e-11
-2.7629493505101928e-11 3.4110357171257641e-13
-7.4077534951846495e-12 -1.6472543491746421e-12
2.9567560593519575e-12 -9.4227668691689664e-13
1.4297689408201819e-12 2.2085046115248946e-12
-1.4618615860087467e-12 2.5973829087535145e-12
-2.2881033961816332e-12 2.1078906071434132e-12
-3.2170837744615761e-12 1.4952790940490623e-12
-4.0630250480119731e-12 1.7515386397514193e-12
-4.0806113255723010e-12 9.3986846532748128e-13
-3.1515912105301972e-12 6.7549023898393275e-13
-2.4751015318167885e-12 1.0200307677109754e-12
-6.8851534676846336e-13 -8.2013370474055732e-13
3.6782048758436093e-12 -2.5357661769889134e-12
8.0813601239969598e-12 -4.2472025795037922e-12
1.0704853754933155e-11 -2.9763417124529072e-12
9.0412194979009951e-12 -1.1892018454366777e-12
8.3933508207400239e-12 1.9719360613970879e-12
7.7200136981667869e-12 1.0984379256956726e-11
-3.9118285743080003e-12 2.0444449134052104e-11
-1.7258882729266059e-11 3.4930073246556581e-11
-1.7240228615615056e-11 5.3080886506773282e-11
-2.2299050482927074e-11 7.5619761019232341e-11
-2.0390223684008657e-11 5.7652121902048251e-11
2.0421980043759497e-11 -1.2676003045779024e-12
5.1732904937363805e-11 -3.1046520132927039e-11
-6.1608540184128690e-13 -1.9635179098851022e-11
-3.8594799989949676e-11 6.6350932611196818e-11
-9.7758030578869323e-11 9.9425288447624013e-11
-2.0155122095033852e-10 -1.4483323411551801e-11
-5.3953998366070506e-10 -6.5542661646722960e-11
-8.9105762228724680e-10 -5.0252219150993805e-10
-8.5669518059058905e-10 -5.7415343705347797e-10
-1.1325273473720404e-09 5.7908043555977794e-10
-2.3750609906123866e-10 1.3721149042219356e-11
-2.7890550842034133e-10 -1.2264018087412304e-10
5.0354367234987258e-09 -2.1343143383636065e-09
1.1537628020341123e-08 -9.8877030345365543e-09
2.6530679203247135e-08 -1.8020956943528213e-08
5.1227972384113677e-08 -2.1898326745853459e-08
1.2990627600837583e-07 -2.8267619201815903e-08
4.7539531503608538e-07 -1.0535838354124719e-08
2.2592590776243135e-06 9.7907427561340134e-08
1.6793783309146109e-05 -4.1868700688661595e-08
1.9504264101450646e-04 -2.2268856593933329e-06
3.6553115862322967e-03 -5.1805669667523707e-05
