7.9692551461056294e-01 -4.2407906374286662e-04
1.0701291790044627e-02 -7.6714413069030123e-05
5.0720508833587805e-04 -1.8660594147589754e-05
5.2401015807301271e-05 -7.3370429919827166e-06
1.0620863377276898e-05 -3.7728880406284973e-06
4.0519490449579482e-06 -1.6302651281718486e-06
1.8879763815028199e-06 -8.2098861200078016e-07
9.5387168439763715e-07 -4.7408233380529848e-07
5.1558503872776756e-07 -3.6523738555360707e-07
2.6420284355244033e-07 -2.3885213708306881e-07
1.3026514917855856e-07 -1.5727579048804897e-07
7.6767462273909422e-08 -9.1355062174855486e-08
4.5454632560250813e-08 -4.9527389429360768e-08
2.2804296099006457e-08 -2.9016608854950914e-08
1.7138276201103690e-08 -1.9451014764928553e-08
1.3768935138887736e-08 -1.2626409204892265e-08
7.9257188237079847e-09 -8.5535829781407343e-09
3.3428798220242524e-09 -3.0578281927932652e-09
8.8133030872217266e-10 -2.0189459016051248e-09
-9.7926293819169762e-10 -1.0323149579901549e-09
-1.4372282780664138e-09 -9.4998601793566387e-10
-7.2019443751056665e-10 -8.8062688350716933e-10
-3.5112317115591158e-10 -3.0911002323618333e-10
-2.8819978399505090e-10 -1.8133403172886385e-10
-1.7186601756300499e-10 -2.9676768267708252e-11
-2.6050934668006693e-11 -7.3876115750169087e-12
3.5025154988824269e-11 2.7925330146983978e-11
7.2434873201626183e-11 -2.2312755886188151e-12
4.6305339014547700e-11 -1.5197013339706764e-11
6.9333279635878487e-12 2.1120154309515701e-11
-1.2752140963645798e-11 3.4199922559068463e-11
-1.3934501615217944e-11 3.7606845112254711e-11
-1.3541438611641607e-11 2.6880848880094904e-11
-1.1872286437179434e-11 1.0629058181971657e-11
-5.2531179444096288e-12 2.5718756102670962e-12
-9.4481706778555076e-13 -4.3040870858695075e-12
2.0410474350454298e-12 -8.3062600834458552e-12
4.1647512860687416e-12 -5.9112521424677349e-12
5.9207003769432357e-12 -4.7006224878837391e-12
4.1134738176543143e-12 -5.0058277220551387e-12
3.6625128214282938e-12 -4.7890902955770850e-12
5.3534758337634999e-12 -2.7155057245282837e-12
7.9682832159037641e-12 -1.2850492222591003e-12
2.7322112051170023e-12 -7.6368609202146975e-12
-4.9183017547719415e-12 -9.2076437905050360e-12
-6.1594598555888511e-12 -4.1710227055949722e-12
-1.8948517457277169e-11 2.5137306116142923e-12
-2.9319339037461654e-11 1.5572594980953042e-11
-3.4438429050660196e-11 4.2512687031822411e-11
-2.7552435469616310e-11 5.4894002966857401e-11
-5.3358713125455017e-12 4.7757179189894346e-11
1.6550151018387728e-11 -3.2819806454615803e-11
1.5725013324209483e-11 -3.2304858152459563e-10
1.4926155301858499e-10 -3.6708190998161407e-10
1.1134609360815885e-10 -1.2544897234700154e-10
-6.7989905693479939e-11 4.0278929131287744e-10
-1.0747587394480089e-10 1.0484740176715556e-09
1.2605793286289361e-09 1.4645902591522996e-09
1.6425088958625199e-09 1.0903540760216567e-09
2.1610811212138828e-09 1.7748687451115285e-09
1.0004647397868559e-09 2.4209294820659220e-09
-1.2907163635025292e-10 5.9168120252347776e-10
-9.9530336981547770e-11 -2.3583353276471427e-09
1.6534794358713576e-10 -4.1730381047619317e-09
1.3525600922826305e-08 -1.0130867110719237e-08
5.0312422705869946e-08 -3.3349593787478699e-08
1.5520516963197194e-07 -5.5141525443200106e-08
6.3349365812426124e-07 -1.4387717985850032e-07
2.5949376473655187e-06 -2.6727653410881866e-07
1.6655994054171665e-05 -1.2628368930725398e-07
2.0222878534239158e-04 1.1396863456500584e-06
3.6601477426331853e-03 1.4713263305330714e-05
