4.2131095992032887e+05 5.6668823356019329e+03
2.0862187538008892e+05 5.7902482805630243e+03
1.2377290576010886e+05 3.1784423423265312e+03
6.8819194200201295e+04 1.4121431335352754e+03
3.8250777121002437e+04 9.3258040386436937e+02
2.1504510535144782e+04 1.5069682066176779e+02
1.0175925829233198e+04 -8.6574760709743327e+02
4.8092567000551717e+03 -4.2315149677132251e+02
2.6899007357367618e+03 1.1568093722395088e+02
1.5917288997866744e+03 -2.1301073980307746e+02
8.1984322383136430e+02 -4.8793022893364599e+02
3.9869504299254424e+02 -4.8359776706544005e+02
1.7799304579859819e+02 -5.9593389425211535e+02
1.8510749197526093e+02 -4.6996933559098409e+02
1.8838720860866727e+02 -3.0554666104307256e+02
1.7511839524454399e+02 -1.9474050983549722e+02
1.6572778451545815e+02 -1.0813664996658838e+02
1.3599085155123294e+02 -5.8823747055005420e+01
9.1478930159803127e+01 -1.6723115729612200e+01
5.0701437459308892e+01 1.0230238681888087e+01
2.4024895223056507e+01 1.8858088971813505e+01
6.4687783985681016e+00 9.9717966224421311e+00
-2.2035383183084263e+00 6.0660523975772342e+00
-4.2544370966551783e+00 2.0063033609643321e+00
-2.2942165870079223e+00 -2.3238531584682729e+00
-1.7425123265685278e+00 -3.3355538410268419e+00
-1.6720430838774778e+00 -2.6825828079024752e+00
-6.1393145036835406e-01 -2.6226512907156576e+00
3.1939593033143254e-02 -2.3656948335953092e+00
3.7355504369992715e-01 -1.9026288401404532e+00
4.5761863711770728e-01 -1.5107288114591053e+00
3.4520078807689353e-01 -9.7238436476388690e-01
2.3374487400456237e-01 -7.0017994364422664e-01
1.0203494765706773e-01 -5.6218449778430579e-01
-2.3005220078863610e-03 -3.9014802357111233e-01
-1.0203470498833603e-01 -2.1718384871900384e-01
-2.2958527888639491e-01 -2.8156875472571275e-02
-1.8295195226580346e-01 1.3932440944478880e-01
-8.1304413153281380e-02 1.1319828609171882e-01
-8.0738979268845656e-02 2.9140329553243624e-02
-1.2722872678054201e-01 4.4183238780930209e-02
-1.7158915018736615e-01 1.2285292642593384e-01
-1.3827603823482545e-01 2.0278829737040868e-01
-1.4792793908307644e-01 1.4123807960336493e-01
-1.7021351785484751e-01 1.3788683738607957e-01
-1.5999404470895595e-01 1.8850166415169362e-01
1.8192467182400879e-02 3.0715455739895235e-02
1.1837197298150605e-01 -2.7319415683883919e-01
4.1577870860399990e-01 -3.5095851576656678e-01
5.8653299102602063e-01 -8.8111860504617834e-01
2.2939211967364825e-01 -1.7697331646267336e+00
2.0173731270387218e-01 -2.8097719662293001e+00
-2.2239702930557859e+00 -1.4519470705483428e-01
-5.0771805464185933e+00 4.1777392573040286e+00
-4.6384654374193355e+00 6.9612231716951758e+00
-3.7434972520920016e+00 1.1149585463533834e+01
-5.2626468634792252e+00 1.8456918348925253e+01
-3.0117339703721844e+00 2.6789849164854765e+01
2.0325062091108181e+00 2.9853951852088375e+01
1.6689181707237296e+01 4.1671167560800185e+01
4.0181572777747647e+01 5.7617665588647590e+01
5.8562665899082099e+01 3.8996471933137180e+01
3.8595048407730957e+01 6.5378026851245764e+01
5.8360883237534878e+01 6.5747891495399557e+01
2.1272576904340787e+02 -2.6104381864276135e+01
3.8100851222730410e+02 -3.7554499297200962e+01
9.3262776142092468e+02 -9.7026896218979573e+01
2.2553664787287698e+03 -1.6713470867460822e+02
4.9477765662310121e+03 -4.2258578780848791e+02
1.0076822267437434e+04 -9.9238424490338605e+02
2.1423393545878534e+04 -7.2278136555929450e+02
4.7045427971791090e+04 -8.7585725490713173e+02
