4.2095041889087221e+05 -1.2039137149657072e+03
2.0461275488723163e+05 -2.4578170958857991e+04
1.1793337641847377e+05 -2.3662707924107854e+04
6.4919949328251860e+04 -1.5682459355092626e+04
3.3964823031883847e+04 -8.8668143842584759e+03
1.7757949862624286e+04 -3.5714790913579154e+03
1.0365600701217556e+04 -1.0974067780467678e+03
5.7894994034679521e+03 -2.2435078255526438e+01
3.2315479538404315e+03 3.4720648994019518e+02
1.8323361703935816e+03 4.0258092524234615e+02
7.6609138566996285e+02 3.6453378536794298e+02
2.0987602929710539e+02 1.8988390690573567e+02
3.3594185850943248e+01 1.0632025776804868e+02
2.3482769907957131e+01 7.9952628129597002e+01
3.1897986855241154e+01 7.9600862321921198e+01
2.4998445034906229e+01 5.3605385404993591e+01
7.2726267440457848e+00 2.7246614110604739e+01
-9.4312703930225155e+00 1.3215747089119811e+01
-6.6771127758798325e+00 2.1805362755191702e+00
-5.1039315365336471e+00 -6.2884559093898549e+00
-5.1242015568291368e+00 -9.7986424337101603e+00
-4.7149605096507168e+00 -7.4047309300113477e+00
-3.5302117978008254e+00 -5.6399280699818215e+00
-1.8334715472668393e+00 -3.7071337211899174e+00
-1.8608362840717763e+00 -1.8023806480534301e+00
-1.7481542614702505e+00 -8.8440186847434599e-01
-1.7238218973279467e+00 -8.0735306617952651e-01
-7.6483376194495156e-01 -1.3459988897494068e-01
-1.3147194027954123e-01 1.5297289818760329e-01
3.4984568987068157e-02 5.3574504162509869e-02
1.1293402319786539e-01 4.5099290053750130e-02
1.3773796428596027e-01 2.3187456140181839e-01
1.1989180566618737e-01 2.5668052687920401e-01
8.0844387233609261e-02 2.1140696161918701e-01
8.9367721355192192e-02 1.2134972043295791e-01
8.0598514168167254e-02 4.9804120588650115e-02
6.2012936026638620e-02 3.5277755198248502e-02
2.8098690922384192e-02 3.7173283648761449e-02
-6.5302394355394415e-03 6.3019437430804848e-02
5.4039544721182116e-03 5.7863229519772415e-02
-1.9710905347172951e-02 3.1654136748345593e-02
-1.0497691979824951e-01 -1.5607335746021841e-02
-1.4673226153899119e-01 -6.8059458391700259e-02
-1.7502720519302001e-01 -2.8025942807112524e-02
-2.0250108119171858e-01 3.5381741010524125e-02
-4.5354552534826115e-01 -7.4945063287524497e-02
-6.7519497496747560e-01 -5.1023372160700986e-01
-9.2853766190971632e-01 -6.9336006081601009e-01
-1.1209563927325681e+00 -2.0218413247060338e-01
-6.5596305489451501e-01 1.0477890776142587e+00
-2.5358854510439075e+00 1.0605828640463653e+00
-2.5025709810002041e+00 1.3148142553350806e-01
-3.0629513941867841e+00 -8.3153453770685770e-01
-3.0259830292657979e+00 1.7666624268868456e+00
-4.8631558736557707e+00 4.2556057941044827e+00
1.0950150045947209e+00 5.6821633668635485e+00
2.2901243545984076e+00 1.9081588849714347e+01
-5.7679362098792577e+00 4.2404648682514953e+01
-2.4822657292797430e+01 7.5678109512465625e+01
-4.4535938389802936e+01 1.2408617529782164e+02
-4.6808681080878848e+01 1.3654020105495451e+02
2.8869330742236698e+01 2.1531346826070217e+02
3.3429403411195210e+01 4.3273364007046894e+02
6.0064884836446865e+01 7.1753362067312867e+02
2.4967826249996111e+02 9.7572429374054161e+02
6.2747826900611494e+02 1.1957133854662695e+03
1.3910437112548589e+03 1.1116445263107369e+03
3.3566240583506756e+03 8.3427452257695666e+02
6.8633300372965668e+03 8.0974257234937818e+02
1.3864606602326126e+04 8.4484893074432057e+02
2.8056019969228852e+04 1.3538521545889153e+03
5.5408378263683990e+04 3.1542632734929803e+03
