3.7992460005004861e+05 -3.7919401761553718e+03
1.8154669671257224e+05 -1.3186889957786154e+04
1.0401175161372501e+05 -9.6590444883579639e+03
6.0849366462492348e+04 -4.8363391344170113e+03
3.8571973856783181e+04 2.8313302585602514e+01
2.3837721247565518e+04 2.1287121823690127e+03
1.3697555785817116e+04 1.4934297389925496e+03
8.5459227475328244e+03 7.9885866682301662e+02
5.2440852162967376e+03 3.7117886867688833e+02
2.7746631254631729e+03 8.8218925783541479e+01
1.5948436842052754e+03 -2.4453420376879887e+02
1.0137350592653265e+03 -4.3773546443485799e+02
8.7932685610004796e+02 -5.3288413549718712e+02
6.2385710558731796e+02 -2.8033753239927358e+02
3.9003906097597888e+02 -6.6264836322414595e+01
2.2937512477452594e+02 -2.2805785389455757e+01
1.5523661503182990e+02 -2.0368157372377556e+01
1.0833397646423475e+02 -2.2660867278089725e+01
6.2266981237339124e+01 -1.1639885346409846e+01
3.5502716836287661e+01 3.2544043172569879e+00
1.4036068548336990e+01 8.8963788898986653e+00
2.9256336356361281e+00 8.1084462200789638e+00
3.8694754473208923e+00 5.4522272480334930e+00
2.7908055479453719e+00 5.1052848496102046e+00
6.2909712336147172e-01 4.7760556153613356e+00
2.1805542807187828e-02 1.5896324704199443e+00
1.2184232256193051e+00 7.7645466216234194e-02
1.5509635750461406e+00 -6.0667493567648167e-01
1.4065445855614618e+00 -8.3120980225283669e-01
1.6628246421630024e+00 -1.9668618342617346e+00
2.0416805575122270e+00 -2.0338584835655822e+00
1.9339387128903387e+00 -1.0142535345630308e+00
1.4870910016910039e+00 -4.0985102560356024e-01
1.0954293183561463e+00 -1.6960056353482172e-01
6.3180578008941146e-01 -8.8265892901794804e-02
2.3340987120178797e-01 1.4631402165452462e-02
1.4071476699460173e-01 -3.4574140388079738e-02
9.4918614046112626e-02 -1.0503169013317162e-01
7.1409317273018788e-02 -1.5081062619994620e-01
5.5460085019583674e-02 -1.3031966183012006e-01
5.9819164276287376e-02 -1.0235570391854514e-01
1.2726121599528425e-01 -2.9398746722825442e-02
1.5943664824388248e-01 6.8188770979700997e-02
1.7213848983930369e-01 1.3563535771274640e-01
1.9990071813907750e-01 1.9792664895328305e-01
-3.7723842816738129e-03 3.2169343078680357e-01
-3.2101904883001020e-01 5.1546942684481845e-01
1.9175347041699120e-01 2.7191267151010712e-01
6.2185625674383127e-02 -7.4142736518401531e-02
-1.2034184866093521e-01 -6.3317845864109878e-01
-4.7870515405550873e-02 -1.5205787098705028e+00
-1.0242298599548385e+00 -3.6963598133277165e+00
-3.4047069454862271e+00 -6.8526832191768818e+00
-7.2601186848628476e+00 -8.8689785703104143e+00
-7.7957936451364347e+00 -1.0950217055337571e+01
-1.1960792910089037e+01 -6.0906025241950692e+00
-2.0235362997974679e+01 3.9774835015316850e+00
-7.8972560057119932e+00 7.0153813409896362e+00
1.1067073821336594e+01 2.1557075805858926e+01
-4.3552212760774683e-01 2.3489083912424846e+01
-2.3311535934924258e+01 2.6843305370043979e+01
-5.0462197746493331e+01 2.8927949656474780e+01
-7.7202088521032707e+01 -3.1107586472632391e+01
-9.4229350557406988e+01 -4.0241752882435669e+01
3.7968604581343342e+01 1.5834082080421684e+01
1.3729475935741092e+02 4.3389022943272714e+01
2.2045731526061905e+02 1.1671899272163408e+02
1.0632083226171162e+03 8.9507116623263812e+01
2.8952199751995508e+03 6.2682460471864351e+02
7.8014040292592354e+03 1.3828780228841269e+03
2.1581263295729386e+04 2.8271190324071749e+03
4.9688402078059138e+04 5.8932452427808093e+03
