7.9042537360716913e-01 1.9280073243482359e-04
1.0840352450382968e-02 1.0585823851469666e-05
4.6970012755132896e-04 -6.8772323181565390e-06
4.1920428310140608e-05 -2.3446993616800242e-06
9.0420938545465244e-06 -1.6119408857485721e-06
3.2264874127964490e-06 -8.0736025737516680e-07
1.6325855518455808e-06 -5.0601462738582596e-07
7.9921048087191011e-07 -2.9595482797518950e-07
3.9304351246606946e-07 -1.4522490299324284e-07
2.1127817825808726e-07 -1.2089934669384406e-07
1.1539678727029224e-07 -8.2901434741196639e-08
6.4069607370164179e-08 -3.8927642479099154e-08
3.4443759316675351e-08 -1.6112090477638092e-08
2.2084093315047639e-08 -8.9370449682120714e-09
1.4275565255641328e-08 -3.7111693330191284e-09
8.3906030082251197e-09 -1.8044217341574514e-09
7.0733515119795244e-09 6.6839835621777354e-10
4.4680937447912619e-09 1.8468840513516592e-09
2.5505093955925107e-09 1.9538273811996000e-09
1.5697624882781802e-09 1.5903220857638641e-09
1.3725541341500683e-09 4.2365833905668557e-10
1.5558664896443020e-09 -1.8990624571395346e-10
1.1978422635479754e-09 -1.0408025277596198e-10
5.1090296709685264e-10 -4.1268391656616240e-11
1.2011582733660525e-10 4.9314693241974418e-11
2.7702146256925828e-12 8.6375527356331713e-11
-1.7787532273849604e-11 -5.3683629862512025e-12
5.5361525668195663e-11 4.7438627364239692e-11
1.0244503779347049e-10 8.0194938136482478e-11
7.7258343362031318e-11 9.6242873740573257e-11
9.9428481005177163e-11 1.1083239042541459e-10
8.6630268681336588e-11 8.2322104108645656e-11
5.4169202983106559e-11 2.0915956569050578e-11
2.9306634689039856e-11 1.1788058575590615e-11
1.2671218464931470e-11 1.9118801740772114e-11
3.6613575635733885e-11 1.2765087023069178e-11
5.9770125942575415e-11 2.9716439848317431e-11
3.0886986033402898e-11 2.8317784597168615e-11
8.2700620351241385e-12 1.2683362826546408e-11
-9.2464240360258842e-13 2.4809585578163220e-12
-7.4513799178899497e-12 3.6153965890656560e-12
-9.0047645116881173e-12 1.6387123076300908e-12
-1.0250687466217310e-11 -6.7521961810847936e-12
-8.3406579556479680e-13 -2.5265307608927068e-11
6.5350956721361475e-12 -3.5476532663686327e-11
8.2112617427163820e-12 -5.8350869392563002e-11
-1.2058852439967393e-11 -5.1245604835114412e-11
-2.4261125060210925e-11 -2.5308165158070397e-11
-6.5980311438944497e-11 -6.9635113964874604e-11
-2.2548611670450554e-10 -1.4208442578511670e-10
-2.8186391673901656e-10 -1.8524999392246525e-10
-2.5239500365827371e-10 -2.0760152670679918e-10
-2.1159719402902866e-10 -1.5526753264772163e-10
-2.9269355181736186e-10 -3.9068953366046177e-10
-5.8781084410406279e-10 -6.5223121409120382e-10
-6.2809324211759251e-10 -8.4574790575020192e-10
-5.7958341644645586e-11 -5.3063839571161606e-10
1.0336809582968850e-09 -1.1962517780729832e-09
1.3839602337777244e-09 -1.9589353768419687e-09
-4.2466394397607376e-10 -3.1321451585600408e-09
-3.1437926491253528e-09 -4.5049695976269593e-09
-4.6936047636998293e-09 -6.0633065325838681e-09
1.9144225709707301e-09 -5.8235253309557039e-09
2.1261545217960929e-08 2.4674461782832910e-09
6.2614180807336985e-08 1.3764548555528667e-08
1.2713396685733121e-07 -8.9543667912063122e-09
2.7249586791882262e-07 -5.1277887914751132e-08
7.5895981127298598e-07 -1.2806107102881814e-07
3.2286855331665521e-06 -2.9616044699210449e-07
2.0829303044096188e-05 -1.2779115495418982e-06
1.8666640847000927e-04 -6.6975198824885421e-06
3.4610011495609825e-03 -6.5877913460222508e-05
