4.3716314403745759e+05 -1.8612919365078138e+04
2.0110047661347326e+05 -2.3708395950652673e+04
1.0391557431212848e+05 -1.3113190396565606e+04
5.3937076653728247e+04 -4.5748113019078392e+03
2.8383943348503068e+04 -2.5143385080201833e+03
1.6891726683047211e+04 -1.2474475196186249e+03
1.0250994487904723e+04 -9.3473267232859780e+02
5.6905134162570494e+03 -9.1045993659232090e+02
3.0480291720138612e+03 -6.3431221500163974e+02
1.5873236870563226e+03 -3.8005691547858424e+02
8.5670049153965476e+02 -1.3036812172264058e+02
4.8417905277495942e+02 -5.2333944776098107e+01
2.3658806177956893e+02 -1.4261189268870552e+01
1.4048744385579408e+02 3.6651367357580185e+00
7.4259163476774532e+01 1.6730689698201799e+00
4.6476785909566772e+01 6.4074144644456972e+00
3.4281389209528164e+01 1.0703449291280958e+01
2.2100374300800997e+01 3.5256902479617747e+00
1.2219456610931680e+01 -3.8127296246748950e+00
5.4632052956673194e+00 -7.1042570169681012e+00
2.3540806219673942e+00 -6.5569092241006235e+00
5.2436555621913628e-02 -5.9524480175887176e+00
-6.6873229704642756e-01 -3.8533761931125667e+00
-1.0777164629733083e+00 -1.5625875472888127e+00
-8.7809145117276799e-01 -4.9163397791413471e-01
-3.9191967979567433e-01 -3.2481777315411209e-01
5.7671258778459189e-02 5.3375624864301828e-02
2.1530600872430991e-01 -1.0912488880099880e-03
1.7292341136383679e-01 3.5363044383864561e-03
-6.8005690951064623e-02 -1.2553605246960104e-02
-1.6404107691310651e-01 -2.9986719254252225e-02
-1.8034373438567475e-01 -5.6499080248243946e-02
-1.8856175477955958e-01 -8.6299453602052975e-02
-1.4905415945672615e-01 -9.4636473163265178e-02
-8.0446160691199128e-02 -7.9356066543426071e-02
-4.1962561577109078e-02 -3.7434099758422171e-02
-2.2721248530830716e-02 -1.5597636503315242e-02
-5.2070789704853722e-03 3.2482125017836878e-03
2.0519327465156292e-02 -4.5983301126646201e-03
1.7218961488224244e-02 -4.4011820136993811e-03
2.0677969722116891e-02 -2.1012108916757661e-02
2.1641787392968809e-02 -2.0813715689607756e-02
2.5339549665705851e-02 -1.0123705462686235e-02
2.9687916342113020e-02 1.7741367396524578e-02
5.9317097121965538e-03 1.9298996673325186e-02
3.4775834304112047e-02 -3.2172567815000275e-02
1.7908417929063711e-02 -2.1909809481087911e-01
-4.7857640097076493e-04 -3.8342104529941473e-01
-3.6708513651799710e-02 -5.2212761359878923e-01
5.0694229793531630e-02 -3.9996754385898997e-01
5.4991162789939763e-02 -5.9504806211229722e-01
1.2725099389444433e-01 -8.7768526650354883e-01
-2.8532413689226505e-01 -1.4097751301151991e+00
-1.8323788333631261e+00 -2.6483945765156678e+00
-3.3970778774777677e+00 -1.7179747000876398e+00
-3.3265588530939389e+00 -7.9119320975781959e-01
-2.7030044054772757e+00 -1.5966491676721337e+00
-7.9411542547410887e+00 -2.5089950369365255e+00
-1.7060142306839595e+01 -9.1896887857076648e-01
-2.6065993199352395e+01 2.3147050128772214e+01
-4.9793683567624143e+01 5.6279394404147418e+01
-2.7082628751359138e+01 7.0459134761813701e+01
1.7939741172611619e+01 7.5001532236028041e+01
7.4654089931424267e+01 4.3703333805622265e+01
1.4560055642225871e+02 -1.6582104357472883e+01
3.3936410117724296e+02 -1.7418100340363484e+01
4.8193175219451621e+02 -7.8352980346546076e+01
1.2803181840630600e+03 3.4316099502039044e+01
3.7158712084471031e+03 2.6450434687620896e+02
8.2641354705843114e+03 4.0690430440435659e+02
2.0141155771696249e+04 1.0658539636438654e+03
4.9249621713034547e+04 1.1618092718950763e+03
