3.5284317952369835e+05 2.7774259848634938e+03
1.6055896041771170e+05 3.3112692636519810e+03
8.2237458661250581e+04 4.8835024446249599e+03
4.2512418232522527e+04 3.4724322386651702e+03
2.2132677308221497e+04 1.9260145877332156e+03
1.1208582006100256e+04 9.1886123158920759e+02
5.4133088415404573e+03 -1.3602065951392802e+02
2.5296565375242335e+03 -5.8092044485201268e+02
1.1951531181922992e+03 -6.9278274387135639e+02
6.3299942751163928e+02 -5.3004409554402810e+02
2.8768289053200124e+02 -3.8566354767374429e+02
7.4210695413932513e+00 -2.2604119541356309e+02
-1.2169190193930292e+02 -1.1269762154577343e+02
-1.2532399663641048e+02 -5.8126852997139650e+01
-1.1090229925671673e+02 -2.6994197543781585e+01
-9.8168191388037101e+01 -1.3321931773379230e+01
-6.3863268855522833e+01 -8.1838315812770723e+00
-3.6624534386568470e+01 -5.7608311554637428e+00
-2.4489137983163893e+01 -4.2664333188304013e+00
-1.8781472369591118e+01 -3.1105705007822073e+00
-1.3679221742616676e+01 -6.0698503677918247e-01
-8.1923313547039491e+00 1.2580476860341010e+00
-4.2674228269925631e+00 2.0295567358778301e+00
-1.1630507205951470e+00 1.6357576059822159e+00
1.1517531024573353e-01 8.7738173055320090e-01
6.2827712052597662e-01 6.0958340375819731e-01
3.2212816797145716e-01 4.8815406407514467e-01
1.2373550038439374e-01 1.9711622067197321e-01
7.1210703440067913e-02 1.0104015790597969e-01
6.0366962302136444e-03 5.1261603759158531e-02
-8.2351348661154379e-03 4.7805046043171512e-02
-3.9999100658442553e-02 -4.3009897502097726e-03
-3.8344777867754920e-02 -2.9367683431392028e-02
-2.9709913291783182e-02 -2.0785377160804863e-02
-1.9416517514108875e-02 -2.0168294077248121e-02
1.0132690436607450e-02 -7.9460976570440330e-03
2.3136283995104250e-02 2.1975169489395338e-03
3.9227082850358551e-02 2.9148319134127975e-02
4.4559257097340120e-02 7.0556562936074374e-02
4.9540628955759773e-02 1.3257442803720904e-01
5.8071443737986936e-02 1.9444082486858530e-01
2.6190649268554717e-02 2.2190349632605880e-01
5.5833159638251473e-02 2.0938739525975400e-01
8.8058859982635726e-02 1.7916487805857456e-01
4.4540243453146972e-02 2.4993667603083153e-01
-9.1576564856592171e-02 3.8550025306037672e-01
-2.6734151237366727e-01 4.9274325495577448e-01
-7.7524536601302296e-01 1.4252710961544252e-01
-9.0646178344373118e-01 -2.8004987861688269e-01
-8.8047430312308839e-01 -5.1114357451227843e-01
1.2090570642270743e-01 -1.3046116021601848e+00
1.3387893872478500e+00 -2.7538069126827232e+00
2.9136037943154776e+00 -5.6645645182648092e+00
4.6321080487726869e+00 -7.7897374444173551e+00
6.7461176637389952e+00 -9.6601449900648966e+00
1.2848619397628401e+01 -7.8635523807003782e+00
1.5938210320943821e+01 -8.4860188220058710e+00
1.2652083537860138e+01 -6.5563759591993822e+00
1.7461503574289964e+01 -1.4992199308965976e+01
4.2185740652386926e+01 -2.6884213691506648e+01
2.4926508923458165e+01 -5.5545492184039496e+01
-1.5552030330446009e+01 -6.7897726532349537e+01
-3.0598464515468713e+00 -1.0373808490469715e+02
2.4149957933455468e+00 -1.5434839249480956e+02
1.4787163437568307e+02 -1.6901835651793380e+02
4.2475709448104868e+02 -1.5907600778841578e+02
9.1599467230922892e+02 -1.4571546318046279e+02
1.9363436081096047e+03 -7.3952972229004058e+02
3.7153477101458034e+03 -1.6803942419195937e+03
8.3664636782836624e+03 -1.5758468487034784e+03
2.1844350064727980e+04 -8.2857737470287213e+02
5.0226032923023478e+04 -3.4452502276048648e+02
