7.7582275721311023e-01 -2.9605892066394794e-04
1.0683255213475540e-02 9.8917089276640556e-06
4.3825554481779296e-04 2.4551594563619432e-07
4.2927684628873196e-05 1.1085347653105247e-07
9.7411838692201564e-06 -1.9500470471561923e-07
3.5175305751875461e-06 -5.3444380783163665e-07
1.6878326614989528e-06 -4.9800664125192474e-07
8.4702429715647784e-07 -3.6332279069731432e-07
4.4292189693773603e-07 -2.7534836657845779e-07
2.0013718884535848e-07 -2.0479422947605826e-07
7.2928637229654849e-08 -1.3105515477851387e-07
2.7648542513752221e-08 -8.2638094593587639e-08
1.5456998874863082e-08 -5.2348231157896131e-08
3.3278185362571743e-09 -4.2688901868976438e-08
-3.3976993336371360e-09 -3.5273402548073625e-08
-3.1425231651468274e-09 -2.5228382975554833e-08
-1.6299056112189585e-09 -1.5408158918303188e-08
-2.6162325625589056e-09 -1.0889305399041427e-08
-3.9948815521551122e-09 -9.2866907791577946e-09
-4.3890579643014134e-09 -5.5865526680229862e-09
-4.2470502781728099e-09 -2.7466432625427416e-09
-2.8314434013061771e-09 -1.0744659990366205e-09
-1.5328359908110795e-09 1.5053971583188342e-10
-2.6224787314038848e-10 3.0655292714015012e-10
-3.0675457866379861e-11 4.4669344083066222e-10
2.1005509457334637e-11 1.4443954352957266e-10
3.3392036547170889e-11 3.8970321946455456e-11
-2.6650189737180434e-12 -2.1782571736924113e-12
1.3147423004725612e-11 2.8439850706948739e-11
2.1968046380730388e-11 2.7849899410356062e-11
2.6732907578830793e-11 2.2670523890826418e-11
2.7949894364115482e-11 3.7381410313822496e-12
2.4469759782065429e-11 6.7374978573412531e-13
1.9222927663801177e-11 6.8372734124086902e-12
1.3286658680052477e-11 8.8827334067355334e-12
7.7764885298517658e-12 1.0806051906967880e-11
5.8378326312247565e-12 1.0151587532989786e-11
6.1732908399261691e-12 9.1047452873257113e-12
4.4845408197723278e-12 5.1826675121460862e-12
2.1281447024845805e-12 1.6500421301706625e-12
1.2709974598853064e-12 -8.5275596887097081e-13
1.6436390086978173e-12 -3.4461477288210236e-12
2.4290975639593898e-12 -5.1741270243735611e-12
3.2395226467990290e-12 -6.3880082333645535e-12
-1.1490769387311788e-14 -7.8072350240943109e-12
1.3524777794624264e-12 -7.1176219591913846e-12
-7.6724132274118626e-13 -1.2270278627838836e-11
-1.8472203862063631e-11 -2.1332000366546341e-11
-2.7041750132833513e-11 -4.5589796434279838e-11
-4.6267390619331991e-12 -7.6454405414359877e-11
-1.6992277956708405e-11 -1.0521027745462596e-10
6.8914367833929886e-12 -1.1530146549215948e-10
7.0176198826922738e-11 -1.8220889509968198e-10
3.2780466152151446e-11 -1.1564378061548223e-10
-1.4304183132946794e-11 1.7340137495584863e-10
9.6920744170497075e-11 2.9239202125711747e-10
6.0631171167694234e-10 2.0607670547151270e-10
8.0634383407577037e-10 7.5578605341655280e-10
8.5453140679824061e-10 2.3169286439342347e-09
1.1676532300986673e-09 2.9325956986835324e-09
1.0491551741734226e-09 8.4589921109978320e-10
3.4016360220188467e-09 2.7933780974970515e-11
1.1627781243365622e-08 -2.2899947673867299e-09
2.1959339171770907e-08 -1.4216324039056981e-08
3.9319184736058359e-08 -3.1765713033557810e-08
8.3234810885661848e-08 -6.5853420218338031e-08
2.2539856162613024e-07 -1.0760101763578699e-07
6.0681289288068432e-07 -1.2447784141086807e-07
2.6945281741681967e-06 -2.9248349736787204e-07
1.5718810604609871e-05 -4.9047405695338992e-07
1.7533186872155685e-04 1.9881004086798378e-06
3.6298188809274863e-03 2.5409132226228241e-05
