7.7956091435253061e-01 3.7457148612405819e-06
1.1045092348641107e-02 -1.8423328834966902e-05
4.7207996113771757e-04 3.0055249428213445e-06
4.1511219967623559e-05 7.9906215669828400e-08
7.7761996244672959e-06 1.8740445240075387e-07
2.6832031715951094e-06 8.9191456037678058e-08
1.1869128856770358e-06 8.3577307583286869e-08
5.9982657025556391e-07 -3.5860650190665237e-08
2.9374850335958715e-07 -6.2692369531462635e-08
1.0001205833202696e-07 -1.3572877348945838e-08
4.0140818680305526e-08 -9.3655118147272779e-10
1.9950204217581379e-08 3.8617417785053376e-09
1.0007854573579401e-08 2.8166585470732568e-09
5.1135322106220977e-09 1.3138093509910455e-09
2.3692367985409504e-09 7.3980228289128420e-10
1.3076720116728232e-09 4.3827173240807355e-10
8.3086238306547708e-10 -1.2561613094314126e-10
5.3847721577819858e-10 -4.7486731564047361e-10
3.4044267620869352e-10 -5.2285108045849976e-10
1.5786450294992945e-10 -4.4024958435901342e-10
7.5497981747344321e-11 -3.9113816442031943e-10
6.1194239423324654e-11 -2.9287415176246341e-10
2.6439433119821594e-11 -2.0062935414209087e-10
1.9342872198104404e-11 -1.3237204855892141e-10
2.1723469741895018e-11 -9.5209115348974666e-11
1.5174674221366839e-11 -6.1760273410307728e-11
9.4983835285137414e-12 -3.8467097480284769e-11
7.1891248103155662e-12 -1.9277989302228101e-11
5.3251142878455137e-12 -8.9265273547429490e-12
3.9993972134276335e-12 -3.3353746034882933e-12
3.4527391558455921e-12 -4.3467456880880779e-13
1.7390892499033683e-12 8.4555246675840836e-13
2.1434411362261594e-13 1.2091533867055307e-12
-2.6499909098493541e-13 5.6787891588138962e-13
-1.7264120847337689e-13 3.8483080902675060e-13
1.7572054480565441e-13 -6.9353066471343437e-14
3.6047337546908901e-13 -1.9278718161013926e-13
6.1603627087199985e-14 -1.6906920849806254e-13
1.2883775534451837e-13 7.9669822375695798e-14
1.5918715488908819e-12 -1.0518178663925203e-12
1.9237786081243795e-12 -1.6000728277555447e-12
2.4599888188317405e-12 -1.8683417223781524e-12
7.5891146734883408e-13 -3.2104507904635987e-12
6.4705940047840517e-13 -2.2106135866345143e-12
-8.5030691805879425e-13 1.1364293260250301e-12
-2.7716628566771279e-12 2.9101791148166109e-12
-3.2367496294751874e-12 1.9192624769594288e-12
-3.4162377986006729e-12 5.9981696165149568e-12
-1.0604659248495448e-11 2.3413116201087871e-11
-2.2311046414162277e-11 4.0986567821048963e-11
-3.1470385086416668e-11 5.0510745196541059e-11
-1.0986679291754633e-10 1.3166429750902231e-11
-3.1422290340282926e-10 -3.8273604236214659e-11
-8.4454042471734286e-10 -2.4328000359155371e-10
-1.1905342248722661e-09 -7.4214543873444563e-10
-1.3446356932500975e-09 -9.8881063577692262e-10
-1.3315530162883552e-09 -1.1958605649543007e-09
-1.4200223180044772e-09 -1.5802134956885392e-09
-2.6692778856644462e-09 -2.1312560519017432e-09
-2.9972597628034609e-09 -2.7422514192912442e-09
-1.6747998893411475e-09 -8.7051105179347145e-10
1.7995837502989967e-09 5.0870577679827797e-09
7.9367893761899081e-09 7.6955501839484018e-09
2.1788480964405509e-08 2.1283641231722905e-08
4.8271775125065283e-08 4.2712905524241694e-08
1.1492660696232608e-07 6.8309633346689778e-08
3.6330844424078093e-07 5.8742151412562130e-08
1.1772265742638944e-06 -2.2446580349340181e-08
4.3398073374535753e-06 -1.6436175315252618e-07
2.0800151406607362e-05 -1.3978485942012843e-06
1.8181323050869147e-04 -4.2604121002813888e-06
3.6618217428249691e-03 -1.5474780259334612e-05
