8.3239807110615327e-01 -2.7602911167917427e-05
1.1810046918096029e-02 5.4149753041259272e-05
4.6919218256184141e-04 1.0944459660402533e-06
4.5003334320109793e-05 1.4087898564228975e-06
1.0151900011382690e-05 5.4271304021469637e-07
3.4389354019766948e-06 4.1409572910477152e-07
1.3438864096367355e-06 3.1779612840449501e-07
5.7092491444076542e-07 2.4285335900777988e-07
2.8248864837313459e-07 1.4321210282003986e-07
1.3935408933381351e-07 5.7203761967404198e-08
7.4267631067444084e-08 2.0296843852469611e-08
4.1256127651805915e-08 8.6149567434057013e-09
2.4460096848986115e-08 4.3207346066798648e-09
1.3825811415781830e-08 4.8380083792385436e-09
7.5410761681872993e-09 3.2914012750888752e-09
3.7277894330022162e-09 1.7426682487622404e-09
1.8527554487549705e-09 6.0025817050629375e-10
1.0787242422921394e-09 4.0721395231651750e-10
4.9427345700243890e-10 3.2204313216372456e-10
1.8079657116776430e-10 1.7269269824387127e-11
1.0356106337692651e-10 -8.0295920596107069e-11
1.0799135509334777e-10 -1.3401889056313806e-10
7.8428083774210092e-11 -1.3987606943960202e-10
2.4399122081821266e-11 -1.0175839434286048e-10
-1.6264416028763271e-11 -5.9535590567927522e-11
-1.2986908330907197e-11 -3.8378715262302354e-11
-1.4183617182201403e-11 -4.6969511187860100e-11
-9.2901318307126567e-12 -5.0091845325443243e-11
-4.7131506843730771e-12 -4.5070197950750781e-11
-7.0760141458861071e-12 -2.9948578954703523e-11
-4.3479248708736797e-12 -1.9573947520948883e-11
-1.0267742127396934e-12 -8.9992197680148014e-12
2.5331290385938045e-13 -3.5716585097988547e-12
3.8405809039863666e-12 -6.4211245504623005e-13
3.8558243053091336e-12 -1.9989919685339834e-12
3.9757302466269564e-12 -4.9918088718096993e-12
1.5877441801075344e-12 -3.8767654518106314e-12
-2.9517833251394361e-12 -9.1942549082214987e-13
-3.7879692703099050e-12 9.9219393173862068e-13
-3.6299057093215688e-12 1.1580572088903333e-12
-5.3008640791857765e-13 -2.6794832205554544e-12
4.7681928359995179e-12 -1.0445881100807986e-11
2.0238560049819710e-12 -1.2778899152964180e-11
-5.0414489942524598e-12 3.1671292326966159e-12
-1.4401813125225217e-11 -3.2892890493776224e-12
-5.9335321556844694e-11 -2.8531036035800546e-11
-1.0151659631134894e-10 -9.7994255702774713e-11
-1.6040480047616483e-10 -2.6227708802788004e-10
-3.4176493087528727e-10 -3.1069312795492495e-10
-3.6045728577132329e-10 -1.0273441822308937e-10
-4.1910561623760853e-10 -1.3596235906419017e-11
6.7722079931140865e-10 -2.9243167514280556e-10
7.0504832020194562e-10 -1.0361459024004317e-09
-3.9690839109774239e-10 -1.8082913921038077e-09
-2.9600114983483933e-09 -2.0896876988091161e-09
-3.5829622609118929e-09 -2.5177468191314966e-09
-3.4251312956822989e-09 -1.1702034503651302e-09
-8.0335777570355797e-10 -1.3429183475921923e-09
1.8605447837766698e-09 -3.9760123140462044e-09
9.4741514208323581e-09 -7.9899904114045303e-09
1.7303255277378549e-08 -9.8557436577782085e-09
1.6906124362026195e-08 -2.3630064153424879e-08
2.6980911031198040e-08 -3.8555357032943270e-08
3.9327125636648918e-08 -7.8669068784069583e-08
3.0418481739494438e-08 -1.6550121914772596e-07
6.6714273358641223e-08 -3.0329949248349147e-07
2.5017473186113359e-07 -4.7801567873313119e-07
8.6609455803231845e-07 -8.6171119575356858e-07
3.2910998946827877e-06 -1.3074674639973805e-06
2.3236433455746074e-05 -2.6228621704394556e-06
1.9706532276413780e-04 1.3003379571823969e-07
3.1568304139336281e-03 8.8160314109651642e-05
