3.9343306063466461e+05 -1.3717374631603011e+03
1.9808158349006457e+05 5.6508089116553465e+03
1.2125124708974711e+05 8.6120555034971912e+03
6.9887223276372883e+04 6.7424029884404845e+03
3.8250616213149471e+04 4.1849594392174949e+03
2.0634931218172413e+04 1.5524092640521083e+03
1.0974770276891466e+04 1.5036748401933215e+02
5.9278314544577061e+03 -4.5233073449326099e+01
2.7613094755997590e+03 1.3021625878673572e+02
1.2891152395711283e+03 1.7219143974413598e+02
7.0109079334560533e+02 1.9381962233472728e+02
3.6267732075564049e+02 2.4404868071504157e+02
1.2154645940132929e+02 2.7725671682364646e+02
7.8479196810032583e+00 2.2839174740015946e+02
-1.4450225093690605e+00 2.0669957206800481e+02
-1.3060027921031798e+01 1.4304937025686374e+02
-1.1479511510298266e+01 1.0270595344729729e+02
8.4576381771881537e-01 6.0914764279615866e+01
4.0265178612059094e+00 2.3303455375759611e+01
6.5676733866365131e+00 7.1325307485200788e+00
8.5701012856188363e-02 -4.1150791473868127e+00
-1.4804930924335324e+00 -5.7633948558102706e+00
-1.7788719827790551e+00 -3.9631223060746694e+00
-1.5675230787292720e+00 -2.8585632243315131e+00
-4.9467717918807119e-01 -2.7617240181951290e+00
-8.1387128941546416e-01 -2.8176013599431515e+00
-9.3289233732959564e-01 -2.3933401678743849e+00
-1.1449392249980404e+00 -1.5517481833808551e+00
-1.1363300062115955e+00 -1.2469195859004345e+00
-8.5609462851725637e-01 -1.1090259781379732e+00
-2.5599927198984684e-01 -6.7084155158224368e-01
-4.2220595354656699e-02 -3.5852014661189169e-01
1.2595566034387728e-02 -1.5651419326741370e-01
-1.1046481338810445e-02 -7.4858533437611369e-02
4.3607642493456817e-03 -9.9183542278203821e-02
9.6311217167246495e-03 -1.2477493639690118e-01
-5.3512015392728651e-02 -1.0574577009597001e-01
-1.1945488209291481e-01 -6.7237048844224837e-02
-1.4042236257675131e-01 -5.7232353492086337e-02
-8.7688748238044747e-02 -3.6027526041351302e-02
-5.0935746469581815e-02 -2.1112773648705247e-02
-1.6361202519806793e-02 -2.5682315604041002e-02
2.6541536285228214e-02 -3.0038445607310293e-02
2.0949086080139862e-02 -5.6341978448332532e-02
4.8447453682120334e-02 -1.8187124720394710e-01
4.3388588486717172e-02 -1.3495358594608631e-01
1.3918230380208801e-01 3.0344265112851657e-02
2.6342783899873201e-01 3.5404918474405389e-01
9.7514545193675528e-02 4.5569431149947154e-01
-4.9499348409119925e-01 2.2554309813031681e-01
-2.1060986337301584e+00 -3.2554879853870028e-01
-3.3228872075705880e+00 -5.2372417447069441e-01
-3.7657632831206795e+00 -1.4471715829790859e+00
-4.9241342817865702e-01 -5.3562600776830349e-01
2.8249084058796816e+00 -7.5753984618819614e-01
7.5135305342592806e-01 -3.2545492787839336e+00
6.6279725586620559e+00 -9.0222851337528258e+00
1.2796465170739562e+01 -1.6667775838141555e+01
2.3426924077487232e+01 -2.2360753508237615e+01
4.0813769142029109e+01 -2.6749645072462080e+01
4.0706745143227536e+01 -2.2535494062549393e+01
5.7487883218860979e+01 -3.2859554739643457e+01
8.1227404208855177e+01 -8.0309620030593280e+01
1.0695981533659256e+02 -1.6022654537266718e+02
1.8387476830580152e+02 -1.7225780061329908e+02
4.3954336614909994e+02 -1.5652988759103289e+02
7.5522219174542920e+02 -9.3697213565218959e+01
1.8768525023002949e+03 -2.4112040883846313e+02
4.6510429580711680e+03 -8.3147106712788741e+02
1.0303777482099058e+04 -1.7894047101462377e+03
2.4677695866982365e+04 -2.5459971014217504e+03
5.4242150028766344e+04 -3.8380723045741229e+03
