5.0184912064399756e+05 1.3385644692964323e+04
2.4323972232633404e+05 -1.2210771709064098e+04
1.5667165217645798e+05 -2.1307423562172171e+04
9.1918973836033998e+04 -2.2198213229764184e+04
4.1573411823599839e+04 -1.3887535597255852e+04
1.8481762667946703e+04 -8.2154939144993114e+03
7.8697622482184015e+03 -4.9171268098827159e+03
2.9448976007577448e+03 -2.8573541737831947e+03
1.3449455487914684e+03 -1.0191863474148480e+03
7.1043540039764071e+02 -1.2502139045851351e+02
3.5066546135529632e+02 2.2161694932951733e+02
1.3195889126631909e+02 2.5804781158919894e+02
8.7635948968565984e+01 2.5919188554345158e+02
2.3830468997220937e+01 2.1793538029316798e+02
-3.5177108900728726e+01 1.4675548223734847e+02
-5.4485220918520874e+01 8.5107148825810214e+01
-4.6509319500772214e+01 3.1213021224976224e+01
-2.9055180632156635e+01 4.5095256671392629e+00
-1.3513290484077107e+01 -2.8686018857948570e-01
-9.8302332684345330e+00 5.2044058931116570e+00
-5.5993397064760684e+00 3.3296104423047908e+00
-1.0478767468545751e+00 2.0236841816481759e+00
-9.0297253084235307e-02 9.2668471245248119e-01
1.6704351329931422e+00 7.1158888490062111e-01
2.2341749330030400e+00 1.3925061566705688e-01
1.5175110375357606e+00 -1.2055176743075932e-01
9.5150806741662763e-01 -1.2531822202402490e-01
5.8876707145407625e-01 6.1631893789890480e-02
3.8967191076502206e-01 8.4915800666376301e-02
3.1088941174041940e-01 -6.4032391516494064e-02
9.1285797700583565e-02 -8.3541443268482118e-02
-7.1243186416601406e-02 -9.2493222784626919e-02
-1.2105690523695660e-01 -4.0861702584487888e-02
-1.0129503110988991e-01 1.7247600448259640e-02
-8.7825019220274553e-02 3.6285455704186204e-02
-7.9223148220656445e-02 6.9578095826505815e-02
-8.6513885125107715e-02 1.0838053515020797e-01
-5.7942460411931428e-02 1.2793577197751888e-01
-4.7039023741445717e-02 1.2016821834615872e-01
-2.7367797759644857e-02 1.0862291919148818e-01
-4.2505465013627682e-02 1.0137085745632876e-01
-8.2024901523240323e-02 8.1951792634507914e-02
-2.3645799274767162e-02 6.9023824026287336e-03
-1.2790199382593082e-01 -1.1147883339582262e-01
-7.6031169359004919e-02 -4.3374237863705040e-01
-5.5327375621852110e-02 -6.3752421162956796e-01
-3.3988699420916701e-01 -9.6667865601631475e-01
-4.1275246014241990e-01 -1.2658858104763191e+00
-2.0633120852412259e-01 -1.0698487549262627e+00
9.7793159653266487e-02 -1.3784515077870840e+00
1.9712475302341909e-02 -1.0791925476468707e+00
-1.5464754663029088e+00 -4.7409032375735416e-01
-4.1056978311831562e+00 5.3118279243489896e-01
-6.3204608446871582e+00 2.3722572879562351e+00
-6.7351852974357822e+00 3.4597985090937819e+00
-1.2875635324515548e+01 6.5985361342980733e+00
-1.5271000006069006e+01 9.5846327958443140e+00
-2.2079857043229534e+01 -9.6787761794671585e+00
-1.6986759939964298e+01 -5.3594484532777642e+01
-2.5186841431340268e+00 -5.7631997412357627e+01
1.8876783195954353e+01 -4.7140739986380588e+01
2.0548516679774135e+01 -1.8789066883372548e+01
6.5684377792370270e+01 -2.0445136364733333e+01
7.5059764731020010e+01 5.9854253510443172e+01
3.7645362074521069e+02 6.5045430905630568e+01
9.2966061955890916e+02 2.5763115607896538e+01
1.5036951415478950e+03 -3.2128900732515103e+02
2.3805774316213488e+03 -8.3455621893706029e+02
4.4097356635609867e+03 -1.1074710782626821e+03
1.1103431404615147e+04 -2.0548227756505903e+03
2.5678403016457643e+04 -1.5489471110669992e+03
5.6010298627551383e+04 2.9229615497705431e+03
