3.7268423468670424e+05 -3.4067389726429742e+03
1.5740648579760606e+05 -2.9932484604899628e+01
7.5596718591556753e+04 5.1925395537155173e+03
3.6134848363274257e+04 4.7293737616171702e+03
1.8379118322453298e+04 4.6244898656443884e+03
9.1912745991495558e+03 4.1133071650094653e+03
4.7028110769369396e+03 3.0681501790535094e+03
2.4722226329191367e+03 2.0741159337771287e+03
1.2421240282514345e+03 1.2796149738077629e+03
7.1222969463663208e+02 7.1983743872603407e+02
3.9773684758372707e+02 4.2870199898446566e+02
2.2094591117720273e+02 2.0726460529489060e+02
1.4453619818497620e+02 1.3007214892795750e+02
9.4539149180449684e+01 9.9463005891422952e+01
6.5684696482844487e+01 8.5223595079098146e+01
5.4263911825061932e+01 5.5987333028348502e+01
3.8881763002772729e+01 2.8111711869079105e+01
2.1692433795260907e+01 1.6974209652593419e+01
4.6057414715189262e+00 8.3571994662328031e+00
-3.5200850317355776e+00 5.0490471540338167e+00
-5.1736498011085459e+00 2.1475742326768681e+00
-3.6631239755143530e+00 1.6440889369530889e+00
-1.5113373603567530e+00 1.7313879021077443e+00
-8.7819559697188765e-01 9.2434603443592245e-01
-1.1116335819700203e+00 3.6404186392230320e-01
-1.2046402168373591e+00 -3.8099733741502384e-02
-1.0284518710284516e+00 -2.3920822835736283e-01
-1.0092662982079326e+00 -6.7679904755486942e-01
-6.7109076859505945e-01 -7.0460759106392767e-01
-4.1593302431746410e-01 -3.5714690115875236e-01
-2.8521150629164760e-01 -1.1369722369356640e-01
-2.5820362952815812e-01 5.7205930602441793e-02
-1.8038154537582579e-01 9.0875030301615214e-02
-6.6797060016152668e-02 5.7924239702909809e-02
-1.7954388046502737e-02 5.8138392363470348e-02
2.4704220008275442e-02 4.0712514902291899e-02
4.0154284684678701e-02 1.6828391853978969e-02
2.7774889892986317e-02 5.9064153997062663e-05
1.0912682650500657e-02 -1.8054945380605664e-02
-4.4580376367871228e-03 -2.2290209129951975e-02
-2.8682731903149353e-02 -1.6867233801555730e-02
-3.6574195488651859e-02 -2.5199099259567814e-02
7.8579182981725892e-03 -1.7950843648883497e-02
3.9860218664135368e-02 -6.8310387912295083e-03
4.8408359084340706e-02 -1.0977758438166415e-02
3.4976095695939152e-02 -4.6692033156158587e-02
5.0212037802800660e-02 -1.0973711571330597e-01
1.3098827015130213e-01 -2.0217330288922711e-01
1.9796458977311132e-01 -1.9319263641277418e-01
2.6412245764940112e-01 4.6163282088396429e-02
8.5971177865429727e-01 -2.1396124531334915e-01
1.4021920426251007e+00 -4.9617540469304255e-01
2.1833087998021554e+00 -1.3367757307972945e+00
3.1635419665007540e+00 -2.4956367038177527e+00
3.1613482655290497e+00 -5.3465319226031154e+00
5.7871843283883466e+00 -5.0227454369990383e+00
8.6284773718033758e+00 -1.8708989889571657e+00
3.9648574260634084e+00 -1.9970499450306778e+00
-2.3492881141505721e+00 2.5691968742789721e+00
-2.5599960598017447e+01 -2.1022694793681211e+01
-3.2566722353534303e+01 -3.2157985910035670e+01
-3.3950009973463700e+01 -1.4289549517331618e+01
-5.9763808725065530e+00 2.4397695878425928e+01
5.1462304733230706e+00 -4.8015643096456593e+00
2.4353190854142710e+00 -9.0307642635599152e+01
1.2364643052442324e+02 -3.1877098675581345e+02
4.9424987955213163e+02 -6.2181087054509157e+02
1.4316240509870013e+03 -1.2034002336529538e+03
3.6961253287965483e+03 -1.5711915206240790e+03
1.0125572237620236e+04 -1.8743413043120040e+03
2.4353589720812455e+04 -1.3995711246071414e+03
5.4006279612332291e+04 1.5919912304957822e+03
