3.9918809581328579e+05 4.8844810939586287e+03
1.8012829055486387e+05 8.8949588417302004e+02
9.5939294410399933e+04 5.9037019696235848e+02
4.7449302198369158e+04 9.0208459348614406e+02
2.3542067219817043e+04 1.5241552862986646e+03
1.2067783045803881e+04 1.7869687881805462e+03
6.1060724601323172e+03 1.4481258959303223e+03
3.1068549704604270e+03 8.0947876395729622e+02
1.5248503727771624e+03 3.0382470731404624e+02
7.7152933427919402e+02 1.5565242028409088e+02
4.2731469456116389e+02 1.3653573880361253e+02
2.8071528856600281e+02 1.0793266670745440e+02
1.7003462953989560e+02 9.6532979296252421e+01
9.8236633621095251e+01 9.0740871770906139e+01
5.1493537595159282e+01 5.5153119466519215e+01
2.7383176830523389e+01 2.6505413411506517e+01
1.5338931592235266e+01 1.3075019428209679e+01
7.8104498423127033e+00 9.6144311280793850e+00
5.2170141628259055e+00 4.9311516489072229e+00
5.8375272784183334e+00 2.1071343747841933e+00
4.1426956809837492e+00 2.6857738436969010e+00
2.4069826017405815e+00 2.7853149588682053e+00
5.0005309975044154e-01 2.6971477727914213e+00
-3.1830756584015268e-01 8.6023497105494096e-01
-6.0380197379446487e-01 2.3416116528035405e-01
-5.5280407739797988e-01 1.6574992206427613e-01
-4.9339102151868702e-01 1.7331142659274401e-01
-3.3425074600030968e-01 5.8038429985252243e-02
-2.9417175348909747e-01 -8.5462302156452438e-02
-2.9165219687054073e-01 -1.6524242732195910e-01
-1.9830144365970986e-01 -1.6638086470240526e-01
-6.2366907527688135e-02 -1.3559711457898810e-01
-1.7784189095777517e-02 -1.1656805218764170e-01
-4.1807154963989998e-03 -1.0795932216178424e-01
6.7990302487825338e-03 -9.4293968446569856e-02
2.1978373925608301e-02 -7.3428241269792721e-02
3.2451511743291875e-02 -4.2144430619835457e-02
5.1384127906988444e-02 -1.8338970100512310e-02
4.8194339730688422e-02 -7.1610325416998633e-05
6.2536596250308760e-03 3.5555845571313576e-03
-9.0570237744916245e-03 1.3573431783417649e-02
5.7879546368796199e-03 3.7173792202892506e-02
2.2403712900595132e-02 8.3528963271443671e-02
3.4238025132802316e-02 1.1467135768635556e-01
8.6602686012618984e-03 9.2321733118161109e-02
-1.2573354942239223e-02 6.5984612502184264e-02
1.9317758515645947e-02 6.1685435620591617e-02
1.0219744715390600e-01 -2.6903347016467974e-02
2.9117642577474939e-01 -3.1505963273245446e-01
1.7503806633497782e-01 -4.8210897478517556e-01
3.8356385349591493e-01 -3.1570229605801897e-01
7.0951673906033430e-01 6.8975190056820090e-01
-2.1441768414219861e-01 1.2671714466437962e+00
-1.5143805704586959e+00 1.7127011573513369e+00
-3.4469457535223098e+00 2.9156226667210197e+00
-4.3830780786649726e+00 8.6000678210553061e-01
-4.5841177107019027e+00 -9.0402818475653535e-01
-4.9852087065094484e+00 -1.8625127581169814e+00
-1.2433745020204459e+01 -2.8509603758948288e-03
-2.6082541562165833e+01 1.0597505097905760e+01
-3.0877084013763024e+01 2.5401846288383162e+01
-5.2578950755245970e+01 5.6732520039395787e+01
-6.4107409399619826e+01 4.1451103275372915e+01
-1.0160056477518690e+02 6.1170157887944939e+01
-6.4437832873054120e+01 1.2975898311259681e+02
8.9623014701157487e+01 1.5541321249825376e+02
4.6930263142041451e+02 2.7324101498831146e+02
1.2162064644240497e+03 6.6781713000893058e+02
3.2845039246510742e+03 9.8967945541794745e+02
8.0642596448160539e+03 8.0022675285782657e+02
1.9407808278514534e+04 7.3521366269909117e+02
4.5154638146411322e+04 4.2445905648646146e+02
