3.6703845809071313e+05 9.3534244867298676e+03
1.6252619297664092e+05 1.5977675996069531e+04
7.9941436975493343e+04 7.2922171401515034e+03
3.8507038412732705e+04 2.1959175354862718e+03
1.7129647400141366e+04 -6.1178089193961648e+02
8.1076009260779592e+03 -1.3068322442935660e+03
4.2946427149548372e+03 -1.1612598609490610e+03
2.3741635809705635e+03 -6.5976687417596168e+02
1.4622738580950977e+03 -2.6764115701963749e+02
9.1993556339277711e+02 -1.0961602435058630e+02
5.3216615706572736e+02 -1.0264032902412853e+02
3.1130957753172964e+02 -8.3251326565772828e+01
1.3443768787521958e+02 -4.2104054872498338e+01
8.2920991922578708e+01 -2.5696498220870645e+01
2.7061004336146148e+01 -2.8789648470429395e+01
6.1077705251694061e+00 -1.2357846551461421e+01
7.5125633592944450e+00 -4.6651220465980625e+00
7.7102851109743735e+00 2.1306309638916896e+00
5.8000494399744031e+00 4.3240233886223045e+00
3.6961706095801472e+00 6.2404569625383095e+00
1.2001206217724101e+00 4.4091712391121884e+00
1.1112188563641086e+00 2.1647887342825056e+00
1.7930789310956705e+00 1.0535541505822676e-01
2.0500085139314188e+00 -6.3159089899332022e-01
1.5399956303855413e+00 -8.2333756048245355e-01
9.7859456774364950e-01 -2.5401345565922995e-01
7.3564036176776104e-01 1.6324181477564437e-01
5.1699086867838373e-01 1.7070670066265639e-01
2.2833524935693078e-01 1.1151374605950415e-01
1.3075826545619273e-01 1.1410637865257981e-02
9.4569887429826319e-02 -2.9614919242967164e-02
8.6907422257014963e-02 -2.6308919495602368e-02
6.0159135748845939e-02 -2.6050800310023357e-02
3.1348790458327544e-02 -3.6139279029474308e-02
2.1312208096734994e-02 -3.4016462513948575e-02
1.9252728668018099e-02 -3.2518696059590152e-02
1.2714920775307354e-02 -2.3933849047697627e-02
1.1054675437640431e-02 -2.1865113594241960e-02
1.1225236232471550e-02 -1.8084762575562369e-02
9.6637282235278697e-03 -1.0556328124218781e-02
2.8725414394984161e-03 -4.2034211945965877e-03
-3.2133621362413034e-03 1.2030014161980247e-02
7.5687093521077118e-03 5.7401530056010203e-02
1.8468287280378838e-02 9.8332643110882828e-02
5.2319506836238081e-02 1.3784203943456769e-01
1.4187199449386317e-02 1.3088093583437474e-01
-2.4758803550347513e-02 1.5779289242407957e-01
-7.5956329120436483e-02 1.6269740426073345e-01
-3.0530444495943432e-01 9.0134581851801066e-02
-4.8491232011856844e-01 2.4872627949068132e-01
-6.0240112741548735e-01 4.7408825286917464e-02
-6.2238515669398808e-01 1.5327467948262735e-01
1.8692072783064728e-03 4.4294925542061603e-01
-1.7266277545563591e-01 1.1912343864669666e+00
-2.0752160647790072e+00 2.1435410374104706e+00
-2.7867873467733113e+00 9.4369271613973849e-01
-4.3581523962575304e+00 -2.8567376094313901e+00
-6.3613938618932959e+00 -4.7076853356886144e+00
-7.1134719281513163e+00 -9.3275914570787233e+00
-6.0788089591821679e+00 -1.7890963137856410e+01
-1.8792467074685725e+01 -7.8413510276628298e+00
-3.8506766042951966e+01 5.4349107563499803e+00
-7.0095293728295047e+01 4.8064472881501601e+01
-7.0525041952625770e+01 5.2876016649172328e+01
-2.1435783575598901e+01 2.4870611445577968e+01
9.6880689630121850e+01 -3.3128741397707714e+01
4.3358543296538784e+02 -2.3881521058715975e+02
1.4316154371483012e+03 -4.9489628939543047e+02
3.4811370207666723e+03 -1.3164788417482773e+03
8.5165482055597149e+03 -2.4849339987948288e+03
2.1061246662012840e+04 -4.4633664918184950e+03
5.0437000233744431e+04 -7.3751010477804766e+03
