4.3737114085179457e+05 5.3456520674935609e+02
2.3339542091390153e+05 5.7321929139658805e+03
1.3351992746028889e+05 3.2944572386121436e+03
7.3623060789279902e+04 3.1214994920714084e+03
3.7160631866457574e+04 3.3880886926879434e+03
1.8885827072562344e+04 1.8701033391657809e+03
1.0990513870901079e+04 1.0050176274427193e+03
7.1877502329279414e+03 3.5862097620706527e+02
4.2338761497371079e+03 2.3606689451902616e+02
2.7384394441013455e+03 3.6529536384242499e+02
1.4192088304857125e+03 2.2498025802500064e+02
5.5182238572754341e+02 2.4071253104849427e+02
2.2372909880601389e+02 9.8876016155555163e+01
1.1285389277673377e+02 3.6682330210009837e+01
7.3204412945113816e+01 1.6539370587814048e+01
4.1759103821384770e+01 2.5974324254161374e+01
1.3838824370883676e+01 -4.7257566841942245e+00
-1.8270384997756022e+00 -1.4600312426527154e+01
-1.1283360090363159e+01 -1.4034812242734423e+01
-1.6400512284198371e+01 -1.5860736494311929e+01
-1.5842927054205694e+01 -8.2719163283287962e+00
-8.1593138575147446e+00 -1.7250131930285497e+00
-4.8579409706066157e+00 6.2156399523869688e-01
-1.5857996332740041e+00 9.0513440048606730e-02
-2.4645461187449480e-01 -9.1098283994151030e-01
-8.3854968970032684e-01 -2.6242867900128535e+00
-1.4301541537467446e+00 -2.6382784718999845e+00
-1.1952900438390524e+00 -1.8252354394611763e+00
-9.1704473032694422e-01 -9.1113341864956854e-01
-6.2532771389772157e-01 -4.0134946095452823e-01
-4.9680429031103462e-01 -3.7706002773727959e-02
-3.7779889481127055e-01 1.1776787000262906e-01
-3.4389693039093244e-01 9.1723789839099054e-02
-2.6619455627018390e-01 -1.3337502655240550e-02
-1.9539085213944185e-01 -4.1840200264671515e-02
-1.9357521004051181e-01 -6.9823379827298693e-02
-1.8102392440423673e-01 -5.1409950990373099e-02
-1.0113705541354573e-01 -1.3842863325452825e-02
-5.4566192502830436e-02 -5.3386033074897404e-04
-3.0478092279711176e-02 -5.5346343561638225e-03
-4.5929421825286205e-02 -6.9600394629928718e-03
-4.2166539073623187e-02 -1.6777219882473923e-02
-3.2116190268959656e-02 -2.0872117378430997e-02
3.7357595200115026e-03 -3.0763349620024229e-02
6.9029718074417393e-02 -4.6998923633635656e-02
8.9390006997294436e-02 -4.8747714907138584e-02
4.8959666683195305e-02 -2.2171797968330253e-02
1.0533354882834324e-01 2.9711577648128096e-01
2.3813135405359265e-01 3.3593545907729949e-01
8.0859553129184591e-01 1.6875750421538163e-01
1.3967586949607889e+00 2.4782488634738994e-01
9.1555937434907264e-01 9.1044419588683523e-01
6.7206702388695339e-01 1.6765559809536494e+00
-3.0192081640594881e-01 4.1363890957590810e+00
-3.2251025519854015e+00 3.5398544310455491e+00
-7.9156703066745182e+00 3.2884412978323621e+00
-6.0064648549325028e+00 6.5954480456612590e+00
5.8699210242117363e+00 9.5605782721970378e+00
1.2471890096843014e+01 5.1262646953505637e+00
1.5908343695736757e+01 -1.1128254128487313e+01
3.2253020858982936e+01 -2.4348155976928329e+01
6.6932822536242995e+01 -3.8047429426045710e+01
1.1667442702260870e+02 -7.1923480945439252e+01
1.2517327732046923e+02 -1.2418086168390869e+02
2.5176741780673336e+02 -2.4760228992703512e+02
4.8425933144643074e+02 -2.3646122894750448e+02
6.7948370453133555e+02 -3.9860662159610661e+02
1.2293336901629675e+03 -7.9122895563899954e+02
2.8477773795838475e+03 -2.0036848817884429e+03
7.3459616643934305e+03 -4.0582355449633183e+03
1.9739782664839058e+04 -7.9674218376466379e+03
5.0770359895988149e+04 -1.1904364082728314e+04
