3.4701988642649911e+05 -7.0279574030905951e+03
1.6658247022631153e+05 -1.6229359949974629e+04
9.0531302594694018e+04 -1.2475800956842219e+04
4.9262021362283645e+04 -1.0469044591210966e+04
2.6329376852855610e+04 -7.0551062301764032e+03
1.4737552389810591e+04 -2.9054015798186811e+03
7.8951176535394588e+03 -1.4236644641025200e+03
3.4035902209332821e+03 -9.5112543631583628e+02
1.6996169790171741e+03 -7.4402395208913231e+02
1.0204083138724410e+03 -5.7340432608216167e+02
6.9474538045712768e+02 -3.3801578343304874e+02
4.4594158024935211e+02 -1.1883501818989461e+02
2.6668498320993251e+02 -1.5586916233250502e+01
1.9784696409324192e+02 1.8173821530803213e+01
1.3171940912123770e+02 4.5800726644811760e+01
8.4214424238221724e+01 3.3531289187292828e+01
5.2343300957667353e+01 3.3989051249764067e+01
3.3353136794435059e+01 3.1234551168072905e+01
1.8702269339331245e+01 1.7557284432416818e+01
9.7099178726962734e+00 6.1706880796389871e+00
4.7228198747503924e+00 3.0341176634094467e+00
2.8107056339904397e+00 2.0566003002630060e+00
7.5648441829978574e-01 1.1071271186606206e+00
7.7190695537756349e-01 4.6970622488700386e-01
1.1111740177816734e+00 6.8109869041221571e-02
8.4312065182293972e-01 -1.9733036038702667e-01
5.8545190391875435e-01 -3.1272629110769040e-01
4.8802710043442771e-01 -3.9200772747309104e-01
3.7690276928444105e-01 -2.8547428905973615e-01
2.9311751320377183e-01 -1.7261844342468435e-01
2.4093062670802440e-01 -1.2158747346341446e-02
2.8080267633344924e-01 1.0810578208563397e-01
2.4506122664445093e-01 1.3092123567238106e-01
1.7406695893698015e-01 8.3091840029365885e-02
1.0987504285745087e-01 5.4592262789695575e-02
5.0697167791801695e-02 1.2944308496944728e-02
2.5158245235806408e-02 1.2229147354639851e-02
9.7600060112269620e-03 1.2799198824806181e-02
2.5288391567144012e-03 1.2769004184774953e-02
5.4830627311354555e-03 4.4878616988856109e-03
6.6586745794072469e-03 6.9427624755129388e-03
2.3211800131334778e-02 1.2046237335060037e-02
4.4355749187680878e-02 1.2987883873239122e-02
4.5316316917372902e-02 -1.6029862423479618e-03
3.9103371556026140e-02 3.0483904227466795e-03
7.2570891550014643e-02 2.9526587555205042e-04
6.0467293387716267e-02 2.5834821069980973e-02
1.3357508232231291e-01 -1.2039544733799305e-02
4.4602477912585048e-01 -1.5366674938621228e-01
5.8396197369617708e-01 -3.9499320974661301e-01
6.8450009600182837e-01 -4.9405644248796515e-01
1.3605279959394103e+00 -8.1655184998397567e-01
2.1117405006747121e+00 -6.8613295005174268e-01
2.1359602292233606e+00 -2.0812778910672662e+00
2.9710374436640605e+00 -1.5004636112353720e+00
3.4884556805489528e+00 6.0641547654504313e-01
2.8227093174676279e+00 7.3444074302444831e+00
1.4850392117568130e+00 8.5189687379940491e+00
2.8854581237689549e+00 -1.1378653094521609e+00
5.4380185215395951e+00 2.2676565346760986e+00
2.5875012768772894e+01 3.7520210678313446e+00
6.2056599387322549e+01 1.7381036246861807e+01
7.4413910664248590e+01 4.5627521066989082e+01
1.0254416482298325e+02 1.4526075309471270e+02
1.9405604779805000e+02 2.9187233531165049e+02
4.0387020710212914e+02 5.4335298012642249e+02
7.2087440169851436e+02 8.5796679016541657e+02
1.6669122859139807e+03 1.0416768616409604e+03
3.5951767176930489e+03 1.0144805594540235e+03
8.1540015409471507e+03 1.9062841134584719e+03
2.0898277489430446e+04 2.9315649642549033e+03
5.2325056908430699e+04 6.9824176060910067e+03
