8.0001309235193474e-01 -4.1735960723317906e-04
1.0977357071242838e-02 -7.3830337699381469e-05
4.7789980626715964e-04 -1.0986210543195560e-06
4.8875557514429983e-05 -8.2312430283222709e-07
9.4270493408415471e-06 -6.4126228169614798e-07
2.4559025609062419e-06 -3.5691886631469747e-07
9.3633986859739045e-07 -2.4501875670804706e-07
3.9065788825871488e-07 -1.5560243179106487e-07
1.9582598237498152e-07 -8.0961015835021829e-08
1.0157501664295829e-07 -2.6667204200123953e-08
4.3806420126715484e-08 -1.2135047909677996e-08
1.8632211993853514e-08 -1.2485360885878659e-08
7.7702913493240153e-09 -1.1179197281416015e-08
2.4540029033320036e-09 -9.0569221690917227e-09
5.9367727370574133e-10 -6.3699225701526966e-09
5.4212390729867455e-10 -3.4008595990663270e-09
7.4285625795813510e-10 -1.8054046491189404e-09
3.8237944244540998e-10 -5.3631470535020072e-10
-5.8859709263521827e-11 -3.1893988701373505e-10
-2.1895294702131079e-10 -2.5499453561450778e-10
-3.4561396947346859e-10 -3.7609472881620752e-10
-3.3245090973944182e-10 -3.3443071709544296e-10
-2.4929492952616583e-10 -3.0604207374749863e-10
-1.8917445127416785e-10 -3.1467293178948230e-10
-5.5359616193156219e-11 -1.8449010409193193e-10
-2.4578794342722773e-11 -4.9774741011344559e-11
-8.7412928755093811e-12 1.0507754323050694e-11
-1.9039473807972441e-11 3.6014522293817169e-12
-1.2700812518548074e-11 -3.8669997248155478e-12
-7.8836526589096057e-12 -2.8827730351524622e-12
-5.1793690776408067e-12 1.4348739890011757e-12
-4.2766118864598953e-12 1.8962860477708960e-12
-3.4006259091852287e-12 2.1970405311790275e-12
-1.5357767601818291e-12 1.4613318851443387e-12
-8.2684462779024952e-13 1.0830446227576384e-12
-2.0018574398962113e-13 3.6699994065882153e-13
6.2057376723720516e-14 -3.8489595869278824e-13
-1.6875205839804430e-14 -8.7687112285607924e-13
-6.7931507815416474e-13 -6.7308018665420106e-13
-7.0022762805184902e-13 3.3967590305916332e-14
-1.1487784070791203e-12 3.5582200649880344e-13
-1.0519468883465584e-12 9.6701778753084175e-13
-1.2815986418246329e-12 2.4991790527324386e-12
-7.7284731387612920e-13 4.0857210676566879e-12
1.6703201016848625e-12 3.0347229453505893e-12
6.6409590921949454e-12 2.8865979609742349e-12
7.4582447888457335e-13 4.3466772524424562e-12
-3.6142564627285082e-12 8.1313787460284713e-12
-1.3882159209726197e-12 8.1191465485814824e-12
-1.7995628187024974e-12 4.6086443971065708e-11
1.8925800806242899e-11 5.3660872546845708e-11
2.6492585721673644e-11 4.7624887386395448e-11
-3.9970090973773225e-12 5.3046494180274617e-11
-3.5501151194544297e-11 2.2513940529072870e-11
-1.2194099157877401e-10 7.4161424983534111e-12
-1.1896338034461056e-10 3.4129233106996477e-11
-9.8008178089689786e-11 1.8723910675841218e-10
-1.2377910039629955e-11 1.5774359778586185e-10
2.1111238931974973e-10 -2.4636361086399296e-10
7.8398898790904147e-11 -6.0570856911985800e-11
1.1658369389960956e-09 1.9637880062447486e-10
3.3030347252143458e-09 1.7309248065338764e-09
7.4057732779164837e-09 5.9949543547273591e-09
8.4656759883705921e-09 1.3919965859368676e-08
1.2992346608890174e-08 2.9089090159410078e-08
4.6198346682741575e-08 2.0315071789780508e-08
1.9904553459248435e-07 -2.7219598782501305e-08
1.0479920145012597e-06 -3.1326051586689534e-07
5.8412026147670735e-06 -8.7936719207373411e-07
3.7250349603233601e-05 -2.3268360222931860e-06
2.7327276554979101e-04 -2.5690800881601221e-06
4.0956650019625309e-03 3.6862346030625561e-05
