8.0695523750933873e-01 -3.6180449963581283e-04
1.1406539179951967e-02 -2.6630483416858194e-05
5.0531369065724338e-04 -9.0273577483950441e-06
4.3288859622558665e-05 -1.8075256937487710e-06
8.1484992471967373e-06 -7.0382507866431996e-07
3.1853526977028509e-06 -4.4365630478430781e-07
1.5505231479104275e-06 -3.7758061086679535e-07
7.1924617691603070e-07 -2.2705120711672958e-07
3.4480384393626065e-07 -1.2666159443012165e-07
1.5280899867801276e-07 -6.2364994835237227e-08
8.2525223691721854e-08 -4.2503119695411504e-08
4.7792579099025111e-08 -3.1771680234810350e-08
2.6524611262741914e-08 -1.8633773775490894e-08
1.6165763527031772e-08 -1.2540086624386019e-08
6.8827996461486241e-09 -1.0140390114802920e-08
2.0094477627772327e-09 -7.7907739401781533e-09
7.7904920278923872e-10 -3.5423460054007076e-09
4.8311038418036344e-10 -2.0089231126964588e-09
2.6996482523463945e-10 -1.4472266459292059e-09
2.8047398837250938e-10 -1.2553832986858458e-09
2.5656618226578810e-11 -1.2423830222430977e-09
9.3113022120307800e-11 -6.0654093602200655e-10
2.9489146081806378e-10 -1.6437308620874870e-10
3.3362093108113079e-10 6.6242762724834021e-11
3.5294153027956323e-10 5.4307778852763255e-11
2.9664190285138639e-10 1.7565673720268339e-11
2.2181508900425705e-10 -4.6456980324097260e-12
1.2605674242545075e-10 -4.6814433739505023e-12
5.6300654780537647e-11 1.7314880222212542e-11
2.5722923352198868e-11 4.9818523698607801e-12
4.1702653615927528e-12 3.7492347938744046e-12
-3.1621121118149952e-12 4.8587699260890882e-12
-5.5604774388182847e-12 1.1848134049888332e-11
-1.0652889781623663e-11 1.6442370060903830e-11
-8.7317615915542316e-12 5.6918493917978643e-12
-5.4589552603682607e-12 3.6252487317728092e-12
-2.9252366708890176e-12 3.3014850679094380e-12
-8.0795365307997903e-13 3.0778596951927819e-12
-1.6608545974421867e-12 3.6132070937898010e-12
-9.8094737006767395e-13 1.4188299735496225e-12
3.3055272064902638e-12 -1.1914552346676071e-12
3.5362511470397430e-12 -3.3258990758823049e-12
6.2921027050612580e-13 -2.4565562667452755e-12
-4.8952963413455936e-13 3.1435574331775603e-13
-1.6129673801874581e-12 2.0565469349333103e-12
-5.6424364303389479e-12 1.2959395271482979e-11
-3.9874489089169809e-12 3.4041798581424216e-11
-7.2509479473293411e-12 4.4381953788626644e-11
-9.9453453615126642e-12 2.9040254071321854e-11
1.2767316446664128e-11 1.1658871236887423e-11
4.7676443847452617e-11 -1.2456812444037278e-11
9.6183267591504270e-11 -7.4127546364772483e-11
1.4403285086165869e-10 -1.3024803322460087e-10
1.4749575271750402e-10 -1.5658298294844278e-10
1.5502298368347912e-10 -2.0652706195200769e-11
2.2618582274961883e-10 3.6779529664073088e-10
2.8503908837115384e-10 1.2098056637306958e-10
5.4813988452155246e-10 -7.6224442754020881e-10
-2.0254554954985352e-10 -9.8155309731551286e-10
-1.9526828876410742e-09 4.9953610803151317e-10
-1.1959656695881895e-09 8.1558724974494137e-10
1.4518693347387260e-09 1.7852022585233130e-09
7.2698322443033198e-09 4.7380207464865214e-09
1.2010427481342368e-08 6.1625581314219413e-09
1.1166767880115444e-08 2.4419897253648153e-09
2.7785698644070325e-08 -2.4715008562562394e-08
9.5423431525635079e-08 -8.6298177118499846e-08
4.7854114937921806e-07 -2.7828348916889115e-07
2.5738829649418821e-06 -7.8559519425906236e-07
1.8181415909504242e-05 -2.4212694541204705e-06
2.0473204033739581e-04 -8.2562688919262373e-06
3.4417202799283068e-03 2.5925261907812403e-05
