8.1330679793151062e-01 -1.0126736890862763e-03
1.2165780105548148e-02 -1.4355849647238329e-04
6.2935811639115615e-04 -1.3545593237249929e-05
6.7526562102927521e-05 -9.8329356864625304e-07
1.3105737138702243e-05 -4.7213224427341341e-07
3.8133130950458526e-06 -3.1895858837412345e-07
1.7175244046027036e-06 -2.3456302621056540e-07
9.8143066490898334e-07 -1.9672092248161164e-07
5.0497798625688774e-07 -9.5124414726092212e-08
2.5515347446346155e-07 -4.5075560066476203e-08
1.2329379099961587e-07 -3.4610813341073514e-08
5.5913506575684237e-08 -3.1265917679677395e-08
3.0410929827564663e-08 -3.2872203571378178e-08
1.5287593808144775e-08 -2.7026189184232198e-08
7.2718494366074824e-09 -1.3268740809413434e-08
3.9438727607773019e-09 -5.1288559837804163e-09
2.3139422187590243e-09 -2.4382315594252063e-09
1.8905797248354479e-09 -7.2824066843467696e-10
9.9628638002987289e-10 -3.7894865148912094e-10
2.0758069206895960e-10 -3.6699309539472270e-10
-1.8698373223568254e-10 -1.6610454149445634e-10
-1.8912011897780009e-10 -1.4666009933569212e-10
-8.9185379267987447e-11 -1.7934580558376256e-10
-3.3264168631378094e-11 -8.8890110025461719e-11
-1.3653407344828609e-11 5.1199930435631745e-12
2.3054746585567191e-12 6.3101430489518836e-11
2.0723239092804779e-11 6.0942646106221934e-11
2.5014399502658894e-11 3.0066630272146582e-11
1.3623602902411481e-11 9.7290545329386747e-12
4.1285075472877401e-12 1.2643745355396907e-11
-3.3420911496043276e-12 1.7489226571770089e-11
3.8391527724310172e-12 2.2433518499097319e-11
4.5046344990858690e-12 1.4046217585004473e-11
1.6833397149954973e-12 9.2200359188236141e-12
7.0956602406245984e-13 5.2458039888958216e-12
-6.2718266839808805e-13 1.8692919951525826e-12
-6.0198829208049756e-13 1.7828599727374352e-12
-1.3934319294021930e-12 6.4103624023198704e-13
-1.3657655801025365e-12 -1.2015325378240461e-12
-1.3467275043896714e-12 -2.4544057339741029e-12
-6.1942341940361117e-13 -4.4775263067472780e-12
2.1074748700350860e-12 -7.2511962087295737e-12
5.5620493507025562e-13 -1.0132706232672860e-11
7.4586165963367021e-13 -1.2545529827455163e-11
-9.7520391832551143e-12 -1.7525129968883430e-11
-8.2046477913028824e-13 -2.4881631061749702e-11
2.8798051847792467e-11 -4.0253276105751488e-11
6.6442647398479075e-11 -3.2696951920029237e-11
1.3794868033097434e-10 -1.1316653218557541e-11
1.3863009506705648e-10 2.1834958014713339e-11
1.1616700649615731e-10 1.4442116781268284e-10
4.1118091585605170e-11 1.7971467946061636e-10
-4.7078693512033125e-11 1.8769900001656920e-10
-2.5805888023374564e-10 -4.4655006125123813e-12
-3.7641535255556499e-10 1.5987900008081535e-10
-6.3232365208608392e-10 6.9413583706674085e-10
-9.0815956249471231e-10 7.5966948835232015e-10
-1.1851729715299751e-09 2.4656575340667869e-11
-4.2340011627406742e-10 -3.9615633401524584e-10
8.1124592771469263e-10 1.3953163795952738e-10
2.8405157793105593e-09 2.1588105785993500e-09
4.3957658016699386e-09 4.4721424139800978e-09
6.4835172338413695e-09 1.5013589655619515e-08
1.3237959126992830e-08 2.9162472303846099e-08
3.5264354149583627e-08 4.7624548290486693e-08
6.0995369222196859e-08 5.3899713228366459e-08
1.6170684569103730e-07 2.7832158845651087e-08
4.8259768699360757e-07 -1.7641061664047088e-08
1.9936113189059369e-06 -1.1260276821263596e-07
1.5350970828899375e-05 -3.2162776502496179e-07
1.8583682483651781e-04 2.6245468911394809e-06
3.2475523630003745e-03 7.7054197666587103e-05
