7.9422834079841964e-01 3.4275839117967489e-04
1.0918114442428642e-02 6.6558030257146962e-05
4.4905169294473090e-04 1.2886824257788149e-05
4.3663084803842136e-05 2.5190744897145814e-06
1.0038189918565354e-05 8.4589655976807162e-07
3.7846244034542628e-06 3.6599487854479467e-07
1.8459313495211265e-06 1.8374193142831816e-08
9.6881692343179010e-07 -1.3254230149235117e-07
4.4937833508498023e-07 -1.2721924118990844e-07
1.9449968820239967e-07 -1.0169075889754854e-07
8.0640098331860783e-08 -7.2295898937453795e-08
3.6846055183124207e-08 -4.5515339003387086e-08
2.2657696939906304e-08 -2.7123797715631922e-08
1.4753452888102347e-08 -1.3439871827390389e-08
8.2768716241901284e-09 -1.0832995301370208e-08
3.7427606143326848e-09 -8.0087317211424830e-09
1.5635057607240124e-09 -4.9355957038586293e-09
1.8111953613452605e-09 -2.9819889079637393e-09
2.2062662656308322e-09 -1.8260888473924245e-09
2.0094028637842876e-09 -1.2304358748870707e-09
1.0077860085647487e-09 -6.1005207458967842e-10
3.5598602542367638e-10 -3.1546998529102084e-10
2.8643746927622471e-10 -1.3769184635554703e-10
2.0411337716645811e-10 -1.2282183721270000e-10
1.5901109442001528e-10 -1.9190785937222228e-10
9.4360141929816054e-11 -2.1492216489425136e-10
4.4858266567980170e-11 -1.8770454029139132e-10
2.8817599955115512e-12 -1.1663478030982759e-10
-2.1509966604268819e-11 -7.5649039871844152e-11
-4.8436670423437859e-11 -6.7716077862300908e-11
-5.1364293730994378e-11 -4.4343671026161188e-11
-5.2440181369756800e-11 -1.1650499000442471e-11
-3.5385660831769063e-11 -3.9209737063282081e-12
-2.2202000885132517e-11 3.9801702217512611e-13
-1.1473253813449446e-11 -2.4987587732389598e-12
-4.2534300231536901e-12 -5.7603682988610860e-12
-1.4904282703329132e-12 -5.8630797554823547e-12
1.8246134831530954e-12 -1.5287998867532840e-12
1.0581251941527149e-12 -1.8229564528466549e-12
-4.3095514739808808e-12 -3.4814258845796414e-12
-6.2446206134810884e-12 -7.8042624593892883e-12
-6.8376895212056020e-12 -1.0282302541509384e-11
-3.2993230365444447e-13 -1.0973923918478950e-11
3.5860746222756925e-12 -7.2774966741739775e-12
1.2192773431575019e-11 -1.5581641354239381e-12
2.5475521506702572e-11 6.8360729893336464e-13
5.7128282731843689e-11 -1.4872145163016393e-11
9.2551843812392372e-11 -4.3322288991643545e-11
1.3916092038154598e-10 -4.8175357526049178e-11
1.7977627493994806e-10 -8.3444258395351672e-11
1.6720054738612340e-10 -1.2764231098445485e-10
4.0553336127152341e-12 -2.6039613592565905e-10
-2.3019845595351874e-10 -3.5608372260015902e-10
-2.1993869826973326e-10 -7.2681015360329102e-10
-4.1928400130454521e-10 -1.7241222747318710e-09
-2.0154644875760741e-09 -1.8760834877227395e-09
-2.9637692867613633e-09 -2.3741480371592000e-09
-2.1482451624541926e-09 -2.0403844709504700e-09
-1.8611638241561132e-09 -4.8808696886860360e-09
-1.2868191199755737e-09 -5.7168132837705278e-09
-1.8695273930727382e-09 -8.4968076039731617e-09
1.2788211516037292e-09 -1.3238068028769293e-08
2.1042951748476916e-09 -9.9905039219581883e-09
2.0270508716887101e-08 -2.7080206641490223e-08
4.7454442565060058e-08 -1.0236920940759284e-07
7.7140609694764296e-08 -1.6060581971444310e-07
2.3345513740850828e-07 -1.8925300775357526e-07
8.8606753890433045e-07 -2.0761447285813815e-07
3.3315556650679003e-06 -2.0875101655298418e-07
1.8321788106405863e-05 -2.3888866386377356e-07
1.6989675370533865e-04 6.5255899369345735e-06
3.4026716123146368e-03 1.4937435710721405e-05
