1.1232653472770548e+00 2.6087875661908882e-19 1.3066749475675205e-01 1.1449549471747001e-19 4.4036957200379180e-02 -1.6024786024408001e-21 2.2347514617686758e-02 3.9686427223189934e-21 1.3052541742303407e-02 9.6478073389145200e-22 8.3524620584904188e-03 4.0804310465652502e-23 5.5029143527512616e-03 1.7165352915013863e-22 3.4222376344066195e-03 -2.5919735701322956e-22 2.1639898752610544e-03 -4.6587108778037518e-23 1.4086102395567859e-03 1.0736468980563599e-22 9.2404793516504902e-04 -3.1204369450775454e-23 6.3899986959998481e-04 1.2156421292360814e-23 4.4253795390709444e-04 7.6193594606868559e-24 3.0426856391624059e-04 -3.9995713027473005e-24 1.9955731520970697e-04 8.7780819338281614e-24 1.2715044585253604e-04 -3.1423804891272512e-24 8.4620115580421305e-05 2.1906215367685101e-24 5.7457640874251131e-05 -2.0356377567154942e-24 3.8354737090515765e-05 1.0551302539159342e-24 2.6072479879449458e-05 -1.1625213538774268e-24 1.8517719527479979e-05 -5.3683086882397441e-25 1.3580939014191787e-05 4.2346017294465198e-25 9.7150914710391774e-06 4.8854844049891065e-27 6.7394547121616796e-06 7.1099677306596012e-26 4.4167513299259973e-06 1.5852261546902878e-26 2.9556547786273562e-06 -1.2252978136154113e-25 1.9884143414450147e-06 4.1775547027786770e-26 1.3546966132581519e-06 -2.3537446853390692e-26 9.3117134428712214e-07 -2.9809385867247128e-28 6.4985980701862129e-07 7.2424445280455498e-28 4.4127875792022806e-07 2.3511122100981955e-26 3.1326791319214704e-07 1.4349632373360584e-27 2.2668352173645735e-07 1.0826720865762567e-27 1.6390609592251752e-07 1.0935382873294083e-27 1.2230544303691973e-07 5.4972156099863716e-27 9.7622049660225818e-08 -3.6763541633438939e-27 8.6030243007359583e-08 -6.9808598201914936e-28 8.4726397429009441e-08 1.8688901789735242e-27 1.0063565623567907e-07 6.7200679759215846e-28 1.3990107958951759e-07 -3.3827300178103003e-27 2.0742755752776408e-07 -1.2871396040805136e-27 3.0648189618157091e-07 7.5391115488689720e-27 4.4543301923391919e-07 6.0739450692781107e-28 6.2643973807403650e-07 -9.6962370862245017e-27 9.0197837684092724e-07 -1.4557271992698377e-26 1.3182364311777662e-06 -2.6598142901586674e-26 1.9576005141898824e-06 -6.1199842524576443e-26 3.0026244680483005e-06 -9.3025820016305955e-26 4.5170961854471584e-06 4.9720885058529292e-26 6.6088767085486878e-06 1.2417978177348593e-25 9.5905571681840295e-06 3.4523075117398901e-26 1.3972120476351840e-05 3.1053316108277065e-25 2.0335823565068133e-05 1.6094840051530981e-25 2.9167125553421135e-05 -5.8996788551295636e-25 4.2604824692789204e-05 -1.3997975780117698e-25 6.3776257082164334e-05 8.8396847502041343e-25 9.7017032731243466e-05 1.8319776727246441e-24 1.4405723468290024e-04 2.9728161126970349e-24 2.1229915236248368e-04 -4.8030411184479677e-24 3.1547542640488027e-04 -1.0157216608303865e-23 4.9209891393195491e-04 1.0987531760379459e-23 7.4154913308269285e-04 -1.9268314220304135e-23 9.9681599589467452e-04 -1.1003140303819747e-23 1.3874952197709995e-03 -6.6042577022839050e-24 2.1032130235004972e-03 -2.4656051786689280e-23 3.4598895862656721e-03 -1.8603930409612737e-22 5.4951271981286028e-03 1.0161095752617645e-22 8.9728654001513340e-03 1.1551131913034816e-21 1.4524898486650473e-02 1.4616713222262767e-21 2.4935897475651669e-02 3.2032737596967792e-21 4.6383508658356727e-02 9.2815938327550675e-21 1.3351013032332223e-01 1.8272225783429024e-19
3.2191071761792250e-01 1.1372137733882655e-03 7.7188852578834399e-02 -2.6803698164243930e-04 3.0869114643815188e-02 2.1281872675087420e-04 1.6480779845797017e-02 1.3053456614039008e-05 9.7990900427010995e-03 -4.7267227408239158e-05 6.3278863024202351e-03 7.2194279068911121e-05 4.1746222681322926e-03 -2.1286193485610521e-05 2.5952060693156245e-03 6.2484045320476186e-06 1.6493766785788478e-03 8.0146785349126390e-06 1.0747143544831625e-03 4.4293371078363994e-06 7.0714494495649927e-04 1.9127226736645963e-06 4.8891496374288922e-04 2.7737744451198030e-06 3.3688700111944060e-04 2.1438916707077655e-06 2.3217325148984353e-04 2.5856859628713654e-06 1.5255066174863237e-04 1.3752621525811611e-06 9.6846367885246572e-05 8.3607458324594560e-07 6.4607069002068396e-05 4.7829641910596093e-07 4.3793676681591354e-05 2.8588771838453740e-07 2.9268805202741514e-05 7.1775330052288123e-08 1.9938182451133596e-05 7.2901516155142599e-08 1.4149744688741500e-05 1.0615502375798964e-07 1.0360489774145993e-05 -3.1188962951367835e-08 7.4082378352558605e-06 4.4438324167542351e-09 5.1425610447719691e-06 -4.2596857091085607e-08 3.3646967425050879e-06 -3.0826034018598102e-08 2.2525967021387240e-06 -1.0513275165096698e-08 1.5178167986128225e-06 9.9845768310214155e-11 1.0349154970006124e-06 -3.8475150024138826e-09 7.1005831771064527e-07 -4.6126201836486967e-09 4.9513973420556067e-07 7.0587899048782935e-10 3.3612906978205873e-07 4.9898658712284017e-10 2.3890895913142478e-07 -5.5452801055384961e-10 1.7251492300541192e-07 -3.4041242417400641e-10 1.2494491391146390e-07 3.2654051825559182e-10 9.3627372462938798e-08 7.0982482777593955e-12 7.4776175116027123e-08 -2.1705101994594986e-10 6.5887387148779710e-08 -4.9547887988641119e-11 6.4594192685818686e-08 -2.9687404579859165e-10 7.6778964233846491e-08 -1.5110183343416360e-10 1.0676560841692513e-07 2.4108183497783941e-11 1.5820761674720799e-07 -8.5917245051315628e-11 2.3418506587819804e-07 4.0487226879445317e-10 3.4072599373016059e-07 9.7636900426513546e-10 4.8106405955840382e-07 -1.5627462796030672e-09 6.8939315157229014e-07 -6.1253232630697861e-09 1.0072323743760163e-06 -6.2668795615455161e-09 1.4918528111687610e-06 -2.6563161396822592e-09 2.2796988234516647e-06 -2.7418634380931315e-09 3.4403999465786028e-06 9.5733129635022201e-09 5.0413835200763431e-06 -2.9494180061848596e-08 7.3108949356693378e-06 -4.9039945349798554e-09 1.0628282201580091e-05 -9.5980117100006423e-10 1.5486548660317771e-05 4.0526459350823781e-08 2.2224378216328332e-05 1.3792928168991546e-07 3.2448925131931862e-05 1.7031571338935187e-08 4.8565056022449822e-05 -7.9870874511650285e-08 7.3871257033900428e-05 -1.7823482742492100e-08 1.0980806285331624e-04 5.8915141290401523e-07 1.6214598871945948e-04 9.7427834487996256e-07 2.4153571411209929e-04 5.7677860183460222e-07 3.7581444078321372e-04 1.8196859724691960e-06 5.6852964225098202e-04 -4.1188013443629969e-06 7.6094829820736105e-04 -3.8641793622709956e-07 1.0543375373226022e-03 3.6266712112967120e-06 1.5950770856471635e-03 5.0764413269900189e-07 2.6314792432263531e-03 -8.2040464215913953e-06 4.1346228517053591e-03 3.9941762000410335e-06 6.8016230956360882e-03 -1.5238998829103393e-05 1.0929125596053768e-02 -1.3250090360648846e-04 1.8618268199529119e-02 1.6249341030143358e-04 3.2842618024431010e-02 3.7570541292478160e-04 7.8497627281763710e-02 2.7921991894483042e-04
9.7848241288131438e-02 1.1674668268820754e-03 3.7356647354230936e-02 -7.3961689996471984e-04 1.6530646964087511e-02 2.2693505008218785e-04 9.4503856257638803e-03 1.4879140538970491e-04 5.8672232331612624e-03 -5.5099107247337735e-05 3.8726810273782969e-03 9.5617494543905925e-05 2.5550748623793477e-03 -2.4477019697670303e-05 1.5803171071119160e-03 7.5657247701356448e-06 1.0098111363983503e-03 1.2316046550134880e-05 6.6335004778894202e-04 6.4512842664824800e-06 4.4068307355256685e-04 4.7460196608907175e-06 3.0384844292382171e-04 4.4150670600065398e-06 2.0704425340746063e-04 1.5010287561865885e-06 1.4389367036309891e-04 3.8532344075828304e-06 9.4765785831077176e-05 1.7559779343951796e-06 5.9916584741123638e-05 1.1271228547726557e-06 3.9956340355034861e-05 7.6423841286428005e-07 2.7074040247789068e-05 3.3865017318895079e-07 1.8061049713436474e-05 1.3009760866357444e-07 1.2353429038135545e-05 5.8629789538363651e-08 8.7832542182350000e-06 1.4288416199262846e-07 6.4005391684099290e-06 -5.4858206348053117e-08 4.5866824366211037e-06 8.7859935411419681e-09 3.1829696631426785e-06 -5.6622613719463250e-08 2.0723220055607169e-06 -3.9883194706331063e-08 1.3842070630679010e-06 -1.0954974455598488e-08 9.3981998332444596e-07 -4.9761458258335536e-11 6.4025176025345847e-07 -4.2790930491442400e-09 4.3769238684055259e-07 -7.4962728109327939e-09 3.0414217150861714e-07 1.3763976895608566e-09 2.0583991070364516e-07 7.8718018736873370e-10 1.4654037917881335e-07 -4.3197698193344812e-10 1.0578024021472295e-07 -3.7197458456569571e-10 7.6702934648459580e-08 3.9091142461953863e-10 5.8146930840713620e-08 2.9423498716047861e-10 4.6400591186982806e-08 -2.6195352769161267e-10 4.0993550319939814e-08 -7.2273952994248576e-12 3.9705392316875690e-08 -4.6219611448448748e-10 4.7235414217735575e-08 -1.7754938448138668e-10 6.5734546276170163e-08 -7.2448642947552217e-11 9.7305651881238800e-08 -2.8956914276803347e-10 1.4475913821766995e-07 3.6488965177412618e-10 2.1149824739572408e-07 5.5740950323328232e-10 3.0225999649711500e-07 -1.6518174045819042e-09 4.2784565144932701e-07 -6.3181970133378099e-09 6.2279831858065520e-07 -6.1690130929421341e-09 9.2018886422724204e-07 -4.7940377727959754e-09 1.3915443121366804e-06 -1.1245556085303389e-09 2.1175086389653891e-06 1.4945120932765504e-08 3.1203063077187334e-06 -4.0397172721476985e-08 4.5220561621722724e-06 7.2149605450947439e-09 6.5240351593007584e-06 2.1952551261061243e-09 9.5253297560217366e-06 6.1977790049110805e-08 1.3722434436359935e-05 1.8719331145324526e-07 1.9999825140580062e-05 -4.4713029279403774e-09 2.9881480802975356e-05 -9.8760563842604589e-08 4.5413801208718390e-05 1.3102609997465872e-07 6.7897255524578144e-05 7.9042926614305672e-07 1.0037688693779167e-04 8.9015960863916501e-07 1.5024066083543168e-04 7.3933486802049070e-07 2.3252016879031799e-04 2.4651521506594753e-06 3.5376000448766778e-04 -5.4253872912314436e-06 4.7113018608617430e-04 4.3395281112666200e-07 6.4528834522701315e-04 4.7571878576142974e-06 9.7471571973255483e-04 -4.9465425028401603e-06 1.6087165735277666e-03 -4.8295633926097617e-06 2.4748879427649627e-03 1.3636750850944206e-05 4.1436374296269845e-03 -2.4058032285615874e-05 6.5321941768279870e-03 -2.1301733162078806e-04 1.0999811687466290e-02 2.8499302694177811e-04 1.8316962310207411e-02 4.8466161286983946e-04 3.7629572928227412e-02 5.1097605620365730e-04
3.1312443172330999e-02 4.2984326090758564e-04 1.6695992966462597e-02 -6.6157144697603996e-04 8.1231286705049800e-03 2.0002107049609587e-04 4.9479189235365605e-03 2.3937722317876554e-04 3.1886925965253880e-03 -4.8365547742621437e-05 2.1768167958744582e-03 8.3596504280252203e-05 1.4257880764356496e-03 -2.7971866154724065e-05 8.8991751963962934e-04 2.7694108049535972e-06 5.6373916696399456e-04 1.2110343386432547e-05 3.7770000412368698e-04 5.3605058814310079e-06 2.5314036594779079e-04 4.1754691530327220e-06 1.7501555640404384e-04 5.2292568818772329e-06 1.1793931408518421e-04 -7.5604069362969907e-07 8.2301653248465924e-05 3.8632597395499612e-06 5.4663062879748536e-05 1.6209929246851721e-06 3.4593587739568879e-05 1.2275873077320539e-06 2.2769892784176359e-05 7.7238937009708860e-07 1.5508749703318168e-05 2.2404432519087348e-07 1.0296112852476434e-05 1.3909536414759585e-07 7.0281088225632775e-06 1.3930828484426787e-08 5.0598511162960056e-06 1.1843266922567822e-07 3.6495288074045598e-06 -6.2844902133781621e-08 2.6338074963806000e-06 -7.5614394470586344e-09 1.8351454143876381e-06 -5.7314221098655397e-08 1.1779898477417352e-06 -3.2953884518341132e-08 7.8318225325814575e-07 -4.9747074543130381e-09 5.3574003383147408e-07 1.1205716861760170e-10 3.6586342508412081e-07 -4.2513515029378956e-09 2.4970273262772349e-07 -7.7057504804388324e-09 1.7249449984292954e-07 1.6340654669413876e-09 1.1578931654109347e-07 1.2009915609305994e-09 8.2542740946472653e-08 1.1395439418418028e-10 5.9915227472755194e-08 -2.0349028851991582e-10 4.3263537097770370e-08 1.7765731946429058e-10 3.3491315569887423e-08 5.1333972065692358e-10 2.6445947497230360e-08 -2.8164417676634562e-10 2.3572506812458677e-08 7.1788712354899320e-11 2.2369761502110809e-08 -5.1530780707517871e-10 2.6574728642390953e-08 -1.4895288148819434e-10 3.7201048464360838e-08 1.6322799666576160e-11 5.5027236231392702e-08 -4.4307311577898160e-10 8.2239657678655424e-08 1.3005055566995697e-10 1.2137496094459047e-07 1.9422013345053234e-11 1.7727806671407356e-07 -8.9594117747411600e-10 2.4566364054004085e-07 -4.6346797715242225e-09 3.5639079759715019e-07 -2.5796336565898568e-09 5.2194760779681611e-07 -6.0555065411497478e-09 7.8014096089044866e-07 1.8661778207236557e-09 1.1998325028610370e-06 1.4529094606133241e-08 1.7975490811693304e-06 -4.4474933606737305e-08 2.5893179088308810e-06 1.5459200622124270e-08 3.6997393264807429e-06 -4.5544488621009945e-09 5.3814493523348153e-06 7.8408347042587054e-08 7.8385399173320855e-06 1.7264722097033281e-07 1.1366442788516506e-05 -5.5516185210616637e-08 1.6901902653667116e-05 -1.2098948863391969e-07 2.5509783381087334e-05 2.9393191295204845e-07 3.8924879465115454e-05 6.3237591877810021e-07 5.7515167021972683e-05 3.6977476470074059e-07 8.6310972313671138e-05 9.3437316286883447e-07 1.3254470329484007e-04 3.1954787251224657e-06 2.0250946006959841e-04 -5.3177364053691308e-06 2.6781523932236821e-04 3.1740086074466649e-07 3.6213241550559904e-04 5.5854453526781330e-06 5.4646742579321668e-04 -1.1784706596398892e-05 8.9570432000478210e-04 -1.1395605749026665e-05 1.3339333345394396e-03 2.6870324505498070e-05 2.3055257294888414e-03 -3.0386940818234100e-05 3.5696761039344885e-03 -2.1523315294725046e-04 5.9330655721948119e-03 2.6888079478132126e-04 9.4663971624086660e-03 3.0273245711109491e-04 1.7344780183538841e-02 6.8125590311598604e-04
1.0613529102724029e-02 -2.9959834875767068e-04 7.2060251118533092e-03 -2.9585652787807800e-04 3.8826967051321616e-03 9.5498323035778695e-05 2.4093703071203830e-03 2.2365106172662688e-04 1.6675820730931521e-03 -2.4806036361282386e-05 1.1748440169615057e-03 4.6060661663244976e-05 7.5562223689219429e-04 -3.2065562472519440e-05 4.8690361610840757e-04 2.0590289311108487e-07 2.9713286058065380e-04 7.3483613572334560e-06 2.0632672638920446e-04 2.8033430666997281e-06 1.3711786111375167e-04 1.7326803585264008e-06 9.6886362344736227e-05 5.7096086300013295e-06 6.4112309559569735e-05 -1.8800899897286972e-06 4.5273566346035646e-05 3.0535424794979543e-06 3.0421745166441636e-05 1.0746916829733704e-06 1.9418302963692429e-05 1.2320719933141632e-06 1.2357314136803117e-05 6.8583901779175339e-07 8.5925329548804876e-06 1.3502604592737062e-07 5.6493995260577141e-06 1.2182153518779678e-07 3.8125338572575190e-06 2.2357029780402963e-09 2.8131987994444361e-06 7.5263399626613026e-08 2.0016192847300298e-06 -4.7839748797230728e-08 1.4609487759664897e-06 -2.7768536527902061e-08 1.0264547619379540e-06 -4.9999416669326901e-08 6.3661030368539965e-07 -2.3541875001428518e-08 4.2443704467077887e-07 -9.1114625954166200e-10 2.9084121363243433e-07 -6.4788892650676423e-11 2.0072118872929580e-07 -6.2849437175702666e-09 1.3756445775131586e-07 -6.2901657747733417e-09 9.3590629022823222e-08 1.4105417075632611e-09 6.1743974916697515e-08 1.2912476191982742e-09 4.4675481999583521e-08 6.5573786603419471e-10 3.2666725463718741e-08 -1.2275841120459715e-10 2.3192642095442147e-08 -6.1745288509810683e-11 1.8583379455711660e-08 5.1725364601503948e-10 1.4471636153469046e-08 -2.9956753407507865e-10 1.3019329381071338e-08 5.1439097091946374e-11 1.2016215228898378e-08 -3.5784490202076557e-10 1.4163227188680141e-08 -1.2711047504677146e-10 2.0028804921433003e-08 2.5313584714412682e-10 2.9699899393642828e-08 -5.9952173059622689e-10 4.4864914890365966e-08 -3.4184574248180288e-11 6.7621806674591762e-08 -6.6045310918261484e-11 1.0015219420737185e-07 2.0089532305385989e-10 1.3535333358166933e-07 -2.5148828655689135e-09 1.9522600732236407e-07 3.0124647527194367e-10 2.8051578791433765e-07 -3.1953194993899302e-09 4.2003249121210051e-07 5.1461712229869491e-09 6.4843659763126538e-07 1.4184678417502357e-08 9.9993961644021009e-07 -4.4327301537702064e-08 1.4250025344729269e-06 2.9320300565801366e-08 2.0167215270161656e-06 -2.6366535594940667e-09 2.8840634170747200e-06 6.2688469877714670e-08 4.2931102469807106e-06 1.6376457733180037e-07 6.1640533143764933e-06 -6.3689957338361074e-08 9.1767626104155074e-06 -1.4716546261142665e-07 1.3525998865242736e-05 3.8836989104945921e-07 2.1462177947482855e-05 3.3243040651172919e-07 3.1558966278750812e-05 5.3230860965306213e-08 4.7483302525255788e-05 8.6548442063279569e-07 7.2104897442669508e-05 3.5913136150055161e-06 1.0991690544078948e-04 -3.4812617816061772e-06 1.4328064805917785e-04 -2.0121272422738052e-06 1.9261045263963044e-04 8.2543407962647970e-06 2.8838494818059077e-04 -1.1851037016157233e-05 4.7358697257428040e-04 -1.5958311718422727e-05 6.6635590612439957e-04 4.3897557288962824e-05 1.2121140990022994e-03 -2.9460649493569813e-05 1.8596062587199153e-03 -1.6022397032765742e-04 3.0652977790097107e-03 1.8097762239127724e-04 4.8856062281480879e-03 1.3494360760067574e-04 7.3824861417622900e-03 4.4551956069962905e-04
4.1569144569891447e-03 -3.9852901345189320e-04 3.2390153172832357e-03 2.5634883140400195e-05 1.8734912570245363e-03 3.5205057211234481e-05 1.0983437146928692e-03 1.7701286046665186e-04 8.4972308125103426e-04 -8.2598681952979720e-06 6.2227837753688238e-04 1.7944373742301240e-05 3.9131178703896539e-04 -1.9830469296122174e-05 2.6209947470157044e-04 -4.2271679639689708e-06 1.4871223698572489e-04 1.8851753632648582e-06 1.1164816674481984e-04 -5.1235107190221262e-07 7.0412934167058896e-05 1.1402518501999251e-06 5.3132876825669497e-05 5.5441038883172533e-06 3.3491470280015256e-05 -1.9733599991773563e-06 2.4543954907921164e-05 2.0965167846144911e-06 1.6535839721321066e-05 3.0490976985116743e-07 1.0680736901223097e-05 1.0832072211423935e-06 6.4648559196385049e-06 5.5449870984436344e-07 4.6461873255347007e-06 1.2822277827277093e-07 3.0113874978719191e-06 7.9214060035047381e-08 2.0151201136092928e-06 -5.4037113223691473e-09 1.5249222855982391e-06 3.6540425792113516e-08 1.0713714741536383e-06 -2.6915680993694020e-08 7.9832767263228559e-07 -3.6017973942465946e-08 5.6892109400225579e-07 -3.7178249257506169e-08 3.3346630255785729e-07 -2.0235152940169819e-08 2.2413290379256847e-07 2.0313437201641546e-09 1.5238257135946048e-07 4.7997205788338329e-11 1.0824248300896291e-07 -7.6022840528414129e-09 7.4444248466198333e-08 -4.3914323034631760e-09 4.9645620200276981e-08 2.9476853205998384e-10 3.1601293148401321e-08 9.2862349218066345e-10 2.3715420340204598e-08 1.0620244147502944e-09 1.7408152563806029e-08 -1.0954869106752348e-11 1.1991860662569188e-08 -1.6485696935076681e-10 1.0048027584848970e-08 3.5171432174598769e-10 7.7268237960812686e-09 -2.5609599877467243e-10 7.0528667683403603e-09 3.4631555117128995e-11 6.2124690836360575e-09 -1.6617436908490633e-10 7.3119688574695886e-09 -7.4651341133617303e-11 1.0367143182131716e-08 2.8402202669467893e-10 1.5289055027245106e-08 -6.4073178690309930e-10 2.3866222364928397e-08 4.3925274640493531e-11 3.6988597516114408e-08 -2.6618686023446068e-11 5.5230874312811980e-08 1.0114466173626007e-09 7.2026579041449883e-08 -6.6061957042343757e-10 1.0334806480398417e-07 1.8417770427894717e-09 1.4597088052454277e-07 9.8582940397957597e-10 2.1932088359738945e-07 8.3220636694377365e-09 3.3551764890492306e-07 1.5792121824077179e-08 5.4041648490170746e-07 -3.7307147939272805e-08 7.5734939974993563e-07 2.9417855877566863e-08 1.0844635014000361e-06 1.4114010587712564e-09 1.4676410486764739e-06 3.7726565846027633e-08 2.3067132407848256e-06 1.6482462276760291e-07 3.2603454021091293e-06 -6.0384805134460566e-08 4.8631454350061332e-06 -1.3297750225552160e-07 6.8371758333822357e-06 2.7191313293098639e-07 1.1626197209362320e-05 4.3498022500835306e-08 1.7014991564378105e-05 8.6248621902052788e-08 2.5297956997385131e-05 8.0556581638186103e-07 3.7429452530215086e-05 3.5218871764323495e-06 5.7352212232027744e-05 -1.8251216798929367e-06 7.2134581381278403e-05 -3.4898668158391223e-06 9.7363637724322266e-05 9.3096377932337065e-06 1.4336922784405207e-04 -9.2768239767004204e-06 2.4775582019989726e-04 -1.7985037283248806e-05 3.1115227812636930e-04 5.0850673543387252e-05 6.1231721951940333e-04 -2.0044139860633308e-05 9.1937063888866807e-04 -9.1585269889111193e-05 1.5042911082562066e-03 6.3124242145106877e-05 2.5218969907795604e-03 5.9137634391638064e-05 2.8580033019247964e-03 3.5177428002673976e-04
1.9994453854093380e-03 -4.3169468639652847e-04 1.5114680963683113e-03 1.1973839639599441e-04 8.9784072659246296e-04 -2.7150682478107777e-07 4.5124944289969552e-04 1.3094682193921523e-04 4.2243474744626213e-04 1.4819936088660220e-05 3.2968649364302418e-04 1.0016097401499350e-05 2.0240429432609656e-04 1.3106688024046928e-06 1.4088589972742968e-04 -6.5243304421453132e-06 7.4192231668480905e-05 -1.3635667784674499e-06 6.0282878264222223e-05 -2.7361355635867701e-06 3.4177113681386409e-05 1.1245484225341825e-06 2.9518686560451026e-05 4.8292130552981199e-06 1.6992092398144982e-05 -1.8798987390159701e-06 1.3053139445539958e-05 1.6321722046637284e-06 8.8591134184353501e-06 -2.5858629058018224e-07 5.7844025432699160e-06 7.8411208619815949e-07 3.2475048645641499e-06 3.7257288961749205e-07 2.4333235618398330e-06 1.6839173643602809e-07 1.5859425321426586e-06 7.3276038040483631e-09 1.0533348145517939e-06 8.4870390435845859e-09 8.1929856701638122e-07 1.2990632680271399e-08 5.6974833652304404e-07 -1.4851191313502797e-08 4.2975980169574823e-07 -3.8082501335424201e-08 3.1662737043483012e-07 -1.8182289677656599e-08 1.7424183483898263e-07 -1.8961133838071762e-08 1.1904445667628403e-07 5.5745408691483200e-09 7.7373600841906393e-08 6.2062664000566999e-10 5.6742069878606681e-08 -8.0507204685731923e-09 3.9735639182935426e-08 -2.9574048844962390e-09 2.5760773260034799e-08 -8.5092975180747339e-10 1.5814320175047777e-08 3.6720920441822407e-10 1.2650471935157190e-08 1.2874837083737705e-09 9.2479421588756878e-09 -1.0151836891540036e-10 6.1242288005744679e-09 -2.3690409804845397e-10 5.2111900590995952e-09 2.3186229893912951e-10 4.1505212236802625e-09 -1.5776753996314700e-10 3.7710718951792138e-09 3.6402074099037572e-11 3.0483175937231009e-09 2.0752551283963338e-11 3.6681080348287679e-09 1.0793360673366190e-11 5.0983095374262854e-09 2.6026624689256602e-10 7.5923993821384270e-09 -7.4808064040997989e-10 1.2207831209620369e-08 2.8704960124316636e-10 1.9884061877573982e-08 -9.6864974020406446e-11 3.0277938525934174e-08 5.4817856139241056e-10 3.7042913514743072e-08 7.4175695429641011e-10 5.2230545405254109e-08 1.7344916389206421e-09 7.5412087932438153e-08 3.3644049140730719e-09 1.1183405292296201e-07 8.6440960984946094e-09 1.6872447559670705e-07 2.0508670063295893e-08 2.8565899719293054e-07 -2.4948600459305275e-08 3.9005576046126530e-07 2.4047442938875713e-08 5.9089579757063353e-07 -4.2367913261034277e-09 7.0668183134121589e-07 5.0259298141237597e-09 1.2421229534727656e-06 1.3909198079546724e-07 1.7153687764083310e-06 -5.1411881353361866e-08 2.5384918923974958e-06 -7.4604054133395495e-08 3.3135437204990704e-06 1.8914052936487749e-07 6.2353883539132295e-06 -1.1068848818123837e-07 8.8900053513971780e-06 2.0269894626840872e-07 1.3090443688065485e-05 5.9806853575083069e-07 1.7923333573646513e-05 2.7791056744069593e-06 2.7697819296875669e-05 -2.6359370850913276e-07 3.3301050397200036e-05 -4.0858504626658325e-06 4.6796516682726027e-05 7.2449816732898581e-06 6.5892089984262051e-05 -6.6249018444597375e-06 1.2974603459102295e-04 -1.8043591310779986e-05 1.4899924086234813e-04 4.4494582765778991e-05 2.9210472486850193e-04 -1.3066065514229959e-05 4.3941035984925412e-04 -1.3140173958009796e-05 6.7389830220517259e-04 -1.9947003382704436e-05 1.2620986496348361e-03 -1.9456475400306169e-05 1.1232658420996181e-03 2.6354277413646128e-04
1.1280471653389327e-03 -3.3259582626002924e-04 7.5272306284695774e-04 9.2954212379253281e-05 3.7271989947851357e-04 -1.9106908546395698e-06 1.6240612603324301e-04 7.4071644026240326e-05 2.0428032944139286e-04 2.8509977916309533e-05 1.6399246718589512e-04 1.3866034019174075e-05 1.0887986812335541e-04 1.0019988720430432e-05 7.7590526593548139e-05 -3.3335370822308008e-06 3.6339512098083203e-05 -1.5013797320057017e-06 3.1810928382520107e-05 -4.2895804821245440e-06 1.5861789763965806e-05 1.0697419897420545e-07 1.6949276399946028e-05 3.7729360675479113e-06 8.4522925258367223e-06 -1.1635596137361842e-06 6.8651465552787494e-06 1.5995611889921927e-06 4.5036135816811869e-06 -3.4449711838256865e-07 3.0353379683898610e-06 6.4827334871798418e-07 1.5163666200578511e-06 2.6362951047208255e-07 1.2590851848383477e-06 1.7047151890676570e-07 8.3253138194249090e-07 -7.2561276448031558e-08 5.3879555103636947e-07 3.7072940698116539e-08 4.4432379801690642e-07 3.0708062525934032e-08 3.0166319234672923e-07 -1.3648853479231420e-08 2.3159156431426686e-07 -3.2670794660813226e-08 1.7977492700429526e-07 -7.4844097126347530e-09 9.1205153558573390e-08 -1.3491107020065639e-08 6.6170271773248337e-08 7.9679476594531289e-09 3.7863803693295641e-08 1.4422999739772915e-09 3.0361278931345382e-08 -7.8233087837079408e-09 2.1624620397007993e-08 -2.1934261529800914e-09 1.3446094106596982e-08 -1.4348811390200263e-09 7.4985720006205831e-09 -4.3601183898323942e-10 6.6937334147041640e-09 1.5036843449836999e-09 4.8934743957132459e-09 -2.1080160122033313e-10 3.1393146086305107e-09 -3.2050327926654677e-10 2.5043610017114128e-09 2.4774093421809330e-10 2.2150705737808264e-09 -1.0533830717336027e-10 1.9791910510974846e-09 2.9050368984007780e-11 1.3775090822498963e-09 1.7737547367353391e-10 1.7350229224634665e-09 4.6340566597431497e-11 2.3484533163430271e-09 2.1471460564903082e-10 3.7678400090310567e-09 -8.4096942811325757e-10 5.7190695149491286e-09 4.7021721210655412e-10 1.0304603355402661e-08 -3.0673221096405145e-10 1.6488116873831778e-08 -1.2916657785611332e-12 1.8762076075650429e-08 2.1409996460173150e-09 2.4674931231646493e-08 1.7953264309493854e-09 3.8847282746823041e-08 4.3748492301475853e-09 5.5151074751865307e-08 7.7839303147835685e-09 8.1855226108035360e-08 2.2752086236407642e-08 1.4845927795160710e-07 -1.8437667488390187e-08 1.8939795363944892e-07 2.0053302026761167e-08 3.1818180449147471e-07 -2.0687021088626485e-08 3.2366799265066028e-07 -3.7989735971622040e-08 6.9133312081054015e-07 1.0727975713481099e-07 9.0917569876948502e-07 -5.0365602293891397e-08 1.3268006074116740e-06 1.0410770013391885e-08 1.5278300157466669e-06 1.8911297048207404e-07 3.3295649046736563e-06 -3.9930690200295411e-07 4.5415431628413326e-06 5.9100779828694274e-07 6.7359855693797944e-06 1.3493897107946928e-07 7.1144709260350206e-06 2.0481832153615771e-06 1.1454141165118165e-05 1.1195629743010848e-06 1.2843042156888746e-05 -4.1994723207280678e-06 2.0655827122083171e-05 3.3090554779091674e-06 2.9907727110503605e-05 -1.7095443030958778e-06 6.7286175765257931e-05 -1.7016849500575571e-05 7.8624648951789629e-05 3.2571092033203511e-05 1.3379780248767159e-04 -6.4078812644209304e-06 2.0715519351750927e-04 3.7309248069473666e-05 2.7611226186249866e-04 -4.4271528883167991e-05 5.7567483572192957e-04 -3.4960489555665196e-05 4.3518846864509071e-04 1.6690531609018689e-04
4.6734282856794395e-04 -2.3219216403736173e-04 3.7066713445551387e-04 7.4489764927387949e-05 1.4952155241709068e-04 2.6270446483848809e-05 5.5744283226713438e-05 3.7467068503125311e-05 9.7409609041262845e-05 1.5410320227121444e-05 7.4440511741777357e-05 1.6277260321168976e-05 5.8826260565536577e-05 9.3725588174933178e-06 4.5124113307431712e-05 -3.5142749450343298e-06 1.7063426530624021e-05 1.1467398995509050e-07 1.5758516518152621e-05 -3.4491822104176139e-06 6.8012719850985903e-06 -7.6772966234765133e-07 1.0367696571512508e-05 2.8225497613530121e-06 4.2990803308253282e-06 -1.8582762704740670e-07 3.7316649571855790e-06 1.8213174976741985e-06 2.0910452499563562e-06 -3.0301805227622305e-07 1.4599586748757791e-06 5.6001749775502990e-07 7.1879030702328821e-07 2.6921559311327581e-07 6.2637086062493520e-07 1.2544952734644321e-07 4.4482120616123380e-07 -9.6139105755063177e-08 2.4484423629746783e-07 5.1249132029715372e-08 2.5078960699764291e-07 5.0338657439103016e-08 1.5880837809332606e-07 -1.7795182983804691e-08 1.2125831649832179e-07 -2.3904706292102667e-08 1.0518710489270631e-07 -3.0569498967410220e-09 4.6587674522975064e-08 -5.7996158093008012e-09 3.6932264645996157e-08 7.8255567053294546e-09 1.8591074760064850e-08 1.3543255965458977e-09 1.7563763788796773e-08 -6.7683421749119442e-09 1.3124566202985812e-08 -1.1116976768033959e-09 7.4765380037443518e-09 -1.7926608348182335e-09 3.1204955444442013e-09 -1.2652225556671332e-09 3.3789421276698302e-09 1.4793582059655459e-09 2.3658759706852113e-09 -3.2252559918563951e-10 1.5994351659892674e-09 -2.9296719495036341e-10 1.1581436629967181e-09 2.8095253001152877e-10 1.2273578263830680e-09 -1.4010574370367911e-11 9.5696233615830301e-10 -1.0554922099177377e-11 4.9892778399792591e-10 2.8470787847882608e-10 7.1597823439161284e-10 7.5666142096537126e-11 9.9972522543179712e-10 1.4783219150862829e-10 1.8643065199820807e-09 -7.7970082355274377e-10 2.2875270057971792e-09 5.7325544477538595e-10 5.1894240671087732e-09 -5.9765405467608938e-10 8.9259928304544072e-09 -2.1021048752211634e-10 9.4550080011680818e-09 2.9407218175460198e-09 1.1961347214988812e-08 1.3595240366128276e-09 2.1179870706086486e-08 3.7256009280153160e-09 2.7065549221263618e-08 8.1437608687760642e-09 3.9268131137427281e-08 1.9488516498741812e-08 7.9364699328570807e-08 -1.7484293900955396e-08 8.0736169230961817e-08 2.0988244747841803e-08 1.7502556638364527e-07 -2.9373920146884605e-08 1.3232591614276902e-07 -7.0478158925080795e-08 3.8725301467476593e-07 6.2901811918091328e-08 5.3526808804245080e-07 -8.4339328679758046e-08 7.0349157435603691e-07 8.3571018454242237e-08 6.1613904453942783e-07 1.1237177903469444e-07 1.7918246893494090e-06 -5.1429658441862199e-07 2.1549402321353882e-06 5.4774331614941340e-07 3.7404067769073284e-06 2.7294544489760936e-08 1.4740936318259055e-06 1.4425793732555835e-06 3.5363345658587049e-06 1.0114107196264357e-06 2.4736194596765039e-06 -3.9253592097958411e-06 7.5747899331581009e-06 3.6094309527580341e-07 1.4047455165867532e-05 3.4929505042778978e-06 3.1799075636794095e-05 -1.3227652003158190e-05 4.2238026806340911e-05 1.5059394544665298e-05 6.6484001029461952e-05 -2.9866107429162899e-06 1.0319028995211964e-04 4.9843205228576053e-05 9.6413422510787411e-05 -2.8360530218714945e-05 2.1604125853925423e-04 -9.6535241102148774e-06 1.3371155895993225e-04 1.0758832185688373e-04
2.8624898216405128e-04 -1.9309842991075383e-04 1.8455229053338564e-04 2.8917132423765998e-05 7.2347731272384190e-05 3.8466777000546241e-05 6.9804314041321144e-06 1.8254768070497559e-05 4.1778032485649809e-05 6.0920657009065736e-06 3.1717564602908041e-05 1.4714050224904947e-05 3.4114028346989184e-05 4.6818023228949186e-06 2.6876143165071891e-05 -5.1955201221944504e-06 7.5403113199767219e-06 7.0312080409730774e-07 7.0801824463195928e-06 -2.5056029707615434e-06 3.2312576371977719e-06 -5.9204277390429137e-07 6.7851290596587393e-06 2.2956907545962574e-06 2.3219504303627363e-06 3.9418190864208331e-07 2.0893673186106727e-06 1.9626654044205584e-06 7.5990811307702464e-07 -5.0227344373347342e-07 5.3274048538588894e-07 5.0721510233596114e-07 3.7152180637479632e-07 2.0902849770961976e-07 2.9738809520368921e-07 7.3109374303490254e-08 2.6059093328373838e-07 -7.7688386506505769e-08 8.9026851863436411e-08 6.0860771636846137e-08 1.4579914695596548e-07 4.3643783702546845e-08 8.3982818168779620e-08 -2.6893108038855230e-08 6.1430249966555746e-08 -1.3692387964267343e-08 6.4985436042224754e-08 9.5773779742768353e-10 1.6898842173411193e-08 7.8687054827380772e-10 1.9148478288961198e-08 7.3507368276843814e-09 9.4023010204516506e-09 1.9421586635240835e-09 1.1398426702572557e-08 -4.8499937763681581e-09 9.0967871736758062e-09 -1.0064056487698104e-10 4.6460651407881221e-09 -1.9643359112532320e-09 1.0286658698914139e-09 -1.6836138191756748e-09 1.6906650431954822e-09 1.2486411561063764e-09 1.0083982886462579e-09 -3.1210522201549771e-10 7.5490654805587531e-10 -7.6107412280262674e-11 5.5889110900921475e-10 2.0011875653732992e-10 7.6433229686562478e-10 4.7040705837163073e-11 3.4394483192282705e-10 -4.2529409587797421e-11 1.0671758442733454e-10 3.6849960610046937e-10 2.8110095475243845e-10 2.2959331616585249e-11 4.0915395945232624e-10 1.1157875070761036e-10 1.0160602472411072e-09 -6.2775901082184059e-10 6.4550358795925357e-10 3.5675146401701630e-10 2.6203772646629608e-09 -5.7601772617410082e-10 4.6134118528067267e-09 1.3215096062688662e-10 4.6758171802769814e-09 3.2699002292229263e-09 6.0536481257581556e-09 1.9764390049437856e-10 1.3304838879116183e-08 4.4735932909689267e-09 1.2484754981306448e-08 6.0472945843904624e-09 1.7826719717933222e-08 1.7126579351739666e-08 4.1506947061253196e-08 -2.0937132995774672e-08 2.9656187273086189e-08 1.5342350059979741e-08 1.0736208735427662e-07 -3.6747250152368130e-08 2.5984447826880395e-08 -9.1295724894647174e-08 2.1466127340622268e-07 1.0575496893463008e-08 3.3395292500799453e-07 -1.1456963914029153e-07 3.9109090216209731e-07 1.3998791774507685e-07 2.9289729596202097e-07 -6.9408157083734161e-09 1.0446761763169041e-06 -4.0547045835246688e-07 9.1313902384595572e-07 2.8264321144869294e-07 2.2305341310621924e-06 -4.2113883358359624e-08 -8.3887479925269691e-07 1.1590292096119201e-06 9.8543286678618435e-07 4.3462288781066728e-07 -2.3070057844129962e-06 -3.2048908574345442e-06 1.3176882994299111e-06 -1.4925077959717479e-06 5.5960145659119060e-06 5.6177746794164869e-06 1.2639892099164430e-05 -7.3501569746299379e-06 1.7430029230433257e-05 3.6658181664725895e-06 3.3855289920674836e-05 -2.4860532920416513e-06 4.9082867217445264e-05 4.8369300361224151e-05 3.5010850438581318e-05 1.1558810707230604e-05 5.1678058011124586e-05 1.8528993618812851e-05 2.7296666915140393e-05 3.1077487109249814e-05
1.8491322994817599e-04 -1.3905004424825878e-04 8.4031296807494430e-05 1.5676021633171356e-05 5.9631381974321089e-05 3.2282191560722471e-05 -1.6013784362799226e-05 1.7368664792849425e-05 1.8510042138521656e-05 8.8380577852303250e-06 1.6441013153384713e-05 1.4356324968746028e-05 1.9637703896861830e-05 -2.8643461281209325e-06 1.4647086255732956e-05 -8.5708778405051472e-06 2.5115821828262918e-06 -7.4938078772634269e-08 2.3678305895604579e-06 -1.5828003091338940e-06 1.9228708551999803e-06 -2.2750265101902698e-07 4.4806986004673353e-06 1.7878279721956516e-06 1.1307090539507351e-06 4.9238949910685994e-07 1.0205036752293222e-06 1.6496540125604500e-06 3.1200702972174786e-08 -6.0757068266553207e-07 2.4092483408892582e-08 4.2303227618608313e-07 2.1665170257811873e-07 1.0419717085410284e-07 1.2734887559257452e-07 7.6228075853708262e-08 1.8177811438114610e-07 -2.4824171866173612e-08 1.6365327468425750e-08 6.7989403086986783e-08 8.0915790766289837e-08 1.3952133709880563e-08 5.4840454546576774e-08 -2.4145463534357674e-08 2.7790933208933996e-08 -6.7700544538818837e-09 4.7752499453352978e-08 1.0420260394276101e-08 1.3021472153008747e-09 9.3559175173948933e-09 8.8100537189666093e-09 5.3509498013698507e-09 5.4121235213735947e-09 2.3847680803172374e-09 8.3067427850895221e-09 -2.3086424822740935e-09 6.3715266694139732e-09 -1.5037573854045351e-10 2.8092179366518494e-09 -2.2484178963320542e-09 3.7257460873997883e-10 -1.5056465259168263e-09 1.0720819024945961e-09 9.8988630344912937e-10 3.7729280356109666e-10 -2.2809397606556676e-10 3.2006814801457322e-10 2.0639457463489303e-10 2.7873547481672616e-10 8.5117959978755402e-11 5.6435865680373764e-10 1.1547907768072370e-10 3.0806761868701990e-11 -7.3405212762630110e-11 -1.8070940230832038e-11 3.9895822698354653e-10 1.9678816064290821e-10 -1.2120035609219445e-10 1.1560537750141723e-10 1.2923612724579791e-10 6.2151563672099893e-10 -4.0430469186116180e-10 -1.1009743343614894e-11 2.5349338688831934e-10 1.6392999018415233e-09 -6.3709462056463537e-10 2.3925966338848462e-09 5.5141134327526138e-10 1.8728797475463252e-09 2.6527258138678543e-09 2.9895039186682096e-09 -7.7588875496768519e-10 9.4164814075915487e-09 5.1249107139017074e-09 2.8586630292973826e-09 3.0557020717464409e-09 5.7551148347868990e-09 1.7325316367512187e-08 1.7784847058914818e-08 -2.0911342151544442e-08 9.9894866567593607e-09 5.9276816479645646e-09 7.4794311410008248e-08 -3.6890406621981923e-08 -3.0958734355914854e-08 -8.6925750113993125e-08 1.2406412237520702e-07 -1.3529546686353909e-08 1.6925142430377790e-07 -9.0586484406004633e-08 1.9950804872354640e-07 1.4699828104780756e-07 1.7666495060510822e-07 -9.7834661952585670e-08 6.8306712143044385e-07 -2.4117595320240205e-07 3.7297012242573258e-07 -1.1288366894585005e-07 1.4411666151531012e-06 -1.9076841260933747e-07 -1.1728958946099175e-06 1.0049401525267673e-06 1.0583761599509746e-06 3.8410033450303063e-07 -4.3149869149937034e-06 -1.8024215611095310e-06 -9.4549981677789405e-07 -2.1701391645522519e-06 1.1974435050452219e-06 5.3545141854373742e-06 4.3997493724274666e-06 -4.1482348184023976e-06 3.1179068549060401e-06 5.8333333816768871e-07 1.3656758777645287e-05 -1.5959903416558511e-06 2.7813323650797202e-05 4.1185230181863512e-05 6.6884785267715952e-06 2.9687303849160031e-05 -1.8717548104992501e-05 1.8005933853041294e-05 5.0324791115472720e-06 -7.2088327544534139e-07
