0 0 7.6224050808515187e-01 -2.1226497038347154e-19
0 1 3.7987016281592047e-02 -1.6003890609057391e-20
0 2 4.6589171867853184e-03 1.5086827860519604e-22
0 3 7.0659931484644549e-04 1.0407301671589635e-22
0 4 1.1409822803652180e-04 1.7932676351208006e-24
0 5 1.9849020448370928e-05 -4.3475270252676226e-24
0 6 3.6202073943305779e-06 -3.1642436989847357e-25
0 7 6.8968998794277269e-07 5.8047067700065681e-27
0 8 1.3755701826024153e-07 4.7757180748063087e-29
0 9 2.8529452117861652e-08 -6.1834137460661936e-27
0 10 6.0999592422522652e-09 1.1750614307897399e-27
0 11 1.3235045117694719e-09 -1.5033880090772623e-28
0 12 2.7140729969853818e-10 6.7091041026959094e-30
0 13 5.6253043234663325e-11 -5.6438235180205911e-30
0 14 1.1829570592939106e-11 -1.2522623254700439e-31
0 15 2.5059663372493836e-12 -2.4335841066401074e-32
0 16 5.2892729200051906e-13 -1.0437578402077524e-31
0 17 1.0994945404787738e-13 -7.2276443980411411e-33
0 18 2.2819872322640098e-14 -1.1452736175350226e-35
0 19 4.8510620063426642e-15 3.3101832957805167e-35
0 20 1.0697376303672135e-15 -3.3503939020475923e-35
0 21 2.2963109462596076e-16 1.0052784943718666e-35
0 22 4.8694595046892598e-17 -2.0693915459850940e-36
0 23 1.0058858072885038e-17 8.5510548327799877e-37
0 24 2.0271594008938345e-18 1.9067912947808012e-38
0 25 4.0688706650880309e-19 -1.5541422587299005e-39
0 26 8.3139501246626337e-20 -3.9682147579281092e-39
0 27 1.6951852205674457e-20 1.2642111042315242e-39
0 28 3.4882487272533357e-21 2.0173043622472666e-41
0 29 7.2219422131868829e-22 2.2689892266695974e-41
0 30 1.4809903694566987e-22 -1.3923154463611156e-41
0 31 3.0706773788611741e-23 -1.7392564597461569e-42
0 32 6.3636910343723708e-24 -3.1178434156005582e-43
0 33 1.3118101271604401e-24 9.2878890670324730e-46
0 34 2.7587695654350666e-25 1.0889741917840189e-46
0 35 6.0001230794318751e-26 8.3330290829116910e-46
0 36 2.1541551676177186e-26 -1.2315031767173950e-46
0 37 4.7142351469511820e-26 1.4697562347691841e-45
0 38 2.1408260215327487e-25 3.3630121847069112e-45
0 39 1.0230560782175583e-24 -3.5232812286569448e-44
0 40 4.9512181311887038e-24 -2.5541386257543867e-43
0 41 2.3754879123892903e-23 -1.1507746872198152e-42
0 42 1.1519140964120944e-22 1.3423243522384147e-43
0 43 5.5532441546414329e-22 1.8373089122884414e-41
0 44 2.6465800590663333e-21 -8.9691015296607896e-41
0 45 1.2683832735106322e-20 4.0935111962650454e-40
0 46 6.1920758530797442e-20 -1.8516070763340401e-39
0 47 3.1039999475894898e-19 8.7262529043574201e-39
0 48 1.5500895639271152e-18 -2.7616122963593154e-38
0 49 7.6621497203028168e-18 -1.3796740112783645e-37
0 50 3.7161745202461863e-17 1.2770791199365148e-36
0 51 1.8166269382128262e-16 -1.6224045224670256e-35
0 52 8.8506505922134331e-16 2.6903046370596902e-35
0 53 4.2825005684345367e-15 8.3387688416820681e-35
0 54 2.0488148258709507e-14 5.1897224981724555e-34
0 55 1.0057256724205342e-13 -3.0355110950375172e-33
0 56 4.9782297800674407e-13 1.2647393864103336e-33
0 57 2.5148111836847859e-12 3.0909228165945210e-31
0 58 1.2612739771649560e-11 -6.2096566406594478e-31
0 59 5.9814897607794763e-11 -1.8586729249901628e-30
0 60 2.8594323843796243e-10 2.3927388169733350e-29
0 61 1.4041856357475740e-09 6.4852588715130219e-29
0 62 6.8831809559000610e-09 1.4622697728331603e-28
0 63 3.5110252512837497e-08 -1.9130866637459870e-27
0 64 1.7353868336258139e-07 -5.3590698999420779e-27
0 65 8.7115204974596173e-07 -2.4976679391049938e-25
0 66 4.3658684798228947e-06 2.0803877835531175e-25
0 67 2.2829638596636154e-05 2.2036222271563608e-24
0 68 1.2810713108134394e-04 8.5474643445682558e-24
0 69 7.5281562040625338e-04 -8.2965009861498751e-23
0 70 4.7135835882529563e-03 2.7207020518636434e-21
0 71 3.8592078332262629e-02 -4.1279939976626881e-20
1 0 1.8492170838048097e-01 2.4820841771963740e-04
1 1 1.7600092596026996e-02 4.8611776477004770e-05
1 2 2.7675549724159847e-03 3.8177777454374851e-06
1 3 4.5972147737253062e-04 2.9127555519538435e-06
1 4 7.6462980456872050e-05 -1.1901521340021217e-06
1 5 1.3769030459173113e-05 -3.1910324175182803e-07
1 6 2.5090539722608075e-06 -6.1669093512232906e-08
1 7 4.8691567289334674e-07 -5.8959199017112287e-09
1 8 9.9924005930141987e-08 -1.7964062757618090e-09
1 9 2.1004659202585177e-08 -1.2903387472946442e-10
1 10 4.5352711008587939e-09 -3.7407650406690809e-11
1 11 9.7566092790313512e-10 -1.3550232810211598e-11
1 12 1.9711321158604095e-10 -7.8734493373086104e-13
1 13 4.0916713549631307e-11 7.3598006037572476e-14
1 14 8.7371008915500824e-12 2.8572428642365336e-14
1 15 1.8174415367141777e-12 -6.9119669981667960e-15
1 16 3.8562712979167660e-13 4.8327909731696780e-16
1 17 8.0310483298611995e-14 9.2712794202345181e-16
1 18 1.6617869322504988e-14 3.6309359606377735e-16
1 19 3.5803207898668312e-15 6.2864427981116187e-17
1 20 7.8866539072597202e-16 2.5808617955560037e-19
1 21 1.6763759899221583e-16 1.6385095230530637e-19
1 22 3.5566710115722042e-17 3.8122144645468901e-19
1 23 7.3421334159041413e-18 9.6230191290026310e-21
1 24 1.4741007031877325e-18 4.6105358334330028e-21
1 25 2.9413098433445981e-19 -4.4085010247755138e-21
1 26 6.0117721332448228e-20 -1.3568088214636604e-21
1 27 1.2277722456845920e-20 -1.7414737441482012e-22
1 28 2.5267656318312488e-21 -4.6918829140518470e-23
1 29 5.2021828153468438e-22 -1.9292055251435589e-23
1 30 1.0742911613978103e-22 -3.5443081781496305e-24
1 31 2.2261797451368369e-23 -5.2376319842361523e-25
1 32 4.6129829432642157e-24 -1.4445447141467374e-25
1 33 9.5406785044651023e-25 -2.5243231257709525e-26
1 34 2.0139888595071582e-25 -3.1775580670108160e-27
1 35 4.3771695607636238e-26 -6.1862295371746897e-28
1 36 1.5740676830725730e-26 -1.6494062913914998e-28
1 37 3.4263441536733766e-26 -3.1025606921163177e-28
1 38 1.5530976316009097e-25 -2.8821746649176409e-27
1 39 7.3949675885887311e-25 -1.7708606923973981e-26
1 40 3.5928511619536235e-24 -1.2733101162919025e-25
1 41 1.7294437129083638e-23 -2.2706406209912746e-25
1 42 8.3183020714700334e-23 -2.4500992386182639e-25
1 43 4.0676642418218221e-22 -3.5163254300175899e-24
1 44 1.9311655177946437e-21 -3.0334260755833126e-23
1 45 9.2431647388218612e-21 -1.6121657407370087e-22
1 46 4.4764098498322937e-20 -8.4784149048317423e-22
1 47 2.2408472815276764e-19 -1.4596390659210455e-21
1 48 1.1169011091121109e-18 3.5958735999138709e-21
1 49 5.5240869178682283e-18 3.8499278481784741e-21
1 50 2.6710026957482552e-17 3.8827460601398140e-19
1 51 1.3040293047897657e-16 1.6149450837268443e-18
1 52 6.3629966383707542e-16 1.4921023368191973e-17
1 53 3.1281424703641200e-15 9.0910396043829437e-17
1 54 1.4814545230841676e-14 3.4108896587731462e-16
1 55 7.2441113747188867e-14 1.5054540268349586e-15
1 56 3.5697942974096102e-13 3.7829299715602652e-15
1 57 1.8083827484956093e-12 1.4937604317920278e-14
1 58 9.2244646433038909e-12 1.3227857596280017e-13
1 59 4.4505332950223389e-11 6.4308659567143726e-13
1 60 2.0703069800392271e-10 1.8536850695408098e-12
1 61 1.0308683185325067e-09 4.7419403287399922e-12
1 62 4.9722260777777191e-09 1.1005696240566624e-10
1 63 2.5722323326815309e-08 6.7156817671350549e-10
1 64 1.2548348075872911e-07 1.4074231725750337e-09
1 65 6.3832068132782943e-07 3.2270472746331656e-09
1 66 3.1192550447915539e-06 -2.4945728836432062e-08
1 67 1.5983056510748859e-05 -3.7922763142326631e-07
1 68 8.9222897206427162e-05 4.8642237437153710e-07
1 69 5.1398733214835053e-04 4.0568608843997395e-06
1 70 2.7826993030838710e-03 1.1140100777696580e-05
1 71 1.7847865253506463e-02 2.5127188407185854e-05
2 0 4.6547880453474168e-02 3.7763195009587607e-04
2 1 6.6910210271013135e-03 -3.3429852369952372e-05
2 2 1.1349811631865161e-03 -8.4895643374944459e-06
2 3 2.0289446399931790e-04 4.5639326327582337e-06
2 4 3.6541614222852242e-05 -2.0155745078254973e-06
2 5 6.8195588020771877e-06 -5.4439067081268043e-07
2 6 1.2999554488624983e-06 -6.4391275709282668e-08
2 7 2.6492531838899653e-07 -2.7808779237728000e-09
2 8 5.7355400598640338e-08 -2.0604106029969499e-09
2 9 1.2257903365596321e-08 -1.7523189056232221e-10
2 10 2.6875064568962309e-09 -4.0597372337633467e-11
2 11 5.5510006169519607e-10 -1.3937158092035721e-11
2 12 1.1077810200250573e-10 -1.7117569783426674e-12
2 13 2.2874338440717750e-11 2.9482571502819759e-13
2 14 5.0748699342528425e-12 2.7801551168323796e-14
2 15 1.0156133659015733e-12 -1.5789357961026700e-14
2 16 2.1773179029815324e-13 2.4356816733157361e-15
2 17 4.5719990355147788e-14 1.6824290163658008e-15
2 18 9.3769612669752972e-15 5.4000561453989675e-16
2 19 2.0726064657614766e-15 7.7785018076738118e-17
2 20 4.5173636845083661e-16 -2.1973793808820110e-18
2 21 9.5301582668929203e-17 2.3734458506123718e-19
2 22 2.0391240140950818e-17 3.5047347947437068e-19
2 23 4.2233503322189695e-18 1.2716530960966806e-21
2 24 8.3687066159884140e-19 3.6930390316895959e-21
2 25 1.6206907352570318e-19 -6.9424031708251823e-21
2 26 3.3733368183179470e-20 -1.8137750813550260e-21
2 27 6.8104554766640492e-21 -2.1798224596410779e-22
2 28 1.3966199829200831e-21 -5.5234785506206870e-23
2 29 2.8502700737206277e-22 -2.2839762947477877e-23
2 30 5.9521939006184320e-23 -4.2781559780771041e-24
2 31 1.2353976160986393e-23 -5.6903615531635240e-25
2 32 2.5775636711280481e-24 -1.5423485735015089e-25
2 33 5.4074328849195757e-25 -2.8934519349629695e-26
2 34 1.1461969510221017e-25 -2.9718597355196269e-27
2 35 2.4994711120357838e-26 -6.1827005041111405e-28
2 36 9.0585536857179806e-27 -1.8726524392061529e-28
2 37 1.9285737312339774e-26 -2.1044280331486393e-28
2 38 8.7566585881146010e-26 -3.8049240289962610e-27
2 39 4.1040169441075660e-25 -2.4015308887880152e-26
2 40 1.9992806853472353e-24 -1.6336034486665894e-25
2 41 9.7638222079159887e-24 -3.4490146610535950e-25
2 42 4.6986249500333049e-23 -4.5699301743779777e-25
2 43 2.3467235650773549e-22 -4.6876206018481256e-24
2 44 1.1066989513193114e-21 -4.2087457825698588e-23
2 45 5.2182124289227148e-21 -2.5155140395306882e-22
2 46 2.4945709892160537e-20 -1.0539947001761540e-21
2 47 1.2471689259964188e-19 -1.8650382670958746e-21
2 48 6.1889471960374969e-19 -5.8122992461120705e-21
2 49 3.1238578342432120e-18 1.5133077002799027e-21
2 50 1.4923603742842085e-17 6.1591215417092677e-19
2 51 7.2145679968455006e-17 1.9908920079387479e-18
2 52 3.4910906250891476e-16 1.6459562484059348e-17
2 53 1.7747844931458822e-15 1.2818801927307572e-16
2 54 8.1905289773422317e-15 4.4168210895448618e-16
2 55 4.0020607157317097e-14 1.9710835687616117e-15
2 56 1.9468090268176077e-13 4.5105126109515401e-15
2 57 9.9929765587133511e-13 8.3106623684953971e-16
2 58 5.1835293448202066e-12 1.2845778210298174e-13
2 59 2.6237351875299280e-11 1.0238845751019794e-12
2 60 1.1629391684033930e-10 4.4937056630596276e-13
2 61 6.0165911431231673e-10 1.2550817270945303e-12
2 62 2.7103273716794605e-09 8.7729382908311724e-11
2 63 1.4962215168061459e-08 1.0727797858159591e-09
2 64 7.1604813692322044e-08 3.2102980787680015e-10
2 65 3.6867612310408802e-07 6.8716979436819315e-09
2 66 1.6954095987950967e-06 -1.4790879480771237e-08
2 67 8.5907493170051633e-06 -3.9002248594141249e-07
2 68 4.7894356523114280e-05 5.6990106918017164e-07
2 69 2.6515908249732836e-04 9.3939116455617681e-06
2 70 1.1799491180297886e-03 2.0728698918292289e-05
2 71 6.5164363822422470e-03 4.5601538244826353e-05
3 0 1.1979884929502230e-02 1.8295592823905880e-04
3 1 2.3158837252608136e-03 -5.4177034391330997e-05
3 2 4.1328648224357132e-04 -2.3527291370257770e-06
3 3 8.0728155231607831e-05 1.9766920317932367e-06
3 4 1.4926930892876535e-05 -2.0613239788494860e-06
3 5 2.8679945839013678e-06 -4.7894674690238362e-07
3 6 5.8171751689688273e-07 -4.7146385639907820e-08
3 7 1.2971998488121541e-07 -1.4685040572673912e-09
3 8 2.9586889769211782e-08 -1.7556928113735163e-09
3 9 6.5440057254800819e-09 -2.5203432335944741e-10
3 10 1.4351125853861319e-09 -5.9945023160879844e-11
3 11 2.8935758378315943e-10 -1.0010158503050278e-11
3 12 5.6197732577552709e-11 -2.5452430685732791e-12
3 13 1.1492927458801711e-11 4.7647616720902574e-13
3 14 2.6695647641490392e-12 4.5636026599618102e-15
3 15 5.0022592706998217e-13 -1.5175574085784799e-14
3 16 1.1068565414051624e-13 1.7700248058253002e-15
3 17 2.3531182712283183e-14 1.9887805179225504e-15
3 18 4.6925374601075856e-15 5.5755226272230963e-16
3 19 1.0788046913081539e-15 6.8941551805954946e-17
3 20 2.3164486656206264e-16 -5.1307305118253290e-18
3 21 4.8197622999399233e-17 -4.9481085362949071e-19
3 22 1.0408163944365052e-17 1.3591287646806950e-19
3 23 2.1762819746318523e-18 -3.2953482864903308e-20
3 24 4.2457796812065555e-19 4.8662414944748510e-21
3 25 7.7770039597934882e-20 -5.8527906782425190e-21
3 26 1.6522465424820625e-20 -1.5333078545498973e-21
3 27 3.3583362376162703e-21 -1.6748087603055501e-22
3 28 6.7440230849498306e-22 -4.5875386981202134e-23
3 29 1.3758559736021745e-22 -1.6211553341004094e-23
3 30 2.8627018622615071e-23 -2.9561681285049721e-24
3 31 6.1368587119170664e-24 -4.4243478247441635e-25
3 32 1.3187111598218336e-24 -9.4159372222236934e-26
3 33 2.7923320923268648e-25 -2.1573566468172846e-26
3 34 5.8947682133997233e-26 -1.2324172430300509e-27
3 35 1.2959537991795049e-26 -2.6617844572253179e-28
3 36 4.6894568254371541e-27 -1.0861478866761022e-28
3 37 9.8826621294469738e-27 5.1187024733385794e-29
3 38 4.4680619687979230e-26 -2.9058147351943364e-27
3 39 2.0440706631585804e-25 -2.2927274114759516e-26
3 40 9.7534244030275802e-25 -1.3838893713803716e-25
3 41 4.8968598581136082e-24 -3.6878561207108645e-25
3 42 2.4182126202609908e-23 -5.4410769013330972e-25
3 43 1.2291977206287488e-22 -3.7896751946366715e-24
3 44 5.7777453176803914e-22 -4.7492161972928651e-23
3 45 2.6155757854217282e-21 -2.7280512385765468e-22
3 46 1.2184995695981487e-20 -7.1141003502132677e-22
3 47 6.2162391770721820e-20 -1.3412495976271764e-21
3 48 2.9990323050789231e-19 -1.3943251901017273e-20
3 49 1.6378090364830929e-18 -9.8088023820132713e-23
3 50 7.5918684516595555e-18 5.3811614641460454e-19
3 51 3.5107859801147594e-17 2.5115630345248308e-18
3 52 1.6773363887380193e-16 1.4548739498013511e-17
3 53 8.9136822215484126e-16 1.1949009176570347e-16
3 54 3.9891427521812843e-15 3.5199783789026768e-16
3 55 1.9418809069793709e-14 1.5321804448878834e-15
3 56 9.2795205962125802e-14 2.4806620105143953e-15
3 57 4.7517559075580629e-13 -1.3800426084863085e-14
3 58 2.5982123864963584e-12 1.4027144449478076e-13
3 59 1.4089076848789769e-11 1.4957151398069474e-12
3 60 5.8784218535577961e-11 -4.9033061469814770e-13
3 61 3.2555036180273874e-10 -5.4017600431794461e-12
3 62 1.2934203318330503e-09 -1.3616725385246257e-11
3 63 7.8740893644644155e-09 1.1430241268077647e-09
3 64 3.6721101740122359e-08 -9.3456408376814942e-10
3 65 1.8785059335748241e-07 3.9284871004981557e-09
3 66 8.3783398278473989e-07 1.0856294150465989e-08
3 67 4.1587946467071278e-06 -2.2766074038026983e-07
3 68 2.3098885802748292e-05 -9.0537842919279917e-08
3 69 1.1957532285503332e-04 7.3011472499724981e-06
3 70 4.5077243888093653e-04 1.7616524491828271e-07
3 71 2.3004357455279987e-03 4.7525815049529146e-05
4 0 3.1657777072310218e-03 -3.8960133800133055e-05
4 1 7.3299614348248097e-04 -3.0777449486606925e-05
4 2 1.3918460528885185e-04 -5.8272073133387518e-06
4 3 2.8337884753213252e-05 1.0696532246093153e-06
4 4 5.7698426495849434e-06 -1.3106538403140945e-06
4 5 1.0699320460938484e-06 -3.3425305033309821e-07
4 6 2.3985986014530358e-07 -2.9954080781861521e-08
4 7 6.1764844643694483e-08 1.2749103398198973e-09
4 8 1.3988122553219029e-08 -1.5338787671352427e-09
4 9 3.3402067239253081e-09 -2.1393423313026036e-10
4 10 6.9881879842361285e-10 -7.5015492013813941e-11
4 11 1.4685592337753539e-10 -4.9112083769909061e-12
4 12 2.6304060289685685e-11 -2.5575151525334044e-12
4 13 5.6277182363054445e-12 4.6475783104708225e-13
4 14 1.3396757462990269e-12 -2.6552803421526164e-15
4 15 2.2603762218154577e-13 -8.5117184190561544e-15
4 16 5.3414198546820915e-14 1.8157528456059515e-15
4 17 1.1217291766462398e-14 2.0860790116482088e-15
4 18 2.1346746138714355e-15 5.0104450724379576e-16
4 19 5.1970635884829185e-16 4.9882267034837562e-17
4 20 1.1212313338882049e-16 -7.9461842653035046e-18
4 21 2.3032727694196096e-17 -1.1221593080893339e-18
4 22 4.9359600592046612e-18 -2.8321610320844793e-20
4 23 1.0259115599700167e-18 -1.1505849007048829e-20
4 24 1.9665178708919835e-19 -1.7097686271847562e-21
4 25 3.3291775938493517e-20 -3.6187390362403271e-21
4 26 6.9809925770770289e-21 -1.2546930495613964e-21
4 27 1.5346056691323040e-21 -1.0476988964134852e-22
4 28 2.9668390519757238e-22 -2.3988395308666727e-23
4 29 5.8914364344079352e-23 -8.0475056685303845e-24
4 30 1.2275671910367468e-23 -1.2414332940900276e-24
4 31 2.8840090638188775e-24 -2.8802972287134806e-25
4 32 6.4722965737474322e-25 -3.4192539059848618e-26
4 33 1.3734297106305134e-25 -1.3032234636010246e-26
4 34 2.8979145065434877e-26 1.9604832717894294e-28
4 35 6.5034625096652288e-27 -1.7506996428054997e-28
4 36 2.2585481670223412e-27 -1.9244629458499513e-29
4 37 4.8690007512951786e-27 3.4424806096154877e-28
4 38 2.1482164894369525e-26 -1.8447038699538265e-27
4 39 9.5311027067970699e-26 -1.7950447220415664e-26
4 40 4.2102919156188261e-25 -9.5929416587736909e-26
4 41 2.2163889589221791e-24 -3.1565020867245812e-25
4 42 1.2000299555991756e-23 -4.4272082309272214e-25
4 43 6.0951288541028864e-23 -2.6580274449844050e-24
4 44 2.8179687715516510e-22 -4.3351878188888036e-23
4 45 1.2017828610574238e-21 -1.9274112351692730e-22
4 46 5.4514295440516910e-21 -2.7382065568944415e-22
4 47 2.8803032267290057e-20 -1.9611186235113168e-22
4 48 1.3319884916007179e-19 -1.2025734902327605e-20
4 49 8.3710412431690863e-19 1.5166908896726248e-20
4 50 3.7814414860761362e-18 3.6407920923719672e-19
4 51 1.5395021660483933e-17 2.6428631434681811e-18
4 52 7.1656968545836456e-17 1.2544279929828178e-17
4 53 4.0784559206082754e-16 9.9104900921849225e-17
4 54 1.8070726825433794e-15 2.7909925516721586e-16
4 55 8.7790988468436630e-15 1.0394501130039180e-15
4 56 4.1023048475511336e-14 -2.6852665778720770e-16
4 57 1.9806339258728290e-13 -1.9887193915006613e-14
4 58 1.2281184367990762e-12 1.3192502301583030e-13
4 59 7.1970306665339939e-12 1.5925155974989791e-12
4 60 2.7843679667049359e-11 -7.2969888837700873e-13
4 61 1.7107903791664180e-10 -1.1224245571405716e-11
4 62 5.6750565637485681e-10 -1.0193524352598732e-10
4 63 3.8405829631328907e-09 1.0612627511661788e-09
4 64 1.7041363012112479e-08 -1.4087700519513126e-09
4 65 8.4685447278013710e-08 3.3174659756570429e-09
4 66 3.7424430769694189e-07 5.1316201913703621e-08
4 67 1.8384885810907408e-06 -6.7721349331512294e-08
4 68 1.0451143419662635e-05 -2.3619967254266882e-07
4 69 5.0124280789430935e-05 4.5222154192515965e-06
4 70 1.7409347540900470e-04 -4.2270364559391403e-06
4 71 7.3583925889615198e-04 2.0634244457792462e-05
5 0 8.9865580617500874e-04 -5.1716994350162990e-05
5 1 2.3289162320254530e-04 -7.2740941424866362e-06
5 2 4.4738063607871131e-05 -4.4426118846027452e-06
5 3 9.0168690181974799e-06 8.7534147324849141e-07
5 4 2.1062626965585588e-06 -6.2444766009941466e-07
5 5 4.1424397388138696e-07 -2.3063626414998207e-07
5 6 9.1402996055729368e-08 -1.9762739085039953e-08
5 7 2.9441985667125553e-08 1.2938170658917996e-09
5 8 6.1535382258230204e-09 -7.8124096258626778e-10
5 9 1.6389754387155542e-09 -1.8265330204675120e-10
5 10 3.2070382689312486e-10 -5.8503940837955058e-11
5 11 7.3070941579454760e-11 -2.2035471173674880e-12
5 12 1.1706176822070223e-11 -2.7624646235656383e-12
5 13 2.8045032557967843e-12 2.4878906593726190e-13
5 14 6.5197687581487047e-13 -4.4514789883309145e-14
5 15 9.2260156022411046e-14 1.1253502921250045e-16
5 16 2.4748813575009376e-14 1.0329322106661248e-15
5 17 5.2287102749298739e-15 1.8807677406762080e-15
5 18 8.9703253598960080e-16 3.5539689699575171e-16
5 19 2.4779947290808741e-16 2.8746089875179605e-17
5 20 5.3140820078699678e-17 -6.3935223520147221e-18
5 21 1.0256921114226409e-17 -1.2748882673848055e-18
5 22 2.1989705206121714e-18 -4.4746654673444563e-20
5 23 4.4363850584953484e-19 7.9977248995595002e-21
5 24 8.4448965079983452e-20 -1.2157494755614789e-20
5 25 1.3177149527330235e-20 -2.4467056770500067e-21
5 26 2.5779849729917798e-21 -9.3928769782489002e-22
5 27 7.0219568346136705e-22 -2.9337746673777990e-23
5 28 1.1788492334759530e-22 -4.9504553166869027e-24
5 29 2.3852099820377110e-23 -2.1386221078338064e-24
5 30 4.5661555937345529e-24 -3.0783854146254013e-25
5 31 1.2394335537123197e-24 -1.1792946737023811e-25
5 32 3.2619581860393665e-25 6.2877881234585905e-27
5 33 6.4914230480700898e-26 -6.2040226631957615e-27
5 34 1.3718076176749855e-26 1.3868753328987524e-27
5 35 3.3394549272385193e-27 -2.4603653785860368e-28
5 36 1.0700798328004664e-27 6.1218127836455595e-29
5 37 2.3109144763546167e-27 5.5804829762306164e-28
5 38 1.0035926067931422e-26 -1.5909808260445976e-27
5 39 4.2003267265065035e-26 -1.3922181456547696e-26
5 40 1.5539833125164457e-25 -5.8501720541205978e-26
5 41 9.8079325957950558e-25 -2.5376061764853525e-25
5 42 5.9478921469765777e-24 -2.1874373113368043e-25
5 43 2.9919018817501477e-23 -1.5317144439418946e-24
5 44 1.3338788066613789e-22 -3.1311180985154697e-23
5 45 4.7005859231418341e-22 -1.0495025778797773e-22
5 46 2.4122729461474938e-21 1.0201168972450017e-22
5 47 1.2438475583370539e-20 1.0276626559225440e-21
5 48 5.6485649891777367e-20 -7.4846088786860885e-21
5 49 3.9458790305054554e-19 4.3687444277372963e-20
5 50 1.9546759643945776e-18 2.0306236117667143e-19
5 51 6.3845058776304546e-18 2.0913737632218049e-18
5 52 2.6513119432154341e-17 9.5002620423059835e-18
5 53 1.7366503700577573e-16 7.7634676365558681e-17
5 54 7.8655215981627887e-16 2.7694561843207376e-16
5 55 3.6151541488908509e-15 5.2442153246360952e-16
5 56 1.6241065861072017e-14 -1.4272779250277280e-15
5 57 6.6999925852485225e-14 -2.1866438318811291e-14
5 58 5.2848983246951444e-13 1.2733821843834458e-13
5 59 3.6402852461506978e-12 1.3325825133712361e-12
5 60 1.2629817257856591e-11 -5.9656405007977300e-13
5 61 8.3661888256907864e-11 -1.3584768443581524e-11
5 62 2.4305606425649360e-10 -1.3587916255677984e-10
5 63 1.6859031455552636e-09 7.7688685525792447e-10
5 64 7.2228785043314880e-09 -1.8086863052497216e-09
5 65 3.6840858538311381e-08 -5.9713415338308088e-10
5 66 1.5265662919714768e-07 4.8374441343022633e-08
5 67 7.5772979021319399e-07 -2.6346061550447857e-08
5 68 4.3912680594828182e-06 -3.3411806336930450e-07
5 69 1.9647846205010309e-05 2.0947610944688475e-06
5 70 6.7492955135301061e-05 -3.5965431652184913e-06
5 71 2.0686360791086390e-04 1.5997048328931504e-05
6 0 2.7854700371845586e-04 -2.7004488245777163e-05
6 1 7.6054877303329254e-05 -3.2789638502286115e-06
6 2 1.4324115268934094e-05 -2.7812716016064703e-06
6 3 2.5956582004217415e-06 5.6380315558432728e-07
6 4 6.9380605771039444e-07 -2.2593292572458833e-07
6 5 1.7401704200342766e-07 -1.2697563485450829e-07
6 6 3.2981190573166963e-08 -1.2040166287380705e-08
6 7 1.4202277984881398e-08 -2.9272375629720695e-10
6 8 2.7009447179042138e-09 -2.7914608900835088e-10
6 9 7.8461448605394149e-10 -1.0070034010794181e-10
6 10 1.4234086650800464e-10 -3.2696409601972389e-11
6 11 3.6157391324152146e-11 9.3874955953188347e-13
6 12 5.3245471536915580e-12 -1.8783117129051691e-12
6 13 1.3979667265211988e-12 1.0027010000007373e-13
6 14 2.9729739920887265e-13 -6.5145365534902372e-14
6 15 3.2802641113844210e-14 2.6485893697672320e-15
6 16 1.1458007124071216e-14 1.7645839421119008e-16
6 17 2.2876140205152845e-15 1.4470268642435711e-15
6 18 4.2325993280133546e-16 1.9221499579007751e-16
6 19 1.2676050642940491e-16 1.7414721485465307e-17
6 20 2.5716020856904131e-17 -1.5774210065843249e-18
6 21 4.2932030391376287e-18 -1.1721985894071711e-18
6 22 9.5626079614973573e-19 -9.3584063361226778e-20
6 23 1.5726871027825854e-19 9.6395060935747360e-21
6 24 3.2989068435198171e-20 -1.2253661069993058e-20
6 25 4.8479636514016464e-21 -1.6609607414783066e-21
6 26 9.5167216387894890e-22 -4.8606207337842222e-22
6 27 3.5217238912478399e-22 1.7573204676817314e-23
6 28 4.2929453127463594e-23 2.1340203664490061e-24
6 29 1.2094642268298698e-23 5.4186675478288853e-26
6 30 1.2361683197183014e-24 2.4240681054034055e-25
6 31 4.4848943347926992e-25 4.5807987127494086e-27
6 32 1.6226027736620790e-25 2.2005380420643157e-26
6 33 2.8044948078021249e-26 -3.0578723832447130e-27
6 34 5.9650517228779134e-27 1.9175442090765829e-27
6 35 1.7803575333385663e-27 -1.5146666276057589e-28
6 36 5.1902070919969809e-28 1.2010336567742900e-28
6 37 1.0520628778412650e-27 6.4445265155024837e-28
6 38 4.6981778894198058e-27 -1.2919052271449115e-27
6 39 1.6772569150318268e-26 -9.2528793904140207e-27
6 40 4.0971302730119619e-26 -3.5140188732719634e-26
6 41 4.8061015472597606e-25 -2.0573643283123581e-25
6 42 2.8310283893455177e-24 1.4511861160414356e-25
6 43 1.5509858190524816e-23 -4.4723781547332892e-25
6 44 6.2166513470900254e-23 -1.9928642719768695e-23
6 45 1.3718741731199348e-22 -4.9058003509393136e-23
6 46 1.1239236167436321e-21 2.5556209096226388e-22
6 47 4.9109892718336169e-21 1.1816300921265075e-21
6 48 2.3522229441159470e-20 -3.0511277672360195e-21
6 49 1.6304908670720541e-19 5.7668905915407688e-20
6 50 1.0702786267902781e-18 8.6968504017588068e-20
6 51 2.6268381393714293e-18 7.9797300301869508e-19
6 52 8.8463737070825319e-18 7.5146220221390132e-18
6 53 6.6216965786027648e-17 5.8680691861038232e-17
6 54 3.2998364239302600e-16 2.0620574050203202e-16
6 55 1.4569699973806354e-15 1.8906699355877428e-17
6 56 6.0790747495170715e-15 -4.9123197538585715e-16
6 57 8.7204213684914482e-15 -1.7342249803036329e-14
6 58 1.8098347438642630e-13 1.2097518490542230e-13
6 59 1.8332871142973606e-12 9.1532498558248854e-13
6 60 5.0848746089533332e-12 6.7298862819710735e-14
6 61 3.7292690505992614e-11 -1.1248947258237830e-11
6 62 1.2000491385480491e-10 -1.2128068254487916e-10
6 63 6.1654358585656834e-10 4.1740588183321118e-10
6 64 2.6975475445019965e-09 -1.4545395362518768e-09
6 65 1.5502005547074047e-08 -2.2816306414150588e-09
6 66 6.4184485693442567e-08 3.2269958983339372e-08
6 67 3.1114277211033596e-07 -3.6328414797287939e-08
6 68 1.7244493961909252e-06 -2.0221193205919678e-07
6 69 7.2391940886201211e-06 5.0805835966563024e-07
6 70 2.3936021383313698e-05 -2.2936537060197309e-06
6 71 5.9405957580914063e-05 6.0751075726306343e-06
7 0 8.9406833776993700e-05 -1.4776895163705679e-05
7 1 2.4844927708045920e-05 -2.7989811984398079e-06
7 2 4.2692625642823822e-06 -8.9506659791895089e-07
7 3 6.5088121021120672e-07 3.6914508801628576e-07
7 4 1.9221502610885863e-07 -6.1589836006054338e-08
7 5 7.4260213128225419e-08 -6.7099148844936810e-08
7 6 1.4332160394094459e-08 -5.8836395253644405e-09
7 7 6.9876117268854599e-09 -3.4077093324090539e-10
7 8 1.0494433924563073e-09 3.0864994652772701e-12
7 9 3.4482536970152345e-10 -1.3174398331638924e-12
7 10 5.9319180050681434e-11 -1.5322411746542585e-11
7 11 1.6922033245091349e-11 2.7398561753731669e-12
7 12 2.6226763993771134e-12 -9.7034060175827501e-13
7 13 6.4019798496592259e-13 1.0108501686795824e-13
7 14 1.2500735293903393e-13 -5.9269218074798212e-14
7 15 8.9565498135992631e-15 4.7759745365554572e-15
7 16 5.2524043680560605e-15 2.1286012458421898e-16
7 17 9.4288287709028194e-16 9.5146107887114447e-16
7 18 2.3669823882922575e-16 8.5811038623807677e-17
7 19 6.5061387728463067e-17 5.9613874531190291e-18
7 20 1.3576096747207484e-17 3.0908631766754568e-18
7 21 1.4228236186403593e-18 -1.0779115600166527e-18
7 22 4.1935513035634832e-19 -5.7906899656238410e-20
7 23 4.0948118690966243e-20 -3.8152262370450070e-21
7 24 1.1572783091999105e-20 -6.8266767131264513e-21
7 25 1.9467800728163857e-21 -1.0359191096507235e-21
7 26 4.5838984620666179e-22 2.0371597917553967e-23
7 27 2.1081517090724305e-22 3.4998443854037452e-23
7 28 2.0795659834618527e-23 6.1814653971945008e-24
7 29 8.7301063180753107e-24 -5.7874144587921804e-26
7 30 8.4549970929824401e-26 6.2808138502533081e-25
7 31 9.9290708218522189e-26 6.6663394831637016e-26
7 32 7.2979659812180913e-26 3.0635986346990798e-26
7 33 1.2539420464173198e-26 7.0067443777211433e-29
7 34 2.0794595414689765e-27 1.9769467992749125e-27
7 35 9.2326434296148701e-28 -1.4872192198075650e-28
7 36 2.6191912504024574e-28 1.2366515131560506e-28
7 37 4.3591590009015272e-28 5.7900464671659546e-28
7 38 2.1974697918462362e-27 -1.1227562455573969e-27
7 39 4.8760011815096753e-27 -8.5931230271913278e-27
7 40 -4.2850215361057846e-27 -1.1968139872979661e-26
7 41 2.6964747250289578e-25 -1.2322955455550785e-25
7 42 1.3596703643491965e-24 2.5744187969765489e-25
7 43 8.8440398946511968e-24 -4.0179112549898938e-25
7 44 3.1041381691049608e-23 -7.2252246215373991e-24
7 45 1.6314542804052080e-23 -2.3190905590028926e-23
7 46 5.2277687772243307e-22 2.9555945174936271e-22
7 47 1.6404191263443344e-21 5.4813290682652896e-22
7 48 7.2574851900023281e-21 -2.0192873787063889e-22
7 49 5.0010922199244413e-20 3.9225603069571493e-20
7 50 6.2099229016928912e-19 -2.4286060034475812e-20
7 51 1.1517613919207682e-18 -2.2887504889234403e-19
7 52 2.2967907558325462e-18 3.6155554120429069e-18
7 53 2.2173598724839513e-17 4.1829597608181240e-17
7 54 1.6445121900313414e-16 1.2626302337311419e-16
7 55 5.5958881121599625e-16 -9.7902132944689073e-17
7 56 2.0870212637372391e-15 5.4085507911945568e-16
7 57 -1.0113905030675814e-14 -6.7958454800774301e-15
7 58 2.7810994129820928e-14 8.9781953508180073e-14
7 59 9.3287112170950691e-13 5.2433794028002993e-13
7 60 1.4251121581853819e-12 4.8315449342938631e-13
7 61 1.4581884982671447e-11 -7.2393083930321501e-12
7 62 6.0083712947617694e-11 -9.0308761933497372e-11
7 63 1.7902776883958691e-10 1.7684653733690446e-10
7 64 9.4897028432829254e-10 -8.9752966963489207e-10
7 65 5.6450710913386610e-09 -2.0217889351090545e-09
7 66 2.9544182178678505e-08 1.6971695990522972e-08
7 67 1.4010669314418464e-07 -3.2497745853825813e-08
7 68 6.2112592072752187e-07 -4.5844708701711903e-08
7 69 2.6156349610401698e-06 -2.5752156478417107e-08
7 70 7.6881659681343654e-06 -1.6650152421669557e-06
7 71 1.8532291312881131e-05 2.7526763346861766e-06
8 0 2.4154986461643781e-05 -5.6016882785201055e-06
8 1 7.1128828027407381e-06 -1.1651020463028391e-06
8 2 1.2744148696885853e-06 -1.8755472069738288e-07
8 3 1.3059444699075494e-07 2.2229850257261250e-07
8 4 4.7296188527768087e-08 -2.1015983293107498e-08
8 5 3.1077557088808800e-08 -2.9455451276157410e-08
8 6 6.4439412312534345e-09 -1.0027083814539320e-09
8 7 3.4799001458332013e-09 -3.7088392995324723e-10
8 8 3.1690935249640622e-10 8.6530877232589249e-11
8 9 1.5282859152638261e-10 5.0425173184551878e-11
8 10 2.0666110822290109e-11 -1.0061508154434688e-11
8 11 7.6293535068235942e-12 2.8854572817207162e-12
8 12 1.2041895898471764e-12 -4.2664080287397577e-13
8 13 2.0927140128844892e-13 1.2480791125859833e-13
8 14 5.5130078232562884e-14 -4.4228642283345070e-14
8 15 8.6571172531349274e-16 3.9758812445634673e-15
8 16 2.3399618013157671e-15 2.8423989025999552e-16
8 17 3.1383936776101603e-16 5.3598163421892040e-16
8 18 1.4067333320153409e-16 3.8831242780202887e-17
8 19 3.2032597996981009e-17 -1.9499576176796205e-18
8 20 7.3417722943499594e-18 3.7983107151711260e-18
8 21 1.8102536990735211e-19 -1.0231395997238532e-18
8 22 2.1493706904172150e-19 1.6292350867187730e-21
8 23 5.1190245033993084e-21 -1.4898403461838249e-20
8 24 3.5478189466188640e-21 -2.5747198098898245e-21
8 25 1.5215423432255979e-21 -2.0385882317696171e-22
8 26 2.1380902761702999e-22 1.4933278028560115e-22
8 27 1.2164426285397475e-22 5.5239802826343252e-23
8 28 1.0365035494162347e-23 7.1032200823261480e-24
8 29 7.3594863225388528e-24 -4.8777410225946967e-25
8 30 -2.8951046373303668e-25 6.7193958271463467e-25
8 31 -2.9960716814306599e-27 7.5787342544302621e-26
8 32 2.2655907159741469e-26 3.6279720606500944e-26
8 33 7.1193392990103926e-27 1.6262506040041187e-27
8 34 1.0575268201086346e-27 1.5536174331861304e-27
8 35 5.4123206786880467e-28 -9.5658947095760887e-29
8 36 1.2828713978341621e-28 1.0932936161313670e-28
8 37 1.5383962241962656e-28 4.1338773818162912e-28
8 38 1.0093272695744375e-27 -7.6124230564366135e-28
8 39 5.0694820052320009e-28 -7.7483913079604157e-27
8 40 -1.1144618977507969e-26 4.2576610504818645e-27
8 41 1.7776562431662085e-25 -7.0040102586644292e-26
8 42 5.7439125112424134e-25 1.9552513826166719e-25
8 43 5.5376846669203796e-24 -1.4177352787108776e-24
8 44 1.8559350840742817e-23 -4.0267735567784915e-25
8 45 -2.5460812716353275e-23 -1.3904980685892940e-23
8 46 2.5492734711765342e-22 2.5431813318992139e-22
8 47 4.1089467751695167e-22 -1.9572569780345958e-22
8 48 1.1299832229608435e-21 1.2526097215088705e-21
8 49 -2.3686614240065712e-21 7.1472073072266504e-21
8 50 3.7883159983172719e-19 -7.3797488082451153e-20
8 51 6.7853076035272635e-19 -5.2981694324257611e-19
8 52 -9.5621401411218413e-19 1.0240438167573521e-18
8 53 6.9832448614591334e-18 2.7108634303958596e-17
8 54 9.1608018420249249e-17 6.8895688778951794e-17
8 55 2.7409955653283058e-16 6.8232029076229538e-17
8 56 8.6387409884531178e-16 1.5053209835936004e-16
8 57 -1.2430792027338552e-14 4.3352529809998949e-16
8 58 -1.3609871986879157e-14 4.1497583977303764e-14
8 59 4.6129240889789331e-13 1.7631287377758887e-13
8 60 -1.8260994600273614e-13 8.3498917077546814e-13
8 61 5.5126028834494543e-12 -5.2104788796949600e-12
8 62 2.4158098777678979e-11 -5.4900805819015285e-11
8 63 3.1444733271875218e-11 4.0792399641507184e-11
8 64 3.6675345901255248e-10 -4.2938449496702779e-10
8 65 1.6667481925635835e-09 -1.2114769810589250e-09
8 66 1.3304282513601602e-08 6.2159022310640064e-09
8 67 6.2226271136712992e-08 -2.0734263718014179e-08
8 68 2.2944754794696031e-07 4.6712120495547825e-08
8 69 8.8553178965491544e-07 -1.1971631601955775e-07
8 70 2.4231876187286412e-06 -6.5436448377364458e-07
8 71 5.3576591985100002e-06 2.2035189283949696e-06
9 0 6.2883408211352239e-06 -1.0200735378745429e-06
9 1 2.3519938513268001e-06 -6.4948071658937274e-07
9 2 4.4526311670611528e-07 1.8104014461938473e-08
9 3 2.4695975413873798e-08 9.3046589821853600e-08
9 4 9.5996143898124877e-09 -1.1965880362523415e-08
9 5 1.1709421652524857e-08 -1.0548080687331149e-08
9 6 3.3530850460538511e-09 1.5215183185039889e-10
9 7 1.4910710686257566e-09 -1.6595096653628433e-10
9 8 9.4703730479707035e-11 1.0609964084896321e-10
9 9 7.3459649668383876e-11 4.3571547651107580e-11
9 10 5.0422404251642208e-12 -7.5421342255166719e-12
9 11 3.1255011106508347e-12 2.3141629262787534e-12
9 12 6.1179313258342277e-13 3.2863718837174260e-15
9 13 6.3084729255510528e-14 9.8621688371146219e-14
9 14 2.5831803850541528e-14 -3.1440246965109379e-14
9 15 -1.3360189327906747e-15 3.6086211360823184e-15
9 16 1.2022194215506699e-15 3.4882652997158190e-16
9 17 -2.8097152277750462e-18 2.6212152029258538e-16
9 18 9.8872406305791821e-17 4.3885938102599081e-17
9 19 1.4206897257932403e-17 -4.5131599152672694e-18
9 20 3.8156616833302544e-18 2.7446846544084099e-18
9 21 -2.9240344175965879e-19 -8.5076533554289341e-19
9 22 1.0002618857759136e-19 3.1471237364503511e-20
9 23 1.1244477978441989e-21 -1.0540894248968502e-20
9 24 2.1293557034915067e-22 -6.2718471426199236e-22
9 25 1.7480649878000268e-21 3.3875310566169435e-22
9 26 3.8208951081799935e-23 1.6608952434844681e-22
9 27 5.9899931091185541e-23 7.2726539327295651e-23
9 28 3.0316209943916433e-24 8.6274233782118847e-24
9 29 5.5992278322804192e-24 -1.2396910977539394e-24
9 30 -4.0301926905393634e-25 5.0826257628054909e-25
9 31 -1.0701202907322626e-26 8.7738772444547043e-26
9 32 1.0403403863407205e-27 3.5620809143763392e-26
9 33 4.6125609965339005e-27 -5.4770225033999406e-28
9 34 5.5530354981769184e-28 1.2251772348070415e-27
9 35 2.5726066513283542e-28 -1.0602378853469329e-28
9 36 7.3622474154614883e-29 8.1446221995472721e-29
9 37 3.9870720262689859e-29 2.2564826117078107e-28
9 38 5.3221357585891436e-28 -2.4619582820574742e-28
9 39 -3.6882351729788262e-28 -5.4817333016388039e-27
9 40 -2.7976236180683029e-27 7.1614428534736417e-27
9 41 1.0940252265939490e-25 -5.2282503866647779e-26
9 42 1.3931891640643976e-25 1.2922576338157569e-25
9 43 3.6548285953051965e-24 -1.7481886876431680e-24
9 44 1.1962768596126553e-23 5.0256895002957536e-24
9 45 -3.0074092505021960e-23 2.8689357141554703e-24
9 46 1.0528768647855194e-22 2.5337712292634123e-22
9 47 2.0104501815555080e-22 -6.8409558375670053e-23
9 48 -2.3271397277331502e-22 1.2627784093829279e-21
9 49 -1.5149227455099423e-20 -1.0293542038425752e-20
9 50 2.3086212441808293e-19 -9.0232014278480462e-20
9 51 8.6724033565593418e-19 -4.3445118377557131e-19
9 52 -1.3787112669522321e-18 -5.7101589995188954e-19
9 53 2.8230805761617304e-18 1.4136752590128252e-17
9 54 5.7141929549500495e-17 2.1424126942423320e-17
9 55 1.6157067954095731e-16 1.2437647409921884e-16
9 56 2.1898030459661487e-16 -7.3443891902422842e-16
9 57 -9.2319089540564923e-15 5.5849965909480190e-16
9 58 -1.8498766274951045e-14 3.1738584842703768e-15
9 59 1.9436179927886935e-13 3.2661682112557726e-16
9 60 -6.1249539499909082e-13 6.4667512292699526e-13
9 61 3.0336921190409466e-12 -4.0107367587810041e-12
9 62 6.6789118223071007e-12 -3.0591787152092231e-11
9 63 -1.1452986890327650e-11 -2.0639716837398642e-11
9 64 2.0139061177212095e-10 -2.0571861005667542e-10
9 65 7.1851285611365728e-10 -6.8445297046082785e-10
9 66 5.1115187983342106e-09 1.7633601297325712e-09
9 67 2.1667748185043597e-08 -8.7583249479783225e-09
9 68 7.4402427780950938e-08 6.2935327172718061e-08
9 69 3.4268603018454890e-07 -2.7412633417822415e-08
9 70 7.7622952241045197e-07 -1.5893942996629927e-07
9 71 1.3233079774827587e-06 6.9760490778500834e-07
10 0 2.2236164465444837e-06 4.5424359972134867e-07
10 1 7.9177944831396364e-07 -3.3170762992589793e-07
10 2 2.0067224738042177e-07 1.2482034671627042e-08
10 3 2.3359184305265949e-09 2.4606281399601285e-08
10 4 1.9618438351351205e-09 -8.2642266748039163e-09
10 5 3.9175381925115239e-09 -1.5054716550174351e-09
10 6 1.6244327843191808e-09 -1.2870266159479121e-10
10 7 5.8638305104054455e-10 -3.2047179713769260e-11
10 8 3.4190009902191010e-11 1.0750833077592225e-10
10 9 3.2415333184343808e-11 2.1954447137145955e-11
10 10 1.8730152686031249e-12 -4.3597462604174316e-12
10 11 8.1356747526223008e-13 1.6493125563916010e-12
10 12 2.2509247085016257e-13 1.2961030663191454e-13
10 13 4.3247876433686616e-14 8.3409214453802672e-14
10 14 1.0419022466180032e-14 -2.6456655113447091e-14
10 15 -1.3253072236314010e-15 2.3348272499457002e-15
10 16 5.4456529124768070e-16 1.1393597953424594e-16
10 17 -1.0514417342355134e-16 1.6223023043197940e-16
10 18 7.9584441966120934e-17 5.7842649997127299e-17
10 19 5.2199523927001743e-18 -4.7358782820649091e-18
10 20 2.3449519585221001e-18 1.3567430171771445e-18
10 21 -4.4609545875034238e-19 -5.5597638251063100e-19
10 22 3.3191460738523539e-20 2.0138985588220069e-20
10 23 -1.3834464292098779e-21 -7.9415560165772093e-21
10 24 2.6872672154968449e-23 -4.6657406211669136e-22
10 25 1.5900692328785928e-21 7.3396601976634512e-22
10 26 -4.1864733159633758e-23 1.4616785682177420e-22
10 27 2.8391871392396436e-23 6.2310571337378823e-23
10 28 -2.7930582286785866e-24 6.3624320979710202e-24
10 29 3.2815287534817476e-24 -2.0349193208013324e-24
10 30 -2.4141126449597892e-25 3.1659557378721766e-25
10 31 1.8241289962167218e-26 7.0983823287430749e-26
10 32 1.3299123268427076e-27 2.7035342204405301e-26
10 33 3.4737294617548329e-27 -2.6748647063346170e-27
10 34 -7.9308145867076375e-29 1.0389547840851091e-27
10 35 6.6807028813653073e-29 -1.1173431368227912e-28
10 36 3.6676784824205780e-29 4.2951221793559220e-29
10 37 5.3181132331649791e-29 1.0841229881906615e-28
10 38 3.0028626047839418e-28 5.5885616682982741e-29
10 39 -1.0551769032528856e-27 -2.2232787351811412e-27
10 40 -1.6481043419383133e-27 2.0060664521134727e-27
10 41 7.5430080658177953e-26 -3.4979258855712891e-27
10 42 2.7692534503640015e-27 1.8149187639389908e-25
10 43 2.4735548026517435e-24 -1.3999286437792965e-24
10 44 5.5182516217008343e-24 6.8691548901845403e-24
10 45 -2.0001957628020733e-23 1.0703658937042989e-23
10 46 7.7094386031084287e-23 2.5812195838348022e-22
10 47 -2.6568307957502333e-23 2.2438430995446257e-22
10 48 -2.2390724119304571e-21 1.7403344601614559e-21
10 49 -6.4025073188551031e-21 -1.0158578303017276e-20
10 50 1.0734100254980705e-19 -7.8250409439137107e-20
10 51 1.0705435543588051e-18 -3.2406881465570546e-19
10 52 -8.0530724464457198e-19 -7.4104334426928090e-19
10 53 1.7734516443483547e-19 6.1949699750644301e-18
10 54 6.3146240653312735e-17 2.8493713101307517e-18
10 55 3.8314037735512033e-17 1.0528302416969341e-16
10 56 -1.2658605529130979e-16 -7.2556890133368057e-16
10 57 -6.2544022563542955e-15 -1.0027692950019931e-15
10 58 -1.1800344227076558e-14 -1.0378508467983624e-14
10 59 5.2448549452948353e-14 -6.0878413068916710e-14
10 60 -3.8261747610239007e-13 3.2420049437581363e-13
10 61 2.0156976586126217e-12 -2.8911895854352381e-12
10 62 -3.0091503600932503e-12 -1.4362091178546347e-11
10 63 -1.1563068175885070e-11 -3.0683179926143923e-11
10 64 1.0419484105618017e-10 -6.0050192865961667e-11
10 65 2.5601430424359650e-10 -4.5887818746005319e-10
10 66 1.6088839492015517e-09 7.2854991247859712e-10
10 67 4.7900916063046652e-09 -3.4904339178777639e-09
10 68 1.9510086179809267e-08 4.3518232584565529e-08
10 69 1.2636368704201991e-07 1.0885917639588609e-08
10 70 2.6183176025966106e-07 -3.3972761082147620e-08
10 71 2.6141385707034055e-07 1.3575988859825073e-07
