1.5452347115534333e+00
2.0465289771756726e-02
8.4740371503846034e-04
6.7663477046409217e-05
1.0234576858790948e-05
2.9392486889490845e-06
1.0288563096434461e-06
3.6741114011434181e-07
1.4180656875648443e-07
5.0314334348534844e-08
2.3810169358833538e-08
1.3250567236901665e-08
8.3219213824012045e-09
3.9510808545236914e-09
2.2474260822123498e-09
1.4161383007173520e-09
7.4858635121705883e-10
2.9260585889375791e-10
1.9426514151230774e-10
1.2353854455897568e-10
9.1947609132159344e-11
5.6441384434481921e-11
3.6059304998822956e-11
1.3532339946271420e-11
2.6951335774975851e-12
5.3737184152032534e-12
-3.0318301152515114e-12
-7.1251639426545139e-12
-5.0413345917451875e-12
-2.6750239946060707e-12
-3.2868512244781260e-12
-2.4543723521113356e-12
2.5997792840787354e-13
1.7306585749624653e-12
2.8752977828273109e-12
3.0407376088509453e-12
3.3127145189545235e-12
3.7519261975429993e-12
3.9476155917795913e-12
4.2159400879465163e-12
5.2976855562752438e-12
8.1582206765796988e-12
8.6248966601840452e-12
6.6761004955744877e-12
4.8157786523933755e-12
1.4822943676032987e-12
1.2766545449877346e-12
2.0820865767581006e-12
1.5618870875527449e-11
2.6500799275429112e-11
4.7493932036346042e-11
7.5530778083769556e-11
8.7735868977937463e-11
3.9533466533092794e-11
2.7141325405957365e-13
1.3924348146363165e-10
4.8179045538646375e-10
7.2703206183148747e-10
2.5322845777012960e-10
-6.1938090552629872e-11
-2.6230274391809456e-09
-6.7412774087391893e-09
8.5236983295831043e-10
1.8333956481964553e-08
5.7149540531188957e-08
1.6081973051230036e-07
3.5925404509415380e-07
1.0273038552200143e-06
4.4013137271546005e-06
3.6960697478994115e-05
3.4717073560995218e-04
6.4890036627137000e-03
