0 7.8409390173149096e-01 -1.6734834943185107e-04
1 8.9853832859285773e-03 -5.1089791565998297e-06
2 2.5689119363306925e-04 -6.3134905662591765e-06
3 1.1469381418297887e-05 -1.1436752694781833e-06
4 6.7428095373656406e-07 -1.2195825101788692e-07
5 5.4319663872519356e-08 -1.4159429974660311e-08
6 5.4973487365376428e-09 -1.7606052157177033e-09
7 5.6570962422121854e-10 -2.2441070218645949e-10
8 6.6783616737683865e-11 -3.5872879346669866e-11
9 8.6591323184258058e-12 -6.3425524155764968e-12
10 1.3027169653170805e-12 -9.6550052284864800e-13
11 2.0427011825973581e-13 -1.4381462074864972e-13
12 3.2273503751011357e-14 -1.7868507917363672e-14
13 5.3663953666671548e-15 -2.1667984346728640e-15
14 8.9713570843168753e-16 -4.2124113560021883e-16
15 1.5852741535621609e-16 -7.7235916217617710e-17
16 2.7703337150960403e-17 -1.4029112883926963e-17
17 4.6194984789626172e-18 -2.7171755392171184e-18
18 7.3946565731704006e-19 -4.8474842182764575e-19
19 1.2463841367329939e-19 -7.0073986219040107e-20
20 2.3460847435975271e-20 -1.0832803591993690e-20
21 3.7909978479721326e-21 -2.2024115784227443e-21
22 5.4227637496227014e-22 -3.9025746050780841e-22
23 8.2737537844613350e-23 -6.9408164943106018e-23
24 1.5473308137188438e-23 -6.0311711284004224e-24
25 1.4457401072457659e-24 2.2722544530736048e-25
26 1.2167072066467373e-25 1.2694573576616761e-25
27 1.2105421035579321e-26 2.0472125967816679e-26
28 4.0153562148158073e-27 2.0509804556108347e-27
29 1.1365596344520158e-27 2.3206435751490210e-28
30 2.9935220755587864e-28 3.2490370067086653e-29
31 7.9531271441244199e-29 2.9676711951716529e-29
32 1.6962461691125993e-29 6.0600911939119715e-30
33 3.6924191601347023e-30 1.1696044670393737e-30
34 6.9861710790869900e-31 3.3476327071502522e-31
35 1.1350070991236572e-31 2.5669322942152962e-32
36 3.1794255396380147e-32 -3.7859267649091971e-33
37 1.6264693504213282e-32 1.5937876724197990e-33
38 1.8205991196091646e-32 -1.0500368454044515e-33
39 1.0128431698732821e-31 7.6968489038020759e-32
40 3.5549143366046703e-31 7.1786116548676739e-31
41 -6.8869481331513451e-31 7.7379083154166678e-30
42 -1.5943658395338850e-29 4.0067588655519240e-29
43 -1.3154953188849393e-28 1.3237801047069370e-28
44 -8.1688345222835503e-28 8.0411855356874896e-28
45 -2.6350105083436218e-27 1.1091028144781349e-27
46 -7.1006331828765802e-27 6.2586944127387282e-27
47 -3.6194031280426079e-26 6.1236220231699631e-26
48 -1.8039958414980710e-26 7.4167253625378233e-25
49 1.5648027096301157e-25 2.6616756938231325e-24
50 -4.7855502262631844e-24 7.1745093501852720e-24
51 -1.4895149410960590e-23 3.1704363665123711e-23
52 3.0316658212802550e-23 -3.5464585745546061e-22
53 -4.2161381006694745e-22 -1.8262274454199846e-21
54 -3.2902555652282116e-22 -1.1883673458892333e-20
55 -3.3995286878773401e-20 -8.3971804391139106e-20
56 1.4882693169199399e-19 -8.2991433152473654e-19
57 2.2016205310087204e-18 -4.1974631077330919e-18
58 2.0527182478545381e-17 -1.9134798678372371e-17
59 9.5728378264458455e-17 -6.9149554809405615e-17
60 9.3559952545282918e-16 6.7559609069184717e-16
61 5.7263544190917912e-15 2.7949821864379375e-15
62 4.7721008450627880e-14 1.3709029947222356e-14
63 4.2779121385735919e-13 7.4674898537985000e-14
64 3.4983032477685446e-12 8.7543993722462743e-13
65 2.8734326892501915e-11 4.8115858151453136e-12
66 2.7551719676128984e-10 5.7430650467939565e-11
67 2.6784420310365804e-09 4.7269297901661748e-10
68 4.0803127407160938e-08 -1.5774280450337848e-09
69 1.0249199376604095e-06 6.4964117856709608e-09
70 2.1624860540326543e-05 -2.8134685816478475e-07
71 7.7815950444855297e-04 7.9398835103848118e-06
