0 1.9994453853859383e-03 -4.3169468613709732e-04
1 1.5114680964820040e-03 1.1973839630104875e-04
2 8.9784072658640238e-04 -2.7150684338183135e-07
3 4.5124944291727792e-04 1.3094682195413911e-04
4 4.2243474748191210e-04 1.4819936080671281e-05
5 3.2968649365508793e-04 1.0016097433118238e-05
6 2.0240429434026987e-04 1.3106688078915801e-06
7 1.4088589974531858e-04 -6.5243304332826609e-06
8 7.4192231676423390e-05 -1.3635667836044766e-06
9 6.0282878266857782e-05 -2.7361355628373353e-06
10 3.4177113690825134e-05 1.1245484226101196e-06
11 2.9518686557815097e-05 4.8292130515138401e-06
12 1.6992092397447487e-05 -1.8798987389416854e-06
13 1.3053139441615722e-05 1.6321722037387420e-06
14 8.8591134181123477e-06 -2.5858629425421978e-07
15 5.7844025412257451e-06 7.8411208486301904e-07
16 3.2475048669554124e-06 3.7257289099417857e-07
17 2.4333235635578704e-06 1.6839173719181510e-07
18 1.5859425321905158e-06 7.3276054563660261e-09
19 1.0533348156801093e-06 8.4870393644683355e-09
20 8.1929856751659113e-07 1.2990632402308657e-08
21 5.6974833727384727e-07 -1.4851191443071564e-08
22 4.2975980229329726e-07 -3.8082501894241310e-08
23 3.1662737081306363e-07 -1.8182289971927489e-08
24 1.7424183511326582e-07 -1.8961133741930084e-08
25 1.1904445672431551e-07 5.5745410568206166e-09
26 7.7373600837190643e-08 6.2062673951495795e-10
27 5.6742069784684988e-08 -8.0507206588138492e-09
28 3.9735639148080576e-08 -2.9574049851686095e-09
29 2.5760773203693648e-08 -8.5092976967754162e-10
30 1.5814320222852381e-08 3.6720919581214335e-10
31 1.2650471928142480e-08 1.2874836980592506e-09
32 9.2479421557687775e-09 -1.0151840402415164e-10
33 6.1242287807993795e-09 -2.3690410015841909e-10
34 5.2111900572573267e-09 2.3186230906006414e-10
35 4.1505212358251036e-09 -1.5776757090939830e-10
36 3.7710718813223264e-09 3.6402068306739396e-11
37 3.0483176144775766e-09 2.0752514843554081e-11
38 3.6681080177126722e-09 1.0793334491129139e-11
39 5.0983095295561904e-09 2.6026624121234307e-10
40 7.5923993770085076e-09 -7.4808066313341642e-10
41 1.2207831187066356e-08 2.8704956125379840e-10
42 1.9884061953392242e-08 -9.6865006643804813e-11
43 3.0277938627040764e-08 5.4817854136756734e-10
44 3.7042913476731390e-08 7.4175688009427263e-10
45 5.2230545483535333e-08 1.7344915792560281e-09
46 7.5412087916268559e-08 3.3644046236251149e-09
47 1.1183405309575442e-07 8.6440959532837742e-09
48 1.6872447578742748e-07 2.0508670089835308e-08
49 2.8565899685623404e-07 -2.4948600394447794e-08
50 3.9005576059189091e-07 2.4047443269200298e-08
51 5.9089579770564253e-07 -4.2367912100306194e-09
52 7.0668183187639005e-07 5.0259292477196488e-09
53 1.2421229532767916e-06 1.3909198099944627e-07
54 1.7153687774267168e-06 -5.1411881341018968e-08
55 2.5384918930969290e-06 -7.4604053299111942e-08
56 3.3135437224871720e-06 1.8914052900434964e-07
57 6.2353883557200609e-06 -1.1068848921856288e-07
58 8.8900053511265696e-06 2.0269894374002890e-07
59 1.3090443688908093e-05 5.9806853947046682e-07
60 1.7923333581360127e-05 2.7791056709385953e-06
61 2.7697819296698477e-05 -2.6359371196759618e-07
62 3.3301050394398525e-05 -4.0858504664746508e-06
63 4.6796516690686822e-05 7.2449816661514820e-06
64 6.5892089994006590e-05 -6.6249018526732280e-06
65 1.2974603460149740e-04 -1.8043591334947209e-05
66 1.4899924087434608e-04 4.4494582752791299e-05
67 2.9210472488183301e-04 -1.3066065512383744e-05
68 4.3941035986835608e-04 -1.3140173931950304e-05
69 6.7389830219831707e-04 -1.9947003310253385e-05
70 1.2620986495961320e-03 -1.9456475409642285e-05
71 1.1232658421566673e-03 2.6354277408727184e-04
