0 1.1232653472778720e+00 -1.5908533426753229e-19
1 1.3066749475711473e-01 4.4920279109064007e-20
2 4.4036957200756781e-02 -6.4246488303701136e-21
3 2.2347514617952459e-02 -2.6657354679297353e-21
4 1.3052541742556828e-02 4.3099252088728146e-22
5 8.3524620587061907e-03 -1.4690884366903854e-22
6 5.5029143528831257e-03 4.4680612937523043e-22
7 3.4222376344919792e-03 -8.5971959711919164e-23
8 2.1639898753004704e-03 1.3424706140329093e-22
9 1.4086102395659986e-03 -6.4957963276142982e-23
10 9.2404793517396582e-04 3.9517550237506783e-23
11 6.3899986957415542e-04 1.4987877242168442e-23
12 4.4253795383049647e-04 1.3221173332506140e-24
13 3.0426856385050378e-04 -6.1897102486023923e-24
14 1.9955731516858242e-04 8.1737132979798064e-24
15 1.2715044585102879e-04 4.6724740032685869e-24
16 8.4620115605457783e-05 -3.7125152700091200e-25
17 5.7457640912787715e-05 2.5489939493476436e-25
18 3.8354737125037955e-05 -2.9364758605354036e-25
19 2.6072479903530550e-05 -2.6942517666561669e-25
20 1.8517719549130527e-05 -2.0293518285511216e-25
21 1.3580939035771390e-05 -5.6135315574754807e-26
22 9.7150914864592259e-06 -4.0920991352221504e-25
23 6.7394547212678674e-06 2.3996224700143375e-26
24 4.4167513342286477e-06 6.7071124062126759e-26
25 2.9556547798114143e-06 -3.0645125250054536e-26
26 1.9884143407133307e-06 -2.6755922780743954e-26
27 1.3546966113630212e-06 -8.5117763605289502e-26
28 9.3117134247203356e-07 -5.0407138967883281e-27
29 6.4985980557881086e-07 6.5224846848774092e-27
30 4.4127875702312462e-07 1.2159834598103401e-27
31 3.1326791256359841e-07 -3.6970472718840281e-27
32 2.2668352125636141e-07 -7.1578900254624950e-27
33 1.6390609569069365e-07 -6.6554940556923555e-27
34 1.2230544304497724e-07 1.1255664536097756e-28
35 9.7622049618690326e-08 -2.1062258037117558e-28
36 8.6030242863209081e-08 4.2874372809933016e-28
37 8.4726397240769272e-08 1.5887450476378682e-27
38 1.0063565590664701e-07 3.9748189615107762e-28
39 1.3990107902742528e-07 2.8075759295405589e-28
40 2.0742755701453051e-07 -1.1299975285074248e-26
41 3.0648189574821763e-07 -3.0198597178873764e-27
42 4.4543301886326186e-07 -1.5476478404851344e-27
43 6.2643973792405968e-07 -2.9743555518076014e-26
44 9.0197837669469314e-07 2.7802345221449001e-26
45 1.3182364313242053e-06 3.0935804933983051e-26
46 1.9576005151228528e-06 -4.8633908762525357e-26
47 3.0026244704008057e-06 7.5915492930009155e-26
48 4.5170961887782052e-06 1.2240426226805136e-26
49 6.6088767097820550e-06 -2.4797457736637861e-25
50 9.5905571673804799e-06 -2.4141858278553614e-25
51 1.3972120475378984e-05 9.7998698562801130e-26
52 2.0335823564049186e-05 -3.1328183681868212e-25
53 2.9167125554118338e-05 -7.2727146829918865e-26
54 4.2604824694286793e-05 -5.8024231166111508e-25
55 6.3776257079421750e-05 3.4116942054008525e-25
56 9.7017032730008736e-05 2.3472904988698078e-24
57 1.4405723468646460e-04 -8.0438552635285624e-26
58 2.1229915237580587e-04 -1.6709981916468421e-24
59 3.1547542643431116e-04 4.2932811862715183e-24
60 4.9209891399134133e-04 1.1008892216675160e-23
61 7.4154913313239973e-04 1.7970046948925492e-23
62 9.9681599595099774e-04 1.5824313092394063e-23
63 1.3874952198906078e-03 -7.4186064553303793e-23
64 2.1032130237641565e-03 -9.7482527032861654e-23
65 3.4598895868095296e-03 2.4394982425322281e-22
66 5.4951271988932446e-03 3.7290367639464199e-22
67 8.9728654009166731e-03 -1.4544590777299050e-22
68 1.4524898487296321e-02 -2.4947535263555120e-21
69 2.4935897476147755e-02 -2.1670389453809004e-21
70 4.6383508658615541e-02 -5.6935166278267984e-21
71 1.3351013032360001e-01 -1.4724242872366942e-19
