0 1.1280471652930332e-03 -3.3259582608001286e-04
1 7.5272306290538203e-04 9.2954212271133076e-05
2 3.7271989945211276e-04 -1.9106908659951117e-06
3 1.6240612604238687e-04 7.4071644026640045e-05
4 2.0428032946386688e-04 2.8509977908229106e-05
5 1.6399246719011419e-04 1.3866034047686277e-05
6 1.0887986813636926e-04 1.0019988720057505e-05
7 7.7590526602864255e-05 -3.3335370814645451e-06
8 3.6339512102704398e-05 -1.5013797383769757e-06
9 3.1810928386995666e-05 -4.2895804795617908e-06
10 1.5861789771398347e-05 1.0697419913772049e-07
11 1.6949276396223413e-05 3.7729360635618742e-06
12 8.4522925270209455e-06 -1.1635596135981511e-06
13 6.8651465524590275e-06 1.5995611891064939e-06
14 4.5036135833145069e-06 -3.4449712068381502e-07
15 3.0353379658121593e-06 6.4827334765818715e-07
16 1.5163666212377862e-06 2.6362951211836297e-07
17 1.2590851858027823e-06 1.7047151998209833e-07
18 8.3253138127740116e-07 -7.2561274962929062e-08
19 5.3879555180174674e-07 3.7072940573750669e-08
20 4.4432379801045017e-07 3.0708062177280660e-08
21 3.0166319277700143e-07 -1.3648853603833669e-08
22 2.3159156459390290e-07 -3.2670795166010423e-08
23 1.7977492714815380e-07 -7.4844099393537407e-09
24 9.1205153786896799e-08 -1.3491106955385093e-08
25 6.6170271765233778e-08 7.9679478296136736e-09
26 3.7863803710589169e-08 1.4422999958332163e-09
27 3.0361278848017953e-08 -7.8233089455200295e-09
28 2.1624620393901182e-08 -2.1934262276425955e-09
29 1.3446094072406536e-08 -1.4348811523781197e-09
30 7.4985720760919449e-09 -4.3601183308650427e-10
31 6.6937334293271192e-09 1.5036843232023703e-09
32 4.8934744050431781e-09 -2.1080164721394007e-10
33 3.1393146079486186e-09 -3.2050328314161538e-10
34 2.5043610008613065e-09 2.4774094705808899e-10
35 2.2150705965126641e-09 -1.0533834354566784e-10
36 1.9791910371025349e-09 2.9050365325359089e-11
37 1.3775091038440293e-09 1.7737545008574483e-10
38 1.7350229085089751e-09 4.6340546099583386e-11
39 2.3484533233551600e-09 2.1471461014654268e-10
40 3.7678400060161521e-09 -8.4096943674147380e-10
41 5.7190695094089235e-09 4.7021718208295587e-10
42 1.0304603425884087e-08 -3.0673221101324947e-10
43 1.6488116982812794e-08 -1.2916678489290500e-12
44 1.8762076028028523e-08 2.1409995826150378e-09
45 2.4674931268848753e-08 1.7953264025435737e-09
46 3.8847282667262143e-08 4.3748489882206273e-09
47 5.5151074844332294e-08 7.7839302128007437e-09
48 8.1855226215513359e-08 2.2752086378900034e-08
49 1.4845927748387209e-07 -1.8437667406665219e-08
50 1.8939795405688502e-07 2.0053302365981031e-08
51 3.1818180476867678e-07 -2.0687020834564879e-08
52 3.2366799337736769e-07 -3.7989736564510005e-08
53 6.9133312038439342e-07 1.0727975735361477e-07
54 9.0917569980561956e-07 -5.0365602243092786e-08
55 1.3268006082352778e-06 1.0410770670646251e-08
56 1.5278300169442976e-06 1.8911297068968274e-07
57 3.3295649050140759e-06 -3.9930690156160622e-07
58 4.5415431609298858e-06 5.9100779445605179e-07
59 6.7359855675008847e-06 1.3493897426205249e-07
60 7.1144709331549856e-06 2.0481832117541798e-06
61 1.1454141164860474e-05 1.1195629714563999e-06
62 1.2843042152405951e-05 -4.1994723232880851e-06
63 2.0655827126647401e-05 3.3090554718375569e-06
64 2.9907727112929603e-05 -1.7095443075320648e-06
65 6.7286175766940708e-05 -1.7016849519125823e-05
66 7.8624648952830314e-05 3.2571092024069941e-05
67 1.3379780249040375e-04 -6.4078812606904211e-06
68 2.0715519353497528e-04 3.7309248100439124e-05
69 2.7611226184976742e-04 -4.4271528819423754e-05
70 5.7567483568895660e-04 -3.4960489575556633e-05
71 4.3518846869265314e-04 1.6690531608732172e-04
