0 9.7848241288417792e-02 1.1674668268437196e-03
1 3.7356647354468024e-02 -7.3961689993306038e-04
2 1.6530646964267370e-02 2.2693505010905598e-04
3 9.4503856258830350e-03 1.4879140539687775e-04
4 5.8672232332924127e-03 -5.5099107281447115e-05
5 3.8726810274992782e-03 9.5617494523569599e-05
6 2.5550748624488381e-03 -2.4477019663527571e-05
7 1.5803171071626205e-03 7.5657247775279258e-06
8 1.0098111364193485e-03 1.2316046558765431e-05
9 6.6335004779461272e-04 6.4512842640655079e-06
10 4.4068307356251034e-04 4.7460196573059106e-06
11 3.0384844291497055e-04 4.4150670487290550e-06
12 2.0704425337187747e-04 1.5010287490824304e-06
13 1.4389367033192495e-04 3.8532344030296811e-06
14 9.4765785810979375e-05 1.7559779297517234e-06
15 5.9916584741710104e-05 1.1271228512013300e-06
16 3.9956340368849338e-05 7.6423841193729259e-07
17 2.7074040266556469e-05 3.3865017367383316e-07
18 1.8061049729161207e-05 1.3009760944015992e-07
19 1.2353429049551846e-05 5.8629790024203896e-08
20 8.7832542286698479e-06 1.4288416209169463e-07
21 6.4005391784137455e-06 -5.4858207288258458e-08
22 4.5866824438580617e-06 8.7859927497829944e-09
23 3.1829696674656437e-06 -5.6622614302693761e-08
24 2.0723220074834182e-06 -3.9883194625448893e-08
25 1.3842070635197300e-06 -1.0954974372867968e-08
26 9.3981998294789090e-07 -4.9761352335251452e-11
27 6.4025175930722082e-07 -4.2790932549760420e-09
28 4.3769238605808875e-07 -7.4962729108262895e-09
29 3.0414217085799118e-07 1.3763976094728289e-09
30 2.0583991031205910e-07 7.8718009957879508e-10
31 1.4654037889727816e-07 -4.3197698079942791e-10
32 1.0578024002316149e-07 -3.7197458040411386e-10
33 7.6702934548332768e-08 3.9091144954860650e-10
34 5.8146930840718504e-08 2.9423499084376437e-10
35 4.6400591163535366e-08 -2.6195351340412950e-10
36 4.0993550252375715e-08 -7.2273984245456916e-12
37 3.9705392235659743e-08 -4.6219615387533474e-10
38 4.7235414070870140e-08 -1.7754942501820960e-10
39 6.5734546034934200e-08 -7.2448700807413495e-11
40 9.7305651673660459e-08 -2.8956919923667997e-10
41 1.4475913804021453e-07 3.6488956117457933e-10
42 2.1149824730786861e-07 5.5740933298330324e-10
43 3.0225999648709990e-07 -1.6518174635177831e-09
44 4.2784565138757497e-07 -6.3181970641533182e-09
45 6.2279831872545156e-07 -6.1690132833532042e-09
46 9.2018886478014534e-07 -4.7940380636099661e-09
47 1.3915443131608766e-06 -1.1245560367567357e-09
48 2.1175086404316824e-06 1.4945120177271440e-08
49 3.1203063081790145e-06 -4.0397173136289083e-08
50 4.5220561614405960e-06 7.2149600156100919e-09
51 6.5240351590369635e-06 2.1952542668275994e-09
52 9.5253297555866141e-06 6.1977790221542983e-08
53 1.3722434436805403e-05 1.8719331122173958e-07
54 1.9999825142265224e-05 -4.4713035404760153e-09
55 2.9881480802983484e-05 -9.8760564535622197e-08
56 4.5413801209998995e-05 1.3102609690199358e-07
57 6.7897255527407899e-05 7.9042926143097802e-07
58 1.0037688694592732e-04 8.9015960748083083e-07
59 1.5024066084757439e-04 7.3933487208752638e-07
60 2.3252016881746972e-04 2.4651521522658072e-06
61 3.5376000450712975e-04 -5.4253872877739356e-06
62 4.7113018611391307e-04 4.3395280342102609e-07
63 6.4528834528723798e-04 4.7571878439433575e-06
64 9.7471571985685449e-04 -4.9465425167574055e-06
65 1.6087165737786360e-03 -4.8295634005077976e-06
66 2.4748879430974064e-03 1.3636750856721366e-05
67 4.1436374299625633e-03 -2.4058032265304255e-05
68 6.5321941771089324e-03 -2.1301733160161029e-04
69 1.0999811687682371e-02 2.8499302700849449e-04
70 1.8316962310318079e-02 4.8466161290104529e-04
71 3.7629572928358751e-02 5.1097605620973056e-04
