0 1.8491322981899284e-04 -1.3905004418427979e-04
1 8.4031296810966493e-05 1.5676021607392572e-05
2 5.9631381947241479e-05 3.2282191572494752e-05
3 -1.6013784357580365e-05 1.7368664771208591e-05
4 1.8510042151145049e-05 8.8380577762050687e-06
5 1.6441013163302886e-05 1.4356324993092362e-05
6 1.9637703897608690e-05 -2.8643461291337259e-06
7 1.4647086254864217e-05 -8.5708778462333481e-06
8 2.5115821819746963e-06 -7.4938085892067038e-08
9 2.3678305965321243e-06 -1.5828003052409240e-06
10 1.9228708586020933e-06 -2.2750265425326710e-07
11 4.4806985958324151e-06 1.7878279676609874e-06
12 1.1307090551741247e-06 4.9238949930549732e-07
13 1.0205036758785662e-06 1.6496540131810721e-06
14 3.1200703708149346e-08 -6.0757067944131069e-07
15 2.4092481894397146e-08 4.2303227510560128e-07
16 2.1665170324102829e-07 1.0419717131721199e-07
17 1.2734887611216141e-07 7.6228076579231818e-08
18 1.8177811343350470e-07 -2.4824170769412085e-08
19 1.6365328007671501e-08 6.7989402779062315e-08
20 8.0915789965750382e-08 1.3952133945985190e-08
21 5.4840454997812613e-08 -2.4145464086013689e-08
22 2.7790933320044423e-08 -6.7700548852436303e-09
23 4.7752499445882438e-08 1.0420260261608038e-08
24 1.3021472224429997e-09 9.3559177338572103e-09
25 8.8100537920934634e-09 5.3509497321256237e-09
26 5.4121235640158993e-09 2.3847680200343144e-09
27 8.3067427427970579e-09 -2.3086425612036564e-09
28 6.3715266345154631e-09 -1.5037575029197841e-10
29 2.8092179257994044e-09 -2.2484178640856158e-09
30 3.7257465233442220e-10 -1.5056465132730962e-09
31 1.0720819251235635e-09 9.8988626961590521e-10
32 3.7729281959957044e-10 -2.2809400674029194e-10
33 3.2006818758315332e-10 2.0639456033118980e-10
34 2.7873550399588147e-10 8.5117971317156024e-11
35 5.6435869833232810e-10 1.1547904672040638e-10
36 3.0806753807431509e-11 -7.3405202050484905e-11
37 -1.8070945097993436e-11 3.9895821587571290e-10
38 1.9678815933557839e-10 -1.2120037584758666e-10
39 1.1560541247915681e-10 1.2923614123094006e-10
40 6.2151564096906469e-10 -4.0430466147086508e-10
41 -1.1009769194705299e-11 2.5349335787725049e-10
42 1.6392999944901199e-09 -6.3709460515096269e-10
43 2.3925966699634362e-09 5.5141134159675082e-10
44 1.8728797045301371e-09 2.6527258068244374e-09
45 2.9895038590354188e-09 -7.7588870422554700e-10
46 9.4164814114178430e-09 5.1249106466787706e-09
47 2.8586629657586967e-09 3.0557021415130396e-09
48 5.7551148940844372e-09 1.7325316598454469e-08
49 1.7784846557510734e-08 -2.0911342244415950e-08
50 9.9894871967152120e-09 5.9276818551075133e-09
51 7.4794311555021665e-08 -3.6890406699599225e-08
52 -3.0958733540482304e-08 -8.6925750775983705e-08
53 1.2406412153503501e-07 -1.3529546650026929e-08
54 1.6925142396059535e-07 -9.0586484007130810e-08
55 1.9950804988362912e-07 1.4699828113237591e-07
56 1.7666495122727599e-07 -9.7834660799497815e-08
57 6.8306712221221535e-07 -2.4117595109386768e-07
58 3.7297011968579159e-07 -1.1288367317427879e-07
59 1.4411666149211048e-06 -1.9076841107709685e-07
60 -1.1728958941681400e-06 1.0049401498599474e-06
61 1.0583761588530217e-06 3.8410033326129171e-07
62 -4.3149869172456007e-06 -1.8024215553332152e-06
63 -9.4549981316928509e-07 -2.1701391719814843e-06
64 1.1974435020440480e-06 5.3545141938142226e-06
65 4.3997493767280332e-06 -4.1482348210067106e-06
66 3.1179068421866122e-06 5.8333334620420168e-07
67 1.3656758774254771e-05 -1.5959903293209978e-06
68 2.7813323653538780e-05 4.1185230200262247e-05
69 6.6884785429618769e-06 2.9687303882624161e-05
70 -1.8717548112258994e-05 1.8005933812049619e-05
71 5.0324791425159121e-06 -7.2088335617018801e-07
