0 1.0613529102649177e-02 -2.9959834864096217e-04
1 7.2060251120269498e-03 -2.9585652790476352e-04
2 3.8826967051987971e-03 9.5498323028842878e-05
3 2.4093703071612440e-03 2.2365106174437771e-04
4 1.6675820731586201e-03 -2.4806036380523542e-05
5 1.1748440170252562e-03 4.6060661671697382e-05
6 7.5562223692106877e-04 -3.2065562449696130e-05
7 4.8690361613575544e-04 2.0590290422856653e-07
8 2.9713286059544113e-04 7.3483613580012558e-06
9 2.0632672639172496e-04 2.8033430650783372e-06
10 1.3711786112639070e-04 1.7326803580561306e-06
11 9.6886362342418148e-05 5.7096086227129685e-06
12 6.4112309549542437e-05 -1.8800899932881115e-06
13 4.5273566336168146e-05 3.0535424761870719e-06
14 3.0421745160853329e-05 1.0746916778924145e-06
15 1.9418302964077416e-05 1.2320719907626529e-06
16 1.2357314143052411e-05 6.8583901836076038e-07
17 8.5925329607565093e-06 1.3502604617465450e-07
18 5.6493995294719150e-06 1.2182153616538639e-07
19 3.8125338610232204e-06 2.2357037282359620e-09
20 2.8131988026240110e-06 7.5263399538052595e-08
21 2.0016192876153561e-06 -4.7839749357219899e-08
22 1.4609487782486416e-06 -2.7768537245824304e-08
23 1.0264547634029200e-06 -4.9999417132608031e-08
24 6.3661030434347755e-07 -2.3541874820794133e-08
25 4.2443704480737093e-07 -9.1114613779374053e-10
26 2.9084121353820609e-07 -6.4788720424841941e-11
27 2.0072118845075156e-07 -6.2849439315609853e-09
28 1.3756445755524573e-07 -6.2901658779331998e-09
29 9.3590628808576839e-08 1.4105416618392995e-09
30 6.1743974856887817e-08 1.2912475735946918e-09
31 4.4675481942019115e-08 6.5573786236533085e-10
32 3.2666725416471130e-08 -1.2275842251908368e-10
33 2.3192642047864286e-08 -6.1745271622011668e-11
34 1.8583379452921213e-08 5.1725365517526344e-10
35 1.4471636150991677e-08 -2.9956753669299197e-10
36 1.3019329360948598e-08 5.1439089233148077e-11
37 1.2016215220244232e-08 -3.5784495349363392e-10
38 1.4163227145310374e-08 -1.2711051689075423e-10
39 2.0028804857624337e-08 2.5313580731619380e-10
40 2.9699899341948043e-08 -5.9952177817763331e-10
41 4.4864914822773041e-08 -3.4184646564435343e-11
42 6.7621806755364440e-08 -6.6045413276126152e-11
43 1.0015219429801618e-07 2.0089527081797479e-10
44 1.3535333354589179e-07 -2.5148829388706261e-09
45 1.9522600744306327e-07 3.0124638545168802e-10
46 2.8051578813992068e-07 -3.1953198316971508e-09
47 4.2003249154668255e-07 5.1461709564415401e-09
48 6.4843659800011053e-07 1.4184678040912564e-08
49 9.9993961649978997e-07 -4.4327301647663266e-08
50 1.4250025339780883e-06 2.9320300644696556e-08
51 2.0167215270951167e-06 -2.6366540045015897e-09
52 2.8840634171829373e-06 6.2688469716132561e-08
53 4.2931102470073879e-06 1.6376457742928894e-07
54 6.1640533154746283e-06 -6.3689958065638995e-08
55 9.1767626106596308e-06 -1.4716546226810746e-07
56 1.3525998866930034e-05 3.8836988924679078e-07
57 2.1462177951266169e-05 3.3243040286387413e-07
58 3.1558966282661800e-05 5.3230859444822363e-08
59 4.7483302530681969e-05 8.6548442491085704e-07
60 7.2104897451866416e-05 3.5913136137288900e-06
61 1.0991690544336478e-04 -3.4812617827584253e-06
62 1.4328064806478784e-04 -2.0121272496426577e-06
63 1.9261045266334931e-04 8.2543407876593759e-06
64 2.8838494822180282e-04 -1.1851037029675520e-05
65 4.7358697264607671e-04 -1.5958311738954961e-05
66 6.6635590620273306e-04 4.3897557279817179e-05
67 1.2121140990910436e-03 -2.9460649490653380e-05
68 1.8596062587694754e-03 -1.6022397030920069e-04
69 3.0652977790511697e-03 1.8097762247059566e-04
70 4.8856062281700226e-03 1.3494360763082516e-04
71 7.3824861417961839e-03 4.4551956064258673e-04
