9.9787501023316594e-01
1.6278469256446160e-02
7.5166853653549912e-04
7.6300517356681243e-05
1.5348277802902030e-05
5.9767855318484138e-06
2.7260574644921438e-06
1.1731994548136043e-06
4.3514680016803716e-07
1.1458502834063034e-07
5.1654689900868289e-08
1.6973849171797818e-08
7.2810725122510486e-09
8.6028899298698003e-09
7.8361585974884240e-09
3.3619183966357719e-09
-7.2173325525423455e-10
-3.1634862619602159e-09
-3.8682178229498782e-09
-2.5834994135495173e-09
-1.3559636389309526e-09
-7.4459181393709000e-10
-1.3121975747996810e-09
-1.3340862037765794e-09
-7.5111245483802819e-10
-3.8682494412007635e-10
-4.8365488489439925e-10
-2.7859262461343423e-10
-2.2678322076205889e-10
-2.4795646324176610e-10
-2.2503668739984325e-10
-1.8542979138307121e-10
-1.6601033146298738e-10
-1.0314332001396439e-10
-5.9474959632746371e-11
-4.1638987572656448e-11
8.2710836863870948e-12
6.2147621261052763e-11
1.0336474156819448e-10
1.4749939538869530e-10
1.6278452618317203e-10
1.6776288736135283e-10
1.4949992498882686e-10
1.8425053988340329e-10
4.0396715324052397e-10
6.0366730672441519e-10
5.3999167008894953e-10
2.9408223107357403e-10
3.3566523892606172e-10
2.1021179040306842e-10
1.4948953588575424e-10
-1.3378673882076570e-11
-3.0571152098311855e-10
-9.4353945594149261e-10
-1.0518412782949916e-09
-4.6941396996801214e-10
1.0759056700107147e-10
5.4108798563202292e-09
2.2838179427661085e-09
2.7019169862529605e-09
1.7701758503568162e-08
2.8091458003764698e-08
1.2427623305980610e-08
4.4830409438866934e-08
1.2627333307826023e-07
3.6531435075595905e-07
8.8570647876650980e-07
2.5504055837006400e-06
8.8039702320256773e-06
4.8086271068336112e-05
3.1607416265481964e-04
4.9391123900957290e-03
