0 1.1364157656765101e+00 -6.2370319301910837e-04
1 1.3839930252637769e-01 -1.6450697629739324e-04
2 4.9607716873371004e-02 2.8101859659612408e-04
3 2.7371908225554891e-02 5.6191393165771824e-04
4 1.7579398129453635e-02 5.8618874675261641e-04
5 1.2527461537377708e-02 5.1525159924323521e-04
6 9.1177518531712614e-03 4.2677853909801639e-04
7 6.2204232776685801e-03 4.1331449012805101e-04
8 4.2902234964669857e-03 3.9772133897970316e-04
9 2.9936692698766258e-03 3.5597423970290992e-04
10 2.0603255559767269e-03 2.8294366818583470e-04
11 1.4943895594407717e-03 2.2073275822091833e-04
12 1.0943370423915670e-03 1.6719325463775223e-04
13 7.9814995489929912e-04 1.2975952584805788e-04
14 5.6076733445234851e-04 1.0025370229366902e-04
15 3.8271980225686631e-04 7.6964092168707986e-05
16 2.7284623836926013e-04 5.9474332319767801e-05
17 1.9976040774248441e-04 4.7590005281082507e-05
18 1.4481093091497127e-04 3.6487379409066649e-05
19 1.0808038762645477e-04 2.6537144398306395e-05
20 8.5016991281548098e-05 2.1048008672245968e-05
21 7.0143282290126559e-05 1.7417405004854994e-05
22 5.5149806442738004e-05 1.4036460155351983e-05
23 4.1333369858303325e-05 1.0414092475006331e-05
24 2.9743690227085881e-05 7.1254048792709599e-06
25 2.2136659537146247e-05 5.0648329148056248e-06
26 1.6393112994147930e-05 3.6859526530585313e-06
27 1.2316862280377562e-05 2.8373452386700479e-06
28 9.2189468537309941e-06 2.3316094758001637e-06
29 6.7093947160200031e-06 1.9527348464465671e-06
30 4.7656005004238691e-06 1.2986224240057323e-06
31 3.6838712021475912e-06 8.6539617526433781e-07
32 3.0220456991031799e-06 5.6441280592540099e-07
33 2.3779175051038560e-06 2.9305790185526977e-07
34 1.8914465305503707e-06 6.2482521356762734e-08
35 1.7055712380477569e-06 -7.1191986096458956e-08
36 1.6414986960990410e-06 -8.5569909763381964e-08
37 1.6670018595721722e-06 3.4010284099714271e-09
38 1.9369565725175501e-06 1.0633896407830392e-07
39 2.5359373245897649e-06 2.6894800726185262e-07
40 3.4479112693364815e-06 4.7939958534874156e-07
41 4.4267739877589876e-06 7.8998558592482717e-07
42 5.5185789826988515e-06 1.1803115561532185e-06
43 6.7750422948651491e-06 1.6783894473831230e-06
44 8.7676280008218240e-06 2.2216136411021169e-06
45 1.1696649346004502e-05 2.8095488139957621e-06
46 1.5699348216741408e-05 3.1149344857469900e-06
47 2.1669448118324676e-05 4.0014513365105654e-06
48 2.9479933733338407e-05 5.1620916882720632e-06
49 4.0163621920774355e-05 6.0990470570277118e-06
50 5.4525632386819408e-05 6.3603114426048405e-06
51 7.5369030005914247e-05 6.8258066149739909e-06
52 1.0397152144343126e-04 8.5798186070536865e-06
53 1.4042790722917581e-04 1.0344283220492329e-05
54 1.9419684721208190e-04 1.0589822151954602e-05
55 2.7184566402224252e-04 1.1750062624564833e-05
56 3.8831201133599104e-04 1.7765020894364696e-05
57 5.4429134598392632e-04 2.8720446652143801e-05
58 7.5337950229869741e-04 5.0427637064382181e-05
59 1.0563588897943524e-03 8.2200869441689535e-05
60 1.5596424623129830e-03 1.2964117977349969e-04
61 2.1805554054201847e-03 1.7234510952883751e-04
62 2.5454566965655615e-03 1.3558752286154196e-04
63 3.0134352901760434e-03 6.7355612473583618e-05
64 3.9478144155404545e-03 1.2975965562323569e-05
65 5.7645849961341583e-03 -1.2485564487603996e-04
66 8.4462288722920616e-03 -3.0657608240150996e-04
67 1.2822395513043171e-02 -4.6821761575799098e-04
68 1.9158995407786060e-02 -6.4564520893353554e-04
69 3.0592070553071903e-02 -8.1785874009314115e-04
70 5.2913022415947440e-02 -8.6008242567606761e-04
71 1.4196296126742983e-01 -8.7291235983839941e-04
