0 0 7.6224050808518784e-01 1.9691698700879219e-20
1 0 3.7987016281569697e-02 1.0498164064864752e-19
2 0 4.6589171867731120e-03 3.2264241630499435e-21
3 0 7.0659931483872934e-04 3.5221485353495624e-23
4 0 1.1409822803675486e-04 7.3832962144921885e-25
5 0 1.9849020450394944e-05 2.4171443697081148e-24
6 0 3.6202073957691253e-06 2.7802339580414248e-25
7 0 6.8968998863168195e-07 1.2279290295381556e-26
8 0 1.3755701852899410e-07 3.6985905112077628e-27
9 0 2.8529452231440975e-08 -3.3390629879016200e-27
10 0 6.0999593093845562e-09 -8.8774372931895411e-29
11 0 1.3235045493594574e-09 -6.9490733738369809e-29
12 0 2.7140731912677185e-10 -1.4112435338171190e-29
13 0 5.6253053647337186e-11 2.6637159544421795e-31
14 0 1.1829575820645150e-11 7.4843256558014275e-31
15 0 2.5059687480327975e-12 -9.8746097810116675e-32
16 0 5.2892820311738738e-13 1.3600024502805324e-32
17 0 1.0994975071517354e-13 3.8557042215334414e-33
18 0 2.2819957646165632e-14 7.1249995970165731e-34
19 0 4.8510854635547561e-15 -3.3726154347319321e-34
20 0 1.0697458319758513e-15 2.3078809153827876e-35
21 0 2.2963340939073025e-16 -1.3400138376260443e-35
22 0 4.8695091501344850e-17 4.6556322106940677e-36
23 0 1.0058914465342707e-17 -7.8541357711002549e-37
24 0 2.0271399182151526e-18 8.6735169424912983e-38
25 0 4.0686482449671548e-19 4.0839664611720214e-39
26 0 8.3131241706742977e-20 -4.2284643917485742e-39
27 0 1.6950234995606859e-20 3.4194925486994530e-40
28 0 3.4882299138203390e-21 7.3769563295385109e-41
29 0 7.2217373044213984e-22 1.3735783005949968e-41
30 0 1.4798066035482630e-22 -1.0088521422265255e-41
31 0 3.0580584847418280e-23 1.5979970164097589e-42
32 0 6.2837694930778605e-24 -1.4813238691918031e-43
33 0 1.2721111597670770e-24 1.2158844631243723e-44
34 0 2.5853703502009105e-25 -2.4521332546398821e-44
35 0 5.2911195261166994e-26 1.4769812438148012e-45
36 0 1.7540732953241117e-26 5.7633636128824352e-46
37 0 4.1084634334495180e-26 -1.7847558217831562e-45
38 0 1.9801016819722939e-25 4.4388598753709247e-45
39 0 9.7766305788184025e-25 3.5007726289136999e-44
40 0 4.8266510333989704e-24 -3.1300039474530825e-43
41 0 2.3466578275367600e-23 1.5169765834076676e-42
42 0 1.1459899959173773e-22 2.0347465702418527e-42
43 0 5.5449736629825361e-22 3.5901619487720840e-42
44 0 2.6467741360074443e-21 -4.4256785387592249e-41
45 0 1.2690161340942908e-20 -3.3663922006801903e-40
46 0 6.1950294309386650e-20 8.2222684447055581e-40
47 0 3.1050520951205550e-19 2.2504209531833199e-39
48 0 1.5504528656940140e-18 -4.6810354984295027e-38
49 0 7.6632213111193192e-18 5.7480161939220819e-38
50 0 3.7164564999799315e-17 4.3719359026112225e-36
51 0 1.8167042198231654e-16 -7.6651603071309168e-36
52 0 8.8508381613193906e-16 -1.9843073825007466e-35
53 0 4.2825389455730449e-15 4.2955501749249272e-34
54 0 2.0488214429680140e-14 1.0709372121870057e-33
55 0 1.0057269224692133e-13 1.1279983626224403e-32
56 0 4.9782325272566478e-13 -1.3010930615045063e-32
57 0 2.5148115411604636e-12 1.6460698976381932e-32
58 0 1.2612738883587307e-11 -1.3417147846072409e-30
59 0 5.9814891676430743e-11 1.7347173828496611e-29
60 0 2.8594321824379285e-10 -5.7042742734478118e-30
61 0 1.4041855842638347e-09 -4.9664471287552358e-29
62 0 6.8831808522915592e-09 1.6579497191738798e-27
63 0 3.5110252314377181e-08 -2.0245027195181839e-27
64 0 1.7353868300144516e-07 1.4911745892529414e-26
65 0 8.7115204919217614e-07 -2.5646096100263619e-26
66 0 4.3658684793144081e-06 2.1228502439799793e-25
67 0 2.2829638597022147e-05 -4.2007163795916821e-24
68 0 1.2810713108270280e-04 -3.0445026492204906e-23
69 0 7.5281562041345411e-04 -1.2896197983606664e-22
70 0 4.7135835882712862e-03 3.5478433584954449e-21
71 0 3.8592078332277117e-02 -1.4809315220243908e-20
0 1 1.8492170838047270e-01 2.4820841768053087e-04
1 1 1.7600092596001548e-02 4.8611776482977335e-05
2 1 2.7675549724088598e-03 3.8177777458647031e-06
3 1 4.5972147736814492e-04 2.9127555506694379e-06
4 1 7.6462980457586227e-05 -1.1901521345744453e-06
5 1 1.3769030460831792e-05 -3.1910324213143008e-07
6 1 2.5090539733805304e-06 -6.1669093483211492e-08
7 1 4.8691567342871434e-07 -5.8959198643197574e-09
8 1 9.9924006137718317e-08 -1.7964062626412105e-09
9 1 2.1004659290576928e-08 -1.2903388125874081e-10
10 1 4.5352711537893087e-09 -3.7407652339535125e-11
11 1 9.7566095765090679e-10 -1.3550232453156482e-11
12 1 1.9711322690985837e-10 -7.8734472812264595e-13
13 1 4.0916721746288016e-11 7.3598389805913241e-14
14 1 8.7371049641257064e-12 2.8572426534562117e-14
15 1 1.8174433813359075e-12 -6.9119550081539398e-15
16 1 3.8562782092376047e-13 4.8327705948593196e-16
17 1 8.0310708471312533e-14 9.2712464777156331e-16
18 1 1.6617932811119593e-14 3.6309474321094145e-16
19 1 3.5803379419378807e-15 6.2866374063245263e-17
20 1 7.8867168914204350e-16 2.5830920446130184e-19
21 1 1.6763928719784927e-16 1.6409214074225516e-19
22 1 3.5567086681064985e-17 3.8127235798330822e-19
23 1 7.3421611225605409e-18 9.6581978842655170e-21
24 1 1.4740815573606646e-18 4.6316706131835759e-21
25 1 2.9411383644030582e-19 -4.3989276326783253e-21
26 1 6.0111961603244987e-20 -1.3549218516691411e-21
27 1 1.2276622205020253e-20 -1.7316571281305724e-22
28 1 2.5267686257899701e-21 -4.6517528867153070e-23
29 1 5.2020358531901073e-22 -1.9201396375463854e-23
30 1 1.0733419251784165e-22 -3.5148821730692072e-24
31 1 2.2160781263098556e-23 -5.1723532651889929e-25
32 1 4.5497007222184292e-24 -1.4529776699381873e-25
33 1 9.2323192442150462e-25 -2.4759880973465346e-26
34 1 1.8798869813464694e-25 -3.0154490643950674e-27
35 1 3.8351996419723893e-26 -5.8497549457026079e-28
36 1 1.2708798990290288e-26 -1.2650252127464457e-28
37 1 2.9692924529152798e-26 -2.7638479807652990e-28
38 1 1.4316045189679486e-25 -2.8467954139867788e-27
39 1 7.0497688970499203e-25 -1.7599549048669999e-26
40 1 3.4968038814206510e-24 -1.2537668752051572e-25
41 1 1.7068406529954629e-23 -2.2368207915666906e-25
42 1 8.2712411006056456e-23 -2.3640404375381757e-25
43 1 4.0608819756792790e-22 -3.4894281091234939e-24
44 1 1.9311501385820411e-21 -3.0439146791337782e-23
45 1 9.2477182863380553e-21 -1.6125007340448636e-22
46 1 4.4786107133731460e-20 -8.4819907237985579e-22
47 1 2.2416288718527488e-19 -1.4590393646919002e-21
48 1 1.1171719834713891e-18 3.6008890715497592e-21
49 1 5.5248994274029952e-18 3.8498163369409603e-21
50 1 2.6712136886362424e-17 3.8835802300991313e-19
51 1 1.3040871240179889e-16 1.6149558214961975e-18
52 1 6.3631379780029744e-16 1.4921392235132780e-17
53 1 3.1281720818449245e-15 9.0911177869917566e-17
54 1 1.4814596572406073e-14 3.4108998626314330e-16
55 1 7.2441210367436353e-14 1.5054624929576353e-15
56 1 3.5697963501423517e-13 3.7829921361220954e-15
57 1 1.8083830242555645e-12 1.4937698837518109e-14
58 1 9.2244640339829512e-12 1.3227874297294813e-13
59 1 4.4505328399584220e-11 6.4308690077367092e-13
60 1 2.0703068247647072e-10 1.8536850335376537e-12
61 1 1.0308682778788067e-09 4.7419407281512264e-12
62 1 4.9722259973709188e-09 1.1005696171249494e-10
63 1 2.5722323171615642e-08 6.7156816722654447e-10
64 1 1.2548348047798173e-07 1.4074231650877012e-09
65 1 6.3832068090737223e-07 3.2270471991917025e-09
66 1 3.1192550443874476e-06 -2.4945729101191592e-08
67 1 1.5983056511238420e-05 -3.7922763115160706e-07
68 1 8.9222897207662325e-05 4.8642237524365980e-07
69 1 5.1398733215434270e-04 4.0568608869223205e-06
70 1 2.7826993031006869e-03 1.1140100778613604e-05
71 1 1.7847865253515047e-02 2.5127188406131925e-05
0 2 4.6547880453449555e-02 3.7763195007238103e-04
1 2 6.6910210270814986e-03 -3.3429852361445708e-05
2 2 1.1349811631842890e-03 -8.4895643379515523e-06
3 2 2.0289446399900392e-04 4.5639326317398163e-06
4 2 3.6541614223795104e-05 -2.0155745084870982e-06
5 2 6.8195588033319298e-06 -5.4439067128407311e-07
6 2 1.2999554496018602e-06 -6.4391275668695006e-08
7 2 2.6492531872749239e-07 -2.7808778755728765e-09
8 2 5.7355400726683788e-08 -2.0604105904806940e-09
9 2 1.2257903421134395e-08 -1.7523190171632482e-10
10 2 2.6875064940631184e-09 -4.0597374850307907e-11
11 2 5.5510008226832096e-10 -1.3937157978082872e-11
12 2 1.1077811231406467e-10 -1.7117570131925625e-12
13 2 2.2874343908625033e-11 2.9482611330629011e-13
14 2 5.0748725526808900e-12 2.7801510454671233e-14
15 2 1.0156145099938541e-12 -1.5789348305168792e-14
16 2 2.1773221040639301e-13 2.4356984115872769e-15
17 2 4.5720128590652940e-14 1.6824264881189030e-15
18 2 9.3769985502611234e-15 5.4000768894522068e-16
19 2 2.0726161729335773e-15 7.7787913611291317e-17
20 2 4.5174035665211924e-16 -2.1970893612309429e-18
21 2 9.5302563509996758e-17 2.3763304381718005e-19
22 2 2.0391471951056721e-17 3.5053283398297739e-19
23 2 4.2233480228178912e-18 1.3273854411499880e-21
24 2 8.3685172630191122e-19 3.7163659139835085e-21
25 2 1.6205884701378811e-19 -6.9323752888054924e-21
26 2 3.3730439994822801e-20 -1.8122745952388897e-21
27 2 6.8099228298596491e-21 -2.1684676546336401e-22
28 2 1.3966895085377671e-21 -5.4747195384976529e-23
29 2 2.8501330031949864e-22 -2.2749163814566812e-23
30 2 5.9458138228755226e-23 -4.2487444972316293e-24
31 2 1.2283933326748198e-23 -5.6376632236391265e-25
32 2 2.5356162542659413e-24 -1.5563287954862430e-25
33 2 5.2128332336130862e-25 -2.8249715126162257e-26
34 2 1.0621302349986702e-25 -2.8261727062742897e-27
35 2 2.1645383503664628e-26 -5.8092897183358579e-28
36 2 7.2121442075977657e-27 -1.4166962065829576e-28
37 2 1.6557051392225358e-26 -1.7752603752241652e-28
38 2 8.0276564738283598e-26 -3.7638235786038595e-27
39 2 3.8953103269461111e-25 -2.3701657432189212e-26
40 2 1.9395503778426167e-24 -1.6023219347807100e-25
41 2 9.6163087829023922e-24 -3.4133339919853945e-25
42 2 4.6666737472618286e-23 -4.4532871047515527e-25
43 2 2.3418778368589603e-22 -4.6522569089780887e-24
44 2 1.1064527600900111e-21 -4.2298886248049200e-23
45 2 5.2205536611840428e-21 -2.5172412597460043e-22
46 2 2.4958569908299344e-20 -1.0546618309579798e-21
47 2 1.2476249999029186e-19 -1.8647946737265822e-21
48 2 6.1905243947199189e-19 -5.8110195484510364e-21
49 2 3.1243613410570396e-18 1.5159548465994607e-21
50 2 1.4924870809014618e-17 6.1608451617646742e-19
51 2 7.2149154734292989e-17 1.9908746267046600e-18
52 2 3.4911758234416978e-16 1.6460091207311728e-17
53 2 1.7748028415220997e-15 1.2818903298074376e-16
54 2 8.1905614918628911e-15 4.4168326888459014e-16
55 2 4.0020670074164842e-14 1.9710950871404736e-15
56 2 1.9468102250378330e-13 4.5105937179470304e-15
57 2 9.9929782932293166e-13 8.3116075222031740e-16
58 2 5.1835290723150591e-12 1.2845803099901454e-13
59 2 2.6237349142206296e-11 1.0238848597452222e-12
60 2 1.1629390713009446e-10 4.4937028975031037e-13
61 2 6.0165908750005624e-10 1.2550826061562948e-12
62 2 2.7103273211734617e-09 8.7729383375763133e-11
63 2 1.4962215063362966e-08 1.0727797757032880e-09
64 2 7.1604813514458095e-08 3.2102980138682844e-10
65 2 3.6867612287497784e-07 6.8716978442009435e-09
66 2 1.6954095985365471e-06 -1.4790879777848579e-08
67 2 8.5907493174696220e-06 -3.9002248571520456e-07
68 2 4.7894356524154775e-05 5.6990107011920126e-07
69 2 2.6515908250176177e-04 9.3939116485363310e-06
70 2 1.1799491180448250e-03 2.0728698920386666e-05
71 2 6.5164363822469732e-03 4.5601538244402694e-05
0 3 1.1979884929474702e-02 1.8295592823243772e-04
1 3 2.3158837252509751e-03 -5.4177034380089365e-05
2 3 4.1328648224500219e-04 -2.3527291381012666e-06
3 3 8.0728155233636563e-05 1.9766920314151390e-06
4 3 1.4926930893457176e-05 -2.0613239792844302e-06
5 3 2.8679945848277394e-06 -4.7894674740145395e-07
6 3 5.8171751730957041e-07 -4.7146385566424277e-08
7 3 1.2971998508683014e-07 -1.4685040279178803e-09
8 3 2.9586889846914343e-08 -1.7556928105014485e-09
9 3 6.5440057596935178e-09 -2.5203433602949781e-10
10 3 1.4351126107672074e-09 -5.9945025225122982e-11
11 3 2.8935759769906254e-10 -1.0010158984335604e-11
12 3 5.6197739182919513e-11 -2.5452432584298017e-12
13 3 1.1492930805522905e-11 4.7647656783995566e-13
14 3 2.6695663072949282e-12 4.5635655520517137e-15
15 3 5.0022656377794660e-13 -1.5175569423411354e-14
16 3 1.1068589282559743e-13 1.7700532840090908e-15
17 3 2.3531261471299585e-14 1.9887791656793075e-15
18 3 4.6925579655335116e-15 5.5755430104725710e-16
19 3 1.0788094218242665e-15 6.8944896719024423e-17
20 3 2.3164744357465845e-16 -5.1304948175794470e-18
21 3 4.8198133815250571e-17 -4.9463496168085967e-19
22 3 1.0408267408405742e-17 1.3594442848827463e-19
23 3 2.1762671450744884e-18 -3.2888690836599066e-20
24 3 4.2456561283894197e-19 4.8815512314644230e-21
25 3 7.7764876207605792e-20 -5.8462461770129771e-21
26 3 1.6521803252442689e-20 -1.5330675887957943e-21
27 3 3.3581085032129397e-21 -1.6664274322975603e-22
28 3 6.7451866176541235e-22 -4.5431211445841698e-23
29 3 1.3755023653387752e-22 -1.6138138894822085e-23
30 3 2.8577911620943984e-23 -2.9327544062556970e-24
31 3 6.0894583483927994e-24 -4.4174755063753335e-25
32 3 1.2924786666719632e-24 -9.5730149869186452e-26
33 3 2.6781715573484871e-25 -2.0987131275927441e-26
34 3 5.4091306648028011e-26 -1.1689459193509079e-27
35 3 1.1036288675139823e-26 -2.5495033273738014e-28
36 3 3.6563829643593433e-27 -8.0038928044307040e-29
37 3 8.3806870633960922e-27 6.1324365896173701e-29
38 3 4.0646272178261871e-26 -2.8897596972004929e-27
39 3 1.9291408468194617e-25 -2.2520400986101147e-26
40 3 9.4144245284793680e-25 -1.3570749250151676e-25
41 3 4.8072173090944630e-24 -3.6371245511819428e-25
42 3 2.3970587888583300e-23 -5.3138488774028864e-25
43 3 1.2257177691808013e-22 -3.7664928749866944e-24
44 3 5.7742625782325333e-22 -4.7780555453477089e-23
45 3 2.6163734853730352e-21 -2.7323247696276429e-22
46 3 1.2191233967616400e-20 -7.1226067816193304e-22
47 3 6.2185960944094528e-20 -1.3421775289749365e-21
48 3 2.9998185929420051e-19 -1.3946671660490744e-20
49 3 1.6380991264852764e-18 -9.9449782804041458e-23
50 3 7.5925430000745497e-18 5.3829710608018386e-19
51 3 3.5109766546150812e-17 2.5115049953998184e-18
52 3 1.6773833939213775e-16 1.4549219772898306e-17
53 3 8.9137817844444620e-16 1.1949111429489294e-16
54 3 3.9891626288230935e-15 3.5199942666176952e-16
55 3 1.9418849281517983e-14 1.5321913174346919e-15
56 3 9.2795278282239763e-14 2.4807260442960855e-15
57 3 4.7517568546623695e-13 -1.3800376469233385e-14
58 3 2.5982122728821553e-12 1.4027167362737859e-13
59 3 1.4089075382241478e-11 1.4957153001825560e-12
60 3 5.8784213041389855e-11 -4.9033084421397388e-13
61 3 3.2555034533134318e-10 -5.4017587019435152e-12
62 3 1.2934203024226871e-09 -1.3616724916458754e-11
63 3 7.8740892990452502e-09 1.1430241184438022e-09
64 3 3.6721101642892618e-08 -9.3456408895180433e-10
65 3 1.8785059328728103e-07 3.9284869942296255e-09
66 3 8.3783398261403014e-07 1.0856293952667772e-08
67 3 4.1587946469324377e-06 -2.2766074026057396e-07
68 3 2.3098885803377143e-05 -9.0537842401329143e-08
69 3 1.1957532285795614e-04 7.3011472531241916e-06
70 3 4.5077243889168954e-04 1.7616524893177265e-07
71 3 2.3004357455353969e-03 4.7525815050789586e-05
0 4 3.1657777072104346e-03 -3.8960133814965693e-05
1 4 7.3299614348212438e-04 -3.0777449477825809e-05
2 4 1.3918460529259788e-04 -5.8272073152673637e-06
3 4 2.8337884755769885e-05 1.0696532246536543e-06
4 4 5.7698426500912904e-06 -1.3106538403857380e-06
5 4 1.0699320467944497e-06 -3.3425305084305779e-07
6 4 2.3985986029129490e-07 -2.9954080724552331e-08
7 4 6.1764844781857720e-08 1.2749103345704030e-09
8 4 1.3988122604381290e-08 -1.5338787780596016e-09
9 4 3.3402067452986394e-09 -2.1393424244774740e-10
10 4 6.9881881465730379e-10 -7.5015492588856693e-11
11 4 1.4685593266673474e-10 -4.9112086026823929e-12
12 4 2.6304064366245121e-11 -2.5575153905898956e-12
13 4 5.6277201541147492e-12 4.6475812619313590e-13
14 4 1.3396766118551207e-12 -2.6552777083507850e-15
15 4 2.2603793172723920e-13 -8.5117120203069151e-15
16 4 5.3414328149045486e-14 1.8157806410886623e-15
17 4 1.1217332607595983e-14 2.0860757216925560e-15
18 4 2.1346849721041461e-15 5.0104651454105883e-16
19 4 5.1970844363525614e-16 4.9885185683170572e-17
20 4 1.1212478830411199e-16 -7.9461577951189121e-18
21 4 2.3033009634971067e-17 -1.1220822175702226e-18
22 4 4.9359895118932371e-18 -2.8320731309477671e-20
23 4 1.0258922742772219e-18 -1.1433748837584406e-20
24 4 1.9664588337587785e-19 -1.7031249533039121e-21
25 4 3.3289139238989683e-20 -3.6156135059317725e-21
26 4 6.9817016027783477e-21 -1.2556460291564142e-21
27 4 1.5345129981379597e-21 -1.0414905666804597e-22
28 4 2.9682245652913651e-22 -2.3627085215393355e-23
29 4 5.8852931928799611e-23 -7.9835212890996478e-24
30 4 1.2235637368506076e-23 -1.2309200322709854e-24
31 4 2.8537239060564529e-24 -2.9132461211225470e-25
32 4 6.3181181714780791e-25 -3.5972237926063473e-26
33 4 1.3094709660535461e-25 -1.2691111424725280e-26
34 4 2.6309416020847393e-26 1.3612386957335878e-28
35 4 5.4506822048559182e-27 -1.6494884248160662e-28
36 4 1.7155617953141899e-27 -1.0989802094602885e-29
37 4 4.0764228309716506e-27 3.2191283557540321e-28
38 4 1.9387718715580497e-26 -1.8454647642724306e-27
39 4 8.9476521145910391e-26 -1.7444104924887649e-26
40 4 4.0265911139254105e-25 -9.3922443093041656e-26
41 4 2.1648760495929908e-24 -3.0962758980802821e-25
42 4 1.1863491924561627e-23 -4.3161835852906712e-25
43 4 6.0707143748452073e-23 -2.6441991132223083e-24
44 4 2.8143750272280579e-22 -4.3689515964669995e-23
45 4 1.2017549421309788e-21 -1.9325690223006727e-22
46 4 5.4540255970631568e-21 -2.7498979860178799e-22
47 4 2.8815438356689219e-20 -1.9720012972854985e-22
48 4 1.3323257360903110e-19 -1.2031720882299965e-20
49 4 8.3726956273091620e-19 1.5160810939005752e-20
50 4 3.7817623464130504e-18 3.6419790776792921e-19
51 4 1.5395983133365300e-17 2.6427476071591413e-18
52 4 7.1659458861609398e-17 1.2544634147711854e-17
53 4 4.0785045759242992e-16 9.9106014841869627e-17
54 4 1.8070846951689465e-15 2.7910143377210016e-16
55 4 8.7791229113431998e-15 1.0394586082493364e-15
56 4 4.1023099722311434e-14 -2.6847593224273808e-16
57 4 1.9806343936765895e-13 -1.9887174874525468e-14
58 4 1.2281183961581854e-12 1.3192515613896676e-13
59 4 7.1970300840531498e-12 1.5925156106943896e-12
60 4 2.7843676947453766e-11 -7.2969894181558877e-13
61 4 1.7107902825227344e-10 -1.1224243651007635e-11
62 4 5.6750563986168274e-10 -1.0193524387665149e-10
63 4 3.8405829238233299e-09 1.0612627470171772e-09
64 4 1.7041362968215085e-08 -1.4087700623637153e-09
65 4 8.4685447289722114e-08 3.3174658815210528e-09
66 4 3.7424430755806406e-07 5.1316201862778571e-08
67 4 1.8384885810257047e-06 -6.7721349311757898e-08
68 4 1.0451143419930446e-05 -2.3619967250611686e-07
69 4 5.0124280791478803e-05 4.5222154231747990e-06
70 4 1.7409347541654405e-04 -4.2270364506245871e-06
71 4 7.3583925889952472e-04 2.0634244462129555e-05
0 5 8.9865580615921886e-04 -5.1716994356009760e-05
1 5 2.3289162320576167e-04 -7.2740941393764837e-06
2 5 4.4738063610892477e-05 -4.4426118866274589e-06
3 5 9.0168690199466215e-06 8.7534147366652768e-07
4 5 2.1062626969775466e-06 -6.2444766007807991e-07
5 5 4.1424397444059308e-07 -2.3063626465104178e-07
6 5 9.1402996036899257e-08 -1.9762739066790056e-08
7 5 2.9441985763854479e-08 1.2938170359818834e-09
8 5 6.1535382689187134e-09 -7.8124098033054924e-10
9 5 1.6389754559396877e-09 -1.8265330881446864e-10
10 5 3.2070383669428919e-10 -5.8503939797758674e-11
11 5 7.3070947819135438e-11 -2.2035471979425205e-12
12 5 1.1706179356429097e-11 -2.7624647295198944e-12
13 5 2.8045043114354198e-12 2.4878932810856323e-13
14 5 6.5197730989136697e-13 -4.4514787187410771e-14
15 5 9.2260283583671137e-14 1.1254993237759772e-16
16 5 2.4748885934083815e-14 1.0329519625948686e-15
17 5 5.2287304560417303e-15 1.8807640165664607e-15
18 5 8.9703848475639951e-16 3.5539771905964495e-16
19 5 2.4780043086748112e-16 2.8748293311587776e-17
20 5 5.3141924772071021e-17 -6.3936680934053162e-18
21 5 1.0257055730032800e-17 -1.2748343803792078e-18
22 5 2.1989516675562181e-18 -4.4759774267071496e-20
23 5 4.4361335197107683e-19 8.0688173853274217e-21
24 5 8.4449145125388171e-20 -1.2156199170274486e-20
25 5 1.3175837477947899e-20 -2.4458943077759186e-21
26 5 2.5790881622372284e-21 -9.4085247915544087e-22
27 5 7.0214405459839481e-22 -2.8825787373323934e-23
28 5 1.1801703273951687e-22 -4.6368218583693098e-24
29 5 2.3792154175469731e-23 -2.0726155147135215e-24
30 5 4.5286648864440336e-24 -3.0930319603030606e-25
31 5 1.2214155277348157e-24 -1.2315164581740392e-25
32 5 3.1762891564549082e-25 4.1892350591246630e-27
33 5 6.1331741397594811e-26 -6.0074922143587721e-27
34 5 1.2296267243573716e-26 1.2470449948601787e-27
35 5 2.7767310504932641e-27 -2.2499603263145641e-28
36 5 7.8804359682192912e-28 5.2084507323773950e-29
37 5 1.9060278418569073e-27 5.1338650812355976e-28
38 5 8.9250312974710026e-27 -1.5485357154635874e-27
39 5 3.9113202902794209e-26 -1.3260662347788432e-26
40 5 1.4532575453026805e-25 -5.6701008829074694e-26
41 5 9.5202705659759115e-25 -2.4900896429534395e-25
42 5 5.8617799790965670e-24 -2.0966712211951224e-25
43 5 2.9744219475451791e-23 -1.5166094773572872e-24
44 5 1.3307562750824308e-22 -3.1665457417341069e-23
45 5 4.6969928038189252e-22 -1.0531437987937626e-22
46 5 2.4132110624851317e-21 1.0070231369210102e-22
47 5 1.2445162406434577e-20 1.0267645206411425e-21
48 5 5.6498228570716839e-20 -7.4907157622180703e-21
49 5 3.9468091775533277e-19 4.3681880336341516e-20
50 5 1.9548054717346217e-18 2.0311263021217873e-19
51 5 6.3849825923404826e-18 2.0912108697850266e-18
52 5 2.6514387154815564e-17 9.5003672555294575e-18
53 5 1.7366717434592220e-16 7.7636073217028816e-17
54 5 7.8655843505976173e-16 2.7694796831056416e-16
55 5 3.6151656938128179e-15 5.2442508998550736e-16
56 5 1.6241103929007610e-14 -1.4272447647572172e-15
57 5 6.6999952717152642e-14 -2.1866439597731703e-14
58 5 5.2848986485594753e-13 1.2733824914278584e-13
59 5 3.6402852073084756e-12 1.3325824004610899e-12
60 5 1.2629816041977635e-11 -5.9656390608339567e-13
61 5 8.3661883372640530e-11 -1.3584765862094818e-11
62 5 2.4305605488074009e-10 -1.3587916329311875e-10
63 5 1.6859031211663627e-09 7.7688685319346437e-10
64 5 7.2228784929874942e-09 -1.8086863258636871e-09
65 5 3.6840858570294452e-08 -5.9713420094008671e-10
66 5 1.5265662916332637e-07 4.8374441459965259e-08
67 5 7.5772978996199726e-07 -2.6346061657976013e-08
68 5 4.3912680593517771e-06 -3.3411806355615462e-07
69 5 1.9647846206390163e-05 2.0947610981704526e-06
70 5 6.7492955139650081e-05 -3.5965431595774619e-06
71 5 2.0686360791300569e-04 1.5997048337567669e-05
0 6 2.7854700370099554e-04 -2.7004488263212689e-05
1 6 7.6054877304841282e-05 -3.2789638457299250e-06
2 6 1.4324115271566327e-05 -2.7812716037078756e-06
3 6 2.5956582006999677e-06 5.6380315599901270e-07
4 6 6.9380605788411158e-07 -2.2593292584997346e-07
5 6 1.7401704250385401e-07 -1.2697563520274690e-07
6 6 3.2981190467226633e-08 -1.2040166316138637e-08
7 6 1.4202278053626029e-08 -2.9272379467318451e-10
8 6 2.7009447545765830e-09 -2.7914610678886806e-10
9 6 7.8461449757059683e-10 -1.0070034734102126e-10
10 6 1.4234087157736929e-10 -3.2696409465557039e-11
11 6 3.6157395443331000e-11 9.3874912296186909e-13
12 6 5.3245484801326059e-12 -1.8783117080972586e-12
13 6 1.3979672569098288e-12 1.0027022338027366e-13
14 6 2.9729758569935405e-13 -6.5145351968288772e-14
15 6 3.2802672188198712e-14 2.6486113820308088e-15
16 6 1.1458049722606422e-14 1.7647463482990849e-16
17 6 2.2876239474106323e-15 1.4470269532829529e-15
18 6 4.2326479497858220e-16 1.9221447358966834e-16
19 6 1.2676109084458100e-16 1.7416548222562789e-17
20 6 2.5716814263926581e-17 -1.5775473392482389e-18
21 6 4.2932366818709560e-18 -1.1721109079682148e-18
22 6 9.5620647545787190e-19 -9.3611186483270255e-20
23 6 1.5724582499038662e-19 9.6998038231579256e-21
24 6 3.2990713543338233e-20 -1.2251083237454861e-20
25 6 4.8481785446256319e-21 -1.6619736128272991e-21
26 6 9.5260342334458202e-22 -4.8754579168361111e-22
27 6 3.5213761921833585e-22 1.7918561804029681e-23
28 6 4.3037584027401430e-23 2.3678303990899999e-24
29 6 1.2042909587099816e-23 1.0942434175222753e-25
30 6 1.2024870623430984e-24 2.3336481049766488e-25
31 6 4.3863157681216069e-25 -2.1218613110527624e-27
32 6 1.5811563000233317e-25 1.9786737613398753e-26
33 6 2.5935431734130160e-26 -3.0418499846555345e-27
34 6 5.2111479378303023e-27 1.8152492852060874e-27
35 6 1.4794660320436657e-27 -1.3014289434131730e-28
36 6 3.7559926452800626e-28 9.6919464060520295e-29
37 6 8.6019501672793332e-28 5.8570175296314980e-28
38 6 4.1198935039967685e-27 -1.2246441884550116e-27
39 6 1.5340339576565334e-26 -8.6547366234096714e-27
40 6 3.5248787861675839e-26 -3.2946448039552716e-26
41 6 4.6332718591632511e-25 -2.0240911639023453e-25
42 6 2.7793821127541667e-24 1.5327604070146155e-25
43 6 1.5394758069999252e-23 -4.2107372295443349e-25
44 6 6.1896960592519767e-23 -2.0253011108075980e-23
45 6 1.3679185881210285e-22 -4.9207937385309393e-23
46 6 1.1242967570860982e-21 2.5426339063698714e-22
47 6 4.9135346135711983e-21 1.1811564892823710e-21
48 6 2.3523540914199385e-20 -3.0568126500611580e-21
49 6 1.6309270994822004e-19 5.7662265119494421e-20
50 6 1.0703286701770112e-18 8.6968061945733290e-20
51 6 2.6270777874391673e-18 7.9776638336047638e-19
52 6 8.8470029970804251e-18 7.5143852480597216e-18
53 6 6.6217594850506750e-17 5.8682066304080800e-17
54 6 3.2998513494918730e-16 2.0620712189422891e-16
55 6 1.4569720273386623e-15 1.8906024614755090e-17
56 6 6.0790980605767986e-15 -4.9120902620192970e-16
57 6 8.7204410383146815e-15 -1.7342269769537717e-14
58 6 1.8098353214325100e-13 1.2097516954900446e-13
59 6 1.8332872750012490e-12 9.1532478116648456e-13
60 6 5.0848742932623227e-12 6.7298928472967493e-14
61 6 3.7292688507536409e-11 -1.1248944960982391e-11
62 6 1.2000490842278187e-10 -1.2128068384006215e-10
63 6 6.1654357018441062e-10 4.1740588064142868e-10
64 6 2.6975475437154561e-09 -1.4545395650267850e-09
65 6 1.5502005563269889e-08 -2.2816306545262305e-09
66 6 6.4184485737106666e-08 3.2269959183422021e-08
67 6 3.1114277182334939e-07 -3.6328415016336145e-08
68 6 1.7244493956623631e-06 -2.0221193200816646e-07
69 6 7.2391940894119783e-06 5.0805836227793904e-07
70 6 2.3936021386024278e-05 -2.2936537007071195e-06
71 6 5.9405957586471643e-05 6.0751075813854838e-06
0 7 8.9406833771595078e-05 -1.4776895179236389e-05
1 7 2.4844927707273186e-05 -2.7989811893048616e-06
2 7 4.2692625661733265e-06 -8.9506660071001603e-07
3 7 6.5088121040722561e-07 3.6914508889405843e-07
4 7 1.9221502597302559e-07 -6.1589836185766248e-08
5 7 7.4260213522872746e-08 -6.7099149013101782e-08
6 7 1.4332160267218393e-08 -5.8836396002418842e-09
7 7 6.9876117864366936e-09 -3.4077096105527193e-10
8 7 1.0494434201065694e-09 3.0864859431637826e-12
9 7 3.4482537755696707e-10 -1.3174469317463070e-12
10 7 5.9319180928664533e-11 -1.5322411815275720e-11
11 7 1.6922035713306564e-11 2.7398555871485245e-12
12 7 2.6226770600642550e-12 -9.7034065965953959e-13
13 7 6.4019828838136322e-13 1.0108496148200884e-13
14 7 1.2500740039558391e-13 -5.9269209265404331e-14
15 7 8.9565494039893091e-15 4.7759986650429335e-15
16 7 5.2524344631509432e-15 2.1287394694557337e-16
17 7 9.4288945003540144e-16 9.5146358793949731e-16
18 7 2.3670276763211342e-16 8.5809183154644784e-17
19 7 6.5061949814018409e-17 5.9630154052031535e-18
20 7 1.3576833228028254e-17 3.0908210928624558e-18
21 7 1.4227605448528341e-18 -1.0778520683956880e-18
22 7 4.1929587288651163e-19 -5.7927522019061268e-20
23 7 4.0930407767968228e-20 -3.7747995709834647e-21
24 7 1.1573142070695044e-20 -6.8224922181318770e-21
25 7 1.9478337206929056e-21 -1.0374014746453588e-21
26 7 4.5919634321596678e-22 1.9555002222565962e-23
27 7 2.1079182031399721e-22 3.5257681842124157e-23
28 7 2.0896231479194125e-23 6.3222277636914905e-24
29 7 8.6710807006336504e-24 -2.1189988630431284e-26
30 7 5.6824258369998526e-26 6.1771939837595091e-25
31 7 9.3835489204494847e-26 5.9501560610354822e-26
32 7 7.1465266430118045e-26 2.9281922347221988e-26
33 7 1.1261170646210385e-26 -6.8260887535652484e-29
34 7 1.6624591705700387e-27 1.9056114701966730e-27
35 7 7.6166683274514914e-28 -1.2346302067924606e-28
36 7 1.8776417360217617e-28 9.5058614712462072e-29
37 7 3.5099552505477547e-28 5.2279949943019247e-28
38 7 1.9307821593230468e-27 -1.0013359677662877e-27
39 7 4.2314236949281514e-27 -8.1437419942582160e-27
40 7 -7.4632485601613229e-27 -9.7923243657534059e-27
41 7 2.5883448629895307e-25 -1.2197992814202530e-25
42 7 1.3298782246688592e-24 2.6298230787291147e-25
43 7 8.7746590005848482e-24 -3.7152751261793384e-25
44 7 3.0835918268405536e-23 -7.4767041643786430e-24
45 7 1.5959088625058636e-23 -2.3236659603196862e-23
46 7 5.2294174211718339e-22 2.9459589861694288e-22
47 7 1.6408238599531797e-21 5.4697382187592294e-22
48 7 7.2533963260953589e-21 -2.0502161108517352e-22
49 7 5.0030473370693881e-20 3.9208994287092581e-20
50 7 6.2101192792799082e-19 -2.4319281807021600e-20
51 7 1.1518966892895957e-18 -2.2915625215889296e-19
52 7 2.2969329572027075e-18 3.6151549286940911e-18
53 7 2.2173481940510825e-17 4.1830968685377068e-17
54 7 1.6445044161542696e-16 1.2626323720052635e-16
55 7 5.5958332913057836e-16 -9.7906075754928881e-17
56 7 2.0870376061305498e-15 5.4087219558791698e-16
57 7 -1.0113884541382340e-14 -6.7958820135372025e-15
58 7 2.7811062023421452e-14 8.9781998564703987e-14
59 7 9.3287123924598193e-13 5.2433777918059393e-13
60 7 1.4251120569209194e-12 4.8315457345846445e-13
61 7 1.4581885009238030e-11 -7.2393074188359800e-12
62 7 6.0083708930296168e-11 -9.0308763934884219e-11
63 7 1.7902776019898339e-10 1.7684653430583294e-10
64 7 9.4897028284198443e-10 -8.9752970698006559e-10
65 7 5.6450710989535319e-09 -2.0217889437221098e-09
66 7 2.9544182216684886e-08 1.6971696135144213e-08
67 7 1.4010669285995631e-07 -3.2497746104979691e-08
68 7 6.2112592006903072e-07 -4.5844708330494400e-08
69 7 2.6156349617408227e-06 -2.5752155136978956e-08
70 7 7.6881659686419194e-06 -1.6650152359181603e-06
71 7 1.8532291326725322e-05 2.7526763460699792e-06
0 8 2.4154986453617738e-05 -5.6016882999605736e-06
1 8 7.1128827988315295e-06 -1.1651020386831203e-06
2 8 1.2744148710781626e-06 -1.8755472277356026e-07
3 8 1.3059444735939446e-07 2.2229850374128061e-07
4 8 4.7296188129552699e-08 -2.1015983410671182e-08
5 8 3.1077557402690875e-08 -2.9455451336873979e-08
6 8 6.4439410827554249e-09 -1.0027084765057782e-09
7 8 3.4799002054295705e-09 -3.7088393347364903e-10
8 8 3.1690937794716827e-10 8.6530865628564440e-11
9 8 1.5282859671881873e-10 5.0425168410554925e-11
10 8 2.0666108591394130e-11 -1.0061508480785257e-11
11 8 7.6293548844948124e-12 2.8854568391025242e-12
12 8 1.2041900639581520e-12 -4.2664094050753927e-13
13 8 2.0927163776296630e-13 1.2480775350431057e-13
14 8 5.5130075216273544e-14 -4.4228613979009151e-14
15 8 8.6570478442410301e-16 3.9759100500726812e-15
16 8 2.3399870473716974e-15 2.8424904750528478e-16
17 8 3.1384480169516492e-16 5.3598544342841926e-16
18 8 1.4067632797411171e-16 3.8829055605567186e-17
19 8 3.2033003152581870e-17 -1.9485987362665880e-18
20 8 7.3425987411064638e-18 3.7982038424772645e-18
21 8 1.8087733180905915e-19 -1.0231374152909810e-18
22 8 2.1488385209080565e-19 1.6301267875483106e-21
23 8 5.1101172580387790e-21 -1.4886990103452936e-20
24 8 3.5455971895374040e-21 -2.5712779561976143e-21
25 8 1.5237519823851969e-21 -2.0475862485262807e-22
26 8 2.1460851516925257e-22 1.4934071871961608e-22
27 8 1.2161697530256644e-22 5.5338078294681280e-23
28 8 1.0457089057149757e-23 7.1486653758738841e-24
29 8 7.3060749197174519e-24 -4.7672193536973275e-25
30 8 -3.1074500003126395e-25 6.6690193413906635e-25
31 8 -7.1887135227885096e-27 7.1021373336246394e-26
32 8 2.2395546102519185e-26 3.5577726061964466e-26
33 8 6.4416928995237204e-27 1.4182711653783897e-27
34 8 7.6186060195292175e-28 1.4926858795998745e-27
35 8 4.4466363591570000e-28 -7.0110442460406162e-29
36 8 8.5263122379458430e-29 8.0765126201565292e-29
37 8 1.1898526223026463e-28 3.6877247925696155e-28
38 8 9.0202402203190884e-28 -6.6615987409742917e-28
39 8 3.1502217485221199e-28 -7.4242860609892826e-27
40 8 -1.2705723164291493e-26 6.2356521265587001e-27
41 8 1.7052032393998625e-25 -6.9028890660666229e-26
42 8 5.5938463924128146e-25 1.9860725052282368e-25
43 8 5.4976789482340895e-24 -1.3879174553199476e-24
44 8 1.8373906463631967e-23 -5.9215052548328127e-25
45 8 -2.5765098029852406e-23 -1.3893262854162910e-23
46 8 2.5494593277461395e-22 2.5381127974142892e-22
47 8 4.1175080371647699e-22 -1.9739766613230837e-22
48 8 1.1235690595232500e-21 1.2544892485105349e-21
49 8 -2.3623251786277951e-21 7.1248612871902787e-21
50 8 3.7885564247222087e-19 -7.3842273376945982e-20
51 8 6.7858934125367667e-19 -5.3010793242472639e-19
52 8 -9.5643417521791270e-19 1.0237192346439458e-18
53 8 6.9827908519279663e-18 2.7109593591277886e-17
54 8 9.1606238133638013e-17 6.8895458093156150e-17
55 8 2.7409246256773148e-16 6.8228155305907354e-17
56 8 8.6388538054903158e-16 1.5054252750665159e-16
57 8 -1.2430779490035583e-14 4.3346644612410250e-16
58 8 -1.3609790717476124e-14 4.1497652491723596e-14
59 8 4.6129239942206583e-13 1.7631273801709257e-13
60 8 -1.8260991066356836e-13 8.3498908019210156e-13
61 8 5.5126041215062239e-12 -5.2104790272794950e-12
62 8 2.4158093542529642e-11 -5.4900808517262520e-11
63 8 3.1444729152022943e-11 4.0792393646154766e-11
64 8 3.6675345788912127e-10 -4.2938452607735866e-10
65 8 1.6667481896701403e-09 -1.2114770209101956e-09
66 8 1.3304282508413296e-08 6.2159023443437832e-09
67 8 6.2226270755469113e-08 -2.0734263871786982e-08
68 8 2.2944754705752272e-07 4.6712120913566889e-08
69 8 8.8553179051603349e-07 -1.1971631547740303e-07
70 8 2.4231876184713621e-06 -6.5436447781208969e-07
71 8 5.3576592079818962e-06 2.2035189332910224e-06
0 9 6.2883408028714241e-06 -1.0200735432931980e-06
1 9 2.3519938521009009e-06 -6.4948071526780071e-07
2 9 4.4526311861213492e-07 1.8104013620197820e-08
3 9 2.4695975024886100e-08 9.3046590643517632e-08
4 9 9.5996140767866114e-09 -1.1965880709017375e-08
5 9 1.1709421810312679e-08 -1.0548080742060604e-08
6 9 3.3530848796358751e-09 1.5215172890717278e-10
7 9 1.4910711157187230e-09 -1.6595094372135667e-10
8 9 9.4703756445503119e-11 1.0609962466035329e-10
9 9 7.3459653949595392e-11 4.3571547412338103e-11
10 9 5.0422368362418408e-12 -7.5421332293671163e-12
11 9 3.1255016836634973e-12 2.3141627163053429e-12
12 9 6.1179355588720132e-13 3.2861240662631634e-15
13 9 6.3085010442349677e-14 9.8621439525669278e-14
14 9 2.5831777272501900e-14 -3.1440204964064638e-14
15 9 -1.3360277676632949e-15 3.6086350399783413e-15
16 9 1.2022371635404144e-15 3.4883400417491520e-16
17 9 -2.8046572212039433e-18 2.6212435054627347e-16
18 9 9.8874189675593540e-17 4.3884311818141893e-17
19 9 1.4207130983726253e-17 -4.5122355913519765e-18
20 9 3.8163459653507763e-18 2.7445379705927390e-18
21 9 -2.9252263341218111e-19 -8.5077038186985475e-19
22 9 9.9989703651136561e-20 3.1499874725272617e-20
23 9 1.1233562595248075e-21 -1.0550663331629049e-20
24 9 2.0948253503121234e-22 -6.2464242842105804e-22
25 9 1.7508432110486786e-21 3.3829157018426437e-22
26 9 3.9253926635921813e-23 1.6654116945147118e-22
27 9 5.9879632436299468e-23 7.2640945781380523e-23
28 9 3.1313949085864954e-24 8.6064075921399222e-24
29 9 5.5531546418438982e-24 -1.2421801943698106e-24
30 9 -4.1799595463226518e-25 5.0833105106671453e-25
31 9 -1.4350012710505420e-26 8.4961715977536034e-26
32 9 1.2415322010233978e-27 3.5513271082954084e-26
33 9 4.3027278099136336e-27 -6.6454731104938352e-28
34 9 3.8213076173447231e-28 1.1737644965169081e-27
35 9 2.0204071547138102e-28 -7.9667410752001079e-29
36 9 4.0938880305106817e-29 5.6903799590330545e-29
37 9 2.9596602050759937e-29 2.0101981996141541e-28
38 9 5.1020522964883558e-28 -2.4618359274608292e-28
39 9 -4.8333051761932524e-28 -5.2984690143989064e-27
40 9 -3.2662193338571740e-27 8.7442131916252600e-27
41 9 1.0477900960033203e-25 -5.1317422914798893e-26
42 9 1.3196175110061882e-25 1.3181615084531945e-25
43 9 3.6350130166579671e-24 -1.7241756104678720e-24
44 9 1.1819163874348170e-23 4.8849705074282809e-24
45 9 -3.0346582842512276e-23 2.8820083006952260e-24
46 9 1.0504671474951457e-22 2.5304337518008055e-22
47 9 2.0287724616329011e-22 -7.0213656974179810e-23
48 9 -2.3811972545640852e-22 1.2675142603134703e-21
49 9 -1.5142720821278169e-20 -1.0314252783717153e-20
50 9 2.3090541333926547e-19 -9.0276197477231999e-20
51 9 8.6726230387606060e-19 -4.3472498693022947e-19
52 9 -1.3791302142484194e-18 -5.7126371255423179e-19
53 9 2.8228769384517258e-18 1.4137061233700746e-17
54 9 5.7140328429555066e-17 2.1422389926469637e-17
55 9 1.6156545236915427e-16 1.2437418171538033e-16
56 9 2.1898813875268099e-16 -7.3443275261868361e-16
57 9 -9.2318979399363227e-15 5.5844277384702215e-16
58 9 -1.8498657134376878e-14 3.1739087206934704e-15
59 9 1.9436169253388257e-13 3.2650429715968757e-16
60 9 -6.1249527970660332e-13 6.4667492057107237e-13
61 9 3.0336936650824133e-12 -4.0107374654183527e-12
62 9 6.6789053220544078e-12 -3.0591791785163302e-11
63 9 -1.1452985400963949e-11 -2.0639725137129138e-11
64 9 2.0139061151198746e-10 -2.0571863041210129e-10
65 9 7.1851284283983488e-10 -6.8445303466170994e-10
66 9 5.1115187405781690e-09 1.7633602960890773e-09
67 9 2.1667747785492223e-08 -8.7583250279976640e-09
68 9 7.4402426920610375e-08 6.2935327836014262e-08
69 9 3.4268603060714216e-07 -2.7412633248083543e-08
70 9 7.7622952245951264e-07 -1.5893942695486996e-07
71 9 1.3233079792275409e-06 6.9760490419947139e-07
0 10 2.2236164675949609e-06 4.5424358939924376e-07
1 10 7.9177945502886910e-07 -3.3170762524739764e-07
2 10 2.0067224964886450e-07 1.2482034652546445e-08
3 10 2.3359171019227501e-09 2.4606281815852184e-08
4 10 1.9618439620320616e-09 -8.2642273175888129e-09
5 10 3.9175382938267221e-09 -1.5054716926231130e-09
6 10 1.6244326148479046e-09 -1.2870274183833202e-10
7 10 5.8638307751140507e-10 -3.2047153435329453e-11
8 10 3.4190035919852850e-11 1.0750831920252497e-10
9 10 3.2415338180635779e-11 2.1954451010098014e-11
10 10 1.8730127684804810e-12 -4.3597444984250929e-12
11 10 8.1356810040420157e-13 1.6493123705169995e-12
12 10 2.2509272397952452e-13 1.2960994489747246e-13
13 10 4.3248181343491588e-14 8.3408986352425705e-14
14 10 1.0418949277766973e-14 -2.6456599268839346e-14
15 10 -1.3253198607647679e-15 2.3348425590170137e-15
16 10 5.4457857324292043e-16 1.1393946506551084e-16
17 10 -1.0514059735229903e-16 1.6223084084336121e-16
18 10 7.9585437218143522e-17 5.7841841551375960e-17
19 10 5.2200125293850664e-18 -4.7353250456590518e-18
20 10 2.3453918280285044e-18 1.3565520770984008e-18
21 10 -4.4613643406212733e-19 -5.5599134905331167e-19
22 10 3.3185095031236820e-20 2.0188580722591440e-20
23 10 -1.3891860903487000e-21 -7.9548280583431492e-21
24 10 2.4428793358201164e-23 -4.6563438799573803e-22
25 10 1.5923356066790668e-21 7.3429555898398323e-22
26 10 -4.0864098669293253e-23 1.4619121367056224e-22
27 10 2.8321955296916650e-23 6.2217286322653416e-23
28 10 -2.7008952995372570e-24 6.3283701625055433e-24
29 10 3.2450656885505009e-24 -2.0381716187393112e-24
30 10 -2.5155178075630172e-25 3.1596191993625473e-25
31 10 1.5190489314837037e-26 7.0023098288075771e-26
32 10 1.8579716681365114e-27 2.7906734522020289e-26
33 10 3.4059787331134213e-27 -2.7032506272126866e-27
34 10 -8.3825931700178236e-29 9.6267799091357255e-28
35 10 4.4443201029550183e-29 -9.1406204218286903e-29
36 10 1.3543897020198353e-29 2.4008015788911569e-29
37 10 4.0672245094096787e-29 1.0282335678639476e-28
38 10 3.2552531068306351e-28 -1.4204451879836778e-29
39 10 -1.1498073916967821e-27 -2.2628250036323801e-27
40 10 -1.3052461087872867e-27 3.2351615054233624e-27
41 10 7.2709868390489333e-26 -3.9661781252800102e-27
42 10 7.5738669288216236e-28 1.8607261740253913e-25
43 10 2.4672484040715488e-24 -1.3830118577000446e-24
44 10 5.4276858531803190e-24 6.7728627129996746e-24
45 10 -2.0163081045571560e-23 1.0675814764288664e-23
46 10 7.6985988513062337e-23 2.5764768154018848e-22
47 10 -2.4036889799950799e-23 2.2347087836067203e-22
48 10 -2.2430860014057059e-21 1.7452722954338692e-21
49 10 -6.3928126611843049e-21 -1.0172718839947404e-20
50 10 1.0739406143266798e-19 -7.8286812849512155e-20
51 10 1.0705146514943765e-18 -3.2427828476677417e-19
52 10 -8.0587089653977070e-19 -7.4120473808534066e-19
53 10 1.7730898009299700e-19 6.1950255820485442e-18
54 10 6.3144583792681999e-17 2.8466988284906115e-18
55 10 3.8310705224897221e-17 1.0528153749935659e-16
56 10 -1.2657914536337436e-16 -7.2556562983670586e-16
57 10 -6.2543914108786088e-15 -1.0028153643536932e-15
58 10 -1.1800211375458364e-14 -1.0378472488547743e-14
59 10 5.2448448192108124e-14 -6.0878525198814691e-14
60 10 -3.8261740377380894e-13 3.2420009357044079e-13
61 10 2.0156993654967304e-12 -2.8911904039998142e-12
62 10 -3.0091554494716120e-12 -1.4362095833930088e-11
63 10 -1.1563061639957131e-11 -3.0683188986294603e-11
64 10 1.0419485274716100e-10 -6.0050210863772673e-11
65 10 2.5601427725347676e-10 -4.5887825636294808e-10
66 10 1.6088838572180470e-09 7.2855010855221556e-10
67 10 4.7900912909046574e-09 -3.4904340249690274e-09
68 10 1.9510085612630960e-08 4.3518233015661776e-08
69 10 1.2636368748294611e-07 1.0885917924884323e-08
70 10 2.6183175836936410e-07 -3.3972761024165740e-08
71 10 2.6141385351602312e-07 1.3575988044919799e-07
